100978 1000 4786 4713
550 0 96 3 96 0 96
67 0 66 3 162 96 162
94 0 70 4 232 162 232
267 0 48 2 280 232 280
309 0 99 2 379 280 379
504 521 90 3 611 0 90
208 3480 63 3 3543 0 63
674 4237 42 3 4279 0 42
339 5093 89 3 5182 0 89
729 5514 71 1 5585 0 71
417 6516 64 2 6580 0 64
694 6978 40 3 7018 0 40
392 7312 84 4 7396 0 84
653 7633 89 2 7722 0 89
628 7800 41 3 7841 0 41
988 8335 86 3 8421 0 86
771 8439 93 3 8532 0 93
901 8526 56 4 8589 7 63
356 8696 65 3 8761 0 65
281 8843 73 3 8916 0 73
449 9226 49 2 9275 0 49
102 9361 32 2 9393 0 32
374 10378 82 1 10460 0 82
683 11020 73 2 11093 0 73
35 11075 69 2 11163 19 88
72 11099 66 4 11230 65 131
201 11157 63 2 11293 73 136
220 11396 57 2 11453 0 57
231 11705 78 3 11783 0 78
473 11807 88 3 11895 0 88
526 12036 80 4 12116 0 80
345 12769 61 3 12830 0 61
681 13023 91 2 13114 0 91
788 13228 79 3 13307 0 79
258 14399 35 3 14434 0 35
762 14870 78 4 14948 0 78
215 14884 25 4 14974 65 90
959 14927 97 4 15071 47 144
578 15321 79 4 15400 0 79
2 15930 99 4 16029 0 99
36 15971 60 4 16090 59 119
394 15979 82 4 16172 111 193
650 15987 99 3 16271 185 284
993 16396 67 3 16463 0 67
115 16653 97 2 16750 0 97
86 17079 29 3 17108 0 29
699 17507 97 1 17604 0 97
110 17539 35 1 17640 66 101
466 17991 47 4 18038 0 47
245 18426 80 2 18506 0 80
308 18603 57 4 18660 0 57
937 18668 95 4 18763 0 95
457 18680 95 4 18859 84 179
717 18681 72 4 18931 178 250
986 18814 57 3 18989 118 175
489 18889 60 3 19049 100 160
638 18950 84 4 19134 100 184
46 19004 89 4 19223 130 219
496 19049 90 3 19313 174 264
431 19108 86 1 19400 206 292
856 19314 60 3 19460 86 146
874 19533 47 3 19580 0 47
70 19581 38 4 19619 0 38
467 19618 28 4 19648 2 30
639 19731 92 1 19823 0 92
8 19793 50 1 19874 31 81
718 20098 70 1 20168 0 70
714 20215 89 4 20304 0 89
116 20683 88 2 20771 0 88
814 20779 52 1 20831 0 52
904 21121 50 2 21171 0 50
922 21228 93 1 21321 0 93
355 21298 100 2 21422 24 124
506 21487 74 1 21561 0 74
53 21534 98 4 21660 28 126
849 21537 70 4 21730 123 193
680 21549 92 4 21822 181 273
497 21611 88 2 21911 212 300
514 21638 66 2 21977 273 339
626 21959 54 4 22032 19 73
23 21963 71 4 22103 69 140
235 22090 96 1 22200 14 110
109 22139 70 4 22271 62 132
847 22141 69 4 22340 130 199
216 22273 77 4 22418 68 145
770 22326 97 1 22515 92 189
815 22464 38 1 22554 52 90
657 22477 69 4 22623 77 146
927 22763 72 4 22835 0 72
744 22819 61 4 22897 17 78
488 23124 87 4 23211 0 87
266 23134 51 4 23263 78 129
649 23201 88 3 23351 62 150
181 23324 98 3 23450 28 126
77 23351 84 1 23534 99 183
475 23519 75 3 23610 16 91
831 23750 76 1 23826 0 76
553 23833 38 3 23871 0 38
239 23952 82 2 24034 0 82
188 24139 71 2 24210 0 71
389 24213 46 3 24259 0 46
709 24281 96 2 24377 0 96
765 24418 97 3 24515 0 97
118 24524 70 3 24594 0 70
196 24591 54 4 24649 4 58
600 24821 41 3 24862 0 41
171 24996 84 2 25080 0 84
463 25052 74 4 25155 29 103
427 25072 88 3 25243 83 171
433 25143 79 4 25323 101 180
934 25157 54 3 25377 166 220
448 25213 83 2 25460 164 247
113 25276 66 3 25527 185 251
793 25332 84 4 25611 195 279
941 25332 52 3 25663 279 331
387 25434 71 3 25734 229 300
703 25438 61 3 25795 296 357
944 25504 91 4 25887 292 383
154 25584 97 4 25984 303 400
398 25607 53 4 26037 377 430
579 25639 96 2 26133 398 494
989 25676 55 3 26188 457 512
193 25724 96 4 26284 464 560
269 25783 70 4 26354 501 571
176 25893 67 2 26422 462 529
359 25943 79 4 26501 479 558
652 26125 87 3 26588 376 463
529 26231 53 1 26641 357 410
10 26475 81 3 26723 167 248
776 26485 98 1 26821 238 336
114 26551 99 3 26920 270 369
354 26577 53 2 26973 343 396
468 26820 64 2 27038 154 218
854 26971 99 4 27137 67 166
625 27201 63 3 27264 0 63
62 27328 90 4 27418 0 90
186 27354 85 2 27504 65 150
857 27361 76 2 27580 143 219
191 27492 88 2 27669 89 177
500 27676 48 4 27724 0 48
840 27787 54 2 27841 0 54
667 27832 82 2 27924 10 92
122 27916 58 4 27983 9 67
923 27938 98 4 28082 46 144
253 27999 68 4 28151 84 152
716 28088 28 3 28180 64 92
754 28102 69 3 28249 78 147
163 28115 55 2 28304 134 189
460 28126 66 1 28370 178 244
888 28902 88 1 28990 0 88
664 28925 65 4 29056 66 131
552 28959 93 3 29149 97 190
233 29131 84 4 29234 19 103
248 29345 91 1 29436 0 91
406 29366 58 4 29495 71 129
997 29408 97 2 29592 87 184
881 29446 94 2 29687 147 241
603 29468 76 2 29763 219 295
9 29503 98 3 29861 260 358
432 29585 81 3 29942 276 357
422 29643 67 1 30010 300 367
145 29647 86 2 30096 363 449
370 29694 75 4 30171 402 477
808 29933 74 4 30245 238 312
851 30087 78 2 30324 159 237
865 30147 97 3 30421 177 274
926 30256 87 2 30509 166 253
811 30368 93 2 30602 141 234
884 30434 96 3 30699 169 265
415 30585 51 3 30750 114 165
632 30621 83 4 30834 130 213
282 30722 89 4 30923 112 201
217 30810 97 2 31021 114 211
476 30861 70 2 31091 160 230
795 31202 57 3 31259 0 57
97 31225 79 4 31339 35 114
999 31256 87 4 31426 83 170
940 31359 56 3 31483 68 124
929 31470 85 2 31569 14 99
249 31661 62 4 31723 0 62
894 31669 41 4 31765 55 96
726 31711 89 3 31854 54 143
242 31769 38 3 31893 86 124
238 31821 96 3 31989 72 168
48 31837 24 2 32013 152 176
132 31857 76 2 32090 157 233
170 31888 100 3 32190 202 302
106 32148 73 4 32264 43 116
137 32182 86 4 32350 82 168
212 32409 78 4 32487 0 78
315 32445 99 4 32587 43 142
700 32615 60 3 32675 0 60
55 32686 76 2 32762 0 76
777 32687 26 1 32789 76 102
461 32707 64 4 32853 82 146
16 32850 30 3 32884 4 34
204 32866 69 3 32954 19 88
724 32907 93 3 33048 48 141
798 32929 82 4 33130 119 201
376 33016 65 3 33196 115 180
408 33085 73 4 33269 111 184
164 33124 79 3 33348 145 224
719 33370 92 3 33462 0 92
240 33458 97 3 33560 5 102
234 33467 87 3 33648 94 181
574 33513 55 4 33703 135 190
99 33515 59 3 33762 188 247
452 33547 56 3 33818 215 271
337 33593 47 2 33866 226 273
177 33652 49 3 33915 214 263
123 33694 86 3 34001 221 307
830 33699 99 4 34100 302 401
665 33706 83 1 34183 394 477
693 33747 94 4 34277 436 530
331 33823 81 4 34359 455 536
858 33837 68 2 34427 522 590
61 33861 33 4 34460 566 599
372 33961 91 4 34551 499 590
620 34028 72 1 34623 523 595
531 34052 55 3 34678 571 626
982 34260 94 3 34772 418 512
698 34270 83 4 34855 502 585
619 34271 75 2 34930 584 659
642 34329 76 4 35007 602 678
424 34352 99 3 35106 655 754
416 34446 41 4 35147 660 701
423 34522 71 4 35218 625 696
819 34579 52 4 35270 639 691
595 34625 40 3 35310 645 685
502 34715 69 4 35379 595 664
380 34767 67 4 35446 612 679
47 34844 60 3 35506 602 662
587 34901 58 2 35564 605 663
878 34942 87 4 35652 623 710
144 34948 81 4 35733 704 785
987 34962 71 2 35804 771 842
336 34976 74 3 35878 828 902
655 35107 89 1 35967 771 860
277 35113 60 3 36027 854 914
713 35124 80 1 36107 903 983
499 35299 100 4 36207 808 908
530 35300 80 2 36287 907 987
82 35383 91 4 36378 904 995
945 35392 97 4 36475 986 1083
20 35444 50 4 36525 1031 1081
333 35449 73 4 36598 1076 1149
932 35566 77 3 36676 1033 1110
758 35803 69 2 36745 873 942
817 35826 48 3 36793 919 967
296 35971 98 3 36891 822 920
360 36019 91 3 36982 872 963
244 36066 42 3 37024 916 958
885 36080 64 4 37088 944 1008
412 36288 76 3 37164 800 876
573 36331 91 3 37255 833 924
824 36345 52 4 37307 910 962
863 36350 70 1 37377 957 1027
660 36385 93 4 37470 992 1085
28 36413 54 3 37524 1057 1111
883 36539 64 4 37588 985 1049
63 36626 53 3 37642 963 1016
862 36708 95 2 37737 934 1029
935 36733 36 4 37773 1004 1040
722 36755 91 4 37864 1018 1109
690 36776 58 1 37922 1088 1146
891 36815 68 3 37990 1107 1175
928 36901 81 4 38071 1089 1170
477 36962 93 2 38164 1109 1202
96 37058 82 3 38246 1106 1188
707 37103 80 3 38326 1143 1223
880 37138 51 4 38377 1188 1239
84 37151 98 4 38475 1226 1324
295 37205 74 3 38549 1270 1344
397 37252 56 3 38605 1297 1353
739 37255 88 3 38693 1350 1438
152 37266 45 3 38738 1427 1472
379 37305 81 4 38819 1433 1514
708 37323 67 2 38886 1496 1563
24 37391 83 4 38969 1495 1578
721 37452 55 3 39024 1517 1572
30 37526 97 3 39121 1498 1595
324 37531 87 4 39208 1590 1677
158 37568 53 3 39261 1640 1693
386 37582 66 2 39327 1679 1745
837 37595 30 4 39358 1733 1763
545 37605 94 4 39452 1753 1847
327 37683 65 3 39517 1769 1834
903 37684 80 2 39597 1833 1913
845 37713 78 4 39675 1884 1962
276 37737 84 4 39759 1938 2022
757 37762 56 2 39815 1997 2053
492 37768 30 3 39845 2047 2077
515 37794 60 4 39905 2051 2111
584 37874 68 3 39973 2031 2099
746 37992 79 4 40052 1981 2060
806 38032 94 4 40146 2020 2114
112 38041 68 4 40214 2105 2173
803 38135 60 1 40274 2079 2139
616 38247 72 4 40346 2027 2099
481 38562 84 4 40430 1784 1868
174 38569 79 2 40509 1861 1940
111 38588 63 4 40572 1921 1984
378 38613 67 3 40639 1959 2026
978 38630 54 3 40693 2009 2063
505 38649 44 3 40737 2044 2088
429 38716 88 3 40825 2021 2109
827 38810 41 3 40866 2015 2056
60 38821 100 4 40966 2045 2145
402 38856 99 2 41065 2110 2209
280 39064 91 4 41156 2001 2092
686 39085 80 4 41236 2071 2151
594 39086 35 4 41271 2150 2185
366 39170 46 4 41317 2101 2147
828 39236 74 3 41391 2081 2155
801 39366 99 3 41491 2026 2125
131 39409 76 2 41567 2082 2158
401 39466 52 4 41619 2101 2153
124 39507 77 3 41696 2112 2189
789 39525 70 4 41766 2171 2241
565 39599 70 4 41836 2167 2237
484 39623 61 2 41897 2213 2274
101 39633 84 4 41981 2264 2348
207 39691 94 1 42075 2290 2384
161 39734 44 3 42119 2341 2385
567 39786 92 3 42211 2333 2425
18 39898 55 4 42266 2313 2368
5 39967 69 4 42335 2299 2368
829 40008 55 3 42390 2327 2382
513 40044 77 4 42467 2346 2423
580 40110 77 1 42544 2357 2434
56 40180 92 3 42636 2364 2456
39 40253 36 4 42672 2383 2419
160 40270 26 3 42698 2402 2428
902 40395 65 4 42763 2303 2368
992 40414 84 4 42847 2349 2433
648 40469 89 4 42936 2378 2467
886 40523 45 2 42981 2413 2458
848 40568 91 3 43072 2413 2504
589 40584 99 2 43171 2488 2587
570 40624 51 4 43222 2547 2598
802 40722 47 4 43269 2500 2547
338 40776 91 4 43360 2493 2584
263 40786 80 3 43440 2574 2654
509 40841 46 2 43486 2599 2645
971 40865 86 3 43572 2621 2707
49 40873 77 4 43649 2699 2776
90 41012 74 4 43723 2637 2711
286 41057 53 1 43776 2666 2719
182 41067 52 4 43828 2709 2761
150 41206 59 4 43887 2622 2681
469 41286 81 2 43968 2601 2682
435 41309 62 3 44030 2659 2721
915 41373 94 3 44124 2657 2751
135 41507 49 3 44174 2618 2667
455 41542 75 3 44249 2632 2707
65 41598 38 1 44287 2651 2689
340 41618 98 2 44385 2669 2767
141 41665 93 4 44478 2720 2813
85 41718 76 4 44554 2760 2836
895 41788 84 3 44638 2766 2850
318 41791 38 4 44676 2847 2885
725 41820 62 2 44738 2856 2918
918 41826 58 1 44796 2912 2970
759 42021 67 3 44863 2775 2842
321 42096 69 2 44932 2767 2836
189 42117 49 2 44981 2815 2864
383 42135 47 4 45028 2846 2893
246 42208 66 4 45094 2820 2886
185 42211 86 4 45180 2883 2969
93 42237 44 3 45224 2943 2987
954 42252 54 3 45278 2972 3026
688 42286 55 2 45333 2992 3047
464 42359 90 3 45423 2974 3064
213 42424 90 4 45513 2999 3089
313 42523 81 4 45594 2990 3071
210 42555 47 3 45641 3039 3086
641 42586 76 4 45717 3055 3131
520 42617 43 2 45760 3100 3143
635 42630 65 1 45825 3130 3195
647 42730 55 2 45880 3095 3150
471 42789 83 2 45963 3091 3174
403 42868 48 4 46011 3095 3143
419 42908 95 2 46106 3103 3198
153 42917 97 3 46203 3189 3286
483 43035 78 3 46281 3168 3246
791 43257 55 4 46336 3024 3079
352 43266 95 3 46431 3070 3165
735 43356 81 1 46512 3075 3156
319 43396 68 4 46580 3116 3184
522 43425 99 1 46679 3155 3254
430 43445 74 3 46753 3234 3308
748 43445 89 4 46842 3308 3397
288 43446 74 1 46916 3396 3470
955 43476 70 3 46986 3440 3510
411 43585 97 3 47083 3401 3498
909 43589 68 2 47151 3494 3562
671 43879 34 4 47185 3272 3306
621 43928 48 4 47233 3257 3305
661 43990 55 2 47288 3243 3298
946 44172 53 3 47342 3117 3170
396 44203 68 4 47410 3139 3207
120 44224 68 4 47478 3186 3254
785 44233 75 3 47553 3245 3320
869 44453 78 4 47631 3100 3178
279 44560 32 4 47663 3071 3103
127 44636 81 2 47744 3027 3108
12 44674 63 4 47807 3070 3133
805 44688 81 4 47888 3119 3200
33 44715 98 4 47986 3173 3271
838 44729 79 3 48065 3257 3336
420 44752 67 2 48132 3313 3380
912 44850 80 4 48212 3282 3362
990 44894 83 3 48295 3318 3401
490 44907 97 3 48392 3388 3485
250 44969 97 1 48489 3423 3520
87 45003 85 4 48574 3486 3571
361 45029 41 4 48615 3545 3586
767 45032 98 2 48713 3583 3681
753 45050 59 3 48772 3663 3722
426 45070 36 1 48808 3702 3738
781 45194 71 4 48879 3614 3685
790 45203 91 1 48970 3676 3767
243 45249 99 4 49069 3721 3820
368 45348 66 4 49135 3721 3787
910 45430 72 3 49207 3705 3777
809 45551 38 4 49245 3656 3694
855 45567 52 4 49297 3678 3730
289 45592 80 2 49377 3705 3785
29 45623 64 2 49441 3754 3818
749 45698 86 4 49527 3743 3829
149 45701 69 3 49596 3826 3895
967 45759 83 3 49679 3837 3920
264 45768 84 2 49763 3911 3995
291 45807 75 2 49838 3956 4031
347 45833 66 2 49904 4005 4071
523 45850 60 3 49964 4054 4114
495 45904 100 3 50064 4060 4160
391 45955 63 3 50127 4109 4172
241 46015 58 3 50185 4112 4170
977 46134 89 3 50274 4051 4140
780 46291 78 1 50352 3983 4061
287 46450 91 1 50443 3902 3993
728 46586 97 2 50540 3857 3954
159 46643 90 2 50630 3897 3987
637 46720 44 3 50674 3910 3954
608 46745 74 2 50748 3929 4003
622 46868 74 4 50822 3880 3954
796 46874 75 1 50897 3948 4023
730 46972 90 4 50987 3925 4015
872 47015 42 4 51029 3972 4014
741 47101 77 3 51106 3928 4005
763 47103 42 3 51148 4003 4045
375 47147 45 4 51193 4001 4046
624 47191 75 3 51268 4002 4077
108 47197 93 1 51361 4071 4164
121 47216 76 3 51437 4145 4221
823 47223 60 3 51497 4214 4274
969 47233 82 2 51579 4264 4346
676 47234 76 4 51655 4345 4421
410 47254 94 3 51749 4401 4495
792 47316 72 2 51822 4434 4506
908 47336 91 4 51913 4486 4577
913 47380 79 3 51992 4533 4612
437 47381 72 4 52064 4611 4683
283 47424 70 2 52134 4640 4710
890 47427 82 1 52216 4707 4789
107 47574 78 4 52294 4642 4720
670 47746 35 4 52329 4548 4583
302 47780 62 4 52391 4549 4611
400 47869 63 4 52454 4522 4585
702 47925 61 4 52515 4529 4590
297 48044 57 3 52572 4471 4528
960 48058 63 4 52635 4514 4577
623 48097 49 3 52684 4538 4587
843 48120 92 3 52776 4564 4656
214 48133 91 2 52867 4643 4734
351 48169 79 4 52946 4698 4777
32 48526 61 3 53007 4420 4481
51 48613 83 2 53090 4394 4477
501 48742 75 3 53165 4348 4423
807 48747 74 2 53239 4418 4492
92 48749 88 3 53327 4490 4578
298 48822 91 2 53418 4505 4596
979 48828 67 4 53485 4590 4657
382 48833 88 4 53573 4652 4740
451 48881 88 1 53661 4692 4780
83 48899 95 4 53756 4762 4857
301 48966 47 3 53803 4790 4837
602 48976 98 2 53901 4827 4925
911 49067 68 4 53969 4834 4902
325 49077 65 3 54034 4892 4957
399 49097 88 4 54122 4937 5025
312 49204 89 4 54211 4918 5007
601 49206 60 3 54271 5005 5065
527 49339 40 4 54311 4932 4972
618 49402 62 1 54373 4909 4971
15 49410 47 2 54420 4963 5010
442 49424 95 3 54515 4996 5091
256 49428 44 3 54559 5087 5131
441 49448 85 3 54644 5111 5196
21 49451 95 2 54739 5193 5288
685 49551 88 3 54827 5188 5276
704 49564 45 2 54872 5263 5308
299 49598 40 1 54912 5274 5314
549 49700 69 4 54981 5212 5281
546 49711 98 2 55079 5270 5368
439 49861 92 4 55171 5218 5310
598 49924 73 2 55244 5247 5320
223 49939 98 4 55342 5305 5403
539 50064 56 2 55398 5278 5334
306 50118 88 2 55486 5280 5368
536 50143 99 1 55585 5343 5442
761 50169 59 3 55644 5416 5475
590 50180 53 3 55697 5464 5517
610 50202 79 4 55776 5495 5574
631 50214 69 3 55845 5562 5631
88 50226 98 3 55943 5619 5717
679 50247 50 4 55993 5696 5746
995 50271 69 4 56062 5722 5791
752 50317 89 4 56151 5745 5834
799 50387 86 4 56237 5764 5850
139 50426 96 3 56333 5811 5907
867 50440 75 2 56408 5893 5968
533 50534 95 3 56503 5874 5969
353 50576 78 1 56581 5927 6005
839 50578 83 2 56664 6003 6086
738 50619 97 1 56761 6045 6142
697 50944 100 3 56861 5817 5917
591 50960 95 4 56956 5901 5996
491 51004 74 4 57030 5952 6026
583 51026 83 3 57113 6004 6087
588 51041 96 4 57209 6072 6168
275 51060 46 2 57255 6149 6195
566 51088 83 3 57338 6167 6250
194 51088 64 2 57402 6250 6314
876 51094 40 2 57442 6308 6348
975 51202 85 4 57527 6240 6325
487 51217 98 1 57625 6310 6408
27 51220 66 2 57691 6405 6471
507 51247 75 4 57766 6444 6519
166 51263 57 3 57823 6503 6560
1 51441 94 4 57917 6382 6476
228 51602 73 2 57990 6315 6388
835 51610 87 4 58077 6380 6467
743 51613 68 4 58145 6464 6532
390 51649 37 3 58182 6496 6533
221 51655 57 3 58239 6527 6584
537 51769 75 4 58315 6471 6546
178 51828 72 3 58387 6487 6559
187 51938 56 3 58443 6449 6505
510 51993 82 2 58525 6450 6532
696 52007 74 3 58599 6518 6592
921 52038 52 4 58651 6561 6613
503 52078 85 4 58736 6573 6658
75 52087 69 4 58805 6649 6718
133 52210 83 2 58888 6595 6678
782 52415 84 3 58972 6473 6557
540 52432 43 4 59015 6540 6583
800 52481 81 4 59096 6534 6615
980 52567 100 3 59196 6529 6629
198 52597 73 3 59269 6599 6672
675 52709 84 3 59353 6560 6644
585 52961 82 4 59435 6392 6474
764 52972 96 3 59531 6463 6559
794 52975 95 4 59626 6556 6651
768 52979 78 4 59704 6647 6725
860 52990 67 2 59771 6714 6781
184 53175 84 3 59855 6596 6680
896 53186 83 2 59938 6669 6752
310 53222 64 3 60002 6716 6780
511 53245 54 1 60056 6757 6811
571 53343 73 4 60129 6713 6786
284 53347 58 4 60187 6782 6840
367 53363 80 2 60267 6824 6904
755 53376 73 3 60340 6891 6964
853 53437 66 2 60406 6903 6969
142 53456 56 2 60462 6950 7006
731 53458 89 4 60551 7004 7093
1000 53459 89 3 60640 7092 7181
612 53484 96 2 60736 7156 7252
384 53547 24 4 60760 7189 7213
786 53598 75 3 60835 7162 7237
524 53671 85 1 60920 7164 7249
6 53790 62 3 60982 7130 7192
669 53810 89 4 61071 7172 7261
418 53813 87 3 61158 7258 7345
662 53904 81 4 61239 7254 7335
480 53934 71 1 61310 7305 7376
924 53955 45 3 61355 7355 7400
454 54085 89 2 61444 7270 7359
41 54146 45 4 61489 7298 7343
17 54173 88 2 61577 7316 7404
994 54198 98 4 61675 7379 7477
820 54228 76 2 61751 7447 7523
871 54268 95 1 61846 7483 7578
156 54426 92 4 61938 7420 7512
842 54441 79 3 62017 7497 7576
898 54530 51 3 62068 7487 7538
190 54541 37 4 62105 7527 7564
734 54542 71 4 62176 7563 7634
983 54542 91 4 62267 7634 7725
91 54550 35 4 62302 7717 7752
850 54563 47 3 62349 7739 7786
727 54638 68 3 62417 7711 7779
933 54750 96 2 62513 7667 7763
965 54776 67 3 62580 7737 7804
821 54945 48 1 62628 7635 7683
200 55101 94 2 62722 7527 7621
236 55132 99 4 62821 7590 7689
257 55140 62 3 62883 7681 7743
58 55156 78 4 62961 7727 7805
334 55281 62 2 63023 7680 7742
311 55282 68 4 63091 7741 7809
7 55317 29 2 63120 7774 7803
227 55352 43 3 63163 7768 7811
593 55383 82 3 63245 7780 7862
395 55423 94 3 63339 7822 7916
962 55444 96 4 63435 7895 7991
541 55458 83 3 63518 7977 8060
605 55461 66 4 63584 8057 8123
512 55477 53 3 63637 8107 8160
173 55486 79 2 63716 8151 8230
887 55534 78 3 63794 8182 8260
465 55541 92 4 63886 8253 8345
832 55546 29 3 63915 8340 8369
737 55633 53 4 63968 8282 8335
130 55678 75 3 64043 8290 8365
300 55721 62 4 64105 8322 8384
557 55798 96 3 64201 8307 8403
783 55802 60 2 64261 8399 8459
254 55923 38 4 64299 8338 8376
104 55962 86 4 64385 8337 8423
611 56020 41 4 64426 8365 8406
268 56198 73 3 64499 8228 8301
736 56341 94 2 64593 8158 8252
689 56499 63 2 64656 8094 8157
672 56538 86 3 64742 8118 8204
485 56674 82 4 64824 8068 8150
659 56743 49 4 64873 8081 8130
644 56759 74 1 64947 8114 8188
38 56802 80 4 65027 8145 8225
179 56825 73 2 65100 8202 8275
607 56906 97 2 65197 8194 8291
534 56912 54 4 65251 8285 8339
136 56933 81 4 65332 8318 8399
180 56941 67 3 65399 8391 8458
568 56943 49 3 65448 8456 8505
936 56949 27 3 65475 8499 8526
474 57016 68 4 65543 8459 8527
905 57063 82 3 65625 8480 8562
203 57137 83 3 65708 8488 8571
711 57140 86 3 65794 8568 8654
917 57290 64 1 65858 8504 8568
852 57316 82 3 65940 8542 8624
668 57485 53 3 65993 8455 8508
155 57707 87 4 66080 8286 8373
66 57717 44 4 66124 8363 8407
868 57842 70 4 66194 8282 8352
925 57843 56 4 66250 8351 8407
521 57889 69 4 66319 8361 8430
459 57936 35 4 66354 8383 8418
343 57940 94 2 66448 8414 8508
19 57958 65 4 66513 8490 8555
532 58050 81 4 66594 8463 8544
658 58141 76 4 66670 8453 8529
951 58235 72 4 66742 8435 8507
45 58245 27 4 66770 8498 8525
237 58293 84 4 66854 8477 8561
773 58296 86 3 66940 8558 8644
961 58327 57 2 66997 8613 8670
146 58332 65 3 67062 8665 8730
57 58523 63 3 67125 8539 8602
42 58551 97 4 67222 8574 8671
636 58552 65 3 67287 8670 8735
428 58640 70 3 67357 8647 8717
673 58666 85 4 67442 8691 8776
64 58781 78 4 67520 8661 8739
604 58843 90 3 67610 8677 8767
599 58948 96 1 67706 8662 8758
13 59102 51 2 67757 8604 8655
425 59104 37 3 67794 8653 8690
834 59135 83 3 67877 8659 8742
870 59142 67 4 67944 8735 8802
103 59198 68 2 68012 8746 8814
140 59430 75 4 68087 8582 8657
54 59437 53 1 68140 8650 8703
543 59464 97 1 68237 8676 8773
875 59489 82 2 68319 8748 8830
774 59527 81 4 68400 8792 8873
219 59802 91 1 68491 8598 8689
285 59839 49 4 68540 8652 8701
209 59845 93 2 68633 8695 8788
974 59954 36 4 68669 8679 8715
328 59988 56 2 68725 8681 8737
404 60027 43 2 68768 8698 8741
371 60048 54 4 68822 8720 8774
78 60048 86 4 68908 8774 8860
812 60088 77 3 68985 8820 8897
893 60098 74 4 69059 8887 8961
229 60202 97 3 69156 8857 8954
436 60357 41 4 69197 8799 8840
547 60454 41 3 69238 8743 8784
125 60481 39 3 69277 8757 8796
576 60489 91 4 69368 8788 8879
151 60529 90 4 69458 8839 8929
882 60549 98 3 69556 8909 9007
592 60574 93 4 69649 8982 9075
98 60800 100 4 69749 8849 8949
293 60905 54 2 69803 8844 8898
377 60975 96 2 69899 8828 8924
34 60996 66 3 69965 8903 8969
385 61069 69 2 70034 8896 8965
68 61161 91 2 70125 8873 8964
914 61251 59 4 70184 8874 8933
682 61308 88 2 70272 8876 8964
633 61402 68 4 70340 8870 8938
278 61499 91 2 70431 8841 8932
687 61554 60 1 70491 8877 8937
446 61608 48 2 70539 8883 8931
14 61661 96 4 70635 8878 8974
95 61719 98 3 70733 8916 9014
822 61768 43 4 70776 8965 9008
569 61832 67 2 70843 8944 9011
810 61837 84 2 70927 9006 9090
973 61893 99 3 71026 9034 9133
50 61903 67 1 71093 9123 9190
3 61906 70 1 71163 9187 9257
329 61926 60 3 71223 9237 9297
555 61926 99 4 71322 9297 9396
678 62008 79 4 71401 9314 9393
907 62037 90 1 71491 9364 9454
560 62049 53 3 71544 9442 9495
322 62230 41 2 71585 9314 9355
606 62293 41 3 71626 9292 9333
953 62471 85 3 71711 9155 9240
11 62480 78 4 71789 9231 9309
362 62531 95 3 71884 9258 9353
859 62565 62 4 71946 9319 9381
342 62614 82 4 72028 9332 9414
517 62659 93 4 72121 9369 9462
486 62662 75 3 72196 9459 9534
572 62755 71 2 72267 9441 9512
470 62773 44 1 72311 9494 9538
25 62774 84 4 72395 9537 9621
117 62833 65 4 72460 9562 9627
447 63032 59 3 72519 9428 9487
335 63051 86 4 72605 9468 9554
332 63082 55 4 72660 9523 9578
991 63109 82 4 72742 9551 9633
222 63169 91 2 72833 9573 9664
444 63294 87 4 72920 9539 9626
666 63409 85 3 73005 9511 9596
772 63413 98 3 73103 9592 9690
37 63413 55 4 73158 9690 9745
787 63422 99 4 73257 9736 9835
575 63431 77 4 73334 9826 9903
211 63472 90 4 73424 9862 9952
970 63512 88 4 73512 9912 10000
206 63543 89 4 73601 9969 10058
26 63559 79 3 73680 10042 10121
438 63585 41 4 73721 10095 10136
443 63590 62 1 73783 10131 10193
556 63609 55 1 73838 10174 10229
554 63643 69 3 73907 10195 10264
388 63677 67 3 73974 10230 10297
651 63935 79 1 74053 10039 10118
138 63973 36 4 74089 10080 10116
919 64051 98 2 74187 10038 10136
59 64071 74 4 74261 10116 10190
143 64127 79 3 74340 10134 10213
775 64135 30 3 74370 10205 10235
183 64238 62 1 74432 10132 10194
968 64287 48 3 74480 10145 10193
80 64313 76 2 74556 10167 10243
162 64368 51 3 74607 10188 10239
314 64424 79 4 74686 10183 10262
128 64521 58 4 74744 10165 10223
615 64549 55 3 74799 10195 10250
630 64595 58 4 74857 10204 10262
958 64603 98 3 74955 10254 10352
564 64621 41 4 74996 10334 10375
906 64677 51 4 75047 10319 10370
846 64689 90 2 75137 10358 10448
393 64767 69 3 75206 10370 10439
320 64832 100 3 75306 10374 10474
695 64847 60 4 75366 10459 10519
656 64947 78 3 75444 10419 10497
294 64960 81 4 75525 10484 10565
172 64967 64 2 75589 10558 10622
943 65116 54 3 75643 10473 10527
292 65180 59 1 75702 10463 10522
307 65277 41 2 75743 10425 10466
750 65316 98 4 75841 10427 10525
218 65331 63 3 75904 10510 10573
405 65331 57 2 75961 10573 10630
756 65336 94 4 76055 10625 10719
841 65369 65 4 76120 10686 10751
779 65517 33 2 76153 10603 10636
31 65565 53 3 76206 10588 10641
613 65577 60 2 76266 10629 10689
825 65690 53 4 76319 10576 10629
316 65798 74 2 76393 10521 10595
720 65848 96 4 76489 10545 10641
168 65875 83 2 76572 10614 10697
147 65880 64 2 76636 10692 10756
22 66001 98 4 76734 10635 10733
528 66013 92 3 76826 10721 10813
751 66201 79 4 76905 10625 10704
629 66225 96 1 77001 10680 10776
705 66360 79 4 77080 10641 10720
341 66506 98 2 77178 10574 10672
614 66522 60 3 77238 10656 10716
350 66677 95 2 77333 10561 10656
89 66802 43 2 77377 10532 10575
74 66832 39 2 77416 10545 10584
525 66875 54 4 77470 10541 10595
251 66898 97 3 77567 10572 10669
677 66917 85 4 77652 10650 10735
957 66929 40 2 77692 10723 10763
462 66969 80 4 77772 10723 10803
265 67024 83 3 77855 10748 10831
836 67064 60 4 77915 10791 10851
981 67091 43 4 77958 10824 10867
458 67154 47 4 78005 10804 10851
715 67206 76 3 78081 10799 10875
998 67234 92 4 78173 10847 10939
582 67664 46 2 78219 10509 10555
52 67790 81 2 78300 10429 10510
972 67953 78 4 78378 10347 10425
271 67973 96 3 78474 10405 10501
440 68231 65 4 78539 10243 10308
760 68424 66 3 78605 10115 10181
897 68599 72 2 78677 10006 10078
323 68649 83 3 78760 10028 10111
996 68714 92 2 78852 10046 10138
493 68764 83 4 78935 10088 10171
273 68820 66 4 79001 10115 10181
769 68870 95 3 79096 10131 10226
409 68889 80 4 79176 10207 10287
303 68946 66 2 79242 10230 10296
421 68948 80 3 79322 10294 10374
732 69283 72 3 79394 10039 10111
305 69294 42 4 79436 10100 10142
252 69448 75 3 79511 9988 10063
44 69593 51 4 79562 9918 9969
643 69611 75 4 79637 9951 10026
232 69870 84 1 79721 9767 9851
100 69893 89 3 79810 9828 9917
205 69936 62 3 79872 9874 9936
544 69955 38 2 79910 9917 9955
938 70052 69 4 79979 9858 9927
126 70098 50 3 80029 9881 9931
833 70110 74 3 80103 9919 9993
645 70129 38 4 80141 9974 10012
43 70171 84 2 80225 9970 10054
519 70185 91 4 80316 10040 10131
169 70202 88 2 80404 10114 10202
966 70485 47 4 80451 9919 9966
129 70569 99 2 80550 9882 9981
344 70663 30 3 80580 9887 9917
363 70693 98 3 80678 9887 9985
939 70744 71 4 80749 9934 10005
445 70920 69 3 80818 9829 9898
304 71003 87 2 80905 9815 9902
255 71010 97 4 81002 9895 9992
577 71186 67 4 81069 9816 9883
892 71226 37 3 81106 9843 9880
952 71378 82 2 81188 9728 9810
259 71389 82 4 81270 9799 9881
561 71470 70 4 81340 9800 9870
516 71546 93 4 81433 9794 9887
538 72105 67 3 81500 9328 9395
740 72415 41 4 81541 9085 9126
148 72452 77 3 81618 9089 9166
369 72633 58 3 81676 8985 9043
349 72859 66 3 81742 8817 8883
224 72872 67 3 81809 8870 8937
326 72906 64 3 81873 8903 8967
414 72957 58 1 81931 8916 8974
747 73098 80 4 82011 8833 8913
948 73187 99 3 82110 8824 8923
69 73326 49 4 82159 8784 8833
518 73388 97 4 82256 8771 8868
358 73426 90 4 82346 8830 8920
930 73433 74 2 82420 8913 8987
559 73441 83 3 82503 8979 9062
197 73520 69 4 82572 8983 9052
949 73695 97 4 82669 8877 8974
797 73713 43 2 82712 8956 8999
784 73714 91 2 82803 8998 9089
551 73723 90 4 82893 9080 9170
627 74095 59 1 82952 8798 8857
535 74195 98 2 83050 8757 8855
548 74247 82 4 83132 8803 8885
365 74302 68 3 83200 8830 8898
247 74371 77 4 83277 8829 8906
866 74374 100 2 83377 8903 9003
479 74398 70 3 83447 8979 9049
916 74548 57 1 83504 8899 8956
262 74592 50 4 83554 8912 8962
482 74616 93 3 83647 8938 9031
81 74683 79 3 83726 8964 9043
942 74689 97 4 83823 9037 9134
105 74800 71 1 83894 9023 9094
373 74884 91 3 83985 9010 9101
453 74943 87 4 84072 9042 9129
640 74980 42 4 84114 9092 9134
646 74982 98 4 84212 9132 9230
225 74990 90 4 84302 9222 9312
119 74998 83 4 84385 9304 9387
175 75140 83 3 84468 9245 9328
134 75527 96 4 84564 8941 9037
634 75704 29 4 84593 8860 8889
617 75810 63 2 84656 8783 8846
712 76223 37 2 84693 8433 8470
364 76238 74 1 84767 8455 8529
947 76369 61 4 84828 8398 8459
864 76591 98 4 84926 8237 8335
742 76601 93 4 85019 8325 8418
706 76613 95 2 85114 8406 8501
984 76693 93 2 85207 8421 8514
456 76809 74 4 85281 8398 8472
192 76972 84 3 85365 8309 8393
889 77086 77 2 85442 8279 8356
873 77139 91 2 85533 8303 8394
931 77244 98 4 85631 8289 8387
733 77529 71 2 85703 8103 8174
900 77535 90 4 85793 8168 8258
581 77589 89 4 85882 8204 8293
745 77626 54 2 85936 8256 8310
818 77973 87 3 86023 7963 8050
261 78002 91 3 86114 8021 8112
274 78056 87 2 86201 8058 8145
357 78667 95 4 86296 7534 7629
230 78854 64 4 86360 7442 7506
723 78999 92 3 86452 7361 7453
542 79104 58 2 86510 7348 7406
472 79303 80 3 86590 7207 7287
920 79397 86 3 86676 7193 7279
813 79456 93 4 86769 7220 7313
976 79747 38 4 86807 7022 7060
766 79955 74 1 86881 6852 6926
317 79956 56 4 86937 6925 6981
691 80007 63 4 87000 6930 6993
861 80140 83 3 87083 6860 6943
844 80200 69 1 87152 6883 6952
684 80540 82 3 87234 6612 6694
381 80577 36 4 87270 6657 6693
330 80675 86 4 87356 6595 6681
654 80917 69 4 87425 6439 6508
701 81225 90 4 87515 6200 6290
40 82048 88 4 87603 5467 5555
272 82283 86 3 87689 5320 5406
826 82372 54 4 87743 5317 5371
413 82569 93 3 87836 5174 5267
562 82731 97 3 87933 5105 5202
597 82816 83 4 88016 5117 5200
816 83181 91 4 88107 4835 4926
450 83312 94 3 88201 4795 4889
79 83422 59 4 88260 4779 4838
434 83504 93 2 88353 4756 4849
167 83713 84 4 88437 4640 4724
586 84187 32 4 88469 4250 4282
710 84439 51 2 88520 4030 4081
226 85345 77 2 88597 3175 3252
692 85627 70 1 88667 2970 3040
73 86259 81 4 88749 2409 2490
956 86260 98 3 88847 2489 2587
877 86700 70 3 88917 2147 2217
346 86969 46 4 88963 1948 1994
4 87892 61 2 89024 1071 1132
76 88212 41 4 89065 812 853
165 88969 78 4 89144 97 175
71 90311 66 2 90377 0 66
964 90769 68 2 90837 0 68
950 91078 42 3 91120 0 42
879 92216 80 3 92296 0 80
963 92946 63 1 93009 0 63
985 93096 77 3 93173 0 77
270 93202 51 4 93253 0 51
508 94221 90 4 94311 0 90
498 95707 65 3 95772 0 65
260 96309 99 4 96408 0 99
609 96777 49 3 96826 0 49
596 97702 88 4 97790 0 88
494 99539 62 4 99601 0 62
663 100000 55 4 100055 0 55
558 100000 78 3 100133 55 133
202 100000 36 2 100169 133 169
195 100000 54 4 100223 169 223
290 100000 62 1 100285 223 285
804 100000 58 4 100343 285 343
157 100000 98 4 100441 343 441
478 100000 94 4 100535 441 535
407 100000 78 4 100613 535 613
348 100000 95 4 100708 613 708
199 100000 78 3 100786 708 786
563 100000 68 4 100854 786 854
778 100000 41 3 100895 854 895
899 100000 83 1 100978 895 978
