100318 1000 5553 5481
646 0 71 4 71 0 71
174 0 95 2 166 71 166
680 0 61 2 227 166 227
234 0 76 4 303 227 303
713 0 85 2 388 303 388
905 0 82 4 470 388 470
565 0 71 2 541 470 541
434 1230 93 1 1323 0 93
730 1637 63 1 1700 0 63
359 2479 82 3 2561 0 82
372 4906 98 4 5004 0 98
923 4954 75 2 5080 51 126
270 6128 80 1 6208 0 80
527 6531 100 4 6631 0 100
413 7151 91 4 7242 0 91
327 7715 40 4 7755 0 40
341 7927 94 4 8021 0 94
654 8044 79 3 8123 0 79
661 8050 52 4 8176 74 126
101 9080 87 3 9167 0 87
647 9219 69 3 9288 0 69
537 9884 85 3 9969 0 85
102 9927 81 4 10051 43 124
246 10040 72 3 10124 12 84
548 11267 84 1 11351 0 84
891 11335 60 4 11412 17 77
669 12177 94 4 12271 0 94
338 12851 94 3 12945 0 94
655 12913 94 2 13040 33 127
206 13028 72 4 13113 13 85
990 13295 80 4 13375 0 80
553 13496 78 1 13574 0 78
741 13704 99 3 13803 0 99
758 13726 81 1 13885 78 159
888 13727 100 2 13985 158 258
545 13972 79 2 14065 14 93
334 14196 61 3 14257 0 61
247 14198 54 3 14312 60 114
126 14295 91 1 14404 18 109
58 14323 43 4 14448 82 125
124 15167 78 1 15245 0 78
146 15668 65 2 15733 0 65
642 15902 54 3 15956 0 54
88 16131 70 4 16201 0 70
84 16514 76 4 16590 0 76
759 16571 84 2 16675 20 104
22 16823 78 3 16901 0 78
760 17023 100 4 17123 0 100
550 17559 55 3 17614 0 55
834 18260 88 3 18348 0 88
869 18455 83 3 18538 0 83
842 18536 89 4 18628 3 92
697 18669 91 3 18760 0 91
201 18809 95 4 18904 0 95
335 18838 90 2 18995 67 157
505 18852 76 4 19071 143 219
142 18872 34 2 19105 199 233
44 19189 53 4 19242 0 53
498 19388 93 3 19481 0 93
878 19489 58 3 19547 0 58
9 19616 54 1 19670 0 54
814 19709 77 4 19786 0 77
388 19932 99 4 20031 0 99
621 20270 59 4 20329 0 59
971 20660 76 3 20736 0 76
289 21229 98 3 21327 0 98
651 21511 83 2 21594 0 83
701 21620 43 3 21663 0 43
420 21849 90 3 21939 0 90
161 22000 60 2 22060 0 60
35 22338 87 3 22425 0 87
321 22546 83 2 22629 0 83
589 22670 60 2 22730 0 60
205 22675 35 2 22766 56 91
357 22796 59 4 22855 0 59
573 22916 66 3 22982 0 66
192 23393 78 4 23471 0 78
909 23517 80 3 23597 0 80
801 23527 49 1 23647 71 120
81 23575 93 2 23740 72 165
706 23579 74 4 23814 161 235
636 23599 68 3 23883 216 284
575 23708 53 4 23936 175 228
720 23757 73 3 24009 179 252
695 23763 85 4 24094 246 331
797 24006 85 3 24180 89 174
62 24027 77 4 24257 153 230
138 24055 99 2 24356 202 301
398 24098 85 2 24442 259 344
100 24143 50 3 24492 299 349
144 24222 94 3 24586 270 364
290 24315 83 3 24669 271 354
588 24429 88 1 24758 241 329
32 24438 62 3 24820 320 382
376 24518 76 3 24896 302 378
861 24607 87 3 24983 289 376
851 24624 98 3 25081 359 457
272 24883 78 2 25160 199 277
660 24915 59 4 25219 245 304
596 24955 69 3 25288 264 333
910 25064 59 3 25347 224 283
936 25314 80 4 25428 34 114
745 25541 91 4 25632 0 91
122 25590 39 3 25672 43 82
668 25679 68 3 25747 0 68
211 25776 98 4 25874 0 98
749 25965 93 1 26058 0 93
275 26103 41 4 26144 0 41
976 26133 73 4 26218 12 85
935 26217 85 4 26304 2 87
508 26236 96 3 26401 69 165
643 26244 86 1 26487 157 243
29 26276 88 3 26575 211 299
465 26288 96 4 26671 287 383
427 26329 89 3 26761 343 432
992 26442 91 3 26852 319 410
177 26511 87 3 26939 341 428
92 26573 70 4 27009 366 436
940 26723 28 1 27038 287 315
428 26771 82 3 27120 267 349
18 27017 43 4 27164 104 147
559 27071 52 4 27216 93 145
950 27243 59 2 27302 0 59
180 27326 96 1 27422 0 96
128 27406 54 3 27477 17 71
820 27492 52 4 27544 0 52
469 27586 100 4 27686 0 100
751 27598 46 3 27733 89 135
723 27682 43 2 27776 51 94
231 27988 61 4 28049 0 61
942 28073 74 3 28147 0 74
217 28091 33 3 28181 57 90
116 28158 29 3 28211 24 53
996 28298 77 3 28375 0 77
667 28394 53 2 28447 0 53
57 28468 72 4 28540 0 72
320 28511 30 3 28571 30 60
665 28524 71 3 28642 47 118
415 28883 59 2 28942 0 59
985 29082 98 2 29180 0 98
456 29184 80 4 29264 0 80
871 29335 54 4 29389 0 54
591 29409 43 3 29452 0 43
832 29551 46 4 29597 0 46
418 29591 62 3 29660 7 69
256 29614 92 4 29753 47 139
437 29668 96 1 29850 86 182
30 29868 60 3 29928 0 60
176 30084 82 2 30166 0 82
609 30099 59 4 30226 68 127
649 30133 67 4 30293 93 160
225 30422 89 4 30511 0 89
316 30611 64 4 30675 0 64
251 30637 96 4 30772 39 135
855 30679 68 2 30841 94 162
382 30698 91 4 30932 143 234
269 30805 55 4 30988 128 183
539 30822 62 4 31050 166 228
310 30854 76 2 31126 196 272
404 30886 39 4 31165 240 279
903 30999 79 4 31245 167 246
860 31017 89 4 31334 228 317
178 31182 92 4 31427 153 245
156 31215 48 3 31475 212 260
432 31396 74 1 31550 80 154
323 31436 70 2 31620 114 184
349 31778 92 4 31870 0 92
77 31783 96 3 31967 88 184
112 31990 72 3 32062 0 72
793 32024 81 3 32144 39 120
908 32057 76 1 32220 87 163
406 32146 86 3 32307 75 161
785 32176 41 2 32348 131 172
218 32280 45 4 32394 69 114
189 32304 40 3 32434 90 130
186 32457 49 4 32506 0 49
608 32499 68 2 32575 8 76
175 32586 72 3 32658 0 72
60 32618 79 2 32738 41 120
453 32727 75 3 32814 12 87
20 32796 88 4 32903 19 107
106 32808 65 4 32968 95 160
731 32825 49 4 33018 144 193
66 32857 68 2 33086 161 229
89 32936 76 2 33162 150 226
858 32938 74 4 33236 224 298
150 32951 96 1 33332 285 381
790 33034 80 2 33413 299 379
726 33055 51 4 33464 358 409
165 33087 71 3 33535 377 448
24 33131 65 2 33600 404 469
614 33200 46 4 33646 400 446
68 33307 83 3 33729 339 422
906 33347 78 4 33808 383 461
927 33468 85 4 33893 340 425
603 33550 91 4 33984 343 434
346 33590 42 3 34026 394 436
904 33795 38 2 34065 232 270
912 33919 56 3 34121 146 202
830 34016 96 3 34217 105 201
769 34237 96 3 34333 0 96
564 34247 53 3 34387 87 140
890 34362 98 3 34486 26 124
533 34385 69 1 34555 101 170
616 34400 38 4 34594 156 194
581 34409 70 4 34664 185 255
998 34459 81 4 34745 205 286
300 34515 78 1 34823 230 308
617 34595 69 3 34893 229 298
807 34660 73 4 34966 233 306
350 34755 96 2 35062 211 307
977 34805 61 3 35123 257 318
159 34825 52 1 35176 299 351
452 34848 45 2 35221 328 373
17 34851 88 3 35309 370 458
981 34859 69 2 35378 450 519
711 34866 89 1 35467 512 601
607 34917 29 3 35496 550 579
699 34927 94 3 35590 569 663
859 34961 52 4 35642 629 681
145 34996 76 3 35718 646 722
620 35133 75 4 35794 586 661
228 35152 85 3 35879 642 727
426 35257 93 3 35972 622 715
983 35278 98 1 36070 694 792
943 35289 29 3 36099 781 810
319 35357 72 3 36171 742 814
816 35576 79 2 36250 595 674
405 35736 32 4 36283 515 547
702 35744 95 1 36378 539 634
961 35883 40 4 36418 495 535
487 35921 61 3 36479 497 558
517 35940 72 4 36551 539 611
737 35948 83 3 36634 603 686
619 36244 82 3 36716 390 472
485 36250 83 3 36799 466 549
337 36266 82 4 36882 534 616
543 36343 90 4 36972 539 629
988 36356 79 2 37051 616 695
16 36385 73 3 37124 666 739
240 36390 75 4 37199 734 809
773 36395 76 4 37275 804 880
847 36534 47 4 37322 741 788
255 36636 70 2 37392 686 756
544 36644 95 4 37487 748 843
410 36648 77 1 37564 839 916
40 36689 53 3 37617 875 928
366 36730 65 3 37682 887 952
696 36923 65 4 37748 760 825
99 36997 49 4 37797 751 800
351 37006 42 4 37839 791 833
889 37022 99 4 37938 817 916
600 37048 65 1 38003 890 955
114 37119 71 1 38074 884 955
364 37131 69 3 38143 943 1012
166 37142 46 2 38189 1001 1047
51 37182 75 3 38264 1007 1082
703 37189 71 4 38335 1075 1146
753 37191 50 3 38385 1144 1194
799 37203 95 4 38480 1182 1277
69 37251 59 3 38539 1229 1288
294 37324 84 3 38623 1215 1299
258 37353 60 4 38683 1270 1330
179 37474 56 1 38739 1209 1265
36 37620 71 4 38810 1119 1190
403 37747 87 1 38898 1064 1151
733 37893 76 2 38974 1005 1081
367 37924 57 1 39031 1050 1107
318 37989 72 3 39103 1042 1114
480 38072 58 2 39161 1031 1089
507 38079 98 2 39259 1082 1180
907 38166 60 2 39319 1093 1153
722 38184 31 1 39350 1135 1166
216 38307 55 2 39405 1043 1098
501 38334 93 2 39498 1071 1164
468 38557 59 2 39557 941 1000
386 38635 96 4 39653 922 1018
727 38645 67 2 39720 1008 1075
252 38655 73 2 39793 1065 1138
137 38694 86 4 39879 1099 1185
509 38703 88 1 39967 1176 1264
999 38816 81 4 40049 1152 1233
87 38816 80 4 40129 1233 1313
28 38820 64 2 40193 1309 1373
622 38845 88 4 40281 1348 1436
417 38901 57 4 40338 1380 1437
938 38921 76 3 40414 1417 1493
5 38945 74 3 40488 1469 1543
917 39073 72 4 40560 1415 1487
535 39075 97 4 40657 1485 1582
653 39081 76 4 40733 1576 1652
458 39127 92 3 40825 1606 1698
503 39154 70 4 40895 1671 1741
987 39177 67 4 40962 1718 1785
110 39198 24 4 40986 1764 1788
331 39294 32 2 41018 1692 1724
592 39339 80 2 41098 1679 1759
750 39415 36 4 41134 1683 1719
245 39508 100 1 41234 1626 1726
171 39541 79 4 41313 1693 1772
499 39560 71 1 41384 1753 1824
580 39564 72 4 41456 1820 1892
401 39567 57 2 41513 1889 1946
478 39619 72 4 41585 1894 1966
7 39623 87 3 41672 1962 2049
184 39629 91 4 41763 2043 2134
712 39694 84 4 41847 2069 2153
629 39695 87 4 41934 2152 2239
279 39750 59 2 41993 2184 2243
792 39820 50 2 42043 2173 2223
561 39842 45 3 42088 2201 2246
578 39882 97 2 42185 2206 2303
271 39914 34 4 42219 2271 2305
232 39928 67 4 42286 2291 2358
663 39932 66 4 42352 2354 2420
640 39957 52 3 42404 2395 2447
633 40062 58 1 42463 2343 2401
880 40213 88 3 42551 2250 2338
313 40226 56 2 42607 2325 2381
779 40229 52 3 42659 2378 2430
893 40254 38 3 42697 2405 2443
339 40286 97 2 42794 2411 2508
563 40306 86 3 42880 2488 2574
353 40360 80 3 42960 2520 2600
70 40420 63 4 43023 2540 2603
358 40445 63 1 43086 2578 2641
220 40499 99 3 43185 2587 2686
721 40526 63 4 43248 2659 2722
897 40720 88 3 43336 2528 2616
826 40804 86 4 43422 2532 2618
105 40810 33 4 43455 2612 2645
513 40818 92 3 43547 2637 2729
482 40837 80 4 43627 2710 2790
949 40843 69 2 43696 2784 2853
958 40844 52 3 43748 2852 2904
460 40907 53 4 43801 2841 2894
766 40945 73 2 43874 2856 2929
117 40954 47 3 43921 2920 2967
982 40996 86 3 44007 2925 3011
429 41010 57 4 44064 2997 3054
380 41014 96 4 44160 3050 3146
944 41029 31 4 44191 3131 3162
685 41089 29 4 44220 3102 3131
392 41186 66 3 44286 3034 3100
876 41269 80 4 44366 3017 3097
757 41401 75 3 44441 2965 3040
689 41593 65 2 44506 2848 2913
311 41607 100 4 44606 2899 2999
292 41670 77 3 44683 2936 3013
693 41733 83 4 44766 2950 3033
650 41749 90 3 44856 3017 3107
449 41810 55 3 44911 3046 3101
823 41850 86 4 44997 3061 3147
38 41852 100 2 45097 3145 3245
149 41866 60 4 45157 3231 3291
881 41914 66 4 45223 3243 3309
692 41944 48 1 45271 3279 3327
281 41976 76 4 45347 3295 3371
396 42061 79 4 45426 3286 3365
254 42098 44 4 45470 3328 3372
188 42109 99 2 45569 3361 3460
164 42118 100 1 45669 3451 3551
190 42200 95 4 45764 3469 3564
37 42206 82 3 45846 3558 3640
476 42258 92 4 45938 3588 3680
929 42264 90 2 46028 3674 3764
901 42271 72 3 46100 3757 3829
674 42309 89 3 46189 3791 3880
833 42367 79 3 46268 3822 3901
837 42444 49 3 46318 3825 3874
295 42579 66 4 46384 3739 3805
628 42582 46 1 46430 3802 3848
157 42773 95 3 46525 3657 3752
529 42790 69 3 46594 3735 3804
877 42823 97 3 46691 3771 3868
118 42857 86 2 46777 3834 3920
743 42878 87 3 46864 3899 3986
21 42882 24 3 46888 3982 4006
786 43027 55 4 46943 3861 3916
250 43091 55 4 46998 3852 3907
765 43133 50 4 47048 3865 3915
244 43325 57 4 47105 3723 3780
25 43395 60 1 47165 3710 3770
203 43444 95 3 47260 3721 3816
181 43468 75 3 47335 3792 3867
286 43483 97 4 47432 3852 3949
120 43539 63 4 47495 3893 3956
506 43569 87 4 47582 3926 4013
570 43570 98 3 47680 4012 4110
423 43601 40 4 47720 4079 4119
94 43681 54 3 47774 4039 4093
53 43692 47 4 47821 4082 4129
922 43755 91 4 47912 4066 4157
883 43762 54 4 47966 4150 4204
623 43820 78 3 48044 4146 4224
265 43851 73 2 48117 4193 4266
208 43883 85 3 48202 4234 4319
925 43924 90 4 48292 4278 4368
838 44027 88 3 48380 4265 4353
854 44121 80 4 48460 4259 4339
104 44168 72 2 48532 4292 4364
520 44171 69 2 48601 4361 4430
12 44251 93 3 48694 4350 4443
446 44260 95 3 48789 4434 4529
728 44277 92 4 48881 4512 4604
918 44357 92 4 48973 4524 4616
97 44368 92 4 49065 4605 4697
462 44403 97 1 49162 4662 4759
536 44428 88 3 49250 4734 4822
195 44451 87 2 49337 4799 4886
355 44518 89 2 49426 4819 4908
933 44755 46 3 49472 4671 4717
455 44776 57 4 49529 4696 4753
676 44802 77 4 49606 4727 4804
314 44817 50 4 49656 4789 4839
794 44970 100 3 49756 4686 4786
136 45043 78 1 49834 4713 4791
73 45053 90 2 49924 4781 4871
815 45077 99 1 50023 4847 4946
45 45258 87 4 50110 4765 4852
597 45332 75 4 50185 4778 4853
679 45333 59 2 50244 4852 4911
725 45336 77 4 50321 4908 4985
158 45381 97 4 50418 4940 5037
472 45450 71 4 50489 4968 5039
601 45529 53 1 50542 4960 5013
994 45583 91 2 50633 4959 5050
688 45593 69 3 50702 5040 5109
556 45627 70 3 50772 5075 5145
459 45678 74 1 50846 5094 5168
979 45796 29 1 50875 5050 5079
85 45859 95 3 50970 5016 5111
442 45899 99 4 51069 5071 5170
739 46048 81 3 51150 5021 5102
278 46159 96 1 51246 4991 5087
492 46193 74 4 51320 5053 5127
511 46248 77 2 51397 5072 5149
422 46308 68 4 51466 5090 5158
64 46387 96 1 51562 5079 5175
140 46391 90 4 51652 5171 5261
618 46399 70 3 51722 5253 5323
421 46410 40 2 51762 5312 5352
572 46449 94 4 51856 5313 5407
132 46592 84 4 51940 5264 5348
839 46619 84 3 52024 5321 5405
681 46644 32 4 52056 5380 5412
193 46746 58 3 52114 5310 5368
637 46803 59 1 52173 5311 5370
852 46830 85 3 52258 5343 5428
594 46860 98 2 52356 5398 5496
477 46910 73 3 52429 5446 5519
645 46970 48 4 52477 5459 5507
952 47030 66 3 52543 5447 5513
993 47058 88 3 52631 5485 5573
473 47121 74 4 52705 5510 5584
972 47123 56 4 52761 5582 5638
593 47151 64 4 52825 5610 5674
528 47157 29 3 52854 5668 5697
243 47200 87 4 52941 5654 5741
973 47212 61 3 53002 5729 5790
549 47226 48 2 53050 5776 5824
639 47237 76 3 53126 5813 5889
551 47246 89 4 53215 5880 5969
328 47307 97 2 53312 5908 6005
443 47318 63 2 53375 5994 6057
343 47350 100 4 53475 6025 6125
196 47456 60 1 53535 6019 6079
841 47532 58 4 53593 6003 6061
440 47534 96 3 53689 6059 6155
652 47543 75 4 53764 6146 6221
989 47657 69 1 53833 6107 6176
521 47702 84 1 53917 6131 6215
714 47749 80 3 53997 6168 6248
569 47871 55 3 54052 6126 6181
540 47905 90 1 54142 6147 6237
717 47906 92 1 54234 6236 6328
71 47939 87 4 54321 6295 6382
966 47971 56 4 54377 6350 6406
634 47979 76 1 54453 6398 6474
951 48067 34 3 54487 6386 6420
531 48152 90 4 54577 6335 6425
803 48157 48 2 54625 6420 6468
875 48186 68 3 54693 6439 6507
285 48296 82 4 54775 6397 6479
932 48419 74 4 54849 6356 6430
143 48460 93 2 54942 6389 6482
306 48472 86 3 55028 6470 6556
268 48624 69 3 55097 6404 6473
248 48625 72 4 55169 6472 6544
577 48648 55 4 55224 6521 6576
274 48661 65 3 55289 6563 6628
748 48745 53 4 55342 6544 6597
332 48766 95 1 55437 6576 6671
119 48800 76 2 55513 6637 6713
238 48906 30 4 55543 6607 6637
984 49032 57 4 55600 6511 6568
808 49167 75 3 55675 6433 6508
11 49234 47 4 55722 6441 6488
744 49258 93 3 55815 6464 6557
481 49313 70 4 55885 6502 6572
965 49395 47 4 55932 6490 6537
931 49415 36 4 55968 6517 6553
48 49449 74 4 56042 6519 6593
371 49524 69 3 56111 6518 6587
853 49590 91 4 56202 6521 6612
716 49594 54 3 56256 6608 6662
182 49611 76 3 56332 6645 6721
475 49640 81 3 56413 6692 6773
827 49652 64 3 56477 6761 6825
843 49666 87 3 56564 6811 6898
764 49706 77 1 56641 6858 6935
771 49731 95 3 56736 6910 7005
754 49799 48 3 56784 6937 6985
767 49803 86 4 56870 6981 7067
969 49868 55 4 56925 7002 7057
86 49935 97 2 57022 6990 7087
309 49942 89 2 57111 7080 7169
42 49965 74 2 57185 7146 7220
257 50005 94 4 57279 7180 7274
361 50043 60 4 57339 7236 7296
547 50051 36 4 57375 7288 7324
79 50160 44 4 57419 7215 7259
55 50233 92 1 57511 7186 7278
729 50236 65 4 57576 7275 7340
724 50237 95 2 57671 7339 7434
168 50272 76 3 57747 7399 7475
555 50298 53 4 57800 7449 7502
436 50583 91 3 57891 7217 7308
683 50597 66 3 57957 7294 7360
963 50605 82 4 58039 7352 7434
493 50637 88 2 58127 7402 7490
96 50647 71 4 58198 7480 7551
684 50675 54 4 58252 7523 7577
395 50757 93 2 58345 7495 7588
103 50826 83 2 58428 7519 7602
670 50895 56 4 58484 7533 7589
155 50997 72 3 58556 7487 7559
862 51038 83 2 58639 7518 7601
755 51121 82 3 58721 7518 7600
879 51167 84 4 58805 7554 7638
454 51272 94 1 58899 7533 7627
512 51357 87 4 58986 7542 7629
303 51482 91 3 59078 7505 7596
227 51499 81 1 59159 7579 7660
298 51562 66 1 59225 7597 7663
307 51591 43 3 59268 7634 7677
615 51591 65 1 59333 7677 7742
324 51609 92 3 59425 7724 7816
571 51667 34 3 59459 7758 7792
391 51753 91 4 59550 7706 7797
83 51863 71 4 59621 7687 7758
946 51892 57 3 59678 7729 7786
490 51920 36 4 59714 7758 7794
804 52018 66 1 59780 7696 7762
108 52061 91 3 59871 7719 7810
522 52076 94 3 59965 7795 7889
677 52080 67 1 60032 7885 7952
6 52091 89 3 60121 7941 8030
470 52173 95 4 60216 7948 8043
530 52228 67 4 60283 7988 8055
43 52241 48 2 60331 8042 8090
365 52278 70 3 60401 8053 8123
441 52344 82 3 60483 8057 8139
682 52347 81 2 60564 8136 8217
41 52353 90 4 60654 8211 8301
284 52408 77 1 60731 8246 8323
789 52502 69 4 60800 8229 8298
163 52529 42 4 60842 8271 8313
1 52534 57 4 60899 8308 8365
899 52591 80 1 60979 8308 8388
27 52615 41 3 61020 8364 8405
13 52668 98 3 61118 8352 8450
894 52672 87 4 61205 8446 8533
253 52738 83 4 61288 8467 8550
644 52749 39 2 61327 8539 8578
39 52756 82 4 61409 8571 8653
997 52762 93 2 61502 8647 8740
229 52768 47 3 61549 8734 8781
659 52803 64 3 61613 8746 8810
866 52830 96 3 61709 8783 8879
239 52863 49 3 61758 8846 8895
194 52864 70 4 61828 8894 8964
735 52954 92 2 61920 8874 8966
604 52988 79 3 61999 8932 9011
959 53027 94 2 62093 8972 9066
463 53037 100 2 62193 9056 9156
752 53053 92 2 62285 9140 9232
873 53054 95 4 62380 9231 9326
916 53120 63 4 62443 9260 9323
496 53227 44 2 62487 9216 9260
613 53338 61 4 62548 9149 9210
657 53340 83 1 62631 9208 9291
495 53386 92 2 62723 9245 9337
849 53449 84 3 62807 9274 9358
287 53454 59 2 62866 9353 9412
224 53528 77 4 62943 9338 9415
868 53531 27 2 62970 9412 9439
59 53574 92 4 63062 9396 9488
865 53610 76 3 63138 9452 9528
554 53620 94 4 63232 9518 9612
348 53691 67 4 63299 9541 9608
185 53758 82 3 63381 9541 9623
948 53808 82 3 63463 9573 9655
611 53843 62 4 63525 9620 9682
497 53909 37 4 63562 9616 9653
384 53919 81 3 63643 9643 9724
207 53983 76 2 63719 9660 9736
435 53985 100 4 63819 9734 9834
844 54012 64 3 63883 9807 9871
795 54015 48 4 63931 9868 9916
821 54120 73 4 64004 9811 9884
756 54199 87 3 64091 9805 9892
584 54214 80 3 64171 9877 9957
283 54258 40 4 64211 9913 9953
761 54285 99 2 64310 9926 10025
742 54400 71 4 64381 9910 9981
187 54420 54 3 64435 9961 10015
8 54460 99 3 64534 9975 10074
107 54531 88 3 64622 10003 10091
698 54573 89 2 64711 10049 10138
534 54591 64 4 64775 10120 10184
605 54631 44 4 64819 10144 10188
63 54651 95 1 64914 10168 10263
123 54675 36 4 64950 10239 10275
387 54727 65 3 65015 10223 10288
945 54785 96 4 65111 10230 10326
210 54808 73 3 65184 10303 10376
336 54838 49 4 65233 10346 10395
46 54901 66 3 65299 10332 10398
322 55098 77 4 65376 10201 10278
296 55117 45 2 65421 10259 10304
448 55118 64 4 65485 10303 10367
312 55169 65 2 65550 10316 10381
266 55282 74 1 65624 10268 10342
845 55310 84 3 65708 10314 10398
466 55488 95 4 65803 10220 10315
560 55533 65 4 65868 10270 10335
818 55813 97 3 65965 10055 10152
115 55816 64 2 66029 10149 10213
516 55829 33 4 66062 10200 10233
524 55926 78 1 66140 10136 10214
700 55936 93 1 66233 10204 10297
445 55990 50 2 66283 10243 10293
625 56077 56 4 66339 10206 10262
805 56093 73 3 66412 10246 10319
33 56120 91 1 66503 10292 10383
474 56146 56 1 66559 10357 10413
141 56341 56 4 66615 10218 10274
131 56488 79 2 66694 10127 10206
233 56494 66 4 66760 10200 10266
379 56579 34 3 66794 10181 10215
763 56637 28 3 66822 10157 10185
412 56686 72 4 66894 10136 10208
964 56786 80 2 66974 10108 10188
447 56806 51 4 67025 10168 10219
567 56869 46 1 67071 10156 10202
884 56871 54 1 67125 10200 10254
147 56888 77 3 67202 10237 10314
467 56983 55 3 67257 10219 10274
127 57039 85 4 67342 10218 10303
686 57046 83 4 67425 10296 10379
276 57181 94 4 67519 10244 10338
370 57186 49 4 67568 10333 10382
675 57276 99 4 67667 10292 10391
856 57302 81 3 67748 10365 10446
975 57332 48 2 67796 10416 10464
374 57340 60 1 67856 10456 10516
139 57373 95 2 67951 10483 10578
72 57374 96 4 68047 10577 10673
585 57400 47 4 68094 10647 10694
378 57639 68 4 68162 10455 10523
154 57695 83 1 68245 10467 10550
411 57695 79 1 68324 10550 10629
425 57879 80 3 68404 10445 10525
934 57879 93 4 68497 10525 10618
872 57887 78 2 68575 10610 10688
262 57921 81 1 68656 10654 10735
885 57950 53 4 68709 10706 10759
1000 58003 97 4 68806 10706 10803
82 58184 58 4 68864 10622 10680
835 58203 64 4 68928 10661 10725
153 58244 51 3 68979 10684 10735
704 58275 57 2 69036 10704 10761
169 58297 86 4 69122 10739 10825
887 58371 72 1 69194 10751 10823
504 58381 57 2 69251 10813 10870
882 58509 58 4 69309 10742 10800
831 58528 77 4 69386 10781 10858
718 58563 71 4 69457 10823 10894
541 58619 61 4 69518 10838 10899
377 58727 57 4 69575 10791 10848
896 58731 55 4 69630 10844 10899
67 58737 78 4 69708 10893 10971
892 58740 98 2 69806 10968 11066
606 58881 34 4 69840 10925 10959
439 58918 91 4 69931 10922 11013
93 59012 95 3 70027 10920 11015
978 59181 58 1 70085 10846 10904
863 59199 90 1 70175 10886 10976
19 59365 97 4 70272 10810 10907
515 59365 58 4 70330 10907 10965
494 59482 80 3 70410 10848 10928
47 59522 52 3 70462 10888 10940
91 59578 63 2 70525 10884 10947
451 59593 92 2 70617 10932 11024
610 59738 84 4 70701 10879 10963
707 59787 87 1 70788 10914 11001
836 59858 63 4 70851 10930 10993
957 59872 88 3 70939 10979 11067
800 59899 69 4 71008 11040 11109
631 60006 89 2 71097 11002 11091
98 60062 74 4 71171 11035 11109
924 60169 99 3 71270 11002 11101
52 60207 61 4 71331 11063 11124
798 60207 92 3 71423 11124 11216
691 60360 94 4 71517 11063 11157
664 60371 63 1 71580 11146 11209
54 60497 63 2 71643 11083 11146
525 60687 76 4 71719 10956 11032
419 60789 49 3 71768 10930 10979
162 60805 84 4 71852 10963 11047
433 60862 35 2 71887 10990 11025
308 60866 66 1 71953 11021 11087
968 60891 93 4 72046 11062 11155
329 60944 52 2 72098 11102 11154
500 60992 58 3 72156 11106 11164
402 61034 71 3 72227 11122 11193
672 61038 85 1 72312 11189 11274
780 61123 74 3 72386 11189 11263
113 61127 84 3 72470 11259 11343
995 61214 84 4 72554 11256 11340
259 61291 77 2 72631 11263 11340
297 61334 65 3 72696 11297 11362
678 61342 84 3 72780 11354 11438
160 61401 93 4 72873 11379 11472
772 61457 87 4 72960 11416 11503
624 61489 87 4 73047 11471 11558
810 61501 85 4 73132 11546 11631
641 61613 79 4 73211 11519 11598
237 61638 59 1 73270 11573 11632
519 61682 100 2 73370 11588 11688
282 61694 95 4 73465 11676 11771
277 61748 47 4 73512 11717 11764
914 61785 95 1 73607 11727 11822
408 61832 41 3 73648 11775 11816
778 61911 84 4 73732 11737 11821
762 61925 77 2 73809 11807 11884
824 61945 59 3 73868 11864 11923
612 62148 99 4 73967 11720 11819
526 62153 69 3 74036 11814 11883
34 62240 73 3 74109 11796 11869
638 62265 66 4 74175 11844 11910
991 62288 62 4 74237 11887 11949
340 62338 84 4 74321 11899 11983
776 62371 91 4 74412 11950 12041
50 62402 56 2 74468 12010 12066
595 62433 61 3 74529 12035 12096
709 62446 86 4 74615 12083 12169
397 62508 71 3 74686 12107 12178
947 62534 84 3 74770 12152 12236
65 62535 93 4 74863 12235 12328
632 62612 86 4 74949 12251 12337
263 62711 68 1 75017 12238 12306
902 62784 47 3 75064 12233 12280
486 62858 54 4 75118 12206 12260
848 62866 97 2 75215 12252 12349
400 62967 48 2 75263 12248 12296
784 63045 82 4 75345 12218 12300
819 63078 44 2 75389 12267 12311
362 63083 92 4 75481 12306 12398
954 63132 44 1 75525 12349 12393
344 63195 73 1 75598 12330 12403
673 63216 44 4 75642 12382 12426
133 63345 79 3 75721 12297 12376
598 63469 88 4 75809 12252 12340
738 63554 83 4 75892 12255 12338
267 63608 87 4 75979 12284 12371
488 63635 95 4 76074 12344 12439
49 63721 72 4 76146 12353 12425
75 63726 89 2 76235 12420 12509
183 63786 73 1 76308 12449 12522
215 63881 93 3 76401 12427 12520
10 63994 53 3 76454 12407 12460
920 64010 66 3 76520 12444 12510
302 64084 88 3 76608 12436 12524
130 64165 56 4 76664 12443 12499
299 64184 63 4 76727 12480 12543
264 64265 38 2 76765 12462 12500
356 64306 81 3 76846 12459 12540
430 64500 67 4 76913 12346 12413
705 64620 87 3 77000 12293 12380
242 64676 51 1 77051 12324 12375
273 64856 57 3 77108 12195 12252
202 64918 64 3 77172 12190 12254
383 64926 76 3 77248 12246 12322
817 64929 80 1 77328 12319 12399
236 64954 48 4 77376 12374 12422
409 65001 38 3 77414 12375 12413
627 65018 90 2 77504 12396 12486
26 65212 81 4 77585 12292 12373
483 65306 98 3 77683 12279 12377
802 65320 68 4 77751 12363 12431
552 65580 42 3 77793 12171 12213
514 65601 98 4 77891 12192 12290
825 66013 59 2 77950 11878 11937
587 66117 59 2 78009 11833 11892
109 66250 58 2 78067 11759 11817
630 66258 38 3 78105 11809 11847
806 66686 95 3 78200 11419 11514
354 66761 88 3 78288 11439 11527
4 66844 93 3 78381 11444 11537
479 66884 36 4 78417 11497 11533
464 66899 80 1 78497 11518 11598
394 66946 44 3 78541 11551 11595
562 66963 95 4 78636 11578 11673
385 67016 78 3 78714 11620 11698
980 67052 83 1 78797 11662 11745
546 67232 52 1 78849 11565 11617
796 67312 76 4 78925 11537 11613
151 67325 94 4 79019 11600 11694
315 67501 80 3 79099 11518 11598
864 67540 55 3 79154 11559 11614
582 67644 44 3 79198 11510 11554
960 67798 92 3 79290 11400 11492
850 67821 27 4 79317 11469 11496
15 67960 46 4 79363 11357 11403
293 68136 79 2 79442 11227 11306
900 68289 64 2 79506 11153 11217
710 68298 76 2 79582 11208 11284
369 68301 75 4 79657 11281 11356
829 68321 83 2 79740 11336 11419
557 68331 40 4 79780 11409 11449
602 68481 84 3 79864 11299 11383
919 68717 65 4 79929 11147 11212
781 68720 89 1 80018 11209 11298
491 68933 25 1 80043 11085 11110
502 68987 84 3 80127 11056 11140
775 69051 67 3 80194 11076 11143
915 69212 99 2 80293 10982 11081
209 69528 82 4 80375 10765 10847
352 69528 77 3 80452 10847 10924
746 69530 94 4 80546 10922 11016
574 69535 53 2 80599 11011 11064
197 69591 76 3 80675 11008 11084
857 69757 60 2 80735 10918 10978
736 69944 79 4 80815 10792 10871
921 70038 78 4 80893 10777 10855
719 70066 51 2 80944 10827 10878
898 70148 93 4 81037 10796 10889
566 70206 68 3 81105 10831 10899
774 70260 44 3 81149 10845 10889
457 70338 86 2 81235 10811 10897
538 70815 99 2 81334 10420 10519
345 70831 91 3 81425 10503 10594
389 70851 95 4 81520 10574 10669
170 70951 90 4 81610 10569 10659
787 71203 41 4 81651 10407 10448
204 71316 72 1 81723 10335 10407
407 71499 95 1 81818 10224 10319
214 71584 88 4 81906 10234 10322
363 71694 72 4 81978 10212 10284
687 71719 30 1 82008 10259 10289
708 71907 55 1 82063 10101 10156
558 72016 96 2 82159 10047 10143
213 72102 95 2 82254 10057 10152
939 72164 80 4 82334 10090 10170
226 72252 34 4 82368 10082 10116
489 72565 52 3 82420 9803 9855
347 72573 56 4 82476 9847 9903
828 72624 48 2 82524 9852 9900
690 72737 86 3 82610 9787 9873
809 72997 49 4 82659 9613 9662
740 73165 67 4 82726 9494 9561
148 73204 63 4 82789 9522 9585
583 73206 67 3 82856 9583 9650
222 73513 92 3 82948 9343 9435
424 73581 62 4 83010 9367 9429
822 73760 72 4 83082 9250 9322
325 73882 77 4 83159 9200 9277
471 73954 82 2 83241 9205 9287
886 74012 90 3 83331 9229 9319
956 74072 51 2 83382 9259 9310
78 74338 75 4 83457 9044 9119
782 74480 29 2 83486 8977 9006
788 74497 88 2 83574 8989 9077
326 74639 89 2 83663 8935 9024
23 74962 68 4 83731 8701 8769
167 75108 47 4 83778 8623 8670
590 75129 49 3 83827 8649 8698
61 75158 76 4 83903 8669 8745
31 75216 74 4 83977 8687 8761
648 75442 53 4 84030 8535 8588
928 75479 88 3 84118 8551 8639
941 75489 72 4 84190 8629 8701
666 75497 52 3 84242 8693 8745
399 75562 62 4 84304 8680 8742
715 75566 59 4 84363 8738 8797
974 75577 47 3 84410 8786 8833
962 75777 95 4 84505 8633 8728
768 75937 73 4 84578 8568 8641
813 76264 65 2 84643 8314 8379
56 76448 68 3 84711 8195 8263
626 76471 79 4 84790 8240 8319
970 76590 88 3 84878 8200 8288
191 76729 62 4 84940 8149 8211
172 76768 68 3 85008 8172 8240
599 76934 38 3 85046 8074 8112
416 77047 60 4 85106 7999 8059
80 77069 60 1 85166 8037 8097
635 77111 74 1 85240 8055 8129
461 77382 71 2 85311 7858 7929
288 77394 84 3 85395 7917 8001
280 77433 99 2 85494 7962 8061
375 77476 40 2 85534 8018 8058
342 77538 71 4 85605 7996 8067
390 77569 57 4 85662 8036 8093
90 77842 35 4 85697 7820 7855
152 77936 61 3 85758 7761 7822
173 77952 47 3 85805 7806 7853
373 78064 85 2 85890 7741 7826
360 78133 40 4 85930 7757 7797
895 78219 93 3 86023 7711 7804
304 78317 86 2 86109 7706 7792
911 78465 45 4 86154 7644 7689
812 78481 94 3 86248 7673 7767
532 78514 91 2 86339 7734 7825
694 78569 76 3 86415 7770 7846
135 78571 41 2 86456 7844 7885
129 78608 76 1 86532 7848 7924
986 78826 66 4 86598 7706 7772
955 78907 36 3 86634 7691 7727
260 79007 31 4 86665 7627 7658
734 79136 93 3 86758 7529 7622
542 79938 43 1 86801 6820 6863
870 79979 89 4 86890 6822 6911
134 80302 78 4 86968 6588 6666
576 80357 89 4 87057 6611 6700
450 80434 98 1 87155 6623 6721
14 80681 69 2 87224 6474 6543
121 80755 72 2 87297 6470 6542
732 80965 89 4 87386 6332 6421
658 81147 49 4 87435 6239 6288
3 81205 89 4 87524 6230 6319
200 81333 96 2 87620 6191 6287
438 81694 59 2 87679 5926 5985
811 81810 57 3 87736 5869 5926
568 81891 37 2 87773 5845 5882
330 81896 65 1 87838 5877 5942
444 82084 89 4 87927 5754 5843
261 82261 75 1 88002 5666 5741
913 82445 84 2 88086 5557 5641
662 82492 57 3 88143 5594 5651
74 82564 56 3 88199 5579 5635
305 82676 62 4 88261 5523 5585
223 82882 74 3 88335 5379 5453
212 82945 68 3 88403 5390 5458
484 83158 75 3 88478 5245 5320
235 83534 69 3 88547 4944 5013
840 84015 55 2 88602 4532 4587
930 84151 58 4 88660 4451 4509
221 84371 60 4 88720 4289 4349
747 84546 82 2 88802 4174 4256
95 84631 93 4 88895 4171 4264
414 84761 63 4 88958 4134 4197
518 85397 26 4 88984 3561 3587
301 85514 99 4 89083 3470 3569
291 85686 63 4 89146 3397 3460
791 85785 100 4 89246 3361 3461
671 85968 63 2 89309 3278 3341
317 86685 71 3 89380 2624 2695
125 87234 26 4 89407 2147 2173
381 87393 61 3 89468 2014 2075
510 87443 98 2 89566 2025 2123
76 87486 52 3 89618 2080 2132
199 87712 33 3 89651 1906 1939
579 87817 89 1 89740 1834 1923
230 87891 84 2 89824 1849 1933
846 89513 98 4 89923 312 410
926 89915 88 4 90012 9 97
111 90729 99 3 90828 0 99
368 90745 97 3 90926 84 181
953 91082 83 4 91165 0 83
783 91506 91 2 91597 0 91
656 91972 70 4 92042 0 70
333 92278 91 4 92369 0 91
770 92606 90 2 92696 0 90
2 92645 69 4 92766 52 121
241 93349 50 1 93399 0 50
249 93639 73 4 93712 0 73
523 94094 92 4 94186 0 92
937 94318 83 3 94401 0 83
198 94456 58 4 94514 0 58
874 94627 99 1 94726 0 99
431 97232 77 4 97309 0 77
967 98217 78 4 98295 0 78
393 98300 81 4 98381 0 81
586 100000 64 3 100064 0 64
219 100000 74 4 100138 64 138
867 100000 91 3 100229 138 229
777 100000 89 3 100318 229 318
