100295 1000 4910 4837
303 0 100 4 100 0 100
838 0 90 3 190 100 190
582 0 80 1 270 190 270
973 0 39 4 309 270 309
682 0 59 2 368 309 368
207 713 57 4 770 0 57
986 2842 67 4 2909 0 67
699 2877 84 3 2994 33 117
190 3932 78 2 4010 0 78
326 5234 82 2 5316 0 82
746 5248 80 4 5397 69 149
858 5852 88 3 5940 0 88
562 6514 66 1 6580 0 66
213 6993 79 2 7072 0 79
338 7563 92 3 7655 0 92
857 7980 76 4 8056 0 76
608 8254 96 1 8350 0 96
771 8395 57 4 8452 0 57
645 8455 50 4 8505 0 50
371 9599 75 1 9674 0 75
678 10005 59 3 10064 0 59
412 10063 90 3 10155 2 92
759 10070 76 3 10232 86 162
776 10116 96 3 10328 116 212
124 10295 94 3 10423 34 128
469 10678 94 4 10772 0 94
937 11199 89 1 11288 0 89
224 11208 30 4 11319 81 111
683 11312 76 2 11396 8 84
635 11723 99 2 11822 0 99
398 11751 61 4 11884 72 133
546 11987 75 4 12062 0 75
392 12403 72 4 12475 0 72
219 12440 51 4 12527 36 87
913 12625 99 1 12724 0 99
369 13109 64 1 13173 0 64
773 13452 100 3 13552 0 100
779 13475 90 2 13643 78 168
364 14555 84 2 14639 0 84
324 14787 68 4 14855 0 68
737 14827 93 1 14949 29 122
607 14879 83 4 15033 71 154
113 15038 62 3 15100 0 62
787 15065 77 4 15178 36 113
626 15231 65 4 15296 0 65
544 16209 98 3 16307 0 98
686 16738 85 4 16823 0 85
709 17365 75 3 17440 0 75
329 17551 98 2 17649 0 98
819 17593 82 4 17732 57 139
721 17633 54 3 17786 99 153
842 17778 75 1 17862 9 84
554 18271 72 2 18343 0 72
728 18290 86 4 18430 54 140
636 18330 65 2 18495 100 165
893 18743 51 4 18794 0 51
905 18748 89 4 18884 47 136
596 18755 82 2 18966 129 211
490 18764 82 4 19048 202 284
70 18838 42 3 19091 211 253
500 18906 49 4 19140 185 234
535 18912 84 2 19224 228 312
40 19307 35 2 19342 0 35
359 19606 72 4 19678 0 72
257 19844 62 4 19906 0 62
240 19925 79 2 20004 0 79
915 20193 85 4 20278 0 85
735 20560 67 4 20627 0 67
252 20750 61 3 20811 0 61
916 20907 99 4 21006 0 99
204 20935 46 3 21053 72 118
297 21022 51 1 21105 32 83
310 21097 83 4 21189 9 92
133 21430 97 3 21527 0 97
446 21492 99 3 21627 36 135
574 21549 92 4 21720 79 171
30 21555 37 3 21757 165 202
443 21625 66 2 21823 132 198
481 21916 97 3 22013 0 97
419 21968 93 2 22107 46 139
740 22058 50 2 22158 50 100
299 22082 89 4 22247 76 165
458 22281 89 4 22370 0 89
75 22303 100 1 22471 68 168
225 22427 70 3 22542 45 115
211 22527 57 3 22600 16 73
471 22568 89 4 22690 33 122
141 22734 99 4 22833 0 99
772 22829 84 4 22918 5 89
703 22964 97 4 23061 0 97
463 22999 66 4 23128 63 129
963 23432 77 2 23509 0 77
530 23460 55 4 23565 50 105
376 23540 83 3 23649 26 109
816 23567 43 1 23693 83 126
56 23876 75 1 23951 0 75
129 23951 95 4 24047 1 96
389 24074 71 4 24145 0 71
524 24218 97 4 24315 0 97
663 24243 71 2 24387 73 144
354 24339 55 4 24443 49 104
130 24410 84 2 24528 34 118
550 24427 58 3 24586 101 159
919 24442 82 4 24668 144 226
880 24610 86 4 24755 59 145
255 24641 73 3 24828 114 187
987 24671 63 2 24892 158 221
48 24714 69 4 24961 178 247
750 24716 45 3 25006 245 290
553 24807 91 4 25097 199 290
161 24851 75 2 25173 247 322
496 24951 62 4 25235 222 284
833 24976 59 3 25294 259 318
775 25065 86 3 25380 229 315
183 25258 51 2 25432 123 174
903 25315 57 2 25489 117 174
482 25327 60 1 25549 162 222
311 25354 77 4 25626 195 272
896 25382 54 2 25681 245 299
327 25655 52 1 25734 27 79
387 25780 82 1 25862 0 82
434 25884 55 4 25939 0 55
595 26088 76 4 26164 0 76
611 26142 64 4 26229 23 87
116 26149 59 4 26288 80 139
38 26327 63 4 26390 0 63
695 26442 55 4 26497 0 55
55 26488 93 4 26591 10 103
5 26495 71 3 26662 96 167
294 26620 76 2 26739 43 119
956 26627 100 4 26839 112 212
960 26652 60 2 26899 187 247
517 26709 70 4 26970 191 261
270 26856 61 4 27031 114 175
643 27135 56 4 27191 0 56
95 27172 87 2 27279 20 107
428 27174 81 2 27360 105 186
968 27208 77 3 27438 153 230
238 27278 63 4 27501 160 223
182 27289 91 4 27592 212 303
515 27373 79 4 27672 220 299
832 27455 77 3 27749 217 294
78 27471 87 4 27836 278 365
909 27488 69 2 27905 348 417
726 27643 45 3 27951 263 308
812 27701 73 3 28024 250 323
640 27838 64 1 28088 186 250
508 27947 89 4 28178 142 231
704 27959 60 4 28238 219 279
829 27993 57 4 28295 245 302
690 28034 81 1 28376 261 342
245 28077 45 2 28421 299 344
287 28184 81 3 28503 238 319
308 28206 41 4 28544 297 338
24 28229 88 4 28632 315 403
906 28455 98 1 28731 178 276
63 28476 48 4 28779 255 303
810 28522 61 4 28840 257 318
138 28529 63 4 28903 311 374
105 28641 71 4 28975 263 334
328 28757 99 2 29074 218 317
785 29018 56 1 29131 57 113
179 29098 83 3 29215 34 117
139 29286 70 2 29356 0 70
742 29297 73 3 29430 60 133
218 29402 77 3 29508 29 106
416 29484 82 3 29591 25 107
64 29495 70 4 29661 96 166
325 29699 47 4 29746 0 47
256 29882 68 4 29950 0 68
335 29986 61 3 30047 0 61
751 30020 78 4 30126 28 106
483 30054 74 3 30201 73 147
332 30113 98 3 30299 88 186
403 30164 58 3 30358 136 194
954 30323 100 2 30459 36 136
191 30455 86 3 30546 5 91
169 30591 63 4 30654 0 63
184 30677 88 3 30765 0 88
777 30887 66 4 30953 0 66
203 31249 81 3 31330 0 81
244 31762 82 3 31844 0 82
462 31810 96 3 31941 35 131
820 31831 68 4 32009 110 178
266 32083 60 1 32143 0 60
284 32110 98 2 32242 34 132
878 32149 97 3 32340 94 191
835 32287 76 2 32417 54 130
534 32376 31 3 32449 42 73
680 32413 68 4 32517 36 104
533 32456 57 3 32575 62 119
566 32588 64 4 32652 0 64
694 32709 90 2 32799 0 90
646 32831 61 2 32892 0 61
414 32843 67 3 32960 50 117
449 32942 74 3 33035 19 93
891 33062 40 3 33102 0 40
658 33103 73 4 33176 0 73
21 33157 66 2 33243 20 86
621 33224 62 2 33306 20 82
528 33235 72 1 33378 71 143
889 33261 34 4 33413 118 152
230 33317 97 3 33510 96 193
765 33423 90 4 33601 88 178
486 33457 54 3 33655 144 198
745 33517 88 2 33744 139 227
811 33598 76 4 33820 146 222
81 33721 67 2 33888 100 167
649 33791 97 2 33985 97 194
827 33795 37 2 34022 190 227
242 33796 61 3 34083 226 287
938 33812 52 1 34135 271 323
951 33847 73 4 34209 289 362
148 33954 71 4 34280 255 326
14 33986 93 3 34373 294 387
969 34018 63 1 34436 355 418
165 34019 98 4 34534 417 515
888 34064 81 2 34615 470 551
87 34189 97 2 34713 427 524
998 34250 73 1 34786 463 536
514 34330 80 1 34866 456 536
409 34344 49 3 34915 522 571
35 34354 98 1 35013 561 659
315 34413 64 3 35077 600 664
461 34419 72 4 35149 658 730
37 34483 70 3 35219 666 736
296 34719 79 2 35299 501 580
432 34775 56 4 35355 524 580
944 34801 80 4 35435 554 634
424 34884 78 1 35513 551 629
967 34974 83 3 35596 539 622
126 34993 81 3 35677 603 684
251 35180 54 4 35731 497 551
121 35187 97 2 35828 544 641
755 35191 77 3 35905 637 714
404 35235 67 4 35973 671 738
373 35238 86 4 36059 735 821
497 35251 72 2 36131 808 880
892 35348 66 4 36197 783 849
940 35352 93 2 36290 845 938
383 35361 48 3 36338 929 977
883 35380 100 4 36438 958 1058
523 35420 82 4 36520 1018 1100
499 35498 99 4 36619 1022 1121
62 35508 84 3 36703 1111 1195
68 35592 97 3 36800 1111 1208
209 35606 69 4 36869 1194 1263
739 35707 53 3 36922 1162 1215
561 35749 92 3 37014 1173 1265
801 35839 71 2 37085 1175 1246
590 35843 39 3 37124 1242 1281
543 35963 99 2 37224 1162 1261
788 36262 53 1 37277 962 1015
173 36284 78 1 37355 993 1071
66 36314 62 2 37417 1041 1103
933 36530 73 4 37490 887 960
3 36590 87 2 37577 900 987
860 36590 44 4 37621 987 1031
995 36632 79 2 37700 989 1068
547 36632 87 3 37787 1068 1155
88 36645 35 4 37822 1142 1177
731 36659 72 4 37894 1163 1235
418 36738 56 2 37950 1156 1212
272 36892 79 3 38029 1058 1137
26 36966 31 4 38060 1063 1094
91 37007 95 2 38155 1053 1148
455 37120 55 4 38210 1035 1090
286 37124 94 3 38304 1086 1180
267 37228 56 4 38361 1077 1133
952 37357 99 4 38460 1004 1103
444 37377 95 3 38555 1083 1178
399 37408 79 3 38634 1147 1226
762 37443 73 4 38707 1191 1264
948 37524 46 2 38753 1183 1229
672 37590 59 4 38812 1163 1222
583 37658 98 2 38910 1154 1252
477 37695 69 2 38979 1215 1284
415 37701 86 2 39065 1278 1364
250 37779 82 2 39147 1286 1368
536 37869 85 2 39232 1278 1363
978 37892 83 4 39315 1340 1423
268 37899 70 4 39385 1416 1486
226 37937 41 1 39426 1448 1489
763 37940 78 1 39504 1486 1564
930 38000 47 4 39551 1504 1551
729 38153 88 2 39639 1398 1486
103 38153 40 4 39679 1486 1526
783 38427 66 4 39746 1253 1319
502 38449 93 2 39839 1297 1390
794 38455 64 4 39903 1384 1448
971 38618 46 3 39949 1285 1331
269 38704 65 4 40014 1245 1310
492 38721 84 1 40098 1293 1377
69 38734 88 3 40186 1364 1452
800 38815 71 2 40257 1371 1442
312 38843 51 3 40308 1414 1465
348 38850 51 4 40359 1458 1509
456 38860 60 3 40419 1499 1559
717 38888 73 4 40492 1531 1604
923 38894 44 3 40536 1598 1642
433 38948 70 2 40606 1588 1658
152 38983 53 4 40659 1623 1676
155 39200 60 4 40719 1459 1519
837 39264 98 2 40817 1455 1553
114 39429 95 2 40912 1388 1483
54 39447 94 2 41006 1465 1559
50 39449 92 3 41098 1557 1649
675 39587 77 3 41175 1511 1588
719 39650 91 2 41266 1525 1616
132 39656 77 2 41343 1610 1687
295 39747 77 4 41421 1597 1674
281 39748 82 4 41503 1673 1755
668 39774 98 4 41601 1729 1827
931 39814 87 3 41688 1787 1874
320 39823 99 3 41787 1865 1964
594 39885 89 3 41876 1902 1991
982 39935 73 3 41949 1941 2014
470 40128 79 4 42028 1821 1900
234 40235 77 4 42105 1793 1870
290 40264 86 4 42191 1841 1927
853 40326 62 2 42253 1865 1927
511 40379 87 2 42340 1874 1961
176 40389 70 2 42410 1951 2021
961 40441 55 3 42465 1969 2024
793 40457 61 2 42526 2008 2069
47 40580 90 2 42616 1946 2036
874 40634 44 1 42660 1982 2026
142 40722 94 1 42754 1938 2032
379 40790 92 4 42846 1964 2056
216 40849 60 3 42906 1997 2057
715 41002 55 4 42961 1904 1959
107 41005 75 3 43036 1956 2031
260 41068 89 2 43125 1968 2057
154 41112 52 4 43177 2013 2065
822 41280 87 4 43264 1897 1984
58 41297 99 3 43363 1967 2066
71 41335 89 4 43452 2028 2117
629 41361 75 1 43528 2092 2167
929 41507 99 4 43627 2021 2120
993 41555 48 2 43675 2072 2120
834 41558 63 4 43738 2117 2180
592 41610 88 4 43826 2128 2216
357 41614 54 3 43880 2212 2266
43 41618 83 4 43963 2262 2345
151 41703 82 3 44045 2260 2342
549 41758 99 4 44144 2287 2386
693 41837 93 4 44237 2307 2400
484 41941 96 4 44333 2296 2392
780 42000 89 3 44422 2333 2422
162 42050 95 4 44517 2372 2467
997 42065 91 4 44608 2452 2543
397 42146 85 4 44693 2462 2547
752 42204 68 3 44761 2489 2557
840 42269 87 4 44848 2492 2579
298 42295 22 3 44870 2553 2575
587 42355 95 2 44965 2515 2610
146 42359 71 2 45036 2606 2677
192 42435 90 3 45126 2601 2691
598 42439 42 2 45168 2687 2729
839 42508 78 4 45246 2660 2738
504 42597 96 1 45342 2649 2745
17 42653 63 3 45405 2689 2752
667 42765 98 4 45503 2640 2738
441 42807 99 4 45602 2696 2795
31 42956 82 3 45684 2646 2728
439 42963 85 4 45769 2721 2806
831 42993 87 3 45856 2776 2863
349 43099 64 3 45920 2757 2821
912 43149 56 1 45976 2771 2827
917 43182 84 4 46060 2794 2878
395 43218 78 3 46138 2842 2920
564 43245 72 3 46210 2893 2965
353 43339 50 4 46260 2871 2921
925 43366 89 4 46349 2894 2983
342 43377 90 3 46439 2972 3062
673 43379 43 3 46482 3060 3103
438 43430 45 2 46527 3052 3097
59 43445 69 3 46596 3082 3151
758 43496 39 4 46636 3101 3140
241 43535 87 3 46723 3101 3188
789 43582 84 3 46807 3141 3225
989 43686 61 4 46868 3121 3182
568 43720 99 1 46967 3148 3247
747 43861 87 3 47054 3106 3193
990 44063 87 3 47141 2991 3078
927 44064 97 3 47238 3077 3174
333 44131 30 2 47268 3107 3137
666 44156 38 1 47306 3112 3150
725 44291 72 2 47378 3015 3087
180 44371 73 3 47451 3007 3080
73 44377 82 4 47533 3074 3156
36 44414 70 3 47603 3119 3189
571 44522 59 2 47662 3081 3140
459 44576 90 4 47752 3086 3176
109 44621 62 4 47814 3131 3193
118 44629 84 4 47898 3185 3269
939 44683 78 2 47976 3215 3293
609 44689 73 2 48049 3287 3360
824 44715 96 4 48145 3334 3430
932 44828 95 4 48240 3317 3412
958 44831 98 3 48338 3409 3507
318 44834 69 4 48407 3504 3573
274 44840 46 4 48453 3567 3613
309 44842 43 2 48496 3611 3654
4 44885 78 3 48574 3611 3689
57 44902 61 4 48635 3672 3733
493 44927 64 2 48699 3708 3772
136 44945 35 3 48734 3754 3789
400 45018 93 4 48827 3716 3809
259 45101 66 1 48893 3726 3792
882 45107 34 3 48927 3786 3820
782 45251 82 3 49009 3676 3758
970 45301 53 4 49062 3708 3761
467 45308 81 4 49143 3754 3835
450 45385 44 2 49187 3758 3802
215 45428 23 4 49210 3759 3782
480 45488 55 3 49265 3722 3777
781 45513 79 1 49344 3752 3831
867 45518 83 3 49427 3826 3909
79 45823 74 4 49501 3604 3678
579 45862 73 3 49574 3639 3712
41 45869 69 3 49643 3705 3774
84 45876 38 2 49681 3767 3805
955 45889 44 1 49725 3792 3836
614 45927 89 4 49814 3798 3887
959 46047 80 4 49894 3767 3847
437 46063 81 1 49975 3831 3912
586 46197 87 3 50062 3778 3865
943 46226 73 4 50135 3836 3909
307 46242 66 1 50201 3893 3959
265 46322 86 4 50287 3879 3965
337 46328 75 3 50362 3959 4034
861 46337 81 4 50443 4025 4106
654 46399 86 4 50529 4044 4130
322 46429 41 4 50570 4100 4141
736 46476 62 1 50632 4094 4156
489 46572 97 3 50729 4060 4157
565 46635 97 4 50827 4095 4192
808 46693 90 4 50917 4134 4224
29 46722 92 2 51009 4195 4287
197 46778 63 3 51072 4231 4294
351 46917 63 4 51135 4155 4218
488 46940 96 4 51231 4195 4291
556 47004 58 2 51289 4227 4285
172 47106 65 4 51354 4183 4248
472 47110 82 4 51436 4244 4326
648 47127 68 2 51504 4309 4377
44 47168 94 4 51598 4336 4430
214 47202 85 3 51683 4396 4481
227 47269 41 1 51724 4414 4455
873 47370 91 4 51815 4354 4445
748 47432 94 4 51909 4383 4477
498 47438 94 4 52003 4471 4565
655 47478 63 3 52066 4525 4588
158 47501 30 3 52096 4565 4595
19 47542 90 3 52186 4554 4644
276 47650 81 4 52267 4536 4617
20 47662 82 3 52349 4605 4687
591 47735 73 2 52422 4614 4687
578 47746 65 4 52487 4676 4741
248 47889 54 2 52541 4598 4652
178 47920 90 4 52631 4621 4711
818 47924 74 3 52705 4707 4781
410 48050 89 4 52794 4655 4744
33 48158 95 4 52889 4636 4731
733 48197 71 3 52960 4692 4763
753 48350 52 3 53012 4610 4662
208 48366 89 4 53101 4646 4735
541 48446 57 4 53158 4655 4712
49 48533 63 2 53221 4625 4688
859 48639 73 4 53294 4582 4655
743 48674 96 2 53390 4620 4716
236 48690 67 4 53457 4700 4767
864 48710 40 4 53497 4747 4787
868 48760 69 4 53566 4737 4806
548 48767 76 4 53642 4799 4875
754 48821 79 3 53721 4821 4900
619 48870 51 3 53772 4851 4902
918 48879 73 2 53845 4893 4966
538 48936 98 4 53943 4909 5007
714 49003 43 2 53986 4940 4983
847 49192 38 3 54024 4794 4832
193 49235 96 4 54120 4789 4885
624 49258 97 4 54217 4862 4959
465 49273 76 1 54293 4944 5020
137 49334 97 4 54390 4959 5056
134 49373 72 4 54462 5017 5089
710 49443 63 4 54525 5019 5082
382 49486 87 4 54612 5039 5126
625 49505 48 2 54660 5107 5155
436 49528 80 2 54740 5132 5212
254 49557 58 4 54798 5183 5241
962 49659 87 1 54885 5139 5226
97 49707 96 4 54981 5178 5274
836 49729 85 2 55066 5252 5337
615 49737 75 2 55141 5329 5404
288 49756 51 4 55192 5385 5436
897 49824 96 2 55288 5368 5464
974 49849 35 4 55323 5439 5474
74 49851 81 4 55404 5472 5553
539 49915 71 3 55475 5489 5560
106 50042 81 2 55556 5433 5514
374 50079 91 4 55647 5477 5568
631 50100 77 4 55724 5547 5624
258 50189 60 1 55784 5535 5595
848 50222 41 4 55825 5562 5603
953 50280 82 2 55907 5545 5627
282 50281 90 2 55997 5626 5716
647 50360 82 3 56079 5637 5719
278 50412 60 3 56139 5667 5727
330 50515 94 4 56233 5624 5718
170 50596 57 3 56290 5637 5694
177 50621 71 4 56361 5669 5740
345 50659 87 4 56448 5702 5789
99 50737 89 4 56538 5712 5801
706 50787 97 2 56635 5751 5848
999 50840 72 4 56707 5795 5867
32 50889 89 3 56796 5818 5907
856 50933 44 1 56840 5863 5907
174 50967 64 4 56904 5873 5937
770 51026 93 4 56997 5878 5971
585 51106 40 1 57037 5891 5931
464 51128 67 4 57104 5909 5976
168 51130 90 4 57194 5974 6064
558 51134 98 4 57292 6060 6158
894 51137 100 3 57392 6155 6255
910 51182 94 2 57486 6210 6304
186 51187 30 3 57516 6299 6329
807 51193 91 3 57607 6323 6414
423 51197 88 3 57695 6410 6498
77 51272 59 1 57754 6423 6482
712 51298 89 4 57843 6456 6545
716 51390 65 3 57908 6453 6518
388 51395 49 4 57957 6513 6562
975 51397 63 4 58020 6560 6623
52 51468 75 1 58095 6552 6627
879 51488 77 4 58172 6607 6684
417 51558 91 2 58263 6614 6705
650 51609 97 4 58360 6654 6751
991 51691 98 4 58458 6669 6767
319 51704 94 2 58552 6754 6848
445 51720 76 4 58628 6832 6908
627 51720 49 3 58677 6908 6957
845 51732 76 2 58753 6945 7021
275 51761 59 2 58812 6992 7051
494 51890 68 1 58880 6922 6990
11 51996 90 4 58970 6884 6974
966 52034 97 3 59067 6936 7033
866 52045 59 4 59126 7022 7081
9 52070 82 2 59208 7056 7138
865 52136 96 4 59304 7072 7168
94 52157 93 4 59397 7147 7240
720 52194 63 2 59460 7203 7266
996 52252 51 4 59511 7208 7259
698 52319 84 3 59595 7192 7276
331 52390 90 4 59685 7205 7295
370 52460 83 1 59768 7225 7308
760 52489 51 4 59819 7279 7330
27 52491 85 2 59904 7328 7413
128 52533 76 1 59980 7371 7447
898 52727 81 3 60061 7253 7334
665 52767 86 3 60147 7294 7380
301 52777 91 2 60238 7370 7461
375 52784 54 4 60292 7454 7508
613 52859 69 4 60361 7433 7502
194 52929 85 3 60446 7432 7517
862 52986 68 2 60514 7460 7528
189 52991 80 3 60594 7523 7603
262 52994 33 4 60627 7600 7633
520 53161 22 2 60649 7466 7488
355 53179 76 4 60725 7470 7546
895 53237 88 2 60813 7488 7576
980 53353 61 3 60874 7460 7521
567 53421 90 2 60964 7453 7543
246 53436 100 4 61064 7528 7628
844 53565 49 4 61113 7499 7548
639 53688 73 1 61186 7425 7498
316 53817 98 4 61284 7369 7467
108 53834 52 4 61336 7450 7502
521 53849 94 2 61430 7487 7581
642 53875 100 2 61530 7555 7655
448 53937 56 4 61586 7593 7649
302 53959 73 1 61659 7627 7700
366 54078 89 4 61748 7581 7670
749 54090 43 4 61791 7658 7701
876 54270 34 4 61825 7521 7555
380 54284 87 3 61912 7541 7628
334 54296 68 4 61980 7616 7684
964 54308 95 2 62075 7672 7767
604 54362 47 4 62122 7713 7760
306 54369 93 1 62215 7753 7846
802 54436 92 3 62307 7779 7871
110 54456 90 3 62397 7851 7941
542 54467 50 4 62447 7930 7980
427 54519 99 4 62546 7928 8027
18 54523 93 3 62639 8023 8116
10 54543 86 3 62725 8096 8182
313 54633 32 4 62757 8092 8124
992 54656 95 2 62852 8101 8196
532 54664 96 4 62948 8188 8284
249 54670 98 4 63046 8278 8376
768 54677 87 1 63133 8369 8456
229 54718 73 4 63206 8415 8488
346 54798 84 3 63290 8408 8492
513 54808 90 4 63380 8482 8572
323 54842 35 3 63415 8538 8573
945 54857 75 2 63490 8558 8633
263 54875 100 4 63590 8615 8715
135 54948 74 4 63664 8642 8716
473 54992 80 2 63744 8672 8752
293 55039 41 4 63785 8705 8746
589 55056 73 3 63858 8729 8802
921 55214 71 3 63929 8644 8715
795 55266 45 1 63974 8663 8708
798 55357 88 4 64062 8617 8705
854 55367 53 4 64115 8695 8748
45 55448 64 2 64179 8667 8731
501 55469 60 3 64239 8710 8770
233 55540 59 3 64298 8699 8758
691 55566 44 2 64342 8732 8776
396 55617 48 2 64390 8725 8773
159 55658 83 4 64473 8732 8815
637 55701 26 4 64499 8772 8798
551 55717 62 3 64561 8782 8844
537 55726 68 4 64629 8835 8903
670 55773 37 4 64666 8856 8893
696 55827 71 3 64737 8839 8910
979 55845 78 3 64815 8892 8970
984 55858 33 3 64848 8957 8990
757 55880 94 4 64942 8968 9062
677 55899 92 4 65034 9043 9135
846 55902 38 3 65072 9132 9170
98 55914 79 3 65151 9158 9237
830 55914 83 4 65234 9237 9320
188 55948 62 1 65296 9286 9348
623 56027 36 4 65332 9269 9305
6 56051 64 2 65396 9281 9345
724 56128 91 3 65487 9268 9359
965 56279 77 4 65564 9208 9285
612 56342 77 3 65641 9222 9299
828 56368 59 3 65700 9273 9332
805 56447 74 2 65774 9253 9327
425 56484 86 4 65861 9291 9377
821 56749 40 4 65901 9112 9152
792 56785 62 2 65963 9116 9178
552 56793 84 3 66047 9170 9254
361 56979 95 3 66142 9068 9163
283 57043 98 3 66240 9099 9197
899 57059 48 4 66288 9181 9229
479 57078 67 4 66355 9210 9277
143 57092 86 4 66441 9263 9349
784 57094 84 3 66525 9347 9431
588 57132 94 3 66619 9393 9487
577 57292 74 3 66693 9327 9401
661 57332 44 2 66737 9361 9405
164 57430 70 4 66807 9307 9377
435 57436 86 3 66893 9371 9457
431 57504 48 4 66941 9389 9437
674 57564 54 4 66995 9377 9431
122 57644 56 4 67051 9351 9407
884 57745 88 4 67139 9306 9394
516 57869 40 1 67179 9270 9310
202 58015 73 3 67252 9164 9237
261 58171 92 3 67344 9081 9173
317 58190 75 2 67419 9154 9229
15 58237 40 3 67459 9182 9222
947 58501 75 4 67534 8958 9033
76 58538 49 2 67583 8996 9045
150 58585 61 2 67644 8998 9059
797 58663 87 4 67731 8981 9068
602 58676 91 4 67822 9055 9146
442 58700 69 4 67891 9122 9191
51 58707 98 2 67989 9184 9282
815 58739 92 3 68081 9250 9342
657 58919 51 4 68132 9162 9213
664 58920 86 2 68218 9212 9298
304 58941 85 4 68303 9277 9362
457 58947 90 3 68393 9356 9446
454 59119 93 4 68486 9274 9367
689 59127 98 2 68584 9359 9457
988 59173 85 2 68669 9411 9496
231 59197 62 3 68731 9472 9534
1000 59284 89 3 68820 9447 9536
356 59286 60 4 68880 9534 9594
485 59318 68 2 68948 9562 9630
115 59378 81 4 69029 9570 9651
687 59464 46 4 69075 9565 9611
25 59524 99 2 69174 9551 9650
985 59545 95 4 69269 9629 9724
421 59604 71 3 69340 9665 9736
632 59823 65 4 69405 9517 9582
1 59848 58 4 69463 9557 9615
321 59882 99 4 69562 9581 9680
447 59940 70 4 69632 9622 9692
904 59947 77 3 69709 9685 9762
119 60085 97 1 69806 9624 9721
362 60122 90 4 69896 9684 9774
181 60176 55 4 69951 9720 9775
870 60221 73 2 70024 9730 9803
942 60287 64 2 70088 9737 9801
212 60387 55 4 70143 9701 9756
378 60485 36 2 70179 9658 9694
157 60499 87 4 70266 9680 9767
685 60560 26 4 70292 9706 9732
451 60572 95 4 70387 9720 9815
679 60589 97 3 70484 9798 9895
872 60628 65 4 70549 9856 9921
580 60708 82 2 70631 9841 9923
911 60774 40 4 70671 9857 9897
741 60791 99 4 70770 9880 9979
702 60822 92 4 70862 9948 10040
572 60999 63 3 70925 9863 9926
518 61035 90 4 71015 9890 9980
907 61042 83 3 71098 9973 10056
147 61044 50 2 71148 10054 10104
855 61071 84 3 71232 10077 10161
744 61213 89 3 71321 10019 10108
512 61300 75 1 71396 10021 10096
72 61312 99 4 71495 10084 10183
23 61351 73 2 71568 10144 10217
887 61563 28 4 71596 10005 10033
343 61652 71 3 71667 9944 10015
620 61660 88 4 71755 10007 10095
738 61715 95 2 71850 10040 10135
475 61826 94 4 71944 10024 10118
926 61896 94 4 72038 10048 10142
12 61998 54 4 72092 10040 10094
901 62157 81 2 72173 9935 10016
509 62350 79 4 72252 9823 9902
994 62350 75 3 72327 9902 9977
764 62517 71 1 72398 9810 9881
727 62528 72 3 72470 9870 9942
692 62625 38 4 72508 9845 9883
22 62818 38 2 72546 9690 9728
340 62831 81 3 72627 9715 9796
80 63289 76 4 72703 9338 9414
390 63371 85 3 72788 9332 9417
799 63418 70 4 72858 9370 9440
8 63469 73 3 72931 9389 9462
381 63580 65 1 72996 9351 9416
852 63593 68 3 73064 9403 9471
411 63628 76 3 73140 9436 9512
597 63665 82 4 73222 9475 9557
506 63709 76 3 73298 9513 9589
766 63731 67 4 73365 9567 9634
96 63816 54 4 73419 9549 9603
622 63906 94 4 73513 9513 9607
200 63916 51 4 73564 9597 9648
393 63943 83 2 73647 9621 9704
123 63957 52 2 73699 9690 9742
120 63978 89 4 73788 9721 9810
610 63982 84 1 73872 9806 9890
527 64006 59 4 73931 9866 9925
769 64009 60 4 73991 9922 9982
545 64045 34 4 74025 9946 9980
823 64071 56 4 74081 9954 10010
16 64181 84 2 74165 9900 9984
711 64246 92 4 74257 9919 10011
239 64248 60 2 74317 10009 10069
196 64250 68 4 74385 10067 10135
684 64395 60 2 74445 9990 10050
723 64415 51 3 74496 10030 10081
171 64554 86 2 74582 9942 10028
804 64556 76 3 74658 10026 10102
273 64616 62 3 74720 10042 10104
900 64678 58 2 74778 10042 10100
198 64679 86 4 74864 10099 10185
526 64697 38 2 74902 10167 10205
519 64721 83 2 74985 10181 10264
730 64765 93 4 75078 10220 10313
365 64865 80 4 75158 10213 10293
555 64901 41 1 75199 10257 10298
112 65072 70 4 75269 10127 10197
557 65154 48 4 75317 10115 10163
131 65195 97 3 75414 10122 10219
140 65200 93 2 75507 10214 10307
560 65209 50 4 75557 10298 10348
563 65216 74 3 75631 10341 10415
341 65239 88 3 75719 10392 10480
510 65280 85 2 75804 10439 10524
881 65327 94 1 75898 10477 10571
817 65361 95 4 75993 10537 10632
280 65412 61 4 76054 10581 10642
42 65421 46 4 76100 10633 10679
641 65473 88 4 76188 10627 10715
503 65615 61 1 76249 10573 10634
104 65696 46 4 76295 10553 10599
529 65900 63 4 76359 10396 10459
774 65901 74 4 76433 10458 10532
220 65907 81 3 76514 10526 10607
217 65923 41 4 76555 10591 10632
145 65972 84 3 76639 10583 10667
222 66037 68 3 76707 10602 10670
206 66117 91 4 76798 10590 10681
127 66231 40 4 76838 10567 10607
908 66267 64 3 76902 10571 10635
559 66275 81 4 76983 10627 10708
656 66311 95 1 77078 10672 10767
885 66378 69 4 77147 10700 10769
102 66406 88 2 77235 10741 10829
372 66457 100 2 77335 10778 10878
806 66478 51 4 77386 10857 10908
681 66538 49 1 77435 10848 10897
34 66626 80 2 77515 10809 10889
507 66761 67 1 77582 10754 10821
630 66763 68 3 77650 10819 10887
890 66802 60 4 77710 10848 10908
336 66964 74 2 77784 10746 10820
350 67154 51 2 77835 10630 10681
363 67188 93 4 77928 10647 10740
476 67274 95 4 78023 10654 10749
466 67274 61 4 78084 10749 10810
247 67299 51 2 78135 10785 10836
863 67311 77 4 78212 10824 10901
957 67411 94 3 78306 10801 10895
235 67435 23 2 78329 10871 10894
671 67799 64 4 78393 10530 10594
60 67839 70 3 78463 10554 10624
221 67863 37 2 78500 10600 10637
377 68019 49 2 78549 10481 10530
850 68110 89 3 78638 10439 10528
786 68123 27 3 78665 10515 10542
408 68274 48 4 78713 10391 10439
617 68309 69 2 78782 10404 10473
576 68385 81 4 78863 10397 10478
936 68388 90 1 78953 10475 10565
205 68461 74 4 79027 10492 10566
495 68513 72 4 79099 10514 10586
360 68572 63 4 79162 10527 10590
440 68626 55 4 79217 10536 10591
756 68633 78 2 79295 10584 10662
13 68642 59 4 79354 10653 10712
232 68665 22 1 79376 10689 10711
796 68673 89 3 79465 10703 10792
166 68780 82 4 79547 10685 10767
688 68819 94 3 79641 10728 10822
581 68994 64 3 79705 10647 10711
185 69011 90 4 79795 10694 10784
67 69047 38 4 79833 10748 10786
210 69199 80 4 79913 10634 10714
983 69225 38 3 79951 10688 10726
92 69248 61 1 80012 10703 10764
662 69253 100 3 80112 10759 10859
453 69466 93 3 80205 10646 10739
722 69493 91 4 80296 10712 10803
972 69498 76 4 80372 10798 10874
705 69525 75 3 80447 10847 10922
237 69678 92 3 80539 10769 10861
869 69738 97 4 80636 10801 10898
61 69753 83 3 80719 10883 10966
406 69826 77 3 80796 10893 10970
386 69835 58 4 80854 10961 11019
187 69910 87 4 80941 10944 11031
914 70092 67 2 81008 10849 10916
809 70136 84 2 81092 10872 10956
491 70412 57 2 81149 10680 10737
593 70511 60 3 81209 10638 10698
928 70526 75 4 81284 10683 10758
669 70542 50 3 81334 10742 10792
803 70594 52 4 81386 10740 10792
149 70622 84 4 81470 10764 10848
86 70864 82 4 81552 10606 10688
422 70918 85 2 81637 10634 10719
875 71292 70 4 81707 10345 10415
65 71524 66 2 81773 10183 10249
660 71646 82 4 81855 10127 10209
163 71686 52 3 81907 10169 10221
605 71692 86 3 81993 10215 10301
531 71694 68 3 82061 10299 10367
922 71697 85 4 82146 10364 10449
814 71787 47 4 82193 10359 10406
616 71818 51 2 82244 10375 10426
391 71914 96 1 82340 10330 10426
243 71928 59 4 82399 10412 10471
732 71964 94 4 82493 10435 10529
843 72045 48 3 82541 10448 10496
117 72082 73 1 82614 10459 10532
653 72406 72 2 82686 10208 10280
976 72583 98 2 82784 10103 10201
920 72680 97 3 82881 10104 10201
201 72973 52 3 82933 9908 9960
569 73006 76 3 83009 9927 10003
83 73062 65 2 83074 9947 10012
946 73280 85 3 83159 9794 9879
402 73315 34 3 83193 9844 9878
525 73455 88 3 83281 9738 9826
100 73521 81 4 83362 9760 9841
977 73571 91 2 83453 9791 9882
89 74066 65 4 83518 9387 9452
618 74250 77 4 83595 9268 9345
228 74365 80 3 83675 9230 9310
125 74597 85 2 83760 9078 9163
407 74708 83 3 83843 9052 9135
761 74722 69 1 83912 9121 9190
505 75069 66 2 83978 8843 8909
82 75213 81 1 84059 8765 8846
300 75239 85 4 84144 8820 8905
841 75244 56 4 84200 8900 8956
474 75364 73 4 84273 8836 8909
573 75503 96 1 84369 8770 8866
767 75523 78 3 84447 8846 8924
199 75638 48 3 84495 8809 8857
522 75666 93 3 84588 8829 8922
28 75673 95 1 84683 8915 9010
46 75700 35 3 84718 8983 9018
394 75821 77 4 84795 8897 8974
790 75897 72 1 84867 8898 8970
697 76057 57 4 84924 8810 8867
540 76094 69 4 84993 8830 8899
285 76131 71 4 85064 8862 8933
7 76732 73 4 85138 8333 8406
175 77255 90 4 85228 7883 7973
708 77291 37 4 85265 7937 7974
167 77434 66 1 85331 7831 7897
651 77537 94 3 85425 7794 7888
292 77806 96 4 85521 7619 7715
430 77871 86 1 85607 7650 7736
111 77889 87 4 85694 7718 7805
941 77964 81 3 85775 7730 7811
291 78075 60 4 85835 7700 7760
849 78200 99 2 85934 7635 7734
713 78385 96 4 86030 7549 7645
950 78453 95 4 86125 7577 7672
305 78564 80 4 86205 7561 7641
570 78853 73 2 86278 7352 7425
676 78890 78 3 86356 7388 7466
368 78947 64 3 86420 7409 7473
707 78961 57 2 86477 7459 7516
634 79166 75 3 86552 7311 7386
575 79547 84 4 86636 7005 7089
347 79771 95 1 86731 6865 6960
659 79980 74 4 86805 6751 6825
638 80295 87 4 86892 6510 6597
600 80424 41 4 86933 6468 6509
271 80431 98 3 87031 6502 6600
644 80516 77 3 87108 6515 6592
156 80748 96 4 87204 6360 6456
93 80792 99 4 87303 6412 6511
429 81302 95 4 87398 6001 6096
851 81456 69 4 87467 5942 6011
344 81529 73 4 87540 5938 6011
826 82621 87 4 87627 4919 5006
949 82629 74 3 87701 4998 5072
367 82879 93 4 87794 4822 4915
85 83150 96 2 87890 4644 4740
487 83209 98 3 87988 4681 4779
981 83304 63 2 88051 4684 4747
352 83343 41 3 88092 4708 4749
825 83360 75 3 88167 4732 4807
420 83477 73 3 88240 4690 4763
339 83487 82 4 88322 4753 4835
101 83494 92 4 88414 4828 4920
935 83705 47 1 88461 4709 4756
413 84147 39 1 88500 4314 4353
601 84427 76 3 88576 4073 4149
791 84763 91 4 88667 3813 3904
289 84862 48 3 88715 3805 3853
384 85068 81 2 88797 3648 3729
584 85271 70 4 88867 3526 3596
700 85303 57 1 88924 3564 3621
886 86072 60 3 88984 2852 2912
195 86228 77 1 89061 2756 2833
405 86812 50 2 89111 2249 2299
253 86891 91 3 89202 2220 2311
871 87109 92 3 89294 2093 2185
924 87137 52 1 89346 2157 2209
902 87144 56 3 89402 2202 2258
223 87481 67 2 89469 1921 1988
633 87812 96 4 89565 1657 1753
314 88302 67 2 89632 1263 1330
90 88561 37 2 89669 1071 1108
452 88805 63 3 89733 865 928
599 89326 43 4 89776 407 450
2 89411 84 2 89860 365 449
460 90056 60 2 90116 0 60
426 90187 95 3 90282 0 95
401 90352 79 1 90431 0 79
934 90706 84 2 90790 0 84
153 90713 87 2 90878 78 165
39 90962 71 1 91033 0 71
877 91127 44 3 91171 0 44
279 91213 64 3 91277 0 64
264 91325 95 1 91420 0 95
606 92528 51 4 92579 0 51
53 92626 48 4 92674 0 48
358 92942 98 3 93040 0 98
628 93345 63 2 93408 0 63
603 93888 66 2 93954 0 66
652 95540 98 4 95638 0 98
478 95559 95 4 95734 80 175
778 95946 93 4 96039 0 93
468 96376 27 4 96403 0 27
718 97272 51 3 97323 0 51
160 98530 87 4 98617 0 87
277 98611 42 1 98660 7 49
734 99063 95 3 99158 0 95
144 100000 43 4 100043 0 43
385 100000 96 3 100139 43 139
813 100000 84 2 100223 139 223
701 100000 72 3 100295 223 295
