100300 1000 107 61
266 0 21 2 21 0 21
791 0 33 4 54 21 54
847 0 55 2 109 54 109
604 0 58 4 167 109 167
361 2878 26 2 2904 0 26
364 3168 41 3 3209 0 41
875 3542 44 3 3586 0 44
415 3659 41 3 3700 0 41
898 4391 35 3 4426 0 35
468 4931 57 4 4988 0 57
244 5298 37 4 5335 0 37
542 5820 53 4 5873 0 53
193 5789 54 3 5896 53 107
86 6035 43 4 6078 0 43
250 7097 32 4 7129 0 32
129 7193 48 3 7241 0 48
111 7611 33 2 7644 0 33
729 7781 45 2 7826 0 45
217 7836 63 4 7899 0 63
516 7957 55 4 8012 0 55
857 9300 50 3 9350 0 50
687 9562 41 3 9603 0 41
234 9666 27 4 9693 0 27
659 10017 57 4 10074 0 57
285 10582 55 4 10637 0 55
12 10900 48 3 10948 0 48
746 10958 62 3 11020 0 62
325 11064 27 2 11091 0 27
265 11538 68 3 11606 0 68
198 11854 73 2 11927 0 73
375 12272 48 3 12320 0 48
156 12440 42 4 12482 0 42
427 12642 68 4 12710 0 68
908 13129 23 2 13152 0 23
619 13437 25 1 13462 0 25
969 13404 77 1 13506 25 102
110 13915 87 2 14002 0 87
45 14519 38 1 14557 0 38
816 14648 45 3 14693 0 45
305 14606 62 4 14713 45 107
953 14858 39 4 14897 0 39
815 14958 26 3 14984 0 26
64 14980 32 3 15016 4 36
949 15078 63 4 15141 0 63
563 15144 49 3 15193 0 49
480 15132 88 2 15278 58 146
251 15286 41 4 15327 0 41
675 15408 72 2 15480 0 72
507 15799 34 3 15833 0 34
270 16226 92 3 16318 0 92
57 16400 53 4 16453 0 53
852 16540 69 3 16609 0 69
641 16732 26 3 16758 0 26
954 16952 34 4 16986 0 34
289 17506 63 2 17569 0 63
105 17783 28 1 17811 0 28
459 17937 20 2 17957 0 20
673 17915 33 3 17968 20 53
927 18455 46 3 18501 0 46
399 18712 23 3 18735 0 23
478 18689 54 3 18766 23 77
450 18957 30 3 18987 0 30
591 19113 60 1 19173 0 60
590 19177 38 4 19215 0 38
648 19251 49 4 19300 0 49
490 19538 48 4 19586 0 48
876 19718 40 4 19758 0 40
978 19756 51 1 19809 2 53
525 19891 30 3 19921 0 30
281 19916 45 3 19966 5 50
777 19997 23 2 20020 0 23
388 20068 78 4 20146 0 78
664 20116 89 2 20235 30 119
866 20350 30 2 20380 0 30
804 20317 43 3 20390 30 73
835 20517 76 4 20593 0 76
11 20769 42 4 20811 0 42
309 20829 49 4 20878 0 49
709 20997 34 3 21031 0 34
669 21006 60 3 21091 25 85
396 21180 65 4 21245 0 65
821 21272 55 3 21327 0 55
936 21368 48 3 21416 0 48
288 21590 57 3 21647 0 57
278 21701 66 4 21767 0 66
629 21845 28 3 21873 0 28
747 21862 65 2 21938 11 76
313 21743 86 2 21946 117 203
576 22160 33 4 22193 0 33
458 22152 67 3 22252 33 100
540 22388 59 2 22447 0 59
17 22461 42 4 22503 0 42
362 22545 39 4 22584 0 39
761 22434 60 4 22588 94 154
679 22686 35 4 22721 0 35
335 22639 48 1 22722 35 83
226 22610 53 3 22746 83 136
637 22791 34 3 22825 0 34
442 22700 60 4 22840 80 140
236 22905 28 2 22933 0 28
65 23191 35 4 23252 26 61
653 23200 35 4 23261 26 61
827 23159 52 4 23281 70 122
858 23289 49 4 23338 0 49
279 23703 74 2 23777 0 74
181 23810 24 3 23834 0 24
566 23856 21 4 23877 0 21
58 23802 44 3 23891 45 89
644 23906 38 2 23944 0 38
854 23874 46 3 23975 55 101
303 23896 85 4 24060 79 164
522 24075 31 2 24106 0 31
71 24086 45 2 24151 20 65
392 24295 45 3 24340 0 45
221 24356 26 4 24382 0 26
984 24334 79 4 24445 32 111
311 24497 28 1 24525 0 28
134 24551 34 4 24585 0 34
68 24613 34 4 24647 0 34
740 24708 40 3 24748 0 40
341 24735 68 2 24816 13 81
408 24841 57 4 24898 0 57
902 25158 31 4 25189 0 31
913 25190 90 2 25280 0 90
508 25292 67 3 25359 0 67
316 25429 58 3 25487 0 58
457 25687 39 2 25726 0 39
393 26076 80 3 26156 0 80
616 26254 24 4 26278 0 24
346 26257 54 2 26332 21 75
360 26337 25 2 26362 0 25
996 26605 30 3 26635 0 30
1 26591 37 3 26658 30 67
776 26573 51 4 26691 67 118
813 26747 43 4 26790 0 43
955 26832 48 2 26880 0 48
355 26744 53 4 26888 91 144
545 26909 48 4 26957 0 48
107 27054 35 3 27089 0 35
848 27123 25 4 27148 0 25
833 27344 27 4 27371 0 27
979 27356 53 1 27424 15 68
131 27478 50 3 27528 0 50
165 27419 54 3 27528 55 109
803 27568 26 2 27594 0 26
357 27549 36 3 27611 26 62
660 27642 25 4 27667 0 25
682 27663 30 2 27697 4 34
500 27399 57 4 27702 246 303
255 29300 30 3 29330 0 30
463 29584 26 4 29610 0 26
497 29604 41 1 29651 6 47
638 29642 65 4 29716 9 74
692 29539 74 4 29745 132 206
703 29782 35 1 29817 0 35
466 29755 36 4 29826 35 71
578 29814 42 1 29868 12 54
782 29770 59 3 29927 98 157
882 30058 54 3 30112 0 54
89 30082 74 2 30186 30 104
175 30291 34 4 30325 0 34
963 30364 20 1 30384 0 20
204 30285 48 3 30387 54 102
888 30405 63 2 30468 0 63
541 30470 38 1 30508 0 38
778 30405 83 4 30589 101 184
271 30673 43 2 30716 0 43
748 30718 27 1 30745 0 27
982 30742 29 4 30774 3 32
246 30807 35 2 30842 0 35
229 30845 39 1 30884 0 39
543 30693 46 4 30892 153 199
199 30735 70 2 30962 157 227
268 31010 34 2 31044 0 34
912 31161 49 4 31210 0 49
549 31342 22 4 31364 0 22
87 31355 25 3 31389 9 34
13 31399 26 2 31425 0 26
626 31374 27 4 31442 41 68
691 31333 41 3 31474 100 141
66 31403 76 4 31550 71 147
35 31572 38 2 31610 0 38
948 31644 35 1 31679 0 35
419 31670 71 3 31750 9 80
15 31692 81 1 31831 58 139
700 31387 85 3 31860 388 473
744 32033 27 2 32060 0 27
960 32078 22 4 32100 0 22
403 32022 44 3 32115 49 93
584 32149 51 4 32200 0 51
519 32320 67 1 32387 0 67
51 32446 56 3 32502 0 56
575 32522 26 4 32548 0 26
655 32740 54 2 32794 0 54
106 32676 82 2 32812 54 136
571 32853 40 4 32893 0 40
950 33093 23 2 33116 0 23
330 33065 39 1 33127 23 62
755 33225 20 4 33245 0 20
37 33198 33 3 33251 20 53
671 33190 39 3 33282 53 92
213 33148 49 4 33289 92 141
894 33390 23 2 33413 0 23
423 33434 28 4 33462 0 28
398 33409 46 3 33487 32 78
722 33519 29 4 33548 0 29
72 33410 60 3 33576 106 166
381 33606 30 2 33636 0 30
971 33671 42 3 33713 0 42
417 33682 53 1 33766 31 84
21 33513 75 2 33776 188 263
161 33783 46 3 33829 0 46
725 33923 35 3 33958 0 35
607 33999 24 3 34023 0 24
498 34023 29 4 34052 0 29
41 34033 37 4 34089 19 56
642 34094 58 3 34152 0 58
645 34169 30 2 34199 0 30
170 34307 28 1 34335 0 28
248 34290 30 2 34348 28 58
520 34238 68 3 34364 58 126
2 34366 23 3 34389 0 23
283 34365 26 3 34414 23 49
632 34429 59 1 34488 0 59
286 34490 35 1 34525 0 35
976 34128 78 3 34529 323 401
433 34565 32 3 34597 0 32
719 34606 42 4 34648 0 42
194 34655 53 2 34708 0 53
985 34721 48 4 34769 0 48
117 34627 54 3 34803 122 176
964 34258 84 2 34842 500 584
805 34896 37 3 34933 0 37
97 35328 75 4 35403 0 75
745 35373 85 2 35488 30 115
166 35542 23 4 35565 0 23
620 35558 49 2 35614 7 56
952 35767 38 2 35805 0 38
739 35845 20 4 35865 0 20
49 35895 55 3 35950 0 55
351 35882 56 4 35993 55 111
410 35814 70 1 36015 131 201
93 35906 87 2 36102 109 196
384 36156 23 2 36179 0 23
245 36137 41 3 36201 23 64
717 36117 45 3 36226 64 109
864 36186 70 4 36296 40 110
315 36405 54 4 36459 0 54
942 36495 20 2 36515 0 20
647 36508 46 3 36561 7 53
113 36442 56 2 36581 83 139
262 36368 70 3 36614 176 246
661 36653 55 3 36708 0 55
517 36588 73 3 36742 81 154
100 36371 76 3 36818 371 447
377 36979 45 1 37024 0 45
678 36934 47 3 37026 45 92
754 37035 56 3 37091 0 56
592 36905 66 2 37119 148 214
33 37132 38 4 37170 0 38
338 37173 78 4 37251 0 78
695 37280 21 3 37301 0 21
980 37258 22 4 37301 21 43
921 36891 80 4 37344 373 453
583 37345 29 4 37374 0 29
868 37402 24 2 37426 0 24
345 37851 22 4 37873 0 22
764 37850 66 4 37938 22 88
704 37797 75 1 37960 88 163
231 38050 24 4 38074 0 24
560 38191 34 4 38225 0 34
152 38364 39 2 38403 0 39
786 38413 38 4 38451 0 38
884 38445 72 3 38523 6 78
572 38559 62 3 38621 0 62
649 38660 42 4 38702 0 42
602 38701 46 3 38748 1 47
896 38643 57 3 38788 88 145
612 38425 76 4 38806 305 381
643 38693 78 4 38884 113 191
686 38955 35 4 38990 0 35
844 38971 59 3 39049 19 78
493 38927 72 4 39093 94 166
770 39117 35 3 39152 0 35
454 39008 77 3 39205 120 197
802 39301 60 4 39361 0 60
595 39286 60 3 39406 60 120
784 39540 44 4 39584 0 44
59 39617 35 1 39652 0 35
718 39694 21 1 39715 0 21
383 39563 80 4 39720 77 157
300 39767 38 1 39805 0 38
22 39808 60 3 39868 0 60
220 39870 46 4 39916 0 46
317 39943 24 4 39967 0 24
359 39959 34 4 40001 8 42
553 40018 39 4 40057 0 39
623 39935 84 2 40116 97 181
914 39612 93 3 40138 433 526
201 40411 27 4 40438 0 27
75 40494 24 4 40518 0 24
264 40491 38 3 40553 24 62
708 40539 42 4 40595 14 56
785 40667 21 4 40688 0 21
366 40656 65 2 40742 21 86
924 40586 78 2 40759 95 173
614 40421 86 2 40792 285 371
732 40913 21 2 40934 0 21
910 40912 29 3 40962 21 50
559 40881 34 1 40965 50 84
44 40985 26 2 41011 0 26
445 40956 36 4 41027 35 71
731 41005 44 4 41071 22 66
832 41097 34 4 41131 0 34
523 40903 44 3 41149 202 246
472 41202 26 4 41228 0 26
144 41107 61 1 41236 68 129
394 41260 45 4 41305 0 45
547 41328 28 4 41356 0 28
635 41374 31 4 41405 0 31
807 41383 43 4 41448 22 65
705 41400 60 3 41508 48 108
92 41606 43 3 41649 0 43
376 41563 58 3 41664 43 101
482 41539 59 4 41699 101 160
546 41370 64 2 41728 294 358
513 40872 74 3 41732 786 860
792 40865 81 2 41806 860 941
434 41860 42 3 41902 0 42
567 41818 54 4 41914 42 96
907 41966 39 3 42005 0 39
789 41985 41 3 42046 20 61
600 42003 52 4 42098 43 95
570 41854 57 2 42103 192 249
431 42128 55 4 42183 0 55
800 42188 21 3 42209 0 21
477 42248 21 4 42269 0 21
254 42238 25 4 42284 21 46
16 41883 61 3 42286 342 403
153 42355 49 4 42404 0 49
716 42373 52 3 42456 31 83
190 42465 47 1 42512 0 47
140 42517 38 3 42555 0 38
856 42569 24 2 42593 0 24
528 42328 56 1 42594 210 266
252 42008 82 3 42634 544 626
473 42668 21 3 42689 0 21
437 41558 85 2 42728 1085 1170
413 42763 54 2 42817 0 54
766 42886 33 4 42919 0 33
36 42929 30 2 42959 0 30
183 42910 33 2 42982 39 72
19 42854 34 2 42984 96 130
189 42863 40 4 43024 121 161
462 42961 49 4 43073 63 112
734 42747 65 4 43085 273 338
962 43157 54 4 43211 0 54
892 42866 78 3 43217 273 351
298 43241 32 2 43273 0 32
150 43294 39 4 43333 0 39
99 43281 45 4 43365 39 84
794 43428 47 1 43475 0 47
227 43546 29 4 43575 0 29
186 43610 22 4 43632 0 22
918 43569 46 4 43643 28 74
689 43632 60 4 43703 11 71
735 43725 39 3 43764 0 39
932 43771 53 4 43824 0 53
296 43642 60 3 43855 153 213
556 43695 62 2 43917 160 222
123 43953 28 4 43981 0 28
945 43968 35 4 44016 13 48
157 44017 21 4 44038 0 21
624 43694 64 4 44065 307 371
510 43542 71 4 44132 519 590
94 44213 36 3 44249 0 36
88 44157 58 4 44251 36 94
401 44268 23 4 44291 0 23
353 44306 43 2 44349 0 43
3 44253 51 4 44370 66 117
940 44293 52 3 44422 77 129
30 44135 72 4 44470 263 335
925 44511 23 4 44534 0 23
404 44496 46 2 44565 23 69
5 44528 47 3 44612 37 84
31 44066 72 3 44655 517 589
168 44658 24 4 44682 0 24
773 44657 55 2 44736 24 79
343 44190 73 4 44807 544 617
344 44931 35 4 44966 0 35
872 44989 31 2 45020 0 31
282 45047 42 4 45089 0 42
481 44953 53 3 45092 86 139
721 44916 56 3 45133 161 217
599 44885 58 2 45160 217 275
988 45047 61 1 45221 113 174
859 45236 26 2 45262 0 26
84 45240 40 3 45302 22 62
552 44579 95 2 45304 630 725
121 45322 22 2 45344 0 22
232 45378 24 4 45402 0 24
998 45445 33 1 45478 0 33
727 45476 61 4 45539 2 63
706 45520 65 2 45604 19 84
380 45646 24 3 45670 0 24
608 45619 49 4 45692 24 73
167 45736 25 2 45761 0 25
179 45744 28 2 45789 17 45
407 45806 37 2 45843 0 37
830 45730 49 3 45869 90 139
765 45660 57 3 45888 171 228
78 45924 32 4 45956 0 32
850 45976 57 3 46033 0 57
681 46091 42 4 46133 0 42
532 46004 66 4 46141 71 137
491 45627 69 4 46154 458 527
257 46204 24 3 46228 0 24
905 46260 26 3 46286 0 26
544 46212 32 4 46286 42 74
40 46182 38 1 46302 82 120
6 46315 27 4 46342 0 27
263 46319 28 2 46370 23 51
73 46241 40 4 46397 116 156
594 46413 38 2 46451 0 38
42 46320 45 2 46480 115 160
550 45889 74 2 46526 563 637
395 46610 22 4 46632 0 22
29 46596 51 2 46669 22 73
67 46538 64 2 46675 73 137
184 46698 55 4 46753 0 55
177 46755 38 3 46793 0 38
783 46787 52 3 46845 6 58
128 46889 28 4 46917 0 28
350 46875 58 2 46961 28 86
176 46988 23 4 47011 0 23
169 47047 34 4 47081 0 34
891 47029 60 4 47123 34 94
340 46943 62 4 47140 135 197
987 47173 44 2 47217 0 44
356 47208 74 2 47291 9 83
354 46694 75 4 47297 528 603
809 47349 27 1 47376 0 27
487 47358 45 4 47421 18 63
548 47325 51 1 47448 72 123
668 45649 75 3 47464 1740 1815
684 47487 22 4 47509 0 22
656 47491 35 4 47544 18 53
965 47545 32 4 47577 0 32
23 47484 46 4 47619 89 135
515 45662 85 2 47684 1937 2022
382 47688 31 4 47719 0 31
258 47730 37 3 47767 0 37
726 47791 29 4 47820 0 29
20 47723 52 1 47841 66 118
774 47849 20 2 47869 0 20
697 47775 55 4 47916 86 141
906 47936 42 3 47978 0 42
171 47791 83 4 48041 167 250
826 48052 41 4 48093 0 41
228 48157 25 4 48182 0 25
446 48130 33 2 48188 25 58
663 48226 31 3 48257 0 31
840 48206 42 4 48279 31 73
358 48309 41 4 48350 0 41
573 48227 44 3 48364 93 137
26 48401 32 4 48433 0 32
820 48162 63 4 48441 216 279
387 48443 60 3 48503 0 60
216 48481 79 4 48582 22 101
304 48655 21 3 48676 0 21
946 48267 82 4 48683 334 416
122 48709 34 2 48743 0 34
130 48685 52 3 48771 34 86
405 48694 58 2 48829 77 135
895 48939 42 4 48981 0 42
306 48913 48 4 49003 42 90
352 48880 48 2 49018 90 138
52 48740 61 3 49028 227 288
518 49114 28 2 49142 0 28
640 49105 36 4 49169 28 64
843 49082 48 4 49194 64 112
585 49109 55 4 49249 85 140
639 49240 82 4 49331 9 91
711 48412 84 4 49359 863 947
441 47183 91 4 49394 2120 2211
603 49414 61 2 49475 0 61
537 49543 36 4 49579 0 36
196 48421 91 3 49582 1070 1161
538 48485 96 4 49678 1097 1193
4 49683 38 3 49721 0 38
188 49771 45 4 49816 0 45
504 49824 35 4 49859 0 35
327 49813 48 2 49899 38 86
715 49901 31 2 49932 0 31
763 49882 66 2 49996 48 114
951 49817 97 4 50093 179 276
118 50195 65 3 50260 0 65
883 50243 76 3 50336 17 93
125 50381 24 3 50405 0 24
943 50427 24 2 50451 0 24
557 50412 36 4 50472 24 60
837 50392 43 3 50508 73 116
241 50547 34 1 50581 0 34
676 50539 59 4 50632 34 93
287 50548 61 2 50693 84 145
514 50715 31 4 50746 0 31
18 50818 29 4 50847 0 29
999 50772 46 2 50847 29 75
108 50876 58 4 50934 0 58
32 50544 83 2 50940 313 396
451 51020 47 2 51067 0 47
610 51109 20 4 51129 0 20
698 51038 56 3 51143 49 105
339 51213 32 1 51245 0 32
224 51198 49 3 51279 32 81
701 51029 61 2 51285 195 256
997 51322 23 1 51345 0 23
710 51290 49 3 51362 23 72
206 51287 52 4 51411 72 124
935 51443 24 4 51467 0 24
180 51415 50 4 51489 24 74
939 51490 49 3 51539 0 49
530 51506 51 4 51590 33 84
192 51000 68 4 51631 563 631
349 50976 69 3 51676 631 700
930 51716 21 1 51737 0 21
539 51706 46 4 51773 21 67
276 51784 57 2 51841 0 57
420 51881 21 3 51902 0 21
464 51884 37 3 51939 18 55
308 51896 68 3 52007 43 111
163 51725 69 3 52025 231 300
836 52092 21 2 52113 0 21
55 52128 26 3 52154 0 26
741 52157 40 3 52197 0 40
631 52055 56 1 52198 87 143
995 52216 38 4 52254 0 38
873 52279 22 4 52301 0 22
391 52312 35 3 52347 0 35
207 52366 21 4 52387 0 21
728 52249 67 4 52399 83 150
808 52425 35 3 52460 0 35
54 52200 72 4 52490 218 290
863 51345 75 4 52503 1083 1158
531 52513 30 4 52543 0 30
926 51589 78 4 52611 944 1022
696 52613 27 4 52640 0 27
551 52652 28 3 52680 0 28
819 52650 44 3 52722 28 72
70 52758 46 4 52804 0 46
646 52700 48 3 52816 68 116
256 52904 24 2 52928 0 24
509 52824 44 3 52932 64 108
870 52828 44 3 52936 64 108
494 52833 66 3 53002 103 169
511 53025 32 4 53057 0 32
489 53020 47 3 53099 32 79
713 53111 24 3 53135 0 24
762 53171 28 3 53199 0 28
887 52546 89 3 53202 567 656
767 53240 41 2 53281 0 41
324 53298 45 4 53343 0 45
455 53397 34 4 53431 0 34
158 53376 42 4 53452 34 76
449 53337 47 4 53466 82 129
828 53350 87 2 53553 116 203
834 53581 38 1 53619 0 38
321 53575 44 2 53657 38 82
379 53564 72 4 53718 82 154
957 53906 23 4 53929 0 23
329 53974 38 2 54012 0 38
386 54007 41 2 54053 5 46
495 54067 27 2 54094 0 27
880 54061 60 4 54148 27 87
974 53890 76 4 54155 189 265
208 54338 25 4 54363 0 25
119 54366 21 2 54387 0 21
159 54406 20 4 54426 0 20
970 54404 24 4 54448 20 44
10 54276 94 4 54460 90 184
132 54554 38 1 54592 0 38
133 54522 40 4 54600 38 78
788 54642 20 4 54662 0 20
197 54666 21 4 54687 0 21
609 54721 24 4 54745 0 24
475 54715 25 2 54764 24 49
363 54725 30 4 54794 39 69
430 54747 36 2 54830 47 83
210 54589 50 4 54856 217 267
143 54532 50 4 54856 274 324
956 54715 85 2 54941 141 226
412 55016 63 4 55079 0 63
506 54730 88 4 55092 274 362
569 55203 35 4 55238 0 35
214 55261 26 4 55287 0 26
606 55177 50 4 55288 61 111
861 55296 44 2 55340 0 44
347 55511 31 2 55542 0 31
456 55497 33 2 55561 31 64
768 55641 30 4 55671 0 30
564 55510 69 4 55729 150 219
737 55536 69 4 55729 124 193
109 55793 47 4 55840 0 47
322 55856 51 2 55907 0 51
273 55748 66 3 55912 98 164
95 55706 79 3 55972 187 266
536 55983 26 2 56009 0 26
47 56085 28 3 56113 0 28
961 55612 89 2 56115 414 503
903 56146 50 2 56196 0 50
467 56233 25 3 56258 0 25
533 56118 82 1 56275 75 157
8 56302 61 4 56363 0 61
479 56420 35 4 56455 0 35
307 56378 45 1 56458 35 80
267 56465 26 3 56491 0 26
499 56577 54 4 56631 0 54
712 56623 77 4 56708 8 85
574 56765 38 4 56803 0 38
373 56787 54 1 56857 16 70
260 56871 29 3 56900 0 29
877 56729 57 3 56907 121 178
736 56976 23 4 56999 0 23
714 56852 72 3 57002 78 150
938 57044 27 4 57071 0 27
43 57069 65 4 57136 2 67
328 57144 45 4 57189 0 45
253 57190 46 1 57236 0 46
886 57306 22 2 57328 0 22
503 57283 24 4 57329 22 46
534 57264 54 3 57364 46 100
447 57180 63 4 57398 155 218
923 57442 28 2 57470 0 28
579 57221 68 4 57494 205 273
758 56630 81 4 57504 793 874
237 57513 90 3 57603 0 90
440 57705 23 4 57728 0 23
233 57748 29 4 57777 0 29
733 57828 64 3 57892 0 64
911 57955 44 3 57999 0 44
342 57988 47 2 58046 11 58
749 57904 61 4 58056 91 152
416 57890 81 3 58125 154 235
771 58245 25 2 58270 0 25
374 58207 42 1 58274 25 67
202 57838 84 4 58276 354 438
435 58296 50 3 58346 0 50
242 58377 32 4 58409 0 32
126 58447 26 4 58473 0 26
326 58429 30 2 58485 26 56
699 58500 27 3 58527 0 27
680 58486 37 1 58550 27 64
302 58603 33 4 58636 0 33
849 58585 36 2 58654 33 69
796 58682 34 3 58716 0 34
81 58727 23 4 58750 0 23
135 58673 35 4 58765 57 92
333 58544 60 3 58771 167 227
90 58821 23 3 58844 0 23
617 58918 54 1 58972 0 54
259 58922 57 3 59029 50 107
806 59053 37 4 59090 0 37
865 59113 20 3 59133 0 20
587 59130 21 2 59154 3 24
275 59195 27 2 59222 0 27
937 59112 47 3 59227 68 115
597 59250 36 4 59286 0 36
79 59316 36 4 59352 0 36
853 59258 37 4 59359 64 101
812 59315 40 3 59399 44 84
897 59427 28 2 59455 0 28
203 59316 42 3 59469 111 153
855 59074 51 2 59475 350 401
677 59476 53 3 59529 0 53
904 59239 57 3 59585 289 346
958 59614 34 2 59648 0 34
598 59413 58 1 59677 206 264
931 59711 22 4 59733 0 22
672 59685 43 2 59750 22 65
205 59711 44 2 59794 39 83
290 59760 55 2 59849 34 89
581 59021 61 3 59878 796 857
944 59921 40 4 59961 0 40
781 59676 64 4 59982 242 306
772 60001 32 3 60033 0 32
627 59372 74 2 60088 642 716
634 60144 71 3 60215 0 71
295 60268 45 4 60313 0 45
195 60289 49 3 60362 24 73
838 60226 49 2 60369 94 143
331 60095 77 4 60386 214 291
39 60402 28 1 60430 0 28
136 60469 44 3 60513 0 44
799 60388 69 3 60529 72 141
60 60607 21 4 60628 0 21
667 60651 22 4 60673 0 22
332 60636 30 2 60688 22 52
485 60656 38 3 60726 32 70
662 60736 39 4 60775 0 39
69 60606 40 1 60796 150 190
367 60580 41 3 60811 190 231
124 60051 81 4 60832 700 781
674 60907 21 4 60928 0 21
421 58944 86 1 60939 1909 1995
215 60985 43 3 61028 0 43
860 61073 38 3 61111 0 38
74 61127 41 4 61168 0 41
928 61182 45 4 61227 0 45
238 61238 44 4 61282 0 44
272 61091 67 2 61308 150 217
580 61348 42 2 61390 0 42
486 61410 49 4 61459 0 49
899 61220 72 3 61471 179 251
760 61529 28 4 61557 0 28
370 61566 58 1 61624 0 58
83 61456 80 4 61637 101 181
103 59406 94 4 61640 2140 2234
28 61663 56 3 61719 0 56
418 61704 62 3 61781 15 77
990 61819 58 4 61877 0 58
314 61990 79 4 62069 0 79
429 62204 55 3 62259 0 55
780 62310 21 3 62331 0 21
160 62295 45 3 62361 21 66
909 62256 56 4 62381 69 125
823 62424 45 4 62469 0 45
444 62456 52 3 62521 13 65
586 62537 32 4 62569 0 32
280 62558 54 1 62623 11 65
825 62629 35 4 62664 0 35
127 62717 22 4 62739 0 22
139 62708 27 4 62757 22 49
512 62691 31 4 62771 49 80
797 62513 58 3 62780 209 267
397 62416 67 4 62839 356 423
291 62754 69 1 62908 85 154
829 62909 41 4 62950 0 41
968 62957 26 4 62983 0 26
593 62451 70 2 63045 524 594
7 62688 89 4 63134 357 446
801 63163 32 2 63195 0 32
261 63180 44 3 63239 15 59
922 63324 35 4 63359 0 35
751 63388 31 4 63419 0 31
505 63305 74 4 63445 66 140
484 63465 54 2 63519 0 54
529 63495 81 4 63600 24 105
893 63771 37 2 63808 0 37
994 63744 58 3 63839 37 95
116 63738 60 3 63893 95 155
869 63944 29 1 63973 0 29
524 63809 87 4 64009 113 200
793 64023 33 2 64056 0 33
630 64015 44 3 64092 33 77
724 64095 33 4 64128 0 33
400 64123 38 2 64166 5 43
565 64184 61 4 64245 0 61
934 64032 83 1 64307 192 275
424 64330 21 4 64351 0 21
402 64364 36 3 64400 0 36
185 64319 38 3 64414 57 95
527 64458 26 3 64484 0 26
138 64427 34 4 64487 26 60
422 64478 45 4 64532 9 54
293 64330 60 4 64579 189 249
1000 64323 69 4 64648 256 325
981 64822 31 2 64853 0 31
292 64938 22 2 64960 0 22
615 64909 46 1 64977 22 68
114 65069 23 2 65092 0 23
846 65233 31 3 65264 0 31
720 65242 44 4 65308 22 66
432 65312 20 2 65332 0 20
488 65371 61 4 65432 0 61
218 65209 67 1 65432 156 223
371 65404 68 3 65500 28 96
372 65659 32 4 65691 0 32
535 65760 27 2 65787 0 27
810 65692 85 3 65804 27 112
80 65736 85 2 65889 68 153
461 66084 28 4 66112 0 28
658 66032 62 4 66122 28 90
200 66149 23 3 66172 0 23
885 66199 40 3 66239 0 40
618 66252 32 4 66284 0 32
702 66161 62 4 66306 83 145
621 66316 24 4 66340 0 24
368 66016 67 2 66354 271 338
685 66395 45 4 66440 0 45
235 66455 25 4 66480 0 25
411 66428 51 3 66516 37 88
63 66518 30 3 66548 0 30
334 66577 41 2 66618 0 41
919 66634 26 2 66660 0 26
211 66479 57 4 66670 134 191
824 66233 76 2 66705 396 472
310 66784 36 4 66820 0 36
795 66750 38 2 66824 36 74
191 66918 21 3 66939 0 21
568 66954 62 4 67016 0 62
390 67288 25 3 67313 0 25
53 67532 35 3 67567 0 35
323 67638 65 4 67703 0 65
225 67587 77 4 67729 65 142
651 67779 27 4 67806 0 27
879 67815 21 3 67836 0 21
406 67817 37 2 67873 19 56
917 68039 43 3 68082 0 43
839 68073 46 4 68128 9 55
654 67989 53 3 68131 89 142
85 68224 28 4 68252 0 28
756 68244 41 3 68293 8 49
845 68261 42 1 68335 32 74
465 68402 38 4 68440 0 38
601 68428 71 4 68511 12 83
154 68316 72 3 68516 128 200
142 68503 82 4 68598 13 95
243 68513 83 3 68681 85 168
977 68711 25 4 68736 0 25
596 68754 28 2 68782 0 28
983 68801 58 3 68859 0 58
890 68810 62 2 68921 49 111
851 69003 20 4 69023 0 20
318 68980 29 2 69029 20 49
993 69069 29 4 69098 0 29
312 69050 30 4 69109 29 59
146 69197 55 4 69252 0 55
881 69139 65 4 69259 55 120
269 69272 37 3 69309 0 37
14 69284 46 3 69394 64 110
750 69316 46 3 69401 39 85
775 69579 37 4 69616 0 37
738 69833 20 4 69853 0 20
240 69823 26 4 69869 20 46
798 69821 34 3 69901 46 80
409 69814 51 4 69945 80 131
443 69771 55 4 69957 131 186
814 69986 23 4 70009 0 23
141 69750 77 4 70036 209 286
365 70047 32 2 70079 0 32
151 70065 35 2 70114 14 49
690 70220 21 4 70241 0 21
941 70209 31 4 70261 21 52
878 70296 33 3 70329 0 33
98 70403 41 4 70444 0 41
483 70451 27 1 70478 0 27
707 70601 32 2 70633 0 32
582 70819 34 2 70853 0 34
137 70880 36 1 70916 0 36
959 70843 66 3 70955 46 112
555 70957 34 4 70991 0 34
989 71406 20 3 71426 0 20
247 71427 24 3 71451 0 24
554 71462 44 1 71506 0 44
605 71527 65 3 71592 0 65
613 71638 54 3 71692 0 54
992 71760 38 2 71798 0 38
91 71805 48 4 71853 0 48
652 71811 56 1 71909 42 98
871 72030 40 4 72070 0 40
297 72032 41 4 72111 38 79
811 72147 40 3 72187 0 40
496 72061 46 3 72197 90 136
622 72215 28 4 72243 0 28
148 72217 48 2 72291 26 74
77 72044 53 1 72326 229 282
665 72332 23 3 72355 0 23
730 72276 57 3 72406 73 130
50 72417 26 2 72443 0 26
120 72214 63 4 72495 218 281
155 72649 24 3 72673 0 24
743 72851 25 3 72876 0 25
973 72857 34 3 72910 19 53
666 72827 60 4 72946 59 119
742 72949 49 4 72998 0 49
187 73006 52 3 73058 0 52
389 73215 23 3 73238 0 23
650 73364 48 3 73412 0 48
172 73317 51 2 73416 48 99
96 73584 44 4 73628 0 44
223 73657 50 4 73707 0 50
787 73896 23 4 73919 0 23
502 74221 42 1 74263 0 42
145 74207 66 3 74315 42 108
558 74189 72 4 74369 108 180
723 74172 74 3 74426 180 254
967 74500 29 4 74529 0 29
82 74583 61 3 74644 0 61
501 74648 23 1 74671 0 23
319 74677 40 4 74717 0 40
889 74533 64 2 74721 124 188
975 74830 82 3 74912 0 82
25 75008 22 2 75030 0 22
149 75060 25 4 75085 0 25
448 75178 24 3 75202 0 24
972 75301 35 2 75336 0 35
101 75257 50 4 75342 35 85
817 75469 49 3 75518 0 49
9 75630 23 3 75653 0 23
521 75613 57 4 75693 23 80
657 75859 40 4 75899 0 40
62 75811 51 4 75902 40 91
219 76073 25 4 76098 0 25
752 76110 81 3 76191 0 81
476 76203 42 4 76245 0 42
769 76493 41 3 76534 0 41
471 76643 32 3 76675 0 32
436 76744 30 3 76774 0 30
790 76920 33 4 76953 0 33
693 76964 42 3 77006 0 42
174 76917 48 4 77040 75 123
822 76959 49 4 77089 81 130
34 76959 68 2 77157 130 198
61 76908 71 2 77219 240 311
841 77275 33 4 77308 0 33
991 77317 31 2 77348 0 31
27 77031 73 3 77356 252 325
230 77298 75 4 77431 58 133
428 77540 50 3 77590 0 50
947 77701 48 4 77749 0 48
112 77775 85 1 77860 0 85
588 77928 40 2 77968 0 40
147 78022 35 1 78057 0 35
102 78047 63 3 78120 10 73
628 77964 72 1 78138 102 174
633 78350 34 4 78384 0 34
277 78670 38 3 78708 0 38
862 78781 32 4 78813 0 32
867 79031 52 4 79083 0 52
474 79275 22 1 79297 0 22
299 79473 60 4 79533 0 60
577 79740 56 4 79796 0 56
915 79974 33 2 80007 0 33
385 80019 45 2 80064 0 45
874 80286 29 1 80315 0 29
378 80389 70 1 80459 0 70
683 80607 24 3 80631 0 24
178 80633 36 4 80669 0 36
294 80849 24 2 80873 0 24
636 80892 38 4 80930 0 38
173 80956 54 4 81010 0 54
831 81080 20 2 81100 0 20
46 81141 35 4 81176 0 35
56 81387 69 2 81456 0 69
842 81840 48 3 81888 0 48
348 82011 23 4 82034 0 23
164 81985 76 2 82084 23 99
818 82143 43 4 82186 0 43
24 82204 47 4 82251 0 47
115 82152 51 4 82284 81 132
453 82169 53 3 82337 115 168
222 82170 57 2 82394 167 224
439 82501 46 4 82547 0 46
249 83142 32 4 83174 0 32
589 83223 53 3 83276 0 53
284 83321 40 1 83361 0 40
369 83681 26 3 83707 0 26
414 83636 65 1 83727 26 91
48 84022 80 4 84102 0 80
460 84295 43 2 84338 0 43
986 84409 28 2 84437 0 28
438 84407 33 3 84468 28 61
526 84539 82 4 84621 0 82
182 84638 44 4 84682 0 44
301 84950 35 3 84985 0 35
320 85011 27 1 85038 0 27
212 85597 71 2 85668 0 71
753 85750 46 2 85796 0 46
426 85745 74 4 85865 46 120
929 86902 37 3 86939 0 37
562 87403 57 1 87460 0 57
209 87666 37 4 87703 0 37
337 87644 52 4 87733 37 89
470 88162 28 4 88190 0 28
104 88290 23 4 88313 0 23
452 88511 25 4 88536 0 25
239 88584 24 2 88608 0 24
492 89187 47 3 89234 0 47
38 90025 44 4 90069 0 44
625 91099 38 3 91137 0 38
694 91984 55 1 92039 0 55
670 93317 51 4 93368 0 51
336 93484 21 1 93505 0 21
901 93810 31 2 93841 0 31
757 94028 38 2 94066 0 38
933 94209 46 3 94255 0 46
274 94528 32 2 94560 0 32
779 94634 30 3 94664 0 30
966 94534 79 4 94669 56 135
759 95073 36 3 95109 0 36
688 95435 46 4 95481 0 46
916 96752 68 4 96820 0 68
469 99112 53 4 99165 0 53
76 100000 28 4 100056 28 56
920 100000 28 4 100056 28 56
611 100000 28 2 100084 56 84
162 100000 43 4 100127 84 127
425 100000 44 1 100171 127 171
561 100000 59 4 100230 171 230
900 100000 70 3 100300 230 300
