100249 1000 119 73
632 0 24 4 24 0 24
213 0 82 2 106 24 106
130 139 81 4 220 0 81
707 1106 40 4 1146 0 40
698 1736 22 2 1758 0 22
623 3532 32 2 3564 0 32
921 3525 53 3 3610 32 85
221 3829 51 3 3880 0 51
893 4924 44 4 4968 0 44
406 5561 44 2 5605 0 44
270 5698 72 1 5770 0 72
384 5850 88 2 5938 0 88
913 6958 32 3 6990 0 32
149 7392 59 2 7451 0 59
654 7671 24 4 7695 0 24
603 8378 72 3 8450 0 72
587 9025 52 1 9077 0 52
222 9220 89 2 9309 0 89
133 10043 61 4 10104 0 61
436 11130 35 4 11165 0 35
943 11392 59 2 11451 0 59
50 11794 70 1 11864 0 70
79 12243 34 3 12277 0 34
19 12206 71 4 12311 34 105
405 12527 65 4 12592 0 65
196 12633 47 3 12680 0 47
846 12701 41 2 12742 0 41
602 13473 48 2 13521 0 48
588 13702 24 3 13726 0 24
955 13719 41 3 13767 7 48
519 13740 51 4 13818 27 78
624 14382 47 2 14429 0 47
595 14505 30 4 14535 0 30
994 14623 49 3 14672 0 49
124 14772 64 3 14836 0 64
984 14820 89 1 14925 16 105
119 15006 78 3 15084 0 78
699 15245 22 3 15267 0 22
302 15976 38 4 16014 0 38
366 16204 57 4 16261 0 57
34 16230 90 3 16351 31 121
755 16425 27 4 16452 0 27
335 16546 23 3 16569 0 23
481 16540 68 4 16631 23 91
401 16798 81 3 16879 0 81
967 17352 37 4 17389 0 37
675 17429 25 4 17454 0 25
611 17305 89 2 17456 62 151
269 17920 67 4 17987 0 67
517 18103 61 4 18164 0 61
1000 18206 36 4 18242 0 36
648 18856 45 2 18901 0 45
31 19308 30 2 19338 0 30
562 19397 29 4 19426 0 29
178 19366 45 4 19440 29 74
652 19344 64 4 19482 74 138
375 19707 71 4 19778 0 71
543 19854 27 2 19881 0 27
76 20448 31 2 20479 0 31
433 20621 68 4 20689 0 68
255 20664 78 3 20767 25 103
286 21104 51 2 21155 0 51
372 21272 51 3 21323 0 51
168 21477 33 4 21510 0 33
500 21536 30 2 21566 0 30
732 21520 46 3 21596 30 76
229 21618 22 3 21640 0 22
767 21795 21 4 21816 0 21
869 21869 43 4 21912 0 43
710 21937 50 2 21987 0 50
708 21976 52 4 22039 11 63
863 22108 45 1 22153 0 45
231 22267 44 1 22311 0 44
104 22366 44 1 22410 0 44
505 22448 31 4 22479 0 31
873 22508 25 3 22533 0 25
53 22632 43 1 22675 0 43
945 22587 69 1 22699 43 112
928 23070 42 4 23112 0 42
430 23105 71 4 23183 7 78
768 23259 24 2 23283 0 24
570 23318 35 3 23353 0 35
961 23363 32 3 23395 0 32
252 23390 71 3 23466 5 76
107 23286 75 4 23499 138 213
455 23306 96 2 23595 193 289
418 23626 33 4 23659 0 33
899 23674 71 4 23745 0 71
819 23796 36 4 23832 0 36
495 23800 62 3 23894 32 94
800 23781 68 4 23947 98 166
582 23970 44 4 24014 0 44
47 24033 23 4 24056 0 23
838 24190 77 1 24267 0 77
175 24456 37 3 24493 0 37
96 24481 45 2 24538 12 57
775 24984 39 3 25023 0 39
300 25089 60 4 25149 0 60
4 25053 95 3 25208 60 155
555 25231 64 3 25295 0 64
380 25357 38 2 25395 0 38
864 25435 37 4 25472 0 37
271 25487 46 4 25533 0 46
463 25583 41 4 25624 0 41
278 25634 49 2 25683 0 49
855 25488 61 4 25684 135 196
161 25739 25 3 25764 0 25
615 25522 69 2 25778 187 256
996 25786 21 3 25807 0 21
151 25805 29 4 25836 2 31
417 26037 56 2 26093 0 56
7 26138 31 3 26169 0 31
659 26137 52 1 26220 31 83
426 26070 61 3 26237 106 167
912 26246 23 4 26269 0 23
861 26281 43 3 26324 0 43
904 26065 62 4 26365 238 300
677 26526 24 4 26550 0 24
966 26483 46 4 26553 24 70
917 26595 63 4 26658 0 63
172 26532 78 4 26694 84 162
207 26808 45 4 26853 0 45
936 26873 51 4 26924 0 51
331 27175 29 3 27204 0 29
804 27291 22 4 27313 0 22
700 27518 42 3 27560 0 42
720 27736 56 4 27792 0 56
671 27892 24 4 27916 0 24
435 27860 55 3 27939 24 79
16 27970 46 3 28016 0 46
848 28039 29 4 28068 0 29
727 28091 21 1 28112 0 21
598 28033 47 4 28130 50 97
74 28632 28 3 28660 0 28
572 28728 22 1 28750 0 22
17 28851 33 4 28884 0 33
825 28933 55 3 28988 0 55
504 29033 46 4 29079 0 46
73 29081 34 3 29115 0 34
195 29117 39 4 29156 0 39
152 29203 58 4 29261 0 58
259 29012 78 4 29267 177 255
2 29290 24 3 29314 0 24
214 29339 23 2 29362 0 23
876 29366 31 2 29397 0 31
580 29282 46 3 29406 78 124
673 29298 58 3 29464 108 166
906 29514 50 4 29564 0 50
672 29404 69 3 29583 110 179
446 29644 29 4 29673 0 29
49 29732 33 1 29765 0 33
484 29798 23 4 29821 0 23
93 29735 41 3 29829 53 94
267 29659 78 4 29848 111 189
532 29601 80 4 29885 204 284
999 29613 84 2 29969 272 356
690 30155 51 4 30206 0 51
683 30488 47 2 30535 0 47
187 30564 24 4 30588 0 24
730 30555 54 2 30633 24 78
647 30469 67 4 30661 125 192
739 30516 74 4 30735 145 219
153 30746 30 2 30776 0 30
408 30909 24 4 30933 0 24
526 30880 59 3 30963 24 83
810 31103 38 4 31141 0 38
696 31155 40 3 31195 0 40
329 31203 69 3 31272 0 69
758 31362 22 3 31384 0 22
781 31389 38 2 31427 0 38
733 31483 39 3 31522 0 39
173 31595 28 3 31623 0 28
550 31531 87 3 31646 28 115
789 31740 30 4 31770 0 30
32 31734 36 2 31800 30 66
744 31915 31 4 31946 0 31
931 31913 67 1 32011 31 98
964 32297 35 4 32332 0 35
39 32370 27 3 32397 0 27
715 32353 44 2 32424 27 71
854 32484 68 4 32552 0 68
308 32656 26 4 32682 0 26
407 32644 31 4 32701 26 57
858 32747 57 2 32804 0 57
995 32963 36 3 32999 0 36
114 33042 60 3 33102 0 60
824 32987 65 3 33124 72 137
403 32990 71 4 33195 134 205
441 33266 45 3 33311 0 45
879 33278 50 4 33361 33 83
631 33361 51 4 33412 0 51
884 33221 73 4 33440 146 219
797 32989 75 4 33489 425 500
785 33446 79 2 33568 43 122
903 33851 38 3 33889 0 38
314 33809 47 3 33894 38 85
205 33913 53 1 33966 0 53
935 33986 36 3 34022 0 36
439 33846 80 4 34063 137 217
880 34099 29 4 34128 0 29
374 34245 35 3 34280 0 35
246 34316 34 2 34350 0 34
35 34356 27 3 34383 0 27
298 34255 53 3 34394 86 139
604 34525 42 3 34567 0 42
612 34582 28 3 34610 0 28
249 34609 50 1 34660 1 51
641 34534 60 3 34705 111 171
65 34801 25 3 34826 0 25
282 34773 32 4 34830 25 57
637 34690 73 3 34835 72 145
842 34864 28 4 34892 0 28
285 34928 30 4 34958 0 30
373 34958 92 4 35050 0 92
138 34667 94 4 35079 318 412
687 35170 42 4 35212 0 42
103 35134 47 4 35223 42 89
414 35170 51 4 35274 53 104
378 35154 75 4 35349 120 195
770 35390 24 2 35414 0 24
224 35482 22 4 35504 0 22
323 35451 40 3 35513 22 62
24 35573 34 2 35607 0 34
926 35457 67 1 35614 90 157
208 35624 26 2 35650 0 26
929 35702 20 4 35722 0 20
266 35659 85 3 35764 20 105
281 35852 68 2 35920 0 68
112 35947 73 2 36020 0 73
420 36022 26 4 36048 0 26
875 36045 32 3 36080 3 35
533 36033 53 3 36133 47 100
818 36199 64 4 36263 0 64
66 36347 39 4 36386 0 39
956 36393 27 3 36420 0 27
979 36376 55 4 36468 37 92
790 36438 59 3 36527 30 89
512 36554 26 4 36580 0 26
83 36570 37 4 36617 10 47
428 36651 34 2 36685 0 34
782 36725 32 1 36757 0 32
409 36615 79 3 36762 68 147
549 36685 82 3 36844 77 159
118 36888 39 4 36927 0 39
835 37022 37 2 37059 0 37
681 37087 55 1 37142 0 55
232 37147 56 3 37203 0 56
210 37083 59 4 37253 111 170
747 37207 62 4 37315 46 108
667 37376 35 4 37411 0 35
786 37332 45 4 37412 35 80
244 37181 85 4 37480 214 299
712 37522 27 3 37549 0 27
787 37555 49 4 37604 0 49
140 37633 26 3 37659 0 26
454 37651 33 2 37692 8 41
346 37762 31 1 37793 0 31
988 37853 21 4 37874 0 21
396 37791 72 3 37886 23 95
644 38011 53 3 38064 0 53
487 38148 26 4 38174 0 26
332 38178 26 2 38204 0 26
923 38226 20 3 38246 0 20
242 38116 59 4 38247 72 131
924 38250 23 2 38273 0 23
485 37996 76 4 38289 217 293
822 38187 76 4 38355 92 168
902 38357 41 3 38398 0 41
553 38501 52 3 38553 0 52
977 38555 35 4 38590 0 35
251 38679 31 3 38710 0 31
351 38648 55 4 38734 31 86
510 38790 66 4 38856 0 66
350 39222 32 3 39254 0 32
982 39293 44 4 39337 0 44
312 39339 26 4 39365 0 26
953 39262 47 4 39379 70 117
98 39189 61 1 39399 149 210
122 39463 46 4 39509 0 46
585 39421 68 2 39535 46 114
793 39593 37 2 39630 0 37
499 39632 39 3 39671 0 39
497 39556 49 3 39681 76 125
688 39563 52 3 39733 118 170
666 39687 64 3 39797 46 110
123 39589 66 4 39863 208 274
740 39900 29 1 39929 0 29
305 39929 58 3 39987 0 58
760 40002 47 4 40049 0 47
850 39760 66 3 40063 237 303
142 40068 47 3 40115 0 47
136 39601 70 4 40180 509 579
622 40269 28 3 40297 0 28
811 40223 67 4 40318 28 95
444 40388 34 1 40422 0 34
451 40379 43 4 40456 34 77
262 40508 28 3 40536 0 28
256 40470 56 4 40554 28 84
338 40247 84 3 40563 232 316
322 40585 27 4 40612 0 27
58 39551 88 4 40630 991 1079
181 39169 92 3 40664 1403 1495
885 40693 45 2 40738 0 45
523 40692 51 1 40788 45 96
839 40794 39 2 40833 0 39
102 40717 56 3 40883 110 166
888 40867 65 3 40948 16 81
468 39612 98 3 41018 1308 1406
158 41044 23 3 41067 0 23
38 41068 21 1 41089 0 21
247 41067 23 1 41111 21 44
143 41350 41 3 41391 0 41
937 41408 28 4 41436 0 28
779 41348 46 4 41463 69 115
165 41480 47 3 41527 0 47
918 41427 52 2 41562 83 135
415 41577 26 4 41603 0 26
932 41584 69 4 41672 19 88
363 41764 45 4 41809 0 45
128 41748 62 4 41855 45 107
69 41611 77 4 41856 168 245
520 41887 32 4 41919 0 32
783 41942 38 2 41980 0 38
190 42017 63 4 42080 0 63
983 42140 31 4 42171 0 31
111 42102 52 3 42185 31 83
219 42188 36 4 42224 0 36
751 42253 43 2 42296 0 43
394 42084 53 4 42299 162 215
310 42327 50 2 42377 0 50
728 42161 69 4 42418 188 257
238 42431 29 4 42460 0 29
344 42422 41 4 42492 29 70
77 42508 39 3 42547 0 39
467 42484 48 4 42579 47 95
226 42438 64 3 42643 141 205
498 42671 32 3 42703 0 32
182 42750 50 4 42800 0 50
356 42849 23 4 42872 0 23
849 42868 27 4 42899 4 31
840 42924 27 2 42951 0 27
613 42876 47 2 42973 50 97
814 43028 29 4 43057 0 29
686 43076 43 2 43119 0 43
980 43155 28 4 43183 0 28
425 43149 43 2 43220 28 71
421 43191 46 4 43266 29 75
274 43079 59 4 43295 157 216
597 43007 69 4 43324 248 317
469 43158 70 3 43394 166 236
665 43113 93 4 43487 281 374
459 42966 96 1 43549 487 583
465 43622 27 4 43649 0 27
131 43590 61 2 43678 27 88
882 43762 26 1 43788 0 26
784 43794 28 3 43822 0 28
567 43826 22 3 43848 0 22
548 43829 31 2 43879 19 50
778 43750 32 4 43889 107 139
386 43894 22 2 43916 0 22
946 43834 36 1 43947 77 113
735 43809 65 3 44012 138 203
539 43848 74 3 44086 164 238
318 43700 74 1 44110 336 410
253 44220 21 3 44241 0 21
905 44358 35 4 44393 0 35
404 44384 63 2 44456 9 72
265 44500 21 3 44521 0 21
993 44460 42 4 44523 21 63
541 44578 48 3 44626 0 48
167 44630 52 3 44682 0 52
574 44599 55 2 44733 79 134
584 44762 39 3 44801 0 39
197 44845 23 4 44868 0 23
669 44836 35 3 44894 23 58
971 44801 42 3 44901 58 100
263 44910 29 4 44939 0 29
71 44909 30 3 44968 29 59
753 44944 31 2 44999 24 55
695 44971 35 3 45034 28 63
336 44676 59 4 45056 321 380
14 44823 60 1 45116 233 293
301 44858 68 2 45184 258 326
345 45190 30 2 45220 0 30
218 45207 39 4 45259 13 52
132 45200 45 2 45304 59 104
220 44526 70 4 45316 720 790
725 45360 34 3 45394 0 34
466 45405 58 3 45463 0 58
815 45495 26 4 45521 0 26
834 45470 51 3 45547 26 77
542 45591 22 2 45613 0 22
985 45524 52 2 45621 45 97
59 45637 47 4 45684 0 47
472 44744 78 1 45684 862 940
633 45778 35 4 45813 0 35
639 45706 72 4 45813 35 107
628 45846 51 3 45897 0 51
470 45909 32 3 45941 0 32
70 45873 53 4 45982 56 109
309 46044 27 3 46071 0 27
1 45954 62 2 46071 55 117
245 45438 89 4 46105 578 667
817 46198 30 4 46228 0 30
619 46243 24 4 46267 0 24
339 46396 24 4 46420 0 24
184 46388 25 4 46437 24 49
895 46399 25 3 46462 38 63
381 46451 37 3 46499 11 48
389 46359 45 2 46515 111 156
900 46367 56 1 46571 148 204
371 46698 25 3 46723 0 25
464 46676 45 4 46746 25 70
717 46782 31 4 46813 0 31
682 46729 49 4 46826 48 97
563 46714 50 4 46876 112 162
625 46930 42 3 46972 0 42
593 46697 60 2 46978 221 281
528 46987 23 2 47010 0 23
950 47046 42 4 47088 0 42
947 47005 51 2 47103 47 98
198 47113 30 4 47143 0 30
90 47108 40 2 47178 30 70
645 47212 25 4 47237 0 25
170 47247 44 3 47291 0 44
171 47228 49 2 47330 53 102
616 47117 57 3 47353 179 236
243 47399 23 4 47422 0 23
830 47361 38 2 47422 23 61
883 47356 40 2 47457 61 101
397 47566 32 1 47598 0 32
610 47601 23 4 47624 0 23
489 47651 32 4 47683 0 32
626 47608 33 3 47689 48 81
940 47554 43 2 47717 120 163
164 47510 52 4 47725 163 215
806 47761 28 1 47789 0 28
554 47632 62 4 47815 121 183
27 47305 62 2 47821 454 516
689 47885 20 2 47905 0 20
393 47877 58 3 47955 20 78
18 47472 70 3 47969 427 497
796 47972 21 4 47993 0 21
605 48023 41 3 48064 0 41
491 47972 53 4 48087 62 115
422 48119 27 4 48146 0 27
25 48120 30 3 48176 26 56
776 48090 49 1 48196 57 106
412 48117 51 4 48247 79 130
948 48120 51 2 48298 127 178
731 48314 52 4 48366 0 52
513 48244 56 4 48406 106 162
367 48449 45 4 48494 0 45
392 48091 61 3 48512 360 421
942 48524 50 4 48574 0 50
347 48578 32 4 48610 0 32
726 48056 61 1 48652 535 596
693 48669 30 4 48699 0 30
217 48743 60 3 48803 0 60
228 48089 62 4 48804 653 715
52 48857 26 4 48883 0 26
741 47983 68 3 48898 847 915
460 48659 75 3 48973 239 314
440 49070 31 3 49101 0 31
10 49035 61 4 49127 31 92
959 48690 77 4 49142 375 452
670 49215 37 2 49252 0 37
458 49177 43 4 49257 37 80
453 49263 38 3 49301 0 38
476 49372 25 3 49397 0 25
234 49368 26 4 49419 25 51
761 49357 28 3 49436 51 79
773 49468 35 3 49503 0 35
569 49377 38 3 49509 94 132
668 49319 39 3 49510 152 191
987 49500 46 1 49556 10 56
385 49603 29 1 49632 0 29
456 49456 53 2 49638 129 182
203 49205 63 3 49677 409 472
135 49718 21 3 49739 0 21
651 49750 47 1 49797 0 47
679 49691 66 2 49825 68 134
150 49162 69 4 49865 634 703
621 49176 72 2 49937 689 761
646 47934 77 3 49991 1980 2057
333 50090 41 4 50131 0 41
916 50047 47 3 50135 41 88
745 50010 50 3 50148 88 138
22 50197 29 3 50226 0 29
788 50191 33 2 50253 29 62
743 50182 70 4 50314 62 132
501 47027 78 3 50334 3229 3307
268 50383 38 4 50421 0 38
44 46837 79 3 50442 3526 3605
60 50607 35 4 50642 0 35
449 50648 20 2 50668 0 20
257 50669 26 4 50695 0 26
120 50688 26 1 50721 7 33
514 50667 29 4 50749 53 82
233 50552 71 4 50759 136 207
860 50763 32 4 50795 0 32
427 50540 88 4 50867 239 327
163 48146 89 4 50947 2712 2801
337 48627 89 4 50947 2231 2320
685 51058 43 3 51101 0 43
724 51009 50 3 51102 43 93
390 51119 29 1 51148 0 29
552 51109 43 2 51181 29 72
958 51005 51 4 51221 165 216
709 51209 52 4 51273 12 64
927 51203 88 1 51361 70 158
376 51378 63 4 51441 0 63
91 49647 93 4 51459 1719 1812
662 51534 44 3 51578 0 44
694 48562 94 2 51597 2941 3035
92 51608 30 4 51638 0 30
364 51714 35 4 51749 0 35
193 51789 24 4 51813 0 24
909 51721 49 2 51822 52 101
192 51825 38 4 51863 0 38
382 51867 43 1 51910 0 43
674 51896 66 3 51976 14 80
211 51654 72 1 51981 255 327
225 52081 66 4 52147 0 66
871 52219 28 3 52247 0 28
802 52174 45 3 52247 28 73
898 52172 51 4 52296 73 124
896 52238 68 3 52364 58 126
359 52395 32 4 52427 0 32
544 52436 26 3 52462 0 26
525 52389 36 3 52483 58 94
343 52411 42 4 52525 72 114
352 52551 25 3 52576 0 25
235 52559 25 1 52601 17 42
33 52533 37 2 52620 50 87
89 52645 37 1 52682 0 37
634 52681 38 4 52720 1 39
509 52502 59 2 52746 185 244
774 52749 24 3 52773 0 24
41 52819 22 4 52841 0 22
276 52848 28 4 52876 0 28
558 52801 31 4 52882 50 81
630 52766 56 2 52910 88 144
891 52919 28 2 52947 0 28
951 53009 32 3 53041 0 32
303 52956 54 3 53042 32 86
566 53045 24 3 53069 0 24
866 52699 70 4 53115 346 416
575 53154 22 3 53176 0 22
812 52886 71 4 53208 251 322
746 53251 21 4 53272 0 21
991 53023 76 3 53305 206 282
358 53310 21 4 53331 0 21
306 53357 30 4 53387 0 30
28 53355 33 4 53418 30 63
827 52585 77 2 53466 804 881
475 53650 28 1 53678 0 28
729 53676 46 4 53724 2 48
608 53680 47 4 53771 44 91
680 53653 50 3 53821 118 168
757 53837 51 4 53888 0 51
799 53677 58 3 53930 195 253
411 53937 51 3 53988 0 51
486 54011 41 4 54052 0 41
42 54075 25 3 54100 0 25
765 53909 83 2 54130 138 221
239 54148 22 1 54170 0 22
353 54193 47 4 54240 0 47
658 54264 20 4 54284 0 20
620 54269 23 4 54307 15 38
596 54318 24 4 54342 0 24
638 54353 32 4 54385 0 32
413 54205 58 4 54397 134 192
291 54254 75 1 54472 143 218
636 54495 39 1 54534 0 39
442 54588 39 1 54627 0 39
113 54667 27 2 54694 0 27
67 54702 46 3 54748 0 46
482 54752 28 1 54780 0 28
939 54618 74 4 54802 110 184
391 54857 32 3 54889 0 32
853 54926 22 1 54948 0 22
752 54908 24 3 54954 22 46
704 54991 32 3 55023 0 32
78 54943 46 1 55032 43 89
275 55059 40 2 55099 0 40
934 55149 42 3 55191 0 42
63 55201 20 3 55221 0 20
535 55107 56 4 55225 62 118
294 55301 35 4 55336 0 35
714 55311 35 2 55371 25 60
976 55406 22 4 55428 0 22
540 55422 29 2 55457 6 35
48 55418 30 1 55487 39 69
692 55375 36 4 55492 81 117
176 55450 40 4 55532 42 82
527 55571 23 2 55594 0 23
845 55520 41 4 55596 35 76
488 55263 70 2 55624 291 361
201 55563 83 2 55707 61 144
856 55724 22 1 55746 0 22
254 55015 94 4 55750 641 735
969 55904 33 2 55937 0 33
832 55961 44 3 56005 0 44
349 56006 34 2 56040 0 34
564 56101 33 4 56134 0 33
998 56152 38 4 56190 0 38
194 56168 40 2 56230 22 62
241 56299 31 4 56330 0 31
478 56262 39 4 56332 31 70
117 56305 74 3 56406 27 101
968 56510 40 4 56550 0 40
326 56581 36 3 56617 0 36
434 56544 41 4 56627 42 83
851 56466 44 3 56627 117 161
180 56651 22 1 56673 0 22
108 56505 45 4 56694 144 189
759 56444 60 4 56732 228 288
908 56806 22 4 56828 0 22
212 56727 63 4 56880 90 153
43 56729 63 4 56880 88 151
189 56907 54 3 56961 0 54
592 56942 56 4 57017 19 75
95 56823 70 4 57060 167 237
560 57074 41 4 57115 0 41
304 57071 43 3 57155 41 84
867 57093 74 4 57229 62 136
664 57243 24 3 57267 0 24
125 57257 28 4 57295 10 38
320 57317 20 4 57337 0 20
949 57315 21 4 57356 20 41
360 57357 41 4 57398 0 41
576 57044 78 4 57430 308 386
530 57439 75 3 57514 0 75
831 56527 84 1 57589 978 1062
506 57703 38 4 57741 0 38
820 57669 44 2 57751 38 82
416 56746 91 2 57762 925 1016
713 57763 37 4 57800 0 37
777 56213 94 4 57823 1516 1610
325 57853 43 3 57896 0 43
579 57915 28 2 57943 0 28
938 57990 30 3 58020 0 30
565 57959 33 3 58022 30 63
94 58009 54 4 58076 13 67
901 57888 54 2 58095 153 207
80 58105 41 4 58146 0 41
334 58149 40 3 58189 0 40
100 58054 55 3 58231 122 177
387 57982 68 2 58299 249 317
15 58300 48 3 58348 0 48
981 58383 30 4 58413 0 30
911 58364 38 4 58432 30 68
395 58462 31 4 58493 0 31
801 58433 64 4 58528 31 95
522 58205 73 4 58583 305 378
803 57918 74 3 58657 665 739
61 58726 40 2 58766 0 40
160 58681 45 3 58766 40 85
174 58375 75 3 58817 367 442
502 58919 41 4 58999 39 80
134 58921 41 4 59001 39 80
209 58833 87 2 59002 82 169
260 58643 93 2 59079 343 436
321 59100 29 4 59129 0 29
296 59092 50 3 59171 29 79
248 59186 63 4 59249 0 63
635 59099 65 1 59299 135 200
862 59414 25 4 59439 0 25
293 59468 26 4 59494 0 26
970 59489 48 2 59542 5 53
144 59402 73 4 59574 99 172
82 59326 95 3 59593 172 267
609 59616 22 3 59638 0 22
431 59605 32 2 59659 22 54
887 59677 27 4 59704 0 27
531 59673 35 4 59735 27 62
594 59793 28 4 59821 0 28
960 59814 37 4 59858 7 44
85 59923 21 2 59944 0 21
978 59936 28 2 59972 8 36
448 59896 29 2 59974 49 78
471 59824 60 2 59996 112 172
29 59721 60 1 59998 217 277
227 60024 37 4 60061 0 37
3 60063 27 2 60090 0 27
914 60035 61 1 60149 53 114
106 59920 82 1 60205 203 285
805 58883 97 3 60236 1256 1353
272 60245 42 3 60287 0 42
915 60343 55 3 60398 0 55
369 60409 33 2 60442 0 33
438 60442 39 3 60481 0 39
590 60525 32 4 60557 0 32
780 60441 59 2 60572 72 131
577 60672 40 2 60712 0 40
941 60630 51 2 60721 40 91
20 60791 43 4 60834 0 43
146 60767 50 4 60860 43 93
551 60890 36 3 60926 0 36
141 60763 51 1 60943 129 180
705 60696 55 3 60956 205 260
116 60981 43 3 61024 0 43
703 60947 57 3 61056 52 109
365 61082 25 4 61107 0 25
836 61063 27 3 61115 25 52
963 61071 31 1 61146 44 75
354 61075 66 1 61212 71 137
299 60672 67 4 61272 533 600
952 60434 74 4 61288 780 854
649 61348 21 2 61369 0 21
423 60867 81 4 61390 442 523
490 60842 87 1 61477 548 635
515 61510 27 3 61537 0 27
327 61557 29 2 61586 0 29
965 61589 38 4 61627 0 38
240 61505 39 4 61638 94 133
230 61696 28 2 61724 0 28
534 61741 57 4 61798 0 57
617 61636 94 4 61817 87 181
660 61846 29 1 61875 0 29
736 61899 56 3 61955 0 56
87 61973 24 1 61997 0 24
432 61972 36 4 62032 24 60
865 61919 87 1 62102 96 183
737 61955 88 4 62190 147 235
925 62196 35 3 62231 0 35
56 62259 22 3 62281 0 22
443 62193 49 3 62299 57 106
185 62356 59 3 62415 0 59
410 62218 61 4 62419 140 201
258 62362 75 4 62494 57 132
511 62708 31 4 62739 0 31
483 62879 38 1 62917 0 38
127 62937 32 4 62969 0 32
68 62937 54 3 63023 32 86
529 63032 51 2 63083 0 51
655 63140 48 1 63188 0 48
191 63229 25 2 63254 0 25
559 63203 68 2 63296 25 93
962 63303 21 2 63324 0 21
126 63400 29 4 63429 0 29
162 63418 30 4 63459 11 41
46 63491 28 3 63519 0 28
492 63559 41 3 63600 0 41
857 63487 44 1 63600 69 113
503 63637 21 2 63658 0 21
480 63492 65 3 63686 129 194
37 63513 66 3 63752 173 239
12 63824 28 4 63852 0 28
826 63811 45 4 63884 28 73
348 63919 22 4 63941 0 22
508 63905 22 3 63949 22 44
137 63985 34 4 64019 0 34
829 63890 54 3 64022 78 132
402 64026 22 2 64048 0 22
697 64082 24 4 64106 0 24
618 64172 68 2 64240 0 68
516 64094 76 2 64250 80 156
847 63800 83 2 64278 395 478
975 64291 51 2 64342 0 51
200 64404 78 3 64482 0 78
691 64551 23 4 64574 0 23
398 64549 53 3 64625 23 76
868 64789 25 2 64814 0 25
40 64754 36 4 64815 25 61
545 64834 52 3 64886 0 52
288 64918 31 4 64961 12 43
86 64937 31 4 64980 12 43
874 64927 38 2 65018 53 91
661 64987 53 3 65071 31 84
766 64765 56 2 65076 255 311
157 65093 34 3 65127 0 34
88 64719 59 3 65134 356 415
473 65149 22 1 65171 0 22
794 64959 59 1 65215 197 256
36 65216 21 4 65237 0 21
643 65243 39 3 65282 0 39
6 64909 66 4 65341 366 432
890 65436 25 3 65461 0 25
518 65417 31 4 65473 25 56
823 65418 32 3 65505 55 87
307 65400 41 2 65529 88 129
881 65570 40 4 65610 0 40
493 65416 67 3 65636 153 220
583 65641 48 2 65689 0 48
199 65740 70 2 65810 0 70
290 65822 21 4 65843 0 21
718 65673 78 3 65858 107 185
377 65907 46 2 65953 0 46
147 66095 65 2 66160 0 65
764 66035 67 4 66167 65 132
313 66249 65 4 66314 0 65
642 66651 22 1 66673 0 22
568 66643 40 4 66705 22 62
894 66692 48 4 66753 13 61
292 66688 68 4 66821 65 133
159 66602 71 2 66869 196 267
148 66895 36 3 66931 0 36
340 66949 24 3 66973 0 24
719 66833 71 2 66982 78 149
54 67003 37 3 67040 0 37
749 67064 33 3 67097 0 33
101 67075 51 2 67148 22 73
843 67152 50 3 67202 0 50
341 66733 73 3 67226 420 493
537 67320 26 4 67346 0 26
910 67298 38 2 67362 26 64
115 67386 59 1 67445 0 59
600 67301 67 4 67488 120 187
186 67045 75 3 67491 371 446
437 67493 62 3 67555 0 62
316 67163 84 2 67637 390 474
295 67704 37 2 67741 0 37
734 67742 54 4 67796 0 54
723 66804 86 2 67814 924 1010
573 67825 29 2 67854 0 29
328 67816 39 3 67884 29 68
237 67888 23 3 67911 0 23
452 68091 22 4 68113 0 22
706 68186 43 3 68229 0 43
289 68168 92 4 68303 43 135
21 68338 21 3 68359 0 21
656 68449 29 3 68478 0 29
992 68457 30 4 68508 21 51
997 68606 22 2 68628 0 22
72 68748 29 4 68777 0 29
922 68721 63 3 68813 29 92
261 68925 67 4 68992 0 67
907 69001 57 4 69058 0 57
179 69146 33 3 69179 0 33
64 69169 52 4 69231 10 62
557 69246 41 1 69287 0 41
809 69289 21 2 69310 0 21
702 69435 54 4 69489 0 54
676 69606 31 3 69637 0 31
716 69619 52 4 69689 18 70
105 69786 26 2 69812 0 26
283 69729 64 4 69819 26 90
828 70040 25 3 70065 0 25
833 70238 38 3 70276 0 38
578 70356 35 3 70391 0 35
792 70500 60 1 70560 0 60
166 70586 57 4 70643 0 57
109 70480 70 3 70667 117 187
9 70671 22 4 70693 0 22
821 70744 20 1 70764 0 20
206 70762 41 4 70805 2 43
627 70710 46 3 70817 61 107
419 70824 23 2 70847 0 23
507 70669 57 4 70878 152 209
892 70926 26 2 70952 0 26
772 70910 32 3 70968 26 58
589 70864 73 3 71009 72 145
844 71140 33 3 71173 0 33
75 71133 48 4 71214 33 81
145 71395 24 4 71419 0 24
897 71578 48 4 71626 0 48
223 71578 55 3 71681 48 103
84 71731 60 4 71791 0 60
607 71816 22 3 71838 0 22
445 71894 49 4 71943 0 49
215 71916 49 2 71992 27 76
494 71822 68 1 72004 114 182
97 72066 62 3 72128 0 62
640 72235 55 4 72290 0 55
750 72311 28 4 72339 0 28
678 72294 74 3 72396 28 102
657 72666 28 3 72694 0 28
538 72681 53 3 72747 13 66
763 72776 27 4 72803 0 27
852 72674 67 4 72841 100 167
216 72881 33 4 72914 0 33
571 72910 61 2 72975 4 65
13 73035 37 4 73072 0 37
400 73120 46 4 73166 0 46
368 73117 73 4 73236 46 119
273 73272 64 2 73336 0 64
771 73381 62 3 73443 0 62
872 73473 33 4 73506 0 33
701 73512 30 3 73542 0 30
57 73568 34 4 73602 0 34
8 73691 36 4 73727 0 36
279 73758 49 3 73807 0 49
721 73670 56 3 73811 85 141
297 73906 35 3 73941 0 35
974 73967 23 4 73990 0 23
250 74104 48 4 74152 0 48
521 74145 49 4 74201 7 56
324 74335 21 4 74356 0 21
581 74432 49 3 74481 0 49
989 74496 21 3 74517 0 21
55 74559 63 4 74622 0 63
154 74908 54 4 74962 0 54
841 74871 58 4 74983 54 112
156 74993 43 4 75036 0 43
457 75050 25 4 75075 0 25
121 75110 26 2 75136 0 26
889 75100 55 1 75181 26 81
236 74867 66 3 75194 261 327
81 75303 61 3 75364 0 61
342 75381 21 1 75402 0 21
919 75759 21 2 75780 0 21
742 75771 37 4 75817 9 46
447 75889 25 3 75914 0 25
330 75844 52 4 75921 25 77
11 75771 62 4 75956 123 185
362 76038 22 2 76060 0 22
798 76238 27 4 76265 0 27
756 76305 51 4 76356 0 51
99 76714 41 4 76755 0 41
653 76695 46 4 76782 41 87
429 76645 58 4 76790 87 145
986 76811 42 2 76853 0 42
837 76921 28 2 76949 0 28
591 77021 39 3 77060 0 39
26 77290 55 4 77345 0 55
944 77412 34 3 77446 0 34
954 77391 41 2 77466 34 75
51 77345 62 4 77482 75 137
110 77614 28 4 77642 0 28
183 78144 37 3 78181 0 37
816 78258 23 4 78281 0 23
204 78339 78 4 78417 0 78
177 78532 52 2 78584 0 52
357 79071 46 3 79117 0 46
601 79127 41 4 79168 0 41
379 79398 78 4 79476 0 78
807 79567 75 2 79642 0 75
45 79678 39 4 79717 0 39
383 80378 74 3 80452 0 74
317 80488 22 3 80510 0 22
808 80499 80 2 80590 11 91
461 80781 22 3 80803 0 22
129 80923 27 3 80950 0 27
30 80983 82 3 81065 0 82
930 81145 24 3 81169 0 24
599 81238 34 4 81272 0 34
399 81199 52 2 81285 34 86
629 81152 54 3 81309 103 157
547 82210 40 4 82250 0 40
361 82647 28 4 82675 0 28
561 82833 30 4 82863 0 30
870 83013 49 4 83062 0 49
311 83132 44 3 83176 0 44
62 83167 70 4 83246 9 79
791 83247 37 3 83284 0 37
424 83391 76 4 83467 0 76
479 83510 60 2 83570 0 60
813 83629 40 4 83669 0 40
202 83749 58 4 83807 0 58
536 83969 21 3 83990 0 21
650 83965 23 4 84009 21 44
315 83998 76 3 84085 11 87
920 84489 32 1 84521 0 32
280 84666 26 2 84692 0 26
277 84728 42 3 84770 0 42
795 84794 42 3 84836 0 42
762 84901 59 4 84960 0 59
139 85121 37 2 85158 0 37
606 85170 42 3 85212 0 42
287 85687 67 1 85754 0 67
663 85833 34 2 85867 0 34
546 85949 83 2 86032 0 83
878 86449 77 4 86526 0 77
188 86594 58 4 86652 0 58
556 86838 26 3 86864 0 26
972 87169 24 2 87193 0 24
586 87110 92 4 87226 24 116
769 87875 66 4 87941 0 66
990 87969 21 4 87990 0 21
614 88010 39 1 88049 0 39
319 88102 52 4 88154 0 52
264 88397 23 2 88420 0 23
5 88500 71 2 88571 0 71
711 88977 25 4 89002 0 25
450 89207 25 2 89232 0 25
722 89287 40 4 89327 0 40
355 89419 29 4 89448 0 29
155 89657 20 4 89677 0 20
886 90032 57 4 90089 0 57
684 90689 41 2 90730 0 41
462 91990 36 3 92026 0 36
859 92057 81 2 92138 0 81
933 93044 65 4 93109 0 65
973 93156 83 1 93239 0 83
169 93887 38 3 93925 0 38
370 94161 54 1 94215 0 54
738 94838 35 1 94873 0 35
748 95009 43 4 95052 0 43
388 95486 27 4 95513 0 27
524 96101 21 2 96122 0 21
877 97270 45 3 97315 0 45
474 97393 51 2 97444 0 51
284 99671 90 4 99761 0 90
496 100000 28 4 100028 0 28
477 100000 43 3 100071 28 71
957 100000 55 2 100126 71 126
23 100000 56 4 100182 126 182
754 100000 67 4 100249 182 249
