100461 1000 1141 1081
488 0 46 4 46 0 46
833 0 52 4 98 46 98
638 0 54 4 152 98 152
787 0 58 2 210 152 210
564 0 93 3 303 210 303
608 1512 31 4 1543 0 31
922 1560 60 1 1620 0 60
187 3076 65 1 3141 0 65
877 3381 48 1 3429 0 48
374 3548 83 4 3631 0 83
956 5499 58 3 5557 0 58
171 5502 70 2 5627 55 125
710 6103 45 3 6148 0 45
837 6983 68 2 7051 0 68
557 7646 66 4 7712 0 66
890 8731 70 4 8801 0 70
856 9471 84 4 9555 0 84
709 9702 56 3 9758 0 56
769 10503 68 3 10571 0 68
407 10610 76 2 10686 0 76
93 10904 65 3 10969 0 65
118 11260 70 4 11330 0 70
894 11493 53 2 11546 0 53
963 11510 80 2 11626 36 116
664 11743 77 4 11820 0 77
292 12068 55 2 12123 0 55
59 12185 84 3 12269 0 84
9 12310 62 4 12372 0 62
283 12470 72 1 12542 0 72
474 12773 83 2 12856 0 83
209 13801 62 3 13863 0 62
612 14061 52 4 14113 0 52
382 14343 95 2 14438 0 95
600 14464 75 4 14539 0 75
588 14354 98 2 14611 159 257
876 14679 67 2 14746 0 67
636 15107 58 4 15165 0 58
841 15546 83 1 15629 0 83
262 15771 46 1 15817 0 46
467 16318 20 3 16338 0 20
333 16274 61 4 16355 20 81
505 16382 43 1 16425 0 43
214 16393 54 4 16479 32 86
360 16454 90 3 16569 25 115
895 16819 61 4 16880 0 61
735 16977 59 2 17036 0 59
233 17340 34 2 17374 0 34
917 17374 78 1 17452 0 78
348 17798 53 3 17851 0 53
277 18109 70 4 18179 0 70
511 18221 53 2 18274 0 53
676 18568 22 4 18590 0 22
347 18674 51 2 18725 0 51
576 18945 66 4 19011 0 66
847 19216 66 2 19282 0 66
840 19941 64 4 20005 0 64
844 20029 60 4 20089 0 60
366 20078 69 4 20158 11 80
959 20222 73 4 20295 0 73
727 20658 53 2 20711 0 53
328 20752 45 2 20797 0 45
489 20772 58 3 20855 25 83
593 20706 82 2 20896 108 190
285 20930 50 4 20980 0 50
287 20988 76 2 21064 0 76
176 20909 77 3 21112 126 203
414 21156 67 3 21223 0 67
745 21230 30 4 21260 0 30
490 21252 40 1 21300 8 48
824 21255 54 4 21354 45 99
508 21359 47 2 21406 0 47
220 21357 57 4 21461 47 104
403 21507 60 4 21567 0 60
999 21282 70 3 21588 236 306
15 21600 80 3 21680 0 80
244 21688 66 1 21754 0 66
310 21767 51 2 21818 0 51
387 21835 31 4 21866 0 31
320 22029 54 4 22083 0 54
494 21968 61 4 22083 54 115
117 22051 61 4 22144 32 93
714 22117 71 4 22215 27 98
521 22457 54 1 22511 0 54
650 22702 51 4 22753 0 51
771 22631 71 4 22753 51 122
513 22881 39 4 22920 0 39
839 22839 43 2 22921 39 82
835 22789 53 4 22927 85 138
524 22910 53 4 22977 14 67
971 22991 42 3 23033 0 42
928 22690 73 4 23056 293 366
168 23102 63 3 23165 0 63
878 23480 48 3 23528 0 48
485 23595 62 4 23657 0 62
949 23582 62 1 23706 62 124
893 23561 67 4 23752 124 191
73 23805 51 1 23856 0 51
344 24033 58 4 24091 0 58
779 23973 80 2 24111 58 138
452 24192 38 1 24230 0 38
180 24608 49 4 24657 0 49
874 24680 41 2 24721 0 41
463 24672 64 4 24777 41 105
704 24601 74 2 24829 154 228
20 24883 59 4 24942 0 59
697 25100 63 3 25163 0 63
692 25173 37 3 25210 0 37
583 25219 54 4 25273 0 54
533 25271 89 4 25362 2 91
427 25385 54 4 25439 0 54
138 25488 72 1 25560 0 72
275 25588 42 3 25630 0 42
185 25443 92 3 25649 114 206
855 25754 33 4 25787 0 33
690 25826 69 3 25895 0 69
390 26219 62 2 26281 0 62
338 26353 43 2 26396 0 43
365 26304 57 3 26404 43 100
865 26358 60 4 26464 46 106
493 26524 53 3 26577 0 53
228 26582 54 3 26636 0 54
56 26503 86 2 26696 107 193
142 26817 55 1 26872 0 55
734 27101 50 4 27151 0 50
997 27156 56 4 27212 0 56
539 27177 67 3 27279 35 102
483 27068 77 3 27318 173 250
455 27348 54 4 27402 0 54
668 27088 77 2 27449 284 361
363 27496 47 3 27543 0 47
334 27471 50 4 27568 47 97
16 27610 36 1 27646 0 36
80 27710 53 4 27763 0 53
271 27690 67 2 27810 53 120
821 27637 81 2 27847 129 210
950 27911 44 4 27955 0 44
170 28019 51 3 28070 0 51
253 28087 57 3 28144 0 57
250 28074 69 2 28200 57 126
728 28029 71 3 28267 167 238
57 28285 60 2 28345 0 60
417 28287 70 2 28415 58 128
625 27973 82 3 28433 378 460
761 28011 84 3 28517 422 506
40 28246 91 4 28608 271 362
448 27720 94 4 28620 806 900
128 28417 100 4 28720 203 303
112 28798 56 3 28854 0 56
825 28807 63 3 28917 47 110
60 28737 69 1 28925 119 188
267 28984 64 1 29048 0 64
370 28966 79 4 29109 64 143
396 29019 88 3 29197 90 178
631 28739 96 3 29252 417 513
236 29459 81 1 29540 0 81
6 29580 68 2 29648 0 68
900 29555 70 2 29693 68 138
724 29697 62 3 29759 0 62
461 29859 45 4 29904 0 45
393 29838 50 4 29933 45 95
14 29837 53 2 30019 129 182
341 29951 53 2 30038 34 87
884 29864 65 2 30103 174 239
880 30139 30 3 30169 0 30
643 30079 66 1 30199 54 120
203 30069 70 2 30269 130 200
477 30366 41 4 30407 0 41
682 30449 37 3 30486 0 37
111 30382 71 2 30515 62 133
611 30629 46 3 30675 0 46
754 30759 50 2 30809 0 50
416 30865 62 2 30927 0 62
188 30961 41 3 31002 0 41
378 30844 64 3 31011 103 167
227 30723 71 4 31011 217 288
377 31291 58 4 31349 0 58
716 31428 46 2 31474 0 46
730 31363 68 2 31477 46 114
68 31256 70 4 31498 172 242
496 31648 61 3 31709 0 61
155 31765 46 2 31811 0 46
920 31871 56 3 31927 0 56
792 31794 62 4 31929 73 135
945 31739 62 2 31965 164 226
773 32029 93 3 32122 0 93
442 32155 52 2 32207 0 52
218 32150 69 3 32271 52 121
424 32319 45 4 32364 0 45
645 32458 49 4 32507 0 49
454 32528 44 1 32572 0 44
807 32540 57 2 32629 32 89
828 32426 76 2 32652 150 226
537 32653 38 3 32691 0 38
899 32653 44 2 32735 38 82
303 32749 64 1 32813 0 64
523 32756 71 3 32884 57 128
562 32910 49 2 32959 0 49
94 32674 72 3 32991 245 317
95 32741 81 2 33072 250 331
652 33023 87 3 33159 49 136
640 33168 59 3 33227 0 59
98 33236 51 3 33287 0 51
115 33344 40 3 33384 0 40
7 32595 91 3 33399 713 804
30 33400 51 4 33451 0 51
143 33512 51 3 33563 0 51
613 32857 92 3 33593 644 736
4 33599 60 4 33659 0 60
28 33619 60 1 33719 40 100
591 33776 51 3 33827 0 51
993 33828 32 2 33860 0 32
536 33990 81 4 34071 0 81
622 33999 83 4 34154 72 155
375 34261 63 4 34324 0 63
605 34270 64 4 34388 54 118
560 34323 81 1 34469 65 146
369 34250 100 4 34558 208 308
962 34688 54 3 34742 0 54
577 34668 60 4 34782 54 114
776 34805 58 1 34863 0 58
457 34695 64 3 34904 145 209
471 34810 68 3 34972 94 162
992 34722 69 4 35041 250 319
555 35046 35 4 35081 0 35
889 35087 51 3 35138 0 51
147 35053 52 4 35184 79 131
332 35191 53 2 35244 0 53
566 35281 45 4 35326 0 45
137 35339 58 1 35397 0 58
823 35125 62 3 35402 215 277
58 35202 63 3 35465 200 263
699 35479 45 4 35524 0 45
979 35500 61 4 35585 24 85
768 35679 44 3 35723 0 44
436 35315 64 3 35743 364 428
297 35154 64 3 35743 525 589
931 34955 71 4 35809 783 854
867 35875 53 4 35928 0 53
695 35968 56 4 36024 0 56
848 35957 56 1 36069 56 112
246 35968 57 1 36126 101 158
627 36160 40 4 36200 0 40
785 36141 51 1 36232 40 91
401 35926 60 4 36248 262 322
234 36302 41 2 36343 0 41
37 36297 52 4 36390 41 93
568 36393 46 4 36439 0 46
794 36479 48 4 36527 0 48
977 36466 48 3 36562 48 96
798 36405 63 4 36598 130 193
731 36239 67 4 36613 307 374
72 36727 56 3 36783 0 56
604 36828 42 4 36870 0 42
739 36730 57 4 36882 95 152
937 36862 64 2 36946 20 84
81 36503 70 4 36972 399 469
871 36108 70 4 36972 794 864
592 37002 36 4 37038 0 36
946 37016 64 3 37102 22 86
125 37071 66 4 37168 31 97
356 36977 67 4 37210 166 233
256 37089 68 4 37278 121 189
764 37267 70 4 37348 11 81
261 35217 73 4 37353 2063 2136
157 37306 73 4 37423 44 117
693 37428 44 3 37472 0 44
105 37482 60 2 37542 0 60
671 37555 52 1 37607 0 52
12 37699 53 4 37752 0 53
274 37629 76 2 37758 53 129
981 37122 77 3 37785 586 663
362 37819 57 2 37876 0 57
43 37981 60 3 38041 0 60
540 37912 69 4 38041 60 129
617 38082 56 3 38138 0 56
190 37979 74 3 38171 118 192
278 36126 78 3 38179 1975 2053
443 38106 78 2 38257 73 151
951 38332 34 2 38366 0 34
130 36112 79 4 38370 2179 2258
158 35509 79 2 38449 2861 2940
784 37340 81 3 38530 1109 1190
13 38542 28 4 38570 0 28
746 38544 44 4 38614 26 70
545 38645 49 4 38694 0 49
726 38618 52 4 38719 49 101
852 38532 67 3 38772 173 240
69 37204 82 3 38852 1566 1648
495 37344 84 4 38936 1508 1592
352 38962 56 3 39018 0 56
181 39067 58 1 39125 0 58
371 39142 30 3 39172 0 30
786 39036 60 4 39184 88 148
104 38985 64 3 39230 181 245
260 39234 55 3 39289 0 55
827 37935 84 3 39343 1324 1408
492 39352 67 4 39419 0 67
542 39361 73 4 39492 58 131
324 39554 43 3 39597 0 43
394 39525 59 3 39657 73 132
475 39663 24 2 39687 0 24
548 39591 59 3 39710 60 119
235 39736 37 4 39773 0 37
984 39807 65 4 39872 0 65
420 39731 65 3 39898 102 167
243 39920 67 3 39987 0 67
567 39599 72 4 40016 345 417
308 40059 46 4 40105 0 46
541 40049 62 4 40157 46 108
248 40168 74 3 40242 0 74
649 40270 36 4 40306 0 36
34 40330 45 4 40375 0 45
136 40270 51 4 40402 81 132
389 40453 21 4 40474 0 21
207 40473 32 4 40506 1 33
526 40341 59 2 40514 114 173
438 40352 65 2 40579 162 227
173 39751 77 3 40584 756 833
923 40448 78 3 40662 136 214
620 40708 55 1 40763 0 55
466 40826 45 4 40871 0 45
350 40833 64 2 40935 38 102
61 40737 68 4 40940 135 203
529 40067 81 4 40975 827 908
795 37213 84 2 41101 3804 3888
845 36358 84 2 41101 4659 4743
818 41140 28 4 41168 0 28
800 41127 84 4 41239 28 112
205 41262 47 3 41309 0 47
376 41025 85 2 41345 235 320
933 41418 40 1 41458 0 40
658 41421 47 4 41505 37 84
712 41426 47 3 41552 79 126
579 41505 57 4 41609 47 104
281 41600 71 3 41680 9 80
755 41720 40 2 41760 0 40
126 41721 43 4 41803 39 82
70 41761 45 4 41848 42 87
879 41760 57 3 41905 88 145
280 41649 77 4 41942 216 293
165 41981 46 4 42027 0 46
145 42100 39 3 42139 0 39
317 42105 45 3 42184 34 79
44 42189 49 2 42238 0 49
705 42068 56 4 42257 133 189
223 42287 51 3 42338 0 51
965 42393 43 3 42436 0 43
18 42334 57 2 42438 47 104
64 42117 58 3 42466 291 349
213 42522 54 3 42576 0 54
553 42117 60 4 42640 463 523
96 42201 60 4 42640 379 439
861 42778 36 3 42814 0 36
635 42759 46 4 42841 36 82
737 42861 31 3 42892 0 31
964 42855 49 1 42935 31 80
392 42824 53 4 42974 97 150
286 43008 48 2 43056 0 48
908 42874 59 2 43081 148 207
200 42275 61 2 43084 748 809
183 42172 61 2 43084 851 912
291 43133 54 1 43187 0 54
306 42707 65 4 43252 480 545
345 43100 65 4 43268 103 168
621 43304 33 3 43337 0 33
240 43299 40 4 43372 33 73
655 43300 61 4 43433 72 133
36 43468 58 3 43526 0 58
629 43530 57 4 43587 0 57
217 43518 59 4 43642 65 124
172 43471 60 2 43702 171 231
166 42492 67 3 43703 1144 1211
3 43545 68 3 43771 158 226
451 43830 61 3 43891 0 61
440 43927 54 3 43981 0 54
82 43908 55 4 44017 54 109
969 44045 56 4 44101 0 56
51 43954 59 3 44132 119 178
559 42834 68 2 44192 1290 1358
129 43220 68 2 44192 904 972
581 44204 38 4 44242 0 38
27 44249 35 3 44284 0 35
1000 44220 42 4 44319 57 99
391 44247 43 1 44362 72 115
551 44224 49 2 44411 138 187
957 44222 57 3 44468 189 246
905 44340 65 4 44533 128 193
531 44422 67 4 44600 111 178
602 44648 61 3 44709 0 61
151 44232 70 4 44731 429 499
672 44352 70 3 44801 379 449
921 44850 72 4 44922 0 72
584 42475 72 3 44933 2386 2458
269 44989 35 4 45024 0 35
806 45024 66 1 45090 0 66
677 43223 74 2 45108 1811 1885
854 43124 74 1 45182 1984 2058
853 45191 67 4 45258 0 67
549 45270 55 3 45325 0 55
733 45334 41 4 45375 0 41
140 45343 44 2 45419 32 76
284 45267 63 1 45470 140 203
154 45486 41 4 45527 0 41
898 45586 47 3 45633 0 47
230 45545 60 3 45652 47 107
614 42093 75 3 45675 3507 3582
966 45685 51 3 45736 0 51
237 45680 53 4 45784 51 104
809 45806 41 4 45847 0 41
633 45740 67 4 45892 85 152
211 41961 75 2 45901 3865 3940
160 45924 59 4 45983 0 59
302 45936 62 2 46045 47 109
501 46061 53 4 46114 0 53
450 46151 35 2 46186 0 35
689 46056 58 3 46202 88 146
71 46083 64 4 46266 119 183
679 46248 67 3 46333 18 85
219 46377 63 2 46440 0 63
325 46347 68 3 46478 63 131
514 46045 69 3 46522 408 477
65 46603 20 3 46623 0 20
582 46653 52 1 46705 0 52
264 46591 53 3 46716 72 125
509 46238 70 4 46717 409 479
355 46125 73 3 46790 592 665
683 46819 33 4 46852 0 33
986 46861 47 2 46908 0 47
447 46854 69 4 46970 47 116
550 47033 35 4 47068 0 35
177 47014 52 4 47101 35 87
941 47068 53 3 47154 33 86
569 46939 73 2 47183 171 244
468 45036 76 4 47205 2093 2169
904 45594 78 4 47283 1611 1689
307 47366 52 2 47418 0 52
89 47423 60 2 47483 0 60
940 47435 73 4 47556 48 121
587 47480 76 2 47632 76 152
910 42125 78 3 47700 5497 5575
423 45166 78 3 47700 2456 2534
322 47765 42 4 47807 0 42
295 47724 50 4 47816 42 92
659 47810 63 4 47879 6 69
783 47899 30 4 47929 0 30
642 47957 23 4 47980 0 23
53 47983 56 4 48039 0 56
206 47709 69 4 48042 264 333
762 48086 51 2 48137 0 51
757 48141 56 4 48197 0 56
84 48098 60 2 48253 95 155
221 48148 62 3 48315 105 167
925 48038 70 1 48341 233 303
502 48376 67 4 48443 0 67
713 48534 46 4 48580 0 46
510 48465 71 3 48582 46 117
758 48033 72 4 48597 492 564
578 48666 53 4 48719 0 53
252 48617 61 4 48731 53 114
586 48742 70 2 48812 0 70
680 48829 67 4 48896 0 67
491 48955 44 1 48999 0 44
372 48948 55 3 49047 44 99
249 49084 58 4 49142 0 58
312 48976 69 3 49174 129 198
169 48838 71 4 49193 284 355
927 49215 41 4 49256 0 41
167 48086 73 4 49285 1126 1199
637 49172 73 4 49332 87 160
866 49344 59 3 49403 0 59
215 49447 34 3 49481 0 34
752 49427 56 3 49517 34 90
743 49443 60 2 49577 74 134
326 48858 77 2 49618 683 760
311 41674 79 3 49669 7916 7995
430 49807 48 3 49855 0 48
29 49781 57 2 49886 48 105
598 49895 57 2 49952 0 57
498 49880 59 2 50002 63 122
25 49733 69 3 50023 221 290
316 45281 79 1 50038 4678 4757
522 50153 48 3 50201 0 48
354 50221 47 2 50268 0 47
131 50281 39 3 50320 0 39
688 50380 58 3 50438 0 58
66 50229 60 4 50466 177 237
77 50326 60 4 50485 99 159
24 50228 66 3 50551 257 323
421 50593 72 2 50665 0 72
561 50690 65 3 50755 0 65
760 50754 68 4 50823 1 69
156 50881 44 4 50925 0 44
319 50839 60 3 50943 44 104
722 50972 41 3 51013 0 41
87 50949 46 4 51036 41 87
478 51056 24 4 51080 0 24
245 51024 51 4 51111 36 87
46 51176 39 4 51215 0 39
480 51245 38 1 51283 0 38
980 51206 61 3 51314 47 108
870 51125 64 3 51327 138 202
119 51338 37 4 51375 0 37
607 50865 68 2 51412 479 547
667 50778 73 4 51469 618 691
775 50591 76 4 51518 851 927
897 51530 44 3 51574 0 44
296 51530 58 3 51632 44 102
74 51701 20 4 51721 0 20
419 51676 34 4 51730 20 54
107 51612 66 4 51752 74 140
994 51690 72 3 51824 62 134
500 50347 78 3 51850 1425 1503
674 48553 80 4 51875 3242 3322
62 43146 80 4 51875 8649 8729
150 51893 33 3 51926 0 33
481 51916 66 2 51992 10 76
759 52058 42 3 52100 0 42
961 52043 56 3 52141 42 98
634 52153 63 3 52216 0 63
123 52243 34 1 52277 0 34
109 52254 54 4 52331 23 77
797 52074 64 4 52356 218 282
846 52198 66 2 52422 158 224
462 52452 32 1 52484 0 32
412 52465 72 2 52556 19 91
944 52289 74 4 52600 237 311
465 51988 74 2 52623 561 635
50 52652 51 4 52703 0 51
174 52725 46 4 52771 0 46
162 52783 41 3 52824 0 41
718 52810 46 2 52870 14 60
405 52748 54 2 52912 110 164
33 52816 58 2 52970 96 154
543 52997 50 1 53047 0 50
222 52760 64 3 53084 260 324
497 53118 20 1 53138 0 20
38 53143 54 4 53197 0 54
914 53098 55 3 53227 74 129
594 52680 69 3 53260 511 580
777 53365 49 3 53414 0 49
973 53355 50 2 53454 49 99
822 53428 52 4 53506 26 78
639 53415 57 3 53563 91 148
10 53351 57 2 53616 208 265
255 53483 58 1 53674 133 191
763 53298 62 4 53683 323 385
238 53755 51 3 53806 0 51
476 53702 54 3 53807 51 105
516 53760 58 4 53865 47 105
810 53707 59 3 53924 158 217
198 53831 62 4 53986 93 155
610 53912 63 4 54049 74 137
106 53453 64 4 54094 577 641
272 54098 47 2 54145 0 47
426 54100 52 4 54197 45 97
978 53753 70 3 54263 440 510
519 54294 51 2 54345 0 51
843 54292 65 3 54408 51 116
331 53177 72 3 54413 1164 1236
814 54457 43 2 54500 0 43
400 54528 34 1 54562 0 34
935 54461 44 2 54578 73 117
41 54326 76 1 54610 208 284
216 54617 40 3 54657 0 40
2 54706 43 2 54749 0 43
896 54774 56 3 54830 0 56
429 52236 80 4 54851 2535 2615
875 54237 80 4 54880 563 643
903 54932 74 4 55006 0 74
359 46922 80 3 55016 8014 8094
8 55063 67 2 55130 0 67
983 51561 80 2 55163 3522 3602
45 55189 51 2 55240 0 51
647 55305 38 3 55343 0 38
842 55281 50 4 55369 38 88
23 55365 51 4 55420 4 55
882 55470 49 4 55519 0 49
193 55359 51 2 55520 110 161
663 55526 29 4 55555 0 29
952 55402 59 2 55608 147 206
972 55171 67 3 55616 378 445
373 55329 67 1 55683 287 354
482 55770 50 1 55820 0 50
715 55745 56 2 55851 50 106
750 55308 78 3 55867 481 559
290 55881 72 2 55953 0 72
323 55977 45 4 56022 0 45
289 56021 61 4 56083 1 62
298 56028 73 2 56156 55 128
343 56229 59 3 56288 0 59
304 56305 32 4 56337 0 32
790 55942 76 3 56351 333 409
251 56145 76 3 56375 154 230
114 56358 77 2 56452 17 94
300 56598 49 3 56647 0 49
780 56556 59 3 56664 49 108
506 56510 65 4 56683 108 173
753 56043 80 3 56705 582 662
597 56838 61 4 56899 0 61
425 54196 80 1 56904 2628 2708
456 53033 80 1 56904 3791 3871
515 57077 71 4 57148 0 71
609 57174 62 2 57236 0 62
694 57074 71 3 57278 133 204
552 57332 48 1 57380 0 48
916 57398 57 4 57455 0 57
751 57083 72 1 57455 300 372
282 57404 74 1 57529 51 125
687 57562 48 3 57610 0 48
385 57573 60 3 57670 37 97
796 57733 60 1 57793 0 60
849 57612 64 4 57794 118 182
748 57775 64 1 57858 19 83
939 57943 42 3 57985 0 42
357 57911 53 3 58006 42 95
711 50941 81 4 58074 7052 7133
11 43474 81 4 58074 14519 14600
108 45381 81 4 58074 12612 12693
805 54749 81 4 58074 3244 3325
662 58091 61 4 58152 0 61
152 58191 42 2 58233 0 42
507 58243 52 4 58295 0 52
330 58313 39 4 58352 0 39
259 58302 41 4 58382 39 80
121 58328 54 2 58436 54 108
596 58369 56 3 58492 67 123
231 58440 58 3 58550 52 110
470 58334 63 3 58613 216 279
788 58667 54 3 58721 0 54
337 58732 41 3 58773 0 41
406 58815 45 3 58860 0 45
288 58750 51 4 58869 68 119
178 58871 39 4 58910 0 39
772 58851 55 2 58963 57 112
595 58989 48 4 59037 0 48
624 59009 50 1 59087 28 78
224 59119 60 3 59179 0 60
381 58771 61 1 59182 350 411
367 58339 68 4 59189 782 850
263 59069 68 4 59253 116 184
100 59310 46 4 59356 0 46
616 58289 68 2 59360 1003 1071
113 59394 37 2 59431 0 37
808 59400 45 4 59476 31 76
464 59500 35 1 59535 0 35
101 59571 45 2 59616 0 45
838 59528 51 2 59631 52 103
92 59642 55 2 59697 0 55
906 59476 58 3 59720 186 244
883 59804 45 3 59849 0 45
948 59796 47 3 59927 84 131
585 59812 47 3 59935 76 123
696 59882 52 1 59987 53 105
857 59770 53 2 60014 191 244
725 59588 60 4 60024 376 436
570 60020 68 3 60092 4 72
774 58586 69 4 60127 1472 1541
512 59888 70 4 60197 239 309
395 58493 70 3 60267 1704 1774
122 60337 64 2 60401 0 64
873 59158 71 4 60402 1173 1244
273 60470 43 4 60513 0 43
26 60509 45 4 60558 4 49
721 60543 50 3 60608 15 65
943 60514 67 2 60675 94 161
85 59074 72 4 60679 1533 1605
938 59734 73 2 60752 945 1018
666 60779 45 4 60824 0 45
698 60845 30 3 60875 0 30
901 60932 54 3 60986 0 54
665 60884 62 1 61000 54 116
191 60819 66 4 61036 151 217
78 60926 70 3 61106 110 180
909 59160 74 4 61153 1919 1993
434 61232 60 4 61292 0 60
258 61321 62 2 61383 0 62
732 61344 68 2 61451 39 107
346 61199 72 3 61461 190 262
35 59905 74 2 61489 1510 1584
5 61553 43 3 61596 0 43
888 61534 56 4 61633 43 99
139 61777 42 3 61819 0 42
199 59225 75 3 61855 2555 2630
872 60308 75 3 61855 1472 1547
744 61295 75 3 61855 485 560
433 61909 60 1 61969 0 60
437 61919 62 1 62031 50 112
942 62049 51 4 62100 0 51
850 61931 65 2 62147 151 216
473 62208 54 2 62262 0 54
868 62106 66 1 62267 95 161
851 62151 70 1 62337 116 186
67 62401 47 4 62448 0 47
669 62460 46 1 62506 0 46
653 62482 47 2 62553 24 71
63 58231 75 2 62553 4247 4322
747 58245 75 2 62563 4243 4318
707 62597 73 2 62670 0 73
766 62691 33 2 62724 0 33
574 61430 75 1 62744 1239 1314
439 61542 79 3 62823 1202 1281
208 62901 34 2 62935 0 34
135 62912 48 2 62983 23 71
449 62882 70 3 63034 82 152
422 62969 73 4 63107 65 138
48 58207 80 3 63128 4841 4921
402 63175 47 4 63222 0 47
486 63206 57 3 63279 16 73
268 63221 59 4 63338 58 117
315 63391 45 4 63436 0 45
459 63296 79 3 63462 87 166
831 60267 81 4 63496 3148 3229
210 47329 81 3 63521 16111 16192
817 61643 81 2 63602 1878 1959
132 63679 55 2 63734 0 55
985 63747 55 4 63802 0 55
832 63735 57 3 63847 55 112
103 63875 53 4 63928 0 53
361 63668 59 2 63947 220 279
892 63952 69 3 64021 0 69
411 63626 74 4 64048 348 422
830 64124 53 4 64177 0 53
902 64201 65 4 64266 0 65
654 48598 82 3 64388 15708 15790
988 63033 82 3 64388 1273 1355
936 49483 82 3 64388 14823 14905
924 64464 59 3 64523 0 59
446 61178 82 2 64529 3269 3351
301 64580 38 2 64618 0 38
630 64660 66 3 64726 0 66
460 64777 45 2 64822 0 45
819 64751 58 4 64854 45 103
55 64854 60 3 64914 0 60
626 64886 70 3 64984 28 98
254 64615 74 4 64991 302 376
368 65068 56 1 65124 0 56
673 65128 53 4 65181 0 53
517 65229 47 4 65276 0 47
742 64739 76 2 65299 484 560
767 64786 76 2 65299 437 513
39 65326 58 3 65384 0 58
353 65407 52 1 65459 0 52
789 65484 38 3 65522 0 38
469 65429 59 4 65556 68 127
247 65562 65 3 65627 0 65
911 64996 81 3 65652 575 656
318 58973 82 1 65683 6628 6710
702 65758 62 1 65820 0 62
929 65850 53 4 65903 0 53
820 65941 45 4 65986 0 45
826 65883 74 3 66022 65 139
351 66078 38 3 66116 0 38
958 61162 83 4 66121 4876 4959
528 46251 83 4 66121 19787 19870
670 66183 55 2 66238 0 55
149 66124 69 2 66248 55 124
589 66268 66 2 66334 0 66
816 66378 41 1 66419 0 41
881 66240 71 4 66426 115 186
336 66507 59 1 66566 0 59
408 66641 45 2 66686 0 45
195 66614 64 2 66723 45 109
163 66650 68 4 66791 73 141
619 66488 70 4 66794 236 306
953 66803 49 1 66852 0 49
479 66160 73 2 66854 621 694
527 66890 61 4 66951 0 61
812 66922 64 4 67015 29 93
83 67073 36 4 67109 0 36
445 67018 63 1 67117 36 99
915 66923 65 3 67179 191 256
124 67203 45 4 67248 0 45
1 67228 50 2 67298 20 70
565 67341 48 3 67389 0 48
90 67364 53 3 67442 25 78
120 67197 58 3 67451 196 254
572 67532 50 4 67582 0 50
886 67497 55 3 67602 50 105
309 67438 71 1 67627 118 189
907 67630 41 2 67671 0 41
383 67104 72 4 67722 546 618
538 67553 77 2 67799 169 246
148 53728 83 2 67843 14032 14115
386 67933 48 3 67981 0 48
453 67880 56 3 67984 48 104
444 68077 63 3 68140 0 63
648 68171 64 2 68235 0 64
829 68103 77 3 68281 101 178
232 68370 55 4 68425 0 55
644 68306 78 3 68439 55 133
996 59119 84 4 68452 9249 9333
580 48120 84 4 68452 20248 20332
201 68510 38 2 68548 0 38
646 68752 61 1 68813 0 61
987 68839 48 2 68887 0 48
615 68891 24 3 68915 0 24
991 68800 74 2 68959 85 159
314 68700 77 4 68984 207 284
415 47930 84 3 69026 21012 21096
534 63586 84 3 69026 5356 5440
968 56099 84 3 69026 12843 12927
197 55379 84 2 69110 13647 13731
681 69150 44 3 69194 0 44
97 67730 85 4 69239 1424 1509
42 69344 44 4 69388 0 44
179 69305 57 3 69406 44 101
691 67126 85 3 69425 2214 2299
431 69448 76 4 69524 0 76
134 51951 85 2 69586 17550 17635
970 35939 86 3 69612 33587 33673
803 69675 49 4 69724 0 49
91 69735 54 3 69789 0 54
887 69616 82 4 69801 103 185
719 69835 47 4 69882 0 47
793 69842 52 4 69934 40 92
995 69992 37 3 70029 0 37
603 70030 38 3 70068 0 38
32 69867 60 4 70069 142 202
499 70112 54 4 70166 0 54
573 70185 46 1 70231 0 46
21 70154 54 3 70266 58 112
723 70303 43 3 70346 0 43
869 70228 57 1 70366 81 138
661 70369 41 4 70410 0 41
989 70071 63 4 70429 295 358
660 70456 53 2 70509 0 53
532 70520 54 3 70574 0 54
212 70600 57 2 70657 0 57
22 70302 66 4 70659 291 357
226 70677 67 4 70744 0 67
52 67541 86 3 70759 3132 3218
891 54737 86 2 70845 16022 16108
706 70902 27 2 70929 0 27
327 70958 79 4 71037 0 79
974 35859 86 1 71037 35092 35178
153 59603 87 4 71124 11434 11521
685 71164 82 4 71246 0 82
530 71282 25 2 71307 0 25
388 71294 69 4 71376 13 82
749 50115 87 3 71474 21272 21359
641 65144 87 3 71474 6243 6330
834 71519 53 2 71572 0 53
265 71579 67 4 71646 0 67
858 52816 87 2 71681 18778 18865
717 71745 59 2 71804 0 59
184 71851 37 3 71888 0 37
182 71818 67 4 71922 37 104
379 71718 85 1 71966 163 248
556 72033 39 3 72072 0 39
409 71984 50 1 72073 39 89
146 72079 43 4 72122 0 43
590 72157 51 4 72208 0 51
738 72042 55 2 72222 125 180
684 72274 37 4 72311 0 37
740 72306 58 3 72369 5 63
175 72207 66 3 72383 110 176
418 72292 75 4 72458 91 166
919 51636 87 1 72490 20767 20854
127 72540 64 4 72604 0 64
313 72637 33 2 72670 0 33
975 72661 71 4 72741 9 80
54 72531 74 2 72773 168 242
99 72796 57 3 72853 0 57
472 72735 82 1 72912 95 177
49 46251 88 2 73047 26708 26796
860 58532 88 2 73047 14427 14515
31 66312 89 2 73136 6735 6824
811 73161 65 4 73226 0 65
932 66175 90 3 73291 7026 7116
912 41109 91 2 73382 32182 32273
192 73513 81 3 73594 0 81
504 73632 50 3 73682 0 50
864 73616 54 3 73720 50 104
859 73765 70 3 73835 0 70
736 73520 91 1 73859 248 339
799 61197 92 3 73912 12623 12715
770 43728 92 3 73912 30092 30184
293 41567 93 4 74005 32345 32438
934 74032 85 3 74117 0 85
458 74225 92 4 74317 0 92
279 74321 74 4 74395 0 74
410 74438 51 4 74489 0 51
225 74445 76 4 74565 44 120
885 68453 93 1 74569 6023 6116
525 60536 93 1 74569 13940 14033
535 74601 86 4 74687 0 86
955 51177 94 4 74749 23478 23572
384 45173 94 3 74843 29576 29670
164 74937 20 4 74957 0 20
546 72650 95 4 74958 2213 2308
720 74960 43 3 75003 0 43
729 60972 96 2 75097 14029 14125
19 37029 97 3 75194 38068 38165
266 75233 40 3 75273 0 40
967 75243 61 2 75334 30 91
656 75347 62 4 75409 0 62
202 75443 54 4 75497 0 54
242 75570 61 4 75631 0 61
651 75514 68 3 75643 61 129
623 75645 62 3 75707 0 62
342 75468 82 4 75770 220 302
241 75269 94 3 75817 454 548
404 75833 58 3 75891 0 58
194 75911 60 3 75971 0 60
75 75984 51 2 76035 0 51
88 43417 98 4 76045 32530 32628
632 76046 63 2 76109 0 63
520 69544 98 3 76206 6564 6662
802 76216 61 3 76277 0 61
399 76341 63 3 76404 0 63
364 76273 75 3 76415 67 142
432 76304 84 1 76499 111 195
982 76501 44 4 76545 0 44
998 39720 98 1 76631 36813 36911
575 76752 73 2 76825 0 73
335 50666 100 4 76904 26138 26238
791 52596 100 4 76904 24208 24308
428 69088 100 3 77204 8016 8116
186 36887 100 3 77204 40217 40317
815 73659 100 3 77204 3445 3545
913 77239 35 4 77274 0 35
741 77285 72 4 77357 0 72
299 77381 68 2 77449 0 68
703 77217 84 4 77476 175 259
339 77527 66 2 77593 0 66
358 77430 93 3 77635 112 205
547 77654 27 2 77681 0 27
86 77690 52 3 77742 0 52
441 77672 60 2 77793 61 121
954 65696 100 2 77861 12065 12165
657 77911 38 3 77949 0 38
276 77963 56 3 78019 0 56
397 78059 72 4 78131 0 72
700 78667 53 2 78720 0 53
204 78713 66 4 78786 7 73
863 78793 69 4 78862 0 69
686 78973 63 3 79036 0 63
628 79089 63 4 79152 0 63
294 79324 60 1 79384 0 60
321 79527 44 4 79571 0 44
918 79717 43 3 79760 0 43
141 79769 60 2 79829 0 60
960 79866 56 3 79922 0 56
47 79779 68 1 79953 106 174
340 79972 65 4 80037 0 65
116 80038 51 2 80089 0 51
79 79949 84 4 80153 120 204
270 80162 68 3 80230 0 68
398 80315 59 3 80374 0 59
102 80472 73 2 80545 0 73
558 80822 42 3 80864 0 42
518 80886 45 4 80931 0 45
349 80966 53 1 81019 0 53
413 81155 58 4 81213 0 58
484 81402 58 1 81460 0 58
926 81685 60 3 81745 0 60
571 81626 69 4 81755 60 129
862 81705 77 3 81832 50 127
239 81907 72 2 81979 0 72
435 81832 83 4 81987 72 155
930 82165 63 4 82228 0 63
196 82685 54 3 82739 0 54
305 82925 26 3 82951 0 26
159 82928 44 3 82995 23 67
990 82903 71 4 83044 70 141
133 83057 55 4 83112 0 55
110 83005 75 2 83174 94 169
544 83400 23 4 83423 0 23
189 83461 47 3 83508 0 47
487 83367 76 2 83513 70 146
675 83753 54 3 83807 0 54
229 83756 100 2 83907 51 151
618 84124 57 1 84181 0 57
778 84310 42 3 84352 0 42
813 86044 84 3 86128 0 84
781 86144 54 4 86198 0 54
701 86224 52 3 86276 0 52
599 86311 75 1 86386 0 75
329 86397 89 2 86486 0 89
765 87674 38 1 87712 0 38
144 87897 51 3 87948 0 51
804 88109 61 4 88170 0 61
836 88792 71 3 88863 0 71
756 89148 54 4 89202 0 54
801 90365 58 4 90423 0 58
17 90604 49 4 90653 0 49
678 90567 78 3 90694 49 127
161 91281 71 3 91352 0 71
554 91425 73 4 91498 0 73
257 93300 71 3 93371 0 71
708 94617 73 4 94690 0 73
606 94965 63 3 95028 0 63
976 100000 40 4 100040 0 40
601 100000 46 4 100086 40 86
503 100000 52 2 100138 86 138
947 100000 56 4 100194 138 194
380 100000 62 4 100256 194 256
76 100000 62 1 100318 256 318
563 100000 64 2 100382 318 382
782 100000 79 4 100461 382 461
