100477 1000 4054 3980
670 0 69 4 69 0 69
4 812 56 3 868 0 56
356 1159 40 4 1199 0 40
516 1892 99 2 1991 0 99
207 2616 55 3 2671 0 55
329 4046 96 1 4142 0 96
239 4055 92 4 4234 87 179
266 4398 74 4 4472 0 74
876 4605 91 3 4696 0 91
617 7275 77 1 7352 0 77
309 7606 99 3 7705 0 99
688 7767 72 4 7839 0 72
792 8705 81 3 8786 0 81
656 8853 36 3 8889 0 36
776 8892 93 2 8985 0 93
727 9056 90 4 9146 0 90
954 9547 94 4 9641 0 94
764 9751 60 2 9811 0 60
577 10207 68 1 10275 0 68
735 10664 76 3 10740 0 76
331 11093 86 3 11179 0 86
67 11122 75 4 11254 57 132
822 12237 97 3 12334 0 97
594 12478 71 4 12549 0 71
858 12821 67 4 12888 0 67
287 13125 72 2 13197 0 72
969 13272 79 3 13351 0 79
978 13671 63 3 13734 0 63
935 13708 94 4 13828 26 120
292 14308 67 2 14375 0 67
721 14384 27 4 14411 0 27
371 14539 65 4 14604 0 65
341 14830 94 2 14924 0 94
685 15102 81 1 15183 0 81
538 15129 39 4 15222 54 93
786 15736 50 4 15786 0 50
814 15834 91 2 15925 0 91
880 16044 84 3 16128 0 84
342 16374 49 3 16423 0 49
815 17247 99 1 17346 0 99
892 17267 47 4 17393 79 126
707 17364 98 3 17491 29 127
165 17426 61 3 17552 65 126
841 17365 99 4 17651 187 286
284 17693 94 3 17787 0 94
95 17947 44 3 17991 0 44
653 18031 46 2 18077 0 46
377 18553 98 2 18651 0 98
151 18602 53 2 18704 49 102
62 18887 59 2 18946 0 59
827 18963 24 2 18987 0 24
680 19043 85 3 19128 0 85
997 19253 81 3 19334 0 81
405 19300 62 1 19396 34 96
974 19394 78 2 19474 2 80
715 19420 42 4 19516 54 96
1000 19703 93 4 19796 0 93
537 20003 66 3 20069 0 66
437 20844 57 2 20901 0 57
34 20846 34 4 20935 55 89
936 21227 59 2 21286 0 59
832 21498 56 4 21554 0 56
627 21552 65 4 21619 2 67
360 21573 86 4 21705 46 132
31 21653 93 4 21798 52 145
289 21747 43 3 21841 51 94
659 22186 86 3 22272 0 86
194 22295 54 3 22349 0 54
623 22497 75 1 22572 0 75
873 22558 98 3 22670 14 112
734 22582 92 3 22762 88 180
622 22858 80 4 22938 0 80
572 22964 85 1 23049 0 85
752 23012 93 4 23142 37 130
72 23028 98 4 23240 114 212
519 23224 69 2 23309 16 85
641 23277 29 2 23338 32 61
835 23178 78 3 23416 160 238
553 23402 69 2 23485 14 83
667 23196 94 3 23579 289 383
262 23540 40 2 23619 39 79
274 23618 35 2 23654 1 36
223 23653 42 4 23696 1 43
712 23523 60 4 23756 173 233
589 23086 99 4 23855 670 769
380 23769 98 3 23953 86 184
429 23941 54 2 24007 12 66
807 24055 82 3 24137 0 82
506 24067 90 2 24227 70 160
133 24142 73 2 24300 85 158
695 24297 96 2 24396 3 99
435 24492 95 3 24587 0 95
502 24518 66 2 24653 69 135
353 24864 23 3 24887 0 23
560 24958 72 4 25030 0 72
791 24966 54 4 25084 64 118
612 25053 43 4 25127 31 74
414 25060 51 4 25178 67 118
825 25006 70 3 25248 172 242
833 25183 57 3 25305 65 122
496 25181 93 1 25398 124 217
757 25356 88 3 25486 42 130
403 25356 93 1 25579 130 223
940 25489 66 4 25645 90 156
900 25624 67 4 25712 21 88
980 25519 88 3 25800 193 281
44 25752 73 4 25873 48 121
477 25542 93 3 25966 331 424
413 25917 100 3 26066 49 149
834 25986 80 4 26146 80 160
427 26105 80 4 26226 41 121
264 26187 65 4 26291 39 104
583 26237 98 3 26389 54 152
684 26380 63 4 26452 9 72
97 26381 88 4 26540 71 159
378 26518 57 1 26597 22 79
409 26808 84 3 26892 0 84
71 26953 41 4 26994 0 41
372 27078 69 4 27147 0 69
808 27131 45 3 27192 16 61
887 27131 94 4 27286 61 155
434 27232 41 1 27327 54 95
703 27244 95 3 27422 83 178
450 27334 31 3 27453 88 119
492 27357 50 2 27503 96 146
646 27483 70 3 27573 20 90
462 27543 72 4 27645 30 102
772 27370 73 2 27718 275 348
829 27683 95 3 27813 35 130
963 27732 31 2 27844 81 112
469 27732 96 4 27940 112 208
91 27941 84 3 28025 0 84
177 27989 82 4 28107 36 118
562 28079 59 4 28166 28 87
692 28085 83 2 28249 81 164
867 28157 84 4 28333 92 176
953 28257 64 3 28397 76 140
270 28351 74 4 28471 46 120
497 28412 48 2 28519 59 107
36 27966 87 4 28606 553 640
534 28570 35 4 28641 36 71
615 28582 89 2 28730 59 148
568 28671 71 4 28801 59 130
643 28063 97 2 28898 738 835
648 28836 70 2 28968 62 132
259 28961 65 1 29033 7 72
621 28982 88 4 29121 51 139
634 28969 94 2 29215 152 246
210 29156 58 4 29273 59 117
556 29253 40 3 29313 20 60
513 29286 34 4 29347 27 61
99 29248 44 4 29391 99 143
818 29216 73 4 29464 175 248
848 29134 82 4 29546 330 412
307 29520 52 4 29598 26 78
334 28247 97 1 29695 1351 1448
853 29619 94 2 29789 76 170
864 28156 98 2 29887 1633 1731
631 29842 85 4 29972 45 130
351 29916 37 4 30009 56 93
614 29079 99 4 30108 930 1029
212 30282 82 1 30364 0 82
5 30458 79 1 30537 0 79
714 30520 37 2 30574 17 54
535 30514 55 1 30629 60 115
374 30587 65 3 30694 42 107
395 30640 74 4 30768 54 128
773 30693 78 3 30846 75 153
416 30806 37 1 30883 40 77
411 30772 74 4 30957 111 185
141 30863 94 1 31051 94 188
16 30755 97 4 31148 296 393
871 31234 95 3 31329 0 95
781 31291 61 4 31390 38 99
421 31359 77 1 31467 31 108
760 31443 94 3 31561 24 118
185 31453 96 3 31657 108 204
806 31569 80 3 31737 88 168
78 31665 60 4 31797 72 132
137 31669 96 4 31893 128 224
1 31806 94 1 31987 87 181
51 31902 73 3 32060 85 158
426 31952 74 3 32134 108 182
938 32104 71 2 32205 30 101
532 32080 94 4 32299 125 219
725 32327 98 4 32425 0 98
576 32329 90 2 32515 96 186
124 32492 39 4 32554 23 62
569 32377 91 3 32645 177 268
41 32441 93 4 32738 204 297
10 32702 95 2 32833 36 131
985 32826 37 4 32870 7 44
524 32860 80 3 32950 10 90
561 32866 91 2 33041 84 175
418 32952 82 4 33123 89 171
896 33086 55 3 33178 37 92
629 33077 81 4 33259 101 182
731 33066 86 3 33345 193 279
501 32980 86 2 33431 365 451
144 33159 87 3 33518 272 359
778 33443 38 4 33556 75 113
705 33017 94 4 33650 539 633
339 32560 99 3 33749 1090 1189
388 33736 40 4 33789 13 53
925 33760 92 4 33881 29 121
747 33865 42 4 33923 16 58
455 33800 81 4 34004 123 204
355 33867 86 4 34090 137 223
37 34019 34 3 34124 71 105
18 34120 38 3 34162 4 42
196 34104 61 4 34223 58 119
693 34196 72 2 34295 27 99
885 34263 75 3 34370 32 107
85 34370 65 2 34435 0 65
148 34382 49 3 34484 53 102
784 34377 56 4 34540 107 163
294 34379 64 2 34604 161 225
163 34592 42 4 34646 12 54
370 34470 71 3 34717 176 247
783 34691 71 3 34788 26 97
665 34495 76 4 34864 293 369
676 34855 68 4 34932 9 77
881 34686 83 4 35015 246 329
17 34946 51 4 35066 69 120
977 35062 44 4 35110 4 48
106 35055 69 4 35179 55 124
528 35080 73 3 35252 99 172
919 35238 58 4 35310 14 72
314 35191 74 4 35384 119 193
745 35003 80 4 35464 381 461
15 34874 83 4 35547 590 673
457 35540 57 4 35604 7 64
104 35163 84 4 35688 441 525
310 35665 80 1 35768 23 103
219 34690 85 4 35853 1078 1163
249 35782 39 2 35892 71 110
992 35884 62 4 35954 8 70
844 35526 85 3 36039 428 513
724 35163 88 1 36127 876 964
344 36084 27 3 36154 43 70
143 36118 72 3 36226 36 108
330 36206 54 4 36280 20 74
777 36280 50 3 36330 0 50
770 36202 57 2 36387 128 185
689 36077 73 1 36460 310 383
912 36238 85 3 36545 222 307
741 36172 88 4 36633 373 461
910 36601 80 3 36713 32 112
53 36649 85 1 36798 64 149
926 36714 56 3 36854 84 140
336 36743 70 3 36924 111 181
852 36899 86 4 37010 25 111
645 36636 90 3 37100 374 464
600 37063 25 4 37125 37 62
366 37045 74 1 37199 80 154
408 37187 55 3 37254 12 67
476 37206 75 4 37329 48 123
847 37281 79 4 37408 48 127
192 36907 92 4 37500 501 593
945 37461 49 2 37549 39 88
686 33914 93 3 37642 3635 3728
318 37619 91 4 37733 23 114
297 37654 88 3 37821 79 167
59 37759 66 4 37887 62 128
387 37850 77 3 37964 37 114
942 37922 36 3 38000 42 78
552 37827 81 3 38081 173 254
624 38026 65 4 38146 55 120
458 38070 78 4 38224 76 154
206 37942 81 1 38305 282 363
283 38077 84 4 38389 228 312
81 38325 30 4 38419 64 94
12 38410 44 3 38463 9 53
990 38365 60 3 38523 98 158
663 38364 77 4 38600 159 236
343 38600 40 4 38640 0 40
823 38576 56 4 38696 64 120
187 38575 57 1 38753 121 178
975 38680 76 4 38829 73 149
986 38081 86 4 38915 748 834
138 38841 73 3 38988 74 147
472 38954 43 4 39031 34 77
639 38122 87 3 39118 909 996
657 38555 88 4 39206 563 651
9 39197 54 2 39260 9 63
660 39258 79 3 39339 2 81
683 39300 67 2 39406 39 106
960 39304 85 3 39491 102 187
529 39482 36 4 39527 9 45
691 39466 38 3 39565 61 99
3 39531 83 3 39648 34 117
164 39161 86 4 39734 487 573
209 39677 83 4 39817 57 140
854 39771 67 3 39884 46 113
172 39804 73 2 39957 80 153
658 39947 92 4 40049 10 102
872 38178 92 3 40141 1871 1963
402 34682 93 2 40234 5459 5552
439 40202 56 1 40290 32 88
75 40189 88 4 40378 101 189
125 40297 47 4 40425 81 128
198 40331 88 4 40513 94 182
949 37571 93 1 40606 2942 3035
664 39562 94 4 40700 1044 1138
737 40668 64 3 40764 32 96
129 40751 89 4 40853 13 102
525 36071 94 4 40947 4782 4876
35 35795 94 4 41041 5152 5246
999 41031 33 4 41074 10 43
101 40963 79 4 41153 111 190
565 41134 66 3 41219 19 85
493 41138 84 2 41303 81 165
296 41252 50 2 41353 51 101
322 41333 54 4 41407 20 74
349 41375 48 2 41455 32 80
677 41249 54 3 41509 206 260
26 41449 56 2 41565 60 116
870 41344 59 2 41624 221 280
227 41243 73 3 41697 381 454
369 41640 72 4 41769 57 129
736 41684 83 4 41852 85 168
25 41796 50 3 41902 56 106
637 41860 64 4 41966 42 106
281 41513 85 4 42051 453 538
971 42032 84 1 42135 19 103
633 42101 60 3 42195 34 94
76 41173 85 4 42280 1022 1107
449 42217 45 4 42325 63 108
768 42290 79 2 42404 35 114
944 42331 69 3 42473 73 142
79 42447 38 4 42511 26 64
558 42504 64 3 42575 7 71
512 42468 65 3 42640 107 172
937 42420 67 2 42707 220 287
304 42680 78 1 42785 27 105
713 42780 67 1 42852 5 72
795 42495 80 1 42932 357 437
440 40953 85 3 43017 1979 2064
765 41026 86 2 43103 1991 2077
965 43083 53 3 43156 20 73
195 43151 84 4 43240 5 89
884 43174 35 4 43275 66 101
389 43181 57 4 43332 94 151
261 43277 69 3 43401 55 124
396 43334 62 4 43463 67 129
868 43361 77 4 43540 102 179
132 43433 80 4 43620 107 187
894 43072 86 3 43706 548 634
202 43678 55 2 43761 28 83
65 43708 54 2 43815 53 107
317 43702 81 4 43896 113 194
719 43773 86 3 43982 123 209
473 43915 41 2 44023 67 108
701 43958 58 3 44081 65 123
994 44063 65 4 44146 18 83
607 44078 88 4 44234 68 156
20 44188 71 4 44305 46 117
499 44238 62 1 44367 67 129
567 44163 81 1 44448 204 285
57 44427 64 4 44512 21 85
215 44415 86 4 44598 97 183
740 42075 88 3 44686 2523 2611
467 41818 89 4 44775 2868 2957
213 41039 89 3 44864 3736 3825
247 44800 46 1 44910 64 110
509 43132 89 2 44999 1778 1867
161 44955 56 2 45055 44 100
819 45043 51 4 45106 12 63
303 45095 48 2 45154 11 59
21 45085 64 4 45218 69 133
650 44919 83 1 45301 299 382
228 45261 45 4 45346 40 85
327 45310 48 2 45394 36 84
968 45274 56 3 45450 120 176
14 45333 60 2 45510 117 177
907 45495 36 4 45546 15 51
96 45468 40 3 45586 78 118
826 45498 43 2 45629 88 131
453 45586 60 3 45689 43 103
315 45651 32 4 45721 38 70
173 45368 68 2 45789 353 421
989 45747 70 3 45859 42 112
487 45830 44 4 45903 29 73
422 45813 73 1 45976 90 163
718 45585 85 4 46061 391 476
102 46048 29 3 46090 13 42
584 46061 48 3 46138 29 77
761 45937 85 3 46223 201 286
908 45288 87 3 46310 935 1022
956 46309 72 2 46382 1 73
536 46322 63 2 46445 60 123
860 46419 72 2 46517 26 98
866 46462 71 1 46588 55 126
127 46522 43 3 46631 66 109
877 46392 78 4 46709 239 317
976 45023 88 4 46797 1686 1774
929 46792 65 4 46862 5 70
495 46738 67 4 46929 124 191
931 46729 75 2 47004 200 275
326 45725 88 1 47092 1279 1367
235 47079 64 3 47156 13 77
891 47005 78 2 47234 151 229
932 47198 67 4 47301 36 103
357 47235 67 4 47368 66 133
126 47155 82 3 47450 213 295
903 47433 66 2 47516 17 83
117 47453 70 4 47586 63 133
510 47580 43 3 47629 6 49
550 47446 73 1 47702 183 256
831 47112 82 3 47784 590 672
729 47708 62 2 47846 76 138
468 47176 89 2 47935 670 759
201 47887 82 3 48017 48 130
918 47907 84 1 48101 110 194
412 43556 90 4 48191 4545 4635
279 45239 90 2 48281 2952 3042
580 41214 90 2 48371 7067 7157
182 44266 91 3 48462 4105 4196
515 48404 85 1 48547 58 143
574 48515 81 4 48628 32 113
103 48609 72 3 48700 19 91
119 48521 84 4 48784 179 263
626 48710 47 3 48831 74 121
801 48828 55 2 48886 3 58
444 48785 69 3 48955 101 170
904 48905 82 4 49037 50 132
995 48937 88 3 49125 100 188
365 49082 75 1 49200 43 118
952 49153 51 3 49251 47 98
859 49248 56 4 49307 3 59
625 49222 58 4 49365 85 143
328 49316 53 3 49418 49 102
113 49351 62 4 49480 67 129
849 49429 24 3 49504 51 75
888 49475 60 2 49564 29 89
794 49347 68 2 49632 217 285
517 49596 46 1 49678 36 82
93 49328 69 1 49747 350 419
226 49353 72 4 49819 394 466
33 49759 60 1 49879 60 120
508 49855 23 4 49902 24 47
60 49544 72 4 49974 358 430
720 49157 72 1 50046 817 889
237 50016 51 4 50097 30 81
337 50008 72 4 50169 89 161
748 50130 68 4 50237 39 107
244 50190 36 4 50273 47 83
979 50246 62 2 50335 27 89
857 49801 74 4 50409 534 608
950 50399 33 3 50442 10 43
972 50345 37 2 50479 97 134
47 50437 49 3 50528 42 91
152 50416 57 4 50585 112 169
155 50575 43 3 50628 10 53
813 50458 69 4 50697 170 239
74 50386 69 3 50766 311 380
759 50756 65 4 50831 10 75
157 49566 74 2 50905 1265 1339
581 50218 76 2 50981 687 763
606 49902 77 4 51058 1079 1156
251 50995 49 1 51107 63 112
850 50986 75 2 51182 121 196
348 51140 53 4 51235 42 95
112 51188 62 4 51297 47 109
169 49640 77 3 51374 1657 1734
154 51351 64 2 51438 23 87
590 49536 78 4 51516 1902 1980
86 51403 78 4 51594 113 191
706 51547 71 4 51665 47 118
464 51559 72 4 51737 106 178
128 51594 75 3 51812 143 218
800 49744 79 4 51891 2068 2147
882 49467 79 3 51970 2424 2503
474 51926 31 3 52001 44 75
184 49376 79 1 52080 2625 2704
865 52040 39 3 52119 40 79
548 52104 80 4 52199 15 95
159 51620 80 3 52279 579 659
611 52275 71 2 52350 4 75
121 51139 80 3 52430 1211 1291
917 49212 81 3 52511 3218 3299
11 52505 34 4 52545 6 40
107 50520 81 2 52626 2025 2106
222 51220 82 4 52708 1406 1488
481 52680 55 3 52763 28 83
333 52711 56 4 52819 52 108
484 52807 60 2 52879 12 72
8 52801 67 3 52946 78 145
220 52779 69 2 53015 167 236
28 53002 68 2 53083 13 81
863 52909 81 4 53164 174 255
181 53088 51 4 53215 76 127
241 53167 40 1 53255 48 88
83 53250 61 4 53316 5 66
739 53238 73 4 53389 78 151
812 53351 74 3 53463 38 112
367 52524 82 4 53545 939 1021
27 49128 84 4 53629 4417 4501
893 53617 53 4 53682 12 65
661 53620 80 3 53762 62 142
669 49881 84 1 53846 3881 3965
485 49793 86 3 53932 4053 4139
231 53859 53 4 53985 73 126
753 53918 73 4 54058 67 140
799 51295 86 2 54144 2763 2849
564 52517 86 2 54230 1627 1713
243 54158 78 4 54308 72 150
675 54268 72 4 54380 40 112
134 54202 82 3 54462 178 260
240 54236 82 1 54544 226 308
913 54524 71 1 54615 20 91
697 54565 35 2 54650 50 85
543 54575 80 2 54730 75 155
260 54688 58 3 54788 42 100
790 54767 45 2 54833 21 66
135 54767 53 4 54886 66 119
838 54842 49 2 54935 44 93
559 54877 53 4 54988 58 111
755 54804 77 2 55065 184 261
156 54359 83 4 55148 706 789
921 49182 87 1 55235 5966 6053
702 53239 88 4 55323 1996 2084
392 55270 60 2 55383 53 113
254 55282 85 2 55468 101 186
45 55423 70 3 55538 45 115
325 55522 54 4 55592 16 70
306 55513 81 4 55673 79 160
489 55595 80 2 55753 78 158
448 55747 59 3 55812 6 65
428 50001 88 4 55900 5811 5899
189 55885 72 4 55972 15 87
278 55909 50 4 56022 63 113
108 48738 89 4 56111 7284 7373
22 55282 89 4 56200 829 918
386 56196 45 3 56245 4 49
947 56169 61 3 56306 76 137
927 56267 67 3 56373 39 106
782 56356 55 2 56428 17 72
555 56319 73 3 56501 109 182
301 56479 61 4 56562 22 83
263 56529 53 2 56615 33 86
788 56548 74 4 56689 67 141
23 56373 74 2 56763 316 390
203 56727 38 3 56801 36 74
308 56728 39 3 56840 73 112
313 56614 80 4 56920 226 306
541 56895 43 3 56963 25 68
875 56935 46 4 57009 28 74
32 56662 80 4 57089 347 427
87 57056 54 4 57143 33 87
208 57036 79 2 57222 107 186
180 57202 76 2 57298 20 96
373 57251 72 4 57370 47 119
139 56646 84 4 57454 724 808
644 57381 39 2 57493 73 112
830 56758 84 1 57577 735 819
928 57576 58 4 57635 1 59
94 57603 36 3 57671 32 68
364 56225 86 3 57757 1446 1532
889 57699 63 2 57820 58 121
204 57683 81 2 57901 137 218
601 57841 59 3 57960 60 119
922 57931 50 2 58010 29 79
230 57975 46 4 58056 35 81
2 58002 70 3 58126 54 124
160 57760 82 4 58208 366 448
471 58159 69 3 58277 49 118
579 57773 84 4 58361 504 588
118 58324 48 4 58409 37 85
730 58250 84 4 58493 159 243
500 57993 84 3 58577 500 584
966 58501 32 1 58609 76 108
466 58538 77 3 58686 71 148
544 58676 52 3 58738 10 62
843 58727 62 2 58800 11 73
546 58778 36 3 58836 22 58
878 58725 81 4 58917 111 192
105 58879 85 4 59002 38 123
588 57015 86 2 59088 1987 2073
742 58947 86 2 59174 141 227
756 59152 77 4 59251 22 99
114 59241 71 3 59322 10 81
879 59281 79 2 59401 41 120
642 59011 88 4 59489 390 478
475 59430 62 4 59551 59 121
779 59545 54 4 59605 6 60
193 59522 82 2 59687 83 165
245 59614 78 4 59765 73 151
964 59740 60 1 59825 25 85
368 59806 85 2 59910 19 104
410 59843 46 3 59956 67 113
56 59857 84 2 60040 99 183
80 60036 33 3 60073 4 37
43 60002 40 3 60113 71 111
951 59990 47 3 60160 123 170
174 60117 41 4 60201 43 84
445 60106 85 3 60286 95 180
700 60215 32 2 60318 71 103
346 60205 77 4 60395 113 190
836 56538 88 2 60483 3857 3945
916 60446 38 3 60521 37 75
149 60461 55 3 60576 60 115
655 60560 54 2 60630 16 70
486 60545 76 2 60706 85 161
811 51014 89 2 60795 9692 9781
959 54916 89 1 60884 5879 5968
798 60858 82 1 60966 26 108
424 60908 57 3 61023 58 115
123 60890 83 4 61106 133 216
460 61063 42 2 61148 43 85
197 61065 89 4 61237 83 172
265 59689 90 4 61327 1548 1638
199 61269 62 3 61389 58 120
523 61373 70 2 61459 16 86
678 61242 76 3 61535 217 293
225 61315 83 4 61618 220 303
345 53431 90 4 61708 8187 8277
46 61621 39 2 61747 87 126
383 61717 46 3 61793 30 76
749 61751 71 4 61864 42 113
883 61815 72 3 61936 49 121
116 61672 85 3 62021 264 349
539 61980 84 4 62105 41 125
48 54277 90 4 62195 7828 7918
404 61774 90 4 62285 421 511
598 51916 90 3 62375 10369 10459
478 62362 77 3 62452 13 90
711 48624 90 3 62542 13828 13918
911 48978 90 2 62632 13564 13654
188 62575 86 2 62718 57 143
522 62652 79 1 62797 66 145
358 62782 71 4 62868 15 86
599 62809 88 2 62956 59 147
391 62919 82 4 63038 37 119
941 62969 43 4 63081 69 112
595 62963 69 3 63150 118 187
570 62579 89 4 63239 571 660
726 50653 90 2 63329 12586 12676
311 63297 71 1 63400 32 103
218 63380 44 4 63444 20 64
162 63318 79 1 63523 126 205
613 61880 91 4 63614 1643 1734
746 63568 61 4 63675 46 107
363 63587 81 4 63756 88 169
399 63707 81 4 63837 49 130
398 63776 52 2 63889 61 113
897 63887 81 2 63970 2 83
100 63907 70 2 64040 63 133
352 63661 82 4 64122 379 461
582 64061 42 3 64164 61 103
585 63625 82 2 64246 539 621
415 64175 83 3 64329 71 154
64 64257 76 4 64405 72 148
987 64182 85 4 64490 223 308
520 64490 50 4 64540 0 50
839 50873 91 4 64631 13667 13758
205 64610 52 3 64683 21 73
587 49655 91 3 64774 15028 15119
531 64764 83 3 64857 10 93
573 54964 91 3 64948 9893 9984
242 64862 65 3 65013 86 151
708 64876 87 1 65100 137 224
732 65079 80 4 65180 21 101
915 65173 70 4 65250 7 77
856 65207 65 4 65315 43 108
482 65261 60 2 65375 54 114
988 65343 85 4 65460 32 117
694 65430 64 4 65524 30 94
436 65430 83 3 65607 94 177
216 65572 58 1 65665 35 93
470 65616 44 4 65709 49 93
934 65687 27 4 65736 22 49
84 65642 62 4 65798 94 156
679 65791 58 2 65856 7 65
498 65705 79 1 65935 151 230
272 65695 80 4 66015 240 320
147 65485 83 3 66098 530 613
234 66056 56 3 66154 42 98
285 66098 64 2 66218 56 120
122 66156 57 1 66275 62 119
602 66232 76 4 66351 43 119
253 66098 78 4 66429 253 331
454 66109 79 4 66508 320 399
507 66440 75 3 66583 68 143
250 66574 81 1 66664 9 90
393 66599 70 4 66734 65 135
461 66010 85 4 66819 724 809
431 66279 88 4 66907 540 628
131 66907 49 3 66956 0 49
635 65779 88 3 67044 1177 1265
775 66970 61 3 67105 74 135
295 67050 48 4 67153 55 103
171 65781 88 3 67241 1372 1460
578 66686 88 3 67329 555 643
400 67300 46 3 67375 29 75
837 67261 55 4 67430 114 169
186 67419 43 4 67473 11 54
605 66789 89 2 67562 684 773
890 48629 91 3 67653 18933 19024
861 67572 79 4 67732 81 160
895 67661 62 3 67794 71 133
723 67752 74 4 67868 42 116
298 67695 84 1 67952 173 257
68 67782 87 4 68039 170 257
232 67692 88 2 68127 347 435
521 67638 91 4 68218 489 580
668 68150 77 1 68295 68 145
982 57605 91 2 68386 10690 10781
153 68365 71 2 68457 21 92
111 68438 62 4 68519 19 81
385 68316 76 4 68595 203 279
810 68528 39 4 68634 67 106
710 68442 86 2 68720 192 278
636 68720 61 4 68781 0 61
943 68758 81 2 68862 23 104
652 68835 58 4 68920 27 85
682 68902 55 3 68975 18 73
150 68939 86 3 69061 36 122
549 53282 91 2 69152 15779 15870
728 69065 36 3 69188 87 123
563 69084 46 2 69234 104 150
224 69209 69 4 69303 25 94
288 69240 91 2 69394 63 154
347 69305 84 4 69478 89 173
324 69471 80 3 69558 7 87
382 69539 76 2 69634 19 95
632 69352 90 4 69724 282 372
743 69671 70 3 69794 53 123
796 63612 91 1 69885 6182 6273
419 60616 92 4 69977 9269 9361
640 69908 67 3 70044 69 136
321 69923 78 4 70122 121 199
671 70064 69 4 70191 58 127
527 57384 92 4 70283 12807 12899
24 70201 51 4 70334 82 133
998 70321 54 3 70388 13 67
738 70213 84 4 70472 175 259
221 70472 81 4 70553 0 81
840 70499 80 4 70633 54 134
620 70577 62 2 70695 56 118
862 44693 92 4 70787 26002 26094
491 46816 92 4 70879 23971 24063
983 70798 45 2 70924 81 126
406 51268 92 4 71016 19656 19748
923 51133 92 4 71108 19883 19975
557 66400 92 3 71200 4708 4800
401 69770 92 3 71292 1430 1522
662 71241 58 4 71350 51 109
681 71297 68 4 71418 53 121
432 71391 43 2 71461 27 70
846 58612 92 3 71553 12849 12941
651 71490 87 4 71640 63 150
793 56793 92 3 71732 14847 14939
687 71723 86 3 71818 9 95
899 53143 92 3 71910 18675 18767
299 71906 65 4 71975 4 69
503 71863 83 2 72058 112 195
441 72037 69 2 72127 21 90
269 50841 92 3 72219 21286 21378
217 72190 86 3 72305 29 115
967 50186 92 3 72397 22119 22211
575 72334 37 3 72434 63 100
820 66097 93 4 72527 6337 6430
443 72480 47 4 72574 47 94
785 72510 75 2 72649 64 139
533 72462 83 3 72732 187 270
996 72691 69 4 72801 41 110
319 72646 86 1 72887 155 241
214 72555 87 2 72974 332 419
939 72900 88 3 73062 74 162
869 72988 79 2 73141 74 153
89 72711 88 2 73229 430 518
252 72576 92 3 73321 653 745
769 49028 93 4 73414 24293 24386
246 58437 93 4 73507 14977 15070
430 73467 66 4 73573 40 106
142 46079 93 4 73666 27494 27587
170 73662 46 3 73712 4 50
267 73698 23 3 73735 14 37
42 73652 52 2 73787 83 135
300 73612 61 3 73848 175 236
420 73789 45 4 73893 59 104
981 73864 70 4 73963 29 99
673 73924 70 2 74033 39 109
780 73674 83 4 74116 359 442
109 74006 89 3 74205 110 199
542 73688 90 2 74295 517 607
483 54287 93 4 74388 20008 20101
630 74360 27 3 74415 28 55
140 74345 46 4 74461 70 116
571 74328 72 4 74533 133 205
456 74297 87 3 74620 236 323
417 74343 89 2 74709 277 366
902 61459 93 3 74802 13250 13343
946 74713 64 1 74866 89 153
146 74755 86 3 74952 111 197
233 74934 85 2 75037 18 103
547 74959 85 4 75122 78 163
851 74918 91 4 75213 204 295
447 75177 55 2 75268 36 91
145 75245 86 3 75354 23 109
566 60129 93 3 75447 15225 15318
452 75389 37 2 75484 58 95
88 75461 52 4 75536 23 75
787 75535 73 4 75609 1 74
821 75567 80 2 75689 42 122
268 57583 93 3 75782 18106 18199
52 49881 93 3 75875 25901 25994
446 75793 71 1 75946 82 153
423 75907 88 4 76034 39 127
7 76032 29 4 76063 2 31
451 75950 33 3 76096 113 146
704 76044 56 2 76152 52 108
504 76013 76 3 76228 139 215
167 75906 91 3 76319 322 413
672 63319 93 2 76412 13000 13093
110 65565 93 2 76505 10847 10940
649 76503 68 2 76573 2 70
277 76517 73 3 76646 56 129
490 62686 93 2 76739 13960 14053
804 76676 88 2 76827 63 151
282 76742 38 4 76865 85 123
376 76824 53 2 76918 41 94
178 76829 90 4 77008 89 179
200 76973 80 2 77088 35 115
733 77012 90 4 77178 76 166
526 77104 73 3 77251 74 147
540 77203 69 2 77320 48 117
290 58878 93 2 77413 18442 18535
354 42596 93 2 77506 34817 34910
425 40968 93 2 77599 36538 36631
305 77539 52 3 77651 60 112
803 42724 93 1 77744 34927 35020
258 77664 35 3 77779 80 115
948 73229 93 1 77872 4550 4643
338 60805 94 4 77966 17067 17161
361 57961 94 4 78060 20005 20099
930 56276 94 4 78154 21784 21878
618 43355 94 4 78248 34799 34893
514 78213 91 3 78339 35 126
30 63813 94 3 78433 14526 14620
280 78391 67 2 78500 42 109
13 53666 94 3 78594 24834 24928
130 72545 94 3 78688 6049 6143
73 64681 94 3 78782 14007 14101
955 78696 77 2 78859 86 163
335 57768 94 3 78953 21091 21185
696 77941 94 2 79047 1012 1106
166 58640 94 1 79141 20407 20501
914 51845 94 1 79235 27296 27390
505 74552 95 4 79330 4683 4778
750 45665 95 4 79425 33665 33760
824 79370 44 3 79469 55 99
190 79430 42 2 79511 39 81
236 79465 63 3 79574 46 109
58 79488 82 2 79656 86 168
920 79645 94 4 79750 11 105
183 79698 80 4 79830 52 132
248 79802 70 4 79900 28 98
545 79724 86 2 79986 176 262
191 79983 67 4 80053 3 70
647 79995 92 4 80145 58 150
774 48020 95 4 80240 32125 32220
293 78458 95 4 80335 1782 1877
320 80329 94 3 80429 6 100
809 80355 64 2 80493 74 138
690 54991 95 4 80588 25502 25597
909 64034 95 4 80683 16554 16649
90 51136 95 4 80778 29547 29642
98 34669 95 4 80873 46109 46204
592 75248 95 3 80968 5625 5720
359 80906 93 4 81061 62 155
54 46523 95 3 81156 34538 34633
273 53667 95 3 81251 27489 27584
384 81161 84 3 81335 90 174
316 38501 95 3 81430 42834 42929
61 75875 95 2 81525 5555 5650
438 81433 84 3 81609 92 176
38 81571 86 3 81695 38 124
898 77397 95 2 81790 4298 4393
29 62265 95 2 81885 19525 19620
762 56452 95 2 81980 25433 25528
442 50401 95 2 82075 31579 31674
828 59858 95 1 82170 22217 22312
49 41591 96 4 82266 40579 40675
375 55468 96 4 82362 26798 26894
771 34523 96 4 82458 47839 47935
77 82363 81 1 82539 95 176
407 82477 86 3 82625 62 148
394 61735 96 4 82721 20890 20986
276 58571 96 4 82817 24150 24246
70 72922 96 4 82913 9895 9991
586 82841 52 4 82965 72 124
92 37064 96 4 83061 45901 45997
763 42395 96 4 83157 40666 40762
66 83128 50 3 83207 29 79
350 42104 96 3 83303 41103 41199
286 47244 96 3 83399 36059 36155
845 56905 96 3 83495 26494 26590
961 57024 96 2 83591 26471 26567
312 61875 96 2 83687 21716 21812
175 83636 76 4 83763 51 127
797 83695 94 4 83857 68 162
666 83820 92 3 83949 37 129
610 74049 96 2 84045 9900 9996
511 34090 96 1 84141 49955 50051
842 44639 97 4 84238 39502 39599
906 84191 87 1 84325 47 134
238 42271 97 4 84422 42054 42151
817 58048 97 4 84519 26374 26471
480 61368 97 4 84616 23151 23248
754 84589 34 4 84650 27 61
593 84630 96 2 84746 20 116
271 84702 88 3 84834 44 132
722 42049 97 4 84931 42785 42882
609 84895 66 3 84997 36 102
257 61547 97 4 85094 23450 23547
628 61808 97 3 85191 23286 23383
767 39117 97 2 85288 46074 46171
302 36560 97 2 85385 48728 48825
596 61221 97 2 85482 24164 24261
699 59585 97 1 85579 25897 25994
275 51177 97 1 85676 34402 34499
957 85609 80 1 85756 67 147
984 53858 97 1 85853 31898 31995
654 46377 98 4 85951 39476 39574
698 85946 71 4 86022 5 76
63 51655 98 4 86120 34367 34465
494 65926 98 4 86218 20194 20292
229 60673 98 4 86316 25545 25643
332 86234 62 3 86378 82 144
716 51521 98 4 86476 34857 34955
789 36392 98 4 86574 50084 50182
255 54935 98 4 86672 31639 31737
459 86589 91 4 86763 83 174
6 82640 98 4 86861 4123 4221
115 86856 69 4 86930 5 74
397 50330 98 3 87028 36600 36698
805 86990 60 4 87088 38 98
758 51546 98 3 87186 35542 35640
924 44242 98 3 87284 42944 43042
962 78818 98 3 87382 8466 8564
323 64630 98 3 87480 22752 22850
874 87457 87 3 87567 23 110
751 37018 98 3 87665 50549 50647
991 87631 45 1 87710 34 79
766 42959 98 2 87808 44751 44849
50 44124 98 2 87906 43684 43782
256 87875 46 3 87952 31 77
933 43483 98 1 88050 44469 44567
638 74308 98 1 88148 13742 13840
488 67854 99 4 88247 20294 20393
82 88199 68 2 88315 48 116
381 73242 99 4 88414 15073 15172
958 45635 99 4 88513 42779 42878
802 40435 99 4 88612 48078 48177
136 88601 60 4 88672 11 71
39 48272 99 4 88771 40400 40499
390 38606 99 4 88870 50165 50264
816 38483 99 4 88969 50387 50486
40 44809 99 3 89068 44160 44259
608 41059 99 3 89167 48009 48108
19 43636 99 3 89266 45531 45630
179 67800 99 3 89365 21466 21565
855 66873 99 3 89464 22492 22591
905 89454 56 3 89520 10 66
379 58679 99 3 89619 30841 30940
465 50439 99 3 89718 39180 39279
603 39627 99 3 89817 50091 50190
168 44495 99 2 89916 45322 45421
551 35510 99 2 90015 54406 54505
604 71093 99 2 90114 18922 19021
886 72331 99 2 90213 17783 17882
709 44387 99 2 90312 45826 45925
616 62144 99 1 90411 28168 28267
744 90386 77 4 90488 25 102
674 65700 100 4 90588 24788 24888
55 73327 100 3 90688 17261 17361
993 90644 96 4 90784 44 140
362 54759 100 2 90884 36025 36125
597 90854 90 2 90974 30 120
973 36517 100 2 91074 54457 54557
530 69458 100 1 91174 21616 21716
340 91861 54 2 91915 0 54
619 92183 97 4 92280 0 97
554 92353 36 3 92389 0 36
433 92840 53 4 92893 0 53
901 93957 95 4 94052 0 95
69 94254 74 2 94328 0 74
291 94282 36 2 94364 46 82
518 94614 81 4 94695 0 81
158 96033 93 2 96126 0 93
970 96483 99 2 96582 0 99
717 98790 88 3 98878 0 88
463 100000 43 3 100043 0 43
479 100000 63 4 100106 43 106
211 100000 86 3 100192 106 192
120 100000 87 3 100279 192 279
176 100000 98 3 100377 279 377
591 100000 100 3 100477 377 477
