100978 1853 6651 6579
267 0 48 2 198 150 198
550 0 96 3 294 198 294
67 0 66 3 310 244 310
94 0 70 4 330 260 330
309 0 99 2 379 280 379
504 521 90 3 611 0 90
208 3480 63 3 3543 0 63
674 4237 42 3 4279 0 42
339 5093 89 3 5182 0 89
729 5514 71 1 5585 0 71
417 6516 64 2 6580 0 64
694 6978 40 3 7018 0 40
392 7312 84 4 7396 0 84
653 7633 89 2 7722 0 89
628 7800 41 3 7841 0 41
988 8335 86 3 8421 0 86
771 8439 93 3 8532 0 93
901 8526 56 4 8588 6 62
356 8696 65 3 8761 0 65
281 8843 73 3 8916 0 73
449 9226 49 2 9275 0 49
102 9361 32 2 9393 0 32
374 10378 82 1 10460 0 82
683 11020 73 2 11093 0 73
35 11075 69 2 11162 18 87
72 11099 66 4 11278 113 179
201 11157 63 2 11291 71 134
220 11396 57 2 11453 0 57
231 11705 78 3 11783 0 78
473 11807 88 3 11895 0 88
526 12036 80 4 12116 0 80
345 12769 61 3 12830 0 61
681 13023 91 2 13114 0 91
788 13228 79 3 13307 0 79
258 14399 35 3 14434 0 35
762 14870 78 4 14948 0 78
215 14884 25 4 14973 64 89
959 14927 97 4 15070 46 143
578 15321 79 4 15400 0 79
2 15930 99 4 16029 0 99
36 15971 60 4 16189 158 218
394 15979 82 4 16221 160 242
650 15987 99 3 16270 184 283
993 16396 67 3 16463 0 67
115 16653 97 2 16750 0 97
86 17079 29 3 17108 0 29
699 17507 97 1 17604 0 97
110 17539 35 1 17639 65 100
466 17991 47 4 18038 0 47
245 18426 80 2 18506 0 80
308 18603 57 4 18660 0 57
937 18668 95 4 18763 0 95
457 18680 95 4 18908 133 228
717 18681 72 4 18930 177 249
986 18814 57 3 19037 166 223
489 18889 60 3 19097 148 208
638 18950 84 4 19181 147 231
46 19004 89 4 19270 177 266
496 19049 90 3 19360 221 311
431 19108 86 1 19396 202 288
856 19314 60 3 19456 82 142
874 19533 47 3 19580 0 47
70 19581 38 4 19619 0 38
467 19618 28 4 19647 1 29
639 19731 92 1 19823 0 92
8 19793 50 1 19873 30 80
718 20098 70 1 20168 0 70
714 20215 89 4 20304 0 89
116 20683 88 2 20771 0 88
814 20779 52 1 20831 0 52
904 21121 50 2 21171 0 50
922 21228 93 1 21321 0 93
355 21298 100 2 21421 23 123
506 21487 74 1 21561 0 74
53 21534 98 4 21759 127 225
849 21537 70 4 21829 222 292
680 21549 92 4 21921 280 372
497 21611 88 2 21959 260 348
514 21638 66 2 21975 271 337
626 21959 54 4 22079 66 120
23 21963 71 4 22100 66 137
235 22090 96 1 22196 10 106
109 22139 70 4 22316 107 177
847 22141 69 4 22335 125 194
216 22273 77 4 22462 112 189
770 22326 97 1 22509 86 183
815 22464 38 1 22547 45 83
657 22477 69 4 22616 70 139
927 22763 72 4 22835 0 72
744 22819 61 4 22896 16 77
488 23124 87 4 23211 0 87
266 23134 51 4 23312 127 178
649 23201 88 3 23350 61 149
181 23324 98 3 23448 26 124
77 23351 84 1 23532 97 181
475 23519 75 3 23607 13 88
831 23750 76 1 23826 0 76
553 23833 38 3 23871 0 38
239 23952 82 2 24034 0 82
188 24139 71 2 24210 0 71
389 24213 46 3 24259 0 46
709 24281 96 2 24377 0 96
765 24418 97 3 24515 0 97
118 24524 70 3 24594 0 70
196 24591 54 4 24648 3 57
600 24821 41 3 24862 0 41
171 24996 84 2 25080 0 84
463 25052 74 4 25204 78 152
427 25072 88 3 25242 82 170
433 25143 79 4 25421 199 278
934 25157 54 3 25475 264 318
448 25213 83 2 25608 312 395
113 25276 66 3 25624 282 348
793 25332 84 4 25758 342 426
941 25332 52 3 25810 426 478
387 25434 71 3 25931 426 497
703 25438 61 3 25992 493 554
944 25504 91 4 26133 538 629
154 25584 97 4 26230 549 646
398 25607 53 4 26233 573 626
579 25639 96 2 26329 594 690
989 25676 55 3 26384 653 708
193 25724 96 4 26430 610 706
269 25783 70 4 26500 647 717
176 25893 67 2 26567 607 674
359 25943 79 4 26596 574 653
652 26125 87 3 26633 421 508
529 26231 53 1 26736 452 505
10 26475 81 3 26867 311 392
776 26485 98 1 26915 332 430
114 26551 99 3 26964 314 413
354 26577 53 2 26967 337 390
468 26820 64 2 27031 147 211
854 26971 99 4 27130 60 159
625 27201 63 3 27264 0 63
62 27328 90 4 27418 0 90
186 27354 85 2 27553 114 199
857 27361 76 2 27579 142 218
191 27492 88 2 27667 87 175
500 27676 48 4 27724 0 48
840 27787 54 2 27841 0 54
667 27832 82 2 27923 9 91
122 27916 58 4 27981 7 65
923 27938 98 4 28079 43 141
253 27999 68 4 28147 80 148
716 28088 28 3 28175 59 87
754 28102 69 3 28344 173 242
163 28115 55 2 28349 179 234
460 28126 66 1 28365 173 239
888 28902 88 1 28990 0 88
664 28925 65 4 29105 115 180
552 28959 93 3 29148 96 189
233 29131 84 4 29232 17 101
248 29345 91 1 29436 0 91
406 29366 58 4 29544 120 178
997 29408 97 2 29691 186 283
881 29446 94 2 29785 245 339
603 29468 76 2 29861 317 393
9 29503 98 3 30009 408 506
432 29585 81 3 30090 424 505
422 29643 67 1 30107 397 464
145 29647 86 2 30143 410 496
370 29694 75 4 30218 449 524
808 29933 74 4 30292 285 359
851 30087 78 2 30370 205 283
865 30147 97 3 30467 223 320
926 30256 87 2 30554 211 298
811 30368 93 2 30647 186 279
884 30434 96 3 30693 163 259
415 30585 51 3 30794 158 209
632 30621 83 4 30877 173 256
282 30722 89 4 30916 105 194
217 30810 97 2 31063 156 253
476 30861 70 2 31083 152 222
795 31202 57 3 31259 0 57
97 31225 79 4 31388 84 163
999 31256 87 4 31425 82 169
940 31359 56 3 31481 66 122
929 31470 85 2 31566 11 96
249 31661 62 4 31723 0 62
894 31669 41 4 31764 54 95
726 31711 89 3 31853 53 142
242 31769 38 3 31891 84 122
48 31837 24 2 31965 104 128
238 31821 96 3 32111 194 290
132 31857 76 2 32137 204 280
170 31888 100 3 32187 199 299
106 32148 73 4 32310 89 162
137 32182 86 4 32346 78 164
212 32409 78 4 32487 0 78
315 32445 99 4 32586 42 141
700 32615 60 3 32675 0 60
55 32686 76 2 32762 0 76
777 32687 26 1 32788 75 101
461 32707 64 4 32852 81 145
16 32850 30 3 32882 2 32
204 32866 69 3 32951 16 85
724 32907 93 3 33094 94 187
798 32929 82 4 33126 115 197
376 33016 65 3 33291 210 275
408 33085 73 4 33314 156 229
164 33124 79 3 33343 140 219
719 33370 92 3 33462 0 92
240 33458 97 3 33559 4 101
234 33467 87 3 33796 242 329
337 33593 47 2 33843 203 250
574 33513 55 4 33848 280 335
177 33652 49 3 33897 196 245
99 33515 59 3 33906 332 391
452 33547 56 3 34062 459 515
61 33861 33 4 34245 351 384
123 33694 86 3 34281 501 587
830 33699 99 4 34330 532 631
665 33706 83 1 34413 624 707
693 33747 94 4 34557 716 810
331 33823 81 4 34588 684 765
858 33837 68 2 34606 701 769
372 33961 91 4 34847 795 886
620 34028 72 1 34919 819 891
416 34446 41 4 34960 473 514
531 34052 55 3 34965 858 913
982 34260 94 3 35109 755 849
595 34625 40 3 35149 484 524
698 34270 83 4 35182 829 912
619 34271 75 2 35207 861 936
642 34329 76 4 35283 878 954
424 34352 99 3 35432 981 1080
423 34522 71 4 35653 1060 1131
819 34579 52 4 35705 1074 1126
502 34715 69 4 35874 1090 1159
380 34767 67 4 35891 1057 1124
47 34844 60 3 36001 1097 1157
587 34901 58 2 36109 1150 1208
20 35444 50 4 36159 665 715
878 34942 87 4 36246 1217 1304
144 34948 81 4 36277 1248 1329
987 34962 71 2 36348 1315 1386
336 34976 74 3 36372 1322 1396
655 35107 89 1 36411 1215 1304
277 35113 60 3 36421 1248 1308
713 35124 80 1 36501 1297 1377
817 35826 48 3 36549 675 723
499 35299 100 4 36599 1200 1300
530 35300 80 2 36629 1249 1329
82 35383 91 4 36720 1246 1337
945 35392 97 4 36817 1328 1425
244 36066 42 3 36859 751 793
333 35449 73 4 36932 1410 1483
932 35566 77 3 36959 1316 1393
758 35803 69 2 37278 1406 1475
296 35971 98 3 37426 1357 1455
360 36019 91 3 37517 1407 1498
935 36733 36 4 37553 784 820
885 36080 64 4 37717 1573 1637
412 36288 76 3 37793 1429 1505
573 36331 91 3 37884 1462 1553
824 36345 52 4 37936 1539 1591
863 36350 70 1 38006 1586 1656
660 36385 93 4 38149 1671 1764
28 36413 54 3 38203 1736 1790
152 37266 45 3 38348 1037 1082
883 36539 64 4 38362 1759 1823
63 36626 53 3 38465 1786 1839
862 36708 95 2 38560 1757 1852
722 36755 91 4 38751 1905 1996
837 37595 30 4 38881 1256 1286
690 36776 58 1 38889 2055 2113
891 36815 68 3 38957 2074 2142
928 36901 81 4 39138 2156 2237
492 37768 30 3 39268 1470 1500
477 36962 93 2 39311 2256 2349
96 37058 82 3 39443 2303 2385
707 37103 80 3 39473 2290 2370
880 37138 51 4 39524 2335 2386
84 37151 98 4 39672 2423 2521
295 37205 74 3 39746 2467 2541
397 37252 56 3 39752 2444 2500
739 37255 88 3 39840 2497 2585
379 37305 81 4 39871 2485 2566
708 37323 67 2 39888 2498 2565
24 37391 83 4 39921 2447 2530
721 37452 55 3 39926 2419 2474
30 37526 97 3 40123 2500 2597
505 38649 44 3 40267 1574 1618
324 37531 87 4 40304 2686 2773
158 37568 53 3 40357 2736 2789
386 37582 66 2 40373 2725 2791
827 38810 41 3 40414 1563 1604
545 37605 94 4 40558 2859 2953
327 37683 65 3 40573 2825 2890
903 37684 80 2 40603 2839 2919
845 37713 78 4 40631 2840 2918
594 39086 35 4 40766 1645 1680
276 37737 84 4 40800 2979 3063
366 39170 46 4 40846 1630 1676
757 37762 56 2 40852 3034 3090
515 37794 60 4 40912 3058 3118
584 37874 68 3 40930 2988 3056
746 37992 79 4 41109 3038 3117
806 38032 94 4 41203 3077 3171
112 38041 68 4 41271 3162 3230
803 38135 60 1 41431 3236 3296
161 39734 44 3 41525 1747 1791
616 38247 72 4 41547 3228 3300
481 38562 84 4 41681 3035 3119
174 38569 79 2 41760 3112 3191
111 38588 63 4 41823 3172 3235
378 38613 67 3 41940 3260 3327
978 38630 54 3 41944 3260 3314
39 40253 36 4 42030 1741 1777
160 40270 26 3 42056 1760 1786
429 38716 88 3 42094 3290 3378
60 38821 100 4 42244 3323 3423
402 38856 99 2 42293 3338 3437
886 40523 45 2 42388 1820 1865
280 39064 91 4 42579 3424 3515
686 39085 80 4 42609 3444 3524
802 40722 47 4 42656 1887 1934
509 40841 46 2 42802 1915 1961
828 39236 74 3 42826 3516 3590
801 39366 99 3 42975 3510 3609
131 39409 76 2 43001 3516 3592
401 39466 52 4 43053 3535 3587
124 39507 77 3 43180 3596 3673
789 39525 70 4 43200 3605 3675
565 39599 70 4 43270 3601 3671
484 39623 61 2 43381 3697 3758
101 39633 84 4 43415 3698 3782
207 39691 94 1 43509 3724 3818
135 41507 49 3 43558 2002 2051
567 39786 92 3 43650 3772 3864
18 39898 55 4 43655 3702 3757
65 41598 38 1 43693 2057 2095
5 39967 69 4 43812 3776 3845
829 40008 55 3 43867 3804 3859
318 41791 38 4 43955 2126 2164
513 40044 77 4 44032 3911 3988
580 40110 77 1 44109 3922 3999
56 40180 92 3 44151 3879 3971
902 40395 65 4 44216 3756 3821
189 42117 49 2 44315 2149 2198
383 42135 47 4 44362 2180 2227
992 40414 84 4 44396 3898 3982
93 42237 44 3 44540 2259 2303
648 40469 89 4 44679 4121 4210
848 40568 91 3 44770 4111 4202
589 40584 99 2 44869 4186 4285
570 40624 51 4 44870 4195 4246
210 42555 47 3 44967 2365 2412
520 42617 43 2 45060 2400 2443
338 40776 91 4 45151 4284 4375
263 40786 80 3 45181 4315 4395
971 40865 86 3 45317 4366 4452
403 42868 48 4 45365 2449 2497
49 40873 77 4 45392 4442 4519
90 41012 74 4 45516 4430 4504
286 41057 53 1 45569 4459 4512
182 41067 52 4 45571 4452 4504
150 41206 59 4 45580 4315 4374
469 41286 81 2 45711 4344 4425
435 41309 62 3 45723 4352 4414
915 41373 94 3 45867 4400 4494
455 41542 75 3 46142 4525 4600
340 41618 98 2 46290 4574 4672
141 41665 93 4 46333 4575 4668
85 41718 76 4 46359 4565 4641
895 41788 84 3 46393 4521 4605
671 43879 34 4 46427 2514 2548
621 43928 48 4 46475 2499 2547
725 41820 62 2 46487 4605 4667
918 41826 58 1 46545 4661 4719
759 42021 67 3 46562 4474 4541
321 42096 69 2 46681 4516 4585
246 42208 66 4 46797 4523 4589
185 42211 86 4 46833 4536 4622
954 42252 54 3 46887 4581 4635
279 44560 32 4 46919 2327 2359
688 42286 55 2 46924 4583 4638
464 42359 90 3 47064 4615 4705
213 42424 90 4 47304 4790 4880
313 42523 81 4 47385 4781 4862
641 42586 76 4 47511 4849 4925
361 45029 41 4 47652 2582 2623
635 42630 65 1 47767 5072 5137
426 45070 36 1 47803 2697 2733
647 42730 55 2 47808 5023 5078
471 42789 83 2 47941 5069 5152
419 42908 95 2 48086 5083 5178
153 42917 97 3 48183 5169 5266
483 43035 78 3 48211 5098 5176
809 45551 38 4 48249 2660 2698
791 43257 55 4 48304 4992 5047
352 43266 95 3 48449 5088 5183
735 43356 81 1 48580 5143 5224
319 43396 68 4 48698 5234 5302
522 43425 99 1 48897 5373 5472
430 43445 74 3 48971 5452 5526
748 43445 89 4 49060 5526 5615
288 43446 74 1 49134 5614 5688
955 43476 70 3 49154 5608 5678
411 43585 97 3 49251 5569 5666
909 43589 68 2 49269 5612 5680
661 43990 55 2 49374 5329 5384
946 44172 53 3 49377 5152 5205
396 44203 68 4 49445 5174 5242
120 44224 68 4 49513 5221 5289
637 46720 44 3 49557 2793 2837
785 44233 75 3 49582 5274 5349
869 44453 78 4 49660 5129 5207
127 44636 81 2 49791 5074 5155
12 44674 63 4 49854 5117 5180
872 47015 42 4 49896 2839 2881
805 44688 81 4 49927 5158 5239
763 47103 42 3 50019 2874 2916
33 44715 98 4 50067 5254 5352
375 47147 45 4 50112 2920 2965
838 44729 79 3 50141 5333 5412
420 44752 67 2 50258 5439 5506
912 44850 80 4 50538 5608 5688
990 44894 83 3 50771 5794 5877
490 44907 97 3 50918 5914 6011
250 44969 97 1 50965 5899 5996
87 45003 85 4 51000 5912 5997
767 45032 98 2 51098 5968 6066
753 45050 59 3 51107 5998 6057
670 47746 35 4 51142 3361 3396
781 45194 71 4 51213 5948 6019
790 45203 91 1 51254 5960 6051
243 45249 99 4 51403 6055 6154
368 45348 66 4 51419 6005 6071
910 45430 72 3 51541 6039 6111
623 48097 49 3 51590 3444 3493
855 45567 52 4 51742 6123 6175
289 45592 80 2 51772 6100 6180
29 45623 64 2 51786 6099 6163
749 45698 86 4 51822 6038 6124
149 45701 69 3 51841 6071 6140
967 45759 83 3 51924 6082 6165
264 45768 84 2 52008 6156 6240
291 45807 75 2 52033 6151 6226
347 45833 66 2 52149 6250 6316
523 45850 60 3 52209 6299 6359
495 45904 100 3 52459 6455 6555
301 48966 47 3 52556 3543 3590
391 45955 63 3 52569 6551 6614
241 46015 58 3 52627 6554 6612
977 46134 89 3 52816 6593 6682
780 46291 78 1 52944 6575 6653
287 46450 91 1 52985 6444 6535
527 49339 40 4 53025 3646 3686
728 46586 97 2 53072 6389 6486
15 49410 47 2 53169 3712 3759
256 49428 44 3 53263 3791 3835
159 46643 90 2 53303 6570 6660
704 49564 45 2 53498 3889 3934
608 46745 74 2 53522 6703 6777
299 49598 40 1 53562 3924 3964
622 46868 74 4 53586 6644 6718
796 46874 75 1 53661 6712 6787
730 46972 90 4 53751 6689 6779
741 47101 77 3 53878 6700 6777
624 47191 75 3 54053 6787 6862
108 47197 93 1 54246 6956 7049
679 50247 50 4 54446 4149 4199
121 47216 76 3 54472 7180 7256
823 47223 60 3 54532 7249 7309
969 47233 82 2 54614 7299 7381
676 47234 76 4 54690 7380 7456
410 47254 94 3 54834 7486 7580
792 47316 72 2 54906 7518 7590
908 47336 91 4 55047 7620 7711
913 47380 79 3 55126 7667 7746
437 47381 72 4 55148 7695 7767
283 47424 70 2 55168 7674 7744
890 47427 82 1 55200 7691 7773
107 47574 78 4 55328 7676 7754
275 51060 46 2 55524 4418 4464
876 51094 40 2 55664 4530 4570
302 47780 62 4 55676 7834 7896
400 47869 63 4 55889 7957 8020
702 47925 61 4 55950 7964 8025
297 48044 57 3 55957 7856 7913
960 48058 63 4 56020 7899 7962
843 48120 92 3 56062 7850 7942
214 48133 91 2 56253 8029 8120
390 51649 37 3 56290 4604 4641
351 48169 79 4 56369 8121 8200
32 48526 61 3 56480 7893 7954
51 48613 83 2 56513 7817 7900
501 48742 75 3 56688 7871 7946
807 48747 74 2 56812 7991 8065
92 48749 88 3 56900 8063 8151
298 48822 91 2 56941 8028 8119
979 48828 67 4 57008 8113 8180
382 48833 88 4 57046 8125 8213
451 48881 88 1 57084 8115 8203
540 52432 43 4 57177 4702 4745
83 48899 95 4 57222 8228 8323
602 48976 98 2 57370 8296 8394
911 49067 68 4 57438 8303 8371
325 49077 65 3 57453 8311 8376
399 49097 88 4 57541 8356 8444
312 49204 89 4 57580 8287 8376
601 49206 60 3 57590 8324 8384
618 49402 62 1 57852 8388 8450
442 49424 95 3 57897 8378 8473
441 49448 85 3 58132 8599 8684
21 49451 95 2 58277 8731 8826
685 49551 88 3 58415 8776 8864
384 53547 24 4 58689 5118 5142
549 49700 69 4 58708 8939 9008
546 49711 98 2 58806 8997 9095
439 49861 92 4 58898 8945 9037
598 49924 73 2 58971 8974 9047
223 49939 98 4 59119 9082 9180
539 50064 56 2 59175 9055 9111
924 53955 45 3 59270 5270 5315
306 50118 88 2 59308 9102 9190
536 50143 99 1 59357 9115 9214
761 50169 59 3 59416 9188 9247
41 54146 45 4 59461 5270 5315
590 50180 53 3 59464 9231 9284
610 50202 79 4 59643 9362 9441
631 50214 69 3 59712 9429 9498
88 50226 98 3 59760 9436 9534
995 50271 69 4 59879 9539 9608
752 50317 89 4 59968 9562 9651
190 54541 37 4 60005 5427 5464
91 54550 35 4 60140 5555 5590
850 54563 47 3 60187 5577 5624
799 50387 86 4 60223 9750 9836
139 50426 96 3 60319 9797 9893
867 50440 75 2 60344 9829 9904
533 50534 95 3 60489 9860 9955
353 50576 78 1 60517 9863 9941
821 54945 48 1 60565 5572 5620
839 50578 83 2 60598 9937 10020
738 50619 97 1 60645 9929 10026
697 50944 100 3 60895 9851 9951
591 50960 95 4 60940 9885 9980
7 55317 29 2 61069 5723 5752
491 51004 74 4 61093 10015 10089
227 55352 43 3 61136 5741 5784
583 51026 83 3 61169 10060 10143
588 51041 96 4 61315 10178 10274
566 51088 83 3 61598 10427 10510
832 55546 29 3 61727 6152 6181
194 51088 64 2 61741 10589 10653
975 51202 85 4 61826 10539 10624
487 51217 98 1 61974 10659 10757
27 51220 66 2 61990 10704 10770
507 51247 75 4 62115 10793 10868
166 51263 57 3 62122 10802 10859
254 55923 38 4 62160 6199 6237
1 51441 94 4 62204 10669 10763
611 56020 41 4 62295 6234 6275
228 51602 73 2 62318 10643 10716
835 51610 87 4 62355 10658 10745
743 51613 68 4 62373 10692 10760
221 51655 57 3 62430 10718 10775
537 51769 75 4 62505 10661 10736
178 51828 72 3 62527 10627 10699
187 51938 56 3 62583 10589 10645
510 51993 82 2 62665 10590 10672
696 52007 74 3 62689 10608 10682
921 52038 52 4 62741 10651 10703
503 52078 85 4 62776 10613 10698
659 56743 49 4 62825 6033 6082
75 52087 69 4 62944 10788 10857
133 52210 83 2 63227 10934 11017
568 56943 49 3 63276 6284 6333
936 56949 27 3 63303 6327 6354
782 52415 84 3 63437 10938 11022
800 52481 81 4 63568 11006 11087
980 52567 100 3 63618 10951 11051
198 52597 73 3 63741 11071 11144
675 52709 84 3 63775 10982 11066
585 52961 82 4 63857 10814 10896
764 52972 96 3 63903 10835 10931
794 52975 95 4 63948 10878 10973
66 57717 44 4 64042 6281 6325
768 52979 78 4 64070 11013 11091
860 52990 67 2 64087 11030 11097
184 53175 84 3 64271 11012 11096
459 57936 35 4 64306 6335 6370
896 53186 83 2 64389 11120 11203
310 53222 64 3 64453 11167 11231
511 53245 54 1 64457 11158 11212
571 53343 73 4 64530 11114 11187
284 53347 58 4 64588 11183 11241
45 58245 27 4 64665 6393 6420
367 53363 80 2 64695 11252 11332
755 53376 73 3 64868 11419 11492
853 53437 66 2 64934 11431 11497
142 53456 56 2 64940 11428 11484
731 53458 89 4 64979 11432 11521
1000 53459 89 3 65168 11620 11709
612 53484 96 2 65214 11634 11730
786 53598 75 3 65339 11666 11741
524 53671 85 1 65424 11668 11753
6 53790 62 3 65486 11634 11696
669 53810 89 4 65575 11676 11765
418 53813 87 3 65612 11712 11799
425 59104 37 3 65699 6558 6595
662 53904 81 4 65730 11745 11826
480 53934 71 1 65851 11846 11917
454 54085 89 2 65940 11766 11855
17 54173 88 2 66128 11867 11955
994 54198 98 4 66226 11930 12028
820 54228 76 2 66302 11998 12074
871 54268 95 1 66347 11984 12079
156 54426 92 4 66389 11871 11963
842 54441 79 3 66468 11948 12027
285 59839 49 4 66517 6629 6678
898 54530 51 3 66568 11987 12038
974 59954 36 4 66604 6614 6650
734 54542 71 4 66675 12062 12133
404 60027 43 2 66718 6648 6691
983 54542 91 4 66859 12226 12317
727 54638 68 3 67027 12321 12389
933 54750 96 2 67073 12227 12323
436 60357 41 4 67114 6716 6757
965 54776 67 3 67131 12288 12355
547 60454 41 3 67172 6677 6718
125 60481 39 3 67211 6691 6730
200 55101 94 2 67455 12260 12354
236 55132 99 4 67504 12273 12372
257 55140 62 3 67516 12314 12376
58 55156 78 4 67544 12310 12388
334 55281 62 2 67656 12313 12375
311 55282 68 4 67724 12374 12442
593 55383 82 3 67906 12441 12523
395 55423 94 3 67950 12433 12527
962 55444 96 4 68096 12556 12652
541 55458 83 3 68129 12588 12671
605 55461 66 4 68195 12668 12734
512 55477 53 3 68198 12668 12721
173 55486 79 2 68277 12712 12791
887 55534 78 3 68355 12743 12821
446 61608 48 2 68403 6747 6795
465 55541 92 4 68445 12812 12904
737 55633 53 4 68548 12862 12915
822 61768 43 4 68591 6780 6823
130 55678 75 3 68616 12863 12938
300 55721 62 4 68728 12945 13007
557 55798 96 3 69024 13130 13226
783 55802 60 2 69134 13272 13332
104 55962 86 4 69220 13172 13258
322 62230 41 2 69261 6990 7031
606 62293 41 3 69302 6968 7009
268 56198 73 3 69325 13054 13127
736 56341 94 2 69369 12934 13028
689 56499 63 2 69482 12920 12983
672 56538 86 3 69618 12994 13080
485 56674 82 4 69800 13044 13126
470 62773 44 1 69894 7077 7121
644 56759 74 1 69968 13135 13209
38 56802 80 4 70048 13166 13246
179 56825 73 2 70071 13173 13246
607 56906 97 2 70118 13115 13212
534 56912 54 4 70172 13206 13260
136 56933 81 4 70303 13289 13370
180 56941 67 3 70370 13362 13429
474 57016 68 4 70488 13404 13472
905 57063 82 3 70520 13375 13457
203 57137 83 3 70803 13583 13666
711 57140 86 3 70889 13663 13749
438 63585 41 4 71080 7454 7495
917 57290 64 1 71194 13840 13904
852 57316 82 3 71276 13878 13960
668 57485 53 3 71329 13791 13844
155 57707 87 4 71416 13622 13709
138 63973 36 4 71452 7443 7479
868 57842 70 4 71572 13660 13730
775 64135 30 3 71652 7487 7517
925 57843 56 4 71658 13759 13815
521 57889 69 4 71677 13719 13788
968 64287 48 3 71775 7440 7488
343 57940 94 2 71819 13785 13879
19 57958 65 4 71934 13911 13976
532 58050 81 4 72015 13884 13965
658 58141 76 4 72091 13874 13950
951 58235 72 4 72163 13856 13928
564 64621 41 4 72304 7642 7683
237 58293 84 4 72438 14061 14145
773 58296 86 3 72474 14092 14178
961 58327 57 2 72531 14147 14204
146 58332 65 3 72646 14249 14314
57 58523 63 3 72809 14223 14286
42 58551 97 4 72856 14208 14305
636 58552 65 3 72871 14254 14319
428 58640 70 3 72991 14281 14351
673 58666 85 4 73026 14275 14360
307 65277 41 2 73067 7749 7790
64 58781 78 4 73295 14436 14514
604 58843 90 3 73385 14452 14542
599 58948 96 1 73431 14387 14483
779 65517 33 2 73464 7914 7947
13 59102 51 2 73565 14412 14463
834 59135 83 3 73648 14430 14513
870 59142 67 4 73665 14456 14523
103 59198 68 2 73783 14517 14585
140 59430 75 4 73908 14403 14478
54 59437 53 1 73911 14421 14474
543 59464 97 1 74058 14497 14594
875 59489 82 2 74090 14519 14601
774 59527 81 4 74221 14613 14694
219 59802 91 1 74312 14419 14510
209 59845 93 2 74405 14467 14560
328 59988 56 2 74461 14417 14473
371 60048 54 4 74515 14413 14467
78 60048 86 4 74551 14417 14503
89 66802 43 2 74594 7749 7792
74 66832 39 2 74633 7762 7801
812 60088 77 3 74660 14495 14572
893 60098 74 4 74784 14612 14686
957 66929 40 2 74874 7905 7945
229 60202 97 3 74921 14622 14719
981 67091 43 4 75114 7980 8023
458 67154 47 4 75161 7960 8007
576 60489 91 4 75252 14672 14763
151 60529 90 4 75342 14723 14813
882 60549 98 3 75390 14743 14841
592 60574 93 4 75433 14766 14859
98 60800 100 4 75483 14583 14683
293 60905 54 2 75487 14528 14582
377 60975 96 2 75533 14462 14558
582 67664 46 2 75579 7869 7915
34 60996 66 3 75595 14533 14599
385 61069 69 2 75614 14476 14545
68 61161 91 2 75705 14453 14544
914 61251 59 4 75714 14404 14463
682 61308 88 2 75852 14456 14544
633 61402 68 4 75870 14400 14468
278 61499 91 2 75911 14321 14412
687 61554 60 1 75971 14357 14417
14 61661 96 4 76067 14310 14406
95 61719 98 3 76115 14298 14396
569 61832 67 2 76182 14283 14350
810 61837 84 2 76266 14345 14429
973 61893 99 3 76365 14373 14472
50 61903 67 1 76432 14462 14529
3 61906 70 1 76502 14526 14596
329 61926 60 3 76562 14576 14636
555 61926 99 4 76661 14636 14735
678 62008 79 4 76790 14703 14782
907 62037 90 1 76830 14703 14793
560 62049 53 3 76833 14731 14784
305 69294 42 4 76925 7589 7631
953 62471 85 3 76960 14404 14489
11 62480 78 4 76988 14430 14508
362 62531 95 3 77083 14457 14552
859 62565 62 4 77095 14468 14530
342 62614 82 4 77227 14531 14613
517 62659 93 4 77270 14518 14611
486 62662 75 3 77295 14558 14633
572 62755 71 2 77316 14490 14561
25 62774 84 4 77450 14592 14676
544 69955 38 2 77538 7545 7583
117 62833 65 4 77553 14655 14720
126 70098 50 3 77653 7505 7555
447 63032 59 3 77712 14621 14680
645 70129 38 4 77750 7583 7621
335 63051 86 4 77836 14699 14785
332 63082 55 4 77941 14804 14859
991 63109 82 4 77973 14782 14864
222 63169 91 2 78014 14754 14845
444 63294 87 4 78051 14670 14757
966 70485 47 4 78098 7566 7613
666 63409 85 3 78133 14639 14724
772 63413 98 3 78231 14720 14818
37 63413 55 4 78236 14768 14823
344 70663 30 3 78266 7573 7603
787 63422 99 4 78315 14794 14893
575 63431 77 4 78392 14884 14961
211 63472 90 4 78482 14920 15010
970 63512 88 4 78520 14920 15008
206 63543 89 4 78609 14977 15066
26 63559 79 3 78638 15000 15079
443 63590 62 1 78750 15098 15160
556 63609 55 1 78755 15091 15146
554 63643 69 3 78824 15112 15181
892 71226 37 3 78861 7598 7635
388 63677 67 3 78878 15134 15201
651 63935 79 1 78907 14893 14972
919 64051 98 2 79055 14906 15004
59 64071 74 4 79129 14984 15058
143 64127 79 3 79208 15002 15081
183 64238 62 1 79220 14920 14982
80 64313 76 2 79246 14857 14933
162 64368 51 3 79247 14828 14879
314 64424 79 4 79276 14773 14852
128 64521 58 4 79284 14705 14763
615 64549 55 3 79289 14685 14740
630 64595 58 4 79347 14694 14752
958 64603 98 3 79395 14694 14792
906 64677 51 4 79396 14668 14719
846 64689 90 2 79436 14657 14747
740 72415 41 4 79477 7021 7062
393 64767 69 3 79546 14710 14779
320 64832 100 3 79596 14664 14764
695 64847 60 4 79606 14699 14759
656 64947 78 3 79684 14659 14737
294 64960 81 4 79715 14674 14755
172 64967 64 2 79729 14698 14762
943 65116 54 3 79783 14613 14667
292 65180 59 1 79892 14653 14712
750 65316 98 4 79990 14576 14674
218 65331 63 3 80053 14659 14722
405 65331 57 2 80060 14672 14729
756 65336 94 4 80154 14724 14818
841 65369 65 4 80169 14735 14800
69 73326 49 4 80218 6843 6892
31 65565 53 3 80421 14803 14856
613 65577 60 2 80431 14794 14854
825 65690 53 4 80484 14741 14794
316 65798 74 2 80508 14636 14710
797 73713 43 2 80601 6845 6888
720 65848 96 4 80697 14753 14849
168 65875 83 2 80780 14822 14905
147 65880 64 2 80794 14850 14914
22 66001 98 4 80842 14743 14841
528 66013 92 3 80884 14779 14871
751 66201 79 4 80913 14633 14712
629 66225 96 1 81009 14688 14784
705 66360 79 4 81088 14649 14728
341 66506 98 2 81236 14632 14730
614 66522 60 3 81396 14814 14874
350 66677 95 2 81441 14669 14764
262 74592 50 4 81541 6899 6949
525 66875 54 4 81595 14666 14720
251 66898 97 3 81742 14747 14844
677 66917 85 4 81777 14775 14860
462 66969 80 4 81907 14858 14938
265 67024 83 3 81990 14883 14966
640 74980 42 4 82032 7010 7052
836 67064 60 4 82192 15068 15128
715 67206 76 3 82268 14986 15062
998 67234 92 4 82310 14984 15076
52 67790 81 2 82391 14520 14601
634 75704 29 4 82420 6687 6716
972 67953 78 4 82448 14417 14495
271 67973 96 3 82494 14425 14521
440 68231 65 4 82559 14263 14328
760 68424 66 3 82575 14085 14151
897 68599 72 2 82597 13926 13998
323 68649 83 3 82630 13898 13981
712 76223 37 2 82667 6407 6444
996 68714 92 2 82759 13953 14045
493 68764 83 4 82792 13945 14028
273 68820 66 4 82858 13972 14038
769 68870 95 3 82903 13938 14033
409 68889 80 4 82933 13964 14044
303 68946 66 2 83099 14087 14153
421 68948 80 3 83179 14151 14231
732 69283 72 3 83251 13896 13968
252 69448 75 3 83326 13803 13878
44 69593 51 4 83377 13733 13784
643 69611 75 4 83452 13766 13841
232 69870 84 1 83536 13582 13666
100 69893 89 3 83575 13593 13682
205 69936 62 3 83587 13589 13651
938 70052 69 4 83706 13585 13654
833 70110 74 3 83830 13646 13720
43 70171 84 2 83864 13609 13693
519 70185 91 4 83905 13629 13720
169 70202 88 2 83943 13653 13741
129 70569 99 2 84142 13474 13573
363 70693 98 3 84190 13399 13497
939 70744 71 4 84211 13396 13467
445 70920 69 3 84230 13241 13310
304 71003 87 2 84267 13177 13264
255 71010 97 4 84364 13257 13354
577 71186 67 4 84381 13128 13195
952 71378 82 2 84463 13003 13085
259 71389 82 4 84495 13024 13106
561 71470 70 4 84565 13025 13095
516 71546 93 4 84658 13019 13112
538 72105 67 3 84675 12503 12570
148 72452 77 3 84852 12323 12400
369 72633 58 3 84860 12169 12227
349 72859 66 3 84876 11951 12017
976 79747 38 4 84914 5129 5167
224 72872 67 3 84931 11992 12059
326 72906 64 3 84945 11975 12039
414 72957 58 1 84953 11938 11996
747 73098 80 4 85083 11905 11985
948 73187 99 3 85182 11896 11995
518 73388 97 4 85329 11844 11941
358 73426 90 4 85369 11853 11943
930 73433 74 2 85393 11886 11960
559 73441 83 3 85426 11902 11985
197 73520 69 4 85445 11856 11925
949 73695 97 4 85492 11700 11797
381 80577 36 4 85578 4965 5001
784 73714 91 2 85619 11814 11905
551 73723 90 4 85709 11896 11986
627 74095 59 1 85718 11564 11623
535 74195 98 2 85816 11523 11621
548 74247 82 4 85848 11519 11601
365 74302 68 3 85866 11496 11564
247 74371 77 4 85943 11495 11572
866 74374 100 2 85993 11519 11619
479 74398 70 3 86013 11545 11615
916 74548 57 1 86020 11415 11472
482 74616 93 3 86063 11354 11447
81 74683 79 3 86092 11330 11409
942 74689 97 4 86139 11353 11450
105 74800 71 1 86160 11289 11360
373 74884 91 3 86201 11226 11317
453 74943 87 4 86238 11208 11295
646 74982 98 4 86286 11206 11304
225 74990 90 4 86376 11296 11386
119 74998 83 4 86409 11328 11411
175 75140 83 3 86442 11219 11302
134 75527 96 4 86538 10915 11011
617 75810 63 2 86601 10728 10791
364 76238 74 1 86675 10363 10437
947 76369 61 4 86736 10306 10367
864 76591 98 4 86834 10145 10243
742 76601 93 4 86877 10183 10276
706 76613 95 2 86922 10214 10309
984 76693 93 2 86965 10179 10272
456 76809 74 4 86989 10106 10180
192 76972 84 3 87073 10017 10101
889 77086 77 2 87150 9987 10064
873 77139 91 2 87191 9961 10052
931 77244 98 4 87289 9947 10045
733 77529 71 2 87360 9760 9831
900 77535 90 4 87400 9775 9865
581 77589 89 4 87439 9761 9850
745 77626 54 2 87493 9813 9867
818 77973 87 3 87530 9470 9557
261 78002 91 3 87571 9478 9569
274 78056 87 2 87608 9465 9552
586 84187 32 4 87640 3421 3453
357 78667 95 4 87685 8923 9018
230 78854 64 4 87699 8781 8845
723 78999 92 3 87791 8700 8792
542 79104 58 2 87799 8637 8695
472 79303 80 3 87829 8446 8526
920 79397 86 3 87865 8382 8468
813 79456 93 4 87908 8359 8452
766 79955 74 1 87932 7903 7977
317 79956 56 4 87938 7926 7982
691 80007 63 4 87951 7881 7944
861 80140 83 3 87984 7761 7844
844 80200 69 1 88003 7734 7803
684 80540 82 3 88085 7463 7545
330 80675 86 4 88121 7360 7446
654 80917 69 4 88190 7204 7273
701 81225 90 4 88230 6915 7005
40 82048 88 4 88368 6232 6320
272 82283 86 3 88404 6035 6121
826 82372 54 4 88408 5982 6036
413 82569 93 3 88451 5789 5882
562 82731 97 3 88498 5670 5767
597 82816 83 4 88581 5682 5765
346 86969 46 4 88627 1612 1658
816 83181 91 4 88668 5396 5487
450 83312 94 3 88712 5306 5400
79 83422 59 4 88721 5240 5299
434 83504 93 2 88764 5167 5260
167 83713 84 4 88798 5001 5085
710 84439 51 2 88799 4309 4360
226 85345 77 2 88876 3454 3531
692 85627 70 1 88896 3199 3269
76 88212 41 4 88937 684 725
73 86259 81 4 88968 2628 2709
956 86260 98 3 89016 2658 2756
877 86700 70 3 89036 2266 2336
4 87892 61 2 89047 1094 1155
165 88969 78 4 89125 78 156
71 90311 66 2 90377 0 66
964 90769 68 2 90837 0 68
950 91078 42 3 91120 0 42
879 92216 80 3 92296 0 80
963 92946 63 1 93009 0 63
985 93096 77 3 93173 0 77
270 93202 51 4 93253 0 51
508 94221 90 4 94311 0 90
498 95707 65 3 95772 0 65
260 96309 99 4 96408 0 99
609 96777 49 3 96826 0 49
596 97702 88 4 97790 0 88
494 99539 62 4 99601 0 62
202 100000 36 2 100136 100 136
778 100000 41 3 100627 586 627
663 100000 55 4 100682 627 682
558 100000 78 3 100710 632 710
195 100000 54 4 100714 660 714
290 100000 62 1 100726 664 726
804 100000 58 4 100734 676 734
157 100000 98 4 100782 684 782
478 100000 94 4 100826 732 826
407 100000 78 4 100854 776 854
348 100000 95 4 100899 804 899
199 100000 78 3 100927 849 927
563 100000 68 4 100945 877 945
899 100000 83 1 100978 895 978
