100477 1000 5243 5170
670 0 69 4 69 0 69
4 812 56 3 868 0 56
356 1159 40 4 1199 0 40
516 1892 99 2 1991 0 99
207 2616 55 3 2671 0 55
329 4046 96 1 4142 0 96
239 4055 92 4 4235 88 180
266 4398 74 4 4472 0 74
876 4605 91 3 4696 0 91
617 7275 77 1 7352 0 77
309 7606 99 3 7705 0 99
688 7767 72 4 7839 0 72
792 8705 81 3 8786 0 81
656 8853 36 3 8889 0 36
776 8892 93 2 8985 0 93
727 9056 90 4 9146 0 90
954 9547 94 4 9641 0 94
764 9751 60 2 9811 0 60
577 10207 68 1 10275 0 68
735 10664 76 3 10740 0 76
331 11093 86 3 11179 0 86
67 11122 75 4 11255 58 133
822 12237 97 3 12334 0 97
594 12478 71 4 12549 0 71
858 12821 67 4 12888 0 67
287 13125 72 2 13197 0 72
969 13272 79 3 13351 0 79
978 13671 63 3 13734 0 63
935 13708 94 4 13829 27 121
292 14308 67 2 14375 0 67
721 14384 27 4 14411 0 27
371 14539 65 4 14604 0 65
341 14830 94 2 14924 0 94
685 15102 81 1 15183 0 81
538 15129 39 4 15223 55 94
786 15736 50 4 15786 0 50
814 15834 91 2 15925 0 91
880 16044 84 3 16128 0 84
342 16374 49 3 16423 0 49
815 17247 99 1 17346 0 99
892 17267 47 4 17394 80 127
707 17364 98 3 17493 31 129
841 17365 99 4 17592 128 227
165 17426 61 3 17654 167 228
284 17693 94 3 17787 0 94
95 17947 44 3 17991 0 44
653 18031 46 2 18077 0 46
377 18553 98 2 18651 0 98
151 18602 53 2 18705 50 103
62 18887 59 2 18946 0 59
827 18963 24 2 18987 0 24
680 19043 85 3 19128 0 85
997 19253 81 3 19334 0 81
405 19300 62 1 19397 35 97
974 19394 78 2 19476 4 82
715 19420 42 4 19519 57 99
1000 19703 93 4 19796 0 93
537 20003 66 3 20069 0 66
437 20844 57 2 20901 0 57
34 20846 34 4 20936 56 90
936 21227 59 2 21286 0 59
832 21498 56 4 21554 0 56
627 21552 65 4 21620 3 68
360 21573 86 4 21707 48 134
31 21653 93 4 21801 55 148
289 21747 43 3 21845 55 98
659 22186 86 3 22272 0 86
194 22295 54 3 22349 0 54
623 22497 75 1 22572 0 75
873 22558 98 3 22671 15 113
734 22582 92 3 22764 90 182
622 22858 80 4 22938 0 80
572 22964 85 1 23049 0 85
752 23012 93 4 23143 38 131
72 23028 98 4 23241 115 213
589 23086 99 4 23341 156 255
835 23178 78 3 23419 163 241
667 23196 94 3 23513 223 317
519 23224 69 2 23582 289 358
641 23277 29 2 23612 306 335
553 23402 69 2 23681 210 279
712 23523 60 4 23741 158 218
262 23540 40 2 23781 201 241
274 23618 35 2 23817 164 199
223 23653 42 4 23859 164 206
380 23769 98 3 23957 90 188
429 23941 54 2 24012 17 71
807 24055 82 3 24137 0 82
506 24067 90 2 24228 71 161
133 24142 73 2 24302 87 160
695 24297 96 2 24399 6 102
435 24492 95 3 24587 0 95
502 24518 66 2 24654 70 136
353 24864 23 3 24887 0 23
560 24958 72 4 25030 0 72
791 24966 54 4 25085 65 119
825 25006 70 3 25155 79 149
612 25053 43 4 25199 103 146
414 25060 51 4 25250 139 190
496 25181 93 1 25344 70 163
833 25183 57 3 25401 161 218
403 25356 93 1 25495 46 139
757 25356 88 3 25583 139 227
940 25489 66 4 25650 95 161
980 25519 88 3 25738 131 219
477 25542 93 3 25831 196 289
900 25624 67 4 25899 208 275
44 25752 73 4 25972 147 220
413 25917 100 3 26073 56 156
834 25986 80 4 26154 88 168
427 26105 80 4 26235 50 130
264 26187 65 4 26301 49 114
583 26237 98 3 26400 65 163
684 26380 63 4 26464 21 84
97 26381 88 4 26552 83 171
378 26518 57 1 26610 35 92
409 26808 84 3 26892 0 84
71 26953 41 4 26994 0 41
372 27078 69 4 27147 0 69
808 27131 45 3 27193 17 62
887 27131 94 4 27287 62 156
434 27232 41 1 27329 56 97
703 27244 95 3 27424 85 180
450 27334 31 3 27456 91 122
492 27357 50 2 27506 99 149
772 27370 73 2 27579 136 209
646 27483 70 3 27650 97 167
462 27543 72 4 27722 107 179
829 27683 95 3 27818 40 135
963 27732 31 2 27850 87 118
469 27732 96 4 27946 118 214
91 27941 84 3 28031 6 90
36 27966 87 4 28119 66 153
177 27989 82 4 28201 130 212
643 28063 97 2 28299 139 236
562 28079 59 4 28358 220 279
692 28085 83 2 28441 273 356
864 28156 98 2 28539 285 383
867 28157 84 4 28623 382 466
334 28247 97 1 28721 377 474
953 28257 64 3 28785 464 528
270 28351 74 4 28859 434 508
497 28412 48 2 28907 447 495
534 28570 35 4 28942 337 372
615 28582 89 2 29031 360 449
568 28671 71 4 29103 361 432
648 28836 70 2 29173 267 337
259 28961 65 1 29238 212 277
634 28969 94 2 29332 269 363
621 28982 88 4 29420 350 438
614 29079 99 4 29520 342 441
848 29134 82 4 29602 386 468
210 29156 58 4 29660 446 504
818 29216 73 4 29733 444 517
99 29248 44 4 29777 485 529
556 29253 40 3 29817 524 564
513 29286 34 4 29851 531 565
307 29520 52 4 29904 332 384
853 29619 94 2 29998 285 379
631 29842 85 4 30083 156 241
351 29916 37 4 30121 168 205
212 30282 82 1 30364 0 82
5 30458 79 1 30537 0 79
535 30514 55 1 30593 24 79
714 30520 37 2 30630 73 110
374 30587 65 3 30696 44 109
395 30640 74 4 30771 57 131
773 30693 78 3 30849 78 156
16 30755 97 4 30947 95 192
411 30772 74 4 31021 175 249
416 30806 37 1 31058 215 252
141 30863 94 1 31153 196 290
871 31234 95 3 31329 0 95
781 31291 61 4 31391 39 100
421 31359 77 1 31469 33 110
760 31443 94 3 31564 27 121
185 31453 96 3 31660 111 207
806 31569 80 3 31741 92 172
78 31665 60 4 31802 77 137
137 31669 96 4 31898 133 229
1 31806 94 1 31993 93 187
51 31902 73 3 32067 92 165
426 31952 74 3 32141 115 189
532 32080 94 4 32236 62 156
938 32104 71 2 32307 132 203
725 32327 98 4 32425 0 98
576 32329 90 2 32516 97 187
569 32377 91 3 32607 139 230
41 32441 93 4 32701 167 260
124 32492 39 4 32740 209 248
339 32560 99 3 32839 180 279
10 32702 95 2 32935 138 233
985 32826 37 4 32972 109 146
524 32860 80 3 33053 113 193
561 32866 91 2 33144 187 278
418 32952 82 4 33226 192 274
501 32980 86 2 33313 247 333
705 33017 94 4 33407 296 390
731 33066 86 3 33493 341 427
629 33077 81 4 33574 416 497
896 33086 55 3 33629 488 543
144 33159 87 3 33716 470 557
778 33443 38 4 33755 274 312
388 33736 40 4 33796 20 60
925 33760 92 4 33889 37 129
455 33800 81 4 33971 90 171
747 33865 42 4 34013 106 148
355 33867 86 4 34099 146 232
686 33914 93 3 34193 186 279
37 34019 34 3 34227 174 208
511 34090 96 1 34323 137 233
196 34104 61 4 34385 220 281
18 34120 38 3 34423 265 303
693 34196 72 2 34495 227 299
885 34263 75 3 34570 232 307
85 34370 65 2 34636 201 266
784 34377 56 4 34692 259 315
294 34379 64 2 34756 313 377
148 34382 49 3 34805 374 423
370 34470 71 3 34876 335 406
665 34495 76 4 34952 381 457
771 34523 96 4 35048 429 525
163 34592 42 4 35091 457 499
98 34669 95 4 35186 422 517
402 34682 93 2 35279 504 597
881 34686 83 4 35362 593 676
219 34690 85 4 35447 672 757
783 34691 71 3 35518 756 827
676 34855 68 4 35586 663 731
15 34874 83 4 35669 712 795
17 34946 51 4 35720 723 774
745 35003 80 4 35800 717 797
106 35055 69 4 35870 746 815
977 35062 44 4 35914 808 852
528 35080 73 3 35987 834 907
724 35163 88 1 36075 824 912
104 35163 84 4 36159 912 996
314 35191 74 4 36233 968 1042
919 35238 58 4 36291 995 1053
551 35510 99 2 36390 781 880
844 35526 85 3 36475 864 949
457 35540 57 4 36532 935 992
310 35665 80 1 36612 867 947
249 35782 39 2 36651 830 869
35 35795 94 4 36745 856 950
992 35884 62 4 36808 862 924
525 36071 94 4 36902 737 831
689 36077 73 1 36975 825 898
344 36084 27 3 37002 891 918
143 36118 72 3 37074 884 956
741 36172 88 4 37162 902 990
770 36202 57 2 37219 960 1017
330 36206 54 4 37273 1013 1067
912 36238 85 3 37358 1035 1120
777 36280 50 3 37408 1078 1128
789 36392 98 4 37506 1016 1114
973 36517 100 2 37606 989 1089
302 36560 97 2 37703 1046 1143
910 36601 80 3 37783 1102 1182
645 36636 90 3 37873 1147 1237
53 36649 85 1 37958 1224 1309
926 36714 56 3 38014 1244 1300
336 36743 70 3 38084 1271 1341
852 36899 86 4 38171 1186 1272
192 36907 92 4 38263 1264 1356
751 37018 98 3 38361 1245 1343
366 37045 74 1 38435 1316 1390
600 37063 25 4 38460 1372 1397
92 37064 96 4 38556 1396 1492
408 37187 55 3 38611 1369 1424
476 37206 75 4 38686 1405 1480
847 37281 79 4 38765 1405 1484
945 37461 49 2 38814 1304 1353
949 37571 93 1 38907 1243 1336
318 37619 91 4 38998 1288 1379
297 37654 88 3 39086 1344 1432
59 37759 66 4 39152 1327 1393
552 37827 81 3 39233 1325 1406
387 37850 77 3 39310 1383 1460
942 37922 36 3 39346 1388 1424
206 37942 81 1 39427 1404 1485
624 38026 65 4 39492 1401 1466
458 38070 78 4 39570 1422 1500
283 38077 84 4 39654 1493 1577
986 38081 86 4 39740 1573 1659
639 38122 87 3 39828 1619 1706
872 38178 92 3 39920 1650 1742
81 38325 30 4 39950 1595 1625
663 38364 77 4 40027 1586 1663
990 38365 60 3 40087 1662 1722
12 38410 44 3 40131 1677 1721
816 38483 99 4 40230 1648 1747
316 38501 95 3 40325 1729 1824
657 38555 88 4 40413 1770 1858
187 38575 57 1 40470 1838 1895
823 38576 56 4 40526 1894 1950
343 38600 40 4 40566 1926 1966
390 38606 99 4 40665 1960 2059
975 38680 76 4 40741 1985 2061
138 38841 73 3 40814 1900 1973
472 38954 43 4 40857 1860 1903
767 39117 97 2 40954 1740 1837
164 39161 86 4 41040 1793 1879
9 39197 54 2 41094 1843 1897
660 39258 79 3 41173 1836 1915
683 39300 67 2 41240 1873 1940
960 39304 85 3 41325 1936 2021
691 39466 38 3 41363 1859 1897
529 39482 36 4 41399 1881 1917
3 39531 83 3 41482 1868 1951
664 39562 94 4 41576 1920 2014
603 39627 99 3 41675 1949 2048
209 39677 83 4 41758 1998 2081
854 39771 67 3 41826 1988 2055
172 39804 73 2 41899 2022 2095
658 39947 92 4 41991 1952 2044
75 40189 88 4 42079 1802 1890
439 40202 56 1 42135 1877 1933
125 40297 47 4 42182 1838 1885
198 40331 88 4 42270 1851 1939
802 40435 99 4 42369 1835 1934
737 40668 64 3 42433 1701 1765
129 40751 89 4 42522 1682 1771
440 40953 85 3 42607 1569 1654
101 40963 79 4 42686 1644 1723
425 40968 93 2 42779 1718 1811
765 41026 86 2 42865 1753 1839
999 41031 33 4 42898 1834 1867
213 41039 89 3 42987 1859 1948
608 41059 99 3 43086 1928 2027
565 41134 66 3 43152 1952 2018
493 41138 84 2 43236 2014 2098
76 41173 85 4 43321 2063 2148
580 41214 90 2 43411 2107 2197
227 41243 73 3 43484 2168 2241
677 41249 54 3 43538 2235 2289
296 41252 50 2 43588 2286 2336
322 41333 54 4 43642 2255 2309
870 41344 59 2 43701 2298 2357
349 41375 48 2 43749 2326 2374
26 41449 56 2 43805 2300 2356
281 41513 85 4 43890 2292 2377
49 41591 96 4 43986 2299 2395
369 41640 72 4 44058 2346 2418
736 41684 83 4 44141 2374 2457
25 41796 50 3 44192 2346 2396
467 41818 89 4 44281 2374 2463
637 41860 64 4 44345 2421 2485
971 42032 84 1 44429 2313 2397
722 42049 97 4 44526 2380 2477
740 42075 88 3 44614 2451 2539
633 42101 60 3 44674 2513 2573
350 42104 96 3 44770 2570 2666
449 42217 45 4 44815 2553 2598
238 42271 97 4 44912 2544 2641
768 42290 79 2 44991 2622 2701
944 42331 69 3 45060 2660 2729
763 42395 96 4 45156 2665 2761
937 42420 67 2 45223 2736 2803
79 42447 38 4 45261 2776 2814
512 42468 65 3 45326 2793 2858
795 42495 80 1 45406 2831 2911
558 42504 64 3 45470 2902 2966
354 42596 93 2 45563 2874 2967
304 42680 78 1 45641 2883 2961
803 42724 93 1 45734 2917 3010
713 42780 67 1 45801 2954 3021
766 42959 98 2 45899 2842 2940
894 43072 86 3 45985 2827 2913
965 43083 53 3 46038 2902 2955
509 43132 89 2 46127 2906 2995
195 43151 84 4 46211 2976 3060
884 43174 35 4 46246 3037 3072
389 43181 57 4 46303 3065 3122
261 43277 69 3 46372 3026 3095
396 43334 62 4 46434 3038 3100
618 43355 94 4 46528 3079 3173
868 43361 77 4 46605 3167 3244
132 43433 80 4 46685 3172 3252
933 43483 98 1 46783 3202 3300
412 43556 90 4 46873 3227 3317
19 43636 99 3 46972 3237 3336
202 43678 55 2 47027 3294 3349
317 43702 81 4 47108 3325 3406
65 43708 54 2 47162 3400 3454
719 43773 86 3 47248 3389 3475
473 43915 41 2 47289 3333 3374
701 43958 58 3 47347 3331 3389
994 44063 65 4 47412 3284 3349
607 44078 88 4 47500 3334 3422
50 44124 98 2 47598 3376 3474
567 44163 81 1 47680 3436 3517
20 44188 71 4 47751 3492 3563
499 44238 62 1 47813 3513 3575
924 44242 98 3 47911 3571 3669
182 44266 91 3 48002 3645 3736
709 44387 99 2 48101 3615 3714
215 44415 86 4 48187 3686 3772
57 44427 64 4 48251 3760 3824
168 44495 99 2 48350 3756 3855
842 44639 97 4 48447 3711 3808
862 44693 92 4 48539 3754 3846
247 44800 46 1 48585 3739 3785
40 44809 99 3 48684 3776 3875
650 44919 83 1 48767 3765 3848
161 44955 56 2 48823 3812 3868
976 45023 88 4 48911 3800 3888
819 45043 51 4 48962 3868 3919
21 45085 64 4 49026 3877 3941
303 45095 48 2 49074 3931 3979
279 45239 90 2 49164 3835 3925
228 45261 45 4 49209 3903 3948
968 45274 56 3 49265 3935 3991
908 45288 87 3 49352 3977 4064
327 45310 48 2 49400 4042 4090
14 45333 60 2 49460 4067 4127
173 45368 68 2 49528 4092 4160
96 45468 40 3 49568 4060 4100
907 45495 36 4 49604 4073 4109
826 45498 43 2 49647 4106 4149
718 45585 85 4 49732 4062 4147
453 45586 60 3 49792 4146 4206
958 45635 99 4 49891 4157 4256
315 45651 32 4 49923 4240 4272
750 45665 95 4 50018 4258 4353
326 45725 88 1 50106 4293 4381
989 45747 70 3 50176 4359 4429
422 45813 73 1 50249 4363 4436
487 45830 44 4 50293 4419 4463
761 45937 85 3 50378 4356 4441
102 46048 29 3 50407 4330 4359
584 46061 48 3 50455 4346 4394
142 46079 93 4 50548 4376 4469
956 46309 72 2 50620 4239 4311
536 46322 63 2 50683 4298 4361
654 46377 98 4 50781 4306 4404
877 46392 78 4 50859 4389 4467
860 46419 72 2 50931 4440 4512
866 46462 71 1 51002 4469 4540
127 46522 43 3 51045 4480 4523
54 46523 95 3 51140 4522 4617
931 46729 75 2 51215 4411 4486
495 46738 67 4 51282 4477 4544
929 46792 65 4 51347 4490 4555
491 46816 92 4 51439 4531 4623
891 47005 78 2 51517 4434 4512
235 47079 64 3 51581 4438 4502
831 47112 82 3 51663 4469 4551
126 47155 82 3 51745 4508 4590
468 47176 89 2 51834 4569 4658
932 47198 67 4 51901 4636 4703
357 47235 67 4 51968 4666 4733
286 47244 96 3 52064 4724 4820
903 47433 66 2 52130 4631 4697
550 47446 73 1 52203 4684 4757
117 47453 70 4 52273 4750 4820
510 47580 43 3 52316 4693 4736
729 47708 62 2 52379 4609 4671
201 47887 82 3 52461 4492 4574
918 47907 84 1 52545 4554 4638
774 48020 95 4 52640 4525 4620
39 48272 99 4 52739 4368 4467
515 48404 85 1 52824 4335 4420
574 48515 81 4 52905 4309 4390
119 48521 84 4 52989 4384 4468
103 48609 72 3 53061 4380 4452
711 48624 90 3 53151 4437 4527
890 48629 91 3 53242 4522 4613
626 48710 47 3 53289 4532 4579
108 48738 89 4 53378 4551 4640
444 48785 69 3 53447 4593 4662
801 48828 55 2 53502 4619 4674
904 48905 82 4 53584 4597 4679
995 48937 88 3 53672 4647 4735
911 48978 90 2 53762 4694 4784
769 49028 93 4 53855 4734 4827
365 49082 75 1 53930 4773 4848
27 49128 84 4 54014 4802 4886
952 49153 51 3 54065 4861 4912
720 49157 72 1 54137 4908 4980
921 49182 87 1 54224 4955 5042
917 49212 81 3 54305 5012 5093
625 49222 58 4 54363 5083 5141
859 49248 56 4 54419 5115 5171
328 49316 53 3 54472 5103 5156
93 49328 69 1 54541 5144 5213
794 49347 68 2 54609 5194 5262
113 49351 62 4 54671 5258 5320
226 49353 72 4 54743 5318 5390
184 49376 79 1 54822 5367 5446
849 49429 24 3 54846 5393 5417
882 49467 79 3 54925 5379 5458
888 49475 60 2 54985 5450 5510
590 49536 78 4 55063 5449 5527
60 49544 72 4 55135 5519 5591
157 49566 74 2 55209 5569 5643
517 49596 46 1 55255 5613 5659
169 49640 77 3 55332 5615 5692
587 49655 91 3 55423 5677 5768
800 49744 79 4 55502 5679 5758
33 49759 60 1 55562 5743 5803
485 49793 86 3 55648 5769 5855
857 49801 74 4 55722 5847 5921
508 49855 23 4 55745 5867 5890
669 49881 84 1 55829 5864 5948
52 49881 93 3 55922 5948 6041
606 49902 77 4 55999 6020 6097
428 50001 88 4 56087 5998 6086
337 50008 72 4 56159 6079 6151
237 50016 51 4 56210 6143 6194
748 50130 68 4 56278 6080 6148
967 50186 92 3 56370 6092 6184
244 50190 36 4 56406 6180 6216
581 50218 76 2 56482 6188 6264
979 50246 62 2 56544 6236 6298
397 50330 98 3 56642 6214 6312
972 50345 37 2 56679 6297 6334
74 50386 69 3 56748 6293 6362
950 50399 33 3 56781 6349 6382
442 50401 95 2 56876 6380 6475
152 50416 57 4 56933 6460 6517
47 50437 49 3 56982 6496 6545
465 50439 99 3 57081 6543 6642
813 50458 69 4 57150 6623 6692
107 50520 81 2 57231 6630 6711
155 50575 43 3 57274 6656 6699
726 50653 90 2 57364 6621 6711
759 50756 65 4 57429 6608 6673
269 50841 92 3 57521 6588 6680
839 50873 91 4 57612 6648 6739
850 50986 75 2 57687 6626 6701
251 50995 49 1 57736 6692 6741
811 51014 89 2 57825 6722 6811
923 51133 92 4 57917 6692 6784
90 51136 95 4 58012 6781 6876
121 51139 80 3 58092 6873 6953
348 51140 53 4 58145 6952 7005
275 51177 97 1 58242 6968 7065
112 51188 62 4 58304 7054 7116
222 51220 82 4 58386 7084 7166
406 51268 92 4 58478 7118 7210
799 51295 86 2 58564 7183 7269
154 51351 64 2 58628 7213 7277
86 51403 78 4 58706 7225 7303
716 51521 98 4 58804 7185 7283
758 51546 98 3 58902 7258 7356
706 51547 71 4 58973 7355 7426
464 51559 72 4 59045 7414 7486
128 51594 75 3 59120 7451 7526
159 51620 80 3 59200 7500 7580
63 51655 98 4 59298 7545 7643
914 51845 94 1 59392 7453 7547
598 51916 90 3 59482 7476 7566
474 51926 31 3 59513 7556 7587
865 52040 39 3 59552 7473 7512
548 52104 80 4 59632 7448 7528
611 52275 71 2 59703 7357 7428
11 52505 34 4 59738 7199 7233
564 52517 86 2 59824 7221 7307
367 52524 82 4 59906 7300 7382
481 52680 55 3 59961 7226 7281
333 52711 56 4 60017 7250 7306
220 52779 69 2 60086 7238 7307
8 52801 67 3 60153 7285 7352
484 52807 60 2 60213 7346 7406
863 52909 81 4 60294 7304 7385
28 53002 68 2 60362 7292 7360
181 53088 51 4 60413 7274 7325
899 53143 92 3 60505 7270 7362
241 53167 40 1 60545 7338 7378
739 53238 73 4 60618 7307 7380
702 53239 88 4 60706 7379 7467
83 53250 61 4 60767 7456 7517
549 53282 91 2 60858 7485 7576
812 53351 74 3 60932 7507 7581
345 53431 90 4 61022 7501 7591
893 53617 53 4 61075 7405 7458
661 53620 80 3 61155 7455 7535
13 53666 94 3 61249 7489 7583
273 53667 95 3 61344 7582 7677
984 53858 97 1 61441 7486 7583
231 53859 53 4 61494 7582 7635
753 53918 73 4 61567 7576 7649
243 54158 78 4 61645 7409 7487
134 54202 82 3 61727 7443 7525
240 54236 82 1 61809 7491 7573
675 54268 72 4 61881 7541 7613
48 54277 90 4 61971 7604 7694
483 54287 93 4 62064 7684 7777
156 54359 83 4 62147 7705 7788
913 54524 71 1 62218 7623 7694
697 54565 35 2 62253 7653 7688
543 54575 80 2 62333 7678 7758
260 54688 58 3 62391 7645 7703
362 54759 100 2 62491 7632 7732
790 54767 45 2 62536 7724 7769
135 54767 53 4 62589 7769 7822
755 54804 77 2 62666 7785 7862
838 54842 49 2 62715 7824 7873
559 54877 53 4 62768 7838 7891
959 54916 89 1 62857 7852 7941
255 54935 98 4 62955 7922 8020
573 54964 91 3 63046 7991 8082
690 54991 95 4 63141 8055 8150
392 55270 60 2 63201 7871 7931
22 55282 89 4 63290 7919 8008
254 55282 85 2 63375 8008 8093
45 55423 70 3 63445 7952 8022
375 55468 96 4 63541 7977 8073
306 55513 81 4 63622 8028 8109
325 55522 54 4 63676 8100 8154
489 55595 80 2 63756 8081 8161
448 55747 59 3 63815 8009 8068
189 55885 72 4 63887 7930 8002
278 55909 50 4 63937 7978 8028
947 56169 61 3 63998 7768 7829
386 56196 45 3 64043 7802 7847
364 56225 86 3 64129 7818 7904
927 56267 67 3 64196 7862 7929
930 56276 94 4 64290 7920 8014
555 56319 73 3 64363 7971 8044
782 56356 55 2 64418 8007 8062
23 56373 74 2 64492 8045 8119
762 56452 95 2 64587 8040 8135
301 56479 61 4 64648 8108 8169
263 56529 53 2 64701 8119 8172
836 56538 88 2 64789 8163 8251
788 56548 74 4 64863 8241 8315
313 56614 80 4 64943 8249 8329
139 56646 84 4 65027 8297 8381
32 56662 80 4 65107 8365 8445
203 56727 38 3 65145 8380 8418
308 56728 39 3 65184 8417 8456
830 56758 84 1 65268 8426 8510
793 56793 92 3 65360 8475 8567
541 56895 43 3 65403 8465 8508
845 56905 96 3 65499 8498 8594
875 56935 46 4 65545 8564 8610
588 57015 86 2 65631 8530 8616
961 57024 96 2 65727 8607 8703
208 57036 79 2 65806 8691 8770
87 57056 54 4 65860 8750 8804
180 57202 76 2 65936 8658 8734
373 57251 72 4 66008 8685 8757
644 57381 39 2 66047 8627 8666
527 57384 92 4 66139 8663 8755
928 57576 58 4 66197 8563 8621
268 57583 93 3 66290 8614 8707
94 57603 36 3 66326 8687 8723
982 57605 91 2 66417 8721 8812
204 57683 81 2 66498 8734 8815
889 57699 63 2 66561 8799 8862
160 57760 82 4 66643 8801 8883
335 57768 94 3 66737 8875 8969
579 57773 84 4 66821 8964 9048
601 57841 59 3 66880 8980 9039
922 57931 50 2 66930 8949 8999
361 57961 94 4 67024 8969 9063
230 57975 46 4 67070 9049 9095
500 57993 84 3 67154 9077 9161
2 58002 70 3 67224 9152 9222
817 58048 97 4 67321 9176 9273
471 58159 69 3 67390 9162 9231
730 58250 84 4 67474 9140 9224
118 58324 48 4 67522 9150 9198
246 58437 93 4 67615 9085 9178
966 58501 32 1 67647 9114 9146
466 58538 77 3 67724 9109 9186
276 58571 96 4 67820 9153 9249
846 58612 92 3 67912 9208 9300
166 58640 94 1 68006 9272 9366
544 58676 52 3 68058 9330 9382
379 58679 99 3 68157 9379 9478
878 58725 81 4 68238 9432 9513
843 58727 62 2 68300 9511 9573
546 58778 36 3 68336 9522 9558
290 58878 93 2 68429 9458 9551
105 58879 85 4 68514 9550 9635
742 58947 86 2 68600 9567 9653
642 59011 88 4 68688 9589 9677
756 59152 77 4 68765 9536 9613
114 59241 71 3 68836 9524 9595
879 59281 79 2 68915 9555 9634
475 59430 62 4 68977 9485 9547
193 59522 82 2 69059 9455 9537
779 59545 54 4 69113 9514 9568
699 59585 97 1 69210 9528 9625
245 59614 78 4 69288 9596 9674
265 59689 90 4 69378 9599 9689
964 59740 60 1 69439 9639 9699
368 59806 85 2 69524 9633 9718
410 59843 46 3 69570 9681 9727
56 59857 84 2 69654 9713 9797
828 59858 95 1 69749 9796 9891
951 59990 47 3 69796 9759 9806
43 60002 40 3 69836 9794 9834
80 60036 33 3 69869 9800 9833
445 60106 85 3 69954 9763 9848
174 60117 41 4 69995 9837 9878
566 60129 93 3 70088 9866 9959
346 60205 77 4 70165 9883 9960
700 60215 32 2 70197 9950 9982
916 60446 38 3 70235 9751 9789
149 60461 55 3 70290 9774 9829
486 60545 76 2 70366 9745 9821
655 60560 54 2 70420 9806 9860
419 60616 92 4 70512 9804 9896
229 60673 98 4 70610 9839 9937
338 60805 94 4 70704 9805 9899
798 60858 82 1 70786 9846 9928
123 60890 83 4 70869 9896 9979
424 60908 57 3 70926 9961 10018
460 61063 42 2 70968 9863 9905
197 61065 89 4 71057 9903 9992
596 61221 97 2 71154 9836 9933
678 61242 76 3 71230 9912 9988
199 61269 62 3 71292 9961 10023
225 61315 83 4 71375 9977 10060
480 61368 97 4 71472 10007 10104
523 61373 70 2 71542 10099 10169
902 61459 93 3 71635 10083 10176
257 61547 97 4 71732 10088 10185
46 61621 39 2 71771 10111 10150
116 61672 85 3 71856 10099 10184
383 61717 46 3 71902 10139 10185
394 61735 96 4 71998 10167 10263
749 61751 71 4 72069 10247 10318
404 61774 90 4 72159 10295 10385
628 61808 97 3 72256 10351 10448
883 61815 72 3 72328 10441 10513
312 61875 96 2 72424 10453 10549
613 61880 91 4 72515 10544 10635
539 61980 84 4 72599 10535 10619
616 62144 99 1 72698 10455 10554
29 62265 95 2 72793 10433 10528
478 62362 77 3 72870 10431 10508
188 62575 86 2 72956 10295 10381
570 62579 89 4 73045 10377 10466
522 62652 79 1 73124 10393 10472
490 62686 93 2 73217 10438 10531
358 62782 71 4 73288 10435 10506
599 62809 88 2 73376 10479 10567
391 62919 82 4 73458 10457 10539
595 62963 69 3 73527 10495 10564
941 62969 43 4 73570 10558 10601
311 63297 71 1 73641 10273 10344
162 63318 79 1 73720 10323 10402
672 63319 93 2 73813 10401 10494
218 63380 44 4 73857 10433 10477
746 63568 61 4 73918 10289 10350
363 63587 81 4 73999 10331 10412
796 63612 91 1 74090 10387 10478
585 63625 82 2 74172 10465 10547
352 63661 82 4 74254 10511 10593
399 63707 81 4 74335 10547 10628
398 63776 52 2 74387 10559 10611
30 63813 94 3 74481 10574 10668
897 63887 81 2 74562 10594 10675
100 63907 70 2 74632 10655 10725
909 64034 95 4 74727 10598 10693
582 64061 42 3 74769 10666 10708
415 64175 83 3 74852 10594 10677
987 64182 85 4 74937 10670 10755
64 64257 76 4 75013 10680 10756
520 64490 50 4 75063 10523 10573
205 64610 52 3 75115 10453 10505
323 64630 98 3 75213 10485 10583
73 64681 94 3 75307 10532 10626
531 64764 83 3 75390 10543 10626
242 64862 65 3 75455 10528 10593
708 64876 87 1 75542 10579 10666
732 65079 80 4 75622 10463 10543
915 65173 70 4 75692 10449 10519
856 65207 65 4 75757 10485 10550
482 65261 60 2 75817 10496 10556
988 65343 85 4 75902 10474 10559
694 65430 64 4 75966 10472 10536
436 65430 83 3 76049 10536 10619
147 65485 83 3 76132 10564 10647
110 65565 93 2 76225 10567 10660
216 65572 58 1 76283 10653 10711
470 65616 44 4 76327 10667 10711
84 65642 62 4 76389 10685 10747
934 65687 27 4 76416 10702 10729
272 65695 80 4 76496 10721 10801
674 65700 100 4 76596 10796 10896
498 65705 79 1 76675 10891 10970
635 65779 88 3 76763 10896 10984
171 65781 88 3 76851 10982 11070
679 65791 58 2 76909 11060 11118
494 65926 98 4 77007 10983 11081
461 66010 85 4 77092 10997 11082
234 66056 56 3 77148 11036 11092
820 66097 93 4 77241 11051 11144
285 66098 64 2 77305 11143 11207
253 66098 78 4 77383 11207 11285
454 66109 79 4 77462 11274 11353
122 66156 57 1 77519 11306 11363
602 66232 76 4 77595 11287 11363
431 66279 88 4 77683 11316 11404
557 66400 92 3 77775 11283 11375
507 66440 75 3 77850 11335 11410
250 66574 81 1 77931 11276 11357
393 66599 70 4 78001 11332 11402
578 66686 88 3 78089 11315 11403
605 66789 89 2 78178 11300 11389
855 66873 99 3 78277 11305 11404
131 66907 49 3 78326 11370 11419
775 66970 61 3 78387 11356 11417
295 67050 48 4 78435 11337 11385
837 67261 55 4 78490 11174 11229
400 67300 46 3 78536 11190 11236
186 67419 43 4 78579 11117 11160
861 67572 79 4 78658 11007 11086
521 67638 91 4 78749 11020 11111
895 67661 62 3 78811 11088 11150
232 67692 88 2 78899 11119 11207
298 67695 84 1 78983 11204 11288
723 67752 74 4 79057 11231 11305
68 67782 87 4 79144 11275 11362
179 67800 99 3 79243 11344 11443
488 67854 99 4 79342 11389 11488
668 68150 77 1 79419 11192 11269
385 68316 76 4 79495 11103 11179
153 68365 71 2 79566 11130 11201
111 68438 62 4 79628 11128 11190
710 68442 86 2 79714 11186 11272
810 68528 39 4 79753 11186 11225
636 68720 61 4 79814 11033 11094
943 68758 81 2 79895 11056 11137
652 68835 58 4 79953 11060 11118
682 68902 55 3 80008 11051 11106
150 68939 86 3 80094 11069 11155
728 69065 36 3 80130 11029 11065
563 69084 46 2 80176 11046 11092
224 69209 69 4 80245 10967 11036
288 69240 91 2 80336 11005 11096
347 69305 84 4 80420 11031 11115
632 69352 90 4 80510 11068 11158
530 69458 100 1 80611 11053 11153
324 69471 80 3 80691 11140 11220
382 69539 76 2 80767 11152 11228
743 69671 70 3 80837 11096 11166
401 69770 92 3 80929 11067 11159
640 69908 67 3 80996 11021 11088
321 69923 78 4 81074 11073 11151
671 70064 69 4 81143 11010 11079
24 70201 51 4 81194 10942 10993
738 70213 84 4 81278 10981 11065
998 70321 54 3 81332 10957 11011
221 70472 81 4 81413 10860 10941
840 70499 80 4 81493 10914 10994
620 70577 62 2 81555 10916 10978
983 70798 45 2 81600 10757 10802
604 71093 99 2 81699 10507 10606
662 71241 58 4 81757 10458 10516
681 71297 68 4 81825 10460 10528
432 71391 43 2 81868 10434 10477
651 71490 87 4 81955 10378 10465
687 71723 86 3 82041 10232 10318
503 71863 83 2 82124 10178 10261
299 71906 65 4 82189 10218 10283
441 72037 69 2 82258 10152 10221
217 72190 86 3 82344 10068 10154
886 72331 99 2 82443 10013 10112
575 72334 37 3 82480 10109 10146
533 72462 83 3 82563 10018 10101
443 72480 47 4 82610 10083 10130
785 72510 75 2 82685 10100 10175
130 72545 94 3 82779 10140 10234
214 72555 87 2 82866 10224 10311
252 72576 92 3 82958 10290 10382
319 72646 86 1 83044 10312 10398
996 72691 69 4 83113 10353 10422
89 72711 88 2 83201 10402 10490
939 72900 88 3 83289 10301 10389
70 72922 96 4 83385 10367 10463
869 72988 79 2 83464 10397 10476
948 73229 93 1 83557 10235 10328
381 73242 99 4 83656 10315 10414
55 73327 100 3 83756 10329 10429
430 73467 66 4 83822 10289 10355
300 73612 61 3 83883 10210 10271
42 73652 52 2 83935 10231 10283
170 73662 46 3 83981 10273 10319
780 73674 83 4 84064 10307 10390
542 73688 90 2 84154 10376 10466
267 73698 23 3 84177 10456 10479
420 73789 45 4 84222 10388 10433
981 73864 70 4 84292 10358 10428
673 73924 70 2 84362 10368 10438
109 74006 89 3 84451 10356 10445
610 74049 96 2 84547 10402 10498
456 74297 87 3 84634 10250 10337
638 74308 98 1 84732 10326 10424
571 74328 72 4 84804 10404 10476
417 74343 89 2 84893 10461 10550
140 74345 46 4 84939 10548 10594
630 74360 27 3 84966 10579 10606
505 74552 95 4 85061 10414 10509
946 74713 64 1 85125 10348 10412
146 74755 86 3 85211 10370 10456
851 74918 91 4 85302 10293 10384
233 74934 85 2 85387 10368 10453
547 74959 85 4 85472 10428 10513
447 75177 55 2 85527 10295 10350
145 75245 86 3 85613 10282 10368
592 75248 95 3 85708 10365 10460
452 75389 37 2 85745 10319 10356
88 75461 52 4 85797 10284 10336
787 75535 73 4 85870 10262 10335
821 75567 80 2 85950 10303 10383
446 75793 71 1 86021 10157 10228
61 75875 95 2 86116 10146 10241
167 75906 91 3 86207 10210 10301
423 75907 88 4 86295 10300 10388
451 75950 33 3 86328 10345 10378
504 76013 76 3 86404 10315 10391
7 76032 29 4 86433 10372 10401
704 76044 56 2 86489 10389 10445
649 76503 68 2 86557 9986 10054
277 76517 73 3 86630 10040 10113
804 76676 88 2 86718 9954 10042
282 76742 38 4 86756 9976 10014
376 76824 53 2 86809 9932 9985
178 76829 90 4 86899 9980 10070
200 76973 80 2 86979 9926 10006
733 77012 90 4 87069 9967 10057
526 77104 73 3 87142 9965 10038
540 77203 69 2 87211 9939 10008
898 77397 95 2 87306 9814 9909
305 77539 52 3 87358 9767 9819
258 77664 35 3 87393 9694 9729
696 77941 94 2 87487 9452 9546
514 78213 91 3 87578 9274 9365
280 78391 67 2 87645 9187 9254
293 78458 95 4 87740 9187 9282
955 78696 77 2 87817 9044 9121
962 78818 98 3 87915 8999 9097
824 79370 44 3 87959 8545 8589
190 79430 42 2 88001 8529 8571
236 79465 63 3 88064 8536 8599
58 79488 82 2 88146 8576 8658
920 79645 94 4 88240 8501 8595
183 79698 80 4 88320 8542 8622
545 79724 86 2 88406 8596 8682
248 79802 70 4 88476 8604 8674
191 79983 67 4 88543 8493 8560
647 79995 92 4 88635 8548 8640
320 80329 94 3 88729 8306 8400
809 80355 64 2 88793 8374 8438
359 80906 93 4 88887 7888 7981
384 81161 84 3 88971 7726 7810
438 81433 84 3 89055 7538 7622
38 81571 86 3 89141 7484 7570
77 82363 81 1 89222 6778 6859
407 82477 86 3 89308 6745 6831
6 82640 98 4 89406 6668 6766
586 82841 52 4 89458 6565 6617
66 83128 50 3 89508 6330 6380
175 83636 76 4 89584 5872 5948
797 83695 94 4 89678 5889 5983
666 83820 92 3 89770 5858 5950
906 84191 87 1 89857 5579 5666
754 84589 34 4 89891 5268 5302
593 84630 96 2 89987 5261 5357
271 84702 88 3 90075 5285 5373
609 84895 66 3 90141 5180 5246
957 85609 80 1 90221 4532 4612
698 85946 71 4 90292 4275 4346
332 86234 62 3 90354 4058 4120
459 86589 91 4 90445 3765 3856
115 86856 69 4 90514 3589 3658
805 86990 60 4 90574 3524 3584
874 87457 87 3 90661 3117 3204
991 87631 45 1 90706 3030 3075
256 87875 46 3 90752 2831 2877
82 88199 68 2 90820 2553 2621
136 88601 60 4 90880 2219 2279
905 89454 56 3 90937 1427 1483
744 90386 77 4 91014 551 628
993 90644 96 4 91110 370 466
597 90854 90 2 91200 256 346
340 91861 54 2 91915 0 54
619 92183 97 4 92280 0 97
554 92353 36 3 92389 0 36
433 92840 53 4 92893 0 53
901 93957 95 4 94052 0 95
69 94254 74 2 94328 0 74
291 94282 36 2 94365 47 83
518 94614 81 4 94695 0 81
158 96033 93 2 96126 0 93
970 96483 99 2 96582 0 99
717 98790 88 3 98878 0 88
463 100000 43 3 100043 0 43
120 100000 87 3 100130 43 130
591 100000 100 3 100230 130 230
211 100000 86 3 100316 230 316
176 100000 98 3 100414 316 414
479 100000 63 4 100477 414 477
