100318 1850 7724 7652
646 0 71 4 371 300 371
174 0 95 2 416 321 416
680 0 61 2 427 366 427
234 0 76 4 453 377 453
713 0 85 2 488 403 488
905 0 82 4 520 438 520
565 0 71 2 541 470 541
434 1230 93 1 1323 0 93
730 1637 63 1 1700 0 63
359 2479 82 3 2561 0 82
372 4906 98 4 5004 0 98
923 4954 75 2 5079 50 125
270 6128 80 1 6208 0 80
527 6531 100 4 6631 0 100
413 7151 91 4 7242 0 91
327 7715 40 4 7755 0 40
341 7927 94 4 8021 0 94
654 8044 79 3 8123 0 79
661 8050 52 4 8175 73 125
101 9080 87 3 9167 0 87
647 9219 69 3 9288 0 69
537 9884 85 3 9969 0 85
102 9927 81 4 10050 42 123
246 10040 72 3 10122 10 82
548 11267 84 1 11351 0 84
891 11335 60 4 11411 16 76
669 12177 94 4 12271 0 94
338 12851 94 3 12945 0 94
655 12913 94 2 13039 32 126
206 13028 72 4 13111 11 83
990 13295 80 4 13375 0 80
553 13496 78 1 13574 0 78
741 13704 99 3 13803 0 99
758 13726 81 1 13934 127 208
888 13727 100 2 13984 157 257
545 13972 79 2 14063 12 91
334 14196 61 3 14257 0 61
247 14198 54 3 14311 59 113
126 14295 91 1 14402 16 107
58 14323 43 4 14445 79 122
124 15167 78 1 15245 0 78
146 15668 65 2 15733 0 65
642 15902 54 3 15956 0 54
88 16131 70 4 16201 0 70
84 16514 76 4 16590 0 76
759 16571 84 2 16674 19 103
22 16823 78 3 16901 0 78
760 17023 100 4 17123 0 100
550 17559 55 3 17614 0 55
834 18260 88 3 18348 0 88
869 18455 83 3 18538 0 83
842 18536 89 4 18627 2 91
697 18669 91 3 18760 0 91
201 18809 95 4 18904 0 95
142 18872 34 2 19038 132 166
335 18838 90 2 19078 150 240
505 18852 76 4 19104 176 252
44 19189 53 4 19242 0 53
498 19388 93 3 19481 0 93
878 19489 58 3 19547 0 58
9 19616 54 1 19670 0 54
814 19709 77 4 19786 0 77
388 19932 99 4 20031 0 99
621 20270 59 4 20329 0 59
971 20660 76 3 20736 0 76
289 21229 98 3 21327 0 98
651 21511 83 2 21594 0 83
701 21620 43 3 21663 0 43
420 21849 90 3 21939 0 90
161 22000 60 2 22060 0 60
35 22338 87 3 22425 0 87
321 22546 83 2 22629 0 83
589 22670 60 2 22730 0 60
205 22675 35 2 22765 55 90
357 22796 59 4 22855 0 59
573 22916 66 3 22982 0 66
192 23393 78 4 23471 0 78
909 23517 80 3 23597 0 80
801 23527 49 1 23646 70 119
81 23575 93 2 23839 171 264
706 23579 74 4 23863 210 284
636 23599 68 3 23931 264 332
575 23708 53 4 24034 273 326
720 23757 73 3 24057 227 300
695 23763 85 4 24092 244 329
797 24006 85 3 24277 186 271
62 24027 77 4 24354 250 327
100 24143 50 3 24404 211 261
138 24055 99 2 24453 299 398
398 24098 85 2 24538 355 440
144 24222 94 3 24732 416 510
290 24315 83 3 24815 417 500
588 24429 88 1 24853 336 424
32 24438 62 3 24965 465 527
376 24518 76 3 24991 397 473
861 24607 87 3 25028 334 421
851 24624 98 3 25126 404 502
272 24883 78 2 25254 293 371
660 24915 59 4 25313 339 398
596 24955 69 3 25332 308 377
910 25064 59 3 25341 218 277
936 25314 80 4 25421 27 107
745 25541 91 4 25632 0 91
122 25590 39 3 25671 42 81
668 25679 68 3 25747 0 68
211 25776 98 4 25874 0 98
749 25965 93 1 26058 0 93
275 26103 41 4 26144 0 41
976 26133 73 4 26217 11 84
935 26217 85 4 26302 0 85
508 26236 96 3 26548 216 312
643 26244 86 1 26634 304 390
29 26276 88 3 26672 308 396
465 26288 96 4 26768 384 480
427 26329 89 3 26857 439 528
992 26442 91 3 26948 415 506
940 26723 28 1 26976 225 253
177 26511 87 3 27013 415 502
92 26573 70 4 27083 440 510
428 26771 82 3 27115 262 344
18 27017 43 4 27158 98 141
559 27071 52 4 27210 87 139
950 27243 59 2 27302 0 59
180 27326 96 1 27422 0 96
128 27406 54 3 27476 16 70
820 27492 52 4 27544 0 52
469 27586 100 4 27686 0 100
751 27598 46 3 27732 88 134
723 27682 43 2 27775 50 93
231 27988 61 4 28049 0 61
942 28073 74 3 28147 0 74
217 28091 33 3 28180 56 89
116 28158 29 3 28209 22 51
996 28298 77 3 28375 0 77
667 28394 53 2 28447 0 53
57 28468 72 4 28540 0 72
320 28511 30 3 28570 29 59
665 28524 71 3 28641 46 117
415 28883 59 2 28942 0 59
985 29082 98 2 29180 0 98
456 29184 80 4 29264 0 80
871 29335 54 4 29389 0 54
591 29409 43 3 29452 0 43
832 29551 46 4 29597 0 46
418 29591 62 3 29659 6 68
256 29614 92 4 29751 45 137
437 29668 96 1 29847 83 179
30 29868 60 3 29928 0 60
176 30084 82 2 30166 0 82
609 30099 59 4 30275 117 176
649 30133 67 4 30292 92 159
225 30422 89 4 30511 0 89
316 30611 64 4 30675 0 64
251 30637 96 4 30771 38 134
855 30679 68 2 30889 142 210
382 30698 91 4 30980 191 282
404 30886 39 4 31119 194 233
269 30805 55 4 31124 264 319
539 30822 62 4 31136 252 314
310 30854 76 2 31262 332 408
903 30999 79 4 31291 213 292
860 31017 89 4 31380 274 363
156 31215 48 3 31428 165 213
178 31182 92 4 31470 196 288
432 31396 74 1 31594 124 198
323 31436 70 2 31614 108 178
349 31778 92 4 31870 0 92
77 31783 96 3 31966 87 183
112 31990 72 3 32062 0 72
793 32024 81 3 32193 88 169
908 32057 76 1 32219 86 162
785 32176 41 2 32310 93 134
406 32146 86 3 32346 114 200
218 32280 45 4 32391 66 111
189 32304 40 3 32431 87 127
186 32457 49 4 32506 0 49
608 32499 68 2 32574 7 75
175 32586 72 3 32658 0 72
60 32618 79 2 32737 40 119
453 32727 75 3 32812 10 85
20 32796 88 4 32950 66 154
731 32825 49 4 32999 125 174
106 32808 65 4 33064 191 256
66 32857 68 2 33232 307 375
89 32936 76 2 33358 346 422
858 32938 74 4 33432 420 494
150 32951 96 1 33528 481 577
614 33200 46 4 33574 328 374
790 33034 80 2 33604 490 570
726 33055 51 4 33605 499 550
165 33087 71 3 33726 568 639
24 33131 65 2 33741 545 610
346 33590 42 3 33883 251 293
68 33307 83 3 33916 526 609
906 33347 78 4 33944 519 597
927 33468 85 4 33979 426 511
603 33550 91 4 34020 379 470
904 33795 38 2 34058 225 263
912 33919 56 3 34164 189 245
830 34016 96 3 34210 98 194
769 34237 96 3 34333 0 96
564 34247 53 3 34386 86 139
890 34362 98 3 34534 74 172
616 34400 38 4 34572 134 172
533 34385 69 1 34641 187 256
581 34409 70 4 34761 282 352
998 34459 81 4 34842 302 383
300 34515 78 1 34920 327 405
617 34595 69 3 34989 325 394
807 34660 73 4 35112 379 452
452 34848 45 2 35157 264 309
607 34917 29 3 35336 390 419
350 34755 96 2 35382 531 627
977 34805 61 3 35493 627 688
159 34825 52 1 35545 668 720
17 34851 88 3 35683 744 832
981 34859 69 2 35702 774 843
711 34866 89 1 35791 836 925
943 35289 29 3 35870 552 581
699 34927 94 3 35964 943 1037
859 34961 52 4 35966 953 1005
145 34996 76 3 35992 920 996
620 35133 75 4 36017 809 884
228 35152 85 3 36102 865 950
426 35257 93 3 36145 795 888
405 35736 32 4 36177 409 441
983 35278 98 1 36275 899 997
319 35357 72 3 36297 868 940
961 35883 40 4 36337 414 454
816 35576 79 2 36516 861 940
702 35744 95 1 36561 722 817
487 35921 61 3 36722 740 801
517 35940 72 4 36894 882 954
737 35948 83 3 37027 996 1079
847 36534 47 4 37074 493 540
619 36244 82 3 37106 780 862
485 36250 83 3 37139 806 889
337 36266 82 4 37321 973 1055
543 36343 90 4 37411 978 1068
988 36356 79 2 37490 1055 1134
16 36385 73 3 37513 1055 1128
240 36390 75 4 37538 1073 1148
773 36395 76 4 37614 1143 1219
99 36997 49 4 37663 617 666
351 37006 42 4 37705 657 699
255 36636 70 2 37925 1219 1289
166 37142 46 2 37971 783 829
544 36644 95 4 38116 1377 1472
753 37191 50 3 38166 925 975
410 36648 77 1 38243 1518 1595
40 36689 53 3 38296 1554 1607
366 36730 65 3 38411 1616 1681
696 36923 65 4 38476 1488 1553
889 37022 99 4 38575 1454 1553
600 37048 65 1 38640 1527 1592
114 37119 71 1 38661 1471 1542
364 37131 69 3 38680 1480 1549
51 37182 75 3 38805 1548 1623
703 37189 71 4 38876 1616 1687
799 37203 95 4 39071 1773 1868
722 38184 31 1 39102 887 918
69 37251 59 3 39111 1801 1860
294 37324 84 3 39145 1737 1821
258 37353 60 4 39255 1842 1902
179 37474 56 1 39261 1731 1787
36 37620 71 4 39282 1591 1662
403 37747 87 1 39369 1535 1622
733 37893 76 2 39545 1576 1652
367 37924 57 1 39652 1671 1728
318 37989 72 3 39674 1613 1685
480 38072 58 2 39882 1752 1810
507 38079 98 2 40030 1853 1951
907 38166 60 2 40090 1864 1924
216 38307 55 2 40295 1933 1988
501 38334 93 2 40438 2011 2104
110 39198 24 4 40462 1240 1264
468 38557 59 2 40471 1855 1914
331 39294 32 2 40503 1177 1209
386 38635 96 4 40599 1868 1964
750 39415 36 4 40635 1184 1220
727 38645 67 2 40652 1940 2007
252 38655 73 2 40675 1947 2020
137 38694 86 4 40811 2031 2117
509 38703 88 1 40999 2208 2296
999 38816 81 4 41180 2283 2364
87 38816 80 4 41310 2414 2494
28 38820 64 2 41374 2490 2554
792 39820 50 2 41424 1554 1604
622 38845 88 4 41462 2529 2617
561 39842 45 3 41507 1620 1665
417 38901 57 4 41564 2606 2663
271 39914 34 4 41598 1650 1684
938 38921 76 3 41724 2727 2803
5 38945 74 3 41798 2779 2853
917 39073 72 4 41870 2725 2797
535 39075 97 4 41917 2745 2842
653 39081 76 4 41943 2786 2862
458 39127 92 3 42135 2916 3008
893 40254 38 3 42173 1881 1919
503 39154 70 4 42243 3019 3089
987 39177 67 4 42310 3066 3133
592 39339 80 2 42540 3121 3201
245 39508 100 1 42640 3032 3132
171 39541 79 4 42719 3099 3178
105 40810 33 4 42802 1959 1992
499 39560 71 1 42823 3192 3263
580 39564 72 4 43045 3409 3481
401 39567 57 2 43102 3478 3535
117 40954 47 3 43199 2198 2245
478 39619 72 4 43271 3580 3652
944 41029 31 4 43402 2342 2373
7 39623 87 3 43439 3729 3816
685 41089 29 4 43468 2350 2379
184 39629 91 4 43509 3789 3880
712 39694 84 4 43543 3765 3849
629 39695 87 4 43630 3848 3935
279 39750 59 2 43689 3880 3939
578 39882 97 2 43786 3807 3904
232 39928 67 4 43853 3858 3925
663 39932 66 4 43919 3921 3987
640 39957 52 3 43971 3962 4014
633 40062 58 1 44079 3959 4017
880 40213 88 3 44367 4066 4154
692 41944 48 1 44415 2423 2471
313 40226 56 2 44471 4189 4245
779 40229 52 3 44473 4192 4244
254 42098 44 4 44567 2425 2469
339 40286 97 2 44714 4331 4428
563 40306 86 3 44850 4458 4544
353 40360 80 3 45080 4640 4720
70 40420 63 4 45093 4610 4673
358 40445 63 1 45156 4648 4711
837 42444 49 3 45205 2712 2761
220 40499 99 3 45254 4656 4755
721 40526 63 4 45267 4678 4741
628 42582 46 1 45363 2735 2781
897 40720 88 3 45401 4593 4681
826 40804 86 4 45437 4547 4633
513 40818 92 3 45629 4719 4811
482 40837 80 4 45709 4792 4872
21 42882 24 3 45783 2877 2901
949 40843 69 2 45802 4890 4959
958 40844 52 3 45804 4908 4960
460 40907 53 4 45857 4897 4950
766 40945 73 2 45930 4912 4985
765 43133 50 4 45980 2797 2847
982 40996 86 3 46016 4934 5020
429 41010 57 4 46023 4956 5013
380 41014 96 4 46069 4959 5055
392 41186 66 3 46385 5133 5199
423 43601 40 4 46525 2884 2924
876 41269 80 4 46555 5206 5286
757 41401 75 3 46630 5154 5229
53 43692 47 4 46677 2938 2985
689 41593 65 2 46792 5134 5199
311 41607 100 4 46942 5235 5335
292 41670 77 3 47019 5272 5349
693 41733 83 4 47102 5286 5369
650 41749 90 3 47142 5303 5393
449 41810 55 3 47197 5332 5387
823 41850 86 4 47283 5347 5433
38 41852 100 2 47433 5481 5581
149 41866 60 4 47443 5517 5577
881 41914 66 4 47609 5629 5695
281 41976 76 4 47785 5733 5809
396 42061 79 4 47914 5774 5853
188 42109 99 2 48013 5805 5904
164 42118 100 1 48063 5845 5945
190 42200 95 4 48108 5813 5908
933 44755 46 3 48154 3353 3399
37 42206 82 3 48186 5898 5980
314 44817 50 4 48336 3469 3519
476 42258 92 4 48378 6028 6120
929 42264 90 2 48418 6064 6154
901 42271 72 3 48440 6097 6169
674 42309 89 3 48529 6131 6220
833 42367 79 3 48708 6262 6341
295 42579 66 4 48774 6129 6195
157 42773 95 3 49019 6151 6246
529 42790 69 3 49088 6229 6298
877 42823 97 3 49185 6265 6362
118 42857 86 2 49371 6428 6514
743 42878 87 3 49458 6493 6580
979 45796 29 1 49487 3662 3691
786 43027 55 4 49492 6410 6465
250 43091 55 4 49497 6351 6406
244 43325 57 4 49654 6272 6329
25 43395 60 1 49664 6209 6269
203 43444 95 3 49759 6220 6315
181 43468 75 3 49834 6291 6366
286 43483 97 4 49931 6351 6448
120 43539 63 4 49994 6392 6455
506 43569 87 4 50031 6375 6462
421 46410 40 2 50221 3771 3811
570 43570 98 3 50269 6601 6699
94 43681 54 3 50323 6588 6642
681 46644 32 4 50455 3779 3811
922 43755 91 4 50496 6650 6741
883 43762 54 4 50500 6684 6738
623 43820 78 3 50578 6680 6758
265 43851 73 2 50701 6777 6850
208 43883 85 3 50836 6868 6953
645 46970 48 4 50884 3866 3914
925 43924 90 4 50924 6910 7000
838 44027 88 3 51162 7047 7135
528 47157 29 3 51241 4055 4084
854 44121 80 4 51271 7070 7150
549 47226 48 2 51419 4145 4193
104 44168 72 2 51541 7301 7373
520 44171 69 2 51660 7420 7489
12 44251 93 3 51753 7409 7502
446 44260 95 3 51848 7493 7588
728 44277 92 4 52040 7671 7763
918 44357 92 4 52082 7633 7725
97 44368 92 4 52174 7714 7806
462 44403 97 1 52271 7771 7868
536 44428 88 3 52359 7843 7931
195 44451 87 2 52396 7858 7945
355 44518 89 2 52585 7978 8067
951 48067 34 3 52769 4668 4702
803 48157 48 2 52867 4662 4710
455 44776 57 4 52924 8091 8148
676 44802 77 4 52951 8072 8149
794 44970 100 3 53101 8031 8131
136 45043 78 1 53229 8108 8186
73 45053 90 2 53269 8126 8216
815 45077 99 1 53418 8242 8341
45 45258 87 4 53555 8210 8297
597 45332 75 4 53680 8273 8348
679 45333 59 2 53739 8347 8406
725 45336 77 4 53766 8353 8430
238 48906 30 4 53796 4860 4890
158 45381 97 4 53843 8365 8462
472 45450 71 4 53864 8343 8414
601 45529 53 1 53917 8335 8388
994 45583 91 2 54008 8334 8425
11 49234 47 4 54055 4774 4821
688 45593 69 3 54074 8412 8481
556 45627 70 3 54144 8447 8517
459 45678 74 1 54218 8466 8540
965 49395 47 4 54265 4823 4870
931 49415 36 4 54301 4850 4886
85 45859 95 3 54396 8442 8537
442 45899 99 4 54495 8497 8596
739 46048 81 3 54626 8497 8578
278 46159 96 1 54822 8567 8663
492 46193 74 4 54996 8729 8803
754 49799 48 3 55044 5197 5245
511 46248 77 2 55121 8796 8873
422 46308 68 4 55189 8813 8881
64 46387 96 1 55435 8952 9048
547 50051 36 4 55521 5434 5470
140 46391 90 4 55561 9080 9170
618 46399 70 3 55581 9112 9182
79 50160 44 4 55625 5421 5465
572 46449 94 4 55819 9276 9370
132 46592 84 4 55953 9277 9361
839 46619 84 3 55987 9284 9368
193 46746 58 3 55995 9191 9249
637 46803 59 1 56004 9142 9201
852 46830 85 3 56189 9274 9359
594 46860 98 2 56387 9429 9527
477 46910 73 3 56410 9427 9500
952 47030 66 3 56576 9480 9546
993 47058 88 3 56614 9468 9556
473 47121 74 4 56688 9493 9567
972 47123 56 4 56744 9565 9621
593 47151 64 4 56808 9593 9657
243 47200 87 4 56895 9608 9695
973 47212 61 3 56956 9683 9744
639 47237 76 3 57032 9719 9795
551 47246 89 4 57071 9736 9825
328 47307 97 2 57218 9814 9911
307 51591 43 3 57311 5677 5720
443 47318 63 2 57374 9993 10056
343 47350 100 4 57474 10024 10124
571 51667 34 3 57508 5807 5841
196 47456 60 1 57568 10052 10112
841 47532 58 4 57576 9986 10044
440 47534 96 3 57722 10092 10188
490 51920 36 4 57758 5802 5838
652 47543 75 4 57783 10165 10240
989 47657 69 1 58002 10276 10345
521 47702 84 1 58136 10350 10434
43 52241 48 2 58234 5945 5993
714 47749 80 3 58264 10435 10515
569 47871 55 3 58469 10543 10598
540 47905 90 1 58559 10564 10654
717 47906 92 1 58601 10603 10695
163 52529 42 4 58693 6122 6164
71 47939 87 4 58780 10754 10841
27 52615 41 3 58871 6215 6256
966 47971 56 4 58877 10850 10906
634 47979 76 1 59003 10948 11024
644 52749 39 2 59092 6304 6343
229 52768 47 3 59239 6424 6471
531 48152 90 4 59279 11037 11127
239 52863 49 3 59428 6516 6565
875 48186 68 3 59496 11242 11310
285 48296 82 4 59528 11150 11232
932 48419 74 4 59652 11159 11233
143 48460 93 2 59895 11342 11435
306 48472 86 3 59981 11423 11509
496 53227 44 2 60025 6754 6798
268 48624 69 3 60044 11351 11420
248 48625 72 4 60066 11369 11441
577 48648 55 4 60221 11518 11573
274 48661 65 3 60336 11610 11675
868 53531 27 2 60413 6855 6882
748 48745 53 4 60416 11618 11671
332 48766 95 1 60511 11650 11745
119 48800 76 2 60637 11761 11837
984 49032 57 4 60844 11755 11812
497 53909 37 4 60881 6935 6972
808 49167 75 3 60906 11664 11739
795 54015 48 4 61154 7091 7139
744 49258 93 3 61197 11846 11939
481 49313 70 4 61267 11884 11954
283 54258 40 4 61407 7109 7149
48 49449 74 4 61481 11958 12032
371 49524 69 3 61500 11907 11976
853 49590 91 4 61691 12010 12101
716 49594 54 3 61745 12097 12151
182 49611 76 3 61871 12184 12260
605 54631 44 4 61915 7240 7284
123 54675 36 4 62001 7290 7326
475 49640 81 3 62032 12311 12392
827 49652 64 3 62046 12330 12394
843 49666 87 3 62233 12480 12567
336 54838 49 4 62282 7395 7444
764 49706 77 1 62309 12526 12603
771 49731 95 3 62404 12578 12673
767 49803 86 4 62440 12551 12637
296 55117 45 2 62535 7373 7418
969 49868 55 4 62590 12667 12722
86 49935 97 2 62687 12655 12752
309 49942 89 2 62726 12695 12784
42 49965 74 2 62800 12761 12835
257 50005 94 4 62894 12795 12889
361 50043 60 4 62904 12801 12861
55 50233 92 1 63046 12721 12813
729 50236 65 4 63061 12760 12825
724 50237 95 2 63106 12774 12869
168 50272 76 3 63232 12884 12960
516 55829 33 4 63265 7403 7436
555 50298 53 4 63268 12917 12970
445 55990 50 2 63418 7378 7428
436 50583 91 3 63459 12785 12876
683 50597 66 3 63475 12812 12878
963 50605 82 4 63607 12920 13002
493 50637 88 2 63745 13020 13108
96 50647 71 4 63766 13048 13119
684 50675 54 4 63770 13041 13095
395 50757 93 2 63863 13013 13106
103 50826 83 2 63896 12987 13070
670 50895 56 4 64002 13051 13107
379 56579 34 3 64036 7423 7457
155 50997 72 3 64058 12989 13061
763 56637 28 3 64086 7421 7449
862 51038 83 2 64169 13048 13131
755 51121 82 3 64201 12998 13080
879 51167 84 4 64335 13084 13168
567 56869 46 1 64381 7466 7512
454 51272 94 1 64525 13159 13253
512 51357 87 4 64562 13118 13205
303 51482 91 3 64753 13180 13271
227 51499 81 1 64784 13204 13285
370 57186 49 4 64883 7648 7697
298 51562 66 1 64899 13271 13337
615 51591 65 1 65014 13358 13423
975 57332 48 2 65062 7682 7730
324 51609 92 3 65254 13553 13645
585 57400 47 4 65301 7854 7901
391 51753 91 4 65342 13498 13589
83 51863 71 4 65363 13429 13500
946 51892 57 3 65370 13421 13478
804 52018 66 1 65536 13452 13518
108 52061 91 3 65577 13425 13516
522 52076 94 3 65721 13551 13645
677 52080 67 1 65838 13691 13758
6 52091 89 3 65927 13747 13836
470 52173 95 4 66022 13754 13849
530 52228 67 4 66039 13744 13811
365 52278 70 3 66209 13861 13931
441 52344 82 3 66341 13915 13997
682 52347 81 2 66372 13944 14025
41 52353 90 4 66512 14069 14159
284 52408 77 1 66539 14054 14131
789 52502 69 4 66708 14137 14206
1 52534 57 4 66765 14174 14231
899 52591 80 1 66995 14324 14404
13 52668 98 3 67043 14277 14375
606 58881 34 4 67077 8162 8196
894 52672 87 4 67164 14405 14492
253 52738 83 4 67197 14376 14459
39 52756 82 4 67279 14441 14523
997 52762 93 2 67322 14467 14560
659 52803 64 3 67436 14569 14633
866 52830 96 3 67482 14556 14652
194 52864 70 4 67602 14668 14738
735 52954 92 2 67744 14698 14790
604 52988 79 3 67823 14756 14835
959 53027 94 2 67917 14796 14890
463 53037 100 2 67967 14830 14930
752 53053 92 2 68059 14914 15006
873 53054 95 4 68154 15005 15100
916 53120 63 4 68267 15084 15147
613 53338 61 4 68428 15029 15090
657 53340 83 1 68461 15038 15121
495 53386 92 2 68503 15025 15117
849 53449 84 3 68687 15154 15238
287 53454 59 2 68696 15183 15242
224 53528 77 4 68723 15118 15195
59 53574 92 4 68865 15199 15291
865 53610 76 3 68941 15255 15331
554 53620 94 4 68985 15271 15365
348 53691 67 4 69002 15244 15311
185 53758 82 3 69084 15244 15326
948 53808 82 3 69116 15226 15308
611 53843 62 4 69128 15223 15285
419 60789 49 3 69177 8339 8388
433 60862 35 2 69262 8365 8400
384 53919 81 3 69393 15393 15474
207 53983 76 2 69469 15410 15486
435 53985 100 4 69569 15484 15584
844 54012 64 3 69683 15607 15671
821 54120 73 4 69806 15613 15686
756 54199 87 3 69893 15607 15694
584 54214 80 3 69973 15679 15759
761 54285 99 2 70172 15788 15887
742 54400 71 4 70293 15822 15893
187 54420 54 3 70347 15873 15927
8 54460 99 3 70396 15837 15936
107 54531 88 3 70584 15965 16053
698 54573 89 2 70673 16011 16100
277 61748 47 4 70720 8925 8972
534 54591 64 4 70784 16129 16193
408 61832 41 3 70825 8952 8993
63 54651 95 1 70920 16174 16269
387 54727 65 3 71035 16243 16308
945 54785 96 4 71081 16200 16296
210 54808 73 3 71104 16223 16296
46 54901 66 3 71370 16403 16469
322 55098 77 4 71597 16422 16499
448 55118 64 4 71811 16629 16693
312 55169 65 2 71826 16592 16657
266 55282 74 1 71950 16594 16668
902 62784 47 3 71997 9166 9213
845 55310 84 3 72031 16637 16721
466 55488 95 4 72176 16593 16688
560 55533 65 4 72191 16593 16658
400 62967 48 2 72239 9224 9272
819 63078 44 2 72333 9211 9255
818 55813 97 3 72430 16520 16617
954 63132 44 1 72474 9298 9342
115 55816 64 2 72488 16608 16672
673 63216 44 4 72582 9322 9366
524 55926 78 1 72610 16606 16684
700 55936 93 1 72653 16624 16717
625 56077 56 4 72759 16626 16682
805 56093 73 3 72782 16616 16689
33 56120 91 1 72873 16662 16753
474 56146 56 1 72979 16777 16833
141 56341 56 4 73085 16688 16744
131 56488 79 2 73214 16647 16726
233 56494 66 4 73230 16670 16736
412 56686 72 4 73402 16644 16716
964 56786 80 2 73532 16666 16746
447 56806 51 4 73533 16676 16727
264 64265 38 2 73571 9268 9306
884 56871 54 1 73625 16700 16754
147 56888 77 3 73652 16687 16764
467 56983 55 3 73707 16669 16724
127 57039 85 4 73742 16618 16703
686 57046 83 4 73825 16696 16779
276 57181 94 4 73919 16644 16738
675 57276 99 4 74018 16643 16742
856 57302 81 3 74199 16816 16897
236 64954 48 4 74247 9245 9293
409 65001 38 3 74285 9246 9284
374 57340 60 1 74345 16945 17005
139 57373 95 2 74390 16922 17017
72 57374 96 4 74436 16966 17062
378 57639 68 4 74604 16897 16965
154 57695 83 1 74637 16859 16942
411 57695 79 1 74666 16892 16971
425 57879 80 3 74696 16737 16817
552 65580 42 3 74738 9116 9158
934 57879 93 4 74831 16859 16952
872 57887 78 2 74859 16894 16972
262 57921 81 1 74890 16888 16969
885 57950 53 4 74893 16890 16943
1000 58003 97 4 74940 16840 16937
82 58184 58 4 74998 16756 16814
835 58203 64 4 75012 16745 16809
153 58244 51 3 75063 16768 16819
704 58275 57 2 75070 16738 16795
630 66258 38 3 75158 8862 8900
169 58297 86 4 75194 16811 16897
887 58371 72 1 75216 16773 16845
504 58381 57 2 75223 16785 16842
882 58509 58 4 75231 16664 16722
831 58528 77 4 75258 16653 16730
718 58563 71 4 75279 16645 16716
541 58619 61 4 75340 16660 16721
377 58727 57 4 75397 16613 16670
896 58731 55 4 75402 16616 16671
67 58737 78 4 75480 16665 16743
479 66884 36 4 75516 8596 8632
892 58740 98 2 75614 16776 16874
394 66946 44 3 75658 8668 8712
439 58918 91 4 75849 16840 16931
93 59012 95 3 75894 16787 16882
978 59181 58 1 76002 16763 16821
863 59199 90 1 76092 16803 16893
19 59365 97 4 76139 16677 16774
515 59365 58 4 76197 16774 16832
494 59482 80 3 76277 16715 16795
582 67644 44 3 76321 8633 8677
47 59522 52 3 76323 16749 16801
91 59578 63 2 76336 16695 16758
850 67821 27 4 76413 8565 8592
451 59593 92 2 76455 16770 16862
15 67960 46 4 76501 8495 8541
610 59738 84 4 76535 16713 16797
707 59787 87 1 76572 16698 16785
836 59858 63 4 76635 16714 16777
957 59872 88 3 76673 16713 16801
800 59899 69 4 76692 16724 16793
631 60006 89 2 76881 16786 16875
557 68331 40 4 76971 8600 8640
98 60062 74 4 76995 16859 16933
924 60169 99 3 77094 16826 16925
52 60207 61 4 77105 16837 16898
798 60207 92 3 77147 16848 16940
691 60360 94 4 77291 16837 16931
664 60371 63 1 77304 16870 16933
54 60497 63 2 77317 16757 16820
491 68933 25 1 77342 8384 8409
525 60687 76 4 77418 16655 16731
162 60805 84 4 77502 16613 16697
308 60866 66 1 77568 16636 16702
968 60891 93 4 77611 16627 16720
329 60944 52 2 77613 16617 16669
500 60992 58 3 77621 16571 16629
402 61034 71 3 77842 16737 16808
672 61038 85 1 77927 16804 16889
780 61123 74 3 77951 16754 16828
113 61127 84 3 77985 16774 16858
995 61214 84 4 78069 16771 16855
259 61291 77 2 78096 16728 16805
297 61334 65 3 78161 16762 16827
678 61342 84 3 78195 16769 16853
160 61401 93 4 78338 16844 16937
772 61457 87 4 78425 16881 16968
624 61489 87 4 78512 16936 17023
774 70260 44 3 78556 8252 8296
810 61501 85 4 78591 17005 17090
641 61613 79 4 78670 16978 17057
237 61638 59 1 78679 16982 17041
519 61682 100 2 78729 16947 17047
282 61694 95 4 78774 16985 17080
914 61785 95 1 78819 16939 17034
778 61911 84 4 78903 16908 16992
762 61925 77 2 79030 17028 17105
824 61945 59 3 79089 17085 17144
612 62148 99 4 79138 16891 16990
526 62153 69 3 79157 16935 17004
787 71203 41 4 79198 7954 7995
34 62240 73 3 79221 16908 16981
638 62265 66 4 79237 16906 16972
991 62288 62 4 79249 16899 16961
340 62338 84 4 79333 16911 16995
776 62371 91 4 79374 16912 17003
50 62402 56 2 79380 16922 16978
595 62433 61 3 79441 16947 17008
709 62446 86 4 79527 16995 17081
397 62508 71 3 79548 16969 17040
947 62534 84 3 79632 17014 17098
687 71719 30 1 79662 7913 7943
65 62535 93 4 79705 17077 17170
632 62612 86 4 79741 17043 17129
263 62711 68 1 79759 16980 17048
486 62858 54 4 79863 16951 17005
848 62866 97 2 79910 16947 17044
784 63045 82 4 80042 16915 16997
226 72252 34 4 80076 7790 7824
362 63083 92 4 80118 16943 17035
344 63195 73 1 80141 16873 16946
828 72624 48 2 80289 7617 7665
133 63345 79 3 80318 16894 16973
598 63469 88 4 80356 16799 16887
738 63554 83 4 80439 16802 16885
267 63608 87 4 80476 16781 16868
488 63635 95 4 80521 16791 16886
49 63721 72 4 80543 16750 16822
809 72997 49 4 80592 7546 7595
75 63726 89 2 80631 16816 16905
183 63786 73 1 80654 16795 16868
215 63881 93 3 80697 16723 16816
10 63994 53 3 80850 16803 16856
920 64010 66 3 80866 16790 16856
302 64084 88 3 80904 16732 16820
130 64165 56 4 80910 16689 16745
299 64184 63 4 80923 16676 16739
356 64306 81 3 81004 16617 16698
430 64500 67 4 81071 16504 16571
705 64620 87 3 81108 16401 16488
242 64676 51 1 81159 16432 16483
273 64856 57 3 81216 16303 16360
202 64918 64 3 81330 16348 16412
383 64926 76 3 81356 16354 16430
817 64929 80 1 81436 16427 16507
627 65018 90 2 81476 16368 16458
26 65212 81 4 81557 16264 16345
782 74480 29 2 81586 7077 7106
483 65306 98 3 81634 16230 16328
802 65320 68 4 81702 16314 16382
514 65601 98 4 81800 16101 16199
825 66013 59 2 81809 15737 15796
587 66117 59 2 81868 15692 15751
109 66250 58 2 81876 15568 15626
167 75108 47 4 81923 6768 6815
590 75129 49 3 81972 6794 6843
806 66686 95 3 82117 15336 15431
354 66761 88 3 82155 15306 15394
4 66844 93 3 82198 15261 15354
464 66899 80 1 82428 15449 15529
974 75577 47 3 82575 6951 6998
562 66963 95 4 82620 15562 15657
385 67016 78 3 82648 15554 15632
980 67052 83 1 82681 15546 15629
546 67232 52 1 82733 15449 15501
796 67312 76 4 82809 15421 15497
151 67325 94 4 82853 15434 15528
315 67501 80 3 82883 15302 15382
864 67540 55 3 82888 15293 15348
960 67798 92 3 82980 15090 15182
293 68136 79 2 83109 14894 14973
900 68289 64 2 83173 14820 14884
710 68298 76 2 83249 14875 14951
369 68301 75 4 83324 14948 15023
829 68321 83 2 83357 14953 15036
599 76934 38 3 83395 6423 6461
602 68481 84 3 83429 14864 14948
919 68717 65 4 83594 14812 14877
781 68720 89 1 83633 14824 14913
502 68987 84 3 83667 14596 14680
775 69051 67 3 83784 14666 14733
375 77476 40 2 83874 6358 6398
915 69212 99 2 83923 14612 14711
209 69528 82 4 84055 14445 14527
352 69528 77 3 84082 14477 14554
746 69530 94 4 84126 14502 14596
574 69535 53 2 84129 14541 14594
90 77842 35 4 84164 6287 6322
197 69591 76 3 84190 14523 14599
173 77952 47 3 84287 6288 6335
857 69757 60 2 84297 14480 14540
736 69944 79 4 84376 14353 14432
360 78133 40 4 84416 6243 6283
921 70038 78 4 84444 14328 14406
719 70066 51 2 84495 14378 14429
898 70148 93 4 84588 14347 14440
566 70206 68 3 84606 14332 14400
911 78465 45 4 84651 6141 6186
135 78571 41 2 84842 6230 6271
457 70338 86 2 84878 14454 14540
538 70815 99 2 84977 14063 14162
345 70831 91 3 85068 14146 14237
955 78907 36 3 85104 6161 6197
389 70851 95 4 85149 14203 14298
260 79007 31 4 85180 6142 6173
170 70951 90 4 85220 14179 14269
204 71316 72 1 85292 13904 13976
407 71499 95 1 85337 13743 13838
214 71584 88 4 85375 13703 13791
363 71694 72 4 85397 13631 13703
708 71907 55 1 85402 13440 13495
558 72016 96 2 85448 13336 13432
213 72102 95 2 85493 13296 13391
542 79938 43 1 85536 5555 5598
939 72164 80 4 85566 13322 13402
489 72565 52 3 85618 13001 13053
347 72573 56 4 85624 12995 13051
690 72737 86 3 85710 12887 12973
740 73165 67 4 85877 12645 12712
148 73204 63 4 85890 12623 12686
583 73206 67 3 85957 12684 12751
222 73513 92 3 85999 12394 12486
424 73581 62 4 86061 12418 12480
822 73760 72 4 86083 12251 12323
658 81147 49 4 86132 4936 4985
325 73882 77 4 86159 12200 12277
471 73954 82 2 86241 12205 12287
886 74012 90 3 86281 12179 12269
956 74072 51 2 86332 12209 12260
78 74338 75 4 86357 11944 12019
788 74497 88 2 86395 11810 11898
326 74639 89 2 86484 11756 11845
23 74962 68 4 86502 11472 11540
568 81891 37 2 86589 4661 4698
61 75158 76 4 86665 11431 11507
31 75216 74 4 86689 11399 11473
648 75442 53 4 86742 11247 11300
928 75479 88 3 86780 11213 11301
941 75489 72 4 86852 11291 11363
666 75497 52 3 86854 11305 11357
399 75562 62 4 86866 11242 11304
715 75566 59 4 86925 11300 11359
962 75777 95 4 87120 11248 11343
768 75937 73 4 87143 11133 11206
813 76264 65 2 87208 10879 10944
56 76448 68 3 87276 10760 10828
626 76471 79 4 87305 10755 10834
970 76590 88 3 87343 10665 10753
191 76729 62 4 87405 10614 10676
172 76768 68 3 87423 10587 10655
416 77047 60 4 87433 10326 10386
80 77069 60 1 87443 10314 10374
635 77111 74 1 87467 10282 10356
461 77382 71 2 87538 10085 10156
288 77394 84 3 87572 10094 10178
280 77433 99 2 87621 10089 10188
342 77538 71 4 87642 10033 10104
390 77569 57 4 87649 10023 10080
152 77936 61 3 87760 9763 9824
373 78064 85 2 87795 9646 9731
895 78219 93 3 87888 9576 9669
304 78317 86 2 87924 9521 9607
812 78481 94 3 88068 9493 9587
532 78514 91 2 88109 9504 9595
694 78569 76 3 88135 9490 9566
129 78608 76 1 88211 9527 9603
986 78826 66 4 88227 9335 9401
734 79136 93 3 88270 9041 9134
518 85397 26 4 88296 2873 2899
870 79979 89 4 88385 8317 8406
134 80302 78 4 88413 8033 8111
576 80357 89 4 88502 8056 8145
450 80434 98 1 88550 8018 8116
14 80681 69 2 88619 7869 7938
121 80755 72 2 88641 7814 7886
732 80965 89 4 88730 7676 7765
3 81205 89 4 88769 7475 7564
200 81333 96 2 88815 7386 7482
438 81694 59 2 88824 7071 7130
811 81810 57 3 88831 6964 7021
330 81896 65 1 88846 6885 6950
444 82084 89 4 88935 6762 6851
261 82261 75 1 88960 6624 6699
913 82445 84 2 88994 6465 6549
662 82492 57 3 89001 6452 6509
74 82564 56 3 89007 6387 6443
305 82676 62 4 89019 6281 6343
223 82882 74 3 89043 6087 6161
212 82945 68 3 89061 6048 6116
125 87234 26 4 89087 1827 1853
484 83158 75 3 89112 5879 5954
235 83534 69 3 89231 5628 5697
840 84015 55 2 89286 5216 5271
930 84151 58 4 89294 5085 5143
199 87712 33 3 89327 1582 1615
221 84371 60 4 89337 4906 4966
747 84546 82 2 89469 4841 4923
95 84631 93 4 89512 4788 4881
414 84761 63 4 89525 4701 4764
301 85514 99 4 89574 3961 4060
291 85686 63 4 89587 3838 3901
791 85785 100 4 89637 3752 3852
671 85968 63 2 89650 3619 3682
317 86685 71 3 89671 2915 2986
381 87393 61 3 89682 2228 2289
510 87443 98 2 89730 2189 2287
76 87486 52 3 89732 2194 2246
579 87817 89 1 89771 1865 1954
230 87891 84 2 89805 1830 1914
846 89513 98 4 89903 292 390
926 89915 88 4 90003 0 88
111 90729 99 3 90828 0 99
368 90745 97 3 90925 83 180
953 91082 83 4 91165 0 83
783 91506 91 2 91597 0 91
656 91972 70 4 92042 0 70
333 92278 91 4 92369 0 91
770 92606 90 2 92696 0 90
2 92645 69 4 92765 51 120
241 93349 50 1 93399 0 50
249 93639 73 4 93712 0 73
523 94094 92 4 94186 0 92
937 94318 83 3 94401 0 83
198 94456 58 4 94514 0 58
874 94627 99 1 94726 0 99
431 97232 77 4 97309 0 77
967 98217 78 4 98295 0 78
393 98300 81 4 98381 0 81
586 100000 64 3 100214 150 214
219 100000 74 4 100238 164 238
867 100000 91 3 100279 188 279
777 100000 89 3 100318 229 318
