100249 1000 109 62
632 0 24 4 24 0 24
213 0 82 2 106 24 106
130 139 81 4 220 0 81
707 1106 40 4 1146 0 40
698 1736 22 2 1758 0 22
921 3525 53 3 3578 0 53
623 3532 32 2 3610 46 78
221 3829 51 3 3880 0 51
893 4924 44 4 4968 0 44
406 5561 44 2 5605 0 44
270 5698 72 1 5770 0 72
384 5850 88 2 5938 0 88
913 6958 32 3 6990 0 32
149 7392 59 2 7451 0 59
654 7671 24 4 7695 0 24
603 8378 72 3 8450 0 72
587 9025 52 1 9077 0 52
222 9220 89 2 9309 0 89
133 10043 61 4 10104 0 61
436 11130 35 4 11165 0 35
943 11392 59 2 11451 0 59
50 11794 70 1 11864 0 70
19 12206 71 4 12277 0 71
79 12243 34 3 12311 34 68
405 12527 65 4 12592 0 65
196 12633 47 3 12680 0 47
846 12701 41 2 12742 0 41
602 13473 48 2 13521 0 48
588 13702 24 3 13726 0 24
955 13719 41 3 13767 7 48
519 13740 51 4 13818 27 78
624 14382 47 2 14429 0 47
595 14505 30 4 14535 0 30
994 14623 49 3 14672 0 49
124 14772 64 3 14836 0 64
984 14820 89 1 14925 16 105
119 15006 78 3 15084 0 78
699 15245 22 3 15267 0 22
302 15976 38 4 16014 0 38
366 16204 57 4 16261 0 57
34 16230 90 3 16351 31 121
755 16425 27 4 16452 0 27
481 16540 68 4 16608 0 68
335 16546 23 3 16631 62 85
401 16798 81 3 16879 0 81
611 17305 89 2 17394 0 89
967 17352 37 4 17431 42 79
675 17429 25 4 17456 2 27
269 17920 67 4 17987 0 67
517 18103 61 4 18164 0 61
1000 18206 36 4 18242 0 36
648 18856 45 2 18901 0 45
31 19308 30 2 19338 0 30
652 19344 64 4 19408 0 64
562 19397 29 4 19437 11 40
178 19366 45 4 19482 71 116
375 19707 71 4 19778 0 71
543 19854 27 2 19881 0 27
76 20448 31 2 20479 0 31
433 20621 68 4 20689 0 68
255 20664 78 3 20767 25 103
286 21104 51 2 21155 0 51
372 21272 51 3 21323 0 51
168 21477 33 4 21510 0 33
732 21520 46 3 21566 0 46
500 21536 30 2 21596 30 60
229 21618 22 3 21640 0 22
767 21795 21 4 21816 0 21
869 21869 43 4 21912 0 43
710 21937 50 2 21987 0 50
708 21976 52 4 22039 11 63
863 22108 45 1 22153 0 45
231 22267 44 1 22311 0 44
104 22366 44 1 22410 0 44
505 22448 31 4 22479 0 31
873 22508 25 3 22533 0 25
945 22587 69 1 22656 0 69
53 22632 43 1 22699 24 67
928 23070 42 4 23112 0 42
430 23105 71 4 23183 7 78
768 23259 24 2 23283 0 24
107 23286 75 4 23361 0 75
570 23318 35 3 23396 43 78
961 23363 32 3 23428 33 65
252 23390 71 3 23499 38 109
455 23306 96 2 23595 193 289
418 23626 33 4 23659 0 33
899 23674 71 4 23745 0 71
800 23781 68 4 23849 0 68
819 23796 36 4 23885 53 89
495 23800 62 3 23947 85 147
582 23970 44 4 24014 0 44
47 24033 23 4 24056 0 23
838 24190 77 1 24267 0 77
175 24456 37 3 24493 0 37
96 24481 45 2 24538 12 57
775 24984 39 3 25023 0 39
4 25053 95 3 25148 0 95
300 25089 60 4 25208 59 119
555 25231 64 3 25295 0 64
380 25357 38 2 25395 0 38
864 25435 37 4 25472 0 37
271 25487 46 4 25533 0 46
855 25488 61 4 25594 45 106
463 25583 41 4 25635 11 52
278 25634 49 2 25684 1 50
615 25522 69 2 25753 162 231
161 25739 25 3 25778 14 39
996 25786 21 3 25807 0 21
151 25805 29 4 25836 2 31
417 26037 56 2 26093 0 56
426 26070 61 3 26154 23 84
7 26138 31 3 26185 16 47
659 26137 52 1 26237 48 100
904 26065 62 4 26299 172 234
912 26246 23 4 26322 53 76
861 26281 43 3 26365 41 84
966 26483 46 4 26529 0 46
677 26526 24 4 26553 3 27
172 26532 78 4 26631 21 99
917 26595 63 4 26694 36 99
207 26808 45 4 26853 0 45
936 26873 51 4 26924 0 51
331 27175 29 3 27204 0 29
804 27291 22 4 27313 0 22
700 27518 42 3 27560 0 42
720 27736 56 4 27792 0 56
435 27860 55 3 27915 0 55
671 27892 24 4 27939 23 47
16 27970 46 3 28016 0 46
598 28033 47 4 28080 0 47
848 28039 29 4 28109 41 70
727 28091 21 1 28130 18 39
74 28632 28 3 28660 0 28
572 28728 22 1 28750 0 22
17 28851 33 4 28884 0 33
825 28933 55 3 28988 0 55
259 29012 78 4 29090 0 78
73 29081 34 3 29124 9 43
195 29117 39 4 29163 7 46
504 29033 46 4 29209 130 176
152 29203 58 4 29267 6 64
580 29282 46 3 29328 0 46
2 29290 24 3 29352 38 62
214 29339 23 2 29375 13 36
876 29366 31 2 29406 9 40
673 29298 58 3 29464 108 166
672 29404 69 3 29533 60 129
906 29514 50 4 29583 19 69
532 29601 80 4 29681 0 80
446 29644 29 4 29710 37 66
267 29659 78 4 29788 51 129
49 29732 33 1 29821 56 89
484 29798 23 4 29844 23 46
93 29735 41 3 29885 109 150
999 29613 84 2 29969 272 356
690 30155 51 4 30206 0 51
647 30469 67 4 30536 0 67
683 30488 47 2 30583 48 95
187 30564 24 4 30607 19 43
730 30555 54 2 30661 52 106
739 30516 74 4 30735 145 219
153 30746 30 2 30776 0 30
526 30880 59 3 30939 0 59
408 30909 24 4 30963 30 54
810 31103 38 4 31141 0 38
696 31155 40 3 31195 0 40
329 31203 69 3 31272 0 69
758 31362 22 3 31384 0 22
781 31389 38 2 31427 0 38
733 31483 39 3 31522 0 39
550 31531 87 3 31618 0 87
173 31595 28 3 31646 23 51
32 31734 36 2 31770 0 36
789 31740 30 4 31800 30 60
931 31913 67 1 31980 0 67
744 31915 31 4 32011 65 96
964 32297 35 4 32332 0 35
715 32353 44 2 32397 0 44
39 32370 27 3 32424 27 54
854 32484 68 4 32552 0 68
407 32644 31 4 32675 0 31
308 32656 26 4 32701 19 45
858 32747 57 2 32804 0 57
995 32963 36 3 32999 0 36
824 32987 65 3 33064 12 77
114 33042 60 3 33124 22 82
403 32990 71 4 33195 134 205
797 32989 75 4 33270 206 281
441 33266 45 3 33315 4 49
879 33278 50 4 33365 37 87
631 33361 51 4 33416 4 55
884 33221 73 4 33489 195 268
785 33446 79 2 33568 43 122
314 33809 47 3 33856 0 47
903 33851 38 3 33894 5 43
439 33846 80 4 33974 48 128
205 33913 53 1 34027 61 114
935 33986 36 3 34063 41 77
880 34099 29 4 34128 0 29
374 34245 35 3 34280 0 35
298 34255 53 3 34333 25 78
246 34316 34 2 34367 17 51
35 34356 27 3 34394 11 38
604 34525 42 3 34567 0 42
641 34534 60 3 34627 33 93
612 34582 28 3 34655 45 73
249 34609 50 1 34705 46 96
637 34690 73 3 34778 15 88
282 34773 32 4 34810 5 37
65 34801 25 3 34835 9 34
138 34667 94 4 34929 168 262
842 34864 28 4 34957 65 93
285 34928 30 4 34987 29 59
373 34958 92 4 35079 29 121
103 35134 47 4 35181 0 47
687 35170 42 4 35223 11 53
414 35170 51 4 35274 53 104
378 35154 75 4 35349 120 195
770 35390 24 2 35414 0 24
323 35451 40 3 35491 0 40
224 35482 22 4 35513 9 31
926 35457 67 1 35580 56 123
24 35573 34 2 35614 7 41
208 35624 26 2 35650 0 26
266 35659 85 3 35744 0 85
929 35702 20 4 35764 42 62
281 35852 68 2 35920 0 68
112 35947 73 2 36020 0 73
420 36022 26 4 36048 0 26
875 36045 32 3 36080 3 35
533 36033 53 3 36133 47 100
818 36199 64 4 36263 0 64
66 36347 39 4 36386 0 39
979 36376 55 4 36441 10 65
956 36393 27 3 36468 48 75
790 36438 59 3 36527 30 89
512 36554 26 4 36580 0 26
83 36570 37 4 36617 10 47
409 36615 79 3 36696 2 81
428 36651 34 2 36730 45 79
782 36725 32 1 36762 5 37
549 36685 82 3 36844 77 159
118 36888 39 4 36927 0 39
835 37022 37 2 37059 0 37
210 37083 59 4 37142 0 59
681 37087 55 1 37197 55 110
232 37147 56 3 37253 50 106
747 37207 62 4 37315 46 108
244 37181 85 4 37400 134 219
667 37376 35 4 37435 24 59
786 37332 45 4 37480 103 148
712 37522 27 3 37549 0 27
787 37555 49 4 37604 0 49
140 37633 26 3 37659 0 26
454 37651 33 2 37692 8 41
346 37762 31 1 37793 0 31
396 37791 72 3 37865 2 74
988 37853 21 4 37886 12 33
485 37996 76 4 38072 0 76
644 38011 53 3 38125 61 114
242 38116 59 4 38184 9 68
487 38148 26 4 38210 36 62
332 38178 26 2 38236 32 58
923 38226 20 3 38256 10 30
924 38250 23 2 38279 6 29
822 38187 76 4 38355 92 168
902 38357 41 3 38398 0 41
553 38501 52 3 38553 0 52
977 38555 35 4 38590 0 35
351 38648 55 4 38703 0 55
251 38679 31 3 38734 24 55
510 38790 66 4 38856 0 66
181 39169 92 3 39261 0 92
350 39222 32 3 39293 39 71
982 39293 44 4 39337 0 44
953 39262 47 4 39384 75 122
312 39339 26 4 39410 45 71
98 39189 61 1 39471 221 282
122 39463 46 4 39517 8 54
585 39421 68 2 39585 96 164
497 39556 49 3 39634 29 78
793 39593 37 2 39671 41 78
499 39632 39 3 39710 39 78
688 39563 52 3 39762 147 199
666 39687 64 3 39826 75 139
123 39589 66 4 39892 237 303
850 39760 66 3 39958 132 198
740 39900 29 1 39987 58 87
305 39929 58 3 40045 58 116
760 40002 47 4 40092 43 90
142 40068 47 3 40139 24 71
136 39601 70 4 40209 538 608
58 39551 88 4 40297 658 746
622 40269 28 3 40325 28 56
811 40223 67 4 40392 102 169
444 40388 34 1 40426 4 38
451 40379 43 4 40469 47 90
338 40247 84 3 40553 222 306
262 40508 28 3 40581 45 73
256 40470 56 4 40637 111 167
322 40585 27 4 40664 52 79
468 39612 98 3 40762 1052 1150
885 40693 45 2 40807 69 114
839 40794 39 2 40846 13 52
523 40692 51 1 40897 154 205
102 40717 56 3 40953 180 236
888 40867 65 3 41018 86 151
158 41044 23 3 41067 0 23
247 41067 23 1 41090 0 23
38 41068 21 1 41111 22 43
779 41348 46 4 41394 0 46
143 41350 41 3 41435 44 85
937 41408 28 4 41463 27 55
918 41427 52 2 41515 36 88
165 41480 47 3 41562 35 82
415 41577 26 4 41603 0 26
932 41584 69 4 41672 19 88
69 41611 77 4 41749 61 138
128 41748 62 4 41811 1 63
363 41764 45 4 41856 47 92
520 41887 32 4 41919 0 32
783 41942 38 2 41980 0 38
190 42017 63 4 42080 0 63
394 42084 53 4 42137 0 53
111 42102 52 3 42189 35 87
983 42140 31 4 42220 49 80
219 42188 36 4 42256 32 68
751 42253 43 2 42299 3 46
728 42161 69 4 42368 138 207
310 42327 50 2 42418 41 91
344 42422 41 4 42463 0 41
238 42431 29 4 42492 32 61
467 42484 48 4 42540 8 56
77 42508 39 3 42579 32 71
226 42438 64 3 42643 141 205
498 42671 32 3 42703 0 32
182 42750 50 4 42800 0 50
356 42849 23 4 42872 0 23
849 42868 27 4 42899 4 31
613 42876 47 2 42946 23 70
840 42924 27 2 42973 22 49
459 42966 96 1 43069 7 103
814 43028 29 4 43098 41 70
686 43076 43 2 43141 22 65
274 43079 59 4 43200 62 121
980 43155 28 4 43228 45 73
425 43149 43 2 43271 79 122
421 43191 46 4 43317 80 126
597 43007 69 4 43386 310 379
469 43158 70 3 43456 228 298
665 43113 93 4 43549 343 436
131 43590 61 2 43651 0 61
465 43622 27 4 43678 29 56
318 43700 74 1 43774 0 74
882 43762 26 1 43800 12 38
784 43794 28 3 43828 6 34
567 43826 22 3 43850 2 24
548 43829 31 2 43881 21 52
778 43750 32 4 43913 131 163
386 43894 22 2 43935 19 41
946 43834 36 1 43971 101 137
735 43809 65 3 44036 162 227
539 43848 74 3 44110 188 262
253 44220 21 3 44241 0 21
905 44358 35 4 44393 0 35
404 44384 63 2 44456 9 72
993 44460 42 4 44502 0 42
265 44500 21 3 44523 2 23
220 44526 70 4 44596 0 70
541 44578 48 3 44644 18 66
167 44630 52 3 44696 14 66
574 44599 55 2 44751 97 152
336 44676 59 4 44810 75 134
584 44762 39 3 44849 48 87
197 44845 23 4 44872 4 27
669 44836 35 3 44907 36 71
971 44801 42 3 44949 106 148
263 44910 29 4 44978 39 68
71 44909 30 3 45008 69 99
753 44944 31 2 45039 64 95
695 44971 35 3 45074 68 103
14 44823 60 1 45134 251 311
301 44858 68 2 45202 276 344
345 45190 30 2 45232 12 42
218 45207 39 4 45271 25 64
132 45200 45 2 45316 71 116
472 44744 78 1 45394 572 650
725 45360 34 3 45428 34 68
466 45405 58 3 45486 23 81
834 45470 51 3 45537 16 67
815 45495 26 4 45563 42 68
985 45524 52 2 45615 39 91
542 45591 22 2 45637 24 46
59 45637 47 4 45684 0 47
245 45438 89 4 45773 246 335
639 45706 72 4 45845 67 139
633 45778 35 4 45880 67 102
628 45846 51 3 45931 34 85
470 45909 32 3 45963 22 54
70 45873 53 4 46016 90 143
1 45954 62 2 46078 62 124
309 46044 27 3 46105 34 61
817 46198 30 4 46228 0 30
619 46243 24 4 46267 0 24
389 46359 45 2 46404 0 45
339 46396 24 4 46428 8 32
184 46388 25 4 46453 40 65
895 46399 25 3 46478 54 79
381 46451 37 3 46515 27 64
900 46367 56 1 46571 148 204
464 46676 45 4 46721 0 45
371 46698 25 3 46746 23 48
682 46729 49 4 46795 17 66
717 46782 31 4 46826 13 44
563 46714 50 4 46876 112 162
593 46697 60 2 46936 179 239
625 46930 42 3 46978 6 48
44 46837 79 3 47057 141 220
528 46987 23 2 47080 70 93
950 47046 42 4 47122 34 76
198 47113 30 4 47152 9 39
90 47108 40 2 47192 44 84
947 47005 51 2 47243 187 238
645 47212 25 4 47268 31 56
170 47247 44 3 47312 21 65
171 47228 49 2 47361 84 133
830 47361 38 2 47399 0 38
243 47399 23 4 47422 0 23
883 47356 40 2 47462 66 106
616 47117 57 3 47519 345 402
164 47510 52 4 47571 9 61
397 47566 32 1 47603 5 37
610 47601 23 4 47626 2 25
626 47608 33 3 47659 18 51
489 47651 32 4 47691 8 40
940 47554 43 2 47734 137 180
554 47632 62 4 47796 102 164
806 47761 28 1 47824 35 63
27 47305 62 2 47886 519 581
689 47885 20 2 47906 1 21
393 47877 58 3 47964 29 87
18 47472 70 3 48034 492 562
796 47972 21 4 48055 62 83
605 48023 41 3 48096 32 73
776 48090 49 1 48145 6 55
422 48119 27 4 48172 26 53
25 48120 30 3 48202 52 82
412 48117 51 4 48253 85 136
948 48120 51 2 48304 133 184
491 47972 53 4 48357 332 385
731 48314 52 4 48409 43 95
513 48244 56 4 48465 165 221
367 48449 45 4 48510 16 61
392 48091 61 3 48571 419 480
942 48524 50 4 48621 47 97
347 48578 32 4 48653 43 75
726 48056 61 1 48714 597 658
693 48669 30 4 48744 45 75
217 48743 60 3 48804 1 61
228 48089 62 4 48866 715 777
52 48857 26 4 48892 9 35
741 47983 68 3 48960 909 977
460 48659 75 3 49035 301 376
10 49035 61 4 49096 0 61
440 49070 31 3 49127 26 57
959 48690 77 4 49204 437 514
458 49177 43 4 49247 27 70
670 49215 37 2 49284 32 69
453 49263 38 3 49322 21 59
668 49319 39 3 49361 3 42
761 49357 28 3 49389 4 32
476 49372 25 3 49414 17 42
234 49368 26 4 49440 46 72
569 49377 38 3 49478 63 101
773 49468 35 3 49513 10 45
987 49500 46 1 49559 13 59
456 49456 53 2 49612 103 156
385 49603 29 1 49641 9 38
203 49205 63 3 49704 436 499
679 49691 66 2 49770 13 79
135 49718 21 3 49791 52 73
651 49750 47 1 49838 41 88
150 49162 69 4 49907 676 745
621 49176 72 2 49979 731 803
646 47934 77 3 50056 2045 2122
916 50047 47 3 50103 9 56
333 50090 41 4 50144 13 54
745 50010 50 3 50194 134 184
788 50191 33 2 50227 3 36
22 50197 29 3 50256 30 59
743 50182 70 4 50326 74 144
501 47027 78 3 50404 3299 3377
268 50383 38 4 50442 21 59
337 48627 89 4 50531 1815 1904
163 48146 89 4 50620 2385 2474
60 50607 35 4 50655 13 48
449 50648 20 2 50675 7 27
257 50669 26 4 50701 6 32
120 50688 26 1 50727 13 39
514 50667 29 4 50756 60 89
233 50552 71 4 50827 204 275
860 50763 32 4 50859 64 96
427 50540 88 4 50947 319 407
91 49647 93 4 51040 1300 1393
724 51009 50 3 51090 31 81
685 51058 43 3 51133 32 75
390 51119 29 1 51162 14 43
552 51109 43 2 51205 53 96
958 51005 51 4 51256 200 251
709 51209 52 4 51308 47 99
927 51203 88 1 51396 105 193
376 51378 63 4 51459 18 81
694 48562 94 2 51553 2897 2991
662 51534 44 3 51597 19 63
92 51608 30 4 51638 0 30
211 51654 72 1 51726 0 72
364 51714 35 4 51761 12 47
909 51721 49 2 51810 40 89
193 51789 24 4 51834 21 45
192 51825 38 4 51872 9 47
382 51867 43 1 51915 5 48
674 51896 66 3 51981 19 85
225 52081 66 4 52147 0 66
898 52172 51 4 52223 0 51
871 52219 28 3 52251 4 32
802 52174 45 3 52296 77 122
896 52238 68 3 52364 58 126
525 52389 36 3 52425 0 36
359 52395 32 4 52457 30 62
544 52436 26 3 52483 21 47
343 52411 42 4 52525 72 114
509 52502 59 2 52584 23 82
352 52551 25 3 52609 33 58
235 52559 25 1 52634 50 75
33 52533 37 2 52671 101 138
89 52645 37 1 52708 26 63
634 52681 38 4 52746 27 65
866 52699 70 4 52816 47 117
774 52749 24 3 52840 67 91
41 52819 22 4 52862 21 43
276 52848 28 4 52890 14 42
558 52801 31 4 52921 89 120
891 52919 28 2 52949 2 30
630 52766 56 2 53005 183 239
303 52956 54 3 53059 49 103
566 53045 24 3 53083 14 38
951 53009 32 3 53115 74 106
812 52886 71 4 53186 229 300
575 53154 22 3 53208 32 54
991 53023 76 3 53284 185 261
746 53251 21 4 53305 33 54
827 52585 77 2 53382 720 797
358 53310 21 4 53403 72 93
306 53357 30 4 53433 46 76
28 53355 33 4 53466 78 111
475 53650 28 1 53678 0 28
729 53676 46 4 53724 2 48
608 53680 47 4 53771 44 91
680 53653 50 3 53821 118 168
799 53677 58 3 53879 144 202
757 53837 51 4 53930 42 93
765 53909 83 2 54013 21 104
486 54011 41 4 54054 2 43
411 53937 51 3 54105 117 168
42 54075 25 3 54130 30 55
239 54148 22 1 54170 0 22
353 54193 47 4 54240 0 47
413 54205 58 4 54298 35 93
658 54264 20 4 54318 34 54
620 54269 23 4 54341 49 72
596 54318 24 4 54365 23 47
638 54353 32 4 54397 12 44
291 54254 75 1 54472 143 218
636 54495 39 1 54534 0 39
442 54588 39 1 54627 0 39
939 54618 74 4 54701 9 83
113 54667 27 2 54728 34 61
67 54702 46 3 54774 26 72
482 54752 28 1 54802 22 50
391 54857 32 3 54889 0 32
752 54908 24 3 54932 0 24
853 54926 22 1 54954 6 28
78 54943 46 1 55000 11 57
704 54991 32 3 55032 9 41
254 55015 94 4 55126 17 111
275 55059 40 2 55166 67 107
934 55149 42 3 55208 17 59
63 55201 20 3 55228 7 27
535 55107 56 4 55284 121 177
488 55263 70 2 55354 21 91
294 55301 35 4 55389 53 88
714 55311 35 2 55424 78 113
976 55406 22 4 55446 18 40
540 55422 29 2 55475 24 53
48 55418 30 1 55505 57 87
692 55375 36 4 55541 130 166
176 55450 40 4 55581 91 131
527 55571 23 2 55604 10 33
845 55520 41 4 55645 84 125
201 55563 83 2 55728 82 165
856 55724 22 1 55750 4 26
969 55904 33 2 55937 0 33
832 55961 44 3 56005 0 44
349 56006 34 2 56040 0 34
564 56101 33 4 56134 0 33
998 56152 38 4 56190 0 38
194 56168 40 2 56230 22 62
777 56213 94 4 56324 17 111
241 56299 31 4 56355 25 56
478 56262 39 4 56394 93 132
117 56305 74 3 56468 89 163
851 56466 44 3 56512 2 46
968 56510 40 4 56552 2 42
434 56544 41 4 56593 8 49
326 56581 36 3 56629 12 48
108 56505 45 4 56674 124 169
180 56651 22 1 56696 23 45
759 56444 60 4 56756 252 312
212 56727 63 4 56819 29 92
908 56806 22 4 56841 13 35
43 56729 63 4 56904 112 175
95 56823 70 4 56974 81 151
189 56907 54 3 57028 67 121
592 56942 56 4 57084 86 142
560 57074 41 4 57125 10 51
304 57071 43 3 57168 54 97
867 57093 74 4 57242 75 149
576 57044 78 4 57320 198 276
320 57317 20 4 57340 3 23
949 57315 21 4 57361 25 46
664 57243 24 3 57385 118 142
125 57257 28 4 57413 128 156
360 57357 41 4 57454 56 97
530 57439 75 3 57529 15 90
831 56527 84 1 57613 1002 1086
416 56746 91 2 57704 867 958
506 57703 38 4 57742 1 39
820 57669 44 2 57786 73 117
713 57763 37 4 57823 23 60
325 57853 43 3 57896 0 43
901 57888 54 2 57950 8 62
579 57915 28 2 57978 35 63
565 57959 33 3 58011 19 52
938 57990 30 3 58041 21 51
94 58009 54 4 58095 32 86
100 58054 55 3 58150 41 96
334 58149 40 3 58190 1 41
80 58105 41 4 58231 85 126
387 57982 68 2 58299 249 317
522 58205 73 4 58372 94 167
911 58364 38 4 58410 8 46
981 58383 30 4 58440 27 57
15 58300 48 3 58488 140 188
395 58462 31 4 58519 26 57
801 58433 64 4 58583 86 150
803 57918 74 3 58657 665 739
174 58375 75 3 58732 282 357
61 58726 40 2 58772 6 46
160 58681 45 3 58817 91 136
260 58643 93 2 58910 174 267
209 58833 87 2 58997 77 164
502 58919 41 4 59038 78 119
134 58921 41 4 59079 117 158
805 58883 97 3 59176 196 293
321 59100 29 4 59205 76 105
296 59092 50 3 59255 113 163
248 59186 63 4 59318 69 132
635 59099 65 1 59383 219 284
82 59326 95 3 59478 57 152
862 59414 25 4 59503 64 89
293 59468 26 4 59529 35 61
970 59489 48 2 59577 40 88
144 59402 73 4 59650 175 248
609 59616 22 3 59672 34 56
431 59605 32 2 59704 67 99
887 59677 27 4 59731 27 54
531 59673 35 4 59766 58 93
29 59721 60 1 59826 45 105
594 59793 28 4 59854 33 61
960 59814 37 4 59891 40 77
471 59824 60 2 59951 67 127
85 59923 21 2 59972 28 49
978 59936 28 2 60000 36 64
448 59896 29 2 60029 104 133
227 60024 37 4 60066 5 42
3 60063 27 2 60093 3 30
914 60035 61 1 60154 58 119
106 59920 82 1 60236 234 316
272 60245 42 3 60287 0 42
915 60343 55 3 60398 0 55
369 60409 33 2 60442 0 33
438 60442 39 3 60481 0 39
780 60441 59 2 60540 40 99
590 60525 32 4 60572 15 47
952 60434 74 4 60646 138 212
941 60630 51 2 60697 16 67
577 60672 40 2 60737 25 65
705 60696 55 3 60792 41 96
20 60791 43 4 60835 1 44
146 60767 50 4 60885 68 118
141 60763 51 1 60936 122 173
551 60890 36 3 60972 46 82
703 60947 57 3 61029 25 82
116 60981 43 3 61072 48 91
836 61063 27 3 61099 9 36
365 61082 25 4 61124 17 42
963 61071 31 1 61155 53 84
354 61075 66 1 61221 80 146
299 60672 67 4 61288 549 616
423 60867 81 4 61369 421 502
649 61348 21 2 61390 21 42
490 60842 87 1 61477 548 635
240 61505 39 4 61544 0 39
515 61510 27 3 61571 34 61
327 61557 29 2 61600 14 43
965 61589 38 4 61638 11 49
617 61636 94 4 61732 2 96
230 61696 28 2 61760 36 64
534 61741 57 4 61817 19 76
660 61846 29 1 61875 0 29
736 61899 56 3 61955 0 56
865 61919 87 1 62042 36 123
87 61973 24 1 62066 69 93
432 61972 36 4 62102 94 130
737 61955 88 4 62190 147 235
443 62193 49 3 62242 0 49
925 62196 35 3 62277 46 81
56 62259 22 3 62299 18 40
410 62218 61 4 62360 81 142
185 62356 59 3 62419 4 63
258 62362 75 4 62494 57 132
511 62708 31 4 62739 0 31
483 62879 38 1 62917 0 38
127 62937 32 4 62969 0 32
68 62937 54 3 63023 32 86
529 63032 51 2 63083 0 51
655 63140 48 1 63188 0 48
559 63203 68 2 63271 0 68
191 63229 25 2 63296 42 67
962 63303 21 2 63324 0 21
126 63400 29 4 63429 0 29
162 63418 30 4 63459 11 41
857 63487 44 1 63531 0 44
46 63491 28 3 63559 40 68
492 63559 41 3 63600 0 41
480 63492 65 3 63665 108 173
503 63637 21 2 63686 28 49
37 63513 66 3 63752 173 239
847 63800 83 2 63883 0 83
12 63824 28 4 63911 59 87
508 63905 22 3 63933 6 28
348 63919 22 4 63955 14 36
826 63811 45 4 64000 144 189
137 63985 34 4 64034 15 49
402 64026 22 2 64056 8 30
829 63890 54 3 64110 166 220
697 64082 24 4 64134 28 52
516 64094 76 2 64210 40 116
618 64172 68 2 64278 38 106
975 64291 51 2 64342 0 51
200 64404 78 3 64482 0 78
398 64549 53 3 64602 0 53
691 64551 23 4 64625 51 74
88 64719 59 3 64778 0 59
40 64754 36 4 64814 24 60
868 64789 25 2 64839 25 50
545 64834 52 3 64891 5 57
766 64765 56 2 64947 126 182
288 64918 31 4 64978 29 60
86 64937 31 4 65009 41 72
874 64927 38 2 65047 82 120
661 64987 53 3 65100 60 113
157 65093 34 3 65134 7 41
794 64959 59 1 65193 175 234
473 65149 22 1 65215 44 66
6 64909 66 4 65281 306 372
36 65216 21 4 65302 65 86
643 65243 39 3 65341 59 98
307 65400 41 2 65441 0 41
890 65436 25 3 65466 5 30
518 65417 31 4 65497 49 80
823 65418 32 3 65529 79 111
493 65416 67 3 65596 113 180
881 65570 40 4 65636 26 66
583 65641 48 2 65689 0 48
718 65673 78 3 65767 16 94
199 65740 70 2 65837 27 97
290 65822 21 4 65858 15 36
377 65907 46 2 65953 0 46
764 66035 67 4 66102 0 67
147 66095 65 2 66167 7 72
313 66249 65 4 66314 0 65
159 66602 71 2 66673 0 71
642 66651 22 1 66695 22 44
568 66643 40 4 66735 52 92
894 66692 48 4 66783 43 91
292 66688 68 4 66851 95 163
719 66833 71 2 66922 18 89
148 66895 36 3 66958 27 63
340 66949 24 3 66982 9 33
341 66733 73 3 67055 249 322
54 67003 37 3 67092 52 89
749 67064 33 3 67125 28 61
101 67075 51 2 67176 50 101
843 67152 50 3 67226 24 74
186 67045 75 3 67301 181 256
910 67298 38 2 67339 3 41
537 67320 26 4 67365 19 45
600 67301 67 4 67432 64 131
115 67386 59 1 67491 46 105
316 67163 84 2 67575 328 412
437 67493 62 3 67637 82 144
723 66804 86 2 67723 833 919
295 67704 37 2 67760 19 56
734 67742 54 4 67814 18 72
328 67816 39 3 67855 0 39
573 67825 29 2 67884 30 59
237 67888 23 3 67911 0 23
452 68091 22 4 68113 0 22
289 68168 92 4 68260 0 92
706 68186 43 3 68303 74 117
21 68338 21 3 68359 0 21
656 68449 29 3 68478 0 29
992 68457 30 4 68508 21 51
997 68606 22 2 68628 0 22
922 68721 63 3 68784 0 63
72 68748 29 4 68813 36 65
261 68925 67 4 68992 0 67
907 69001 57 4 69058 0 57
179 69146 33 3 69179 0 33
64 69169 52 4 69231 10 62
557 69246 41 1 69287 0 41
809 69289 21 2 69310 0 21
702 69435 54 4 69489 0 54
676 69606 31 3 69637 0 31
716 69619 52 4 69689 18 70
283 69729 64 4 69793 0 64
105 69786 26 2 69819 7 33
828 70040 25 3 70065 0 25
833 70238 38 3 70276 0 38
578 70356 35 3 70391 0 35
109 70480 70 3 70550 0 70
792 70500 60 1 70610 50 110
166 70586 57 4 70667 24 81
507 70669 57 4 70726 0 57
9 70671 22 4 70748 55 77
821 70744 20 1 70768 4 24
206 70762 41 4 70809 6 47
627 70710 46 3 70855 99 145
419 70824 23 2 70878 31 54
589 70864 73 3 70951 14 87
892 70926 26 2 70977 25 51
772 70910 32 3 71009 67 99
75 71133 48 4 71181 0 48
844 71140 33 3 71214 41 74
145 71395 24 4 71419 0 24
897 71578 48 4 71626 0 48
223 71578 55 3 71681 48 103
84 71731 60 4 71791 0 60
607 71816 22 3 71838 0 22
494 71822 68 1 71906 16 84
445 71894 49 4 71955 12 61
215 71916 49 2 72004 39 88
97 72066 62 3 72128 0 62
640 72235 55 4 72290 0 55
678 72294 74 3 72368 0 74
750 72311 28 4 72396 57 85
657 72666 28 3 72694 0 28
538 72681 53 3 72747 13 66
852 72674 67 4 72814 73 140
763 72776 27 4 72841 38 65
216 72881 33 4 72914 0 33
571 72910 61 2 72975 4 65
13 73035 37 4 73072 0 37
368 73117 73 4 73190 0 73
400 73120 46 4 73236 70 116
273 73272 64 2 73336 0 64
771 73381 62 3 73443 0 62
872 73473 33 4 73506 0 33
701 73512 30 3 73542 0 30
57 73568 34 4 73602 0 34
721 73670 56 3 73726 0 56
8 73691 36 4 73762 35 71
279 73758 49 3 73811 4 53
297 73906 35 3 73941 0 35
974 73967 23 4 73990 0 23
250 74104 48 4 74152 0 48
521 74145 49 4 74201 7 56
324 74335 21 4 74356 0 21
581 74432 49 3 74481 0 49
989 74496 21 3 74517 0 21
55 74559 63 4 74622 0 63
236 74867 66 3 74933 0 66
154 74908 54 4 74987 25 79
841 74871 58 4 75045 116 174
156 74993 43 4 75088 52 95
457 75050 25 4 75113 38 63
121 75110 26 2 75139 3 29
889 75100 55 1 75194 39 94
81 75303 61 3 75364 0 61
342 75381 21 1 75402 0 21
919 75759 21 2 75780 0 21
742 75771 37 4 75817 9 46
11 75771 62 4 75879 46 108
330 75844 52 4 75931 35 87
447 75889 25 3 75956 42 67
362 76038 22 2 76060 0 22
798 76238 27 4 76265 0 27
756 76305 51 4 76356 0 51
429 76645 58 4 76703 0 58
653 76695 46 4 76749 8 54
99 76714 41 4 76790 35 76
986 76811 42 2 76853 0 42
837 76921 28 2 76949 0 28
591 77021 39 3 77060 0 39
26 77290 55 4 77345 0 55
51 77345 62 4 77407 0 62
954 77391 41 2 77448 16 57
944 77412 34 3 77482 36 70
110 77614 28 4 77642 0 28
183 78144 37 3 78181 0 37
816 78258 23 4 78281 0 23
204 78339 78 4 78417 0 78
177 78532 52 2 78584 0 52
357 79071 46 3 79117 0 46
601 79127 41 4 79168 0 41
379 79398 78 4 79476 0 78
807 79567 75 2 79642 0 75
45 79678 39 4 79717 0 39
383 80378 74 3 80452 0 74
317 80488 22 3 80510 0 22
808 80499 80 2 80590 11 91
461 80781 22 3 80803 0 22
129 80923 27 3 80950 0 27
30 80983 82 3 81065 0 82
930 81145 24 3 81169 0 24
629 81152 54 3 81223 17 71
399 81199 52 2 81275 24 76
599 81238 34 4 81309 37 71
547 82210 40 4 82250 0 40
361 82647 28 4 82675 0 28
561 82833 30 4 82863 0 30
870 83013 49 4 83062 0 49
311 83132 44 3 83176 0 44
62 83167 70 4 83246 9 79
791 83247 37 3 83284 0 37
424 83391 76 4 83467 0 76
479 83510 60 2 83570 0 60
813 83629 40 4 83669 0 40
202 83749 58 4 83807 0 58
650 83965 23 4 83988 0 23
536 83969 21 3 84009 19 40
315 83998 76 3 84085 11 87
920 84489 32 1 84521 0 32
280 84666 26 2 84692 0 26
277 84728 42 3 84770 0 42
795 84794 42 3 84836 0 42
762 84901 59 4 84960 0 59
139 85121 37 2 85158 0 37
606 85170 42 3 85212 0 42
287 85687 67 1 85754 0 67
663 85833 34 2 85867 0 34
546 85949 83 2 86032 0 83
878 86449 77 4 86526 0 77
188 86594 58 4 86652 0 58
556 86838 26 3 86864 0 26
586 87110 92 4 87202 0 92
972 87169 24 2 87226 33 57
769 87875 66 4 87941 0 66
990 87969 21 4 87990 0 21
614 88010 39 1 88049 0 39
319 88102 52 4 88154 0 52
264 88397 23 2 88420 0 23
5 88500 71 2 88571 0 71
711 88977 25 4 89002 0 25
450 89207 25 2 89232 0 25
722 89287 40 4 89327 0 40
355 89419 29 4 89448 0 29
155 89657 20 4 89677 0 20
886 90032 57 4 90089 0 57
684 90689 41 2 90730 0 41
462 91990 36 3 92026 0 36
859 92057 81 2 92138 0 81
933 93044 65 4 93109 0 65
973 93156 83 1 93239 0 83
169 93887 38 3 93925 0 38
370 94161 54 1 94215 0 54
738 94838 35 1 94873 0 35
748 95009 43 4 95052 0 43
388 95486 27 4 95513 0 27
524 96101 21 2 96122 0 21
877 97270 45 3 97315 0 45
474 97393 51 2 97444 0 51
284 99671 90 4 99761 0 90
496 100000 28 4 100028 0 28
477 100000 43 3 100071 28 71
957 100000 55 2 100126 71 126
23 100000 56 4 100182 126 182
754 100000 67 4 100249 182 249
