100569 1000 116 70
53 0 22 3 22 0 22
965 0 26 3 48 22 48
432 0 33 4 81 48 81
74 0 58 4 139 81 139
980 0 57 3 196 139 196
977 0 32 3 228 196 228
27 580 32 3 612 0 32
206 1402 27 2 1429 0 27
174 2163 67 2 2230 0 67
192 3054 67 3 3121 0 67
135 3150 53 4 3203 0 53
658 3535 58 2 3593 0 58
315 3538 73 4 3667 56 129
951 3544 74 4 3741 123 197
934 3890 37 4 3927 0 37
30 5490 52 1 5542 0 52
348 5530 67 2 5610 13 80
380 5544 21 3 5632 67 88
726 5944 24 3 5968 0 24
759 6587 20 2 6607 0 20
393 7204 53 3 7257 0 53
394 7256 77 4 7335 2 79
387 7696 33 3 7729 0 33
122 8961 38 2 8999 0 38
982 9040 40 4 9080 0 40
533 10329 37 1 10366 0 37
779 10531 56 4 10587 0 56
651 10920 47 4 10967 0 47
534 11004 26 4 11030 0 26
450 11467 39 2 11506 0 39
426 11479 22 2 11529 28 50
385 11537 23 2 11560 0 23
241 11795 48 3 11843 0 48
75 11819 55 3 11899 25 80
968 12023 62 1 12085 0 62
41 12093 23 3 12116 0 23
633 12387 32 2 12419 0 32
582 12740 29 2 12769 0 29
78 12895 66 4 12961 0 66
718 12944 69 4 13031 18 87
155 12950 36 4 13067 81 117
666 13999 33 2 14032 0 33
69 14000 58 1 14091 33 91
488 14247 44 1 14291 0 44
103 14255 50 2 14342 37 87
502 14342 21 3 14364 1 22
744 14566 21 3 14587 0 21
772 15191 67 1 15258 0 67
24 15313 40 4 15353 0 40
310 15450 37 3 15487 0 37
90 15536 48 3 15584 0 48
37 15613 27 4 15640 0 27
682 15881 41 4 15922 0 41
847 15982 39 4 16021 0 39
344 16023 61 3 16084 0 61
80 16120 59 2 16179 0 59
780 16220 37 3 16257 0 37
365 16426 37 2 16463 0 37
258 16546 38 1 16584 0 38
762 16812 49 2 16861 0 49
844 16979 61 4 17040 0 61
55 17015 21 4 17062 26 47
687 17152 70 2 17222 0 70
386 17157 71 4 17294 66 137
841 17501 47 4 17548 0 47
577 17596 37 4 17633 0 37
810 18160 44 3 18204 0 44
358 18179 74 4 18279 26 100
198 18354 35 1 18389 0 35
801 18590 57 4 18647 0 57
971 18822 20 3 18842 0 20
20 18915 46 3 18961 0 46
346 18928 48 3 19010 34 82
520 19511 54 3 19565 0 54
338 19604 31 4 19635 0 31
150 19638 24 1 19662 0 24
873 19892 37 1 19929 0 37
636 20037 25 4 20062 0 25
660 20135 46 3 20181 0 46
208 20148 45 2 20227 34 79
595 20217 43 4 20271 11 54
879 20447 49 2 20496 0 49
958 20456 21 1 20518 41 62
407 20825 52 3 20877 0 52
252 20969 78 4 21047 0 78
758 20985 38 4 21086 63 101
353 21089 20 4 21109 0 20
220 21969 26 3 21995 0 26
630 22144 26 4 22170 0 26
672 22277 37 2 22314 0 37
162 22288 71 3 22386 27 98
561 22356 85 3 22472 31 116
900 22793 55 2 22848 0 55
265 22814 30 4 22879 35 65
238 22983 41 3 23024 0 41
854 23014 53 4 23078 11 64
648 23132 28 1 23160 0 28
898 23345 28 4 23373 0 28
709 23511 67 3 23578 0 67
114 23779 35 4 23814 0 35
875 23865 43 4 23908 0 43
454 24039 81 3 24120 0 81
689 24169 49 3 24218 0 49
674 24347 24 4 24371 0 24
106 24355 31 2 24403 17 48
735 24440 89 1 24529 0 89
829 24468 28 3 24558 62 90
235 24661 57 4 24718 0 57
587 24806 40 4 24846 0 40
42 24824 25 4 24872 23 48
178 24893 25 4 24918 0 25
354 25033 22 4 25055 0 22
944 25053 51 2 25107 3 54
123 25230 32 3 25262 0 32
834 25301 50 3 25351 0 50
931 25365 47 3 25412 0 47
368 25522 25 2 25547 0 25
531 25552 43 1 25595 0 43
775 25646 71 4 25717 0 71
52 25650 28 3 25746 68 96
361 25662 51 1 25797 84 135
878 25666 22 4 25819 131 153
408 25808 88 3 25908 12 100
675 26204 23 1 26227 0 23
691 26495 53 4 26548 0 53
405 26596 22 4 26618 0 22
212 26799 65 2 26864 0 65
109 26919 57 4 26976 0 57
306 26958 30 3 27007 19 49
185 27199 46 4 27245 0 46
143 27273 36 4 27309 0 36
221 27275 31 1 27341 35 66
791 27313 53 3 27395 29 82
974 27391 35 3 27431 5 40
566 28096 57 3 28153 0 57
104 28209 36 4 28245 0 36
115 28240 23 1 28269 6 29
441 28255 22 4 28292 15 37
720 28267 65 4 28357 25 90
642 28311 31 2 28389 47 78
631 28411 86 2 28497 0 86
190 28418 56 3 28554 80 136
83 28459 57 3 28611 95 152
193 28577 22 2 28634 35 57
828 28721 47 4 28768 0 47
778 28721 74 3 28842 47 121
487 28850 23 4 28873 0 23
76 28876 21 3 28897 0 21
546 29144 21 2 29165 0 21
399 29145 45 2 29211 21 66
826 29170 35 3 29247 42 77
960 29207 53 2 29300 40 93
935 29210 58 3 29358 90 148
909 29242 27 3 29386 117 144
19 29437 24 3 29461 0 24
468 29556 23 4 29579 0 23
903 29562 24 4 29604 18 42
230 29615 48 1 29663 0 48
941 29649 48 4 29712 15 63
465 29683 22 2 29735 30 52
986 29709 39 4 29774 26 65
113 29728 28 3 29803 47 75
406 29730 75 4 29878 73 148
492 29776 64 2 29943 103 167
591 29820 24 2 29967 123 147
416 29956 45 4 30013 12 57
336 30098 28 3 30126 0 28
373 30130 82 4 30212 0 82
13 30160 28 2 30241 53 81
528 30196 85 3 30326 45 130
325 30294 63 4 30390 33 96
337 30362 47 3 30438 29 76
266 30404 94 3 30533 35 129
991 30439 63 4 30596 94 157
850 30522 52 4 30649 75 127
335 30532 27 1 30676 117 144
752 30549 26 4 30702 127 153
837 30602 25 2 30728 101 126
782 30831 68 3 30899 0 68
411 30959 61 4 31020 0 61
969 30961 72 3 31093 60 132
305 31021 44 3 31137 72 116
146 31223 77 4 31300 0 77
523 31249 55 3 31356 52 107
340 31253 50 4 31406 103 153
412 31318 36 4 31443 89 125
311 31458 23 4 31481 0 23
619 31480 47 4 31529 2 49
151 31489 22 4 31552 41 63
68 31588 87 2 31675 0 87
455 31594 56 4 31732 82 138
21 31660 44 2 31776 72 116
50 31697 31 4 31808 80 111
410 31836 37 1 31873 0 37
453 31954 73 3 32027 0 73
765 31973 34 4 32062 55 89
747 32034 23 3 32086 29 52
26 32114 28 3 32142 0 28
363 32302 53 3 32355 0 53
785 32391 47 4 32438 0 47
92 32399 33 2 32472 40 73
462 32452 24 4 32497 21 45
790 32630 26 4 32656 0 26
896 32702 73 3 32775 0 73
832 32824 62 4 32886 0 62
601 32894 27 4 32921 0 27
15 32901 45 4 32967 21 66
676 32930 31 4 32999 38 69
548 33065 37 3 33102 0 37
43 33215 41 3 33256 0 41
771 33273 40 1 33313 0 40
421 33393 49 4 33442 0 49
987 33464 30 3 33494 0 30
555 33627 25 4 33652 0 25
814 33628 31 4 33684 25 56
789 33707 46 4 33753 0 46
712 33787 24 1 33811 0 24
952 34121 34 3 34155 0 34
282 34289 21 3 34310 0 21
199 34369 44 3 34413 0 44
663 34393 58 2 34472 21 79
118 34474 58 4 34532 0 58
937 34502 65 3 34598 31 96
530 34552 37 3 34636 47 84
940 34626 66 3 34703 11 77
703 34799 23 4 34822 0 23
842 34937 65 3 35002 0 65
271 34974 73 1 35076 29 102
727 35043 35 3 35112 34 69
459 35233 56 4 35289 0 56
915 35284 22 3 35312 6 28
740 35330 68 3 35398 0 68
372 35382 46 2 35445 17 63
158 35421 79 2 35525 25 104
748 35436 26 4 35551 89 115
979 35480 46 2 35598 72 118
769 35603 29 3 35632 0 29
82 35645 85 3 35730 0 85
417 35717 51 4 35782 14 65
281 35812 67 2 35879 0 67
948 35891 42 3 35933 0 42
134 35900 79 3 36013 34 113
243 35952 56 4 36070 62 118
848 36113 62 3 36175 0 62
333 36212 92 3 36304 0 92
978 36220 57 3 36362 85 142
401 36247 36 2 36398 115 151
859 36421 54 3 36475 0 54
489 36598 31 4 36629 0 31
578 36599 53 3 36683 31 84
885 36656 47 4 36731 28 75
670 36677 35 4 36766 54 89
175 36767 25 4 36792 0 25
349 36870 35 4 36905 0 35
583 37011 30 4 37041 0 30
196 37023 52 4 37094 19 71
458 37093 26 3 37121 2 28
259 37248 22 4 37270 0 22
509 37251 32 2 37303 20 52
763 37333 73 2 37406 0 73
501 37409 32 4 37441 0 32
845 37411 75 4 37517 31 106
205 37421 71 1 37588 96 167
203 37538 81 4 37670 51 132
147 37573 36 2 37706 97 133
303 37604 39 1 37746 103 142
946 37629 26 4 37772 117 143
398 37804 45 4 37849 0 45
688 37910 42 4 37952 0 42
622 37931 27 1 37980 22 49
621 37983 36 2 38019 0 36
1 37989 69 4 38089 31 100
719 38069 26 3 38116 21 47
481 38101 65 4 38182 16 81
182 38125 57 4 38240 58 115
972 38140 35 4 38275 100 135
925 38213 21 3 38297 63 84
541 38244 41 4 38338 53 94
418 38613 51 3 38664 0 51
286 38634 26 2 38691 31 57
827 38742 73 4 38815 0 73
164 38768 27 2 38843 48 75
884 38884 36 2 38920 0 36
819 38992 53 4 39045 0 53
213 39021 47 2 39093 25 72
58 39079 23 4 39117 15 38
964 39177 22 3 39199 0 22
448 39210 31 4 39241 0 31
254 39232 37 4 39279 10 47
547 39238 97 4 39376 41 138
180 39293 62 4 39439 84 146
729 39390 37 2 39477 50 87
272 39432 51 4 39528 45 96
881 39434 36 2 39564 94 130
809 39500 44 3 39609 65 109
926 39559 51 4 39660 50 101
764 39561 27 2 39687 99 126
249 39650 47 4 39735 38 85
538 39689 61 3 39797 47 108
552 39836 33 4 39869 0 33
738 39847 41 1 39911 23 64
705 39848 71 1 39982 63 134
957 39930 29 3 40012 53 82
1000 40047 29 4 40076 0 29
543 40054 42 3 40119 23 65
483 40103 31 4 40151 17 48
662 40130 31 2 40183 22 53
773 40145 26 3 40209 38 64
116 40166 23 4 40233 44 67
273 40307 90 2 40397 0 90
218 40386 47 3 40445 12 59
8 40440 52 2 40498 6 58
961 40441 61 3 40559 57 118
289 40449 21 4 40581 111 132
815 40481 70 3 40651 100 170
602 40588 50 2 40702 64 114
746 40592 39 4 40741 110 149
510 40636 59 4 40800 105 164
236 40949 70 4 41019 0 70
690 40953 33 3 41053 67 100
921 41034 54 2 41108 20 74
594 41389 33 2 41422 0 33
447 41393 70 3 41493 30 100
467 41430 44 4 41538 64 108
724 41489 33 3 41571 49 82
173 41505 70 2 41642 67 137
415 41569 60 2 41702 73 133
710 41801 88 4 41889 0 88
849 41812 67 3 41957 78 145
452 41835 36 3 41993 122 158
184 41871 57 4 42050 122 179
754 41966 42 4 42093 85 127
490 41986 21 2 42114 107 128
928 42061 38 3 42153 54 92
167 42115 49 1 42202 38 87
99 42247 54 2 42301 0 54
904 42395 51 4 42446 0 51
998 42423 62 4 42509 24 86
342 42518 34 3 42552 0 34
895 42600 39 1 42639 0 39
962 42623 29 4 42669 17 46
893 42739 47 1 42786 0 47
628 42853 50 2 42903 0 50
526 42923 77 3 43000 0 77
667 43127 47 1 43174 0 47
984 43190 39 4 43229 0 39
993 43194 42 3 43272 36 78
105 43196 23 2 43295 76 99
479 43274 28 1 43324 22 50
989 43324 35 2 43360 1 36
45 43449 58 3 43507 0 58
515 43463 39 4 43547 45 84
297 43556 53 2 43609 0 53
617 43559 33 2 43643 51 84
366 43572 52 4 43695 71 123
267 43664 21 4 43717 32 53
911 43780 45 3 43825 0 45
620 43784 40 4 43866 42 82
463 43793 80 2 43946 73 153
157 43868 33 3 43980 79 112
883 43872 25 3 44005 108 133
865 43941 39 2 44044 64 103
860 43976 37 4 44082 69 106
211 44020 35 4 44117 62 97
102 44020 85 4 44202 97 182
499 44070 57 2 44260 133 190
129 44147 21 3 44281 113 134
508 44165 28 2 44309 116 144
562 44228 44 2 44354 82 126
343 44261 44 3 44398 93 137
64 44392 48 4 44447 7 55
821 44415 59 4 44507 33 92
916 44439 48 4 44555 68 116
128 44546 48 3 44604 10 58
650 44561 46 1 44651 44 90
669 44740 78 3 44818 0 78
506 44763 48 3 44867 56 104
929 44768 32 3 44899 99 131
664 44772 65 1 44964 127 192
597 44780 42 2 45006 184 226
702 44832 39 4 45046 175 214
868 44857 37 4 45083 189 226
838 44889 91 4 45174 194 285
733 44906 29 1 45203 268 297
656 44945 65 3 45268 258 323
152 44983 55 2 45323 285 340
326 45032 38 4 45362 292 330
287 45112 63 2 45425 250 313
539 45141 43 4 45468 284 327
643 45194 60 3 45528 274 334
556 45256 66 2 45594 272 338
673 45321 56 4 45650 273 329
299 45390 47 3 45698 261 308
786 45434 69 3 45767 264 333
475 45503 43 1 45810 264 307
268 45570 30 4 45840 240 270
781 45604 79 2 45919 236 315
390 45611 75 2 45994 308 383
918 45624 44 2 46038 370 414
5 45665 65 3 46104 374 439
572 45724 79 3 46183 380 459
153 45729 22 4 46205 454 476
57 45794 25 4 46230 411 436
389 45797 41 2 46271 433 474
476 45925 35 4 46306 346 381
485 45930 42 3 46348 376 418
629 45964 35 1 46383 384 419
356 46143 50 1 46434 241 291
17 46246 31 4 46465 188 219
224 46308 41 4 46506 157 198
560 46336 32 3 46538 170 202
970 46374 80 4 46618 164 244
222 46378 41 2 46659 240 281
579 46392 45 4 46705 268 313
293 46415 49 1 46754 290 339
161 46530 43 3 46797 224 267
753 46532 29 4 46826 265 294
262 46622 56 4 46882 204 260
125 46657 51 1 46933 225 276
665 46693 53 4 46987 241 294
525 46727 60 4 47047 260 320
36 46836 43 4 47090 211 254
495 46840 30 4 47120 250 280
327 46886 22 4 47142 234 256
604 46920 25 2 47167 222 247
914 47109 42 2 47210 59 101
355 47141 81 3 47291 69 150
988 47181 61 2 47353 111 172
831 47203 24 3 47377 150 174
422 47228 84 4 47461 149 233
686 47233 22 4 47483 228 250
40 47265 50 4 47533 218 268
435 47289 52 4 47585 244 296
350 47298 71 3 47657 288 359
770 47339 55 4 47712 318 373
49 47386 45 2 47757 326 371
474 47395 24 4 47781 362 386
237 47514 75 4 47856 267 342
639 47630 52 3 47909 227 279
25 47662 30 3 47939 247 277
341 47679 37 2 47976 260 297
214 47742 56 3 48032 234 290
889 47784 57 4 48089 248 305
565 47788 34 4 48123 301 335
623 47811 55 2 48178 312 367
7 47969 22 4 48201 210 232
882 48049 27 2 48228 152 179
11 48092 32 4 48260 136 168
301 48100 63 3 48323 160 223
12 48100 54 3 48377 223 277
527 48169 66 1 48443 208 274
867 48277 27 2 48471 167 194
445 48292 46 1 48517 179 225
219 48299 57 3 48574 218 275
767 48304 49 1 48623 270 319
570 48332 30 4 48653 291 321
605 48378 27 3 48680 275 302
580 48387 38 4 48718 293 331
250 48503 48 1 48767 216 264
377 48532 49 3 48816 235 284
603 48602 28 2 48844 214 242
404 48608 29 4 48873 236 265
352 48720 61 4 48935 154 215
14 48808 60 4 48995 127 187
419 48850 29 4 49024 145 174
787 48853 46 3 49070 171 217
70 48880 24 1 49095 191 215
913 48896 20 2 49115 199 219
846 49142 34 4 49176 0 34
384 49218 61 1 49279 0 61
145 49320 94 3 49414 0 94
661 49324 39 4 49454 91 130
745 49327 26 3 49480 127 153
120 49391 82 2 49562 89 171
945 49434 35 4 49598 129 164
62 49643 39 4 49682 0 39
700 49651 26 4 49709 32 58
640 49742 58 4 49800 0 58
156 49797 33 4 49834 4 37
933 49819 28 3 49863 16 44
85 49822 60 4 49923 41 101
478 49855 29 2 49953 69 98
923 49927 54 2 50008 27 81
201 50026 56 4 50082 0 56
671 50092 51 4 50143 0 51
645 50146 46 3 50192 0 46
290 50200 31 3 50231 0 31
892 50281 48 4 50329 0 48
981 50309 69 2 50399 21 90
698 50377 59 4 50459 23 82
48 50438 27 1 50487 22 49
291 50444 32 4 50519 43 75
35 50477 82 3 50602 43 125
615 50532 40 3 50643 71 111
139 50684 33 3 50717 0 33
2 50700 69 4 50787 18 87
897 50758 59 4 50847 30 89
339 50787 62 3 50909 60 122
317 50817 23 4 50933 93 116
646 50870 54 1 50987 63 117
204 50872 72 1 51059 115 187
87 50916 21 4 51081 144 165
514 50917 27 1 51108 164 191
907 50942 86 4 51194 166 252
722 51006 37 4 51231 188 225
439 51109 39 2 51271 123 162
396 51172 87 4 51358 99 186
400 51247 43 3 51402 112 155
634 51318 63 3 51465 84 147
835 51443 40 2 51506 23 63
890 51492 78 3 51585 15 93
163 51513 37 4 51623 73 110
278 51802 31 2 51833 0 31
973 51830 31 2 51865 4 35
33 51979 78 4 52057 0 78
18 52010 26 3 52084 48 74
277 52147 29 4 52176 0 29
461 52163 86 4 52263 14 100
71 52426 73 3 52499 0 73
126 52432 82 4 52582 68 150
89 52476 35 4 52617 106 141
553 52485 37 3 52654 132 169
247 52513 41 3 52696 142 183
294 52540 44 4 52740 156 200
464 52653 31 4 52771 87 118
314 52656 59 3 52831 116 175
983 52667 26 2 52857 164 190
240 52743 21 4 52878 114 135
511 52803 23 2 52902 76 99
939 52826 26 1 52928 76 102
10 52845 35 1 52963 83 118
864 52848 33 3 52996 115 148
505 52955 41 4 53038 42 83
644 52976 28 3 53066 62 90
197 52998 30 3 53097 69 99
345 53085 43 3 53141 13 56
97 53187 26 4 53213 0 26
449 53264 22 2 53286 0 22
637 53279 36 4 53323 8 44
322 53335 46 4 53381 0 46
347 53414 48 3 53462 0 48
500 53418 45 2 53508 45 90
922 53451 30 4 53538 57 87
679 53508 68 4 53607 31 99
256 53527 28 2 53635 80 108
84 53594 69 4 53705 42 111
609 53622 54 2 53759 83 137
870 53685 72 4 53832 75 147
985 53796 70 2 53903 37 107
652 53829 46 3 53949 74 120
136 53903 85 2 54035 47 132
285 53955 26 1 54062 81 107
423 53958 43 2 54105 104 147
950 54000 29 1 54134 105 134
4 54116 73 4 54208 19 92
613 54129 51 4 54259 79 130
132 54137 64 3 54324 123 187
245 54185 49 3 54373 139 188
641 54188 35 2 54408 185 220
794 54208 61 3 54469 200 261
93 54297 45 2 54515 173 218
855 54323 70 4 54585 192 262
862 54373 31 2 54616 212 243
568 54374 59 1 54675 242 301
777 54433 29 1 54704 242 271
544 54656 35 1 54740 49 84
229 54724 72 3 54813 17 89
51 54744 84 4 54898 70 154
927 54839 67 3 54966 60 127
571 54920 36 4 55003 47 83
187 55012 91 4 55103 0 91
681 55031 64 2 55168 73 137
442 55087 79 4 55247 81 160
559 55177 24 3 55272 71 95
63 55259 54 1 55327 14 68
223 55334 51 1 55385 0 51
31 55335 49 3 55435 51 100
953 55369 28 2 55463 66 94
992 55386 49 3 55512 77 126
331 55404 20 4 55533 109 129
39 55416 54 3 55587 117 171
330 55421 62 3 55649 166 228
886 55423 23 4 55672 226 249
798 55594 42 4 55715 79 121
3 55625 33 2 55748 90 123
484 55647 26 1 55774 101 127
936 55653 25 3 55799 121 146
232 55680 36 2 55836 120 156
955 55707 26 4 55862 129 155
73 55719 59 2 55921 143 202
141 55727 43 4 55964 194 237
843 55743 46 4 56010 221 267
654 55747 21 2 56031 263 284
351 55766 39 1 56070 265 304
818 55793 41 4 56111 277 318
788 55828 21 3 56133 284 305
251 55861 78 3 56211 272 350
949 55865 34 4 56245 346 380
521 55939 32 2 56277 306 338
536 55952 38 4 56315 325 363
98 55965 68 2 56383 350 418
761 56091 22 3 56405 292 314
312 56131 24 3 56430 275 299
742 56158 53 2 56483 272 325
263 56165 63 4 56546 318 381
649 56166 28 2 56574 380 408
160 56244 60 4 56634 330 390
999 56249 23 3 56657 385 408
444 56361 21 4 56678 296 317
997 56482 32 4 56711 197 229
321 56530 43 3 56754 181 224
392 56534 29 3 56783 220 249
491 56596 26 4 56809 187 213
413 56602 39 3 56848 207 246
808 56618 21 3 56869 230 251
67 56658 39 2 56908 211 250
659 56695 43 4 56952 214 257
29 56719 36 3 56988 233 269
517 56798 72 2 57060 190 262
209 56931 30 2 57091 130 160
264 56934 24 1 57115 157 181
805 56955 26 2 57141 160 186
107 56988 45 3 57186 153 198
550 56991 63 2 57249 195 258
497 57081 44 2 57294 169 213
172 57098 45 3 57339 196 241
88 57098 28 2 57367 241 269
364 57176 57 4 57424 191 248
470 57307 35 4 57460 118 153
138 57342 26 4 57486 118 144
917 57355 26 4 57512 131 157
784 57355 22 2 57534 157 179
284 57369 48 3 57582 165 213
906 57445 38 3 57621 138 176
260 57516 25 2 57646 105 130
657 57524 31 3 57677 122 153
22 57528 72 3 57749 149 221
329 57563 31 4 57780 186 217
516 57575 36 4 57816 205 241
121 57678 20 3 57837 139 159
140 57696 46 1 57883 141 187
149 57784 64 3 57947 99 163
522 57810 61 2 58008 137 198
226 57850 47 4 58056 159 206
280 57932 44 2 58100 124 168
171 58009 48 2 58148 91 139
244 58059 59 2 58208 90 149
861 58069 36 3 58244 139 175
65 58070 41 2 58285 174 215
369 58140 78 3 58363 145 223
409 58201 50 3 58414 163 213
880 58252 31 2 58445 162 193
34 58338 43 3 58488 107 150
72 58360 94 3 58582 128 222
632 58401 36 1 58619 182 218
959 58508 69 4 58688 111 180
598 58603 53 3 58742 86 139
133 58621 49 3 58791 121 170
466 58626 38 2 58829 165 203
990 58667 21 1 58850 162 183
899 58707 20 4 58871 144 164
872 58730 71 3 58942 141 212
111 58799 70 4 59012 143 213
186 58838 40 4 59052 174 214
910 58891 22 4 59075 162 184
142 58897 83 2 59158 178 261
434 58995 29 3 59187 163 192
94 59042 59 4 59246 145 204
427 59074 59 4 59306 173 232
537 59085 25 3 59331 221 246
943 59117 33 1 59364 214 247
558 59171 38 4 59402 193 231
154 59410 47 4 59457 0 47
694 59416 44 2 59502 42 86
593 59589 75 3 59664 0 75
796 59603 33 2 59698 62 95
374 59679 49 4 59748 20 69
357 59687 47 4 59795 61 108
323 59783 27 4 59823 13 40
797 59913 34 4 59947 0 34
183 59925 40 4 59988 23 63
402 59938 33 4 60021 50 83
626 59942 75 4 60096 79 154
519 59948 33 2 60129 148 181
737 60135 26 2 60161 0 26
869 60182 38 4 60220 0 38
225 60192 21 3 60242 29 50
23 60294 68 2 60362 0 68
721 60311 74 3 60437 52 126
549 60406 24 4 60462 32 56
803 60409 67 4 60529 53 120
101 60430 39 3 60568 99 138
469 60458 50 1 60619 111 161
731 60542 49 1 60668 77 126
443 60668 21 4 60690 1 22
431 60683 66 3 60757 8 74
328 60743 56 4 60814 15 71
159 60799 48 3 60863 16 64
954 60801 56 3 60919 62 118
711 60822 23 4 60943 98 121
233 60834 43 4 60986 109 152
755 60895 27 1 61013 91 118
176 60944 62 3 61076 70 132
296 61070 46 4 61123 7 53
840 61071 79 4 61202 52 131
713 61074 67 4 61269 128 195
963 61106 22 4 61292 164 186
215 61184 54 3 61346 108 162
811 61186 62 1 61408 160 222
428 61225 22 2 61430 183 205
800 61262 38 3 61468 168 206
994 61394 50 3 61519 75 125
804 61485 60 2 61580 35 95
624 61531 25 4 61606 50 75
95 61549 27 4 61633 57 84
956 61586 26 3 61660 48 74
170 61619 67 4 61727 41 108
496 61753 54 3 61807 0 54
189 61800 73 2 61881 8 81
100 61840 54 2 61936 42 96
638 61869 29 3 61965 67 96
793 61875 62 3 62027 90 152
749 61909 71 4 62099 119 190
606 62037 90 3 62190 63 153
246 62041 45 4 62235 149 194
584 62062 66 3 62301 173 239
320 62076 20 2 62321 225 245
807 62152 70 3 62392 170 240
586 62205 50 4 62442 187 237
54 62434 30 1 62473 9 39
165 62496 78 4 62574 0 78
795 62593 63 4 62656 0 63
216 62849 86 3 62935 0 86
227 62931 80 4 63016 5 85
853 63103 82 4 63185 0 82
79 63157 85 4 63271 29 114
270 63176 90 2 63361 95 185
482 63289 45 3 63407 73 118
436 63323 43 4 63450 84 127
714 63389 28 3 63479 62 90
179 63479 31 3 63511 1 32
610 63487 54 2 63566 25 79
967 63489 45 4 63611 77 122
535 63509 31 4 63642 102 133
942 63642 25 3 63668 1 26
876 63701 40 4 63741 0 40
717 63746 30 4 63776 0 30
715 63808 26 3 63834 0 26
585 63890 60 1 63950 0 60
863 63917 24 3 63975 34 58
806 63992 40 3 64032 0 40
966 64089 51 3 64140 0 51
581 64092 34 4 64175 49 83
894 64131 34 4 64209 44 78
397 64186 92 1 64302 24 116
379 64206 85 2 64387 96 181
166 64210 32 3 64419 177 209
573 64304 67 4 64487 116 183
596 64310 49 1 64536 177 226
316 64405 30 3 64566 131 161
168 64413 24 4 64590 153 177
319 64651 26 4 64677 0 26
446 64805 76 3 64881 0 76
588 64806 59 4 64941 76 135
685 64817 45 4 64986 124 169
766 65018 48 4 65066 0 48
112 65059 26 2 65093 8 34
557 65147 32 3 65179 0 32
257 65184 34 4 65218 0 34
304 65475 32 4 65507 0 32
616 65512 25 4 65537 0 25
756 65618 77 3 65695 0 77
332 65623 21 3 65717 73 94
776 65678 46 4 65763 39 85
60 65711 83 4 65847 53 136
739 65759 33 3 65880 88 121
792 65787 77 4 65958 94 171
812 65885 52 2 66011 74 126
734 65985 27 3 66039 27 54
438 66076 27 3 66103 0 27
723 66102 48 2 66152 2 50
242 66110 21 3 66174 43 64
701 66135 39 1 66213 39 78
295 66224 34 3 66258 0 34
858 66350 58 3 66408 0 58
169 66357 52 4 66461 52 104
148 66433 62 3 66524 29 91
614 66545 29 4 66574 0 29
612 66592 27 4 66619 0 27
611 66763 69 3 66832 0 69
381 66833 56 4 66889 0 56
376 66874 26 4 66916 16 42
504 66901 47 3 66964 16 63
359 66903 33 1 66997 61 94
255 66924 54 3 67052 74 128
524 66943 45 3 67097 109 154
680 66960 33 4 67130 137 170
822 66964 58 2 67188 166 224
239 67077 36 2 67225 112 148
276 67402 23 3 67425 0 23
551 67412 24 2 67450 14 38
309 67431 27 4 67478 20 47
283 67463 39 1 67518 16 55
191 67468 28 1 67546 50 78
704 67557 74 3 67631 0 74
414 67608 35 4 67667 24 59
228 67738 74 4 67812 0 74
743 67743 34 4 67847 70 104
9 67771 28 2 67875 76 104
697 67829 64 2 67940 47 111
370 67838 49 4 67989 102 151
420 67867 38 4 68027 122 160
288 67937 90 3 68118 91 181
919 67984 22 2 68140 134 156
820 68093 25 4 68166 48 73
383 68102 29 3 68195 64 93
253 68142 27 4 68223 54 81
768 68158 20 1 68243 65 85
707 68214 34 4 68278 30 64
503 68297 41 4 68338 0 41
825 68430 39 4 68469 0 39
437 68528 77 4 68605 0 77
684 68530 77 3 68683 76 153
440 68879 39 2 68918 0 39
518 68914 32 4 68951 5 37
217 68966 62 3 69028 0 62
891 69001 22 2 69051 28 50
472 69006 54 4 69105 45 99
177 69132 37 3 69169 0 37
932 69153 23 3 69193 17 40
32 69226 30 3 69256 0 30
66 69276 41 1 69317 0 41
430 69307 86 1 69404 11 97
618 69409 32 3 69441 0 32
207 69471 41 2 69512 0 41
457 69496 43 1 69556 17 60
127 69752 42 4 69794 0 42
318 69754 27 2 69822 41 68
486 69775 49 2 69871 47 96
202 69938 30 3 69968 0 30
871 69955 41 4 70010 14 55
378 70005 38 3 70049 6 44
938 70059 78 4 70137 0 78
839 70153 26 2 70179 0 26
371 70222 54 4 70276 0 54
477 70349 48 3 70397 0 48
460 70414 96 3 70510 0 96
728 70601 77 3 70678 0 77
874 70652 37 2 70716 27 64
513 70667 60 4 70776 49 109
292 70784 76 4 70860 0 76
683 70834 44 2 70905 27 71
234 70845 41 3 70946 60 101
653 70883 33 4 70980 64 97
261 71043 27 4 71070 0 27
334 71287 67 3 71354 0 67
545 71370 34 4 71404 0 34
47 71424 33 4 71457 0 33
6 71520 30 2 71550 0 30
725 71604 26 1 71630 0 26
248 71716 40 4 71756 0 40
61 71855 32 2 71887 0 32
930 71924 41 4 71965 0 41
144 72024 23 2 72047 0 23
996 72178 58 3 72236 0 58
760 72336 27 1 72363 0 27
824 72480 20 3 72500 0 20
307 72600 40 3 72640 0 40
274 72620 56 2 72697 21 77
696 72862 26 4 72888 0 26
108 72943 32 1 72975 0 32
308 72970 60 2 73036 6 66
554 73014 28 4 73065 23 51
647 73032 59 2 73124 33 92
117 73138 63 3 73201 0 63
625 73188 54 2 73256 14 68
833 73189 49 2 73305 67 116
181 73200 49 4 73354 105 154
783 73293 85 4 73440 62 147
124 73630 66 4 73696 0 66
375 73693 49 2 73746 4 53
692 73767 26 2 73793 0 26
388 73833 36 4 73869 0 36
635 73876 34 4 73910 0 34
77 74097 29 4 74126 0 29
830 74292 30 3 74322 0 30
231 74343 21 2 74364 0 21
912 74370 21 3 74391 0 21
836 74492 42 4 74534 0 42
391 74570 79 4 74649 0 79
677 74724 62 3 74786 0 62
456 74761 35 3 74822 26 61
599 74791 81 1 74904 32 113
567 74819 48 1 74952 85 133
706 74848 46 4 74999 105 151
279 75070 28 3 75098 0 28
59 75364 90 4 75454 0 90
574 75413 56 4 75511 42 98
529 75529 63 3 75592 0 63
275 75720 71 4 75791 0 71
451 75769 76 3 75868 23 99
564 75795 25 3 75894 74 99
655 75838 22 4 75916 56 78
110 75876 96 3 76013 41 137
425 75900 51 4 76064 113 164
816 75951 23 4 76088 114 137
668 76011 66 3 76154 77 143
137 76399 56 3 76455 0 56
200 76567 31 3 76598 0 31
91 76657 23 3 76680 0 23
56 76702 70 3 76772 0 70
324 76906 48 2 76954 0 48
532 77028 53 1 77081 0 53
799 77093 66 4 77159 0 66
976 77123 43 2 77203 37 80
360 77134 56 4 77259 69 125
902 77162 26 4 77286 98 124
905 77260 49 4 77335 26 75
130 77312 21 4 77357 24 45
741 77331 32 2 77389 26 58
424 77453 53 4 77506 0 53
975 77474 68 2 77575 33 101
802 77667 58 4 77725 0 58
757 77761 71 3 77832 0 71
887 77801 60 4 77893 32 92
678 77814 31 4 77924 79 110
403 78006 63 3 78069 0 63
908 78104 35 2 78139 0 35
823 78263 52 4 78315 0 52
298 78277 68 1 78384 39 107
429 78292 32 3 78416 92 124
995 78727 27 4 78754 0 27
920 78767 22 4 78789 0 22
395 78843 90 2 78933 0 90
300 78846 85 2 79019 88 173
866 78885 64 4 79083 134 198
901 78908 56 3 79139 175 231
857 79099 24 4 79164 41 65
362 79122 79 1 79243 42 121
732 79246 30 3 79276 0 30
851 79856 43 3 79899 0 43
716 79908 24 2 79932 0 24
96 80075 26 2 80101 0 26
302 80178 32 4 80210 0 32
699 80226 52 3 80278 0 52
693 80235 39 4 80318 44 83
852 80724 21 4 80745 0 21
382 80761 52 1 80813 0 52
751 80796 26 4 80840 18 44
473 81049 61 4 81110 0 61
877 81125 30 4 81155 0 30
627 81262 33 4 81295 0 33
888 81883 52 2 81935 0 52
16 82192 29 1 82221 0 29
708 82803 46 4 82849 0 46
576 82881 26 4 82907 0 26
86 83172 20 4 83192 0 20
600 83352 75 4 83427 0 75
433 83438 38 2 83476 0 38
210 83572 34 3 83606 0 34
736 83776 51 3 83827 0 51
608 84033 32 1 84065 0 32
774 84660 22 3 84682 0 22
750 84857 48 3 84905 0 48
856 85289 47 3 85336 0 47
367 86176 21 3 86197 0 21
188 87162 37 3 87199 0 37
498 87613 28 4 87641 0 28
28 88072 74 4 88146 0 74
313 88187 62 4 88249 0 62
813 88595 37 4 88632 0 37
44 88913 36 4 88949 0 36
575 89512 63 2 89575 0 63
924 89607 82 4 89689 0 82
695 89654 35 4 89725 36 71
607 90327 63 2 90390 0 63
563 90965 61 1 91026 0 61
592 91026 61 2 91088 1 62
493 91206 29 4 91235 0 29
569 91277 44 3 91321 0 44
131 93029 36 2 93065 0 36
590 93277 42 4 93319 0 42
480 93525 21 4 93546 0 21
540 94445 60 3 94505 0 60
81 95248 49 4 95297 0 49
512 95496 68 3 95564 0 68
817 96017 42 2 96059 0 42
947 99309 61 4 99370 0 61
494 99670 60 1 99730 0 60
471 100000 50 3 100050 0 50
119 100000 93 3 100143 50 143
507 100000 20 4 100163 143 163
589 100000 55 2 100218 163 218
269 100000 55 1 100273 218 273
194 100000 66 4 100339 273 339
730 100000 30 3 100369 339 369
38 100000 38 3 100407 369 407
195 100000 56 4 100463 407 463
542 100000 58 4 100521 463 521
46 100000 48 1 100569 521 569
