100318 1000 4203 4131
680 0 61 2 61 0 61
646 0 71 4 132 61 132
565 0 71 2 203 132 203
234 0 76 4 279 203 279
905 0 82 4 361 279 361
713 0 85 2 446 361 446
174 0 95 2 541 446 541
434 1230 93 1 1323 0 93
730 1637 63 1 1700 0 63
359 2479 82 3 2561 0 82
372 4906 98 4 5004 0 98
923 4954 75 2 5079 50 125
270 6128 80 1 6208 0 80
527 6531 100 4 6631 0 100
413 7151 91 4 7242 0 91
327 7715 40 4 7755 0 40
341 7927 94 4 8021 0 94
654 8044 79 3 8123 0 79
661 8050 52 4 8175 73 125
101 9080 87 3 9167 0 87
647 9219 69 3 9288 0 69
537 9884 85 3 9969 0 85
102 9927 81 4 10050 42 123
246 10040 72 3 10122 10 82
548 11267 84 1 11351 0 84
891 11335 60 4 11411 16 76
669 12177 94 4 12271 0 94
338 12851 94 3 12945 0 94
655 12913 94 2 13039 32 126
206 13028 72 4 13111 11 83
990 13295 80 4 13375 0 80
553 13496 78 1 13574 0 78
741 13704 99 3 13803 0 99
758 13726 81 1 13884 77 158
888 13727 100 2 13984 157 257
545 13972 79 2 14063 12 91
334 14196 61 3 14257 0 61
247 14198 54 3 14311 59 113
126 14295 91 1 14402 16 107
58 14323 43 4 14445 79 122
124 15167 78 1 15245 0 78
146 15668 65 2 15733 0 65
642 15902 54 3 15956 0 54
88 16131 70 4 16201 0 70
84 16514 76 4 16590 0 76
759 16571 84 2 16674 19 103
22 16823 78 3 16901 0 78
760 17023 100 4 17123 0 100
550 17559 55 3 17614 0 55
834 18260 88 3 18348 0 88
869 18455 83 3 18538 0 83
842 18536 89 4 18627 2 91
697 18669 91 3 18760 0 91
201 18809 95 4 18904 0 95
142 18872 34 2 18938 32 66
505 18852 76 4 19014 86 162
335 18838 90 2 19104 176 266
44 19189 53 4 19242 0 53
498 19388 93 3 19481 0 93
878 19489 58 3 19547 0 58
9 19616 54 1 19670 0 54
814 19709 77 4 19786 0 77
388 19932 99 4 20031 0 99
621 20270 59 4 20329 0 59
971 20660 76 3 20736 0 76
289 21229 98 3 21327 0 98
651 21511 83 2 21594 0 83
701 21620 43 3 21663 0 43
420 21849 90 3 21939 0 90
161 22000 60 2 22060 0 60
35 22338 87 3 22425 0 87
321 22546 83 2 22629 0 83
589 22670 60 2 22730 0 60
205 22675 35 2 22765 55 90
357 22796 59 4 22855 0 59
573 22916 66 3 22982 0 66
192 23393 78 4 23471 0 78
909 23517 80 3 23597 0 80
801 23527 49 1 23646 70 119
636 23599 68 3 23714 47 115
575 23708 53 4 23767 6 59
720 23757 73 3 23840 10 83
706 23579 74 4 23914 261 335
695 23763 85 4 23999 151 236
81 23575 93 2 24092 424 517
62 24027 77 4 24169 65 142
100 24143 50 3 24219 26 76
797 24006 85 3 24304 213 298
398 24098 85 2 24389 206 291
290 24315 83 3 24472 74 157
32 24438 62 3 24534 34 96
376 24518 76 3 24610 16 92
861 24607 87 3 24697 3 90
588 24429 88 1 24785 268 356
144 24222 94 3 24879 563 657
851 24624 98 3 24977 255 353
660 24915 59 4 25036 62 121
596 24955 69 3 25105 81 150
910 25064 59 3 25164 41 100
272 24883 78 2 25242 281 359
138 24055 99 2 25341 1187 1286
936 25314 80 4 25421 27 107
745 25541 91 4 25632 0 91
122 25590 39 3 25671 42 81
668 25679 68 3 25747 0 68
211 25776 98 4 25874 0 98
749 25965 93 1 26058 0 93
275 26103 41 4 26144 0 41
976 26133 73 4 26217 11 84
935 26217 85 4 26302 0 85
643 26244 86 1 26388 58 144
29 26276 88 3 26476 112 200
427 26329 89 3 26565 147 236
177 26511 87 3 26652 54 141
92 26573 70 4 26722 79 149
992 26442 91 3 26813 280 371
940 26723 28 1 26841 90 118
428 26771 82 3 26923 70 152
465 26288 96 4 27019 635 731
18 27017 43 4 27062 2 45
508 26236 96 3 27158 826 922
559 27071 52 4 27210 87 139
950 27243 59 2 27302 0 59
180 27326 96 1 27422 0 96
128 27406 54 3 27476 16 70
820 27492 52 4 27544 0 52
469 27586 100 4 27686 0 100
723 27682 43 2 27729 4 47
751 27598 46 3 27775 131 177
231 27988 61 4 28049 0 61
942 28073 74 3 28147 0 74
217 28091 33 3 28180 56 89
116 28158 29 3 28209 22 51
996 28298 77 3 28375 0 77
667 28394 53 2 28447 0 53
57 28468 72 4 28540 0 72
320 28511 30 3 28570 29 59
665 28524 71 3 28641 46 117
415 28883 59 2 28942 0 59
985 29082 98 2 29180 0 98
456 29184 80 4 29264 0 80
871 29335 54 4 29389 0 54
591 29409 43 3 29452 0 43
832 29551 46 4 29597 0 46
418 29591 62 3 29659 6 68
256 29614 92 4 29751 45 137
437 29668 96 1 29847 83 179
30 29868 60 3 29928 0 60
176 30084 82 2 30166 0 82
609 30099 59 4 30225 67 126
649 30133 67 4 30292 92 159
225 30422 89 4 30511 0 89
316 30611 64 4 30675 0 64
251 30637 96 4 30771 38 134
855 30679 68 2 30839 92 160
269 30805 55 4 30894 34 89
404 30886 39 4 30933 8 47
539 30822 62 4 30995 111 173
310 30854 76 2 31071 141 217
903 30999 79 4 31150 72 151
860 31017 89 4 31239 133 222
156 31215 48 3 31287 24 72
382 30698 91 4 31378 589 680
178 31182 92 4 31470 196 288
323 31436 70 2 31540 34 104
432 31396 74 1 31614 144 218
349 31778 92 4 31870 0 92
77 31783 96 3 31966 87 183
112 31990 72 3 32062 0 72
908 32057 76 1 32138 5 81
793 32024 81 3 32219 114 195
785 32176 41 2 32260 43 84
406 32146 86 3 32346 114 200
189 32304 40 3 32386 42 82
218 32280 45 4 32431 106 151
186 32457 49 4 32506 0 49
608 32499 68 2 32574 7 75
175 32586 72 3 32658 0 72
60 32618 79 2 32737 40 119
453 32727 75 3 32812 10 85
106 32808 65 4 32877 4 69
731 32825 49 4 32926 52 101
66 32857 68 2 32994 69 137
858 32938 74 4 33068 56 130
726 33055 51 4 33119 13 64
165 33087 71 3 33190 32 103
24 33131 65 2 33255 59 124
614 33200 46 4 33301 55 101
89 32936 76 2 33377 365 441
906 33347 78 4 33455 30 108
790 33034 80 2 33535 421 501
68 33307 83 3 33618 228 311
346 33590 42 3 33660 28 70
927 33468 85 4 33745 192 277
20 32796 88 4 33833 949 1037
904 33795 38 2 33871 38 76
603 33550 91 4 33962 321 412
912 33919 56 3 34018 43 99
830 34016 96 3 34114 2 98
150 32951 96 1 34210 1163 1259
769 34237 96 3 34333 0 96
564 34247 53 3 34386 86 139
533 34385 69 1 34455 1 70
616 34400 38 4 34493 55 93
581 34409 70 4 34563 84 154
300 34515 78 1 34641 48 126
617 34595 69 3 34710 46 115
807 34660 73 4 34783 50 123
998 34459 81 4 34864 324 405
452 34848 45 2 34909 16 61
159 34825 52 1 34961 84 136
607 34917 29 3 34990 44 73
859 34961 52 4 35042 29 81
977 34805 61 3 35103 237 298
981 34859 69 2 35172 244 313
620 35133 75 4 35247 39 114
145 34996 76 3 35323 251 327
943 35289 29 3 35352 34 63
228 35152 85 3 35437 200 285
319 35357 72 3 35509 80 152
17 34851 88 3 35597 658 746
816 35576 79 2 35676 21 100
711 34866 89 1 35765 810 899
405 35736 32 4 35797 29 61
426 35257 93 3 35890 540 633
961 35883 40 4 35930 7 47
487 35921 61 3 35991 9 70
517 35940 72 4 36063 51 123
737 35948 83 3 36146 115 198
699 34927 94 3 36240 1219 1313
702 35744 95 1 36335 496 591
337 36266 82 4 36417 69 151
16 36385 73 3 36490 32 105
240 36390 75 4 36565 100 175
847 36534 47 4 36612 31 78
773 36395 76 4 36688 217 293
255 36636 70 2 36758 52 122
40 36689 53 3 36811 69 122
366 36730 65 3 36876 81 146
410 36648 77 1 36953 228 305
696 36923 65 4 37018 30 95
351 37006 42 4 37060 12 54
99 36997 49 4 37109 63 112
600 37048 65 1 37174 61 126
166 37142 46 2 37220 32 78
753 37191 50 3 37270 29 79
69 37251 59 3 37329 19 78
364 37131 69 3 37398 198 267
258 37353 60 4 37458 45 105
703 37189 71 4 37529 269 340
179 37474 56 1 37585 55 111
114 37119 71 1 37656 466 537
36 37620 71 4 37727 36 107
51 37182 75 3 37802 545 620
988 36356 79 2 37881 1446 1525
619 36244 82 3 37963 1637 1719
367 37924 57 1 38020 39 96
318 37989 72 3 38092 31 103
480 38072 58 2 38150 20 78
733 37893 76 2 38226 257 333
722 38184 31 1 38257 42 73
907 38166 60 2 38317 91 151
216 38307 55 2 38372 10 65
485 36250 83 3 38455 2122 2205
294 37324 84 3 38539 1131 1215
403 37747 87 1 38626 792 879
468 38557 59 2 38685 69 128
727 38645 67 2 38752 40 107
252 38655 73 2 38825 97 170
28 38820 64 2 38889 5 69
87 38816 80 4 38969 73 153
417 38901 57 4 39026 68 125
5 38945 74 3 39100 81 155
917 39073 72 4 39172 27 99
503 39154 70 4 39242 18 88
110 39198 24 4 39266 44 68
987 39177 67 4 39333 89 156
331 39294 32 2 39365 39 71
653 39081 76 4 39441 284 360
750 39415 36 4 39477 26 62
938 38921 76 3 39553 556 632
171 39541 79 4 39632 12 91
401 39567 57 2 39689 65 122
499 39560 71 1 39760 129 200
279 39750 59 2 39819 10 69
580 39564 72 4 39891 255 327
561 39842 45 3 39936 49 94
271 39914 34 4 39970 22 56
792 39820 50 2 40020 150 200
640 39957 52 3 40072 63 115
633 40062 58 1 40130 10 68
663 39932 66 4 40196 198 264
232 39928 67 4 40263 268 335
893 40254 38 3 40301 9 47
779 40229 52 3 40353 72 124
313 40226 56 2 40409 127 183
478 39619 72 4 40481 790 862
70 40420 63 4 40544 61 124
721 40526 63 4 40607 18 81
358 40445 63 1 40670 162 225
353 40360 80 3 40750 310 390
592 39339 80 2 40830 1411 1491
105 40810 33 4 40863 20 53
958 40844 52 3 40915 19 71
460 40907 53 4 40968 8 61
117 40954 47 3 41015 14 61
429 41010 57 4 41072 5 62
944 41029 31 4 41103 43 74
685 41089 29 4 41132 14 43
949 40843 69 2 41201 289 358
392 41186 66 3 41267 15 81
766 40945 73 2 41340 322 395
482 40837 80 4 41420 503 583
757 41401 75 3 41495 19 94
876 41269 80 4 41575 226 306
999 38816 81 4 41656 2759 2840
689 41593 65 2 41721 63 128
292 41670 77 3 41798 51 128
693 41733 83 4 41881 65 148
449 41810 55 3 41936 71 126
149 41866 60 4 41996 70 130
692 41944 48 1 42044 52 100
881 41914 66 4 42110 130 196
254 42098 44 4 42154 12 56
281 41976 76 4 42230 178 254
396 42061 79 4 42309 169 248
901 42271 72 3 42381 38 110
833 42367 79 3 42460 14 93
837 42444 49 3 42509 16 65
37 42206 82 3 42591 303 385
628 42582 46 1 42637 9 55
295 42579 66 4 42703 58 124
712 39694 84 4 42787 3009 3093
137 38694 86 4 42873 4093 4179
529 42790 69 3 42942 83 152
21 42882 24 3 42966 60 84
826 40804 86 4 43052 2162 2248
786 43027 55 4 43107 25 80
250 43091 55 4 43162 16 71
765 43133 50 4 43212 29 79
823 41850 86 4 43298 1362 1448
563 40306 86 3 43384 2992 3078
244 43325 57 4 43441 59 116
25 43395 60 1 43501 46 106
181 43468 75 3 43576 33 108
120 43539 63 4 43639 37 100
423 43601 40 4 43679 38 78
982 40996 86 3 43765 2683 2769
53 43692 47 4 43812 73 120
883 43762 54 4 43866 50 104
94 43681 54 3 43920 185 239
265 43851 73 2 43993 69 142
623 43820 78 3 44071 173 251
208 43883 85 3 44156 188 273
854 44121 80 4 44236 35 115
520 44171 69 2 44305 65 134
104 44168 72 2 44377 137 209
118 42857 86 2 44463 1520 1606
629 39695 87 4 44550 4768 4855
506 43569 87 4 44637 981 1068
7 39623 87 3 44724 5014 5101
743 42878 87 3 44811 1846 1933
933 44755 46 3 44857 56 102
314 44817 50 4 44907 40 90
455 44776 57 4 44964 131 188
676 44802 77 4 45041 162 239
195 44451 87 2 45128 590 677
136 45043 78 1 45206 85 163
622 38845 88 4 45294 6361 6449
45 45258 87 4 45381 36 123
679 45333 59 2 45440 48 107
597 45332 75 4 45515 108 183
472 45450 71 4 45586 65 136
601 45529 53 1 45639 57 110
688 45593 69 3 45708 46 115
556 45627 70 3 45778 81 151
459 45678 74 1 45852 100 174
979 45796 29 1 45881 56 85
725 45336 77 4 45958 545 622
897 40720 88 3 46046 5238 5326
880 40213 88 3 46134 5833 5921
739 46048 81 3 46215 86 167
492 46193 74 4 46289 22 96
511 46248 77 2 46366 41 118
422 46308 68 4 46434 58 126
421 46410 40 2 46474 24 64
618 46399 70 3 46544 75 145
536 44428 88 3 46632 2116 2204
132 46592 84 4 46716 40 124
681 46644 32 4 46748 72 104
193 46746 58 3 46806 2 60
637 46803 59 1 46865 3 62
839 46619 84 3 46949 246 330
477 46910 73 3 47022 39 112
645 46970 48 4 47070 52 100
952 47030 66 3 47136 40 106
972 47123 56 4 47192 13 69
528 47157 29 3 47221 35 64
973 47212 61 3 47282 9 70
549 47226 48 2 47330 56 104
443 47318 63 2 47393 12 75
593 47151 64 4 47457 242 306
196 47456 60 1 47517 1 61
473 47121 74 4 47591 396 470
841 47532 58 4 47649 59 117
652 47543 75 4 47724 106 181
989 47657 69 1 47793 67 136
639 47237 76 3 47869 556 632
714 47749 80 3 47949 120 200
569 47871 55 3 48004 78 133
966 47971 56 4 48060 33 89
634 47979 76 1 48136 81 157
951 48067 34 3 48170 69 103
803 48157 48 2 48218 13 61
875 48186 68 3 48286 32 100
521 47702 84 1 48370 584 668
285 48296 82 4 48452 74 156
932 48419 74 4 48526 33 107
852 46830 85 3 48611 1696 1781
306 48472 86 3 48697 139 225
577 48648 55 4 48752 49 104
748 48745 53 4 48805 7 60
274 48661 65 3 48870 144 209
268 48624 69 3 48939 246 315
238 48906 30 4 48969 33 63
248 48625 72 4 49041 344 416
984 49032 57 4 49098 9 66
119 48800 76 2 49174 298 374
808 49167 75 3 49249 7 82
11 49234 47 4 49296 15 62
243 47200 87 4 49383 2096 2183
481 49313 70 4 49453 70 140
931 49415 36 4 49489 38 74
965 49395 47 4 49536 94 141
371 49524 69 3 49605 12 81
716 49594 54 3 49659 11 65
827 49652 64 3 49723 7 71
48 49449 74 4 49797 274 348
182 49611 76 3 49873 186 262
754 49799 48 3 49921 74 122
969 49868 55 4 49976 53 108
42 49965 74 2 50050 11 85
361 50043 60 4 50110 7 67
547 50051 36 4 50146 59 95
764 49706 77 1 50223 440 517
79 50160 44 4 50267 63 107
729 50236 65 4 50332 31 96
555 50298 53 4 50385 34 87
168 50272 76 3 50461 113 189
475 49640 81 3 50542 821 902
767 49803 86 4 50628 739 825
683 50597 66 3 50694 31 97
684 50675 54 4 50748 19 73
96 50647 71 4 50819 101 172
963 50605 82 4 50901 214 296
670 50895 56 4 50957 6 62
103 50826 83 2 51040 131 214
155 50997 72 3 51112 43 115
862 51038 83 2 51195 74 157
755 51121 82 3 51277 74 156
879 51167 84 4 51361 110 194
71 47939 87 4 51448 3422 3509
512 51357 87 4 51535 91 178
227 51499 81 1 51616 36 117
307 51591 43 3 51659 25 68
615 51591 65 1 51724 68 133
571 51667 34 3 51758 57 91
298 51562 66 1 51824 196 262
843 49666 87 3 51911 2158 2245
946 51892 57 3 51968 19 76
490 51920 36 4 52004 48 84
83 51863 71 4 52075 141 212
804 52018 66 1 52141 57 123
677 52080 67 1 52208 61 128
993 47058 88 3 52296 5150 5238
43 52241 48 2 52344 55 103
530 52228 67 4 52411 116 183
365 52278 70 3 52481 133 203
284 52408 77 1 52558 73 150
163 52529 42 4 52600 29 71
1 52534 57 4 52657 66 123
27 52615 41 3 52698 42 83
789 52502 69 4 52767 196 265
644 52749 39 2 52806 18 57
229 52768 47 3 52853 38 85
659 52803 64 3 52917 50 114
239 52863 49 3 52966 54 103
194 52864 70 4 53036 102 172
604 52988 79 3 53115 48 127
899 52591 80 1 53195 524 604
916 53120 63 4 53258 75 138
496 53227 44 2 53302 31 75
682 52347 81 2 53383 955 1036
613 53338 61 4 53444 45 106
39 52756 82 4 53526 688 770
287 53454 59 2 53585 72 131
868 53531 27 2 53612 54 81
865 53610 76 3 53688 2 78
224 53528 77 4 53765 160 237
348 53691 67 4 53832 74 141
441 52344 82 3 53914 1488 1570
497 53909 37 4 53951 5 42
611 53843 62 4 54013 108 170
844 54012 64 3 54077 1 65
795 54015 48 4 54125 62 110
821 54120 73 4 54198 5 78
207 53983 76 2 54274 215 291
283 54258 40 4 54314 16 56
584 54214 80 3 54394 100 180
384 53919 81 3 54475 475 556
187 54420 54 3 54529 55 109
742 54400 71 4 54600 129 200
534 54591 64 4 54664 9 73
605 54631 44 4 54708 33 77
123 54675 36 4 54744 33 69
387 54727 65 3 54809 17 82
210 54808 73 3 54882 1 74
336 54838 49 4 54931 44 93
46 54901 66 3 54997 30 96
185 53758 82 3 55079 1239 1321
948 53808 82 3 55161 1271 1353
296 55117 45 2 55206 44 89
448 55118 64 4 55270 88 152
312 55169 65 2 55335 101 166
266 55282 74 1 55409 53 127
322 55098 77 4 55486 311 388
253 52738 83 4 55569 2748 2831
560 55533 65 4 55634 36 101
657 53340 83 1 55717 2294 2377
849 53449 84 3 55801 2268 2352
845 55310 84 3 55885 491 575
516 55829 33 4 55918 56 89
115 55816 64 2 55982 102 166
524 55926 78 1 56060 56 134
445 55990 50 2 56110 70 120
625 56077 56 4 56166 33 89
474 56146 56 1 56222 20 76
805 56093 73 3 56295 129 202
894 52672 87 4 56382 3623 3710
141 56341 56 4 56438 41 97
756 54199 87 3 56525 2239 2326
233 56494 66 4 56591 31 97
379 56579 34 3 56625 12 46
131 56488 79 2 56704 137 216
763 56637 28 3 56732 67 95
412 56686 72 4 56804 46 118
964 56786 80 2 56884 18 98
567 56869 46 1 56930 15 61
447 56806 51 4 56981 124 175
884 56871 54 1 57035 110 164
467 56983 55 3 57090 52 107
147 56888 77 3 57167 202 279
686 57046 83 4 57250 121 204
370 57186 49 4 57299 64 113
127 57039 85 4 57384 260 345
975 57332 48 2 57432 52 100
585 57400 47 4 57479 32 79
374 57340 60 1 57539 139 199
856 57302 81 3 57620 237 318
107 54531 88 3 57708 3089 3177
378 57639 68 4 57776 69 137
411 57695 79 1 57855 81 160
154 57695 83 1 57938 160 243
872 57887 78 2 58016 51 129
885 57950 53 4 58069 66 119
425 57879 80 3 58149 190 270
262 57921 81 1 58230 228 309
82 58184 58 4 58288 46 104
153 58244 51 3 58339 44 95
704 58275 57 2 58396 64 121
504 58381 57 2 58453 15 72
835 58203 64 4 58517 250 314
882 58509 58 4 58575 8 66
718 58563 71 4 58646 12 83
541 58619 61 4 58707 27 88
887 58371 72 1 58779 336 408
896 58731 55 4 58834 48 103
377 58727 57 4 58891 107 164
606 58881 34 4 58925 10 44
831 58528 77 4 59002 397 474
67 58737 78 4 59080 265 343
169 58297 86 4 59166 783 869
838 44027 88 3 59254 15139 15227
978 59181 58 1 59312 73 131
493 50637 88 2 59400 8675 8763
515 59365 58 4 59458 35 93
509 38703 88 1 59546 20755 20843
47 59522 52 3 59598 24 76
91 59578 63 2 59661 20 83
494 59482 80 3 59741 179 259
610 59738 84 4 59825 3 87
707 59787 87 1 59912 38 125
836 59858 63 4 59975 54 117
800 59899 69 4 60044 76 145
957 59872 88 3 60132 172 260
98 60062 74 4 60206 70 144
551 47246 89 4 60295 12960 13049
52 60207 61 4 60356 88 149
6 52091 89 3 60445 8265 8354
664 60371 63 1 60508 74 137
54 60497 63 2 60571 11 74
674 42309 89 3 60660 18262 18351
698 54573 89 2 60749 6087 6176
525 60687 76 4 60825 62 138
419 60789 49 3 60874 36 85
433 60862 35 2 60909 12 47
308 60866 66 1 60975 43 109
329 60944 52 2 61027 31 83
500 60992 58 3 61085 35 93
402 61034 71 3 61156 51 122
780 61123 74 3 61230 33 107
162 60805 84 4 61314 425 509
259 61291 77 2 61391 23 100
297 61334 65 3 61456 57 122
995 61214 84 4 61540 242 326
113 61127 84 3 61624 413 497
641 61613 79 4 61703 11 90
237 61638 59 1 61762 65 124
277 61748 47 4 61809 14 61
678 61342 84 3 61893 467 551
408 61832 41 3 61934 61 102
762 61925 77 2 62011 9 86
824 61945 59 3 62070 66 125
778 61911 84 4 62154 159 243
526 62153 69 3 62223 1 70
810 61501 85 4 62308 722 807
991 62288 62 4 62370 20 82
638 62265 66 4 62436 105 171
50 62402 56 2 62492 34 90
595 62433 61 3 62553 59 120
397 62508 71 3 62624 45 116
34 62240 73 3 62697 384 457
340 62338 84 4 62781 359 443
263 62711 68 1 62849 70 138
902 62784 47 3 62896 65 112
486 62858 54 4 62950 38 92
947 62534 84 3 63034 416 500
400 62967 48 2 63082 67 115
819 63078 44 2 63126 4 48
784 63045 82 4 63208 81 163
954 63132 44 1 63252 76 120
673 63216 44 4 63296 36 80
344 63195 73 1 63369 101 174
133 63345 79 3 63448 24 103
672 61038 85 1 63533 2410 2495
709 62446 86 4 63619 1087 1173
738 63554 83 4 63702 65 148
632 62612 86 4 63788 1090 1176
49 63721 72 4 63860 67 139
183 63786 73 1 63933 74 147
624 61489 87 4 64020 2444 2531
10 63994 53 3 64073 26 79
920 64010 66 3 64139 63 129
772 61457 87 4 64226 2682 2769
130 64165 56 4 64282 61 117
264 64265 38 2 64320 17 55
299 64184 63 4 64383 136 199
356 64306 81 3 64464 77 158
267 63608 87 4 64551 856 943
430 64500 67 4 64618 51 118
598 63469 88 4 64706 1149 1237
242 64676 51 1 64757 30 81
705 64620 87 3 64844 137 224
302 64084 88 3 64932 760 848
273 64856 57 3 64989 76 133
236 64954 48 4 65037 35 83
409 65001 38 3 65075 36 74
202 64918 64 3 65139 157 221
383 64926 76 3 65215 213 289
817 64929 80 1 65295 286 366
26 65212 81 4 65376 83 164
802 65320 68 4 65444 56 124
355 44518 89 2 65533 20926 21015
631 60006 89 2 65622 5527 5616
552 65580 42 3 65664 42 84
309 49942 89 2 65753 15722 15811
75 63726 89 2 65842 2027 2116
140 46391 90 4 65932 19451 19541
41 52353 90 4 66022 13579 13669
825 66013 59 2 66081 9 68
925 43924 90 4 66171 22157 22247
587 66117 59 2 66230 54 113
531 48152 90 4 66320 18078 18168
630 66258 38 3 66358 62 100
109 66250 58 2 66416 108 166
543 36343 90 4 66506 30073 30163
650 41749 90 3 66596 24757 24847
73 45053 90 2 66686 21543 21633
929 42264 90 2 66776 24422 24512
354 66761 88 3 66864 15 103
627 65018 90 2 66954 1846 1936
479 66884 36 4 66990 70 106
394 66946 44 3 67034 44 88
385 67016 78 3 67112 18 96
464 66899 80 1 67192 213 293
980 67052 83 1 67275 140 223
546 67232 52 1 67327 43 95
796 67312 76 4 67403 15 91
863 59199 90 1 67493 8204 8294
540 47905 90 1 67583 19588 19678
864 67540 55 3 67638 43 98
315 67501 80 3 67718 137 217
582 67644 44 3 67762 74 118
776 62371 91 4 67853 5391 5482
850 67821 27 4 67880 32 59
439 58918 91 4 67971 8962 9053
15 67960 46 4 68017 11 57
184 39629 91 4 68108 28388 28479
922 43755 91 4 68199 24353 24444
293 68136 79 2 68278 63 142
391 51753 91 4 68369 16525 16616
557 68331 40 4 68409 38 78
900 68289 64 2 68473 120 184
369 68301 75 4 68548 172 247
710 68298 76 2 68624 250 326
829 68321 83 2 68707 303 386
602 68481 84 3 68791 226 310
919 68717 65 4 68856 74 139
781 68720 89 1 68945 136 225
491 68933 25 1 68970 12 37
853 49590 91 4 69061 19380 19471
775 69051 67 3 69128 10 77
502 68987 84 3 69212 141 225
108 52061 91 3 69303 17151 17242
303 51482 91 3 69394 17821 17912
436 50583 91 3 69485 18811 18902
994 45583 91 2 69576 23902 23993
574 69535 53 2 69629 41 94
197 69591 76 3 69705 38 114
352 69528 77 3 69782 177 254
857 69757 60 2 69842 25 85
209 69528 82 4 69924 314 396
33 56120 91 1 70015 13804 13895
736 69944 79 4 70094 71 150
719 70066 51 2 70145 28 79
921 70038 78 4 70223 107 185
566 70206 68 3 70291 17 85
774 70260 44 3 70335 31 75
59 53574 92 4 70427 16761 16853
457 70338 86 2 70513 89 175
918 44357 92 4 70605 26156 26248
728 44277 92 4 70697 26328 26420
97 44368 92 4 70789 26329 26421
476 42258 92 4 70881 28531 28623
345 70831 91 3 70972 50 141
170 70951 90 4 71062 21 111
362 63083 92 4 71154 7979 8071
798 60207 92 3 71246 10947 11039
787 71203 41 4 71287 43 84
960 67798 92 3 71379 3489 3581
204 71316 72 1 71451 63 135
513 40818 92 3 71543 30633 30725
324 51609 92 3 71635 19934 20026
214 71584 88 4 71723 51 139
687 71719 30 1 71753 4 34
363 71694 72 4 71825 59 131
458 39127 92 3 71917 32698 32790
708 71907 55 1 71972 10 65
451 59593 92 2 72064 12379 12471
752 53053 92 2 72156 19011 19103
735 52954 92 2 72248 19202 19294
939 72164 80 4 72328 84 164
226 72252 34 4 72362 76 110
495 53386 92 2 72454 18976 19068
55 50233 92 1 72546 22221 22313
717 47906 92 1 72638 24640 24732
828 72624 48 2 72686 14 62
489 72565 52 3 72738 121 173
347 72573 56 4 72794 165 221
690 72737 86 3 72880 57 143
160 61401 93 4 72973 11479 11572
898 70148 93 4 73066 2825 2918
809 72997 49 4 73115 69 118
65 62535 93 4 73208 10580 10673
148 73204 63 4 73271 4 67
740 73165 67 4 73338 106 173
583 73206 67 3 73405 132 199
934 57879 93 4 73498 15526 15619
968 60891 93 4 73591 12607 12700
424 73581 62 4 73653 10 72
222 73513 92 3 73745 140 232
215 63881 93 3 73838 9864 9957
822 73760 72 4 73910 78 150
325 73882 77 4 73987 28 105
471 73954 82 2 74069 33 115
886 74012 90 3 74159 57 147
956 74072 51 2 74210 87 138
12 44251 93 3 74303 29959 30052
4 66844 93 3 74396 7459 7552
78 74338 75 4 74471 58 133
744 49258 93 3 74564 25213 25306
782 74480 29 2 74593 84 113
788 74497 88 2 74681 96 184
326 74639 89 2 74770 42 131
501 38334 93 2 74863 36436 36529
997 52762 93 2 74956 22101 22194
395 50757 93 2 75049 24199 24292
23 74962 68 4 75117 87 155
167 75108 47 4 75164 9 56
590 75129 49 3 75213 35 84
61 75158 76 4 75289 55 131
31 75216 74 4 75363 73 147
143 48460 93 2 75456 26903 26996
648 75442 53 4 75509 14 67
666 75497 52 3 75561 12 64
941 75489 72 4 75633 72 144
974 75577 47 3 75680 56 103
715 75566 59 4 75739 114 173
399 75562 62 4 75801 177 239
928 75479 88 3 75889 322 410
700 55936 93 1 75982 19953 20046
768 75937 73 4 76055 45 118
746 69530 94 4 76149 6525 6619
691 60360 94 4 76243 15789 15883
276 57181 94 4 76337 19062 19156
813 76264 65 2 76402 73 138
572 46449 94 4 76496 29953 30047
56 76448 68 3 76564 48 116
626 76471 79 4 76643 93 172
970 76590 88 3 76731 53 141
191 76729 62 4 76793 2 64
172 76768 68 3 76861 25 93
554 53620 94 4 76955 23241 23335
599 76934 38 3 76993 21 59
151 67325 94 4 77087 9668 9762
416 77047 60 4 77147 40 100
80 77069 60 1 77207 78 138
635 77111 74 1 77281 96 170
257 50005 94 4 77375 27276 27370
522 52076 94 3 77469 25299 25393
461 77382 71 2 77540 87 158
375 77476 40 2 77580 64 104
390 77569 57 4 77637 11 68
342 77538 71 4 77708 99 170
288 77394 84 3 77792 314 398
959 53027 94 2 77886 24765 24859
90 77842 35 4 77921 44 79
454 51272 94 1 78015 26649 26743
173 77952 47 3 78062 63 110
152 77936 61 3 78123 126 187
373 78064 85 2 78208 59 144
360 78133 40 4 78248 75 115
895 78219 93 3 78341 29 122
304 78317 86 2 78427 24 110
470 52173 95 4 78522 26254 26349
911 78465 45 4 78567 57 102
532 78514 91 2 78658 53 144
135 78571 41 2 78699 87 128
694 78569 76 3 78775 130 206
129 78608 76 1 78851 167 243
986 78826 66 4 78917 25 91
955 78907 36 3 78953 10 46
812 78481 94 3 79047 472 566
260 79007 31 4 79078 40 71
799 37203 95 4 79173 41875 41970
734 79136 93 3 79266 37 130
962 75777 95 4 79361 3489 3584
466 55488 95 4 79456 23873 23968
389 70851 95 4 79551 8605 8700
282 61694 95 4 79646 17857 17952
873 53054 95 4 79741 26592 26687
562 66963 95 4 79836 12778 12873
488 63635 95 4 79931 16201 16296
190 42200 95 4 80026 37731 37826
542 79938 43 1 80069 88 131
870 79979 89 4 80158 90 179
544 36644 95 4 80253 43514 43609
806 66686 95 3 80348 13567 13662
134 80302 78 4 80426 46 124
576 80357 89 4 80515 69 158
85 45859 95 3 80610 34656 34751
203 43444 95 3 80705 37166 37261
14 80681 69 2 80774 24 93
121 80755 72 2 80846 19 91
93 59012 95 3 80941 21834 21929
157 42773 95 3 81036 38168 38263
732 80965 89 4 81125 71 160
446 44260 95 3 81220 36865 36960
658 81147 49 4 81269 73 122
3 81205 89 4 81358 64 153
771 49731 95 3 81453 31627 31722
213 72102 95 2 81548 9351 9446
139 57373 95 2 81643 24175 24270
724 50237 95 2 81738 31406 31501
438 81694 59 2 81797 44 103
407 71499 95 1 81892 10298 10393
568 81891 37 2 81929 1 38
811 81810 57 3 81986 119 176
330 81896 65 1 82051 90 155
63 54651 95 1 82146 27400 27495
444 82084 89 4 82235 62 151
332 48766 95 1 82330 33469 33564
261 82261 75 1 82405 69 144
914 61785 95 1 82500 20620 20715
662 82492 57 3 82557 8 65
913 82445 84 2 82641 112 196
74 82564 56 3 82697 77 133
305 82676 62 4 82759 21 83
72 57374 96 4 82855 25385 25481
386 38635 96 4 82951 44220 44316
212 82945 68 3 83019 6 74
223 82882 74 3 83093 137 211
945 54785 96 4 83189 28308 28404
484 83158 75 3 83264 31 106
380 41014 96 4 83360 42250 42346
440 47534 96 3 83456 35826 35922
866 52830 96 3 83552 30626 30722
235 83534 69 3 83621 18 87
350 34755 96 2 83717 48866 48962
558 72016 96 2 83813 11701 11797
200 81333 96 2 83909 2480 2576
278 46159 96 1 84005 37750 37846
64 46387 96 1 84101 37618 37714
840 84015 55 2 84156 86 141
930 84151 58 4 84214 5 63
1000 58003 97 4 84311 26211 26308
158 45381 97 4 84408 38930 39027
221 84371 60 4 84468 37 97
19 59365 97 4 84565 25103 25200
747 84546 82 2 84647 19 101
95 84631 93 4 84740 16 109
286 43483 97 4 84837 41257 41354
414 84761 63 4 84900 76 139
535 39075 97 4 84997 45825 45922
877 42823 97 3 85094 42174 42271
818 55813 97 3 85191 29281 29378
328 47307 97 2 85288 37884 37981
848 62866 97 2 85385 22422 22519
578 39882 97 2 85482 45503 45600
518 85397 26 4 85508 85 111
339 40286 97 2 85605 45222 45319
86 49935 97 2 85702 35670 35767
291 85686 63 4 85765 16 79
462 44403 97 1 85862 41362 41459
514 65601 98 4 85960 20261 20359
570 43570 98 3 86058 42390 42488
671 85968 63 2 86121 90 153
483 65306 98 3 86219 20815 20913
13 52668 98 3 86317 33551 33649
890 34362 98 3 86415 51955 52053
507 38079 98 2 86513 48336 48434
892 58740 98 2 86611 27773 27871
594 46860 98 2 86709 39751 39849
317 86685 71 3 86780 24 95
983 35278 98 1 86878 51502 51600
450 80434 98 1 86976 6444 6542
612 62148 99 4 87075 24828 24927
675 57276 99 4 87174 29799 29898
442 45899 99 4 87273 41275 41374
125 87234 26 4 87299 39 65
889 37022 99 4 87398 50277 50376
381 87393 61 3 87459 5 66
510 87443 98 2 87557 16 114
76 87486 52 3 87609 71 123
301 85514 99 4 87708 2095 2194
220 40499 99 3 87807 47209 47308
199 87712 33 3 87840 95 128
579 87817 89 1 87929 23 112
230 87891 84 2 88013 38 122
924 60169 99 3 88112 27844 27943
8 54460 99 3 88211 33652 33751
915 69212 99 2 88310 18999 19098
280 77433 99 2 88409 10877 10976
188 42109 99 2 88508 46300 46399
761 54285 99 2 88607 34223 34322
538 70815 99 2 88706 17792 17891
815 45077 99 1 88805 43629 43728
343 47350 100 4 88905 41455 41555
435 53985 100 4 89005 34920 35020
791 85785 100 4 89105 3220 3320
311 41607 100 4 89205 47498 47598
794 44970 100 3 89305 44235 44335
38 41852 100 2 89405 47453 47553
463 53037 100 2 89505 36368 36468
519 61682 100 2 89605 27823 27923
846 89513 98 4 89703 92 190
245 39508 100 1 89803 50195 50295
164 42118 100 1 89903 47685 47785
926 89915 88 4 90003 0 88
111 90729 99 3 90828 0 99
368 90745 97 3 90925 83 180
953 91082 83 4 91165 0 83
783 91506 91 2 91597 0 91
656 91972 70 4 92042 0 70
333 92278 91 4 92369 0 91
770 92606 90 2 92696 0 90
2 92645 69 4 92765 51 120
241 93349 50 1 93399 0 50
249 93639 73 4 93712 0 73
523 94094 92 4 94186 0 92
937 94318 83 3 94401 0 83
198 94456 58 4 94514 0 58
874 94627 99 1 94726 0 99
431 97232 77 4 97309 0 77
967 98217 78 4 98295 0 78
393 98300 81 4 98381 0 81
586 100000 64 3 100064 0 64
219 100000 74 4 100138 64 138
777 100000 89 3 100227 138 227
867 100000 91 3 100318 227 318
