100295 1865 6791 6718
973 0 39 4 189 150 189
303 0 100 4 289 189 289
838 0 90 3 329 239 329
582 0 80 1 359 279 359
682 0 59 2 368 309 368
207 713 57 4 770 0 57
986 2842 67 4 2909 0 67
699 2877 84 3 2993 32 116
190 3932 78 2 4010 0 78
326 5234 82 2 5316 0 82
746 5248 80 4 5396 68 148
858 5852 88 3 5940 0 88
562 6514 66 1 6580 0 66
213 6993 79 2 7072 0 79
338 7563 92 3 7655 0 92
857 7980 76 4 8056 0 76
608 8254 96 1 8350 0 96
771 8395 57 4 8452 0 57
645 8455 50 4 8505 0 50
371 9599 75 1 9674 0 75
678 10005 59 3 10064 0 59
412 10063 90 3 10154 1 91
759 10070 76 3 10280 134 210
776 10116 96 3 10326 114 210
124 10295 94 3 10420 31 125
469 10678 94 4 10772 0 94
937 11199 89 1 11288 0 89
224 11208 30 4 11318 80 110
683 11312 76 2 11394 6 82
635 11723 99 2 11822 0 99
398 11751 61 4 11883 71 132
546 11987 75 4 12062 0 75
392 12403 72 4 12475 0 72
219 12440 51 4 12526 35 86
913 12625 99 1 12724 0 99
369 13109 64 1 13173 0 64
773 13452 100 3 13552 0 100
779 13475 90 2 13642 77 167
364 14555 84 2 14639 0 84
324 14787 68 4 14855 0 68
737 14827 93 1 14948 28 121
607 14879 83 4 15031 69 152
113 15038 62 3 15100 0 62
787 15065 77 4 15177 35 112
626 15231 65 4 15296 0 65
544 16209 98 3 16307 0 98
686 16738 85 4 16823 0 85
709 17365 75 3 17440 0 75
329 17551 98 2 17649 0 98
819 17593 82 4 17781 106 188
721 17633 54 3 17785 98 152
842 17778 75 1 17860 7 82
554 18271 72 2 18343 0 72
728 18290 86 4 18479 103 189
636 18330 65 2 18494 99 164
893 18743 51 4 18794 0 51
905 18748 89 4 18983 146 235
70 18838 42 3 19025 145 187
596 18755 82 2 19057 220 302
490 18764 82 4 19089 243 325
500 18906 49 4 19138 183 232
535 18912 84 2 19222 226 310
40 19307 35 2 19342 0 35
359 19606 72 4 19678 0 72
257 19844 62 4 19906 0 62
240 19925 79 2 20004 0 79
915 20193 85 4 20278 0 85
735 20560 67 4 20627 0 67
252 20750 61 3 20811 0 61
916 20907 99 4 21006 0 99
204 20935 46 3 21052 71 117
297 21022 51 1 21103 30 81
310 21097 83 4 21186 6 89
133 21430 97 3 21527 0 97
446 21492 99 3 21626 35 134
30 21555 37 3 21713 121 158
574 21549 92 4 21805 164 256
443 21625 66 2 21821 130 196
481 21916 97 3 22013 0 97
419 21968 93 2 22106 45 138
740 22058 50 2 22156 48 98
299 22082 89 4 22245 74 163
458 22281 89 4 22370 0 89
75 22303 100 1 22470 67 167
225 22427 70 3 22540 43 113
211 22527 57 3 22597 13 70
471 22568 89 4 22686 29 118
141 22734 99 4 22833 0 99
772 22829 84 4 22917 4 88
703 22964 97 4 23061 0 97
463 22999 66 4 23127 62 128
963 23432 77 2 23509 0 77
530 23460 55 4 23564 49 104
376 23540 83 3 23647 24 107
816 23567 43 1 23690 80 123
56 23876 75 1 23951 0 75
129 23951 95 4 24046 0 95
389 24074 71 4 24145 0 71
524 24218 97 4 24315 0 97
663 24243 71 2 24386 72 143
354 24339 55 4 24441 47 102
130 24410 84 2 24575 81 165
550 24427 58 3 24633 148 206
919 24442 82 4 24665 141 223
880 24610 86 4 24801 105 191
255 24641 73 3 24924 210 283
750 24716 45 3 24969 208 253
987 24671 63 2 24982 248 311
48 24714 69 4 25101 318 387
553 24807 91 4 25242 344 435
161 24851 75 2 25267 341 416
496 24951 62 4 25329 316 378
833 24976 59 3 25338 303 362
775 25065 86 3 25424 273 359
183 25258 51 2 25525 216 267
903 25315 57 2 25632 260 317
482 25327 60 1 25642 255 315
311 25354 77 4 25669 238 315
896 25382 54 2 25673 237 291
327 25655 52 1 25725 18 70
387 25780 82 1 25862 0 82
434 25884 55 4 25939 0 55
595 26088 76 4 26164 0 76
611 26142 64 4 26278 72 136
116 26149 59 4 26287 79 138
38 26327 63 4 26390 0 63
695 26442 55 4 26497 0 55
55 26488 93 4 26640 59 152
5 26495 71 3 26661 95 166
294 26620 76 2 26837 141 217
956 26627 100 4 26937 210 310
960 26652 60 2 26947 235 295
517 26709 70 4 26967 188 258
270 26856 61 4 27028 111 172
643 27135 56 4 27191 0 56
95 27172 87 2 27328 69 156
428 27174 81 2 27409 154 235
968 27208 77 3 27536 251 328
238 27278 63 4 27599 258 321
182 27289 91 4 27690 310 401
515 27373 79 4 27819 367 446
832 27455 77 3 27846 314 391
726 27643 45 3 27891 203 248
78 27471 87 4 27928 370 457
909 27488 69 2 27997 440 509
812 27701 73 3 28070 296 369
640 27838 64 1 28234 332 396
508 27947 89 4 28323 287 376
245 28077 45 2 28368 246 291
704 27959 60 4 28378 359 419
829 27993 57 4 28385 335 392
308 28206 41 4 28476 229 270
690 28034 81 1 28557 442 523
287 28184 81 3 28588 323 404
63 28476 48 4 28686 162 210
24 28229 88 4 28724 407 495
906 28455 98 1 28872 319 417
810 28522 61 4 28933 350 411
138 28529 63 4 28996 404 467
105 28641 71 4 29017 305 376
328 28757 99 2 29066 210 309
785 29018 56 1 29122 48 104
179 29098 83 3 29205 24 107
139 29286 70 2 29356 0 70
742 29297 73 3 29429 59 132
218 29402 77 3 29506 27 104
416 29484 82 3 29638 72 154
64 29495 70 4 29658 93 163
325 29699 47 4 29746 0 47
256 29882 68 4 29950 0 68
335 29986 61 3 30047 0 61
751 30020 78 4 30125 27 105
483 30054 74 3 30249 121 195
332 30113 98 3 30347 136 234
403 30164 58 3 30355 133 191
954 30323 100 2 30455 32 132
191 30455 86 3 30541 0 86
169 30591 63 4 30654 0 63
184 30677 88 3 30765 0 88
777 30887 66 4 30953 0 66
203 31249 81 3 31330 0 81
244 31762 82 3 31844 0 82
462 31810 96 3 31990 84 180
820 31831 68 4 32008 109 177
266 32083 60 1 32143 0 60
284 32110 98 2 32241 33 131
878 32149 97 3 32338 92 189
835 32287 76 2 32414 51 127
534 32376 31 3 32445 38 69
680 32413 68 4 32513 32 100
533 32456 57 3 32570 57 114
566 32588 64 4 32652 0 64
694 32709 90 2 32799 0 90
646 32831 61 2 32892 0 61
414 32843 67 3 32959 49 116
449 32942 74 3 33033 17 91
891 33062 40 3 33102 0 40
658 33103 73 4 33176 0 73
21 33157 66 2 33242 19 85
621 33224 62 2 33354 68 130
889 33261 34 4 33388 93 127
528 33235 72 1 33410 103 175
230 33317 97 3 33507 93 190
765 33423 90 4 33647 134 224
486 33457 54 3 33701 190 244
745 33517 88 2 33789 184 272
811 33598 76 4 33815 141 217
827 33795 37 2 33952 120 157
81 33721 67 2 34069 281 348
649 33791 97 2 34166 278 375
242 33796 61 3 34177 320 381
938 33812 52 1 34279 415 467
951 33847 73 4 34452 532 605
148 33954 71 4 34473 448 519
14 33986 93 3 34566 487 580
969 34018 63 1 34629 548 611
165 34019 98 4 34677 560 658
409 34344 49 3 34776 383 432
888 34064 81 2 34857 712 793
87 34189 97 2 35004 718 815
998 34250 73 1 35077 754 827
514 34330 80 1 35107 697 777
35 34354 98 1 35255 803 901
315 34413 64 3 35319 842 906
461 34419 72 4 35391 900 972
37 34483 70 3 35511 958 1028
296 34719 79 2 35540 742 821
432 34775 56 4 35546 715 771
944 34801 80 4 35876 995 1075
424 34884 78 1 35904 942 1020
383 35361 48 3 36052 643 691
967 34974 83 3 36135 1078 1161
126 34993 81 3 36216 1142 1223
251 35180 54 4 36320 1086 1140
121 35187 97 2 36417 1133 1230
755 35191 77 3 36494 1226 1303
404 35235 67 4 36511 1209 1276
373 35238 86 4 36597 1273 1359
497 35251 72 2 36669 1346 1418
590 35843 39 3 36758 876 915
892 35348 66 4 36774 1360 1426
940 35352 93 2 36817 1372 1465
883 35380 100 4 36917 1437 1537
523 35420 82 4 36949 1447 1529
499 35498 99 4 36998 1401 1500
62 35508 84 3 37082 1490 1574
68 35592 97 3 37229 1540 1637
209 35606 69 4 37248 1573 1642
739 35707 53 3 37251 1491 1544
860 36590 44 4 37395 761 805
561 35749 92 3 37437 1596 1688
88 36645 35 4 37572 892 927
801 35839 71 2 37643 1733 1804
543 35963 99 2 37742 1680 1779
26 36966 31 4 37823 826 857
788 36262 53 1 37826 1511 1564
173 36284 78 1 37904 1542 1620
66 36314 62 2 38016 1640 1702
933 36530 73 4 38089 1486 1559
3 36590 87 2 38126 1449 1536
995 36632 79 2 38305 1594 1673
547 36632 87 3 38392 1673 1760
948 37524 46 2 38438 868 914
731 36659 72 4 38460 1729 1801
418 36738 56 2 38516 1722 1778
272 36892 79 3 38695 1724 1803
91 37007 95 2 38790 1688 1783
455 37120 55 4 38945 1770 1825
226 37937 41 1 38986 1008 1049
286 37124 94 3 39080 1862 1956
930 38000 47 4 39127 1080 1127
267 37228 56 4 39133 1849 1905
952 37357 99 4 39182 1726 1825
103 38153 40 4 39272 1079 1119
444 37377 95 3 39317 1845 1940
399 37408 79 3 39346 1859 1938
762 37443 73 4 39369 1853 1926
672 37590 59 4 39528 1879 1938
583 37658 98 2 39576 1820 1918
477 37695 69 2 39595 1831 1900
415 37701 86 2 39631 1844 1930
971 38618 46 3 39677 1013 1059
250 37779 82 2 39709 1848 1930
536 37869 85 2 39894 1940 2025
978 37892 83 4 39977 2002 2085
268 37899 70 4 40197 2228 2298
923 38894 44 3 40241 1303 1347
763 37940 78 1 40369 2351 2429
729 38153 88 2 40407 2166 2254
783 38427 66 4 40523 2030 2096
502 38449 93 2 40566 2024 2117
794 38455 64 4 40730 2211 2275
269 38704 65 4 40895 2126 2191
492 38721 84 1 41029 2224 2308
69 38734 88 3 41117 2295 2383
800 38815 71 2 41288 2402 2473
312 38843 51 3 41339 2445 2496
348 38850 51 4 41340 2439 2490
456 38860 60 3 41350 2430 2490
717 38888 73 4 41373 2412 2485
433 38948 70 2 41493 2475 2545
152 38983 53 4 41546 2510 2563
155 39200 60 4 41706 2446 2506
837 39264 98 2 41854 2492 2590
114 39429 95 2 41899 2375 2470
54 39447 94 2 41993 2452 2546
874 40634 44 1 42037 1359 1403
50 39449 92 3 42079 2538 2630
675 39587 77 3 42156 2492 2569
719 39650 91 2 42197 2456 2547
132 39656 77 2 42274 2541 2618
295 39747 77 4 42351 2527 2604
281 39748 82 4 42383 2553 2635
668 39774 98 4 42531 2659 2757
931 39814 87 3 42668 2767 2854
320 39823 99 3 42717 2795 2894
594 39885 89 3 42756 2782 2871
982 39935 73 3 42829 2821 2894
470 40128 79 4 43008 2801 2880
234 40235 77 4 43035 2723 2800
290 40264 86 4 43071 2721 2807
853 40326 62 2 43133 2745 2807
993 41555 48 2 43181 1578 1626
511 40379 87 2 43268 2802 2889
176 40389 70 2 43438 2979 3049
961 40441 55 3 43493 2997 3052
793 40457 61 2 43504 2986 3047
47 40580 90 2 43644 2974 3064
142 40722 94 1 43888 3072 3166
379 40790 92 4 43980 3098 3190
216 40849 60 3 44090 3181 3241
298 42295 22 3 44112 1795 1817
715 41002 55 4 44217 3160 3215
107 41005 75 3 44242 3162 3237
598 42439 42 2 44334 1853 1895
260 41068 89 2 44423 3266 3355
154 41112 52 4 44425 3261 3313
822 41280 87 4 44562 3195 3282
58 41297 99 3 44711 3315 3414
71 41335 89 4 44750 3326 3415
629 41361 75 1 44775 3339 3414
929 41507 99 4 44974 3368 3467
834 41558 63 4 45087 3466 3529
592 41610 88 4 45275 3577 3665
357 41614 54 3 45279 3611 3665
353 43339 50 4 45329 1940 1990
43 41618 83 4 45412 3711 3794
673 43379 43 3 45505 2083 2126
438 43430 45 2 45550 2075 2120
151 41703 82 3 45582 3797 3879
758 43496 39 4 45671 2136 2175
549 41758 99 4 45720 3863 3962
693 41837 93 4 45813 3883 3976
484 41941 96 4 45909 3872 3968
780 42000 89 3 45998 3909 3998
162 42050 95 4 46093 3948 4043
997 42065 91 4 46134 3978 4069
397 42146 85 4 46219 3988 4073
752 42204 68 3 46237 3965 4033
840 42269 87 4 46274 3918 4005
587 42355 95 2 46419 3969 4064
333 44131 30 2 46449 2288 2318
666 44156 38 1 46487 2293 2331
146 42359 71 2 46508 4078 4149
192 42435 90 3 46548 4023 4113
839 42508 78 4 46626 4040 4118
504 42597 96 1 46822 4129 4225
17 42653 63 3 46835 4119 4182
667 42765 98 4 46933 4070 4168
441 42807 99 4 47032 4126 4225
31 42956 82 3 47314 4276 4358
439 42963 85 4 47349 4301 4386
274 44840 46 4 47545 2659 2705
309 44842 43 2 47588 2703 2746
831 42993 87 3 47625 4545 4632
136 44945 35 3 47810 2830 2865
349 43099 64 3 47824 4661 4725
912 43149 56 1 47880 4675 4731
917 43182 84 4 47914 4648 4732
882 45107 34 3 47998 2857 2891
395 43218 78 3 48026 4730 4808
564 43245 72 3 48048 4731 4803
925 43366 89 4 48237 4782 4871
450 45385 44 2 48281 2852 2896
342 43377 90 3 48321 4854 4944
215 45428 23 4 48344 2893 2916
59 43445 69 3 48513 4999 5068
241 43535 87 3 48550 4928 5015
789 43582 84 3 48584 4918 5002
84 45876 38 2 48772 2858 2896
955 45889 44 1 48816 2883 2927
989 43686 61 4 48827 5080 5141
568 43720 99 1 48926 5107 5206
747 43861 87 3 49063 5115 5202
990 44063 87 3 49250 5100 5187
927 44064 97 3 49347 5186 5283
322 46429 41 4 49538 3068 3109
725 44291 72 2 49610 5247 5319
180 44371 73 3 49683 5239 5312
73 44377 82 4 49765 5306 5388
36 44414 70 3 49885 5401 5471
571 44522 59 2 49944 5363 5422
459 44576 90 4 50034 5368 5458
109 44621 62 4 50146 5463 5525
118 44629 84 4 50180 5467 5551
939 44683 78 2 50358 5597 5675
609 44689 73 2 50431 5669 5742
824 44715 96 4 50527 5716 5812
227 47269 41 1 50568 3258 3299
932 44828 95 4 50613 5690 5785
958 44831 98 3 50711 5782 5880
318 44834 69 4 50830 5927 5996
158 47501 30 3 50910 3379 3409
4 44885 78 3 50988 6025 6103
57 44902 61 4 51099 6136 6197
493 44927 64 2 51113 6122 6186
400 45018 93 4 51256 6145 6238
259 45101 66 1 51322 6155 6221
782 45251 82 3 51454 6121 6203
970 45301 53 4 51507 6153 6206
467 45308 81 4 51538 6149 6230
480 45488 55 3 51643 6100 6155
781 45513 79 1 51772 6180 6259
867 45518 83 3 51805 6204 6287
79 45823 74 4 51929 6032 6106
579 45862 73 3 51952 6017 6090
41 45869 69 3 52071 6133 6202
864 48710 40 4 52161 3411 3451
614 45927 89 4 52350 6334 6423
959 46047 80 4 52480 6353 6433
437 46063 81 1 52561 6417 6498
714 49003 43 2 52604 3558 3601
586 46197 87 3 52641 6357 6444
943 46226 73 4 52664 6365 6438
307 46242 66 1 52680 6372 6438
847 49192 38 3 52718 3488 3526
265 46322 86 4 52804 6396 6482
337 46328 75 3 52979 6576 6651
861 46337 81 4 53060 6642 6723
654 46399 86 4 53146 6661 6747
625 49505 48 2 53244 3691 3739
736 46476 62 1 53306 6768 6830
489 46572 97 3 53403 6734 6831
565 46635 97 4 53500 6768 6865
808 46693 90 4 53740 6957 7047
29 46722 92 2 53782 6968 7060
974 49849 35 4 53867 3983 4018
197 46778 63 3 53930 7089 7152
351 46917 63 4 53993 7013 7076
488 46940 96 4 54039 7003 7099
556 47004 58 2 54147 7085 7143
172 47106 65 4 54212 7041 7106
848 50222 41 4 54303 4040 4081
472 47110 82 4 54335 7143 7225
648 47127 68 2 54403 7208 7276
44 47168 94 4 54497 7235 7329
214 47202 85 3 54632 7345 7430
873 47370 91 4 54773 7312 7403
748 47432 94 4 54917 7391 7485
498 47438 94 4 55011 7479 7573
655 47478 63 3 55074 7533 7596
19 47542 90 3 55214 7582 7672
856 50933 44 1 55258 4281 4325
276 47650 81 4 55339 7608 7689
20 47662 82 3 55421 7677 7759
585 51106 40 1 55461 4315 4355
591 47735 73 2 55484 7676 7749
578 47746 65 4 55699 7888 7953
186 51187 30 3 55779 4562 4592
248 47889 54 2 55883 7940 7994
178 47920 90 4 56023 8013 8103
818 47924 74 3 56047 8049 8123
388 51395 49 4 56146 4702 4751
410 48050 89 4 56235 8096 8185
33 48158 95 4 56380 8127 8222
733 48197 71 3 56451 8183 8254
753 48350 52 3 56503 8101 8153
208 48366 89 4 56592 8137 8226
627 51720 49 3 56741 4972 5021
541 48446 57 4 56848 8345 8402
49 48533 63 2 56861 8265 8328
859 48639 73 4 56934 8222 8295
743 48674 96 2 57030 8260 8356
236 48690 67 4 57197 8440 8507
868 48760 69 4 57316 8487 8556
548 48767 76 4 57392 8549 8625
754 48821 79 3 57471 8571 8650
619 48870 51 3 57522 8601 8652
918 48879 73 2 57595 8643 8716
538 48936 98 4 57693 8659 8757
193 49235 96 4 57889 8558 8654
624 49258 97 4 58136 8781 8878
465 49273 76 1 58162 8813 8889
137 49334 97 4 58259 8828 8925
134 49373 72 4 58331 8886 8958
262 52994 33 4 58464 5437 5470
710 49443 63 4 58477 8971 9034
382 49486 87 4 58514 8941 9028
520 53161 22 2 58536 5353 5375
436 49528 80 2 58666 9058 9138
254 49557 58 4 58674 9059 9117
962 49659 87 1 58761 9015 9102
97 49707 96 4 58907 9104 9200
836 49729 85 2 58942 9128 9213
844 53565 49 4 58991 5377 5426
615 49737 75 2 59016 9204 9279
288 49756 51 4 59017 9210 9261
897 49824 96 2 59113 9193 9289
74 49851 81 4 59294 9362 9443
539 49915 71 3 59365 9379 9450
106 50042 81 2 59496 9373 9454
374 50079 91 4 59587 9417 9508
749 54090 43 4 59630 5497 5540
631 50100 77 4 59657 9480 9557
258 50189 60 1 59667 9418 9478
876 54270 34 4 59701 5397 5431
953 50280 82 2 59883 9521 9603
604 54362 47 4 59930 5521 5568
282 50281 90 2 60020 9649 9739
542 54467 50 4 60170 5653 5703
647 50360 82 3 60202 9760 9842
278 50412 60 3 60362 9890 9950
330 50515 94 4 60406 9797 9891
313 54633 32 4 60438 5773 5805
170 50596 57 3 60645 9992 10049
177 50621 71 4 60716 10024 10095
345 50659 87 4 60853 10107 10194
323 54842 35 3 60888 6011 6046
99 50737 89 4 61027 10201 10290
706 50787 97 2 61174 10290 10387
293 55039 41 4 61215 6135 6176
999 50840 72 4 61287 10375 10447
32 50889 89 3 61326 10348 10437
174 50967 64 4 61390 10359 10423
795 55266 45 1 61435 6124 6169
770 51026 93 4 61478 10359 10452
464 51128 67 4 61695 10500 10567
168 51130 90 4 61735 10515 10605
691 55566 44 2 61829 6219 6263
558 51134 98 4 61877 10645 10743
396 55617 48 2 61925 6260 6308
894 51137 100 3 61975 10738 10838
910 51182 94 2 62069 10793 10887
637 55701 26 4 62095 6368 6394
670 55773 37 4 62232 6422 6459
807 51193 91 3 62273 10989 11080
423 51197 88 3 62361 11076 11164
984 55858 33 3 62444 6553 6586
77 51272 59 1 62503 11172 11231
846 55902 38 3 62591 6651 6689
712 51298 89 4 62730 11343 11432
623 56027 36 4 62816 6753 6789
716 51390 65 3 62831 11376 11441
975 51397 63 4 62944 11484 11547
52 51468 75 1 62969 11426 11501
879 51488 77 4 63046 11481 11558
417 51558 91 2 63187 11538 11629
650 51609 97 4 63284 11578 11675
991 51691 98 4 63382 11593 11691
319 51704 94 2 63426 11628 11722
445 51720 76 4 63452 11656 11732
845 51732 76 2 63478 11670 11746
821 56749 40 4 63518 6729 6769
275 51761 59 2 63577 11757 11816
494 51890 68 1 63645 11687 11755
11 51996 90 4 63685 11599 11689
966 52034 97 3 63782 11651 11748
899 57059 48 4 63880 6773 6821
866 52045 59 4 63939 11835 11894
9 52070 82 2 64071 11919 12001
865 52136 96 4 64167 11935 12031
94 52157 93 4 64210 11960 12053
720 52194 63 2 64273 12016 12079
661 57332 44 2 64317 6941 6985
996 52252 51 4 64318 12015 12066
698 52319 84 3 64452 12049 12133
431 57504 48 4 64500 6948 6996
331 52390 90 4 64540 12060 12150
370 52460 83 1 64623 12080 12163
760 52489 51 4 64674 12134 12185
27 52491 85 2 64709 12133 12218
128 52533 76 1 64785 12176 12252
516 57869 40 1 64825 6916 6956
898 52727 81 3 64856 12048 12129
665 52767 86 3 64892 12039 12125
301 52777 91 2 64933 12065 12156
375 52784 54 4 64987 12149 12203
613 52859 69 4 65006 12078 12147
15 58237 40 3 65146 6869 6909
194 52929 85 3 65181 12167 12252
862 52986 68 2 65199 12145 12213
189 52991 80 3 65229 12158 12238
355 53179 76 4 65305 12050 12126
76 58538 49 2 65354 6767 6816
895 53237 88 2 65442 12117 12205
980 53353 61 3 65503 12089 12150
567 53421 90 2 65743 12232 12322
246 53436 100 4 65793 12257 12357
639 53688 73 1 66016 12255 12328
316 53817 98 4 66064 12149 12247
108 53834 52 4 66166 12280 12332
521 53849 94 2 66310 12367 12461
642 53875 100 2 66460 12485 12585
448 53937 56 4 66516 12523 12579
302 53959 73 1 66589 12557 12630
687 59464 46 4 66635 7125 7171
366 54078 89 4 66674 12507 12596
380 54284 87 3 66861 12490 12577
334 54296 68 4 66879 12515 12583
964 54308 95 2 66924 12521 12616
306 54369 93 1 67117 12655 12748
802 54436 92 3 67259 12731 12823
110 54456 90 3 67299 12753 12843
427 54519 99 4 67498 12880 12979
18 54523 93 3 67591 12975 13068
10 54543 86 3 67677 13048 13134
992 54656 95 2 67772 13021 13116
378 60485 36 2 67808 7287 7323
532 54664 96 4 67854 13094 13190
249 54670 98 4 67952 13184 13282
685 60560 26 4 67978 7392 7418
768 54677 87 1 68065 13301 13388
229 54718 73 4 68188 13397 13470
346 54798 84 3 68272 13390 13474
513 54808 90 4 68312 13414 13504
911 60774 40 4 68352 7538 7578
945 54857 75 2 68477 13545 13620
263 54875 100 4 68527 13552 13652
135 54948 74 4 68601 13579 13653
147 61044 50 2 68751 7657 7707
473 54992 80 2 68831 13759 13839
589 55056 73 3 68904 13775 13848
921 55214 71 3 69025 13740 13811
798 55357 88 4 69113 13668 13756
854 55367 53 4 69116 13696 13749
887 61563 28 4 69144 7553 7581
45 55448 64 2 69158 13646 13710
501 55469 60 3 69168 13639 13699
233 55540 59 3 69327 13728 13787
159 55658 83 4 69460 13719 13802
551 55717 62 3 69522 13743 13805
537 55726 68 4 69540 13746 13814
696 55827 71 3 69611 13713 13784
979 55845 78 3 69739 13816 13894
757 55880 94 4 69783 13809 13903
677 55899 92 4 69825 13834 13926
98 55914 79 3 69954 13961 14040
692 62625 38 4 69992 7329 7367
830 55914 83 4 70025 14028 14111
188 55948 62 1 70037 14027 14089
22 62818 38 2 70075 7219 7257
6 56051 64 2 70139 14024 14088
724 56128 91 3 70180 13961 14052
965 56279 77 4 70207 13851 13928
612 56342 77 3 70234 13815 13892
828 56368 59 3 70243 13816 13875
805 56447 74 2 70267 13746 13820
425 56484 86 4 70303 13733 13819
792 56785 62 2 70515 13668 13730
552 56793 84 3 70549 13672 13756
361 56979 95 3 70794 13720 13815
283 57043 98 3 70942 13801 13899
479 57078 67 4 71009 13864 13931
143 57092 86 4 71145 13967 14053
784 57094 84 3 71379 14201 14285
545 64045 34 4 71513 7434 7468
588 57132 94 3 71607 14381 14475
577 57292 74 3 71681 14315 14389
164 57430 70 4 71851 14351 14421
435 57436 86 3 71887 14365 14451
674 57564 54 4 71991 14373 14427
122 57644 56 4 72147 14447 14503
526 64697 38 2 72285 7550 7588
884 57745 88 4 72323 14490 14578
555 64901 41 1 72514 7572 7613
202 58015 73 3 72537 14449 14522
261 58171 92 3 72579 14316 14408
317 58190 75 2 72604 14339 14414
557 65154 48 4 72702 7500 7548
560 65209 50 4 72852 7593 7643
947 58501 75 4 72927 14351 14426
150 58585 61 2 73088 14442 14503
42 65421 46 4 73234 7767 7813
797 58663 87 4 73271 14521 14608
602 58676 91 4 73362 14595 14686
442 58700 69 4 73381 14612 14681
51 58707 98 2 73429 14624 14722
815 58739 92 3 73521 14690 14782
104 65696 46 4 73567 7825 7871
657 58919 51 4 73568 14598 14649
664 58920 86 2 73604 14598 14684
304 58941 85 4 73639 14613 14698
217 65923 41 4 73830 7866 7907
457 58947 90 3 73870 14833 14923
454 59119 93 4 74013 14801 14894
689 59127 98 2 74061 14836 14934
988 59173 85 2 74146 14888 14973
231 59197 62 3 74158 14899 14961
127 66231 40 4 74198 7927 7967
1000 59284 89 3 74337 14964 15053
356 59286 60 4 74397 15051 15111
485 59318 68 2 74565 15179 15247
115 59378 81 4 74646 15187 15268
681 66538 49 1 74695 8108 8157
25 59524 99 2 74794 15171 15270
985 59545 95 4 74839 15199 15294
421 59604 71 3 74960 15285 15356
632 59823 65 4 75025 15137 15202
1 59848 58 4 75083 15177 15235
321 59882 99 4 75132 15151 15250
447 59940 70 4 75152 15142 15212
904 59947 77 3 75229 15205 15282
119 60085 97 1 75476 15294 15391
362 60122 90 4 75566 15354 15444
181 60176 55 4 75571 15340 15395
235 67435 23 2 75644 8186 8209
870 60221 73 2 75667 15373 15446
942 60287 64 2 75681 15330 15394
212 60387 55 4 75686 15244 15299
157 60499 87 4 75823 15237 15324
221 67863 37 2 75860 7960 7997
451 60572 95 4 75905 15238 15333
377 68019 49 2 75954 7886 7935
679 60589 97 3 76001 15315 15412
872 60628 65 4 76066 15373 15438
786 68123 27 3 76093 7943 7970
580 60708 82 2 76125 15335 15417
408 68274 48 4 76173 7851 7899
741 60791 99 4 76272 15382 15481
702 60822 92 4 76414 15500 15592
572 60999 63 3 76527 15465 15528
518 61035 90 4 76617 15492 15582
907 61042 83 3 76800 15675 15758
232 68665 22 1 76822 8135 8157
855 61071 84 3 76906 15751 15835
744 61213 89 3 77045 15743 15832
512 61300 75 1 77070 15695 15770
72 61312 99 4 77119 15708 15807
23 61351 73 2 77242 15818 15891
67 69047 38 4 77280 8195 8233
343 61652 71 3 77301 15578 15649
620 61660 88 4 77389 15641 15729
983 69225 38 3 77427 8164 8202
738 61715 95 2 77572 15762 15857
475 61826 94 4 77616 15696 15790
926 61896 94 4 77660 15670 15764
12 61998 54 4 77664 15612 15666
901 62157 81 2 77895 15657 15738
509 62350 79 4 77924 15495 15574
994 62350 75 3 77949 15524 15599
764 62517 71 1 78120 15532 15603
727 62528 72 3 78242 15642 15714
340 62831 81 3 78323 15411 15492
80 63289 76 4 78449 15084 15160
390 63371 85 3 78484 15028 15113
799 63418 70 4 78504 15016 15086
8 63469 73 3 78577 15035 15108
669 70542 50 3 78727 8135 8185
381 63580 65 1 78742 15097 15162
852 63593 68 3 78810 15149 15217
411 63628 76 3 78886 15182 15258
597 63665 82 4 78918 15171 15253
506 63709 76 3 78944 15159 15235
766 63731 67 4 78961 15163 15230
96 63816 54 4 79065 15195 15249
622 63906 94 4 79109 15109 15203
200 63916 51 4 79110 15143 15194
393 63943 83 2 79143 15117 15200
123 63957 52 2 79145 15136 15188
120 63978 89 4 79184 15117 15206
610 63982 84 1 79268 15202 15286
527 64006 59 4 79277 15212 15271
769 64009 60 4 79287 15218 15278
823 64071 56 4 79293 15166 15222
16 64181 84 2 79377 15112 15196
711 64246 92 4 79469 15131 15223
239 64248 60 2 79679 15371 15431
196 64250 68 4 79697 15379 15447
814 71787 47 4 79744 7910 7957
684 64395 60 2 79804 15349 15409
723 64415 51 3 79905 15439 15490
171 64554 86 2 79991 15351 15437
804 64556 76 3 80017 15385 15461
843 72045 48 3 80065 7972 8020
273 64616 62 3 80127 15449 15511
900 64678 58 2 80135 15399 15457
198 64679 86 4 80171 15406 15492
519 64721 83 2 80204 15400 15483
730 64765 93 4 80247 15389 15482
365 64865 80 4 80327 15382 15462
112 65072 70 4 80397 15255 15325
131 65195 97 3 80494 15202 15299
140 65200 93 2 80537 15244 15337
563 65216 74 3 80561 15271 15345
341 65239 88 3 80599 15272 15360
510 65280 85 2 80684 15319 15404
881 65327 94 1 80778 15357 15451
817 65361 95 4 80873 15417 15512
280 65412 61 4 80884 15411 15472
641 65473 88 4 80922 15361 15449
402 73315 34 3 81006 7657 7691
503 65615 61 1 81017 15341 15402
529 65900 63 4 81180 15217 15280
774 65901 74 4 81204 15229 15303
220 65907 81 3 81235 15247 15328
145 65972 84 3 81269 15213 15297
222 66037 68 3 81287 15182 15250
206 66117 91 4 81328 15120 15211
908 66267 64 3 81392 15061 15125
559 66275 81 4 81423 15067 15148
656 66311 95 1 81518 15112 15207
885 66378 69 4 81587 15140 15209
102 66406 88 2 81625 15131 15219
372 66457 100 2 81675 15118 15218
806 66478 51 4 81676 15147 15198
34 66626 80 2 81756 15050 15130
507 66761 67 1 81873 15045 15112
630 66763 68 3 81891 15060 15128
890 66802 60 4 81901 15039 15099
336 66964 74 2 81925 14887 14961
350 67154 51 2 81976 14771 14822
363 67188 93 4 82069 14788 14881
476 67274 95 4 82214 14845 14940
466 67274 61 4 82225 14890 14951
247 67299 51 2 82276 14926 14977
863 67311 77 4 82303 14915 14992
957 67411 94 3 82447 14942 15036
199 75638 48 3 82495 6809 6857
671 67799 64 4 82609 14746 14810
46 75700 35 3 82644 6909 6944
60 67839 70 3 82664 14755 14825
850 68110 89 3 82803 14604 14693
617 68309 69 2 82972 14594 14663
576 68385 81 4 83003 14537 14618
936 68388 90 1 83043 14565 14655
205 68461 74 4 83067 14532 14606
495 68513 72 4 83089 14504 14576
360 68572 63 4 83102 14467 14530
440 68626 55 4 83107 14426 14481
756 68633 78 2 83135 14424 14502
13 68642 59 4 83144 14443 14502
796 68673 89 3 83233 14471 14560
166 68780 82 4 83265 14403 14485
688 68819 94 3 83309 14396 14490
581 68994 64 3 83323 14265 14329
185 69011 90 4 83363 14262 14352
708 77291 37 4 83450 6122 6159
210 69199 80 4 83480 14201 14281
92 69248 61 1 83491 14182 14243
662 69253 100 3 83591 14238 14338
453 69466 93 3 83684 14125 14218
722 69493 91 4 83725 14141 14232
972 69498 76 4 83751 14177 14253
705 69525 75 3 83826 14226 14301
237 69678 92 3 83968 14198 14290
869 69738 97 4 84065 14230 14327
61 69753 83 3 84098 14262 14345
406 69826 77 3 84175 14272 14349
386 69835 58 4 84183 14290 14348
187 69910 87 4 84270 14273 14360
914 70092 67 2 84287 14128 14195
809 70136 84 2 84321 14101 14185
491 70412 57 2 84428 13959 14016
593 70511 60 3 84488 13917 13977
928 70526 75 4 84513 13912 13987
803 70594 52 4 84515 13869 13921
149 70622 84 4 84549 13843 13927
86 70864 82 4 84781 13835 13917
422 70918 85 2 84816 13813 13898
875 71292 70 4 84886 13524 13594
65 71524 66 2 84902 13312 13378
660 71646 82 4 84934 13206 13288
163 71686 52 3 84936 13198 13250
605 71692 86 3 84972 13194 13280
531 71694 68 3 85040 13278 13346
922 71697 85 4 85075 13293 13378
616 71818 51 2 85076 13207 13258
391 71914 96 1 85172 13162 13258
243 71928 59 4 85181 13194 13253
732 71964 94 4 85225 13167 13261
117 72082 73 1 85298 13143 13216
653 72406 72 2 85320 12842 12914
976 72583 98 2 85418 12737 12835
920 72680 97 3 85465 12688 12785
600 80424 41 4 85506 5041 5082
201 72973 52 3 85608 12583 12635
569 73006 76 3 85634 12552 12628
83 73062 65 2 85699 12572 12637
946 73280 85 3 85784 12419 12504
525 73455 88 3 85822 12279 12367
100 73521 81 4 85853 12251 12332
977 73571 91 2 85894 12232 12323
89 74066 65 4 85959 11828 11893
618 74250 77 4 85986 11659 11736
228 74365 80 3 86066 11621 11701
125 74597 85 2 86151 11469 11554
407 74708 83 3 86184 11393 11476
761 74722 69 1 86203 11412 11481
505 75069 66 2 86219 11084 11150
82 75213 81 1 86250 10956 11037
300 75239 85 4 86285 10961 11046
841 75244 56 4 86291 10991 11047
474 75364 73 4 86314 10877 10950
573 75503 96 1 86360 10761 10857
767 75523 78 3 86388 10787 10865
522 75666 93 3 86431 10672 10765
28 75673 95 1 86476 10708 10803
394 75821 77 4 86603 10705 10782
790 75897 72 1 86625 10656 10728
697 76057 57 4 86632 10518 10575
540 76094 69 4 86651 10488 10557
285 76131 71 4 86722 10520 10591
7 76732 73 4 86745 9940 10013
352 83343 41 3 86936 3552 3593
175 77255 90 4 87026 9681 9771
167 77434 66 1 87142 9642 9708
651 77537 94 3 87236 9605 9699
935 83705 47 1 87283 3531 3578
292 77806 96 4 87329 9427 9523
430 77871 86 1 87365 9408 9494
111 77889 87 4 87402 9426 9513
941 77964 81 3 87433 9388 9469
291 78075 60 4 87443 9308 9368
413 84147 39 1 87482 3296 3335
849 78200 99 2 87531 9232 9331
713 78385 96 4 87577 9096 9192
950 78453 95 4 87622 9074 9169
305 78564 80 4 87702 9058 9138
570 78853 73 2 87725 8799 8872
676 78890 78 3 87753 8785 8863
368 78947 64 3 87767 8756 8820
707 78961 57 2 87774 8756 8813
634 79166 75 3 87849 8608 8683
289 84862 48 3 87897 2987 3035
575 79547 84 4 87931 8300 8384
347 79771 95 1 88026 8160 8255
659 79980 74 4 88050 7996 8070
638 80295 87 4 88187 7805 7892
271 80431 98 3 88235 7706 7804
644 80516 77 3 88262 7669 7746
156 80748 96 4 88308 7464 7560
93 80792 99 4 88357 7466 7565
429 81302 95 4 88402 7005 7100
851 81456 69 4 88421 6896 6965
344 81529 73 4 88444 6842 6915
826 82621 87 4 88581 5873 5960
949 82629 74 3 88605 5902 5976
367 82879 93 4 88648 5676 5769
85 83150 96 2 88694 5448 5544
487 83209 98 3 88742 5435 5533
405 86812 50 2 88792 1930 1980
981 83304 63 2 88805 5438 5501
825 83360 75 3 88880 5445 5520
420 83477 73 3 88903 5353 5426
339 83487 82 4 88935 5366 5448
101 83494 92 4 89077 5491 5583
601 84427 76 3 89203 4700 4776
791 84763 91 4 89244 4390 4481
384 85068 81 2 89325 4176 4257
584 85271 70 4 89345 4004 4074
700 85303 57 1 89352 3992 4049
886 86072 60 3 89412 3280 3340
195 86228 77 1 89439 3134 3211
90 88561 37 2 89476 878 915
253 86891 91 3 89567 2585 2676
871 87109 92 3 89609 2408 2500
924 87137 52 1 89611 2422 2474
902 87144 56 3 89617 2417 2473
223 87481 67 2 89634 2086 2153
633 87812 96 4 89680 1772 1868
599 89326 43 4 89723 354 397
314 88302 67 2 89740 1371 1438
452 88805 63 3 89803 935 998
2 89411 84 2 89837 342 426
460 90056 60 2 90116 0 60
426 90187 95 3 90282 0 95
401 90352 79 1 90431 0 79
934 90706 84 2 90790 0 84
153 90713 87 2 90877 77 164
39 90962 71 1 91033 0 71
877 91127 44 3 91171 0 44
279 91213 64 3 91277 0 64
264 91325 95 1 91420 0 95
606 92528 51 4 92579 0 51
53 92626 48 4 92674 0 48
358 92942 98 3 93040 0 98
628 93345 63 2 93408 0 63
603 93888 66 2 93954 0 66
652 95540 98 4 95638 0 98
478 95559 95 4 95733 79 174
778 95946 93 4 96039 0 93
468 96376 27 4 96403 0 27
718 97272 51 3 97323 0 51
160 98530 87 4 98617 0 87
277 98611 42 1 98659 6 48
734 99063 95 3 99158 0 95
144 100000 43 4 100043 0 43
385 100000 96 3 100239 143 239
813 100000 84 2 100273 189 273
701 100000 72 3 100295 223 295
