100417 1000 1366 1306
414 0 26 4 26 0 26
44 0 71 2 97 26 97
225 0 75 2 172 97 172
717 0 99 4 271 172 271
537 993 90 4 1083 0 90
230 2093 64 1 2157 0 64
706 2213 82 3 2295 0 82
980 2441 67 2 2508 0 67
621 2575 58 4 2633 0 58
868 3057 61 4 3118 0 61
106 6496 79 4 6575 0 79
966 7418 24 3 7442 0 24
582 7613 90 2 7703 0 90
828 8291 72 4 8363 0 72
787 8844 72 2 8916 0 72
872 9493 31 3 9524 0 31
234 9939 85 2 10024 0 85
928 10310 71 4 10381 0 71
745 10561 69 4 10630 0 69
443 10693 89 4 10782 0 89
656 11011 53 4 11064 0 53
219 11027 65 4 11129 37 102
154 10956 73 3 11147 118 191
969 11231 45 1 11276 0 45
180 11228 47 4 11320 45 92
545 11286 69 3 11389 34 103
210 12004 63 4 12067 0 63
767 12208 40 4 12248 0 40
583 12228 72 2 12320 20 92
449 12392 58 2 12450 0 58
957 12457 57 4 12514 0 57
808 13249 64 2 13313 0 64
356 13428 36 3 13464 0 36
810 13838 50 4 13888 0 50
643 13937 83 1 14020 0 83
605 14187 37 3 14224 0 37
993 14482 70 4 14552 0 70
133 14804 71 4 14875 0 71
382 15034 46 2 15080 0 46
431 15206 62 4 15268 0 62
220 15119 98 4 15279 62 160
637 15435 44 3 15479 0 44
848 15487 65 3 15552 0 65
268 16098 50 3 16148 0 50
715 16173 57 2 16230 0 57
462 16087 65 2 16259 107 172
707 16343 41 4 16384 0 41
518 16896 42 3 16938 0 42
164 16901 66 4 17004 37 103
607 17068 77 2 17145 0 77
825 17287 50 3 17337 0 50
748 17744 53 4 17797 0 53
743 17846 69 2 17915 0 69
776 17920 93 4 18013 0 93
609 18168 56 3 18224 0 56
953 18522 47 4 18569 0 47
624 18539 85 4 18654 30 115
541 18668 79 3 18747 0 79
428 19008 55 3 19063 0 55
25 19187 57 3 19244 0 57
846 19407 75 3 19482 0 75
2 19488 48 3 19536 0 48
32 19490 54 2 19590 46 100
34 19613 56 4 19669 0 56
26 19713 67 3 19780 0 67
24 19491 83 4 19796 222 305
871 19834 40 3 19874 0 40
929 19897 39 4 19936 0 39
295 19829 83 2 19991 79 162
933 20391 53 3 20444 0 53
339 20780 56 3 20836 0 56
159 20873 71 4 20944 0 71
393 20983 51 4 21034 0 51
895 21073 61 2 21134 0 61
430 21057 75 4 21193 61 136
353 21399 79 3 21478 0 79
170 21629 74 2 21703 0 74
149 21786 53 4 21839 0 53
211 21809 53 3 21892 30 83
680 21714 73 1 21893 106 179
693 22144 35 2 22179 0 35
302 22520 30 3 22550 0 30
125 22454 71 4 22555 30 101
676 22626 41 4 22667 0 41
442 22642 65 4 22732 25 90
634 22637 65 2 22797 95 160
16 23086 61 3 23147 0 61
70 23363 57 3 23420 0 57
238 23349 69 4 23475 57 126
277 23565 76 2 23641 0 76
997 23711 49 3 23760 0 49
940 23774 20 3 23794 0 20
894 23723 55 2 23835 57 112
678 23959 51 3 24010 0 51
50 23889 81 2 24021 51 132
484 24183 65 3 24248 0 65
730 24813 39 4 24852 0 39
388 24891 47 3 24938 0 47
716 25029 57 2 25086 0 57
820 25007 60 2 25124 57 117
155 24943 65 2 25125 117 182
156 24828 66 2 25147 253 319
799 24779 68 1 25181 334 402
694 24788 77 4 25258 393 470
604 25303 68 3 25371 0 68
754 25624 68 2 25692 0 68
362 25635 70 3 25762 57 127
496 25737 71 3 25833 25 96
890 26097 85 4 26182 0 85
939 26379 35 3 26414 0 35
627 26653 72 4 26725 0 72
187 26791 56 2 26847 0 56
557 26868 49 4 26917 0 49
441 26795 58 3 26954 101 159
368 27322 43 4 27365 0 43
596 27312 59 4 27414 43 102
372 27336 75 4 27489 78 153
522 27634 38 2 27672 0 38
859 27620 55 2 27754 79 134
672 27659 55 2 27768 54 109
775 27655 57 4 27825 113 170
203 27893 41 2 27934 0 41
908 27798 69 1 27935 68 137
653 27963 59 4 28022 0 59
857 27584 71 4 28029 374 445
618 27975 71 3 28100 54 125
513 28155 42 2 28197 0 42
670 28241 57 4 28298 0 57
783 28575 35 2 28610 0 35
412 28766 68 4 28834 0 68
334 29133 60 4 29193 0 60
488 29070 70 3 29200 60 130
489 29270 45 2 29315 0 45
195 29215 71 4 29331 45 116
461 29095 82 4 29398 221 303
777 29570 53 2 29623 0 53
497 29588 59 4 29682 35 94
183 29724 20 3 29744 0 20
131 29772 41 2 29813 0 41
391 29840 62 4 29902 0 62
79 29948 49 3 29997 0 49
137 30015 50 3 30065 0 50
747 29927 57 4 30083 99 156
141 29782 81 2 30112 249 330
864 29727 83 4 30167 357 440
608 30173 66 2 30239 0 66
662 30244 54 2 30298 0 54
619 30343 70 4 30413 0 70
432 30238 73 4 30436 125 198
161 30477 65 3 30542 0 65
753 29939 84 3 30579 556 640
345 30853 52 3 30905 0 52
285 30930 73 2 31003 0 73
861 31156 38 1 31194 0 38
216 31246 31 3 31277 0 31
543 31292 49 3 31341 0 49
478 31220 73 2 31373 80 153
639 31105 78 4 31374 191 269
547 31359 79 3 31453 15 94
601 31580 44 4 31624 0 44
229 31670 66 2 31736 0 66
64 31737 25 3 31762 0 25
723 31745 55 3 31817 17 72
320 31887 72 1 31959 0 72
369 32002 48 4 32050 0 48
21 32007 53 3 32103 43 96
311 32115 54 4 32169 0 54
642 32021 57 3 32214 136 193
456 32119 62 2 32276 95 157
409 32065 63 4 32339 211 274
987 32353 42 3 32395 0 42
746 32111 71 3 32452 270 341
838 32456 66 3 32522 0 66
253 31878 76 2 32542 588 664
65 32585 29 4 32614 0 29
578 31849 76 1 32618 693 769
236 32650 67 4 32717 0 67
78 32736 39 3 32775 0 39
654 32665 77 4 32833 91 168
303 32323 82 4 32883 478 560
69 32898 44 2 32942 0 44
235 32998 56 2 33054 0 56
616 32953 62 2 33071 56 118
875 33089 22 3 33111 0 22
625 32919 67 4 33149 163 230
532 33218 60 2 33278 0 60
964 33154 69 4 33283 60 129
91 33301 52 3 33353 0 52
572 33371 33 1 33404 0 33
623 33397 43 3 33447 7 50
517 33424 46 3 33493 23 69
732 33330 65 4 33540 145 210
176 33645 41 3 33686 0 41
918 33591 59 2 33691 41 100
265 33492 65 2 33705 148 213
954 33497 66 3 33771 208 274
8 33635 69 2 33840 136 205
262 33588 70 4 33910 252 322
883 33701 70 2 33980 209 279
910 34057 69 4 34126 0 69
184 34197 64 1 34261 0 64
175 33906 74 3 34261 281 355
244 33355 74 3 34261 832 906
62 34301 30 4 34331 0 30
423 34278 54 3 34362 30 84
879 34363 25 3 34388 0 25
683 34398 65 2 34463 0 65
299 34489 44 4 34533 0 44
816 34504 46 3 34579 29 75
769 34140 74 1 34599 385 459
947 34625 39 3 34664 0 39
63 34337 75 4 34713 301 376
374 34742 46 4 34788 0 46
221 34736 52 3 34834 46 98
105 34840 55 4 34895 0 55
979 34961 36 3 34997 0 36
323 35010 33 1 35043 0 33
511 35062 38 4 35100 0 38
664 35044 52 4 35134 38 90
809 34955 57 4 35171 159 216
452 34741 70 3 35175 364 434
843 34734 72 4 35245 439 511
152 34370 75 3 35299 854 929
135 35369 51 3 35420 0 51
101 35321 82 2 35454 51 133
774 32912 88 4 35497 2497 2585
920 31637 90 3 35506 3779 3869
677 35516 39 1 35555 0 39
631 35563 43 4 35606 0 43
37 35701 30 2 35731 0 30
885 35689 47 2 35766 30 77
762 35719 48 3 35814 47 95
658 35874 56 1 35930 0 56
784 35859 60 2 35975 56 116
702 36004 41 3 36045 0 41
530 35757 88 2 36059 214 302
531 36161 34 2 36195 0 34
342 36123 51 4 36208 34 85
794 36060 70 3 36215 85 155
185 36560 47 3 36607 0 47
267 36545 53 3 36645 47 100
729 36681 44 1 36725 0 44
934 36734 66 2 36800 0 66
548 36823 63 4 36886 0 63
798 36908 48 4 36956 0 48
819 37018 42 3 37060 0 42
907 36970 52 2 37064 42 94
800 36727 68 4 37066 271 339
31 36594 77 3 37105 434 511
346 37162 60 4 37222 0 60
366 37279 39 4 37318 0 39
204 37232 56 4 37327 39 95
822 37157 71 3 37383 155 226
455 37408 56 4 37464 0 56
214 36813 78 2 37465 574 652
132 37522 63 3 37585 0 63
590 37423 81 4 37609 105 186
386 37615 67 1 37682 0 67
936 37665 68 3 37750 17 85
516 37872 36 3 37908 0 36
201 37893 41 4 37949 15 56
758 37902 48 3 37997 47 95
329 38009 50 4 38059 0 50
108 37851 55 4 38081 175 230
202 37834 68 4 38132 230 298
72 37913 71 2 38203 219 290
740 38242 63 1 38305 0 63
35 38143 74 3 38340 123 197
118 38264 74 1 38414 76 150
420 37754 80 4 38414 580 660
882 38452 62 3 38533 19 81
408 38495 62 3 38576 19 81
780 38585 26 4 38611 0 26
649 38433 69 4 38652 150 219
892 38636 73 3 38725 16 89
254 38728 60 2 38788 0 60
127 38774 79 2 38867 14 93
395 37751 83 1 38925 1091 1174
266 39049 40 4 39089 0 40
788 39007 50 3 39097 40 90
27 39091 61 1 39158 6 67
540 38949 64 1 39164 151 215
945 39181 52 3 39233 0 52
801 39251 48 3 39299 0 48
760 38963 82 4 39346 301 383
190 39378 54 4 39432 0 54
698 38212 84 4 39460 1164 1248
445 39512 28 1 39540 0 28
960 39178 84 1 39572 310 394
447 39573 69 4 39642 0 69
901 36546 91 2 39725 3088 3179
373 39769 28 1 39797 0 28
119 39889 57 3 39946 0 57
241 40192 53 4 40245 0 53
68 40242 53 3 40298 3 56
830 40232 54 4 40352 66 120
651 40189 66 4 40415 160 226
561 40266 71 2 40486 149 220
306 40492 29 4 40521 0 29
473 40520 71 3 40592 1 72
458 40622 62 2 40684 0 62
167 40720 45 3 40765 0 45
200 40602 70 2 40779 107 177
440 40795 39 4 40834 0 39
90 40869 45 3 40914 0 45
566 40919 35 3 40954 0 35
405 40855 50 2 40985 80 130
610 40277 73 3 41005 655 728
396 41055 42 2 41097 0 42
142 40283 74 3 41121 764 838
523 41149 34 3 41183 0 34
48 41108 76 3 41231 47 123
553 41237 34 4 41271 0 34
305 40617 79 3 41344 648 727
669 40663 82 4 41426 681 763
916 41502 66 2 41568 0 66
117 41528 75 4 41643 40 115
97 40754 85 3 41652 813 898
985 41685 39 1 41724 0 39
926 41713 65 4 41789 11 76
581 41744 72 4 41861 45 117
972 41864 76 4 41940 0 76
849 41818 77 4 42014 119 196
691 41815 78 4 42092 199 277
475 41627 89 2 42148 432 521
946 40539 91 4 42239 1609 1700
728 42319 36 4 42355 0 36
186 42245 79 4 42360 36 115
169 42386 33 4 42419 0 33
878 42482 51 4 42533 0 51
785 42496 53 4 42586 37 90
71 42603 54 4 42657 0 54
708 42690 58 4 42748 0 58
280 42545 67 4 42765 153 220
602 42803 59 4 42862 0 59
444 42902 47 1 42949 0 47
84 42967 36 4 43003 0 36
710 42993 50 1 43053 10 60
873 42869 62 4 43064 133 195
162 42475 77 3 43089 537 614
889 43117 57 3 43174 0 57
23 42852 88 4 43234 294 382
113 40557 92 2 43238 2589 2681
663 40348 93 2 43331 2890 2983
85 43432 42 4 43474 0 42
274 43414 43 2 43499 42 85
942 42114 94 2 43510 1302 1396
737 43582 33 2 43615 0 33
99 43562 64 3 43659 33 97
917 43753 53 2 43806 0 53
411 43710 56 4 43819 53 109
494 43798 57 4 43876 21 78
622 43825 60 2 43936 51 111
237 43878 67 1 44003 58 125
9 44019 61 2 44080 0 61
948 44093 53 3 44146 0 53
30 44206 62 2 44268 0 62
528 44166 70 3 44298 62 132
568 43801 71 2 44320 448 519
398 44357 31 4 44388 0 31
900 44361 34 1 44422 27 61
981 44322 46 3 44433 65 111
378 44378 56 4 44489 55 111
107 44433 60 2 44549 56 116
179 43681 75 2 44593 837 912
749 44616 30 3 44646 0 30
464 44664 43 4 44707 0 43
705 44626 45 1 44734 63 108
160 44595 53 3 44766 118 171
278 44826 62 4 44888 0 62
59 44889 63 2 44952 0 63
786 44982 40 1 45022 0 40
684 44959 46 1 45045 40 86
335 45049 55 4 45104 0 55
886 45005 62 4 45162 95 157
630 45188 39 3 45227 0 39
538 45107 62 3 45263 94 156
938 45053 73 2 45336 210 283
632 44004 77 3 45343 1262 1339
487 45298 78 3 45421 45 123
778 45428 47 4 45475 0 47
584 45483 40 1 45523 0 40
364 45483 67 1 45590 40 107
74 43558 81 4 45639 2000 2081
927 45694 60 4 45754 0 60
360 45841 33 1 45874 0 33
896 45821 36 2 45890 33 69
88 45768 63 4 45900 69 132
232 45621 81 4 45903 201 282
194 45928 70 4 45998 0 70
215 45182 83 2 46056 791 874
242 46064 68 4 46132 0 68
166 46229 21 4 46250 0 21
687 46230 45 4 46295 20 65
207 46193 60 3 46319 66 126
67 46369 62 4 46431 0 62
56 46278 64 4 46445 103 167
500 46258 65 3 46510 187 252
992 46527 65 4 46592 0 65
943 46625 61 1 46686 0 61
178 46514 70 2 46710 126 196
93 46335 75 2 46781 371 446
400 46821 74 4 46895 0 74
971 46900 52 4 46952 0 52
996 46909 68 2 47020 43 111
46 47037 49 4 47086 0 49
644 47083 63 3 47149 3 66
791 47179 57 3 47236 0 57
146 46943 70 4 47259 246 316
594 47268 30 2 47298 0 30
570 47268 57 4 47355 30 87
635 47322 64 2 47419 33 97
479 46742 79 3 47444 623 702
725 47031 81 3 47525 413 494
392 47570 20 2 47590 0 20
986 47616 45 3 47661 0 45
269 47592 66 4 47703 45 111
876 47591 72 4 47774 111 183
524 47562 77 4 47842 203 280
874 46978 83 1 47888 827 910
847 45239 84 2 47903 2580 2664
515 47954 57 1 48011 0 57
818 48016 57 2 48073 0 57
363 48093 66 3 48159 0 66
437 47459 86 3 48169 624 710
312 45800 86 1 48255 2369 2455
425 48269 40 3 48309 0 40
650 48360 28 4 48388 0 28
313 48269 68 3 48405 68 136
343 48474 63 4 48537 0 63
341 48459 72 4 48594 63 135
344 48619 23 2 48642 0 23
962 48620 53 4 48695 22 75
533 48626 73 4 48768 69 142
480 48777 43 4 48820 0 43
674 48812 64 2 48884 8 72
661 48848 71 4 48962 43 114
686 49048 44 2 49092 0 44
731 49069 51 3 49143 23 74
576 49168 43 4 49211 0 43
536 49128 55 4 49241 58 113
655 49244 43 4 49287 0 43
438 49175 57 4 49341 109 166
506 49235 60 4 49436 141 201
247 49366 60 4 49461 35 95
460 49512 27 3 49539 0 27
842 49537 33 4 49572 2 35
291 49529 57 4 49629 43 100
795 49568 58 3 49687 61 119
755 49595 61 4 49748 92 153
734 49039 62 4 49750 649 711
485 49006 63 3 49780 711 774
476 49585 63 2 49843 195 258
659 49893 61 2 49954 0 61
80 49774 64 3 49968 130 194
914 49661 65 4 50033 307 372
913 50059 49 2 50108 0 49
77 50110 51 4 50161 0 51
292 49974 65 3 50198 159 224
100 50229 53 2 50282 0 53
103 49775 65 2 50316 476 541
867 50224 66 4 50382 92 158
587 50388 51 4 50439 0 51
327 50574 40 1 50614 0 40
338 50525 57 4 50622 40 97
102 49381 66 3 50662 1215 1281
287 49468 66 3 50662 1128 1194
463 49396 69 2 50731 1266 1335
858 50807 30 2 50837 0 30
573 50777 35 4 50842 30 65
812 50836 42 2 50884 6 48
123 50776 44 3 50927 107 151
722 50931 41 2 50972 0 41
350 50780 50 3 51068 238 288
205 50834 50 3 51068 184 234
163 51076 33 4 51109 0 33
498 51074 43 4 51150 33 76
28 51165 38 4 51203 0 38
803 50966 58 3 51240 216 274
245 51242 56 4 51298 0 56
151 51028 62 3 51358 268 330
571 51450 59 3 51509 0 59
304 51401 65 4 51525 59 124
171 51568 50 4 51618 0 50
507 51431 65 3 51640 144 209
39 51276 66 4 51663 321 387
869 51767 45 2 51812 0 45
854 51711 57 4 51813 45 102
833 51815 42 1 51857 0 42
665 51858 50 3 51908 0 50
283 51935 50 4 51985 0 50
19 51928 51 4 52029 50 101
272 52095 49 2 52144 0 49
301 52048 58 3 52155 49 107
855 51713 61 2 52174 400 461
909 52180 50 3 52230 0 50
300 52177 51 2 52278 50 101
349 52175 54 3 52330 101 155
641 52337 52 3 52389 0 52
888 51662 66 2 52399 671 737
307 52424 38 2 52462 0 38
555 52456 50 4 52512 6 56
802 50478 70 4 52512 1964 2034
418 48948 71 4 52532 3513 3584
645 52577 57 2 52634 0 57
903 52654 27 1 52681 0 27
66 52669 40 2 52721 12 52
446 52644 63 4 52774 67 130
326 52593 69 4 52833 171 240
951 52861 43 4 52904 0 43
956 52995 32 3 53027 0 32
213 52937 40 4 53031 54 94
358 52955 40 4 53049 54 94
991 52998 49 4 53098 51 100
554 52723 70 3 53107 314 384
539 53128 29 3 53157 0 29
246 50312 71 3 53162 2779 2850
870 51023 72 4 53234 2139 2211
741 53252 51 2 53303 0 51
96 53266 55 1 53358 37 92
884 53394 60 4 53454 0 60
837 53469 50 4 53519 0 50
457 53562 58 1 53620 0 58
466 53662 43 1 53705 0 43
120 50287 72 3 53714 3355 3427
328 53089 72 3 53714 553 625
877 53556 72 3 53767 139 211
61 53787 50 2 53837 0 50
193 53659 72 2 53889 158 230
703 53968 56 2 54024 0 56
829 54046 56 3 54102 0 56
744 54121 42 4 54163 0 42
766 50447 73 4 54262 3742 3815
98 51048 73 4 54262 3141 3214
218 53373 73 4 54262 816 889
318 54265 62 4 54327 0 62
394 54336 50 3 54386 0 50
281 54417 39 4 54456 0 39
865 54477 41 2 54518 0 41
977 54269 67 3 54524 188 255
53 54585 32 3 54617 0 32
988 54553 61 4 54646 32 93
738 54681 59 2 54740 0 59
550 51356 73 4 54746 3317 3390
626 54764 48 1 54812 0 48
271 53794 73 3 54867 1000 1073
862 52359 74 4 55015 2582 2656
380 52454 74 4 55015 2487 2561
222 55051 62 1 55113 0 62
174 55223 28 3 55251 0 28
399 55284 41 2 55325 0 41
22 55207 49 4 55325 69 118
736 55364 39 4 55403 0 39
282 55398 43 3 55446 5 48
679 55413 45 4 55491 33 78
286 55201 54 4 55500 245 299
293 55504 33 1 55537 0 33
347 55565 31 4 55596 0 31
924 55586 43 3 55639 10 53
521 55682 36 4 55718 0 36
835 55636 47 4 55722 39 86
228 55541 48 4 55746 157 205
567 55770 44 3 55814 0 44
950 55612 54 4 55844 178 232
667 55309 55 4 55891 527 582
697 55912 48 3 55960 0 48
128 55491 56 2 55995 448 504
348 56002 52 4 56054 0 52
58 55632 58 4 56105 415 473
252 56203 44 4 56247 0 44
968 56160 58 2 56262 44 102
591 55556 59 4 56266 651 710
129 55609 59 2 56325 657 716
331 56384 40 4 56424 0 40
403 56424 50 1 56474 0 50
256 56475 44 3 56519 0 44
967 56569 38 1 56607 0 38
598 56462 58 3 56614 94 152
165 56080 61 3 56616 475 536
921 56472 64 1 56680 144 208
481 55943 65 4 56745 737 802
424 56503 65 1 56810 242 307
613 56417 66 4 56876 393 459
770 56936 53 4 56989 0 53
410 55204 66 3 56995 1725 1791
158 57031 67 1 57098 0 67
551 56271 70 1 57132 791 861
467 57198 44 3 57242 0 44
636 56381 72 3 57248 795 867
75 57281 61 1 57342 0 61
949 57349 57 1 57406 0 57
932 57347 66 3 57470 57 123
508 56402 73 4 57505 1030 1103
620 49711 74 3 57529 7744 7818
263 53505 74 3 57529 3950 4024
196 57566 54 3 57620 0 54
279 57682 47 4 57729 0 47
270 57868 36 4 57904 0 36
831 57833 56 2 57925 36 92
652 57928 45 3 57973 0 45
18 57787 63 1 57987 137 200
617 57756 66 2 58022 200 266
451 58100 51 3 58151 0 51
172 58061 53 3 58165 51 104
891 58209 61 4 58270 0 61
695 58057 63 2 58285 165 228
401 58377 30 1 58407 0 30
367 58379 55 4 58462 28 83
666 58424 64 3 58526 38 102
42 58310 70 3 58529 149 219
510 57875 71 3 58540 594 665
55 58130 74 3 58614 410 484
919 51781 74 1 58636 6781 6855
615 51676 74 1 58636 6886 6960
564 58744 55 2 58799 0 55
474 58894 20 2 58914 0 20
181 58853 58 4 58931 20 78
660 58864 58 2 58989 67 125
603 59034 31 2 59065 0 31
982 58842 61 2 59070 167 228
173 59137 27 2 59164 0 27
699 59003 72 3 59169 94 166
611 59279 47 1 59326 0 47
336 59239 58 2 59344 47 105
448 58853 73 2 59347 421 494
1 58961 74 4 59421 386 460
147 58965 74 3 59495 456 530
3 59530 40 2 59570 0 40
589 59574 72 1 59646 0 72
768 58153 75 4 59681 1453 1528
333 57269 75 4 59681 2337 2412
226 56833 75 4 59681 2773 2848
138 59802 43 4 59845 0 43
5 56959 75 3 59874 2840 2915
735 58546 75 3 59874 1253 1328
477 59878 53 2 59931 0 53
501 60038 50 3 60088 0 50
136 59977 62 1 60089 50 112
470 60098 40 3 60138 0 40
574 60156 34 1 60190 0 34
542 59964 67 2 60217 186 253
390 58987 75 3 60255 1193 1268
330 51015 75 1 60330 9240 9315
115 48469 76 3 60372 11827 11903
585 60470 62 4 60532 0 62
526 60466 65 3 60593 62 127
782 60605 68 3 60673 0 68
255 60596 70 3 60734 68 138
492 60729 71 2 60805 5 76
505 60909 67 3 60976 0 67
340 58618 77 4 61006 2311 2388
880 56360 77 4 61006 4569 4646
648 55898 77 4 61006 5031 5108
316 51660 77 4 61083 9346 9423
863 61096 71 4 61167 0 71
668 61301 70 4 61371 0 70
49 61376 44 3 61420 0 44
752 51817 77 3 61422 9528 9605
198 60053 77 3 61422 1292 1369
726 61491 38 1 61529 0 38
224 54287 77 3 61545 7181 7258
14 61609 77 4 61686 0 77
314 61500 77 3 61691 114 191
490 61692 50 2 61742 0 50
765 56587 77 1 61818 5154 5231
199 61868 49 2 61917 0 49
720 61981 28 3 62009 0 28
832 61940 53 3 62021 28 81
122 61857 65 4 62052 130 195
739 62065 64 2 62129 0 64
763 62141 48 3 62189 0 48
421 62233 32 3 62265 0 32
559 62291 33 4 62324 0 33
834 62285 44 3 62362 33 77
681 62346 67 3 62429 16 83
290 62431 45 4 62476 0 45
308 62450 54 4 62530 26 80
806 62550 70 1 62620 0 70
60 53079 78 4 62626 9469 9547
465 49055 78 4 62626 13493 13571
633 50377 78 4 62704 12249 12327
231 62779 32 4 62811 0 32
978 62801 67 4 62878 10 77
789 62727 76 2 62902 99 175
544 62713 77 4 62965 175 252
385 49179 78 3 63034 13777 13855
941 63137 46 4 63183 0 46
965 63227 45 1 63272 0 45
804 63132 56 4 63279 91 147
355 63115 67 4 63329 147 214
124 63391 58 2 63449 0 58
628 63368 62 2 63488 58 120
379 63154 68 3 63517 295 363
823 63550 33 1 63583 0 33
468 63596 55 2 63651 0 55
73 63671 46 3 63717 0 46
233 63769 53 4 63822 0 53
700 63721 55 4 63829 53 108
52 63602 58 4 63863 203 261
944 63850 61 2 63924 13 74
112 63539 63 2 63963 361 424
419 64013 48 3 64061 0 48
36 64067 41 3 64108 0 41
469 63847 68 3 64120 205 273
733 63744 69 3 64189 376 445
797 63789 72 3 64261 400 472
7 63078 72 1 64274 1124 1196
898 64279 42 3 64321 0 42
365 64084 74 4 64464 306 380
384 63105 74 4 64464 1285 1359
689 64534 50 2 64584 0 50
675 64145 75 1 64589 369 444
759 64307 76 4 64665 282 358
144 64282 77 4 64742 383 460
406 61997 78 1 64854 2779 2857
139 51724 78 1 64854 13052 13130
110 58756 79 3 65046 6211 6290
83 53375 79 3 65046 11592 11671
43 65110 32 1 65142 0 32
33 65069 59 4 65160 32 91
935 61337 79 3 65182 3766 3845
983 51974 79 2 65261 13208 13287
404 65314 52 4 65366 0 52
552 65446 65 4 65511 0 65
771 65525 72 3 65597 0 72
640 65399 79 3 65615 137 216
673 65658 60 2 65718 0 60
970 65768 65 2 65833 0 65
682 65669 67 3 65850 114 181
217 65813 73 3 65923 37 110
354 65939 52 3 65991 0 52
212 65846 78 3 66053 129 207
417 58329 80 4 66084 7675 7755
413 56183 80 4 66084 9821 9901
126 66089 50 4 66139 0 50
153 66128 55 1 66194 11 66
790 66226 38 2 66264 0 38
499 60118 80 3 66307 6109 6189
325 51566 81 4 66388 14741 14822
826 66463 47 4 66510 0 47
779 66515 26 4 66541 0 26
906 66421 55 4 66549 73 128
337 66658 43 4 66701 0 43
952 66619 55 4 66717 43 98
273 66711 55 1 66772 6 61
381 66758 70 4 66842 14 84
856 66580 72 2 66875 223 295
439 66908 54 2 66962 0 54
646 66898 61 1 67013 54 115
751 67061 46 2 67107 0 46
361 67099 60 4 67167 8 68
150 67191 21 3 67212 0 21
509 67145 66 4 67254 43 109
472 66981 67 4 67273 225 292
227 67373 36 4 67409 0 36
586 67332 62 4 67430 36 98
821 66971 67 2 67438 400 467
692 67583 55 4 67638 0 55
114 67633 58 1 67696 5 63
182 67706 59 4 67765 0 59
527 67550 65 3 67787 172 237
209 67847 50 3 67897 0 50
562 67872 51 4 67948 25 76
690 67785 65 1 67953 103 168
89 67958 50 2 68008 0 50
860 67503 68 1 68045 474 542
931 68066 50 3 68116 0 50
504 68160 49 4 68209 0 49
961 68053 68 2 68220 99 167
840 67614 68 1 68259 577 645
764 67372 69 2 68263 822 891
592 68327 52 4 68379 0 52
911 68456 55 4 68511 0 55
579 67864 71 4 68512 577 648
95 67128 71 4 68512 1313 1384
714 68529 41 4 68570 0 41
793 67682 72 4 68625 871 943
599 66685 73 3 68675 1917 1990
718 68379 78 3 68753 296 374
223 68823 50 4 68873 0 50
841 67359 79 1 68882 1444 1523
580 66884 81 4 68963 1998 2079
757 69010 62 4 69072 0 62
796 69074 47 4 69121 0 47
999 69142 22 4 69164 0 22
332 69137 60 2 69219 22 82
593 69197 62 2 69281 22 84
958 69380 30 4 69410 0 30
359 69327 69 4 69426 30 99
145 69154 74 4 69454 226 300
415 69464 47 3 69511 0 47
569 69548 47 3 69595 0 47
82 69621 43 4 69664 0 43
897 69604 58 4 69705 43 101
852 69578 59 3 69755 118 177
275 69752 64 2 69857 41 105
249 69781 64 2 69883 38 102
805 69955 64 4 70019 0 64
130 69902 65 3 70031 64 129
357 70034 57 2 70091 0 57
817 69140 76 4 70098 882 958
87 69224 79 3 70177 874 953
577 59960 81 3 70210 10169 10250
811 59853 81 3 70210 10276 10357
959 70501 60 2 70561 0 60
459 70454 81 4 70595 60 141
905 70672 58 4 70730 0 58
922 52693 82 4 70737 17962 18044
836 63281 82 4 70737 7374 7456
94 56552 82 4 70737 14103 14185
429 51476 82 4 70737 19179 19261
197 70910 74 1 70984 0 74
454 48545 82 3 71057 22430 22512
20 69392 82 3 71057 1583 1665
11 52203 82 3 71057 18772 18854
853 71149 55 4 71204 0 55
588 71177 62 1 71266 27 89
319 71235 64 4 71330 31 95
709 71259 76 2 71406 71 147
742 71077 78 4 71412 257 335
491 71431 46 4 71477 0 46
435 71586 27 4 71613 0 27
839 71522 64 4 71613 27 91
140 71614 53 3 71667 0 53
310 71673 58 2 71731 0 58
157 71681 78 4 71809 50 128
563 56172 83 4 71967 15712 15795
990 56142 83 4 71967 15742 15825
427 54041 83 4 71967 17843 17926
556 71973 51 1 72024 0 51
486 72067 75 3 72142 0 75
387 56278 83 3 72259 15898 15981
375 57107 83 3 72259 15069 15152
712 72273 55 3 72328 0 55
923 72289 60 4 72388 39 99
298 50246 84 4 72542 22212 22296
866 59644 84 4 72542 12814 12898
111 51602 84 4 72626 20940 21024
261 53966 84 3 72710 18660 18744
289 55659 84 2 72794 17051 17135
134 72805 52 4 72857 0 52
317 72824 68 4 72925 33 101
657 72960 30 2 72990 0 30
40 73015 48 4 73063 0 48
239 72983 55 1 73093 55 110
250 73125 20 4 73145 0 20
407 73067 68 3 73181 46 114
881 64954 85 4 73220 8181 8266
560 73243 46 1 73289 0 46
844 73224 75 4 73345 46 121
937 73365 57 4 73422 0 57
206 73451 28 4 73479 0 28
549 73336 78 2 73508 94 172
259 73548 54 1 73602 0 54
240 73515 61 3 73630 54 115
512 73631 41 4 73672 0 41
397 73697 46 4 73743 0 46
296 73763 42 2 73805 0 42
12 73737 62 3 73847 48 110
629 73530 65 3 73886 291 356
17 73923 34 4 73957 0 34
109 73699 72 4 73992 221 293
773 45154 87 4 74000 28759 28846
807 74133 65 3 74198 0 65
57 74234 59 1 74293 0 59
688 74294 54 2 74348 0 54
546 69853 87 3 74352 4412 4499
614 54796 87 3 74352 19469 19556
984 74370 40 4 74410 0 40
116 74521 64 4 74585 0 64
294 56025 90 4 74636 18521 18611
288 43575 90 4 74636 30971 31061
450 74661 57 3 74718 0 57
376 74699 62 1 74780 19 81
519 74692 66 3 74846 88 154
761 74873 65 1 74938 0 65
321 74885 68 1 75006 53 121
973 75009 77 1 75086 0 77
402 75118 55 3 75173 0 55
76 75195 63 1 75258 0 63
575 75246 64 4 75322 12 76
495 75121 66 1 75366 179 245
51 75407 52 2 75459 0 52
503 75293 78 4 75496 125 203
383 59762 90 2 75499 15647 15737
792 75745 52 4 75797 0 52
685 75701 71 4 75824 52 123
297 75638 72 4 75833 123 195
143 67883 91 4 75876 7902 7993
535 73662 91 4 75876 2123 2214
258 48750 91 3 75967 27126 27217
647 75972 58 3 76030 0 58
483 44176 91 2 76116 31849 31940
177 43821 91 1 76207 32295 32386
243 76325 33 4 76358 0 33
416 76260 68 2 76361 33 101
257 76374 20 3 76394 0 20
121 48687 92 4 76420 27641 27733
975 54132 92 3 76512 22288 22380
15 76571 45 2 76616 0 45
595 76535 51 3 76631 45 96
893 76703 69 4 76772 0 69
915 76806 73 1 76879 0 73
534 67832 93 4 76936 9011 9104
45 72661 93 4 76936 4182 4275
426 77030 48 3 77078 0 48
998 77083 34 3 77117 0 34
389 77141 33 3 77174 0 33
81 77229 62 3 77291 0 62
493 77261 80 4 77371 30 110
47 77343 91 3 77462 28 119
955 74157 93 3 77470 3220 3313
845 45974 93 3 77470 31403 31496
713 42161 95 4 77517 35261 35356
995 77613 46 1 77659 0 46
815 77579 64 4 77689 46 110
370 77532 75 4 77717 110 185
727 54045 95 3 77797 23657 23752
974 77847 54 2 77901 0 54
827 57288 97 2 77948 20563 20660
191 46023 98 2 78046 31925 32023
701 78164 34 4 78198 0 34
192 78158 72 3 78264 34 106
6 60280 100 4 78352 17972 18072
597 44302 100 4 78352 33950 34050
772 78514 26 3 78540 0 26
902 78562 51 3 78613 0 51
930 78527 67 3 78658 64 131
29 78696 27 3 78723 0 27
606 49589 100 3 78723 29034 29134
704 50515 100 3 78723 28108 28208
851 40137 100 3 78867 38630 38730
899 78957 64 3 79021 0 64
671 65238 100 3 79035 13697 13797
189 76314 100 3 79035 2621 2721
168 50310 100 2 79135 28725 28825
525 79363 55 1 79418 0 55
13 79505 64 3 79569 0 64
989 80010 46 2 80056 0 46
724 80198 69 3 80267 0 69
148 80292 61 4 80353 0 61
104 80370 66 4 80436 0 66
904 81250 51 3 81301 0 51
565 81235 61 1 81347 51 112
422 81589 89 2 81678 0 89
264 81700 88 3 81788 0 88
482 81638 100 2 81866 128 228
756 82073 58 3 82131 0 58
502 82050 87 2 82195 58 145
284 82222 64 1 82286 0 64
54 82327 50 4 82377 0 50
558 82410 51 3 82461 0 51
248 83249 83 2 83332 0 83
814 83349 63 3 83412 0 63
514 83339 66 2 83468 63 129
887 83474 41 2 83515 0 41
377 83742 67 2 83809 0 67
41 83677 85 1 83829 67 152
976 83852 68 4 83920 0 68
433 84562 41 4 84603 0 41
351 84605 55 1 84660 0 55
434 84983 41 2 85024 0 41
750 85051 60 4 85111 0 60
638 85167 71 1 85238 0 71
912 85400 47 3 85447 0 47
86 85369 49 4 85465 47 96
371 86407 64 2 86471 0 64
453 86752 63 4 86815 0 63
276 86881 69 3 86950 0 69
529 87001 37 4 87038 0 37
520 87206 82 3 87288 0 82
471 87425 49 2 87474 0 49
260 87413 60 4 87522 49 109
309 87568 58 3 87626 0 58
711 87920 64 3 87984 0 64
719 87877 77 3 88018 64 141
1000 88749 56 4 88805 0 56
324 88883 27 1 88910 0 27
352 89348 41 4 89389 0 41
92 89420 75 2 89495 0 75
824 89655 100 4 89755 0 100
600 90614 25 4 90639 0 25
4 90971 79 4 91050 0 79
612 91552 67 4 91619 0 67
251 91745 74 1 91819 0 74
188 92027 75 3 92102 0 75
208 93903 55 1 93958 0 55
315 94650 58 4 94708 0 58
813 95155 65 4 95220 0 65
925 95500 72 3 95572 0 72
10 95902 62 3 95964 0 62
994 96337 69 3 96406 0 69
322 97046 51 2 97097 0 51
38 100000 38 4 100038 0 38
850 100000 51 3 100089 38 89
436 100000 52 4 100141 89 141
781 100000 55 1 100196 141 196
963 100000 60 2 100256 196 256
696 100000 67 3 100323 256 323
721 100000 94 3 100417 323 417
