100362 1000 604 545
840 0 27 1 27 0 27
404 0 38 4 65 27 65
428 0 45 1 110 65 110
585 0 49 3 159 110 159
449 0 69 4 228 159 228
108 539 24 3 563 0 24
345 1247 61 3 1308 0 61
360 2043 48 3 2091 0 48
659 2296 62 4 2358 0 62
99 2479 36 4 2515 0 36
805 3289 52 4 3341 0 52
869 3529 39 1 3568 0 39
262 4088 56 4 4144 0 56
912 4709 59 4 4768 0 59
873 4825 55 2 4880 0 55
267 5499 71 3 5570 0 71
387 6207 70 4 6277 0 70
339 6279 56 4 6335 0 56
231 6508 64 2 6572 0 64
251 6632 55 4 6687 0 55
123 6940 67 1 7007 0 67
945 8170 47 3 8217 0 47
137 8492 72 4 8564 0 72
462 8671 50 2 8721 0 50
704 8972 75 3 9047 0 75
947 9211 33 4 9244 0 33
369 9316 64 4 9380 0 64
875 9464 51 4 9515 0 51
60 9795 70 2 9865 0 70
442 10420 76 4 10496 0 76
77 10431 22 4 10518 65 87
826 11262 53 3 11315 0 53
650 11563 61 4 11624 0 61
792 11917 45 1 11962 0 45
271 12121 80 4 12201 0 80
117 12350 76 4 12426 0 76
883 12413 76 4 12502 13 89
683 12486 62 4 12564 16 78
574 12632 45 3 12677 0 45
969 12947 75 3 13022 0 75
550 13181 63 1 13244 0 63
520 13439 69 2 13508 0 69
352 13480 60 3 13568 28 88
748 13607 62 4 13669 0 62
632 13626 44 2 13713 43 87
220 13860 38 4 13898 0 38
596 14222 60 4 14282 0 60
565 14501 47 1 14548 0 47
297 14991 46 4 15037 0 46
678 15154 20 2 15174 0 20
959 15552 57 3 15609 0 57
194 15702 62 2 15764 0 62
554 15744 38 3 15802 20 58
87 15707 54 4 15856 95 149
888 15912 65 4 15977 0 65
861 16223 68 4 16291 0 68
47 16284 33 4 16324 7 40
529 16273 48 3 16372 51 99
258 17049 56 4 17105 0 56
208 17361 60 4 17421 0 60
642 18684 80 3 18764 0 80
731 19173 56 4 19229 0 56
239 19375 47 4 19422 0 47
498 19532 47 4 19579 0 47
314 20075 72 4 20147 0 72
952 20207 66 2 20273 0 66
637 20291 90 1 20381 0 90
416 20367 53 2 20434 14 67
928 20421 54 4 20488 13 67
610 20365 68 4 20556 123 191
329 20371 69 2 20625 185 254
130 20605 61 3 20686 20 81
813 20699 74 2 20773 0 74
367 21285 36 2 21321 0 36
636 21678 52 2 21730 0 52
250 21776 60 2 21836 0 60
796 21832 31 4 21867 4 35
795 21857 68 2 21935 10 78
745 22616 35 2 22651 0 35
138 22646 79 3 22730 5 84
782 22751 75 2 22826 0 75
454 22790 33 4 22859 36 69
693 22821 66 3 22925 38 104
606 22982 55 4 23037 0 55
85 23099 58 3 23157 0 58
531 23313 37 4 23350 0 37
94 23448 44 3 23492 0 44
708 23556 62 4 23618 0 62
993 23562 35 2 23653 56 91
600 23594 58 3 23711 59 117
519 23633 58 3 23769 78 136
539 23779 64 4 23843 0 64
950 23796 54 4 23897 47 101
317 23822 88 4 23985 75 163
298 23953 39 3 24024 32 71
104 24106 47 4 24153 0 47
426 24123 53 3 24206 30 83
930 24200 38 3 24244 6 44
628 24233 52 2 24296 11 63
669 24193 54 3 24350 103 157
283 24320 67 2 24417 30 97
417 24511 60 1 24571 0 60
242 24590 76 1 24666 0 76
241 24639 67 2 24733 27 94
227 24758 20 1 24778 0 20
199 25027 53 3 25080 0 53
523 25048 63 3 25143 32 95
287 25091 69 4 25212 52 121
234 25209 60 1 25272 3 63
986 25175 68 4 25340 97 165
718 25328 51 3 25391 12 63
97 25309 73 3 25464 82 155
663 25419 42 3 25506 45 87
783 25619 57 4 25676 0 57
476 25623 70 2 25746 53 123
436 25742 35 3 25781 4 39
431 25739 43 2 25824 42 85
191 25808 68 4 25892 16 84
27 26066 30 4 26096 0 30
573 26087 50 3 26146 9 59
192 26088 64 4 26210 58 122
646 26209 30 4 26240 1 31
651 26229 37 3 26277 11 48
452 26179 48 4 26325 98 146
785 26170 51 3 26376 155 206
182 26344 62 2 26438 32 94
549 26380 62 3 26500 58 120
491 26484 66 4 26566 16 82
766 26383 72 4 26638 183 255
419 26570 55 4 26693 68 123
343 26607 79 4 26772 86 165
54 26715 30 3 26802 57 87
984 26765 62 1 26864 37 99
553 26866 75 3 26941 0 75
860 26999 54 4 27053 0 54
584 27023 62 4 27115 30 92
515 27095 51 3 27166 20 71
349 27218 65 4 27283 0 65
145 27275 75 1 27358 8 83
98 27344 35 4 27393 14 49
493 27368 55 2 27448 25 80
836 27354 56 2 27504 94 150
698 27498 66 3 27570 6 72
527 27350 76 2 27646 220 296
530 27628 75 3 27721 18 93
467 27660 35 3 27756 61 96
741 27727 50 3 27806 29 79
556 27772 62 4 27868 34 96
962 27818 67 4 27935 50 117
324 27323 87 2 28022 612 699
597 27950 69 3 28091 72 141
86 28050 65 3 28156 41 106
874 28122 30 4 28186 34 64
516 28076 66 2 28252 110 176
811 28200 62 4 28314 52 114
937 28267 52 3 28366 47 99
734 28213 66 3 28432 153 219
132 28429 35 3 28467 3 38
480 28253 80 4 28547 214 294
336 28220 83 1 28630 327 410
312 28688 70 3 28758 0 70
664 28854 51 3 28905 0 51
592 28973 54 4 29027 0 54
810 29146 52 3 29198 0 52
289 29184 24 4 29222 14 38
127 29456 54 2 29510 0 54
514 29600 68 4 29668 0 68
72 29634 70 3 29738 34 104
51 29750 70 4 29820 0 70
882 29870 53 4 29923 0 53
48 29954 39 4 29993 0 39
361 30037 39 4 30076 0 39
619 30041 62 4 30138 35 97
819 30128 20 1 30158 10 30
320 30135 26 2 30184 23 49
654 30232 88 4 30320 0 88
503 30328 54 4 30382 0 54
395 30379 62 3 30444 3 65
562 30427 66 3 30510 17 83
128 30493 78 4 30588 17 95
351 30667 48 3 30715 0 48
866 30685 53 3 30768 30 83
81 30739 55 2 30823 29 84
79 30782 33 2 30856 41 74
641 30847 58 2 30914 9 67
391 31165 63 4 31228 0 63
857 31193 40 2 31268 35 75
808 31231 40 2 31308 37 77
540 31247 57 3 31365 61 118
295 31319 50 1 31415 46 96
982 31362 59 3 31474 53 112
163 31423 69 4 31543 51 120
403 31406 84 3 31627 137 221
799 31579 26 2 31653 48 74
19 31565 68 3 31721 88 156
738 31631 90 4 31811 90 180
643 31746 63 4 31874 65 128
464 31869 53 4 31927 5 58
823 31795 71 2 31998 132 203
916 31269 93 4 32091 729 822
892 32040 78 3 32169 51 129
259 32154 46 4 32215 15 61
379 32107 56 3 32271 108 164
559 32143 58 2 32329 128 186
296 31850 100 3 32429 479 579
57 32538 65 3 32603 0 65
210 32647 44 2 32691 0 44
149 32654 51 2 32742 37 88
713 32692 65 2 32807 50 115
963 32691 68 1 32875 116 184
670 32814 65 4 32940 61 126
322 32880 39 4 32979 60 99
141 32899 53 3 33032 80 133
279 33025 50 3 33082 7 57
74 32996 58 2 33140 86 144
319 33044 61 3 33201 96 157
89 33189 49 2 33250 12 61
69 33212 57 4 33307 38 95
998 32883 64 2 33371 424 488
649 33350 41 3 33412 21 62
485 33396 38 2 33450 16 54
44 33418 57 2 33507 32 89
92 33004 85 4 33592 503 588
878 33536 65 1 33657 56 121
815 33597 66 4 33723 60 126
344 33704 59 4 33782 19 78
536 33576 69 3 33851 206 275
509 33817 60 2 33911 34 94
500 34218 64 2 34282 0 64
335 34708 64 4 34772 0 64
168 34711 58 4 34830 61 119
714 34785 50 4 34880 45 95
629 34712 66 2 34946 168 234
635 34915 73 3 35019 31 104
771 34989 45 4 35064 30 75
497 34982 46 2 35110 82 128
41 35028 62 3 35172 82 144
151 35025 62 2 35234 147 209
311 35204 40 4 35274 30 70
948 35037 63 2 35337 237 300
787 35300 41 3 35378 37 78
829 35035 64 3 35442 343 407
645 35383 49 1 35491 59 108
473 35297 69 3 35560 194 263
971 35523 57 3 35617 37 94
143 35541 65 3 35682 76 141
528 35676 52 1 35734 6 58
158 35723 43 4 35777 11 54
53 34970 69 3 35846 807 876
729 35823 48 2 35894 23 71
180 35788 52 4 35946 106 158
961 35939 48 2 35994 7 55
715 35878 68 4 36062 116 184
186 36009 71 3 36133 53 124
71 34995 78 3 36211 1138 1216
115 35011 78 2 36289 1200 1278
798 36278 65 4 36354 11 76
598 36309 43 2 36397 45 88
925 36350 66 4 36463 47 113
770 35011 84 4 36547 1452 1536
625 36212 91 4 36638 335 426
613 36628 53 2 36691 10 63
617 36560 77 3 36768 131 208
9 36943 38 3 36981 0 38
162 37038 76 1 37114 0 76
949 37095 60 3 37174 19 79
75 37169 50 3 37224 5 55
736 37217 48 3 37272 7 55
382 37116 57 4 37329 156 213
680 37303 35 4 37364 26 61
525 37157 63 3 37427 207 270
411 37410 20 2 37447 17 37
439 37365 65 3 37512 82 147
293 37084 74 2 37586 428 502
122 37482 75 4 37661 104 179
551 37625 35 1 37696 36 71
587 37622 59 1 37755 74 133
252 37753 49 2 37804 2 51
380 37234 84 4 37888 570 654
747 37829 74 2 37962 59 133
512 37955 64 2 38026 7 71
499 37786 85 3 38111 240 325
274 38057 38 2 38149 54 92
284 38056 64 4 38213 93 157
899 38161 57 4 38270 52 109
817 38245 60 4 38330 25 85
457 38245 62 3 38392 85 147
204 38389 49 4 38441 3 52
244 38395 44 3 38485 46 90
958 38195 78 4 38563 290 368
768 38163 85 3 38648 400 485
269 38617 40 2 38688 31 71
16 38053 85 3 38773 635 720
827 38763 21 2 38794 10 31
134 38713 82 3 38876 81 163
802 37622 87 4 38963 1254 1341
997 38883 36 3 38999 80 116
965 38966 30 2 39029 33 63
972 38879 57 4 39086 150 207
816 37751 87 1 39173 1335 1422
124 37075 90 4 39263 2098 2188
762 38484 91 2 39354 779 870
310 39275 78 4 39432 79 157
100 39415 41 3 39473 17 58
535 39416 47 4 39520 57 104
671 39427 71 2 39591 93 164
291 39554 20 4 39611 37 57
897 39641 62 2 39703 0 62
743 39696 41 4 39744 7 48
337 39718 34 2 39778 26 60
326 39743 37 2 39815 35 72
904 39709 42 1 39857 106 148
101 39693 90 2 39947 164 254
177 39893 56 3 40003 54 110
915 39996 62 4 40065 7 69
696 39861 65 4 40130 204 269
84 39773 91 2 40221 357 448
609 40139 72 2 40293 82 154
140 40231 47 4 40340 62 109
76 40312 58 1 40398 28 86
563 40375 64 2 40462 23 87
6 40563 60 1 40623 0 60
705 40597 93 4 40716 26 119
285 40656 53 2 40769 60 113
910 40750 52 4 40821 19 71
353 40631 62 3 40883 190 252
245 40655 71 4 40954 228 299
232 40952 26 2 40980 2 28
719 40906 62 2 41042 74 136
593 40900 63 2 41105 142 205
384 41093 28 3 41133 12 40
726 41066 31 4 41164 67 98
42 40903 81 4 41245 261 342
5 41173 37 4 41282 72 109
408 41227 48 4 41330 55 103
152 41257 58 4 41388 73 131
996 41234 62 4 41450 154 216
25 41436 76 4 41526 14 90
692 41460 57 4 41583 66 123
605 41563 63 3 41646 20 83
306 40695 84 4 41730 951 1035
820 41654 30 2 41760 76 106
673 41674 75 3 41835 86 161
911 40640 88 4 41923 1195 1283
45 41860 28 2 41951 63 91
420 41869 71 4 42022 82 153
111 41972 42 4 42064 50 92
207 42050 53 2 42117 14 67
751 42078 38 3 42155 39 77
415 42153 50 1 42205 2 52
445 42074 52 3 42257 131 183
687 42055 57 1 42314 202 259
169 42022 63 4 42377 292 355
504 42397 51 4 42448 0 51
690 42402 75 2 42523 46 121
578 42405 81 4 42604 118 199
370 42583 50 3 42654 21 71
475 42595 53 2 42707 59 112
276 42598 57 4 42764 109 166
858 42578 58 1 42822 186 244
865 42532 63 4 42885 290 353
18 42856 65 3 42950 29 94
246 42649 68 4 43018 301 369
233 42978 52 2 43070 40 92
716 42683 70 3 43140 387 457
106 43112 68 4 43208 28 96
202 43170 53 2 43261 38 91
358 43247 57 4 43318 14 71
52 42721 73 3 43391 597 670
763 43376 50 4 43441 15 65
968 42926 78 1 43519 515 593
505 43488 44 3 43563 31 75
21 43532 56 2 43619 31 87
518 43162 82 4 43701 457 539
868 43661 61 3 43762 40 101
200 43705 47 4 43809 57 104
346 43692 62 2 43871 117 179
901 43770 74 3 43945 101 175
732 43915 39 4 43984 30 69
779 43645 79 4 44063 339 418
793 44024 31 3 44094 39 70
644 44064 43 4 44137 30 73
230 44122 44 3 44181 15 59
268 44053 48 2 44229 128 176
421 44183 53 4 44282 46 99
773 44152 64 4 44346 130 194
733 44309 67 3 44413 37 104
154 44174 68 3 44481 239 307
580 44425 24 2 44505 56 80
987 44243 71 4 44576 262 333
374 44527 56 3 44632 49 105
125 44616 67 4 44699 16 83
666 44673 51 2 44750 26 77
474 44717 60 4 44810 33 93
797 44667 60 3 44870 143 203
159 44641 71 2 44941 229 300
706 44831 80 3 45021 110 190
655 44997 42 4 45063 24 66
991 44972 47 2 45110 91 138
36 44994 52 3 45162 116 168
2 45121 49 3 45211 41 90
526 45199 56 3 45267 12 68
68 45172 65 4 45332 95 160
294 43907 81 4 45413 1425 1506
460 45387 33 2 45446 26 59
902 45425 50 3 45496 21 71
647 45372 58 4 45554 124 182
160 45404 62 2 45616 150 212
942 45557 62 3 45678 59 121
781 45498 65 3 45743 180 245
898 45736 59 2 45802 7 66
203 45720 61 3 45863 82 143
466 45814 75 1 45938 49 124
822 45878 53 2 45991 60 113
254 45960 44 3 46035 31 75
465 46028 44 4 46079 7 51
155 45942 54 4 46133 137 191
990 46013 59 1 46192 120 179
61 46085 61 2 46253 107 168
173 46218 36 3 46289 35 71
176 46190 62 2 46351 99 161
544 45904 63 2 46414 447 510
735 46410 38 4 46452 4 42
939 46399 42 3 46494 53 95
223 46061 67 3 46561 433 500
974 45979 69 2 46630 582 651
388 46569 45 3 46675 61 106
484 46577 53 4 46728 98 151
624 46068 70 2 46798 660 730
119 45947 75 2 46873 851 926
453 46830 46 2 46919 43 89
10 46886 58 4 46977 33 91
139 46977 70 4 47047 0 70
328 46995 52 2 47099 52 104
489 47051 49 3 47148 48 97
966 47064 61 3 47209 84 145
648 47155 45 3 47254 54 99
64 47161 62 3 47316 93 155
333 47050 63 4 47379 266 329
248 47362 59 2 47438 17 76
219 46981 71 4 47509 457 528
588 47126 74 2 47583 383 457
405 47526 49 3 47632 57 106
938 47629 53 3 47685 3 56
818 47649 55 4 47740 36 91
422 47513 70 3 47810 227 297
880 46925 76 4 47886 885 961
905 47875 33 3 47919 11 44
110 47821 64 3 47983 98 162
373 47975 49 3 48032 8 57
760 47986 47 2 48079 46 93
215 48056 33 2 48112 23 56
623 48004 53 3 48165 108 161
371 48037 62 1 48227 128 190
46 47941 73 3 48300 286 359
458 48274 60 1 48360 26 86
167 47712 77 1 48437 648 725
677 48430 43 2 48480 7 50
717 48434 48 2 48528 46 94
184 48436 51 4 48579 92 143
443 48387 56 4 48635 192 248
765 48596 59 3 48694 39 98
877 48653 45 3 48739 41 86
14 48677 48 4 48787 62 110
653 48754 53 2 48840 33 86
486 48691 55 2 48895 149 204
923 48412 64 4 48959 483 547
908 48781 73 3 49032 178 251
803 48394 74 2 49106 638 712
607 49105 57 4 49163 1 58
396 49122 64 4 49227 41 105
711 48572 76 2 49303 655 731
332 46870 78 2 49381 2433 2511
675 49363 23 3 49404 18 41
656 47650 80 4 49484 1754 1834
737 49479 44 3 49528 5 49
851 49522 51 4 49579 6 57
662 49536 71 1 49650 43 114
537 48123 80 2 49730 1527 1607
778 49701 44 2 49774 29 73
627 49678 53 3 49827 96 149
558 49776 43 4 49870 51 94
65 49835 55 4 49925 35 90
482 49873 38 3 49963 52 90
932 49910 42 4 50005 53 95
348 49814 66 3 50071 191 257
303 50039 40 2 50111 32 72
494 50089 54 3 50165 22 76
425 50068 63 3 50228 97 160
814 49719 69 4 50297 509 578
633 49706 69 2 50366 591 660
472 50323 75 3 50441 43 118
273 50392 53 2 50494 49 102
721 49844 80 4 50574 650 730
157 50565 48 3 50622 9 57
660 50552 56 4 50678 70 126
120 50538 59 1 50737 140 199
746 50561 71 4 50808 176 247
347 50750 56 4 50864 58 114
561 50601 78 4 50942 263 341
13 50891 48 4 50990 51 99
470 50965 55 4 51045 25 80
960 50992 34 2 51079 53 87
455 50984 64 1 51143 95 159
424 51118 62 3 51205 25 87
469 50924 68 4 51273 281 349
390 51250 66 1 51339 23 89
229 51300 47 4 51386 39 86
552 51344 30 4 51416 42 72
82 51375 52 2 51468 41 93
618 51466 61 4 51529 2 63
216 51315 66 4 51595 214 280
929 51581 49 2 51644 14 63
691 51453 66 4 51710 191 257
444 51681 54 4 51764 29 83
944 51749 57 4 51821 15 72
604 51742 58 4 51879 79 137
867 51321 72 4 51951 558 630
376 51902 41 2 51992 49 90
237 51926 44 4 52036 66 110
889 51944 60 3 52096 92 152
315 52003 70 3 52166 93 163
23 51302 75 4 52241 864 939
780 52188 65 2 52306 53 118
147 51324 75 2 52381 982 1057
213 52322 39 3 52420 59 98
871 51790 78 4 52498 630 708
521 52454 43 4 52541 44 87
368 52433 54 3 52595 108 162
205 46704 81 4 52676 5891 5972
39 52671 60 4 52736 5 65
854 52607 70 4 52806 129 199
506 52768 62 1 52868 38 100
412 52813 66 3 52934 55 121
11 52366 81 3 53015 568 649
129 52991 27 4 53042 24 51
983 52954 62 1 53104 88 150
513 53078 64 4 53168 26 90
872 53160 29 4 53197 8 37
980 53143 48 2 53245 54 102
264 53169 58 1 53303 76 134
468 53247 50 2 53353 56 106
450 53319 54 4 53407 34 88
78 53360 63 4 53470 47 110
557 53412 20 4 53490 58 78
839 53213 69 4 53559 277 346
988 53091 73 4 53632 468 541
62 53567 60 2 53692 65 125
156 53664 51 1 53743 28 79
710 53671 56 4 53799 72 128
397 53041 73 3 53872 758 831
620 53810 67 4 53939 62 129
981 53832 70 4 54009 107 177
812 53945 60 2 54069 64 124
608 54066 68 3 54137 3 71
148 54084 49 3 54186 53 102
517 54168 45 2 54231 18 63
951 54204 42 4 54273 27 69
398 53772 78 2 54351 501 579
256 54294 45 2 54396 57 102
161 54310 55 4 54451 86 141
542 54415 75 1 54526 36 111
806 54525 61 3 54587 1 62
941 54541 32 4 54619 46 78
703 54539 81 3 54700 80 161
362 48511 81 2 54781 6189 6270
728 54734 46 3 54827 47 93
483 54788 68 2 54895 39 107
630 53364 82 4 54977 1531 1613
392 50615 82 3 55059 4362 4444
354 55041 72 3 55131 18 90
571 55099 40 2 55171 32 72
40 55033 78 4 55249 138 216
414 55207 53 4 55302 42 95
409 55226 59 3 55361 76 135
752 50131 82 3 55443 5230 5312
611 55401 23 3 55466 42 65
49 55441 43 3 55509 25 68
255 55362 53 4 55562 147 200
985 55510 24 2 55586 52 76
831 55516 48 2 55634 70 118
438 55628 47 4 55681 6 53
478 55419 56 2 55737 262 318
66 55369 57 3 55794 368 425
547 55722 61 4 55855 72 133
222 55847 45 1 55900 8 53
323 55857 59 4 55959 43 102
727 55429 65 4 56024 530 595
824 55714 65 1 56089 310 375
926 56034 51 4 56140 55 106
845 55404 65 1 56205 736 801
410 56165 47 4 56252 40 87
209 55959 66 4 56318 293 359
964 56314 38 3 56356 4 42
107 56269 66 4 56422 87 153
17 56079 67 1 56489 343 410
707 55665 68 4 56557 824 892
133 56499 40 4 56597 58 98
665 56549 70 4 56667 48 118
22 55447 71 2 56738 1220 1291
309 56681 56 4 56794 57 113
699 56410 76 4 56870 384 460
153 56827 61 3 56931 43 104
548 56923 41 4 56972 8 49
393 56903 45 1 57017 69 114
667 56842 62 3 57079 175 237
189 56960 73 3 57152 119 192
579 56184 76 4 57228 968 1044
754 57226 30 3 57258 2 32
236 57256 67 4 57325 2 69
595 57192 68 4 57393 133 201
90 57343 50 4 57443 50 100
919 57373 57 3 57500 70 127
744 56918 77 4 57577 582 659
88 57065 78 3 57655 512 590
277 55904 82 3 57737 1751 1833
975 57677 38 4 57775 60 98
772 57704 61 3 57836 71 132
976 57802 61 1 57897 34 95
286 57854 78 2 57975 43 121
121 57860 82 3 58057 115 197
266 57995 67 3 58124 62 129
722 58010 75 2 58199 114 189
356 58021 76 4 58275 178 254
903 58214 73 4 58348 61 134
263 58317 63 1 58411 31 94
383 50441 82 2 58493 7970 8052
855 49847 82 2 58575 8646 8728
488 58560 68 4 58643 15 83
999 58605 34 3 58677 38 72
206 58601 64 3 58741 76 140
188 58686 68 4 58809 55 123
394 48152 83 4 58892 10657 10740
591 58842 54 3 58946 50 104
769 58817 70 3 59016 129 199
917 58922 76 2 59092 94 170
603 59072 55 4 59147 20 75
463 55211 83 3 59230 3936 4019
694 59219 42 2 59272 11 53
848 59162 46 2 59318 110 156
927 59314 47 4 59365 4 51
893 59149 51 4 59416 216 267
612 59398 20 3 59436 18 38
804 59380 23 4 59459 56 79
272 59408 51 3 59510 51 102
136 59274 65 2 59575 236 301
30 59156 67 4 59642 419 486
661 59628 53 4 59695 14 67
33 59190 68 4 59763 505 573
864 59715 67 1 59830 48 115
34 59766 40 4 59870 64 104
511 59789 49 3 59919 81 130
8 59825 56 3 59975 94 150
936 59821 58 3 60033 154 212
240 59940 61 1 60094 93 154
862 60064 40 3 60134 30 70
973 60038 49 1 60183 96 145
496 60172 36 4 60219 11 47
116 60216 52 3 60271 3 55
275 60238 43 3 60314 33 76
652 60206 53 2 60367 108 161
201 60351 30 2 60397 16 46
658 60052 53 2 60450 345 398
146 60124 55 3 60505 326 381
828 60216 63 2 60568 289 352
38 60560 52 4 60620 8 60
602 60362 67 3 60687 258 325
933 60682 62 2 60749 5 67
437 59691 69 4 60818 1058 1127
197 59413 70 3 60888 1405 1475
378 59930 70 2 60958 958 1028
20 60901 37 4 60995 57 94
67 60947 55 2 61050 48 103
508 59886 74 4 61124 1164 1238
809 61065 57 2 61181 59 116
300 60081 76 4 61257 1100 1176
764 61237 56 3 61313 20 76
626 61186 69 4 61382 127 196
292 61239 69 3 61451 143 212
807 61323 73 3 61524 128 201
172 61462 34 4 61558 62 96
524 61465 41 3 61599 93 134
456 61265 74 3 61673 334 408
695 59287 76 3 61749 2386 2462
843 61691 37 2 61786 58 95
407 61710 39 2 61825 76 115
931 61822 58 4 61883 3 61
434 61835 44 2 61927 48 92
546 61816 65 3 61992 111 176
225 61973 43 3 62035 19 62
501 59716 78 3 62113 2319 2397
55 62052 20 4 62133 61 81
377 62051 48 2 62181 82 130
224 62081 67 3 62248 100 167
381 62179 68 3 62316 69 137
853 59689 82 2 62398 2627 2709
150 62387 38 3 62436 11 49
433 62419 34 3 62470 17 51
430 62403 61 3 62531 67 128
767 62487 28 2 62559 44 72
886 55350 83 2 62642 7209 7292
492 62568 77 4 62719 74 151
105 62643 20 4 62739 76 96
1000 62688 70 2 62809 51 121
83 47752 84 4 62893 15057 15141
730 48246 84 3 62977 14647 14731
688 62957 39 2 63016 20 59
32 62915 71 4 63087 101 172
834 63084 74 4 63161 3 77
228 63088 53 1 63214 73 126
900 63185 50 3 63264 29 79
970 58110 84 3 63348 5154 5238
967 63347 44 4 63392 1 45
788 63383 40 3 63432 9 49
570 63401 43 4 63475 31 74
135 63428 54 3 63529 47 101
801 63507 49 4 63578 22 71
282 63538 62 4 63640 40 102
575 63592 57 4 63697 48 105
720 63606 66 4 63763 91 157
313 63429 67 3 63830 334 401
487 63523 74 3 63904 307 381
178 63835 33 4 63937 69 102
281 62197 85 4 64022 1740 1825
896 63970 38 4 64060 52 90
413 64010 40 3 64100 50 90
316 53880 87 2 64187 10220 10307
26 64168 66 4 64253 19 85
943 64251 36 4 64289 2 38
825 64273 67 4 64356 16 83
7 64227 68 2 64424 129 197
218 64424 58 2 64482 0 58
301 64269 71 3 64553 213 284
247 64501 51 4 64604 52 103
113 64159 83 4 64687 445 528
164 64667 57 2 64744 20 77
859 64719 45 4 64789 25 70
37 64720 51 3 64840 69 120
447 64781 52 4 64892 59 111
226 64657 79 4 64971 235 314
221 64971 27 4 64998 0 27
849 64995 68 3 65066 3 71
56 65022 57 2 65123 44 101
953 64929 76 3 65199 194 270
365 65152 50 4 65249 47 97
852 65247 60 1 65309 2 62
560 65282 49 2 65358 27 76
195 65141 66 3 65424 217 283
638 65378 30 2 65454 46 76
366 65399 47 2 65501 55 102
193 65401 70 3 65571 100 170
418 65549 32 4 65603 22 54
742 65480 79 3 65682 123 202
533 65681 43 3 65725 1 44
80 65691 39 4 65764 34 73
841 65720 47 4 65811 44 91
759 65605 51 2 65862 206 257
302 65789 53 3 65915 73 126
24 65604 62 1 65977 311 373
1 65942 51 4 66028 35 86
304 65856 78 1 66106 172 250
881 66062 62 4 66168 44 106
95 66156 68 4 66236 12 80
576 66223 60 3 66296 13 73
131 66044 70 1 66366 252 322
844 66332 55 4 66421 34 89
679 64662 81 4 66502 1759 1840
784 66443 37 4 66539 59 96
884 66426 73 3 66612 113 186
43 66554 62 2 66674 58 120
850 66660 44 3 66718 14 58
590 66654 48 4 66766 64 112
446 66724 70 3 66836 42 112
307 66793 75 3 66911 43 118
96 66872 40 2 66951 39 79
599 66605 80 2 67031 346 426
569 64132 87 4 67118 2899 2986
921 67038 47 4 67165 80 127
992 43220 87 2 67252 23945 24032
451 59841 88 4 67340 7411 7499
477 67338 40 2 67380 2 42
920 62036 88 4 67468 5344 5432
581 48570 88 4 67556 18898 18986
181 67482 60 4 67616 74 134
583 67557 43 1 67659 59 102
12 67510 61 3 67720 149 210
325 67592 72 4 67792 128 200
479 67734 55 2 67847 58 113
749 67798 69 1 67916 49 118
709 67903 61 2 67977 13 74
777 67973 67 4 68044 4 71
196 68038 64 3 68108 6 70
757 68074 29 2 68137 34 63
171 68097 52 4 68189 40 92
341 68146 46 3 68235 43 89
774 68218 65 3 68300 17 82
724 67783 75 3 68375 517 592
35 68341 67 2 68442 34 101
510 68380 58 4 68500 62 120
657 68414 58 3 68558 86 144
340 68452 72 3 68630 106 178
15 68407 74 3 68704 223 297
740 68699 44 4 68748 5 49
995 68383 75 3 68823 365 440
870 68431 76 3 68899 392 468
668 68833 63 2 68962 66 129
614 68873 76 1 69038 89 165
640 67670 77 1 69115 1368 1445
114 69108 53 2 69168 7 60
459 69078 55 1 69223 90 145
786 68804 81 3 69304 419 500
265 69250 54 2 69358 54 108
879 69281 65 4 69423 77 142
568 69224 66 4 69489 199 265
243 69230 66 4 69555 259 325
994 69448 68 3 69623 107 175
567 68705 85 3 69708 918 1003
863 43985 88 3 69796 25723 25811
700 68731 88 3 69884 1065 1153
305 69884 45 2 69929 0 45
3 69805 57 4 69986 124 181
385 69975 50 4 70036 11 61
739 47560 88 2 70124 22476 22564
775 57828 90 4 70214 12296 12386
338 43607 92 4 70306 26607 26699
441 70230 39 2 70345 76 115
109 70345 63 2 70408 0 63
63 63006 93 3 70501 7402 7495
885 55723 96 4 70597 14778 14874
211 70548 72 3 70669 49 121
372 70665 86 4 70755 4 90
794 70730 76 3 70831 25 101
940 54383 96 2 70927 16448 16544
112 70922 45 3 70972 5 50
978 59736 97 4 71069 11236 11333
887 70983 58 4 71127 86 144
400 71074 46 4 71173 53 99
639 71154 50 4 71223 19 69
935 71176 49 4 71272 47 96
682 71215 59 4 71331 57 116
261 71108 75 3 71406 223 298
686 71386 64 4 71470 20 84
564 71351 68 2 71538 119 187
522 71524 62 2 71600 14 76
185 71385 69 4 71669 215 284
31 71616 50 3 71719 53 103
689 71634 74 4 71793 85 159
288 71793 68 4 71861 0 68
634 71802 52 4 71913 59 111
566 71876 46 3 71959 37 83
956 71924 45 4 72004 35 80
175 71934 46 3 72050 70 116
364 71859 56 4 72106 191 247
399 71805 63 3 72169 301 364
144 71182 78 1 72247 987 1065
402 46981 97 4 72344 25266 25363
856 72250 48 2 72392 94 142
93 72331 49 4 72441 61 110
894 72268 60 2 72501 173 233
922 72286 61 2 72562 215 276
330 72449 66 4 72628 113 179
891 72589 50 3 72678 39 89
955 72564 60 4 72738 114 174
543 72452 74 4 72812 286 360
753 66314 99 2 72911 6498 6597
601 43168 100 4 73011 29743 29843
187 72964 58 2 73069 47 105
389 73047 56 4 73125 22 78
755 72969 68 3 73193 156 224
327 73007 87 2 73280 186 273
800 73238 56 1 73336 42 98
342 66171 100 4 73436 7165 7265
363 73387 63 3 73499 49 112
375 73368 67 4 73566 131 198
490 73531 43 3 73609 35 78
914 73536 54 3 73663 73 127
249 71275 100 3 73763 2388 2488
59 73684 58 3 73821 79 137
616 53293 100 3 73921 20528 20628
589 47668 100 2 74021 26253 26353
594 73969 83 3 74104 52 135
989 74204 66 3 74270 0 66
179 74282 80 2 74362 0 80
672 74521 55 3 74576 0 55
842 74558 68 4 74644 18 86
756 74622 65 2 74709 22 87
701 74665 62 2 74771 44 106
954 74754 44 4 74815 17 61
957 74554 70 4 74885 261 331
835 74579 100 2 74985 306 406
555 74965 50 2 75035 20 70
697 74910 84 4 75119 125 209
260 75136 26 2 75162 0 26
538 75210 50 4 75260 0 50
838 75284 55 2 75339 0 55
217 75299 30 2 75369 40 70
471 75388 88 3 75476 0 88
790 75590 86 4 75676 0 86
165 75746 82 2 75828 0 82
685 75856 66 3 75922 0 66
183 75927 50 2 75977 0 50
91 75992 48 3 76040 0 48
270 75996 71 4 76111 44 115
280 76066 54 4 76165 45 99
350 76130 38 1 76203 35 73
758 76081 70 4 76273 122 192
190 76286 65 4 76351 0 65
684 76566 55 2 76621 0 55
622 76829 49 4 76878 0 49
212 76926 63 4 76989 0 63
631 76960 74 4 77063 29 103
913 77013 26 4 77089 50 76
502 77193 83 4 77276 0 83
359 77262 52 3 77328 14 66
830 77251 53 3 77381 77 130
907 77381 91 3 77472 0 91
70 77382 44 2 77516 90 134
495 77489 75 2 77591 27 102
238 77660 85 3 77745 0 85
534 77723 65 4 77810 22 87
331 77950 78 3 78028 0 78
832 78152 85 3 78237 0 85
702 78208 39 1 78276 29 68
909 78164 57 4 78333 112 169
847 78167 59 2 78392 166 225
290 78170 90 2 78482 222 312
674 78602 76 4 78678 0 76
906 78711 64 3 78775 0 64
977 79095 55 1 79150 0 55
582 79200 47 3 79247 0 47
278 79208 54 3 79301 39 93
924 79266 29 2 79330 35 64
577 79299 59 3 79389 31 90
386 79322 63 4 79452 67 130
876 79300 67 4 79519 152 219
791 79382 75 4 79594 137 212
198 79564 59 4 79653 30 89
318 79773 42 3 79815 0 42
103 79891 38 4 79929 0 38
448 79990 78 4 80068 0 78
126 80364 85 1 80449 0 85
481 80481 30 2 80511 0 30
355 81112 73 3 81185 0 73
979 81134 40 2 81225 51 91
846 81177 72 3 81297 48 120
401 81379 100 1 81479 0 100
321 81454 54 4 81533 25 79
572 81583 24 3 81607 0 24
761 81751 46 4 81797 0 46
837 81785 91 3 81888 12 103
435 81822 48 4 81936 66 114
299 82501 84 3 82585 0 84
776 82516 43 3 82628 69 112
507 82913 51 3 82964 0 51
615 83304 81 2 83385 0 81
890 83450 58 2 83508 0 58
833 83557 91 3 83648 0 91
73 83683 56 3 83739 0 56
29 83959 64 2 84023 0 64
170 84117 64 3 84181 0 64
432 84300 43 4 84343 0 43
621 84961 29 1 84990 0 29
934 85022 76 3 85098 0 76
461 85967 68 4 86035 0 68
895 87020 61 1 87081 0 61
676 87139 58 2 87197 0 58
174 87500 63 3 87563 0 63
532 87642 88 4 87730 0 88
821 87684 65 1 87795 46 111
214 88229 67 4 88296 0 67
28 88255 82 3 88378 41 123
102 88400 81 4 88481 0 81
440 89148 59 4 89207 0 59
4 89291 45 3 89336 0 45
308 89711 78 1 89789 0 78
946 89994 49 3 90043 0 49
406 90450 66 3 90516 0 66
235 90808 87 4 90895 0 87
118 90934 55 2 90989 0 55
712 91068 73 4 91141 0 73
541 91099 68 4 91209 42 110
545 91180 45 4 91254 29 74
429 91329 39 4 91368 0 39
58 92872 75 1 92947 0 75
142 93987 67 3 94054 0 67
723 94487 54 4 94541 0 54
423 94692 58 3 94750 0 58
681 94726 63 2 94813 24 87
334 95295 20 4 95315 0 20
750 96253 75 3 96328 0 75
789 96461 47 4 96508 0 47
586 98889 60 3 98949 0 60
357 99659 78 3 99737 0 78
166 99815 62 4 99877 0 62
253 100000 45 4 100045 0 45
50 100000 51 4 100096 45 96
918 100000 52 3 100148 96 148
257 100000 58 2 100206 148 206
427 100000 68 4 100274 206 274
725 100000 88 4 100362 274 362
