100477 1847 7249 7176
670 0 69 4 69 0 69
4 812 56 3 868 0 56
356 1159 40 4 1199 0 40
516 1892 99 2 1991 0 99
207 2616 55 3 2671 0 55
329 4046 96 1 4142 0 96
239 4055 92 4 4234 87 179
266 4398 74 4 4472 0 74
876 4605 91 3 4696 0 91
617 7275 77 1 7352 0 77
309 7606 99 3 7705 0 99
688 7767 72 4 7839 0 72
792 8705 81 3 8786 0 81
656 8853 36 3 8889 0 36
776 8892 93 2 8985 0 93
727 9056 90 4 9146 0 90
954 9547 94 4 9641 0 94
764 9751 60 2 9811 0 60
577 10207 68 1 10275 0 68
735 10664 76 3 10740 0 76
331 11093 86 3 11179 0 86
67 11122 75 4 11254 57 132
822 12237 97 3 12334 0 97
594 12478 71 4 12549 0 71
858 12821 67 4 12888 0 67
287 13125 72 2 13197 0 72
969 13272 79 3 13351 0 79
978 13671 63 3 13734 0 63
935 13708 94 4 13828 26 120
292 14308 67 2 14375 0 67
721 14384 27 4 14411 0 27
371 14539 65 4 14604 0 65
341 14830 94 2 14924 0 94
685 15102 81 1 15183 0 81
538 15129 39 4 15222 54 93
786 15736 50 4 15786 0 50
814 15834 91 2 15925 0 91
880 16044 84 3 16128 0 84
342 16374 49 3 16423 0 49
815 17247 99 1 17346 0 99
892 17267 47 4 17393 79 126
707 17364 98 3 17541 79 177
841 17365 99 4 17640 176 275
165 17426 61 3 17651 164 225
284 17693 94 3 17787 0 94
95 17947 44 3 17991 0 44
653 18031 46 2 18077 0 46
377 18553 98 2 18651 0 98
151 18602 53 2 18704 49 102
62 18887 59 2 18946 0 59
827 18963 24 2 18987 0 24
680 19043 85 3 19128 0 85
997 19253 81 3 19334 0 81
405 19300 62 1 19396 34 96
974 19394 78 2 19474 2 80
715 19420 42 4 19516 54 96
1000 19703 93 4 19796 0 93
537 20003 66 3 20069 0 66
437 20844 57 2 20901 0 57
34 20846 34 4 20935 55 89
936 21227 59 2 21286 0 59
832 21498 56 4 21554 0 56
627 21552 65 4 21619 2 67
360 21573 86 4 21705 46 132
31 21653 93 4 21798 52 145
289 21747 43 3 21841 51 94
659 22186 86 3 22272 0 86
194 22295 54 3 22349 0 54
623 22497 75 1 22572 0 75
873 22558 98 3 22670 14 112
734 22582 92 3 22762 88 180
622 22858 80 4 22938 0 80
572 22964 85 1 23049 0 85
752 23012 93 4 23192 87 180
72 23028 98 4 23290 164 262
589 23086 99 4 23389 204 303
641 23277 29 2 23518 212 241
835 23178 78 3 23546 290 368
667 23196 94 3 23590 300 394
519 23224 69 2 23659 366 435
262 23540 40 2 23749 169 209
553 23402 69 2 23768 297 366
274 23618 35 2 23803 150 185
223 23653 42 4 23845 150 192
712 23523 60 4 23855 272 332
380 23769 98 3 23953 86 184
429 23941 54 2 24007 12 66
807 24055 82 3 24137 0 82
506 24067 90 2 24227 70 160
133 24142 73 2 24300 85 158
695 24297 96 2 24396 3 99
435 24492 95 3 24587 0 95
502 24518 66 2 24653 69 135
353 24864 23 3 24887 0 23
560 24958 72 4 25030 0 72
791 24966 54 4 25134 114 168
612 25053 43 4 25177 81 124
825 25006 70 3 25247 171 241
414 25060 51 4 25248 137 188
496 25181 93 1 25391 117 210
833 25183 57 3 25398 158 215
403 25356 93 1 25541 92 185
757 25356 88 3 25579 135 223
940 25489 66 4 25745 190 256
980 25519 88 3 25833 226 314
477 25542 93 3 25876 241 334
900 25624 67 4 25893 202 269
44 25752 73 4 25966 141 214
413 25917 100 3 26066 49 149
834 25986 80 4 26146 80 160
427 26105 80 4 26226 41 121
264 26187 65 4 26291 39 104
583 26237 98 3 26389 54 152
684 26380 63 4 26502 59 122
97 26381 88 4 26540 71 159
378 26518 57 1 26597 22 79
409 26808 84 3 26892 0 84
71 26953 41 4 26994 0 41
372 27078 69 4 27147 0 69
808 27131 45 3 27192 16 61
887 27131 94 4 27286 61 155
434 27232 41 1 27327 54 95
703 27244 95 3 27422 83 178
450 27334 31 3 27453 88 119
492 27357 50 2 27503 96 146
772 27370 73 2 27626 183 256
646 27483 70 3 27696 143 213
462 27543 72 4 27718 103 175
829 27683 95 3 27813 35 130
963 27732 31 2 27844 81 112
469 27732 96 4 27940 112 208
91 27941 84 3 28025 0 84
36 27966 87 4 28162 109 196
177 27989 82 4 28244 173 255
643 28063 97 2 28491 331 428
562 28079 59 4 28500 362 421
692 28085 83 2 28633 465 548
864 28156 98 2 28681 427 525
867 28157 84 4 28765 524 608
497 28412 48 2 28813 353 401
334 28247 97 1 28860 516 613
953 28257 64 3 28874 553 617
534 28570 35 4 28909 304 339
270 28351 74 4 29033 608 682
615 28582 89 2 29122 451 540
568 28671 71 4 29143 401 472
648 28836 70 2 29313 407 477
259 28961 65 1 29428 402 467
634 28969 94 2 29522 459 553
621 28982 88 4 29610 540 628
99 29248 44 4 29654 362 406
556 29253 40 3 29694 401 441
513 29286 34 4 29728 408 442
614 29079 99 4 29777 599 698
848 29134 82 4 29809 593 675
210 29156 58 4 29817 603 661
818 29216 73 4 29890 601 674
307 29520 52 4 29942 370 422
853 29619 94 2 30036 323 417
351 29916 37 4 30073 120 157
631 29842 85 4 30108 181 266
212 30282 82 1 30364 0 82
5 30458 79 1 30537 0 79
714 30520 37 2 30624 67 104
535 30514 55 1 30629 60 115
374 30587 65 3 30694 42 107
395 30640 74 4 30818 104 178
773 30693 78 3 30846 75 153
416 30806 37 1 30983 140 177
16 30755 97 4 31030 178 275
411 30772 74 4 31104 258 332
141 30863 94 1 31148 191 285
871 31234 95 3 31329 0 95
781 31291 61 4 31390 38 99
421 31359 77 1 31467 31 108
760 31443 94 3 31611 74 168
185 31453 96 3 31657 108 204
806 31569 80 3 31737 88 168
78 31665 60 4 31847 122 182
137 31669 96 4 31893 128 224
1 31806 94 1 31987 87 181
51 31902 73 3 32110 135 208
426 31952 74 3 32134 108 182
532 32080 94 4 32278 104 198
938 32104 71 2 32299 124 195
725 32327 98 4 32425 0 98
576 32329 90 2 32565 146 236
569 32377 91 3 32656 188 279
124 32492 39 4 32695 164 203
41 32441 93 4 32788 254 347
339 32560 99 3 32837 178 277
985 32826 37 4 32924 61 98
10 32702 95 2 32969 172 267
524 32860 80 3 33149 209 289
561 32866 91 2 33290 333 424
418 32952 82 4 33372 338 420
501 32980 86 2 33508 442 528
705 33017 94 4 33602 491 585
731 33066 86 3 33638 486 572
629 33077 81 4 33669 511 592
896 33086 55 3 33674 533 588
778 33443 38 4 33712 231 269
144 33159 87 3 33749 503 590
388 33736 40 4 33789 13 53
925 33760 92 4 33881 29 121
747 33865 42 4 33973 66 108
455 33800 81 4 34054 173 254
355 33867 86 4 34140 187 273
37 34019 34 3 34174 121 155
686 33914 93 3 34217 210 303
18 34120 38 3 34355 197 235
511 34090 96 1 34451 265 361
196 34104 61 4 34512 347 408
693 34196 72 2 34534 266 338
148 34382 49 3 34733 302 351
885 34263 75 3 34758 420 495
85 34370 65 2 34923 488 553
784 34377 56 4 34929 496 552
163 34592 42 4 34971 337 379
294 34379 64 2 34985 542 606
370 34470 71 3 35256 715 786
665 34495 76 4 35282 711 787
771 34523 96 4 35378 759 855
98 34669 95 4 35523 759 854
402 34682 93 2 35616 841 934
977 35062 44 4 35710 604 648
881 34686 83 4 35793 1024 1107
219 34690 85 4 35828 1053 1138
783 34691 71 3 35949 1187 1258
676 34855 68 4 36067 1144 1212
15 34874 83 4 36100 1143 1226
17 34946 51 4 36101 1104 1155
745 35003 80 4 36181 1098 1178
106 35055 69 4 36300 1176 1245
528 35080 73 3 36373 1220 1293
249 35782 39 2 36412 591 630
724 35163 88 1 36500 1249 1337
104 35163 84 4 36534 1287 1371
314 35191 74 4 36608 1343 1417
919 35238 58 4 36616 1320 1378
344 36084 27 3 36743 632 659
551 35510 99 2 36792 1183 1282
844 35526 85 3 36927 1316 1401
457 35540 57 4 37034 1437 1494
777 36280 50 3 37134 804 854
310 35665 80 1 37164 1419 1499
35 35795 94 4 37258 1369 1463
992 35884 62 4 37320 1374 1436
525 36071 94 4 37464 1299 1393
689 36077 73 1 37587 1437 1510
143 36118 72 3 37709 1519 1591
741 36172 88 4 37747 1487 1575
770 36202 57 2 37854 1595 1652
330 36206 54 4 37858 1598 1652
912 36238 85 3 37943 1620 1705
600 37063 25 4 38018 930 955
789 36392 98 4 38116 1626 1724
973 36517 100 2 38266 1649 1749
302 36560 97 2 38363 1706 1803
910 36601 80 3 38393 1712 1792
945 37461 49 2 38442 932 981
645 36636 90 3 38482 1756 1846
53 36649 85 1 38517 1783 1868
926 36714 56 3 38573 1803 1859
336 36743 70 3 38643 1830 1900
852 36899 86 4 38729 1744 1830
192 36907 92 4 38821 1822 1914
751 37018 98 3 38969 1853 1951
942 37922 36 3 39005 1047 1083
366 37045 74 1 39079 1960 2034
92 37064 96 4 39125 1965 2061
408 37187 55 3 39330 2088 2143
476 37206 75 4 39405 2124 2199
847 37281 79 4 39484 2124 2203
81 38325 30 4 39514 1159 1189
12 38410 44 3 39658 1204 1248
949 37571 93 1 39801 2137 2230
318 37619 91 4 39892 2182 2273
343 38600 40 4 40032 1392 1432
297 37654 88 3 40120 2378 2466
59 37759 66 4 40186 2361 2427
552 37827 81 3 40217 2309 2390
387 37850 77 3 40294 2367 2444
472 38954 43 4 40337 1340 1383
206 37942 81 1 40368 2345 2426
624 38026 65 4 40433 2342 2407
458 38070 78 4 40511 2363 2441
283 38077 84 4 40595 2434 2518
986 38081 86 4 40681 2514 2600
639 38122 87 3 40818 2609 2696
872 38178 92 3 40860 2590 2682
691 39466 38 3 40898 1394 1432
529 39482 36 4 40934 1416 1452
663 38364 77 4 40961 2520 2597
990 38365 60 3 41071 2646 2706
816 38483 99 4 41170 2588 2687
316 38501 95 3 41265 2669 2764
657 38555 88 4 41353 2710 2798
187 38575 57 1 41410 2778 2835
823 38576 56 4 41416 2784 2840
390 38606 99 4 41515 2810 2909
975 38680 76 4 41541 2785 2861
138 38841 73 3 41664 2750 2823
125 40297 47 4 41711 1367 1414
767 39117 97 2 41808 2594 2691
164 39161 86 4 41844 2597 2683
9 39197 54 2 41898 2647 2701
660 39258 79 3 41927 2590 2669
683 39300 67 2 41994 2627 2694
960 39304 85 3 42029 2640 2725
3 39531 83 3 42162 2548 2631
664 39562 94 4 42306 2650 2744
999 41031 33 4 42389 1325 1358
603 39627 99 3 42538 2812 2911
209 39677 83 4 42671 2911 2994
296 41252 50 2 42921 1619 1669
854 39771 67 3 42938 3100 3167
172 39804 73 2 43061 3184 3257
349 41375 48 2 43109 1686 1734
658 39947 92 4 43151 3112 3204
75 40189 88 4 43289 3012 3100
439 40202 56 1 43345 3087 3143
198 40331 88 4 43483 3064 3152
25 41796 50 3 43533 1687 1737
802 40435 99 4 43632 3098 3197
737 40668 64 3 43696 2964 3028
129 40751 89 4 43735 2895 2984
440 40953 85 3 43920 2882 2967
101 40963 79 4 44049 3007 3086
425 40968 93 2 44092 3031 3124
449 42217 45 4 44137 1875 1920
765 41026 86 2 44273 3161 3247
213 41039 89 3 44362 3234 3323
608 41059 99 3 44511 3353 3452
79 42447 38 4 44549 2064 2102
565 41134 66 3 44715 3515 3581
493 41138 84 2 44749 3527 3611
76 41173 85 4 44834 3576 3661
580 41214 90 2 44924 3620 3710
227 41243 73 3 44997 3681 3754
677 41249 54 3 45051 3748 3802
322 41333 54 4 45055 3668 3722
870 41344 59 2 45114 3711 3770
26 41449 56 2 45320 3815 3871
884 43174 35 4 45355 2146 2181
281 41513 85 4 45440 3842 3927
49 41591 96 4 45536 3849 3945
369 41640 72 4 45608 3896 3968
736 41684 83 4 45741 3974 4057
467 41818 89 4 45880 3973 4062
637 41860 64 4 45944 4020 4084
971 42032 84 1 46178 4062 4146
722 42049 97 4 46275 4129 4226
740 42075 88 3 46313 4150 4238
473 43915 41 2 46354 2398 2439
633 42101 60 3 46364 4203 4263
350 42104 96 3 46460 4260 4356
238 42271 97 4 46657 4289 4386
768 42290 79 2 46736 4367 4446
944 42331 69 3 46955 4555 4624
763 42395 96 4 47001 4510 4606
937 42420 67 2 47068 4581 4648
512 42468 65 3 47233 4700 4765
795 42495 80 1 47263 4688 4768
558 42504 64 3 47327 4759 4823
354 42596 93 2 47420 4731 4824
247 44800 46 1 47466 2620 2666
304 42680 78 1 47544 4786 4864
803 42724 93 1 47637 4820 4913
713 42780 67 1 47704 4857 4924
766 42959 98 2 47852 4795 4893
303 45095 48 2 47950 2807 2855
894 43072 86 3 47986 4828 4914
965 43083 53 3 47989 4853 4906
509 43132 89 2 48028 4807 4896
228 45261 45 4 48123 2817 2862
195 43151 84 4 48157 4922 5006
327 45310 48 2 48305 2947 2995
389 43181 57 4 48362 5124 5181
261 43277 69 3 48431 5085 5154
96 45468 40 3 48471 2963 3003
907 45495 36 4 48507 2976 3012
826 45498 43 2 48550 3009 3052
396 43334 62 4 48562 5166 5228
618 43355 94 4 48706 5257 5351
315 45651 32 4 48788 3105 3137
868 43361 77 4 48815 5377 5454
132 43433 80 4 48945 5432 5512
933 43483 98 1 49043 5462 5560
487 45830 44 4 49137 3263 3307
412 43556 90 4 49177 5531 5621
19 43636 99 3 49276 5541 5640
202 43678 55 2 49281 5548 5603
317 43702 81 4 49312 5529 5610
102 46048 29 3 49341 3264 3293
584 46061 48 3 49389 3280 3328
65 43708 54 2 49443 5681 5735
719 43773 86 3 49479 5620 5706
701 43958 58 3 49587 5571 5629
994 44063 65 4 49752 5624 5689
607 44078 88 4 49840 5674 5762
127 46522 43 3 49883 3318 3361
50 44124 98 2 49981 5759 5857
567 44163 81 1 50012 5768 5849
20 44188 71 4 50083 5824 5895
499 44238 62 1 50145 5845 5907
924 44242 98 3 50293 5953 6051
182 44266 91 3 50334 5977 6068
709 44387 99 2 50383 5897 5996
215 44415 86 4 50469 5968 6054
57 44427 64 4 50583 6092 6156
168 44495 99 2 50682 6088 6187
842 44639 97 4 50929 6193 6290
862 44693 92 4 50971 6186 6278
40 44809 99 3 51170 6262 6361
650 44919 83 1 51203 6201 6284
510 47580 43 3 51246 3623 3666
161 44955 56 2 51252 6241 6297
976 45023 88 4 51290 6179 6267
819 45043 51 4 51341 6247 6298
21 45085 64 4 51355 6206 6270
279 45239 90 2 51545 6216 6306
968 45274 56 3 51551 6221 6277
908 45288 87 3 51588 6213 6300
14 45333 60 2 51648 6255 6315
173 45368 68 2 51666 6230 6298
718 45585 85 4 51851 6181 6266
453 45586 60 3 51911 6265 6325
958 45635 99 4 52060 6326 6425
626 48710 47 3 52107 3350 3397
750 45665 95 4 52252 6492 6587
326 45725 88 1 52340 6527 6615
989 45747 70 3 52460 6643 6713
422 45813 73 1 52583 6697 6770
761 45937 85 3 52818 6796 6881
142 46079 93 4 53361 7189 7282
849 49429 24 3 53385 3932 3956
956 46309 72 2 53507 7126 7198
536 46322 63 2 53520 7135 7198
654 46377 98 4 53718 7243 7341
517 49596 46 1 53764 4122 4168
877 46392 78 4 53792 7322 7400
860 46419 72 2 53914 7423 7495
866 46462 71 1 53985 7452 7523
508 49855 23 4 54158 4280 4303
54 46523 95 3 54303 7685 7780
931 46729 75 2 54478 7674 7749
495 46738 67 4 54545 7740 7807
929 46792 65 4 54610 7753 7818
244 50190 36 4 54696 4470 4506
491 46816 92 4 54738 7830 7922
972 50345 37 2 54925 4543 4580
891 47005 78 2 54953 7870 7948
950 50399 33 3 55036 4604 4637
47 50437 49 3 55185 4699 4748
235 47079 64 3 55299 8156 8220
831 47112 82 3 55331 8137 8219
155 50575 43 3 55424 4806 4849
126 47155 82 3 55456 8219 8301
468 47176 89 2 55545 8280 8369
932 47198 67 4 55562 8297 8364
357 47235 67 4 55629 8327 8394
286 47244 96 3 55675 8335 8431
903 47433 66 2 55791 8292 8358
251 50995 49 1 55890 4846 4895
550 47446 73 1 55963 8444 8517
117 47453 70 4 55983 8460 8530
729 47708 62 2 56395 8625 8687
201 47887 82 3 56527 8558 8640
918 47907 84 1 56611 8620 8704
774 48020 95 4 56656 8541 8636
39 48272 99 4 56905 8534 8633
515 48404 85 1 57090 8601 8686
574 48515 81 4 57121 8525 8606
119 48521 84 4 57155 8550 8634
103 48609 72 3 57227 8546 8618
711 48624 90 3 57267 8553 8643
474 51926 31 3 57348 5391 5422
890 48629 91 3 57389 8669 8760
865 52040 39 3 57428 5349 5388
108 48738 89 4 57517 8690 8779
444 48785 69 3 57536 8682 8751
801 48828 55 2 57541 8658 8713
904 48905 82 4 57623 8636 8718
995 48937 88 3 57661 8636 8724
911 48978 90 2 57701 8633 8723
11 52505 34 4 57735 5196 5230
769 49028 93 4 57778 8657 8750
365 49082 75 1 57903 8746 8821
27 49128 84 4 57937 8725 8809
952 49153 51 3 57988 8784 8835
720 49157 72 1 58060 8831 8903
921 49182 87 1 58247 8978 9065
917 49212 81 3 58278 8985 9066
625 49222 58 4 58336 9056 9114
859 49248 56 4 58342 9038 9094
328 49316 53 3 58395 9026 9079
93 49328 69 1 58414 9017 9086
794 49347 68 2 58482 9067 9135
241 53167 40 1 58572 5365 5405
113 49351 62 4 58584 9171 9233
226 49353 72 4 58606 9181 9253
184 49376 79 1 58785 9330 9409
882 49467 79 3 58914 9368 9447
888 49475 60 2 58974 9439 9499
590 49536 78 4 59002 9388 9466
60 49544 72 4 59024 9408 9480
157 49566 74 2 59148 9508 9582
169 49640 77 3 59275 9558 9635
587 49655 91 3 59316 9570 9661
800 49744 79 4 59445 9622 9701
33 49759 60 1 59505 9686 9746
485 49793 86 3 59541 9662 9748
857 49801 74 4 59565 9690 9764
669 49881 84 1 59649 9684 9768
52 49881 93 3 59742 9768 9861
606 49902 77 4 59969 9990 10067
428 50001 88 4 60007 9918 10006
337 50008 72 4 60079 9999 10071
237 50016 51 4 60080 10013 10064
748 50130 68 4 60148 9950 10018
697 54565 35 2 60183 5583 5618
967 50186 92 3 60275 9997 10089
581 50218 76 2 60351 10057 10133
790 54767 45 2 60446 5634 5679
979 50246 62 2 60508 10200 10262
397 50330 98 3 60606 10178 10276
838 54842 49 2 60655 5764 5813
74 50386 69 3 60824 10369 10438
442 50401 95 2 60969 10473 10568
152 50416 57 4 60976 10503 10560
465 50439 99 3 61025 10487 10586
813 50458 69 4 61044 10517 10586
107 50520 81 2 61225 10624 10705
726 50653 90 2 61315 10572 10662
759 50756 65 4 61480 10659 10724
269 50841 92 3 61572 10639 10731
839 50873 91 4 61613 10649 10740
850 50986 75 2 61688 10627 10702
811 51014 89 2 61777 10674 10763
278 55909 50 4 61827 5868 5918
923 51133 92 4 61869 10644 10736
90 51136 95 4 61914 10683 10778
121 51139 80 3 61944 10725 10805
348 51140 53 4 61947 10754 10807
275 51177 97 1 62044 10770 10867
386 56196 45 3 62089 5848 5893
112 51188 62 4 62151 10901 10963
222 51220 82 4 62283 10981 11063
406 51268 92 4 62375 11015 11107
799 51295 86 2 62511 11130 11216
154 51351 64 2 62525 11110 11174
86 51403 78 4 62653 11172 11250
716 51521 98 4 62951 11332 11430
758 51546 98 3 63049 11405 11503
203 56727 38 3 63087 6322 6360
308 56728 39 3 63126 6359 6398
706 51547 71 4 63147 11529 11600
464 51559 72 4 63269 11638 11710
541 56895 43 3 63312 6374 6417
128 51594 75 3 63387 11718 11793
875 56935 46 4 63433 6452 6498
159 51620 80 3 63463 11763 11843
63 51655 98 4 63511 11758 11856
914 51845 94 1 63755 11816 11910
598 51916 90 3 63895 11889 11979
644 57381 39 2 63934 6514 6553
548 52104 80 4 64014 11830 11910
611 52275 71 2 64035 11689 11760
94 57603 36 3 64171 6532 6568
564 52517 86 2 64507 11904 11990
367 52524 82 4 64539 11933 12015
922 57931 50 2 64639 6658 6708
481 52680 55 3 64644 11909 11964
230 57975 46 4 64740 6719 6765
333 52711 56 4 64746 11979 12035
220 52779 69 2 64915 12067 12136
8 52801 67 3 64932 12064 12131
484 52807 60 2 64992 12125 12185
863 52909 81 4 65073 12083 12164
118 58324 48 4 65121 6749 6797
28 53002 68 2 65139 12069 12137
181 53088 51 4 65140 12001 12052
899 53143 92 3 65232 11997 12089
966 58501 32 1 65264 6731 6763
739 53238 73 4 65387 12076 12149
702 53239 88 4 65525 12198 12286
83 53250 61 4 65636 12325 12386
546 58778 36 3 65772 6958 6994
549 53282 91 2 65813 12440 12531
812 53351 74 3 65837 12412 12486
345 53431 90 4 65977 12456 12546
893 53617 53 4 66080 12410 12463
661 53620 80 3 66110 12410 12490
13 53666 94 3 66154 12394 12488
273 53667 95 3 66249 12487 12582
984 53858 97 1 66396 12441 12538
231 53859 53 4 66399 12487 12540
753 53918 73 4 66472 12481 12554
243 54158 78 4 66600 12364 12442
134 54202 82 3 66732 12448 12530
240 54236 82 1 66864 12546 12628
675 54268 72 4 66886 12546 12618
48 54277 90 4 66976 12609 12699
410 59843 46 3 67022 7133 7179
483 54287 93 4 67165 12785 12878
951 59990 47 3 67212 7175 7222
43 60002 40 3 67252 7210 7250
156 54359 83 4 67285 12843 12926
80 60036 33 3 67318 7249 7282
913 54524 71 1 67339 12744 12815
174 60117 41 4 67430 7272 7313
543 54575 80 2 67510 12855 12935
700 60215 32 2 67592 7345 7377
260 54688 58 3 67600 12854 12912
362 54759 100 2 67650 12791 12891
916 60446 38 3 67688 7204 7242
135 54767 53 4 67691 12871 12924
755 54804 77 2 67768 12887 12964
559 54877 53 4 67921 12991 13044
959 54916 89 1 68010 13005 13094
255 54935 98 4 68058 13025 13123
573 54964 91 3 68149 13094 13185
690 54991 95 4 68244 13158 13253
392 55270 60 2 68354 13024 13084
460 61063 42 2 68396 7291 7333
22 55282 89 4 68485 13114 13203
254 55282 85 2 68520 13153 13238
45 55423 70 3 68590 13097 13167
375 55468 96 4 68786 13222 13318
306 55513 81 4 68817 13223 13304
325 55522 54 4 68921 13345 13399
489 55595 80 2 69001 13326 13406
448 55747 59 3 69060 13254 13313
46 61621 39 2 69099 7439 7478
189 55885 72 4 69171 13214 13286
383 61717 46 3 69217 7454 7500
947 56169 61 3 69578 13348 13409
364 56225 86 3 69664 13353 13439
927 56267 67 3 69731 13397 13464
930 56276 94 4 69775 13405 13499
555 56319 73 3 69848 13456 13529
782 56356 55 2 69903 13492 13547
23 56373 74 2 69927 13480 13554
762 56452 95 2 69972 13425 13520
301 56479 61 4 70033 13493 13554
263 56529 53 2 70136 13554 13607
836 56538 88 2 70224 13598 13686
788 56548 74 4 70248 13626 13700
313 56614 80 4 70328 13634 13714
139 56646 84 4 70412 13682 13766
32 56662 80 4 70492 13750 13830
941 62969 43 4 70585 7573 7616
830 56758 84 1 70619 13777 13861
793 56793 92 3 70661 13776 13868
845 56905 96 3 70757 13756 13852
218 63380 44 4 70901 7477 7521
588 57015 86 2 70937 13836 13922
961 57024 96 2 70983 13863 13959
208 57036 79 2 71112 13997 14076
87 57056 54 4 71266 14156 14210
180 57202 76 2 71342 14064 14140
373 57251 72 4 71414 14091 14163
527 57384 92 4 71606 14130 14222
928 57576 58 4 71664 14030 14088
582 64061 42 3 71706 7603 7645
268 57583 93 3 71749 14073 14166
982 57605 91 2 71790 14094 14185
204 57683 81 2 71921 14157 14238
889 57699 63 2 71984 14222 14285
160 57760 82 4 72016 14174 14256
335 57768 94 3 72060 14198 14292
579 57773 84 4 72094 14237 14321
520 64490 50 4 72144 7604 7654
601 57841 59 3 72153 14253 14312
361 57961 94 4 72297 14242 14336
500 57993 84 3 72381 14304 14388
2 58002 70 3 72451 14379 14449
817 58048 97 4 72498 14353 14450
471 58159 69 3 72617 14389 14458
730 58250 84 4 72651 14317 14401
246 58437 93 4 72744 14214 14307
466 58538 77 3 72921 14306 14383
276 58571 96 4 72967 14300 14396
846 58612 92 3 73059 14355 14447
166 58640 94 1 73203 14469 14563
544 58676 52 3 73255 14527 14579
379 58679 99 3 73404 14626 14725
470 65616 44 4 73448 7788 7832
878 58725 81 4 73479 14673 14754
843 58727 62 2 73541 14752 14814
934 65687 27 4 73568 7854 7881
290 58878 93 2 73911 14940 15033
105 58879 85 4 73946 14982 15067
742 58947 86 2 74032 14999 15085
642 59011 88 4 74120 15021 15109
756 59152 77 4 74397 15168 15245
114 59241 71 3 74518 15206 15277
879 59281 79 2 74597 15237 15316
475 59430 62 4 74609 15117 15179
193 59522 82 2 74741 15137 15219
779 59545 54 4 74745 15146 15200
699 59585 97 1 74892 15210 15307
245 59614 78 4 74920 15228 15306
265 59689 90 4 75010 15231 15321
964 59740 60 1 75020 15220 15280
368 59806 85 2 75155 15264 15349
131 66907 49 3 75204 8248 8297
56 59857 84 2 75288 15347 15431
295 67050 48 4 75336 8238 8286
828 59858 95 1 75381 15428 15523
400 67300 46 3 75477 8131 8177
445 60106 85 3 75512 15321 15406
186 67419 43 4 75555 8093 8136
566 60129 93 3 75598 15376 15469
346 60205 77 4 75625 15343 15420
149 60461 55 3 75780 15264 15319
486 60545 76 2 75956 15335 15411
655 60560 54 2 76060 15446 15500
419 60616 92 4 76152 15444 15536
229 60673 98 4 76200 15429 15527
338 60805 94 4 76244 15345 15439
798 60858 82 1 76276 15336 15418
123 60890 83 4 76359 15386 15469
424 60908 57 3 76366 15401 15458
197 61065 89 4 76505 15351 15440
596 61221 97 2 76652 15334 15431
810 68528 39 4 76691 8124 8163
678 61242 76 3 76717 15399 15475
199 61269 62 3 76729 15398 15460
225 61315 83 4 76762 15364 15447
480 61368 97 4 76909 15444 15541
523 61373 70 2 76979 15536 15606
902 61459 93 3 77072 15520 15613
257 61547 97 4 77169 15525 15622
728 69065 36 3 77205 8104 8140
563 69084 46 2 77251 8121 8167
116 61672 85 3 77286 15529 15614
394 61735 96 4 77382 15551 15647
749 61751 71 4 77453 15631 15702
404 61774 90 4 77543 15679 15769
628 61808 97 3 77640 15735 15832
883 61815 72 3 77662 15775 15847
312 61875 96 2 77758 15787 15883
613 61880 91 4 77849 15878 15969
539 61980 84 4 77933 15869 15953
616 62144 99 1 77982 15739 15838
29 62265 95 2 78127 15767 15862
478 62362 77 3 78154 15715 15792
188 62575 86 2 78290 15629 15715
570 62579 89 4 78329 15661 15750
522 62652 79 1 78408 15677 15756
490 62686 93 2 78451 15672 15765
358 62782 71 4 78572 15719 15790
599 62809 88 2 78660 15763 15851
391 62919 82 4 78692 15691 15773
595 62963 69 3 78761 15729 15798
311 63297 71 1 78882 15514 15585
162 63318 79 1 78911 15514 15593
983 70798 45 2 78956 8113 8158
672 63319 93 2 78999 15587 15680
746 63568 61 4 79010 15381 15442
363 63587 81 4 79041 15373 15454
796 63612 91 1 79132 15429 15520
585 63625 82 2 79164 15457 15539
352 63661 82 4 79196 15453 15535
399 63707 81 4 79277 15489 15570
398 63776 52 2 79329 15501 15553
432 71391 43 2 79372 7938 7981
30 63813 94 3 79416 15509 15603
897 63887 81 2 79447 15479 15560
100 63907 70 2 79517 15540 15610
909 64034 95 4 79562 15433 15528
415 64175 83 3 79645 15387 15470
987 64182 85 4 79680 15413 15498
64 64257 76 4 79806 15473 15549
205 64610 52 3 79858 15196 15248
323 64630 98 3 79956 15228 15326
73 64681 94 3 80000 15225 15319
575 72334 37 3 80087 7716 7753
531 64764 83 3 80120 15273 15356
443 72480 47 4 80217 7690 7737
242 64862 65 3 80232 15305 15370
708 64876 87 1 80369 15406 15493
732 65079 80 4 80549 15390 15470
915 65173 70 4 80669 15426 15496
856 65207 65 4 80684 15412 15477
482 65261 60 2 80694 15373 15433
988 65343 85 4 80829 15401 15486
694 65430 64 4 80893 15399 15463
436 65430 83 3 80926 15413 15496
147 65485 83 3 80959 15391 15474
110 65565 93 2 81102 15444 15537
216 65572 58 1 81110 15480 15538
84 65642 62 4 81222 15518 15580
272 65695 80 4 81252 15477 15557
674 65700 100 4 81352 15552 15652
170 73662 46 3 81448 7740 7786
498 65705 79 1 81477 15693 15772
267 73698 23 3 81600 7879 7902
635 65779 88 3 81638 15771 15859
171 65781 88 3 81676 15807 15895
420 73789 45 4 81721 7887 7932
679 65791 58 2 81729 15880 15938
494 65926 98 4 81877 15853 15951
461 66010 85 4 81962 15867 15952
234 66056 56 3 82018 15906 15962
820 66097 93 4 82061 15871 15964
285 66098 64 2 82075 15913 15977
253 66098 78 4 82103 15927 16005
454 66109 79 4 82232 16044 16123
140 74345 46 4 82378 7987 8033
630 74360 27 3 82405 8018 8045
122 66156 57 1 82412 16199 16256
602 66232 76 4 82438 16130 16206
431 66279 88 4 82476 16109 16197
557 66400 92 3 82568 16076 16168
507 66440 75 3 82593 16078 16153
250 66574 81 1 82674 16019 16100
393 66599 70 4 82744 16075 16145
578 66686 88 3 82832 16058 16146
605 66789 89 2 82971 16093 16182
855 66873 99 3 83020 16048 16147
775 66970 61 3 83081 16050 16111
837 67261 55 4 83186 15870 15925
452 75389 37 2 83223 7797 7834
861 67572 79 4 83402 15751 15830
521 67638 91 4 83443 15714 15805
895 67661 62 3 83455 15732 15794
232 67692 88 2 83493 15713 15801
298 67695 84 1 83577 15798 15882
723 67752 74 4 83651 15825 15899
451 75950 33 3 83784 7801 7834
68 67782 87 4 83821 15952 16039
179 67800 99 3 83870 15971 16070
7 76032 29 4 83949 7888 7917
488 67854 99 4 84048 16095 16194
668 68150 77 1 84075 15848 15925
385 68316 76 4 84101 15709 15785
153 68365 71 2 84122 15686 15757
111 68438 62 4 84184 15684 15746
710 68442 86 2 84270 15742 15828
282 76742 38 4 84358 7578 7616
636 68720 61 4 84369 15588 15649
943 68758 81 2 84400 15561 15642
652 68835 58 4 84508 15615 15673
682 68902 55 3 84563 15606 15661
150 68939 86 3 84649 15624 15710
224 69209 69 4 84768 15490 15559
288 69240 91 2 84809 15478 15569
347 69305 84 4 84893 15504 15588
632 69352 90 4 84983 15541 15631
530 69458 100 1 85033 15475 15575
258 77664 35 3 85068 7369 7404
324 69471 80 3 85098 15547 15627
382 69539 76 2 85124 15509 15585
743 69671 70 3 85194 15453 15523
401 69770 92 3 85236 15374 15466
640 69908 67 3 85253 15278 15345
321 69923 78 4 85281 15280 15358
671 70064 69 4 85350 15217 15286
24 70201 51 4 85401 15149 15200
738 70213 84 4 85485 15188 15272
998 70321 54 3 85489 15114 15168
221 70472 81 4 85520 14967 15048
840 70499 80 4 85600 15021 15101
620 70577 62 2 85612 14973 15035
604 71093 99 2 85711 14519 14618
662 71241 58 4 85719 14420 14478
681 71297 68 4 85737 14372 14440
824 79370 44 3 85781 6367 6411
190 79430 42 2 85823 6351 6393
651 71490 87 4 85860 14283 14370
687 71723 86 3 85996 14187 14273
503 71863 83 2 86079 14133 14216
299 71906 65 4 86194 14223 14288
441 72037 69 2 86263 14157 14226
217 72190 86 3 86299 14023 14109
886 72331 99 2 86448 14018 14117
533 72462 83 3 86481 13936 14019
785 72510 75 2 86506 13921 13996
130 72545 94 3 86550 13911 14005
214 72555 87 2 86687 14045 14132
252 72576 92 3 86729 14061 14153
319 72646 86 1 86765 14033 14119
996 72691 69 4 86784 14024 14093
89 72711 88 2 86822 14023 14111
939 72900 88 3 86860 13872 13960
70 72922 96 4 86906 13888 13984
869 72988 79 2 86935 13868 13947
948 73229 93 1 87028 13706 13799
381 73242 99 4 87077 13736 13835
55 73327 100 3 87127 13700 13800
430 73467 66 4 87143 13610 13676
300 73612 61 3 87204 13531 13592
42 73652 52 2 87206 13502 13554
780 73674 83 4 87289 13532 13615
542 73688 90 2 87329 13551 13641
981 73864 70 4 87399 13465 13535
673 73924 70 2 87419 13425 13495
109 74006 89 3 87458 13363 13452
610 74049 96 2 87504 13359 13455
456 74297 87 3 87541 13157 13244
638 74308 98 1 87589 13183 13281
571 74328 72 4 87611 13211 13283
417 74343 89 2 87650 13218 13307
505 74552 95 4 87745 13098 13193
946 74713 64 1 87809 13032 13096
146 74755 86 3 87895 13054 13140
851 74918 91 4 87936 12927 13018
233 74934 85 2 87971 12952 13037
547 74959 85 4 88056 13012 13097
447 75177 55 2 88061 12829 12884
145 75245 86 3 88097 12766 12852
66 83128 50 3 88147 4969 5019
592 75248 95 3 88192 12849 12944
88 75461 52 4 88194 12681 12733
787 75535 73 4 88217 12609 12682
821 75567 80 2 88247 12600 12680
446 75793 71 1 88268 12404 12475
61 75875 95 2 88313 12343 12438
167 75906 91 3 88404 12407 12498
423 75907 88 4 88492 12497 12585
504 76013 76 3 88568 12479 12555
704 76044 56 2 88574 12474 12530
649 76503 68 2 88592 12021 12089
277 76517 73 3 88615 12025 12098
804 76676 88 2 88703 11939 12027
376 76824 53 2 88706 11829 11882
178 76829 90 4 88746 11827 11917
200 76973 80 2 88776 11723 11803
733 77012 90 4 88816 11714 11804
754 84589 34 4 88850 4227 4261
526 77104 73 3 88923 11746 11819
540 77203 69 2 88942 11670 11739
898 77397 95 2 89037 11545 11640
305 77539 52 3 89039 11448 11500
696 77941 94 2 89133 11098 11192
514 78213 91 3 89174 10870 10961
280 78391 67 2 89191 10733 10800
293 78458 95 4 89236 10683 10778
955 78696 77 2 89263 10490 10567
962 78818 98 3 89361 10445 10543
236 79465 63 3 89374 9846 9909
58 79488 82 2 89406 9836 9918
920 79645 94 4 89500 9761 9855
183 79698 80 4 89530 9752 9832
545 79724 86 2 89566 9756 9842
248 79802 70 4 89586 9714 9784
191 79983 67 4 89653 9603 9670
647 79995 92 4 89695 9608 9700
320 80329 94 3 89739 9316 9410
809 80355 64 2 89803 9384 9448
359 80906 93 4 89896 8897 8990
384 81161 84 3 89980 8735 8819
438 81433 84 3 90014 8497 8581
38 81571 86 3 90050 8393 8479
991 87631 45 1 90145 2469 2514
77 82363 81 1 90176 7732 7813
407 82477 86 3 90212 7649 7735
6 82640 98 4 90260 7522 7620
256 87875 46 3 90306 2385 2431
586 82841 52 4 90308 7415 7467
175 83636 76 4 90384 6672 6748
797 83695 94 4 90428 6639 6733
666 83820 92 3 90470 6558 6650
906 84191 87 1 90557 6279 6366
593 84630 96 2 90603 5877 5973
271 84702 88 3 90641 5851 5939
609 84895 66 3 90657 5696 5762
957 85609 80 1 90687 4998 5078
698 85946 71 4 90708 4691 4762
332 86234 62 3 90770 4474 4536
459 86589 91 4 90811 4131 4222
115 86856 69 4 90830 3905 3974
805 86990 60 4 90840 3790 3850
874 87457 87 3 90877 3333 3420
82 88199 68 2 90895 2628 2696
136 88601 60 4 90955 2294 2354
905 89454 56 3 91011 1501 1557
744 90386 77 4 91088 625 702
993 90644 96 4 91134 394 490
597 90854 90 2 91174 230 320
340 91861 54 2 91915 0 54
619 92183 97 4 92280 0 97
554 92353 36 3 92389 0 36
433 92840 53 4 92893 0 53
901 93957 95 4 94052 0 95
69 94254 74 2 94328 0 74
291 94282 36 2 94364 46 82
518 94614 81 4 94695 0 81
158 96033 93 2 96126 0 93
970 96483 99 2 96582 0 99
717 98790 88 3 98878 0 88
463 100000 43 3 100043 0 43
120 100000 87 3 100330 243 330
591 100000 100 3 100380 280 380
211 100000 86 3 100416 330 416
176 100000 98 3 100464 366 464
479 100000 63 4 100477 414 477
