100461 1751 2147 2086
488 0 46 4 46 0 46
564 0 93 3 289 196 289
787 0 58 2 297 239 297
833 0 52 4 299 247 299
638 0 54 4 303 249 303
608 1512 31 4 1543 0 31
922 1560 60 1 1620 0 60
187 3076 65 1 3141 0 65
877 3381 48 1 3429 0 48
374 3548 83 4 3631 0 83
956 5499 58 3 5557 0 58
171 5502 70 2 5627 55 125
710 6103 45 3 6148 0 45
837 6983 68 2 7051 0 68
557 7646 66 4 7712 0 66
890 8731 70 4 8801 0 70
856 9471 84 4 9555 0 84
709 9702 56 3 9758 0 56
769 10503 68 3 10571 0 68
407 10610 76 2 10686 0 76
93 10904 65 3 10969 0 65
118 11260 70 4 11330 0 70
894 11493 53 2 11546 0 53
963 11510 80 2 11626 36 116
664 11743 77 4 11820 0 77
292 12068 55 2 12123 0 55
59 12185 84 3 12269 0 84
9 12310 62 4 12372 0 62
283 12470 72 1 12542 0 72
474 12773 83 2 12856 0 83
209 13801 62 3 13863 0 62
612 14061 52 4 14113 0 52
382 14343 95 2 14438 0 95
588 14354 98 2 14536 84 182
600 14464 75 4 14611 72 147
876 14679 67 2 14746 0 67
636 15107 58 4 15165 0 58
841 15546 83 1 15629 0 83
262 15771 46 1 15817 0 46
333 16274 61 4 16335 0 61
467 16318 20 3 16355 17 37
505 16382 43 1 16425 0 43
214 16393 54 4 16479 32 86
360 16454 90 3 16569 25 115
895 16819 61 4 16880 0 61
735 16977 59 2 17036 0 59
233 17340 34 2 17374 0 34
917 17374 78 1 17452 0 78
348 17798 53 3 17851 0 53
277 18109 70 4 18179 0 70
511 18221 53 2 18274 0 53
676 18568 22 4 18590 0 22
347 18674 51 2 18725 0 51
576 18945 66 4 19011 0 66
847 19216 66 2 19282 0 66
840 19941 64 4 20005 0 64
844 20029 60 4 20089 0 60
366 20078 69 4 20158 11 80
959 20222 73 4 20295 0 73
727 20658 53 2 20711 0 53
593 20706 82 2 20793 5 87
328 20752 45 2 20838 41 86
489 20772 58 3 20896 66 124
176 20909 77 3 20986 0 77
285 20930 50 4 21036 56 106
287 20988 76 2 21112 48 124
414 21156 67 3 21223 0 67
745 21230 30 4 21260 0 30
490 21252 40 1 21300 8 48
824 21255 54 4 21404 95 149
999 21282 70 3 21424 72 142
508 21359 47 2 21521 115 162
220 21357 57 4 21528 114 171
403 21507 60 4 21588 21 81
15 21600 80 3 21680 0 80
244 21688 66 1 21754 0 66
310 21767 51 2 21818 0 51
387 21835 31 4 21866 0 31
494 21968 61 4 22029 0 61
320 22029 54 4 22083 0 54
117 22051 61 4 22144 32 93
714 22117 71 4 22215 27 98
521 22457 54 1 22511 0 54
771 22631 71 4 22702 0 71
928 22690 73 4 22825 62 135
650 22702 51 4 22826 73 124
835 22789 53 4 22879 37 90
839 22839 43 2 22922 40 83
513 22881 39 4 22961 41 80
524 22910 53 4 23014 51 104
971 22991 42 3 23056 23 65
168 23102 63 3 23165 0 63
878 23480 48 3 23528 0 48
893 23561 67 4 23628 0 67
949 23582 62 1 23740 96 158
485 23595 62 4 23752 95 157
73 23805 51 1 23856 0 51
779 23973 80 2 24053 0 80
344 24033 58 4 24111 20 78
452 24192 38 1 24230 0 38
704 24601 74 2 24675 0 74
180 24608 49 4 24724 67 116
874 24680 41 2 24815 94 135
463 24672 64 4 24829 93 157
20 24883 59 4 24942 0 59
697 25100 63 3 25163 0 63
692 25173 37 3 25210 0 37
583 25219 54 4 25273 0 54
533 25271 89 4 25362 2 91
427 25385 54 4 25439 0 54
185 25443 92 3 25535 0 92
138 25488 72 1 25607 47 119
275 25588 42 3 25649 19 61
855 25754 33 4 25787 0 33
690 25826 69 3 25895 0 69
390 26219 62 2 26281 0 62
365 26304 57 3 26361 0 57
338 26353 43 2 26404 8 51
865 26358 60 4 26464 46 106
56 26503 86 2 26589 0 86
493 26524 53 3 26692 115 168
228 26582 54 3 26696 60 114
142 26817 55 1 26872 0 55
483 27068 77 3 27145 0 77
734 27101 50 4 27245 94 144
668 27088 77 2 27272 107 184
997 27156 56 4 27378 166 222
539 27177 67 3 27395 151 218
455 27348 54 4 27449 47 101
334 27471 50 4 27521 0 50
363 27496 47 3 27568 25 72
16 27610 36 1 27646 0 36
821 27637 81 2 27727 9 90
271 27690 67 2 27894 137 204
80 27710 53 4 27897 134 187
448 27720 94 4 27941 127 221
950 27911 44 4 27985 30 74
625 27973 82 3 28067 12 94
761 28011 84 3 28251 156 240
170 28019 51 3 28352 282 333
728 28029 71 3 28373 273 344
250 28074 69 2 28442 299 368
253 28087 57 3 28549 405 462
40 28246 91 4 28590 253 344
57 28285 60 2 28650 305 365
417 28287 70 2 28670 313 383
128 28417 100 4 28720 203 303
60 28737 69 1 28806 0 69
631 28739 96 3 28952 117 213
112 28798 56 3 29008 154 210
825 28807 63 3 29021 151 214
370 28966 79 4 29200 155 234
267 28984 64 1 29214 166 230
396 29019 88 3 29252 145 233
236 29459 81 1 29540 0 81
900 29555 70 2 29625 0 70
6 29580 68 2 29693 45 113
724 29697 62 3 29759 0 62
14 29837 53 2 29890 0 53
393 29838 50 4 29940 52 102
461 29859 45 4 29985 81 126
884 29864 65 2 30100 171 236
341 29951 53 2 30103 99 152
203 30069 70 2 30223 84 154
880 30139 30 3 30253 84 114
643 30079 66 1 30269 124 190
477 30366 41 4 30407 0 41
111 30382 71 2 30478 25 96
682 30449 37 3 30515 29 66
611 30629 46 3 30675 0 46
227 30723 71 4 30794 0 71
754 30759 50 2 30844 35 85
378 30844 64 3 30908 0 64
416 30865 62 2 30970 43 105
188 30961 41 3 31011 9 50
68 31256 70 4 31326 0 70
377 31291 58 4 31384 35 93
730 31363 68 2 31452 21 89
716 31428 46 2 31498 24 70
496 31648 61 3 31709 0 61
945 31739 62 2 31801 0 62
155 31765 46 2 31847 36 82
792 31794 62 4 31909 53 115
920 31871 56 3 31965 38 94
773 32029 93 3 32122 0 93
218 32150 69 3 32219 0 69
442 32155 52 2 32271 64 116
424 32319 45 4 32364 0 45
828 32426 76 2 32502 0 76
645 32458 49 4 32551 44 93
454 32528 44 1 32595 23 67
807 32540 57 2 32702 105 162
7 32595 91 3 32743 57 148
537 32653 38 3 32781 90 128
899 32653 44 2 32825 128 172
94 32674 72 3 33047 301 373
95 32741 81 2 33128 306 387
562 32910 49 2 33177 218 267
303 32749 64 1 33191 378 442
523 32756 71 3 33212 385 456
613 32857 92 3 33304 355 447
652 33023 87 3 33391 281 368
640 33168 59 3 33450 223 282
115 33344 40 3 33490 106 146
98 33236 51 3 33491 204 255
30 33400 51 4 33542 91 142
143 33512 51 3 33593 30 81
4 33599 60 4 33659 0 60
28 33619 60 1 33719 40 100
591 33776 51 3 33827 0 51
993 33828 32 2 33860 0 32
536 33990 81 4 34071 0 81
622 33999 83 4 34154 72 155
369 34250 100 4 34350 0 100
375 34261 63 4 34513 189 252
605 34270 64 4 34527 193 257
560 34323 81 1 34558 154 235
577 34668 60 4 34728 0 60
962 34688 54 3 34882 140 194
457 34695 64 3 34896 137 201
992 34722 69 4 35015 224 293
776 34805 58 1 35023 160 218
471 34810 68 3 35041 163 231
931 34955 71 4 35112 86 157
555 35046 35 4 35147 66 101
147 35053 52 4 35299 194 246
889 35087 51 3 35400 262 313
823 35125 62 3 35512 325 387
566 35281 45 4 35557 231 276
297 35154 64 3 35571 353 417
332 35191 53 2 35674 430 483
58 35202 63 3 35687 422 485
261 35217 73 4 35710 420 493
699 35479 45 4 35755 231 276
436 35315 64 3 35869 490 554
137 35339 58 1 35877 480 538
768 35679 44 3 35921 198 242
979 35500 61 4 35932 371 432
158 35509 79 2 35961 373 452
974 35859 86 1 36247 302 388
867 35875 53 4 36350 422 475
401 35926 60 4 36360 374 434
970 35939 86 3 36446 421 507
627 36160 40 4 36636 436 476
848 35957 56 1 36642 629 685
246 35968 57 1 36699 674 731
695 35968 56 4 36755 731 787
234 36302 41 2 36796 453 494
871 36108 70 4 36866 688 758
568 36393 46 4 36912 473 519
130 36112 79 4 36991 800 879
977 36466 48 3 37039 525 573
794 36479 48 4 37087 560 608
278 36126 78 3 37115 911 989
785 36141 51 1 37166 974 1025
731 36239 67 4 37183 877 944
37 36297 52 4 37185 836 888
845 36358 84 2 37319 877 961
604 36828 42 4 37361 491 533
798 36405 63 4 37474 1006 1069
592 37002 36 4 37560 522 558
81 36503 70 4 37780 1207 1277
72 36727 56 3 37836 1053 1109
739 36730 57 4 37943 1156 1213
937 36862 64 2 38157 1231 1295
186 36887 100 3 38207 1220 1320
693 37428 44 3 38251 779 823
356 36977 67 4 38268 1224 1291
946 37016 64 3 38382 1302 1366
19 37029 97 3 38429 1303 1400
125 37071 66 4 38495 1358 1424
256 37089 68 4 38563 1406 1474
981 37122 77 3 38590 1391 1468
69 37204 82 3 38672 1386 1468
795 37213 84 2 38706 1409 1493
764 37267 70 4 38826 1489 1559
157 37306 73 4 38949 1570 1643
784 37340 81 3 38980 1559 1640
495 37344 84 4 39064 1636 1720
105 37482 60 2 39124 1582 1642
671 37555 52 1 39126 1519 1571
951 38332 34 2 39160 794 828
274 37629 76 2 39186 1481 1557
12 37699 53 4 39189 1437 1490
13 38542 28 4 39267 697 725
746 38544 44 4 39311 723 767
362 37819 57 2 39318 1442 1499
545 38645 49 4 39417 723 772
540 37912 69 4 39436 1455 1524
827 37935 84 3 39470 1451 1535
190 37979 74 3 39494 1441 1515
43 37981 60 3 39504 1463 1523
617 38082 56 3 39560 1422 1478
443 38106 78 2 39688 1504 1582
371 39142 30 3 39768 596 626
852 38532 67 3 39785 1186 1253
726 38618 52 4 39837 1167 1219
352 38962 56 3 39943 925 981
324 39554 43 3 40036 439 482
104 38985 64 3 40050 1001 1065
786 39036 60 4 40160 1064 1124
475 39663 24 2 40184 497 521
181 39067 58 1 40192 1067 1125
235 39736 37 4 40329 556 593
260 39234 55 3 40384 1095 1150
492 39352 67 4 40451 1032 1099
542 39361 73 4 40474 1040 1113
394 39525 59 3 40533 949 1008
548 39591 59 3 40592 942 1001
308 40059 46 4 40638 533 579
567 39599 72 4 40710 1039 1111
998 39720 98 1 40808 990 1088
420 39731 65 3 40823 1027 1092
649 40270 36 4 40909 603 639
173 39751 77 3 40936 1108 1185
34 40330 45 4 40981 606 651
984 39807 65 4 41096 1224 1289
389 40453 21 4 41167 693 714
207 40473 32 4 41199 694 726
243 39920 67 3 41216 1229 1296
541 40049 62 4 41228 1117 1179
529 40067 81 4 41259 1111 1192
248 40168 74 3 41333 1091 1165
136 40270 51 4 41384 1063 1114
466 40826 45 4 41429 558 603
526 40341 59 2 41488 1088 1147
438 40352 65 2 41553 1136 1201
923 40448 78 3 41581 1055 1133
818 41140 28 4 41709 541 569
620 40708 55 1 41714 951 1006
205 41262 47 3 41761 452 499
61 40737 68 4 41779 974 1042
933 41418 40 1 41819 361 401
658 41421 47 4 41866 398 445
712 41426 47 3 41913 440 487
350 40833 64 2 41927 1030 1094
376 41025 85 2 41962 852 937
912 41109 91 2 42103 903 994
800 41127 84 4 42187 976 1060
755 41720 40 2 42327 567 607
126 41721 43 4 42370 606 649
70 41761 45 4 42465 659 704
579 41505 57 4 42522 960 1017
165 41981 46 4 42568 541 587
293 41567 93 4 42611 951 1044
145 42100 39 3 42750 611 650
281 41600 71 3 42771 1100 1171
317 42105 45 3 42816 666 711
280 41649 77 4 43043 1317 1394
44 42189 49 2 43092 854 903
311 41674 79 3 43171 1418 1497
879 41760 57 3 43328 1511 1568
965 42393 43 3 43371 935 978
211 41961 75 2 43396 1360 1435
705 42068 56 4 43552 1428 1484
614 42093 75 3 43577 1409 1484
635 42759 46 4 43673 868 914
861 42778 36 3 43709 895 931
553 42117 60 4 43719 1542 1602
964 42855 49 1 43868 964 1013
737 42861 31 3 43899 1007 1038
64 42117 58 3 43907 1732 1790
910 42125 78 3 43985 1782 1860
183 42172 61 2 43996 1763 1824
286 43008 48 2 44044 988 1036
96 42201 60 4 44054 1793 1853
200 42275 61 2 44265 1929 1990
223 42287 51 3 44316 1978 2029
18 42334 57 2 44373 1982 2039
240 43299 40 4 44413 1074 1114
621 43304 33 3 44496 1159 1192
584 42475 72 3 44518 1971 2043
166 42492 67 3 44585 2026 2093
213 42522 54 3 44739 2163 2217
306 42707 65 4 44904 2132 2197
392 42824 53 4 44907 2030 2083
559 42834 68 2 44975 2073 2141
908 42874 59 2 45034 2101 2160
345 43100 65 4 45249 2084 2149
854 43124 74 1 45273 2075 2149
291 43133 54 1 45277 2090 2144
581 44204 38 4 45315 1073 1111
62 43146 80 4 45345 2119 2199
1000 44220 42 4 45387 1125 1167
551 44224 49 2 45486 1213 1262
391 44247 43 1 45579 1289 1332
27 44249 35 3 45614 1330 1365
129 43220 68 2 45632 2344 2412
677 43223 74 2 45656 2359 2433
655 43300 61 4 45767 2406 2467
88 43417 98 4 45865 2350 2448
36 43468 58 3 45873 2347 2405
172 43471 60 2 45883 2352 2412
11 43474 81 4 45964 2409 2490
217 43518 59 4 45973 2396 2455
629 43530 57 4 45980 2393 2450
3 43545 68 3 45998 2385 2453
770 43728 92 3 46090 2270 2362
451 43830 61 3 46101 2210 2271
269 44989 35 4 46136 1112 1147
82 43908 55 4 46191 2228 2283
440 43927 54 3 46245 2264 2318
51 43954 59 3 46254 2241 2300
969 44045 56 4 46360 2259 2315
733 45334 41 4 46601 1226 1267
140 45343 44 2 46645 1258 1302
957 44222 57 3 46702 2423 2480
154 45486 41 4 46743 1216 1257
151 44232 70 4 46763 2461 2531
898 45586 47 3 46860 1227 1274
905 44340 65 4 46925 2520 2585
672 44352 70 3 47045 2623 2693
531 44422 67 4 47112 2623 2690
809 45806 41 4 47153 1306 1347
602 44648 61 3 47164 2455 2516
921 44850 72 4 47286 2364 2436
806 45024 66 1 47552 2462 2528
450 46151 35 2 47587 1401 1436
468 45036 76 4 47613 2501 2577
423 45166 78 3 47841 2597 2675
384 45173 94 3 47885 2618 2712
853 45191 67 4 47952 2694 2761
284 45267 63 1 48015 2685 2748
549 45270 55 3 48020 2695 2750
316 45281 79 1 48049 2689 2768
65 46603 20 3 48119 1496 1516
108 45381 81 4 48150 2688 2769
230 45545 60 3 48210 2605 2665
683 46819 33 4 48243 1391 1424
904 45594 78 4 48321 2649 2727
986 46861 47 2 48368 1460 1507
237 45680 53 4 48421 2688 2741
966 45685 51 3 48472 2736 2787
550 47033 35 4 48557 1489 1524
633 45740 67 4 48574 2767 2834
160 45924 59 4 48633 2650 2709
302 45936 62 2 48645 2647 2709
514 46045 69 3 48664 2550 2619
689 46056 58 3 48722 2608 2666
501 46061 53 4 48775 2661 2714
71 46083 64 4 48889 2742 2806
355 46125 73 3 48962 2764 2837
509 46238 70 4 48982 2674 2744
679 46248 67 3 48999 2684 2751
49 46251 88 2 49087 2748 2836
295 47724 50 4 49137 1363 1413
528 46251 83 4 49170 2836 2919
322 47765 42 4 49212 1405 1447
325 46347 68 3 49280 2865 2933
783 47899 30 4 49310 1381 1411
219 46377 63 2 49373 2933 2996
642 47957 23 4 49396 1416 1439
264 46591 53 3 49549 2905 2958
582 46653 52 1 49851 3146 3198
447 46854 69 4 49870 2947 3016
359 46922 80 3 49900 2898 2978
569 46939 73 2 49973 2961 3034
177 47014 52 4 50025 2959 3011
713 48534 46 4 50071 1491 1537
941 47068 53 3 50124 3003 3056
210 47329 81 3 50255 2845 2926
307 47366 52 2 50307 2889 2941
89 47423 60 2 50367 2884 2944
940 47435 73 4 50390 2882 2955
587 47480 76 2 50566 3010 3086
491 48955 44 1 50660 1661 1705
206 47709 69 4 50729 2951 3020
659 47810 63 4 50842 2969 3032
927 49215 41 4 50883 1627 1668
415 47930 84 3 50917 2903 2987
53 47983 56 4 50973 2934 2990
758 48033 72 4 51095 2990 3062
215 49447 34 3 51129 1648 1682
925 48038 70 1 51199 3091 3161
762 48086 51 2 51200 3063 3114
167 48086 73 4 51223 3064 3137
84 48098 60 2 51233 3075 3135
580 48120 84 4 51267 3063 3147
757 48141 56 4 51323 3126 3182
221 48148 62 3 51385 3175 3237
430 49807 48 3 51433 1578 1626
502 48376 67 4 51550 3107 3174
510 48465 71 3 51571 3035 3106
674 48553 80 4 51601 2968 3048
654 48598 82 3 51683 3003 3085
522 50153 48 3 51731 1530 1578
252 48617 61 4 51742 3064 3125
354 50221 47 2 51789 1521 1568
578 48666 53 4 51892 3173 3226
131 50281 39 3 51931 1611 1650
586 48742 70 2 51951 3139 3209
680 48829 67 4 52118 3222 3289
169 48838 71 4 52139 3230 3301
326 48858 77 2 52166 3231 3308
372 48948 55 3 52171 3168 3223
312 48976 69 3 52290 3245 3314
249 49084 58 4 52398 3256 3314
637 49172 73 4 52521 3276 3349
156 50881 44 4 52665 1740 1784
866 49344 59 3 52674 3271 3330
87 50949 46 4 52770 1775 1821
722 50972 41 3 52811 1798 1839
752 49427 56 3 52817 3334 3390
743 49443 60 2 52827 3324 3384
478 51056 24 4 52901 1821 1845
936 49483 82 3 52983 3418 3500
46 51176 39 4 53022 1807 1846
480 51245 38 1 53160 1877 1915
25 49733 69 3 53179 3377 3446
29 49781 57 2 53186 3348 3405
119 51338 37 4 53223 1848 1885
498 49880 59 2 53232 3293 3352
598 49895 57 2 53239 3287 3344
897 51530 44 3 53283 1709 1753
749 50115 87 3 53420 3218 3305
419 51676 34 4 53554 1844 1878
74 51701 20 4 53624 1903 1923
24 50228 66 3 53640 3346 3412
66 50229 60 4 53650 3361 3421
150 51893 33 3 53683 1757 1790
77 50326 60 4 53793 3407 3467
500 50347 78 3 53871 3446 3524
688 50380 58 3 53929 3491 3549
759 52058 42 3 53971 1871 1913
775 50591 76 4 54097 3430 3506
421 50593 72 2 54169 3504 3576
123 52243 34 1 54253 1976 2010
335 50666 100 4 54403 3637 3737
561 50690 65 3 54418 3663 3728
760 50754 68 4 54436 3614 3682
667 50778 73 4 54459 3608 3681
462 52452 32 1 54491 2007 2039
319 50839 60 3 54551 3652 3712
607 50865 68 2 54569 3636 3704
711 50941 81 4 54700 3678 3759
174 52725 46 4 54796 2025 2071
162 52783 41 3 54937 2113 2154
718 52810 46 2 54983 2127 2173
245 51024 51 4 55084 4009 4060
870 51125 64 3 55098 3909 3973
543 52997 50 1 55148 2101 2151
955 51177 94 4 55192 3921 4015
980 51206 61 3 55253 3986 4047
497 53118 20 1 55323 2185 2205
296 51530 58 3 55431 3843 3901
983 51561 80 2 55511 3870 3950
973 53355 50 2 55611 2206 2256
777 53365 49 3 55660 2246 2295
107 51612 66 4 55726 4048 4114
919 51636 87 1 55863 4140 4227
994 51690 72 3 55935 4173 4245
481 51916 66 2 55951 3969 4035
134 51951 85 2 56136 4100 4185
465 51988 74 2 56310 4248 4322
961 52043 56 3 56366 4267 4323
797 52074 64 4 56430 4292 4356
634 52153 63 3 56443 4227 4290
846 52198 66 2 56459 4195 4261
272 54098 47 2 56506 2361 2408
429 52236 80 4 56586 4270 4350
109 52254 54 4 56690 4382 4436
944 52289 74 4 56814 4451 4525
814 54457 43 2 56907 2407 2450
935 54461 44 2 56951 2446 2490
412 52465 72 2 56973 4436 4508
400 54528 34 1 57007 2445 2479
791 52596 100 4 57057 4361 4461
216 54617 40 3 57097 2440 2480
50 52652 51 4 57098 4395 4446
594 52680 69 3 57117 4368 4437
2 54706 43 2 57160 2411 2454
405 52748 54 2 57314 4512 4566
222 52760 64 3 57328 4504 4568
858 52816 87 2 57415 4512 4599
33 52816 58 2 57423 4549 4607
456 53033 80 1 57603 4490 4570
914 53098 55 3 57608 4455 4510
842 55281 50 4 57658 2327 2377
647 55305 38 3 57696 2353 2391
38 53143 54 4 57750 4553 4607
331 53177 72 3 57922 4673 4745
763 53298 62 4 58034 4674 4736
882 55470 49 4 58083 2564 2613
10 53351 57 2 58090 4682 4739
663 55526 29 4 58119 2564 2593
639 53415 57 3 58126 4654 4711
822 53428 52 4 58128 4648 4700
482 55770 50 1 58228 2408 2458
106 53453 64 4 58242 4725 4789
255 53483 58 1 58250 4709 4767
476 53702 54 3 58354 4598 4652
323 55977 45 4 58399 2377 2422
810 53707 59 3 58408 4642 4701
148 53728 83 2 58591 4780 4863
978 53753 70 3 58661 4838 4908
238 53755 51 3 58712 4906 4957
516 53760 58 4 58770 4952 5010
304 56305 32 4 58802 2465 2497
198 53831 62 4 58814 4921 4983
610 53912 63 4 58877 4902 4965
426 54100 52 4 58879 4727 4779
425 54196 80 1 59009 4733 4813
300 56598 49 3 59058 2411 2460
875 54237 80 4 59088 4771 4851
843 54292 65 3 59103 4746 4811
519 54294 51 2 59104 4759 4810
41 54326 76 1 59130 4728 4804
891 54737 86 2 59366 4543 4629
805 54749 81 4 59447 4617 4698
896 54774 56 3 59453 4623 4679
903 54932 74 4 59477 4471 4545
552 57332 48 1 59525 2145 2193
8 55063 67 2 59642 4512 4579
972 55171 67 3 59659 4421 4488
45 55189 51 2 59660 4420 4471
687 57562 48 3 59708 2098 2146
750 55308 78 3 59836 4450 4528
373 55329 67 1 59903 4507 4574
193 55359 51 2 59954 4544 4595
23 55365 51 4 59955 4539 4590
197 55379 84 2 60039 4576 4660
939 57943 42 3 60081 2096 2138
952 55402 59 2 60090 4629 4688
715 55745 56 2 60146 4345 4401
152 58191 42 2 60188 1955 1997
290 55881 72 2 60410 4457 4529
790 55942 76 3 60486 4468 4544
259 58302 41 4 60527 2184 2225
330 58313 39 4 60566 2214 2253
289 56021 61 4 60777 4695 4756
298 56028 73 2 60850 4749 4822
753 56043 80 3 60930 4807 4887
968 56099 84 3 61064 4881 4965
251 56145 76 3 61090 4869 4945
343 56229 59 3 61149 4861 4920
337 58732 41 3 61190 2417 2458
114 56358 77 2 61317 4882 4959
406 58815 45 3 61362 2502 2547
178 58871 39 4 61451 2541 2580
506 56510 65 4 61466 4891 4956
780 56556 59 3 61475 4860 4919
595 58989 48 4 61573 2536 2584
624 59009 50 1 61623 2564 2614
597 56838 61 4 61834 4935 4996
694 57074 71 3 61955 4810 4881
515 57077 71 4 62026 4878 4949
751 57083 72 1 62048 4893 4965
100 59310 46 4 62094 2738 2784
609 57174 62 2 62106 4870 4932
113 59394 37 2 62143 2712 2749
808 59400 45 4 62188 2743 2788
464 59500 35 1 62273 2738 2773
916 57398 57 4 62280 4825 4882
101 59571 45 2 62375 2759 2804
282 57404 74 1 62399 4921 4995
385 57573 60 3 62559 4926 4986
849 57612 64 4 62623 4947 5011
948 59796 47 3 62720 2877 2924
883 59804 45 3 62765 2916 2961
585 59812 47 3 62812 2953 3000
796 57733 60 1 62822 5029 5089
748 57775 64 1 62936 5097 5161
357 57911 53 3 62989 5025 5078
662 58091 61 4 63050 4898 4959
48 58207 80 3 63080 4793 4873
63 58231 75 2 63105 4799 4874
507 58243 52 4 63157 4862 4914
747 58245 75 2 63282 4962 5037
616 58289 68 2 63300 4943 5011
273 60470 43 4 63343 2830 2873
26 60509 45 4 63388 2834 2879
721 60543 50 3 63538 2945 2995
121 58328 54 2 63542 5160 5214
470 58334 63 3 63555 5158 5221
367 58339 68 4 63573 5166 5234
596 58369 56 3 63579 5154 5210
231 58440 58 3 63587 5089 5147
666 60779 45 4 63632 2808 2853
698 60845 30 3 63712 2837 2867
395 58493 70 3 63732 5169 5239
860 58532 88 2 63870 5250 5338
774 58586 69 4 63989 5334 5403
788 58667 54 3 63993 5272 5326
288 58750 51 4 64094 5293 5344
381 58771 61 1 64255 5423 5484
772 58851 55 2 64410 5504 5559
318 58973 82 1 64492 5437 5519
5 61553 43 3 64635 3039 3082
263 59069 68 4 64653 5516 5584
85 59074 72 4 64725 5579 5651
996 59119 84 4 64759 5556 5640
224 59119 60 3 64769 5590 5650
139 61777 42 3 64811 2992 3034
873 59158 71 4 64832 5603 5674
909 59160 74 4 64856 5622 5696
199 59225 75 3 65031 5731 5806
906 59476 58 3 65189 5655 5713
838 59528 51 2 65240 5661 5712
725 59588 60 4 65250 5602 5662
67 62401 47 4 65297 2849 2896
153 59603 87 4 65334 5644 5731
669 62460 46 1 65380 2874 2920
653 62482 47 2 65427 2898 2945
92 59642 55 2 65432 5735 5790
938 59734 73 2 65455 5648 5721
857 59770 53 2 65508 5685 5738
766 62691 33 2 65541 2817 2850
696 59882 52 1 65543 5609 5661
512 59888 70 4 65563 5605 5675
208 62901 34 2 65647 2712 2746
135 62912 48 2 65695 2735 2783
35 59905 74 2 65719 5740 5814
570 60020 68 3 65787 5699 5767
831 60267 81 4 65868 5520 5601
872 60308 75 3 65893 5510 5585
402 63175 47 4 65940 2718 2765
122 60337 64 2 66004 5603 5667
943 60514 67 2 66121 5540 5607
315 63391 45 4 66166 2730 2775
525 60536 93 1 66209 5580 5673
191 60819 66 4 66325 5440 5506
665 60884 62 1 66437 5491 5553
78 60926 70 3 66557 5561 5631
901 60932 54 3 66561 5575 5629
729 60972 96 2 66657 5589 5685
958 61162 83 4 66740 5495 5578
446 61178 82 2 66772 5512 5594
799 61197 92 3 66814 5525 5617
346 61199 72 3 66886 5615 5687
434 61232 60 4 66896 5604 5664
744 61295 75 3 66971 5601 5676
258 61321 62 2 66983 5600 5662
732 61344 68 2 67001 5589 5657
574 61430 75 1 67026 5521 5596
888 61534 56 4 67082 5492 5548
439 61542 79 3 67111 5490 5569
301 64580 38 2 67149 2531 2569
817 61643 81 2 67230 5506 5587
460 64777 45 2 67425 2603 2648
433 61909 60 1 67535 5566 5626
437 61919 62 1 67597 5616 5678
850 61931 65 2 67612 5616 5681
942 62049 51 4 67663 5563 5614
868 62106 66 1 67729 5557 5623
851 62151 70 1 67799 5578 5648
473 62208 54 2 67853 5591 5645
517 65229 47 4 67900 2624 2671
707 62597 73 2 68073 5403 5476
789 65484 38 3 68111 2589 2627
449 62882 70 3 68181 5229 5299
422 62969 73 4 68254 5212 5285
988 63033 82 3 68336 5221 5303
486 63206 57 3 68443 5180 5237
820 65941 45 4 68488 2502 2547
268 63221 59 4 68497 5217 5276
459 63296 79 3 68526 5151 5230
351 66078 38 3 68564 2448 2486
534 63586 84 3 68798 5128 5212
411 63626 74 4 68872 5172 5246
361 63668 59 2 68981 5254 5313
132 63679 55 2 68986 5252 5307
816 66378 41 1 69027 2608 2649
832 63735 57 3 69034 5242 5299
985 63747 55 4 69039 5237 5292
103 63875 53 4 69142 5214 5267
408 66641 45 2 69237 2551 2596
892 63952 69 3 69306 5285 5354
953 66803 49 1 69355 2503 2552
830 64124 53 4 69358 5181 5234
902 64201 65 4 69423 5157 5222
924 64464 59 3 69582 5059 5118
83 67073 36 4 69618 2509 2545
254 64615 74 4 69742 5053 5127
124 67203 45 4 69837 2589 2634
1 67228 50 2 69887 2609 2659
630 64660 66 3 69903 5177 5243
742 64739 76 2 69929 5114 5190
819 64751 58 4 69937 5128 5186
565 67341 48 3 69985 2596 2644
767 64786 76 2 70061 5199 5275
55 64854 60 3 70121 5207 5267
572 67532 50 4 70221 2639 2689
626 64886 70 3 70241 5285 5355
911 64996 81 3 70372 5295 5376
907 67630 41 2 70413 2742 2783
368 65068 56 1 70419 5295 5351
673 65128 53 4 70422 5241 5294
641 65144 87 3 70509 5278 5365
39 65326 58 3 70567 5183 5241
386 67933 48 3 70615 2634 2682
353 65407 52 1 70617 5158 5210
469 65429 59 4 70626 5138 5197
247 65562 65 3 70741 5114 5179
954 65696 100 2 70841 5045 5145
702 65758 62 1 70853 5033 5095
929 65850 53 4 70906 5003 5056
826 65883 74 3 70980 5023 5097
201 68510 38 2 71068 2520 2558
149 66124 69 2 71087 4894 4963
479 66160 73 2 71110 4877 4950
932 66175 90 3 71150 4885 4975
670 66183 55 2 71205 4967 5022
881 66240 71 4 71276 4965 5036
987 68839 48 2 71374 2487 2535
589 66268 66 2 71390 5056 5122
615 68891 24 3 71414 2499 2523
31 66312 89 2 71453 5052 5141
619 66488 70 4 71473 4915 4985
336 66507 59 1 71532 4966 5025
195 66614 64 2 71546 4868 4932
681 69150 44 3 71590 2396 2440
163 66650 68 4 71608 4890 4958
42 69344 44 4 71702 2314 2358
527 66890 61 4 71713 4762 4823
812 66922 64 4 71727 4741 4805
915 66923 65 3 71792 4804 4869
445 67018 63 1 71805 4724 4787
383 67104 72 4 71927 4751 4823
691 67126 85 3 71962 4751 4836
803 69675 49 4 72011 2287 2336
120 67197 58 3 72069 4814 4872
719 69835 47 4 72116 2234 2281
90 67364 53 3 72219 4802 4855
995 69992 37 3 72256 2227 2264
603 70030 38 3 72294 2226 2264
309 67438 71 1 72315 4806 4877
886 67497 55 3 72420 4868 4923
573 70185 46 1 72516 2285 2331
52 67541 86 3 72602 4975 5061
538 67553 77 2 72629 4999 5076
723 70303 43 3 72722 2376 2419
661 70369 41 4 72763 2353 2394
97 67730 85 4 72798 4983 5068
453 67880 56 3 72854 4918 4974
444 68077 63 3 72967 4827 4890
829 68103 77 3 72994 4814 4891
648 68171 64 2 73058 4823 4887
644 68306 78 3 73086 4702 4780
706 70902 27 2 73113 2184 2211
232 68370 55 4 73118 4693 4748
885 68453 93 1 73211 4665 4758
314 68700 77 4 73238 4461 4538
646 68752 61 1 73299 4486 4547
991 68800 74 2 73323 4449 4523
530 71282 25 2 73348 2041 2066
428 69088 100 3 73448 4260 4360
179 69305 57 3 73555 4193 4250
431 69448 76 4 73631 4107 4183
520 69544 98 3 73729 4087 4185
184 71851 37 3 73816 1928 1965
887 69616 82 4 73848 4150 4232
409 71984 50 1 73898 1864 1914
91 69735 54 3 73902 4113 4167
556 72033 39 3 73941 1869 1908
146 72079 43 4 74034 1912 1955
793 69842 52 4 74036 4142 4194
32 69867 60 4 74096 4169 4229
684 72274 37 4 74183 1872 1909
989 70071 63 4 74296 4162 4225
499 70112 54 4 74300 4134 4188
21 70154 54 3 74304 4096 4150
869 70228 57 1 74311 4026 4083
22 70302 66 4 74427 4059 4125
313 72637 33 2 74460 1790 1823
660 70456 53 2 74663 4154 4207
532 70520 54 3 74667 4093 4147
212 70600 57 2 74674 4017 4074
226 70677 67 4 74691 3947 4014
327 70958 79 4 74720 3683 3762
685 71164 82 4 74802 3556 3638
388 71294 69 4 74821 3458 3527
834 71519 53 2 74824 3252 3305
265 71579 67 4 74841 3195 3262
379 71718 85 1 74976 3173 3258
717 71745 59 2 75035 3231 3290
504 73632 50 3 75085 1403 1453
182 71818 67 4 75152 3267 3334
738 72042 55 2 75207 3110 3165
590 72157 51 4 75258 3050 3101
175 72207 66 3 75274 3001 3067
418 72292 75 4 75299 2932 3007
740 72306 58 3 75357 2993 3051
54 72531 74 2 75381 2776 2850
127 72540 64 4 75445 2841 2905
546 72650 95 4 75590 2845 2940
975 72661 71 4 75611 2879 2950
472 72735 82 1 75643 2826 2908
99 72796 57 3 75700 2847 2904
811 73161 65 4 75715 2489 2554
192 73513 81 3 75746 2152 2233
736 73520 91 1 75787 2176 2267
164 74937 20 4 75807 850 870
720 74960 43 3 75850 847 890
864 73616 54 3 75854 2184 2238
815 73659 100 3 75904 2145 2245
859 73765 70 3 75924 2089 2159
934 74032 85 3 75959 1842 1927
266 75233 40 3 75999 726 766
458 74225 92 4 76141 1824 1916
279 74321 74 4 76215 1820 1894
410 74438 51 4 76266 1777 1828
225 74445 76 4 76342 1821 1897
535 74601 86 4 76478 1791 1877
967 75243 61 2 76689 1385 1446
241 75269 94 3 76783 1420 1514
656 75347 62 4 76795 1386 1448
202 75443 54 4 76799 1302 1356
342 75468 82 4 76881 1331 1413
651 75514 68 3 77049 1467 1535
242 75570 61 4 77060 1429 1490
623 75645 62 3 77072 1365 1427
982 76501 44 4 77116 571 615
404 75833 58 3 77124 1233 1291
194 75911 60 3 77134 1163 1223
75 75984 51 2 77135 1100 1151
632 76046 63 2 77148 1039 1102
802 76216 61 3 77209 932 993
364 76273 75 3 77234 886 961
432 76304 84 1 77268 880 964
399 76341 63 3 77281 877 940
575 76752 73 2 77304 479 552
913 77239 35 4 77389 115 150
703 77217 84 4 77473 172 256
741 77285 72 4 77545 188 260
299 77381 68 2 77613 164 232
358 77430 93 3 77706 183 276
339 77527 66 2 77722 129 195
547 77654 27 2 77749 68 95
441 77672 60 2 77859 127 187
86 77690 52 3 77861 119 171
657 77911 38 3 77949 0 38
276 77963 56 3 78019 0 56
397 78059 72 4 78131 0 72
700 78667 53 2 78720 0 53
204 78713 66 4 78786 7 73
863 78793 69 4 78862 0 69
686 78973 63 3 79036 0 63
628 79089 63 4 79152 0 63
294 79324 60 1 79384 0 60
321 79527 44 4 79571 0 44
918 79717 43 3 79760 0 43
141 79769 60 2 79829 0 60
47 79779 68 1 79897 50 118
960 79866 56 3 79953 31 87
79 79949 84 4 80037 4 88
340 79972 65 4 80102 65 130
116 80038 51 2 80153 64 115
270 80162 68 3 80230 0 68
398 80315 59 3 80374 0 59
102 80472 73 2 80545 0 73
558 80822 42 3 80864 0 42
518 80886 45 4 80931 0 45
349 80966 53 1 81019 0 53
413 81155 58 4 81213 0 58
484 81402 58 1 81460 0 58
571 81626 69 4 81695 0 69
926 81685 60 3 81755 10 70
862 81705 77 3 81832 50 127
435 81832 83 4 81915 0 83
239 81907 72 2 81987 8 80
930 82165 63 4 82228 0 63
196 82685 54 3 82739 0 54
990 82903 71 4 82974 0 71
305 82925 26 3 83000 49 75
159 82928 44 3 83044 72 116
110 83005 75 2 83119 39 114
133 83057 55 4 83174 62 117
487 83367 76 2 83443 0 76
544 83400 23 4 83466 43 66
189 83461 47 3 83513 5 52
675 83753 54 3 83807 0 54
229 83756 100 2 83907 51 151
618 84124 57 1 84181 0 57
778 84310 42 3 84352 0 42
813 86044 84 3 86128 0 84
781 86144 54 4 86198 0 54
701 86224 52 3 86276 0 52
599 86311 75 1 86386 0 75
329 86397 89 2 86486 0 89
765 87674 38 1 87712 0 38
144 87897 51 3 87948 0 51
804 88109 61 4 88170 0 61
836 88792 71 3 88863 0 71
756 89148 54 4 89202 0 54
801 90365 58 4 90423 0 58
678 90567 78 3 90645 0 78
17 90604 49 4 90694 41 90
161 91281 71 3 91352 0 71
554 91425 73 4 91498 0 73
257 93300 71 3 93371 0 71
708 94617 73 4 94690 0 73
606 94965 63 3 95028 0 63
976 100000 40 4 100240 200 240
601 100000 46 4 100386 340 386
503 100000 52 2 100388 336 388
380 100000 62 4 100400 338 400
76 100000 62 1 100412 350 412
947 100000 56 4 100418 362 418
782 100000 79 4 100447 368 447
563 100000 64 2 100461 397 461
