100422 1000 1738 1677
780 0 72 4 72 0 72
947 0 100 2 172 72 172
481 0 55 3 227 172 227
577 0 56 3 283 227 283
580 0 51 2 334 283 334
114 0 64 4 398 334 398
308 1388 45 1 1433 0 45
747 2326 63 2 2389 0 63
71 2742 53 4 2795 0 53
844 3017 75 3 3092 0 75
269 3428 60 4 3488 0 60
753 4876 100 4 4976 0 100
627 5598 60 4 5658 0 60
300 7616 71 3 7687 0 71
149 7931 72 4 8003 0 72
467 8036 50 2 8086 0 50
839 8815 53 4 8868 0 53
991 8911 38 3 8949 0 38
767 8977 80 4 9057 0 80
678 9296 79 3 9375 0 79
287 9646 52 4 9698 0 52
999 10374 64 4 10438 0 64
899 10949 50 4 10999 0 50
487 11431 78 4 11509 0 78
407 11559 80 3 11639 0 80
671 11940 86 1 12026 0 86
203 12015 36 2 12063 12 48
220 12163 75 3 12238 0 75
403 12249 87 4 12336 0 87
373 12253 80 3 12417 84 164
488 12352 36 3 12454 66 102
565 12528 74 2 12602 0 74
957 12555 65 2 12668 48 113
695 12976 64 1 13040 0 64
416 13033 61 4 13102 8 69
143 13266 75 4 13341 0 75
611 13853 32 3 13885 0 32
36 14059 42 3 14101 0 42
259 14123 65 3 14188 0 65
388 14431 67 2 14498 0 67
907 14695 66 2 14761 0 66
895 14992 79 1 15071 0 79
550 15087 82 2 15169 0 82
813 15175 75 2 15250 0 75
69 15332 69 4 15401 0 69
842 15575 41 4 15616 0 41
460 15727 64 2 15791 0 64
633 15906 77 4 15983 0 77
805 16032 77 2 16109 0 77
265 16492 61 2 16553 0 61
246 16934 84 2 17018 0 84
305 16950 55 3 17074 69 124
397 17062 69 4 17144 13 82
59 17141 41 4 17186 4 45
872 17189 77 4 17266 0 77
775 17283 91 4 17374 0 91
227 17658 67 3 17725 0 67
274 17886 58 1 17944 0 58
154 17917 90 2 18035 28 118
968 17943 48 4 18083 92 140
637 18610 100 3 18710 0 100
528 18646 48 4 18759 65 113
726 18730 60 3 18820 30 90
208 18788 55 4 18876 33 88
219 18904 60 4 18964 0 60
283 19105 50 3 19155 0 50
255 19256 32 3 19288 0 32
703 19432 86 2 19518 0 86
495 19735 73 4 19808 0 73
689 19954 76 4 20030 0 76
803 19957 64 2 20095 74 138
642 20055 66 4 20162 41 107
559 20159 71 3 20234 4 75
911 20169 52 3 20287 66 118
618 20261 72 3 20360 27 99
990 20387 66 4 20453 0 66
389 20427 67 3 20521 27 94
535 20489 56 4 20578 33 89
453 20580 71 4 20651 0 71
856 20713 64 4 20777 0 64
131 20996 44 3 21040 0 44
808 21178 35 4 21213 0 35
20 21230 47 1 21277 0 47
727 21416 51 4 21467 0 51
700 21521 47 3 21568 0 47
745 21746 81 4 21827 0 81
846 21911 66 4 21977 0 66
107 21918 64 4 22042 60 124
342 22033 71 3 22114 10 81
713 22063 60 4 22175 52 112
159 22275 74 4 22349 0 74
620 22353 58 4 22411 0 58
507 22580 61 2 22641 0 61
48 22589 53 2 22695 53 106
184 22655 67 1 22763 41 108
766 22667 59 4 22822 96 155
103 22747 59 2 22882 76 135
51 22855 45 3 22928 28 73
784 23028 62 4 23090 0 62
497 23048 46 3 23137 43 89
738 23256 54 2 23310 0 54
915 23327 57 1 23384 0 57
737 23340 48 3 23433 45 93
820 23616 63 3 23679 0 63
181 23809 60 4 23869 0 60
789 23969 78 4 24047 0 78
657 24266 62 1 24328 0 62
557 24369 30 2 24399 0 30
310 24423 59 1 24482 0 59
824 24891 86 2 24977 0 86
966 24922 51 3 25029 56 107
604 24944 22 1 25051 85 107
312 25198 55 3 25253 0 55
928 25241 78 3 25332 13 91
498 25331 70 3 25403 2 72
150 25501 71 3 25572 0 71
929 25620 53 3 25673 0 53
896 25749 78 4 25827 0 78
763 26054 45 4 26099 0 45
77 26194 54 4 26248 0 54
822 26255 46 4 26301 0 46
165 26279 48 4 26350 23 71
384 26426 64 1 26490 0 64
680 26443 57 1 26548 48 105
141 26658 48 2 26706 0 48
450 26993 65 2 27058 0 65
239 27197 81 2 27278 0 81
337 27379 68 3 27447 0 68
119 27648 52 1 27700 0 52
170 27718 56 3 27774 0 56
157 27727 58 4 27833 48 106
829 27818 49 4 27883 16 65
241 27995 73 4 28068 0 73
276 28063 49 4 28118 6 55
677 28166 45 2 28211 0 45
956 28291 62 4 28353 0 62
749 28406 41 4 28447 0 41
949 28554 62 4 28616 0 62
401 28619 34 4 28653 0 34
908 28623 65 4 28719 31 96
164 28753 87 4 28840 0 87
64 28822 58 2 28899 19 77
175 28888 62 4 28962 12 74
19 28983 64 2 29047 0 64
9 29166 57 1 29223 0 57
912 29243 61 2 29304 0 61
524 29361 97 1 29458 0 97
147 29423 71 1 29530 36 107
381 29493 51 4 29582 38 89
171 29501 87 4 29669 81 168
134 29510 62 4 29731 159 221
972 29973 57 3 30030 0 57
391 30057 30 3 30087 0 30
54 30067 62 2 30150 21 83
694 30101 90 4 30241 50 140
629 30308 65 4 30373 0 65
774 30344 36 2 30410 30 66
104 30462 46 3 30508 0 46
195 30529 82 3 30611 0 82
573 30959 48 2 31007 0 48
734 31050 59 4 31109 0 59
876 31091 56 4 31166 19 75
511 31168 68 2 31236 0 68
600 31170 87 2 31324 67 154
338 31187 63 3 31387 137 200
843 31257 46 2 31434 131 177
998 31455 46 4 31501 0 46
336 31531 79 3 31610 0 79
431 31554 25 1 31636 57 82
223 31761 70 4 31831 0 70
510 31970 53 3 32023 0 53
532 32034 89 3 32123 0 89
837 32092 55 4 32179 32 87
667 32132 46 3 32226 48 94
494 32208 66 4 32293 19 85
733 32265 68 4 32362 29 97
608 32287 98 3 32460 75 173
602 32333 36 2 32497 128 164
257 32476 40 2 32538 22 62
950 32572 50 4 32622 0 50
519 32581 45 4 32668 42 87
855 32647 41 2 32710 22 63
120 32766 65 4 32831 0 65
556 32810 78 2 32910 22 100
395 32896 31 3 32942 15 46
769 32990 56 3 33046 0 56
937 33073 80 3 33153 0 80
385 33122 60 3 33214 32 92
252 33131 71 4 33285 83 154
22 33372 68 3 33440 0 68
730 33512 83 4 33595 0 83
309 33626 77 3 33703 0 77
484 33699 50 2 33754 5 55
238 33757 58 4 33815 0 58
228 33938 74 3 34012 0 74
295 33984 68 3 34081 29 97
619 33996 58 4 34139 85 143
72 34150 69 3 34219 0 69
84 34218 81 3 34301 2 83
459 34337 87 2 34424 0 87
289 34381 62 4 34487 44 106
209 34431 55 2 34543 57 112
43 34480 68 4 34611 63 131
225 34504 81 2 34693 108 189
563 34609 78 4 34771 84 162
552 34741 64 4 34836 31 95
640 34772 45 4 34881 64 109
499 34786 84 4 34966 96 180
748 34855 73 4 35039 111 184
969 34921 35 4 35075 119 154
67 35036 72 2 35147 39 111
500 35054 70 3 35218 94 164
245 35204 64 1 35283 15 79
885 35336 54 4 35390 0 54
806 35340 91 3 35482 51 142
420 35378 69 2 35551 104 173
96 35511 45 2 35597 41 86
551 35583 70 2 35668 15 85
288 35702 60 1 35762 0 60
622 35807 36 1 35843 0 36
4 35844 73 4 35917 0 73
863 36019 53 1 36072 0 53
756 36028 46 2 36119 45 91
311 36121 52 1 36173 0 52
831 36191 60 4 36251 0 60
659 36258 71 4 36329 0 71
515 36282 74 4 36404 48 122
199 36284 59 1 36463 120 179
723 36293 76 3 36539 170 246
86 36307 47 4 36586 232 279
458 36356 68 2 36655 231 299
589 36379 63 4 36718 276 339
423 36497 56 4 36774 221 277
542 36604 79 4 36854 171 250
3 36652 70 3 36924 202 272
961 36656 33 3 36957 268 301
660 36764 30 4 36987 193 223
34 36785 59 1 37047 203 262
575 36794 55 4 37102 253 308
751 36958 57 4 37159 144 201
975 37080 34 4 37194 80 114
249 37119 46 4 37240 75 121
512 37135 82 2 37322 105 187
100 37156 32 4 37354 166 198
965 37324 61 4 37416 31 92
89 37425 40 2 37465 0 40
130 37584 45 1 37629 0 45
857 37595 77 1 37707 35 112
457 37640 86 4 37794 68 154
834 37671 64 3 37858 123 187
832 37717 72 1 37931 142 214
2 37720 78 3 38009 211 289
649 37789 84 3 38093 220 304
193 37792 52 3 38145 301 353
38 37831 46 3 38191 314 360
538 37860 55 4 38247 332 387
330 37906 47 4 38294 341 388
924 38104 48 4 38342 190 238
599 38201 33 4 38376 142 175
783 38227 79 3 38455 149 228
564 38274 57 1 38512 181 238
936 38295 89 3 38601 217 306
390 38359 58 3 38660 243 301
739 38414 71 4 38731 246 317
567 38423 52 2 38783 308 360
343 38611 62 3 38846 173 235
235 38828 48 2 38895 19 67
351 39073 64 4 39137 0 64
585 39092 74 2 39212 46 120
328 39155 64 2 39277 58 122
664 39264 60 3 39338 14 74
754 39366 32 4 39398 0 32
819 39376 44 2 39443 23 67
52 39468 76 1 39544 0 76
260 39487 36 1 39581 58 94
192 39569 76 4 39658 13 89
523 39688 55 3 39743 0 55
27 39745 72 1 39817 0 72
815 39746 96 1 39914 72 168
73 39813 58 3 39972 101 159
15 39852 59 1 40032 121 180
16 39896 61 4 40093 136 197
58 39928 50 4 40143 165 215
673 39981 48 4 40192 163 211
475 40071 59 4 40251 121 180
70 40256 67 4 40323 0 67
982 40351 38 3 40389 0 38
121 40486 85 2 40571 0 85
514 40508 81 4 40653 64 145
795 40565 80 3 40733 88 168
284 40590 83 3 40817 144 227
83 40609 27 3 40844 208 235
347 40792 60 1 40905 53 113
674 40794 80 2 40985 111 191
398 40817 30 4 41015 168 198
413 40831 45 4 41060 184 229
880 40860 48 1 41109 201 249
361 40860 78 1 41187 249 327
352 40866 51 4 41238 321 372
263 40923 48 2 41286 315 363
696 40943 62 4 41348 343 405
451 40970 63 4 41411 378 441
217 40982 65 1 41476 429 494
854 41020 100 4 41576 456 556
897 41098 65 2 41642 479 544
520 41173 44 3 41686 469 513
951 41173 64 1 41750 513 577
479 41200 75 1 41825 550 625
655 41206 62 2 41887 619 681
339 41242 49 3 41936 645 694
425 41304 44 2 41980 632 676
847 41399 59 3 42039 581 640
76 41445 54 4 42093 594 648
761 41463 51 1 42144 630 681
222 41538 51 4 42195 606 657
817 41544 75 2 42270 651 726
821 41576 71 4 42341 694 765
743 41627 39 4 42381 715 754
304 41664 76 2 42457 717 793
736 41671 55 4 42512 786 841
826 41771 50 2 42562 741 791
934 41774 56 2 42618 788 844
491 41798 56 4 42674 820 876
989 41803 49 4 42723 871 920
967 41846 73 1 42796 877 950
952 41890 86 3 42882 906 992
363 41897 48 3 42930 985 1033
810 41923 41 3 42971 1007 1048
194 41979 71 4 43042 992 1063
82 42122 52 2 43094 920 972
981 42161 73 1 43167 933 1006
226 42181 42 2 43209 986 1028
28 42206 49 4 43258 1003 1052
30 42237 64 2 43322 1021 1085
742 42272 98 1 43420 1050 1148
471 42317 45 4 43465 1103 1148
898 42335 47 4 43512 1130 1177
890 42336 57 2 43569 1176 1233
126 42337 81 4 43650 1232 1313
455 42337 40 2 43690 1313 1353
188 42377 65 2 43756 1314 1379
320 42385 56 3 43812 1371 1427
418 42400 45 3 43857 1412 1457
334 42460 63 4 43920 1397 1460
44 42465 62 3 43982 1455 1517
379 42468 60 4 44042 1514 1574
541 42471 41 4 44083 1571 1612
275 42573 74 2 44157 1510 1584
874 42872 64 3 44221 1285 1349
938 42879 43 4 44264 1342 1385
590 42914 53 4 44317 1350 1403
396 42932 59 2 44376 1385 1444
920 43103 89 3 44465 1273 1362
722 43246 73 4 44538 1219 1292
138 43268 61 3 44599 1270 1331
825 43295 48 3 44647 1304 1352
326 43333 69 3 44716 1314 1383
587 43402 67 2 44783 1314 1381
221 43407 67 4 44850 1376 1443
365 43424 76 4 44926 1426 1502
672 43468 76 1 45002 1458 1534
870 43469 50 4 45052 1533 1583
148 43505 75 3 45127 1547 1622
456 43569 100 1 45227 1558 1658
166 43586 85 2 45312 1641 1726
231 43701 71 1 45384 1612 1683
791 43768 47 3 45431 1616 1663
333 43802 70 1 45501 1629 1699
359 43820 67 4 45568 1681 1748
26 43821 46 3 45614 1747 1793
55 43840 36 4 45650 1774 1810
18 43896 90 4 45740 1754 1844
970 43901 64 3 45804 1839 1903
701 43950 55 1 45859 1854 1909
581 44207 52 3 45911 1652 1704
838 44219 74 2 45985 1692 1766
452 44255 37 2 46022 1730 1767
973 44328 39 2 46061 1694 1733
426 44345 41 2 46102 1716 1757
331 44367 68 3 46170 1735 1803
504 44379 71 2 46241 1791 1862
428 44498 49 3 46290 1743 1792
152 44517 40 3 46330 1773 1813
128 44518 35 2 46365 1812 1847
910 44553 80 4 46445 1812 1892
933 44600 71 4 46516 1845 1916
765 44638 74 4 46590 1878 1952
881 44663 50 4 46640 1927 1977
440 44783 63 4 46703 1857 1920
486 44797 88 1 46791 1906 1994
348 44839 87 3 46878 1952 2039
368 44986 78 2 46956 1892 1970
879 45106 43 4 46999 1850 1893
358 45111 46 4 47045 1888 1934
474 45145 69 4 47114 1900 1969
133 45163 56 2 47170 1951 2007
75 45186 58 4 47228 1984 2042
547 45245 51 3 47279 1983 2034
258 45273 54 2 47333 2006 2060
454 45348 55 3 47389 1986 2041
285 45364 53 3 47442 2025 2078
693 45472 86 3 47528 1970 2056
953 45513 80 4 47608 2015 2095
8 45575 53 1 47661 2033 2086
302 45595 66 1 47727 2066 2132
764 45599 65 4 47792 2128 2193
468 45740 77 2 47869 2052 2129
984 45765 68 3 47937 2104 2172
941 45793 42 4 47979 2144 2186
536 45816 56 3 48035 2163 2219
517 45840 60 2 48095 2195 2255
522 45892 56 1 48151 2203 2259
321 45922 63 4 48214 2229 2292
988 45949 65 3 48279 2265 2330
151 45978 76 3 48355 2301 2377
60 46012 57 3 48412 2343 2400
645 46030 40 2 48452 2382 2422
185 46038 45 4 48497 2414 2459
432 46046 51 3 48548 2451 2502
979 46093 73 3 48621 2455 2528
266 46168 49 3 48670 2453 2502
572 46203 55 4 48725 2467 2522
529 46305 71 2 48796 2420 2491
877 46318 91 3 48887 2478 2569
609 46348 71 4 48958 2539 2610
5 46389 71 3 49029 2569 2640
750 46394 99 4 49128 2635 2734
382 46477 53 3 49181 2651 2704
562 46502 48 1 49229 2679 2727
994 46522 71 4 49300 2707 2778
317 46528 87 2 49387 2772 2859
867 46553 75 3 49462 2834 2909
685 46685 58 4 49520 2777 2835
492 46699 51 4 49571 2821 2872
793 46701 61 4 49632 2870 2931
449 46860 70 2 49702 2772 2842
21 46922 32 1 49734 2780 2812
136 46926 80 4 49814 2808 2888
91 46991 55 4 49869 2823 2878
12 47067 71 4 49940 2802 2873
601 47133 26 2 49966 2807 2833
778 47246 74 3 50040 2720 2794
489 47264 47 4 50087 2776 2823
571 47475 44 1 50132 2613 2657
158 47560 70 2 50202 2572 2642
598 47608 37 4 50239 2594 2631
190 47646 74 3 50313 2593 2667
112 47764 52 3 50365 2549 2601
728 47824 48 3 50413 2541 2589
798 47842 61 4 50474 2571 2632
772 47877 44 1 50518 2597 2641
13 47916 47 4 50565 2602 2649
935 48013 39 2 50604 2552 2591
74 48025 51 4 50655 2579 2630
530 48072 39 4 50694 2583 2622
261 48112 100 2 50794 2582 2682
852 48219 67 3 50861 2575 2642
383 48225 63 2 50924 2636 2699
688 48242 66 2 50990 2682 2748
509 48353 86 4 51076 2637 2723
759 48357 44 3 51120 2719 2763
296 48375 41 4 51161 2745 2786
995 48397 97 2 51258 2764 2861
776 48399 100 4 51358 2859 2959
687 48464 57 3 51415 2894 2951
942 48471 43 3 51458 2944 2987
186 48510 77 3 51535 2948 3025
442 48815 67 3 51602 2720 2787
841 48899 45 3 51647 2703 2748
554 48926 76 2 51723 2721 2797
117 49049 71 2 51794 2674 2745
61 49123 57 3 51851 2671 2728
224 49160 73 3 51924 2691 2764
332 49235 52 3 51976 2689 2741
623 49399 20 4 51996 2577 2597
50 49399 48 3 52044 2597 2645
212 49421 46 3 52090 2623 2669
508 49465 82 1 52172 2625 2707
543 49466 60 2 52232 2706 2766
345 49490 66 2 52298 2742 2808
362 49505 82 4 52380 2793 2875
129 49544 75 1 52455 2836 2911
992 49607 42 3 52497 2848 2890
211 49690 66 4 52563 2807 2873
102 49692 87 2 52650 2871 2958
1000 49715 67 4 52717 2935 3002
653 49819 63 4 52780 2898 2961
490 49865 61 4 52841 2915 2976
355 49886 83 3 52924 2955 3038
399 49902 72 1 52996 3022 3094
393 49912 74 1 53070 3084 3158
463 49977 66 2 53136 3093 3159
108 49993 65 3 53201 3143 3208
894 50033 54 3 53255 3168 3222
939 50043 34 4 53289 3212 3246
410 50079 47 3 53336 3210 3257
886 50188 82 4 53419 3149 3231
707 50247 86 3 53505 3172 3258
560 50251 87 3 53592 3254 3341
376 50264 57 4 53649 3328 3385
501 50275 75 4 53724 3374 3449
31 50310 70 4 53794 3414 3484
865 50435 58 2 53852 3359 3417
586 50521 44 3 53896 3331 3375
483 50527 51 4 53947 3369 3420
503 50694 39 3 53986 3253 3292
142 50785 60 2 54046 3201 3261
441 50806 58 4 54104 3240 3298
78 50837 60 3 54164 3267 3327
647 50843 46 4 54210 3321 3367
290 50862 57 4 54267 3348 3405
526 50865 74 3 54341 3402 3476
732 50890 71 2 54412 3451 3522
922 50900 60 4 54472 3512 3572
804 50936 81 3 54553 3536 3617
161 50947 70 4 54623 3606 3676
835 50952 30 3 54653 3671 3701
892 50981 71 4 54724 3672 3743
303 50982 67 4 54791 3742 3809
593 51005 73 2 54864 3786 3859
986 51020 81 2 54945 3844 3925
95 51030 59 3 55004 3915 3974
705 51167 28 3 55032 3837 3865
650 51216 25 3 55057 3816 3841
651 51426 69 4 55126 3631 3700
251 51439 44 4 55170 3687 3731
118 51451 78 3 55248 3719 3797
364 51462 56 1 55304 3786 3842
125 51468 38 2 55342 3836 3874
202 51471 63 3 55405 3871 3934
641 51750 100 1 55505 3655 3755
445 51816 43 2 55548 3689 3732
414 51823 64 4 55612 3725 3789
792 51838 65 1 55677 3774 3839
409 51864 55 3 55732 3813 3868
782 51939 59 4 55791 3793 3852
669 52025 68 2 55859 3766 3834
652 52052 56 3 55915 3807 3863
127 52140 69 4 55984 3775 3844
443 52283 75 3 56059 3701 3776
29 52338 59 2 56118 3721 3780
946 52438 70 3 56188 3680 3750
744 52445 79 3 56267 3743 3822
686 52446 57 2 56324 3821 3878
372 52503 62 4 56386 3821 3883
840 52539 42 3 56428 3847 3889
139 52589 68 4 56496 3839 3907
916 52624 52 4 56548 3872 3924
163 52738 77 3 56625 3810 3887
237 52746 73 4 56698 3879 3952
92 52756 50 3 56748 3942 3992
632 52803 41 2 56789 3945 3986
244 52823 33 3 56822 3966 3999
427 52949 78 2 56900 3873 3951
101 52959 62 3 56962 3941 4003
493 52969 41 1 57003 3993 4034
233 53007 73 2 57076 3996 4069
963 53041 37 1 57113 4035 4072
436 53171 76 4 57189 3942 4018
858 53174 75 4 57264 4015 4090
419 53176 62 3 57326 4088 4150
267 53216 30 4 57356 4110 4140
893 53280 38 4 57394 4076 4114
909 53561 56 2 57451 3834 3890
319 53631 65 3 57516 3820 3885
566 53696 47 1 57563 3820 3867
615 53784 49 3 57612 3779 3828
932 54049 20 4 57632 3563 3583
421 54067 47 4 57679 3565 3612
675 54169 54 2 57733 3510 3564
875 54196 28 4 57761 3537 3565
811 54208 65 3 57826 3553 3618
214 54281 67 4 57893 3545 3612
860 54314 69 2 57962 3579 3648
578 54330 50 1 58012 3632 3682
313 54383 77 4 58089 3629 3706
90 54439 71 4 58160 3650 3721
712 54441 100 4 58260 3719 3819
889 54521 67 4 58327 3739 3806
197 54583 78 2 58405 3744 3822
546 54606 54 1 58459 3799 3853
204 54809 68 4 58527 3650 3718
65 54844 73 3 58600 3683 3756
781 54845 64 2 58664 3755 3819
24 54904 55 2 58719 3760 3815
344 54970 61 4 58780 3749 3810
206 55072 53 4 58833 3708 3761
656 55086 21 4 58854 3747 3768
624 55246 63 4 58917 3608 3671
256 55253 52 3 58969 3664 3716
639 55309 47 4 59016 3660 3707
768 55361 68 4 59084 3655 3723
698 55385 50 1 59134 3699 3749
558 55408 63 4 59197 3726 3789
174 55439 44 3 59241 3758 3802
434 55597 89 2 59330 3644 3733
983 55801 80 3 59410 3529 3609
135 55818 65 4 59475 3592 3657
948 55871 39 1 59514 3604 3643
57 55871 50 4 59564 3643 3693
262 55872 38 3 59602 3692 3730
891 56066 66 4 59668 3536 3602
699 56068 82 4 59750 3600 3682
771 56075 41 3 59791 3675 3716
191 56153 67 3 59858 3638 3705
662 56285 66 4 59924 3573 3639
176 56292 62 2 59986 3632 3694
99 56301 53 4 60039 3685 3738
424 56309 70 2 60109 3730 3800
900 56414 62 3 60171 3695 3757
111 56445 84 4 60255 3726 3810
477 56511 74 2 60329 3744 3818
823 56556 45 4 60374 3773 3818
340 56619 59 4 60433 3755 3814
977 56641 65 4 60498 3792 3857
438 56776 69 3 60567 3722 3791
785 56814 29 4 60596 3753 3782
39 56936 60 2 60656 3660 3720
66 57046 52 1 60708 3610 3662
201 57126 61 2 60769 3582 3643
583 57203 63 4 60832 3566 3629
706 57428 40 4 60873 3405 3445
797 57457 38 1 60911 3416 3454
375 57512 68 4 60979 3399 3467
644 57539 82 4 61061 3440 3522
213 57540 69 2 61130 3521 3590
812 57648 44 3 61174 3482 3526
106 57692 62 3 61236 3482 3544
53 57812 36 3 61272 3424 3460
496 57815 100 3 61372 3457 3557
329 57829 57 4 61429 3543 3600
569 57887 80 2 61509 3542 3622
292 57898 53 4 61562 3611 3664
913 57900 68 4 61630 3662 3730
408 58019 56 3 61686 3611 3667
46 58034 40 3 61726 3652 3692
32 58066 36 3 61762 3660 3696
518 58133 51 4 61813 3629 3680
960 58144 51 3 61864 3669 3720
218 58172 21 4 61885 3692 3713
665 58239 66 1 61951 3646 3712
279 58298 47 3 61998 3653 3700
917 58299 93 3 62091 3699 3792
315 58308 62 2 62153 3783 3845
327 58319 72 4 62225 3834 3906
861 58342 38 4 62263 3883 3921
787 58346 63 4 62326 3917 3980
429 58369 74 4 62400 3957 4031
716 58496 62 4 62462 3904 3966
676 58514 49 4 62511 3948 3997
446 58592 39 3 62550 3919 3958
987 58593 29 3 62579 3957 3986
146 58710 30 3 62609 3869 3899
539 58827 61 4 62670 3782 3843
293 58848 68 4 62738 3822 3890
762 58862 60 4 62798 3876 3936
80 58883 26 1 62824 3915 3941
721 58889 54 2 62878 3935 3989
869 58916 46 4 62924 3962 4008
668 58992 58 1 62982 3932 3990
921 59190 32 4 63014 3792 3824
116 59259 50 3 63064 3755 3805
318 59274 53 3 63117 3790 3843
634 59323 79 3 63196 3794 3873
182 59325 70 3 63266 3871 3941
985 59344 35 2 63301 3922 3957
976 59399 72 3 63373 3902 3974
905 59410 41 4 63414 3963 4004
833 59480 51 2 63465 3934 3985
480 59496 64 4 63529 3969 4033
7 59578 39 2 63568 3951 3990
298 59616 35 1 63603 3952 3987
959 59679 64 4 63667 3924 3988
145 59760 57 3 63724 3907 3964
49 59987 54 4 63778 3737 3791
301 60031 63 3 63841 3747 3810
974 60054 78 4 63919 3787 3865
215 60070 60 1 63979 3849 3909
299 60088 66 3 64045 3891 3957
97 60088 53 4 64098 3957 4010
770 60147 68 4 64166 3951 4019
568 60195 58 4 64224 3971 4029
616 60256 63 2 64287 3968 4031
354 60319 60 3 64347 3968 4028
691 60328 63 3 64410 4019 4082
887 60352 45 4 64455 4058 4103
307 60381 61 2 64516 4074 4135
901 60396 61 4 64577 4120 4181
849 60539 65 4 64642 4038 4103
42 60556 41 4 64683 4086 4127
132 60679 47 3 64730 4004 4051
836 60803 82 4 64812 3927 4009
533 60987 68 3 64881 3826 3894
724 61079 48 3 64929 3802 3850
478 61097 57 3 64986 3832 3889
679 61252 32 4 65018 3734 3766
140 61382 66 4 65084 3636 3702
757 61475 42 4 65126 3609 3651
773 61654 81 4 65207 3472 3553
521 61656 64 4 65271 3551 3615
422 61688 43 3 65314 3583 3626
335 61691 61 4 65375 3623 3684
540 61733 24 4 65399 3642 3666
814 61741 35 2 65434 3658 3693
848 61887 46 4 65480 3547 3593
370 61917 58 3 65538 3563 3621
33 62018 25 3 65563 3520 3545
878 62053 52 4 65615 3510 3562
278 62173 65 3 65680 3442 3507
394 62257 38 4 65718 3423 3461
234 62319 57 3 65775 3399 3456
444 62404 80 4 65855 3371 3451
167 62444 68 3 65923 3411 3479
316 62579 66 2 65989 3344 3410
794 62597 68 3 66057 3392 3460
594 62631 65 3 66122 3426 3491
291 62645 33 2 66155 3477 3510
626 62738 85 4 66240 3417 3502
704 62786 61 2 66301 3454 3515
980 62817 95 3 66396 3484 3579
796 62828 68 2 66464 3568 3636
156 62835 74 3 66538 3629 3703
708 62937 63 4 66601 3601 3664
404 63149 40 3 66641 3452 3492
692 63214 43 1 66684 3427 3470
180 63369 44 2 66728 3315 3359
595 63370 68 3 66796 3358 3426
466 63462 73 4 66869 3334 3407
666 63560 74 1 66943 3309 3383
464 63696 51 3 66994 3247 3298
786 63698 34 4 67028 3296 3330
631 63723 49 3 67077 3305 3354
374 63728 73 1 67150 3349 3422
610 63786 61 3 67211 3364 3425
711 63787 67 4 67278 3424 3491
369 63802 63 1 67341 3476 3539
386 63850 87 4 67428 3491 3578
341 63862 79 3 67507 3566 3645
646 63894 74 2 67581 3613 3687
462 64028 50 3 67631 3553 3603
447 64115 61 2 67692 3516 3577
801 64333 47 3 67739 3359 3406
548 64390 64 4 67803 3349 3413
281 64395 82 4 67885 3408 3490
502 64462 63 1 67948 3423 3486
47 64506 68 4 68016 3442 3510
411 64572 62 4 68078 3444 3506
996 64760 67 4 68145 3318 3385
240 64767 65 1 68210 3378 3443
482 64985 71 2 68282 3226 3297
630 64996 82 3 68364 3286 3368
534 65040 77 3 68441 3324 3401
555 65310 45 3 68486 3131 3176
702 65468 65 1 68551 3018 3083
417 65482 44 4 68595 3069 3113
690 65563 74 2 68669 3032 3106
250 65712 64 3 68733 2957 3021
205 65896 59 4 68792 2837 2896
144 66045 61 4 68853 2747 2808
859 66154 64 4 68917 2699 2763
415 66187 38 4 68955 2730 2768
109 66204 80 4 69035 2751 2831
802 66205 61 4 69096 2830 2891
758 66259 69 4 69165 2837 2906
605 66379 69 4 69234 2786 2855
862 66406 43 3 69277 2828 2871
958 66512 46 1 69323 2765 2811
402 66545 56 3 69379 2778 2834
168 66589 55 3 69434 2790 2845
779 66593 95 1 69529 2841 2936
105 66617 78 2 69607 2912 2990
927 66648 61 3 69668 2959 3020
378 66863 64 4 69732 2805 2869
62 66927 60 4 69792 2805 2865
525 66947 100 1 69892 2845 2945
800 67001 85 4 69977 2891 2976
282 67002 75 3 70052 2975 3050
582 67108 76 4 70128 2944 3020
683 67278 39 4 70167 2850 2889
360 67306 61 4 70228 2861 2922
725 67406 70 3 70298 2822 2892
506 67438 53 3 70351 2860 2913
216 67439 62 2 70413 2912 2974
189 67496 86 4 70499 2917 3003
178 67658 33 3 70532 2841 2874
294 67726 37 1 70569 2806 2843
658 67735 33 3 70602 2834 2867
323 67822 40 1 70642 2780 2820
902 67881 39 3 70681 2761 2800
661 67929 66 2 70747 2752 2818
592 67974 29 4 70776 2773 2802
430 67986 64 3 70840 2790 2854
654 68003 64 3 70904 2837 2901
473 68039 77 2 70981 2865 2942
470 68060 67 2 71048 2921 2988
81 68097 68 4 71116 2951 3019
807 68273 63 2 71180 2844 2907
243 68278 48 4 71228 2902 2950
277 68411 48 2 71276 2817 2865
35 68598 49 2 71325 2678 2727
607 68609 69 4 71394 2716 2785
85 68626 61 4 71455 2768 2829
579 68727 46 3 71501 2728 2774
169 68744 39 3 71540 2757 2796
371 68813 54 4 71594 2727 2781
98 68825 77 2 71671 2769 2846
752 68981 49 2 71720 2690 2739
297 68996 33 4 71753 2724 2757
248 69054 51 4 71804 2699 2750
10 69073 78 3 71882 2731 2809
561 69208 74 3 71956 2674 2748
366 69288 73 2 72029 2668 2741
516 69338 66 1 72095 2691 2757
357 69614 51 1 72146 2481 2532
597 69671 58 4 72204 2475 2533
356 69821 46 2 72250 2383 2429
527 69861 52 4 72302 2389 2441
871 69916 57 2 72359 2386 2443
40 70124 78 4 72437 2235 2313
617 70217 50 3 72487 2220 2270
648 70354 73 4 72560 2133 2206
828 70459 53 4 72613 2101 2154
697 70562 60 2 72673 2051 2111
63 70588 64 2 72737 2085 2149
717 70595 46 4 72783 2142 2188
94 70647 20 4 72803 2136 2156
962 70655 80 1 72883 2148 2228
914 70664 96 1 72979 2219 2315
710 70748 63 2 73042 2231 2294
740 70798 86 3 73128 2244 2330
553 70891 48 3 73176 2237 2285
435 70901 64 4 73240 2275 2339
17 71008 71 1 73311 2232 2303
485 71021 44 1 73355 2290 2334
719 71085 76 1 73431 2270 2346
272 71089 64 2 73495 2342 2406
306 71099 81 3 73576 2396 2477
469 71120 53 3 73630 2457 2510
943 71147 98 4 73728 2483 2581
613 71525 68 1 73796 2203 2271
918 71600 37 4 73833 2196 2233
286 71679 50 3 73883 2154 2204
162 71743 83 3 73966 2140 2223
183 71747 90 4 74056 2219 2309
232 71829 55 3 74111 2227 2282
123 71895 48 2 74159 2216 2264
23 71918 47 1 74206 2241 2288
179 71936 61 1 74267 2270 2331
68 72018 63 1 74330 2249 2312
113 72027 50 2 74380 2303 2353
904 72113 62 3 74442 2267 2329
584 72184 59 2 74501 2258 2317
603 72280 84 3 74585 2221 2305
729 72351 53 3 74638 2234 2287
14 72426 66 2 74704 2212 2278
160 72576 57 2 74761 2128 2185
11 72600 41 3 74802 2161 2202
314 72665 63 2 74865 2137 2200
923 72673 52 2 74917 2192 2244
931 73027 78 4 74995 1890 1968
818 73365 61 2 75056 1630 1691
906 73409 51 3 75107 1647 1698
41 73458 78 1 75185 1649 1727
954 73631 79 4 75265 1555 1634
439 73702 39 3 75304 1563 1602
155 73865 62 4 75366 1439 1501
437 73896 48 3 75414 1470 1518
172 73979 45 3 75459 1435 1480
187 74031 63 2 75522 1428 1491
513 74234 79 4 75601 1288 1367
809 74304 60 3 75661 1297 1357
971 74584 42 1 75703 1077 1119
349 74648 61 4 75764 1055 1116
196 74651 53 4 75817 1113 1166
588 74662 47 4 75864 1155 1202
570 74675 62 3 75926 1189 1251
6 74713 53 3 75979 1213 1266
827 74737 63 3 76042 1242 1305
755 74867 66 4 76108 1175 1241
621 74941 41 4 76149 1167 1208
945 75082 33 2 76182 1067 1100
731 75119 87 1 76269 1063 1150
978 75178 66 1 76335 1091 1157
247 75292 82 4 76418 1044 1126
788 75510 62 3 76480 908 970
576 75531 64 4 76544 949 1013
400 75555 60 4 76604 989 1049
955 75607 65 4 76669 997 1062
612 75612 76 4 76745 1057 1133
200 75616 61 4 76806 1129 1190
207 75658 74 2 76880 1148 1222
760 75660 69 3 76949 1220 1289
684 75860 60 4 77009 1089 1149
625 75923 75 4 77084 1086 1161
137 75979 62 4 77146 1105 1167
944 76085 79 1 77225 1061 1140
715 76109 59 4 77284 1116 1175
549 76186 48 3 77332 1098 1146
709 76252 54 4 77386 1080 1134
868 76278 65 2 77451 1108 1173
636 76392 38 4 77490 1060 1098
88 76585 55 2 77545 905 960
124 76641 68 2 77613 904 972
268 76777 54 4 77667 836 890
93 76816 70 3 77737 851 921
884 76935 54 1 77791 802 856
853 76987 59 3 77850 804 863
324 77083 52 1 77902 767 819
925 77090 55 3 77957 812 867
850 77147 66 4 78023 810 876
845 77343 48 2 78071 680 728
681 77389 58 4 78129 682 740
25 77389 66 2 78195 740 806
926 77474 37 4 78233 722 759
882 77559 63 3 78296 674 737
472 77578 83 4 78379 718 801
110 77996 54 2 78433 383 437
56 78439 56 2 78495 0 56
353 78561 56 4 78617 0 56
537 78655 67 2 78722 0 67
883 78888 61 4 78949 0 61
350 78925 62 4 79012 25 87
864 79066 81 3 79147 0 81
198 79137 57 2 79205 11 68
596 79365 57 3 79422 0 57
591 79865 58 4 79923 0 58
903 80344 53 1 80397 0 53
638 80644 62 2 80706 0 62
866 80773 44 3 80817 0 44
367 80809 33 2 80851 9 42
254 81001 55 3 81056 0 55
714 81115 36 1 81151 0 36
122 81359 81 4 81440 0 81
746 81622 63 4 81685 0 63
790 81736 66 1 81802 0 66
346 81838 56 2 81894 0 56
45 81901 61 4 81962 0 61
682 82095 44 1 82139 0 44
405 82431 46 2 82477 0 46
322 82861 45 4 82906 0 45
628 82861 35 4 82941 45 80
380 83103 34 4 83137 0 34
387 83307 69 3 83376 0 69
606 83675 44 4 83719 0 44
816 83702 73 4 83793 18 91
465 83870 67 4 83937 0 67
1 83925 85 4 84023 13 98
663 83974 71 1 84095 50 121
940 84117 63 2 84180 0 63
392 84869 77 3 84946 0 77
87 84883 69 1 85016 64 133
997 84965 53 4 85070 52 105
720 85170 75 1 85245 0 75
531 85191 79 3 85325 55 134
377 85447 62 4 85509 0 62
993 85461 85 3 85595 49 134
236 86029 52 4 86081 0 52
177 86163 30 4 86193 0 30
115 86898 67 2 86965 0 67
210 87074 78 4 87152 0 78
476 87603 57 3 87660 0 57
230 88089 73 3 88162 0 73
505 88136 81 4 88244 27 108
635 88373 69 4 88442 0 69
229 88513 62 3 88575 0 62
614 88958 44 2 89002 0 44
574 89034 81 4 89115 0 81
735 89185 80 3 89265 0 80
544 89214 66 3 89332 52 118
930 89228 60 4 89392 104 164
777 89806 58 4 89864 0 58
173 89988 69 4 90057 0 69
919 90482 61 3 90543 0 61
718 91355 62 3 91417 0 62
545 91383 35 3 91453 35 70
153 91654 58 1 91712 0 58
830 92110 53 3 92163 0 53
264 93052 60 2 93112 0 60
271 93278 28 1 93306 0 28
253 93462 63 4 93525 0 63
433 93686 37 2 93723 0 37
79 94749 58 4 94807 0 58
242 94832 60 4 94892 0 60
851 95025 50 1 95075 0 50
270 95089 50 3 95139 0 50
325 95438 49 4 95487 0 49
448 95982 48 2 96030 0 48
964 97601 53 4 97654 0 53
461 99161 76 2 99237 0 76
888 99324 87 3 99411 0 87
37 99707 53 3 99760 0 53
741 99874 43 4 99917 0 43
643 100000 56 3 100056 0 56
280 100000 72 4 100128 56 128
670 100000 58 4 100186 128 186
799 100000 20 2 100206 186 206
273 100000 65 4 100271 206 271
406 100000 48 4 100319 271 319
873 100000 66 2 100385 319 385
412 100000 37 4 100422 385 422
