100367 1366 133 86
75 0 49 3 49 0 49
770 0 27 3 76 49 76
792 0 25 3 101 76 101
789 0 47 4 148 101 148
810 0 38 4 186 148 186
973 0 25 2 311 286 311
312 0 27 4 338 311 338
790 0 57 4 395 338 395
247 0 76 3 421 345 421
428 0 63 2 434 371 434
610 1731 70 3 1801 0 70
364 2081 63 4 2144 0 63
747 2367 23 3 2390 0 23
963 3629 48 3 3677 0 48
228 5593 62 2 5655 0 62
533 7002 53 4 7055 0 53
138 7188 82 4 7270 0 82
205 7831 30 4 7861 0 30
469 7874 49 3 7923 0 49
101 8872 27 2 8899 0 27
378 8970 34 2 9004 0 34
217 9286 49 4 9335 0 49
120 9435 26 2 9461 0 26
246 9695 39 2 9734 0 39
189 10021 39 3 10060 0 39
545 10353 24 3 10377 0 24
210 10966 22 3 10988 0 22
886 11027 38 3 11065 0 38
84 11041 26 3 11091 24 50
898 11170 23 3 11193 0 23
374 11442 73 3 11515 0 73
445 11986 44 3 12030 0 44
277 12020 37 3 12067 10 47
226 12758 42 4 12800 0 42
701 12982 56 3 13038 0 56
262 13004 21 4 13059 34 55
253 13699 22 2 13721 0 22
177 14310 42 3 14352 0 42
988 14571 27 2 14598 0 27
348 14637 72 4 14709 0 72
83 15017 26 4 15043 0 26
814 15480 45 1 15525 0 45
676 15597 27 4 15624 0 27
121 16126 21 3 16147 0 21
912 16154 36 2 16190 0 36
756 16248 54 4 16302 0 54
146 16276 27 4 16329 26 53
100 16362 28 3 16390 0 28
408 16803 44 1 16847 0 44
450 16908 42 3 16950 0 42
689 16919 44 2 16994 31 75
757 17153 96 4 17249 0 96
948 17346 58 4 17404 0 58
52 17663 35 2 17698 0 35
760 18007 31 2 18038 0 31
872 18086 47 2 18133 0 47
500 18295 29 4 18324 0 29
709 18439 35 3 18474 0 35
938 18851 80 4 18931 0 80
554 18965 86 1 19051 0 86
287 19196 37 4 19233 0 37
37 19523 79 3 19602 0 79
522 19620 33 4 19653 0 33
629 19775 82 4 19857 0 82
949 19871 49 4 19920 0 49
111 20101 30 4 20131 0 30
352 20272 33 3 20305 0 33
309 20784 31 3 20815 0 31
94 20992 50 4 21042 0 50
332 21440 82 4 21522 0 82
519 21442 28 4 21550 80 108
922 21741 27 4 21768 0 27
454 22179 31 2 22210 0 31
507 22281 33 4 22314 0 33
969 22366 63 3 22429 0 63
1000 22412 34 2 22463 17 51
41 22477 51 3 22528 0 51
194 22916 30 4 22946 0 30
572 23174 49 4 23223 0 49
3 23208 79 4 23302 15 94
290 23314 46 4 23360 0 46
159 23342 33 3 23393 18 51
827 23413 31 4 23444 0 31
103 23452 38 2 23490 0 38
186 23456 71 2 23561 34 105
168 23513 33 3 23594 48 81
431 23939 22 2 23961 0 22
299 23945 48 4 24009 16 64
652 24066 41 4 24107 0 41
836 24094 39 3 24146 13 52
368 24316 42 4 24358 0 42
286 24573 23 3 24596 0 23
77 24768 78 3 24846 0 78
434 24958 61 2 25019 0 61
85 24985 26 2 25045 34 60
615 25016 73 3 25118 29 102
18 25158 39 4 25197 0 39
877 25612 69 4 25681 0 69
387 25678 26 3 25707 3 29
542 25843 24 4 25867 0 24
693 25859 30 4 25897 8 38
844 25999 28 2 26027 0 28
289 26188 47 3 26235 0 47
939 26271 69 1 26340 0 69
399 26293 68 4 26408 47 115
705 26556 22 4 26578 0 22
525 26771 23 4 26794 0 23
609 26975 34 2 27009 0 34
657 27067 35 4 27102 0 35
817 27073 41 4 27143 29 70
252 27305 34 3 27339 0 34
133 27406 37 3 27443 0 37
339 27432 41 4 27484 11 52
777 27674 75 2 27749 0 75
51 27732 25 1 27774 17 42
257 27751 48 3 27822 23 71
684 27800 79 1 27951 72 151
899 27802 59 3 27960 99 158
530 28000 93 4 28093 0 93
787 28089 45 4 28138 4 49
598 28090 40 1 28178 48 88
548 28165 47 4 28225 13 60
704 28211 30 3 28255 14 44
633 28268 90 3 28358 0 90
940 28330 46 4 28404 28 74
422 28366 43 3 28447 38 81
982 28373 38 4 28485 74 112
691 28380 38 2 28523 105 143
124 28616 33 2 28649 0 33
135 28842 24 4 28866 0 24
92 28863 27 1 28893 3 30
382 28967 37 3 29004 0 37
423 29042 51 4 29093 0 51
202 29098 52 4 29150 0 52
578 29178 63 4 29241 0 63
837 29325 44 1 29369 0 44
506 29340 27 3 29396 29 56
993 29491 25 4 29516 0 25
199 29561 65 4 29626 0 65
105 29649 82 3 29731 0 82
203 29678 27 4 29758 53 80
597 29812 38 4 29850 0 38
62 29840 29 4 29879 10 39
141 29846 67 4 29946 33 100
305 29980 39 3 30019 0 39
420 30010 63 4 30082 9 72
505 30087 33 3 30120 0 33
930 30173 88 4 30261 0 88
611 30228 32 1 30293 33 65
808 30320 45 4 30365 0 45
379 30556 55 3 30611 0 55
818 30638 51 3 30689 0 51
663 30788 59 3 30847 0 59
11 30835 65 1 30912 12 77
153 30957 30 4 30987 0 30
197 31012 28 4 31040 0 28
997 31049 42 3 31091 0 42
415 31284 80 2 31364 0 80
761 31358 27 1 31391 6 33
435 31397 84 3 31481 0 84
753 31455 41 4 31572 76 117
634 31436 64 4 31586 86 150
443 31549 23 4 31609 37 60
532 31621 64 3 31685 0 64
99 31629 57 3 31742 56 113
651 31807 79 3 31886 0 79
268 31894 23 2 31917 0 23
321 31930 41 4 31971 0 41
630 32208 31 3 32239 0 31
394 32337 22 4 32359 0 22
865 32362 28 3 32390 0 28
881 32373 22 4 32412 17 39
811 32396 45 2 32457 16 61
566 32406 36 4 32493 51 87
744 32488 50 4 32543 5 55
410 32609 57 1 32666 0 57
274 32637 20 2 32686 29 49
191 32739 54 3 32793 0 54
349 32809 70 4 32879 0 70
905 32864 45 1 32974 65 110
975 32842 54 4 32978 82 136
539 32907 45 1 33023 71 116
631 32992 72 3 33245 181 253
774 32994 53 4 33248 201 254
862 33006 62 3 33360 292 354
167 33165 42 4 33402 195 237
936 33022 52 3 33404 330 382
213 33087 69 3 33473 317 386
769 33095 89 4 33512 328 417
460 33303 33 3 33545 209 242
807 33306 32 2 33577 239 271
66 33333 36 4 33663 294 330
564 33203 53 4 33666 410 463
102 33412 34 2 33700 254 288
586 33414 45 3 33745 286 331
23 33515 22 3 33817 280 302
433 33554 49 2 33866 263 312
106 33321 56 1 33872 495 551
444 33601 27 3 33899 271 298
119 33743 29 1 33978 206 235
283 33498 69 2 33997 430 499
200 33806 44 1 34041 191 235
411 33712 53 4 34044 279 332
127 34006 26 1 34120 88 114
166 34044 28 2 34198 126 154
128 34004 78 4 34226 144 222
362 34082 32 3 34258 144 176
685 34012 74 3 34282 196 270
534 34246 72 3 34354 36 108
442 34286 24 2 34378 68 92
617 34297 26 2 34404 81 107
583 34428 35 4 34463 0 35
437 34500 31 4 34531 0 31
989 34589 90 3 34679 0 90
636 34671 72 2 34751 8 80
687 34684 56 1 34907 167 223
440 34689 81 4 34938 168 249
654 34717 78 3 35016 221 299
236 34875 28 3 35044 141 169
107 34812 67 2 35061 182 249
486 34971 29 4 35090 90 119
354 35016 26 2 35116 74 100
480 35221 28 4 35249 0 28
238 35230 57 2 35306 19 76
843 35304 42 2 35348 2 44
678 35345 40 4 35438 53 93
840 35329 53 3 35441 59 112
16 35523 67 2 35590 0 67
27 35531 55 2 35645 59 114
722 35599 34 2 35679 46 80
800 35688 66 4 35754 0 66
326 35717 22 2 35776 37 59
674 35727 31 3 35807 49 80
683 35829 69 3 35898 0 69
785 35839 23 3 35921 59 82
791 35896 50 4 36021 75 125
766 35870 76 3 36047 101 177
295 36003 77 1 36124 44 121
514 36222 49 3 36271 0 49
978 36307 55 4 36362 0 55
549 36322 57 4 36419 40 97
642 36444 25 3 36469 0 25
220 36470 48 2 36518 0 48
17 36505 76 1 36594 13 89
775 36549 22 4 36666 95 117
359 36547 65 4 36731 119 184
467 36591 72 3 36753 90 162
782 36819 68 4 36887 0 68
333 36879 47 4 36984 58 105
31 36822 64 3 36998 112 176
620 36985 35 4 37033 13 48
803 37020 37 3 37070 13 50
888 37042 29 2 37099 28 57
802 37091 42 2 37141 8 50
573 37092 60 4 37201 49 109
328 37188 38 4 37239 13 51
436 37206 47 2 37286 33 80
68 37245 36 2 37322 41 77
966 37271 38 4 37360 51 89
207 37277 33 3 37393 83 116
781 37311 20 4 37413 82 102
413 37376 47 2 37510 87 134
183 37371 69 4 37529 89 158
284 37468 45 2 37574 61 106
29 37579 43 3 37622 0 43
192 37581 25 4 37647 41 66
831 37728 52 3 37780 0 52
721 37781 42 4 37823 0 42
14 37827 65 4 37892 0 65
185 37883 67 3 37959 9 76
429 37935 41 4 38050 74 115
926 37922 83 2 38133 128 211
384 37999 39 4 38172 134 173
700 37952 59 3 38181 170 229
655 38136 30 4 38261 95 125
890 38166 48 3 38309 95 143
521 38080 59 4 38318 179 238
896 38189 28 3 38346 129 157
430 38278 36 3 38432 118 154
990 38261 91 3 38473 121 212
397 38356 96 4 38569 117 213
390 38496 39 2 38608 73 112
838 38533 51 2 38709 125 176
150 38560 85 3 38744 99 184
565 38744 23 4 38817 50 73
839 38680 75 3 38842 87 162
369 38790 33 3 38875 52 85
921 38801 48 3 38923 74 122
928 38877 49 4 39022 96 145
737 38915 41 3 39063 107 148
419 38831 53 4 39116 232 285
866 38937 50 4 39216 229 279
65 38920 70 3 39236 246 316
736 38929 61 4 39247 257 318
531 39147 42 4 39339 150 192
639 39206 36 4 39375 133 169
320 39144 74 4 39399 181 255
713 39313 26 2 39475 136 162
821 39322 28 4 39503 153 181
425 39301 83 2 39586 202 285
91 39357 51 4 39637 229 280
1 39444 68 4 39705 193 261
953 39573 94 3 39749 82 176
188 39677 31 4 39780 72 103
520 39790 21 4 39811 0 21
834 39867 41 3 39908 0 41
389 39869 66 4 39974 39 105
5 39922 32 4 40106 152 184
884 39910 51 1 40107 146 197
449 40009 32 4 40139 98 130
80 39914 93 2 40182 175 268
825 40222 34 4 40256 0 34
728 40228 62 4 40368 78 140
842 40273 35 1 40403 95 130
71 40284 43 1 40446 119 162
788 40251 79 3 40475 145 224
471 40411 30 1 40505 64 94
365 40550 84 1 40634 0 84
8 40620 21 2 40705 64 85
957 40564 52 4 40707 91 143
903 40702 39 4 40746 5 44
733 40721 86 3 40832 25 111
143 40773 62 4 40894 59 121
538 40849 54 3 41048 145 199
571 40925 48 2 41096 123 171
528 40871 54 4 41100 175 229
954 40972 23 3 41123 128 151
515 40974 26 4 41149 149 175
64 40892 73 3 41172 207 280
330 41001 50 3 41222 171 221
340 41035 24 4 41246 187 211
849 41051 29 4 41275 195 224
306 41086 49 1 41324 189 238
858 41099 33 4 41407 275 308
765 41101 33 4 41440 306 339
453 41117 27 4 41467 323 350
273 41190 23 1 41490 277 300
543 41247 48 2 41538 243 291
250 41318 26 3 41564 220 246
603 41320 47 2 41611 244 291
206 41095 56 4 41617 466 522
93 41378 36 4 41653 239 275
297 41378 39 4 41692 275 314
824 41484 41 2 41733 208 249
518 41571 42 2 41775 162 204
608 41759 26 4 41901 116 142
680 41594 91 2 41942 257 348
319 41666 69 3 42011 276 345
89 41799 85 3 42046 162 247
21 42008 22 2 42068 38 60
902 42040 97 3 42165 28 125
665 42108 28 4 42193 57 85
477 42133 22 3 42215 60 82
398 42207 67 4 42282 8 75
174 42247 50 2 42332 35 85
868 42247 25 3 42357 85 110
559 42249 40 3 42397 108 148
154 42292 43 3 42440 105 148
147 42432 39 2 42529 58 97
919 42351 83 4 42562 128 211
752 42652 42 3 42694 0 42
830 42740 25 2 42765 0 25
304 42748 84 1 42849 17 101
880 42801 22 3 42871 48 70
327 42871 21 4 42892 0 21
582 42891 24 3 42916 1 25
7 42917 42 1 42959 0 42
819 42936 45 4 43004 23 68
53 42971 25 4 43029 33 58
832 42987 68 3 43097 42 110
977 43066 37 4 43184 81 118
308 43037 60 4 43244 147 207
855 43135 27 3 43271 109 136
848 43146 34 4 43305 125 159
952 43153 22 1 43327 152 174
400 43093 69 2 43346 184 253
90 43192 39 2 43385 154 193
625 43242 23 1 43408 143 166
176 43264 42 4 43450 144 186
130 43390 22 4 43522 110 132
558 43308 55 2 43577 214 269
576 43406 80 3 43607 121 201
32 43545 79 3 43686 62 141
313 43642 49 1 43735 44 93
404 43645 24 1 43759 90 114
383 43658 25 1 43784 101 126
155 43741 20 1 43904 143 163
593 43708 65 2 44019 246 311
621 43728 70 3 44039 241 311
563 43764 54 4 44093 275 329
95 43911 26 4 44119 182 208
746 43951 34 4 44153 168 202
463 43782 53 4 44156 321 374
456 43883 69 1 44175 223 292
338 44071 21 4 44196 104 125
489 44156 27 4 44273 90 117
288 44193 30 4 44303 80 110
261 44145 53 4 44356 158 211
221 44251 39 4 44545 255 294
575 44194 52 2 44597 351 403
537 44313 32 4 44629 284 316
677 44204 58 3 44687 425 483
55 44377 23 3 44710 310 333
816 44221 67 2 44727 439 506
632 44438 28 2 44755 289 317
34 44227 60 4 44765 478 538
376 44464 30 1 44795 301 331
846 44529 25 4 44920 366 391
322 44269 72 3 44942 601 673
584 44557 25 3 45017 435 460
726 44349 75 3 45042 618 693
797 44684 44 4 45086 358 402
118 44775 41 2 45127 311 352
110 44498 61 4 45138 579 640
401 44520 62 2 45150 568 630
946 44553 72 4 45222 597 669
860 44932 89 4 45411 390 479
318 44966 70 4 45531 495 565
371 45269 36 2 45567 262 298
804 44977 62 4 45579 540 602
329 45276 45 2 45624 303 348
74 45074 58 3 45632 500 558
692 45171 51 4 45633 411 462
6 45416 49 2 45682 217 266
859 45449 44 2 45726 233 277
580 45455 32 4 45758 271 303
219 45211 70 3 45778 497 567
640 45484 46 2 45824 294 340
386 45586 35 3 45909 288 323
605 45748 26 4 46035 261 287
311 45565 82 4 46067 420 502
212 45855 32 3 46099 212 244
495 45613 71 1 46120 436 507
873 45719 80 4 46150 351 431
468 46010 49 3 46199 140 189
227 46080 50 3 46249 119 169
793 46211 22 4 46321 88 110
937 46100 79 3 46350 171 250
57 46328 62 4 46412 22 84
175 46374 31 4 46443 38 69
799 46406 41 4 46534 87 128
350 46379 68 2 46552 105 173
707 46448 33 4 46585 104 137
508 46452 25 1 46610 133 158
717 46474 40 3 46650 136 176
149 46618 25 1 46825 182 207
809 46514 62 4 46837 261 323
172 46523 62 3 46849 264 326
592 46712 33 2 46882 137 170
267 46527 62 3 46894 305 367
82 46772 21 1 46915 122 143
934 46796 24 4 46939 119 143
275 46821 23 4 46962 118 141
70 46880 26 2 47038 132 158
315 46880 54 4 47142 208 262
427 46984 22 3 47214 208 230
795 46884 74 3 47238 280 354
234 46939 58 2 47246 249 307
117 47092 37 1 47283 154 191
606 46976 57 1 47290 257 314
45 47144 42 2 47332 146 188
248 47187 23 2 47355 145 168
48 47235 39 3 47394 120 159
455 47390 77 4 47471 4 81
243 47489 25 3 47514 0 25
864 47560 26 1 47586 0 26
893 47580 62 1 47648 6 68
132 47587 30 4 47678 61 91
483 47596 29 4 47707 82 111
660 47635 27 1 47734 72 99
144 47726 69 4 47803 8 77
38 47777 49 2 47852 26 75
853 47898 56 3 47954 0 56
806 47904 33 1 47987 50 83
813 47993 44 4 48037 0 44
697 47993 28 1 48065 44 72
58 48138 36 4 48174 0 36
156 48278 22 2 48300 0 22
638 48298 47 2 48347 2 49
696 48345 22 4 48369 2 24
76 48357 34 3 48403 12 46
869 48388 50 1 48503 65 115
577 48358 58 2 48561 145 203
612 48392 61 4 48572 119 180
910 48559 54 3 48626 13 67
829 48581 36 2 48662 45 81
211 48651 23 3 48685 11 34
343 48693 28 4 48721 0 28
204 48704 64 3 48785 17 81
950 48734 32 3 48817 51 83
661 48818 46 1 48864 0 46
60 48918 31 4 48949 0 31
730 48929 24 3 49023 70 94
479 48944 36 4 49059 79 115
317 48926 57 3 49066 83 140
157 48992 47 3 49113 74 121
96 49018 39 4 49152 95 134
461 49146 27 1 49229 56 83
169 49087 53 4 49232 92 145
69 49219 42 4 49274 13 55
523 49340 34 4 49374 0 34
587 49373 40 4 49414 1 41
941 49385 21 4 49435 29 50
971 49496 27 3 49523 0 27
875 49542 26 3 49568 0 26
171 49771 64 4 49835 0 64
22 49857 26 3 49883 0 26
381 49860 30 4 49913 23 53
845 49949 22 4 49971 0 22
568 50013 49 3 50062 0 49
19 50015 33 3 50095 47 80
561 50141 33 3 50174 0 33
418 50216 25 3 50241 0 25
755 50228 79 1 50320 13 92
49 50259 65 4 50385 61 126
959 50476 41 2 50517 0 41
706 50567 43 4 50610 0 43
879 50601 29 4 50639 9 38
694 50930 78 2 51008 0 78
762 50999 45 3 51153 109 154
732 50937 67 3 51170 166 233
15 51025 33 1 51203 145 178
529 51043 44 3 51247 160 204
883 50990 62 3 51259 207 269
601 51100 33 1 51292 159 192
650 51170 36 4 51328 122 158
820 51255 45 1 51423 123 168
9 51265 25 2 51448 158 183
115 51295 24 1 51472 153 177
763 51298 27 1 51499 174 201
46 51301 31 3 51530 198 229
889 51303 44 2 51574 227 271
841 51324 47 3 51621 250 297
26 51201 61 4 51632 370 431
579 51361 42 1 51724 321 363
87 51388 37 2 51761 336 373
715 51394 47 2 51808 367 414
942 51555 42 4 51900 303 345
281 51342 72 2 51922 508 580
544 51644 34 4 51956 278 312
801 51684 23 4 51979 272 295
193 51719 27 1 52006 260 287
244 51760 50 4 52056 246 296
908 51554 67 3 52073 452 519
984 51969 84 4 52207 154 238
162 52086 28 4 52235 121 149
513 52058 53 3 52238 127 180
929 52161 38 2 52276 77 115
497 52174 88 2 52364 102 190
392 52350 44 3 52458 64 108
823 52360 33 1 52491 98 131
416 52324 60 3 52501 117 177
272 52396 26 3 52577 155 181
994 52421 39 4 52616 156 195
981 52468 35 1 52651 148 183
986 52385 59 4 52710 266 325
972 52600 30 2 52740 110 140
550 52481 53 4 52743 209 262
504 52670 75 4 52868 123 198
300 52749 47 4 52915 119 166
158 52707 52 1 52967 208 260
98 52794 23 2 52990 173 196
324 52834 31 3 53021 156 187
279 52761 53 4 53024 210 263
996 52963 29 4 53153 161 190
344 52984 35 4 53188 169 204
375 52927 75 3 53213 211 286
670 52960 54 4 53217 203 257
237 53133 26 2 53243 84 110
894 53163 42 1 53285 80 122
249 53262 50 4 53335 23 73
616 53301 43 2 53428 84 127
847 53265 62 3 53490 163 225
708 53347 26 4 53516 143 169
833 53308 66 4 53532 158 224
50 53435 33 4 53565 97 130
285 53543 63 2 53628 22 85
282 53634 25 4 53659 0 25
915 53638 64 4 53723 21 85
714 53663 40 1 53763 60 100
316 53673 38 3 53801 90 128
298 53712 41 3 53892 139 180
516 53741 31 4 53923 151 182
920 53691 71 2 53944 182 253
373 53831 40 2 53984 113 153
292 53914 47 3 54031 70 117
280 53930 24 2 54055 101 125
547 53940 43 3 54098 115 158
517 54016 49 4 54297 232 281
265 54087 26 2 54373 260 286
347 53960 55 2 54378 363 418
409 54115 37 3 54415 263 300
2 53978 63 3 54428 387 450
465 53987 86 4 54464 391 477
104 54078 82 4 54496 336 418
485 54357 43 4 54589 189 232
126 54358 20 3 54609 231 251
798 54431 31 4 54640 178 209
812 54346 66 2 54656 244 310
741 54548 85 4 54741 108 193
643 54668 37 2 54778 73 110
979 54710 21 3 54799 68 89
786 54851 76 2 54927 0 76
895 54905 31 4 55008 72 103
956 54909 21 1 55029 99 120
897 54864 53 4 55082 165 218
396 54937 27 4 55109 145 172
749 55021 23 3 55132 88 111
535 54914 62 4 55144 168 230
911 55094 41 2 55185 50 91
426 55219 77 4 55296 0 77
184 55264 36 4 55332 32 68
367 55293 90 2 55422 39 129
380 55363 38 3 55510 109 147
296 55353 63 1 55523 107 170
871 55500 71 4 55644 73 144
39 55508 67 4 55711 136 203
968 55569 74 4 55735 92 166
645 55666 37 4 55772 69 106
918 55711 33 3 55805 61 94
136 55712 27 3 55832 93 120
932 55872 67 3 55939 0 67
474 55919 48 2 56037 70 118
63 55892 69 4 56056 95 164
991 55961 28 3 56084 95 123
931 55967 20 4 56104 117 137
560 56342 47 2 56389 0 47
407 56353 72 4 56461 36 108
40 56399 31 1 56492 62 93
251 56484 54 2 56546 8 62
254 56559 46 3 56605 0 46
56 56605 75 2 56680 0 75
334 56607 72 4 56802 123 195
664 56678 66 1 56818 74 140
658 56831 38 2 56869 0 38
424 56903 31 4 56934 0 31
637 57140 68 4 57208 0 68
623 57160 77 4 57285 48 125
695 57334 35 4 57369 0 35
710 57380 20 4 57400 0 20
729 57407 43 3 57450 0 43
662 57422 36 3 57486 28 64
734 57451 39 4 57525 35 74
446 57534 60 2 57594 0 60
555 57682 79 4 57761 0 79
412 57705 22 1 57783 56 78
173 57752 35 3 57868 81 116
835 57767 33 3 57901 101 134
395 57738 62 2 57913 113 175
181 57878 86 4 57999 35 121
270 58060 80 4 58140 0 80
59 58141 42 2 58183 0 42
614 58162 46 4 58279 71 117
935 58178 26 3 58305 101 127
242 58147 87 4 58342 108 195
245 58195 39 2 58381 147 186
540 58245 67 4 58498 186 253
335 58410 46 3 58544 88 134
266 58255 73 2 58617 289 362
796 58461 26 2 58643 156 182
487 58507 44 2 58737 186 230
690 58429 57 2 58794 308 365
748 58607 49 1 58843 187 236
307 58607 34 3 58877 236 270
698 58486 60 2 58887 341 401
79 58515 72 4 58909 322 394
768 58918 52 4 58970 0 52
139 58952 56 4 59026 18 74
114 59017 25 2 59101 59 84
646 58986 62 3 59113 65 127
123 59061 37 3 59150 52 89
742 59102 46 3 59196 48 94
607 59142 56 1 59252 54 110
293 59206 63 3 59365 96 159
648 59229 94 2 59409 86 180
209 59419 77 1 59496 0 77
258 59500 27 4 59527 0 27
448 59505 29 3 59556 22 51
627 59534 73 1 59629 22 95
784 59595 51 3 59680 34 85
231 59632 41 3 59721 48 89
163 59660 29 4 59750 61 90
24 59710 58 2 59808 40 98
965 59783 79 4 59887 25 104
656 59817 33 4 59920 70 103
552 59912 49 4 59969 8 57
391 59949 23 3 59992 20 43
402 60049 58 4 60107 0 58
492 60081 44 4 60151 26 70
720 60092 44 3 60195 59 103
867 60142 70 2 60265 53 123
999 60415 30 2 60445 0 30
751 60498 41 3 60539 0 41
331 60527 40 3 60579 12 52
974 60619 48 1 60667 0 48
874 60646 92 3 60759 21 113
458 60741 26 3 60785 18 44
724 60744 74 3 60859 41 115
195 60825 21 3 60880 34 55
702 60832 25 4 60905 48 73
778 60837 38 3 60943 68 106
356 61006 25 4 61031 0 25
909 61030 22 1 61053 1 23
432 61170 64 4 61234 0 64
302 61248 37 1 61285 0 37
42 61285 46 4 61331 0 46
992 61328 52 2 61383 3 55
599 61357 28 2 61411 26 54
33 61407 38 4 61499 54 92
484 61371 64 3 61513 78 142
659 61472 39 3 61552 41 80
727 61508 32 4 61584 44 76
439 61576 22 4 61606 8 30
745 61747 55 2 61802 0 55
271 61775 31 2 61833 27 58
301 61784 28 3 61861 49 77
892 61944 42 2 61986 0 42
861 62043 41 4 62084 0 41
591 62058 23 4 62107 26 49
649 62093 39 3 62146 14 53
161 62181 28 2 62209 0 28
493 62344 42 4 62386 0 42
498 62390 21 1 62411 0 21
995 62432 46 3 62478 0 46
945 62459 23 3 62501 19 42
826 62562 25 1 62587 0 25
67 62579 28 1 62615 8 36
924 62614 63 4 62678 1 64
12 62629 60 2 62788 99 159
635 62697 32 3 62820 91 123
851 62648 60 4 62830 122 182
377 62739 29 1 62859 91 120
907 62889 47 1 62936 0 47
151 62908 58 4 62994 28 86
740 62961 53 3 63047 33 86
86 63086 22 4 63108 0 22
569 63103 38 4 63196 55 93
372 63102 65 4 63211 44 109
260 63151 43 3 63304 110 153
187 63186 49 3 63353 118 167
294 63120 75 4 63378 183 258
10 63329 50 3 63428 49 99
780 63417 34 3 63462 11 45
596 63578 43 3 63621 0 43
28 63579 53 3 63674 42 95
604 63630 26 1 63700 44 70
182 63701 26 4 63727 0 26
647 63730 34 2 63764 0 34
232 63731 67 4 63831 33 100
81 63776 29 4 63860 55 84
669 63933 59 4 63992 0 59
36 64007 26 2 64033 0 26
325 64009 61 3 64094 24 85
447 64069 29 4 64123 25 54
913 64125 42 3 64167 0 42
764 64131 72 4 64289 86 158
688 64146 69 3 64308 93 162
73 64275 46 4 64404 83 129
116 64256 67 4 64421 98 165
337 64347 37 2 64458 74 111
385 64415 54 3 64562 93 147
556 64465 35 2 64597 97 132
904 64432 76 1 64623 115 191
551 64666 40 1 64706 0 40
983 64782 49 2 64831 0 49
622 64840 47 4 64887 0 47
198 64928 69 2 64997 0 69
917 64998 54 4 65052 0 54
719 65000 58 2 65110 52 110
758 65102 57 4 65167 8 65
703 65131 60 4 65227 36 96
767 65181 38 1 65265 46 84
562 65247 34 4 65399 118 152
987 65181 96 3 65445 168 264
196 65266 36 4 65531 229 265
850 65218 80 4 65561 263 343
35 65321 24 1 65585 240 264
481 65342 20 4 65605 243 263
225 65439 21 4 65676 216 237
438 65266 55 2 65681 360 415
170 65540 35 4 65766 191 226
470 65363 66 2 65782 353 419
738 65502 96 4 65828 230 326
502 65744 30 3 65908 134 164
499 65765 50 3 65958 143 193
675 65713 51 3 66009 245 296
822 65794 85 3 66044 165 250
557 66070 56 4 66126 0 56
771 66092 42 3 66168 34 76
472 66169 75 4 66244 0 75
759 66247 33 1 66280 0 33
686 66278 31 2 66311 2 33
527 66310 31 2 66342 1 32
574 66365 40 2 66405 0 40
216 66368 43 1 66448 37 80
490 66381 29 2 66527 117 146
828 66372 66 2 66593 155 221
4 66461 43 1 66636 132 175
165 66410 78 4 66664 176 254
30 66537 48 2 66712 127 175
303 66552 34 4 66746 160 194
671 66610 39 4 66835 186 225
61 66730 38 3 66973 205 243
353 66609 58 2 66981 314 372
594 66775 35 3 67016 206 241
417 66675 69 1 67035 291 360
618 66694 51 3 67036 291 342
794 67049 49 4 67098 0 49
900 67100 25 4 67125 0 25
916 67106 45 4 67170 19 64
241 67229 56 3 67285 0 56
451 67409 56 4 67465 0 56
494 67503 47 2 67550 0 47
624 67601 48 3 67649 0 48
222 67723 33 3 67756 0 33
441 67736 29 3 67785 20 49
129 67765 50 4 67835 20 70
731 67800 47 4 67882 35 82
224 67834 31 2 67913 48 79
641 67962 25 3 67987 0 25
546 68060 26 2 68086 0 26
553 68162 66 2 68228 0 66
264 68192 48 4 68326 86 134
233 68198 23 1 68349 128 151
403 68177 55 3 68354 122 177
134 68431 24 4 68455 0 24
421 68548 92 4 68640 0 92
712 68568 24 3 68664 72 96
180 68902 66 4 68968 0 66
524 68905 22 2 68990 63 85
179 68932 65 4 69055 58 123
341 68991 46 3 69101 64 110
351 69026 35 1 69136 75 110
882 69417 27 2 69444 0 27
711 69549 43 4 69592 0 43
541 69565 63 4 69655 27 90
215 69873 58 3 69931 0 58
863 70044 67 3 70111 0 67
88 70112 55 4 70167 0 55
20 70113 85 3 70252 54 139
723 70212 37 3 70289 40 77
958 70363 30 4 70393 0 30
503 70377 20 2 70413 16 36
961 70417 45 3 70462 0 45
230 70515 50 3 70565 0 50
852 70527 28 4 70593 38 66
511 70564 52 2 70645 29 81
25 70654 59 2 70713 0 59
644 70693 98 3 70811 20 118
239 70764 72 3 70883 47 119
947 70941 60 3 71001 0 60
54 70956 67 4 71068 45 112
699 71012 21 4 71089 56 77
223 71013 22 4 71111 76 98
887 71082 33 2 71244 129 162
323 71044 55 2 71299 200 255
653 71079 71 4 71320 170 241
772 71209 46 4 71366 111 157
754 71088 94 4 71460 278 372
743 71219 68 4 71528 241 309
240 71409 33 4 71611 169 202
476 71295 56 3 71617 266 322
473 71396 58 3 71625 171 229
815 71563 24 4 71649 62 86
668 71661 40 4 71701 0 40
933 71811 43 4 71854 0 43
112 72064 35 4 72099 0 35
857 72127 30 2 72157 0 30
145 72378 35 4 72413 0 35
482 72534 54 2 72588 0 54
588 72619 56 1 72675 0 56
876 72692 41 4 72733 0 41
314 72763 20 4 72783 0 20
255 72872 24 2 72896 0 24
682 72941 22 4 72963 0 22
998 72957 48 3 73011 6 54
725 73103 49 3 73152 0 49
570 73307 40 2 73347 0 40
509 73397 71 4 73468 0 71
256 73471 46 4 73517 0 46
109 73497 51 3 73618 70 121
276 73536 24 4 73642 82 106
716 73504 62 2 73654 88 150
358 73656 57 2 73713 0 57
466 73676 77 1 73790 37 114
478 73812 30 4 73842 0 30
589 73831 49 3 73891 11 60
43 73861 55 4 73946 30 85
218 74016 28 4 74044 0 28
681 74079 31 1 74110 0 31
739 74123 32 2 74155 0 32
600 74173 41 4 74214 0 41
178 74197 30 4 74294 67 97
208 74204 39 3 74333 90 129
673 74182 59 1 74342 101 160
783 74285 44 1 74386 57 101
944 74317 63 3 74449 69 132
488 74489 31 2 74520 0 31
47 74562 51 1 74613 0 51
459 74569 51 1 74664 44 95
78 75009 30 2 75039 0 30
263 75103 55 1 75158 0 55
366 75176 35 1 75211 0 35
856 75349 60 2 75409 0 60
491 75457 76 4 75533 0 76
355 75589 26 4 75615 0 26
667 75619 74 4 75693 0 74
955 75733 25 3 75758 0 25
666 75797 37 4 75834 0 37
475 75905 40 4 75945 0 40
310 75931 21 3 76016 64 85
360 75906 75 4 76041 60 135
970 76300 21 4 76321 0 21
462 76419 64 4 76483 0 64
891 76703 28 4 76731 0 28
291 76977 50 2 77027 0 50
779 76997 65 3 77092 30 95
345 77115 70 1 77185 0 70
72 77159 55 2 77240 26 81
619 77411 45 3 77456 0 45
923 77443 100 1 77556 13 113
980 77512 27 3 77583 44 71
142 77548 50 4 77633 35 85
967 77553 31 3 77714 130 161
214 77552 83 2 77747 112 195
229 78535 34 4 78569 0 34
602 78665 48 4 78713 0 48
718 78670 22 3 78735 43 65
414 78875 48 1 78923 0 48
235 78879 23 4 78946 44 67
672 79043 28 4 79071 0 28
501 79335 29 4 79364 0 29
613 79344 40 1 79404 20 60
526 79398 73 4 79477 6 79
854 79690 41 4 79731 0 41
964 80065 74 4 80139 0 74
388 80073 27 1 80166 66 93
336 80175 25 3 80200 0 25
137 80257 30 4 80287 0 30
512 80267 40 3 80377 70 110
773 80262 81 4 80408 65 146
190 80735 83 4 80818 0 83
735 80873 63 2 80936 0 63
496 80887 61 4 80997 49 110
108 80956 22 2 81019 41 63
125 80988 21 3 81040 31 52
457 81525 25 2 81550 0 25
927 81848 44 1 81892 0 44
363 81925 39 4 81964 0 39
97 82008 21 3 82029 0 21
901 82458 29 2 82487 0 29
951 82877 57 3 82934 0 57
393 82957 50 4 83007 0 50
269 82993 65 3 83072 14 79
510 83132 20 3 83152 0 20
152 83232 51 4 83283 0 51
805 83409 28 4 83437 0 28
870 83809 23 4 83832 0 23
960 83856 54 2 83910 0 54
131 83899 80 4 83990 11 91
201 83926 21 2 84011 64 85
581 84092 85 3 84177 0 85
140 84201 22 3 84223 0 22
361 84213 31 3 84254 10 41
44 84686 79 3 84765 0 79
357 85442 41 2 85483 0 41
595 85977 33 4 86010 0 33
13 86462 28 4 86490 0 28
113 86709 25 3 86734 0 25
590 86756 44 3 86800 0 44
943 87096 66 4 87162 0 66
370 87223 49 2 87272 0 49
536 87482 35 4 87517 0 35
164 87930 62 3 87992 0 62
406 88372 38 3 88410 0 38
160 89016 26 3 89042 0 26
405 90012 41 3 90053 0 41
278 90653 67 1 90720 0 67
585 90674 51 3 90771 46 97
885 92256 41 4 92297 0 41
259 93165 64 3 93229 0 64
452 93249 83 2 93332 0 83
776 93738 41 4 93779 0 41
342 93968 39 4 94007 0 39
750 95053 34 4 95087 0 34
464 95233 47 4 95280 0 47
976 96761 57 3 96818 0 57
626 96874 24 3 96898 0 24
962 97756 50 2 97806 0 50
878 98148 42 2 98190 0 42
346 98943 73 4 99016 0 73
628 99027 43 3 99070 0 43
122 100000 28 2 100028 0 28
925 100000 48 4 100176 128 176
914 100000 30 1 100206 176 206
985 100000 38 3 100244 206 244
567 100000 25 2 100269 244 269
906 100000 56 3 100325 269 325
679 100000 75 3 100350 275 350
148 100000 67 2 100367 300 367
