100417 1000 1781 1720
717 0 99 4 99 0 99
414 0 26 4 125 99 125
225 0 75 2 200 125 200
44 0 71 2 271 200 271
537 993 90 4 1083 0 90
230 2093 64 1 2157 0 64
706 2213 82 3 2295 0 82
980 2441 67 2 2508 0 67
621 2575 58 4 2633 0 58
868 3057 61 4 3118 0 61
106 6496 79 4 6575 0 79
966 7418 24 3 7442 0 24
582 7613 90 2 7703 0 90
828 8291 72 4 8363 0 72
787 8844 72 2 8916 0 72
872 9493 31 3 9524 0 31
234 9939 85 2 10024 0 85
928 10310 71 4 10381 0 71
745 10561 69 4 10630 0 69
443 10693 89 4 10782 0 89
154 10956 73 3 11029 0 73
656 11011 53 4 11083 19 72
219 11027 65 4 11148 56 121
180 11228 47 4 11275 0 47
969 11231 45 1 11321 45 90
545 11286 69 3 11391 36 105
210 12004 63 4 12067 0 63
767 12208 40 4 12248 0 40
583 12228 72 2 12321 21 93
449 12392 58 2 12450 0 58
957 12457 57 4 12514 0 57
808 13249 64 2 13313 0 64
356 13428 36 3 13464 0 36
810 13838 50 4 13888 0 50
643 13937 83 1 14020 0 83
605 14187 37 3 14224 0 37
993 14482 70 4 14552 0 70
133 14804 71 4 14875 0 71
382 15034 46 2 15080 0 46
220 15119 98 4 15217 0 98
431 15206 62 4 15280 12 74
637 15435 44 3 15479 0 44
848 15487 65 3 15552 0 65
462 16087 65 2 16152 0 65
268 16098 50 3 16203 55 105
715 16173 57 2 16261 31 88
707 16343 41 4 16384 0 41
518 16896 42 3 16938 0 42
164 16901 66 4 17005 38 104
607 17068 77 2 17145 0 77
825 17287 50 3 17337 0 50
748 17744 53 4 17797 0 53
743 17846 69 2 17915 0 69
776 17920 93 4 18013 0 93
609 18168 56 3 18224 0 56
953 18522 47 4 18569 0 47
624 18539 85 4 18655 31 116
541 18668 79 3 18747 0 79
428 19008 55 3 19063 0 55
25 19187 57 3 19244 0 57
846 19407 75 3 19482 0 75
2 19488 48 3 19536 0 48
32 19490 54 2 19591 47 101
24 19491 83 4 19674 100 183
34 19613 56 4 19731 62 118
26 19713 67 3 19799 19 86
295 19829 83 2 19912 0 83
871 19834 40 3 19953 79 119
929 19897 39 4 19992 56 95
933 20391 53 3 20444 0 53
339 20780 56 3 20836 0 56
159 20873 71 4 20944 0 71
393 20983 51 4 21034 0 51
430 21057 75 4 21132 0 75
895 21073 61 2 21194 60 121
353 21399 79 3 21478 0 79
170 21629 74 2 21703 0 74
680 21714 73 1 21787 0 73
149 21786 53 4 21841 2 55
211 21809 53 3 21895 33 86
693 22144 35 2 22179 0 35
125 22454 71 4 22525 0 71
302 22520 30 3 22556 6 36
676 22626 41 4 22667 0 41
634 22637 65 2 22733 31 96
442 22642 65 4 22798 91 156
16 23086 61 3 23147 0 61
238 23349 69 4 23418 0 69
70 23363 57 3 23476 56 113
277 23565 76 2 23641 0 76
997 23711 49 3 23760 0 49
894 23723 55 2 23816 38 93
940 23774 20 3 23837 43 63
50 23889 81 2 23970 0 81
678 23959 51 3 24022 12 63
484 24183 65 3 24248 0 65
799 24779 68 1 24847 0 68
694 24788 77 4 24925 60 137
730 24813 39 4 24964 112 151
156 24828 66 2 25030 136 202
388 24891 47 3 25078 140 187
155 24943 65 2 25143 135 200
820 25007 60 2 25203 136 196
716 25029 57 2 25260 174 231
604 25303 68 3 25371 0 68
754 25624 68 2 25692 0 68
362 25635 70 3 25763 58 128
496 25737 71 3 25835 27 98
890 26097 85 4 26182 0 85
939 26379 35 3 26414 0 35
627 26653 72 4 26725 0 72
187 26791 56 2 26847 0 56
441 26795 58 3 26906 53 111
557 26868 49 4 26956 39 88
596 27312 59 4 27371 0 59
368 27322 43 4 27415 50 93
372 27336 75 4 27490 79 154
857 27584 71 4 27655 0 71
859 27620 55 2 27711 36 91
522 27634 38 2 27749 77 115
775 27655 57 4 27806 94 151
672 27659 55 2 27862 148 203
908 27798 69 1 27931 64 133
203 27893 41 2 27973 39 80
653 27963 59 4 28033 11 70
618 27975 71 3 28105 59 130
513 28155 42 2 28197 0 42
670 28241 57 4 28298 0 57
783 28575 35 2 28610 0 35
412 28766 68 4 28834 0 68
488 29070 70 3 29140 0 70
461 29095 82 4 29223 46 128
334 29133 60 4 29283 90 150
195 29215 71 4 29355 69 140
489 29270 45 2 29400 85 130
777 29570 53 2 29623 0 53
497 29588 59 4 29683 36 95
183 29724 20 3 29744 0 20
864 29727 83 4 29828 18 101
131 29772 41 2 29870 57 98
141 29782 81 2 29951 88 169
391 29840 62 4 30014 112 174
747 29927 57 4 30071 87 144
753 29939 84 3 30155 132 216
79 29948 49 3 30204 207 256
137 30015 50 3 30255 190 240
608 30173 66 2 30321 82 148
432 30238 73 4 30395 84 157
662 30244 54 2 30449 151 205
619 30343 70 4 30520 107 177
161 30477 65 3 30586 44 109
345 30853 52 3 30905 0 52
285 30930 73 2 31003 0 73
639 31105 78 4 31183 0 78
861 31156 38 1 31222 28 66
478 31220 73 2 31296 3 76
216 31246 31 3 31328 51 82
543 31292 49 3 31377 36 85
547 31359 79 3 31457 19 98
601 31580 44 4 31624 0 44
920 31637 90 3 31727 0 90
229 31670 66 2 31794 58 124
64 31737 25 3 31820 58 83
723 31745 55 3 31875 75 130
578 31849 76 1 31952 27 103
253 31878 76 2 32029 75 151
320 31887 72 1 32101 142 214
369 32002 48 4 32150 100 148
21 32007 53 3 32203 143 196
642 32021 57 3 32260 182 239
409 32065 63 4 32323 195 258
746 32111 71 3 32395 213 284
311 32115 54 4 32449 280 334
456 32119 62 2 32511 330 392
303 32323 82 4 32593 188 270
987 32353 42 3 32636 241 283
838 32456 66 3 32702 180 246
65 32585 29 4 32731 117 146
236 32650 67 4 32799 82 149
654 32665 77 4 32876 134 211
78 32736 39 3 32916 141 180
69 32898 44 2 32961 19 63
774 32912 88 4 33049 49 137
625 32919 67 4 33117 131 198
616 32953 62 2 33179 164 226
235 32998 56 2 33235 181 237
875 33089 22 3 33258 147 169
964 33154 69 4 33327 104 173
532 33218 60 2 33387 109 169
91 33301 52 3 33440 87 139
732 33330 65 4 33505 110 175
244 33355 74 3 33579 150 224
572 33371 33 1 33612 208 241
623 33397 43 3 33656 216 259
517 33424 46 3 33702 232 278
265 33492 65 2 33767 210 275
954 33497 66 3 33833 270 336
262 33588 70 4 33903 245 315
918 33591 59 2 33962 312 371
8 33635 69 2 34032 328 397
176 33645 41 3 34073 387 428
883 33701 70 2 34143 372 442
175 33906 74 3 34217 237 311
910 34057 69 4 34287 161 230
769 34140 74 1 34361 147 221
184 34197 64 1 34425 164 228
423 34278 54 3 34480 148 202
62 34301 30 4 34510 179 209
63 34337 75 4 34585 173 248
879 34363 25 3 34610 222 247
152 34370 75 3 34685 240 315
683 34398 65 2 34750 287 352
299 34489 44 4 34795 262 306
816 34504 46 3 34841 291 337
947 34625 39 3 34880 216 255
843 34734 72 4 34952 146 218
221 34736 52 3 35004 216 268
452 34741 70 3 35074 263 333
374 34742 46 4 35120 332 378
105 34840 55 4 35176 281 336
809 34955 57 4 35233 221 278
979 34961 36 3 35269 272 308
323 35010 33 1 35302 259 292
664 35044 52 4 35354 258 310
511 35062 38 4 35392 292 330
101 35321 82 2 35475 72 154
135 35369 51 3 35526 106 157
677 35516 39 1 35566 11 50
631 35563 43 4 35610 4 47
885 35689 47 2 35736 0 47
37 35701 30 2 35767 36 66
762 35719 48 3 35815 48 96
530 35757 88 2 35904 59 147
784 35859 60 2 35965 46 106
658 35874 56 1 36021 91 147
702 36004 41 3 36063 18 59
794 36060 70 3 36134 4 74
342 36123 51 4 36186 12 63
531 36161 34 2 36221 26 60
267 36545 53 3 36598 0 53
901 36546 91 2 36690 53 144
185 36560 47 3 36737 130 177
31 36594 77 3 36814 143 220
729 36681 44 1 36859 134 178
800 36727 68 4 36927 132 200
934 36734 66 2 36993 193 259
214 36813 78 2 37071 180 258
548 36823 63 4 37135 249 312
798 36908 48 4 37183 227 275
907 36970 52 2 37235 213 265
819 37018 42 3 37277 217 259
822 37157 71 3 37349 121 192
346 37162 60 4 37409 187 247
204 37232 56 4 37465 177 233
366 37279 39 4 37505 187 226
455 37408 56 4 37561 97 153
590 37423 81 4 37642 138 219
132 37522 63 3 37706 121 184
386 37615 67 1 37773 91 158
936 37665 68 3 37842 109 177
395 37751 83 1 37925 91 174
420 37754 80 4 38005 171 251
202 37834 68 4 38074 172 240
108 37851 55 4 38129 223 278
516 37872 36 3 38165 257 293
201 37893 41 4 38206 272 313
758 37902 48 3 38254 304 352
72 37913 71 2 38325 341 412
329 38009 50 4 38376 317 367
35 38143 74 3 38450 233 307
698 38212 84 4 38534 238 322
740 38242 63 1 38597 292 355
118 38264 74 1 38671 333 407
649 38433 69 4 38741 239 308
882 38452 62 3 38803 289 351
408 38495 62 3 38865 308 370
780 38585 26 4 38891 280 306
892 38636 73 3 38964 255 328
254 38728 60 2 39025 237 297
127 38774 79 2 39104 251 330
540 38949 64 1 39168 155 219
760 38963 82 4 39250 205 287
788 39007 50 3 39301 244 294
266 39049 40 4 39341 252 292
27 39091 61 1 39402 250 311
960 39178 84 1 39486 224 308
945 39181 52 3 39538 305 357
801 39251 48 3 39586 287 335
190 39378 54 4 39641 209 263
445 39512 28 1 39669 129 157
447 39573 69 4 39738 96 165
373 39769 28 1 39797 0 28
119 39889 57 3 39946 0 57
851 40137 100 3 40237 0 100
651 40189 66 4 40304 49 115
241 40192 53 4 40357 112 165
830 40232 54 4 40411 125 179
68 40242 53 3 40465 170 223
561 40266 71 2 40536 199 270
610 40277 73 3 40609 259 332
142 40283 74 3 40683 326 400
663 40348 93 2 40776 335 428
306 40492 29 4 40806 285 314
473 40520 71 3 40877 286 357
946 40539 91 4 40968 338 429
113 40557 92 2 41060 411 503
200 40602 70 2 41130 458 528
305 40617 79 3 41209 513 592
458 40622 62 2 41271 587 649
669 40663 82 4 41353 608 690
167 40720 45 3 41398 633 678
97 40754 85 3 41483 644 729
440 40795 39 4 41523 689 728
405 40855 50 2 41573 668 718
90 40869 45 3 41618 704 749
566 40919 35 3 41653 699 734
396 41055 42 2 41695 598 640
48 41108 76 3 41771 587 663
523 41149 34 3 41805 622 656
553 41237 34 4 41839 568 602
916 41502 66 2 41906 338 404
117 41528 75 4 41981 378 453
475 41627 89 2 42070 354 443
985 41685 39 1 42109 385 424
926 41713 65 4 42174 396 461
581 41744 72 4 42246 430 502
691 41815 78 4 42324 431 509
849 41818 77 4 42401 506 583
972 41864 76 4 42478 538 614
942 42114 94 2 42572 364 458
713 42161 95 4 42667 411 506
186 42245 79 4 42746 422 501
728 42319 36 4 42782 427 463
169 42386 33 4 42815 396 429
162 42475 77 3 42893 341 418
878 42482 51 4 42944 411 462
785 42496 53 4 42997 448 501
280 42545 67 4 43064 452 519
71 42603 54 4 43118 461 515
708 42690 58 4 43176 428 486
602 42803 59 4 43235 373 432
23 42852 88 4 43324 384 472
873 42869 62 4 43386 455 517
444 42902 47 1 43433 484 531
84 42967 36 4 43469 466 502
710 42993 50 1 43519 476 526
889 43117 57 3 43576 402 459
274 43414 43 2 43620 163 206
85 43432 42 4 43662 188 230
74 43558 81 4 43743 104 185
99 43562 64 3 43807 181 245
288 43575 90 4 43897 232 322
737 43582 33 2 43931 316 349
179 43681 75 2 44006 250 325
411 43710 56 4 44062 296 352
917 43753 53 2 44115 309 362
494 43798 57 4 44172 317 374
568 43801 71 2 44243 371 442
177 43821 91 1 44334 422 513
622 43825 60 2 44394 509 569
237 43878 67 1 44461 516 583
632 44004 77 3 44539 458 535
9 44019 61 2 44600 520 581
948 44093 53 3 44653 507 560
528 44166 70 3 44723 487 557
483 44176 91 2 44814 547 638
30 44206 62 2 44876 608 670
597 44302 100 4 44976 574 674
981 44322 46 3 45022 654 700
398 44357 31 4 45053 665 696
900 44361 34 1 45087 692 726
378 44378 56 4 45143 709 765
107 44433 60 2 45203 710 770
160 44595 53 3 45257 609 662
749 44616 30 3 45287 641 671
705 44626 45 1 45332 661 706
464 44664 43 4 45375 668 711
278 44826 62 4 45437 549 611
59 44889 63 2 45500 548 611
684 44959 46 1 45546 541 587
786 44982 40 1 45586 564 604
886 45005 62 4 45648 581 643
335 45049 55 4 45703 599 654
938 45053 73 2 45776 650 723
538 45107 62 3 45838 669 731
773 45154 87 4 45925 684 771
215 45182 83 2 46008 743 826
630 45188 39 3 46047 820 859
847 45239 84 2 46132 809 893
487 45298 78 3 46210 834 912
778 45428 47 4 46257 782 829
584 45483 40 1 46297 774 814
364 45483 67 1 46364 814 881
232 45621 81 4 46445 743 824
927 45694 60 4 46505 751 811
88 45768 63 4 46568 737 800
312 45800 86 1 46654 768 854
896 45821 36 2 46690 833 869
360 45841 33 1 46723 849 882
194 45928 70 4 46793 795 865
845 45974 93 3 46886 819 912
191 46023 98 2 46984 863 961
242 46064 68 4 47053 921 989
207 46193 60 3 47113 860 920
166 46229 21 4 47134 884 905
687 46230 45 4 47179 904 949
500 46258 65 3 47244 921 986
56 46278 64 4 47308 966 1030
93 46335 75 2 47383 973 1048
67 46369 62 4 47445 1014 1076
178 46514 70 2 47515 931 1001
992 46527 65 4 47580 988 1053
943 46625 61 1 47641 955 1016
479 46742 79 3 47720 899 978
400 46821 74 4 47794 899 973
971 46900 52 4 47846 894 946
996 46909 68 2 47914 937 1005
146 46943 70 4 47984 971 1041
874 46978 83 1 48067 1006 1089
725 47031 81 3 48149 1037 1118
46 47037 49 4 48198 1112 1161
644 47083 63 3 48261 1115 1178
791 47179 57 3 48318 1082 1139
570 47268 57 4 48375 1050 1107
594 47268 30 2 48405 1107 1137
635 47322 64 2 48469 1083 1147
437 47459 86 3 48555 1010 1096
524 47562 77 4 48632 993 1070
392 47570 20 2 48652 1062 1082
876 47591 72 4 48724 1061 1133
269 47592 66 4 48790 1132 1198
986 47616 45 3 48835 1174 1219
515 47954 57 1 48892 881 938
818 48016 57 2 48949 876 933
363 48093 66 3 49016 857 923
425 48269 40 3 49056 747 787
313 48269 68 3 49124 787 855
650 48360 28 4 49152 764 792
341 48459 72 4 49224 693 765
115 48469 76 3 49300 755 831
343 48474 63 4 49363 826 889
454 48545 82 3 49445 818 900
344 48619 23 2 49468 826 849
962 48620 53 4 49521 848 901
533 48626 73 4 49594 895 968
121 48687 92 4 49686 907 999
258 48750 91 3 49777 936 1027
480 48777 43 4 49820 1000 1043
674 48812 64 2 49884 1008 1072
661 48848 71 4 49955 1036 1107
418 48948 71 4 50026 1007 1078
485 49006 63 3 50090 1021 1084
734 49039 62 4 50152 1051 1113
686 49048 44 2 50196 1104 1148
465 49055 78 4 50274 1141 1219
731 49069 51 3 50325 1205 1256
536 49128 55 4 50380 1197 1252
576 49168 43 4 50423 1212 1255
438 49175 57 4 50480 1248 1305
385 49179 78 3 50558 1301 1379
506 49235 60 4 50618 1323 1383
655 49244 43 4 50661 1374 1417
247 49366 60 4 50721 1295 1355
102 49381 66 3 50787 1340 1406
463 49396 69 2 50856 1391 1460
287 49468 66 3 50922 1388 1454
460 49512 27 3 50949 1410 1437
291 49529 57 4 51006 1420 1477
842 49537 33 4 51039 1469 1502
795 49568 58 3 51097 1471 1529
476 49585 63 2 51160 1512 1575
606 49589 100 3 51260 1571 1671
755 49595 61 4 51321 1665 1726
914 49661 65 4 51386 1660 1725
620 49711 74 3 51460 1675 1749
80 49774 64 3 51524 1686 1750
103 49775 65 2 51589 1749 1814
659 49893 61 2 51650 1696 1757
292 49974 65 3 51715 1676 1741
913 50059 49 2 51765 1657 1706
77 50110 51 4 51816 1655 1706
867 50224 66 4 51882 1592 1658
100 50229 53 2 51935 1653 1706
298 50246 84 4 52019 1689 1773
120 50287 72 3 52091 1732 1804
168 50310 100 2 52191 1781 1881
246 50312 71 3 52262 1879 1950
633 50377 78 4 52340 1885 1963
587 50388 51 4 52391 1952 2003
766 50447 73 4 52464 1944 2017
802 50478 70 4 52534 1986 2056
704 50515 100 3 52634 2019 2119
338 50525 57 4 52691 2109 2166
327 50574 40 1 52731 2117 2157
123 50776 44 3 52775 1955 1999
573 50777 35 4 52810 1998 2033
350 50780 50 3 52860 2030 2080
858 50807 30 2 52890 2053 2083
205 50834 50 3 52940 2056 2106
812 50836 42 2 52982 2104 2146
722 50931 41 2 53023 2051 2092
803 50966 58 3 53081 2057 2115
330 51015 75 1 53156 2066 2141
870 51023 72 4 53228 2133 2205
151 51028 62 3 53290 2200 2262
98 51048 73 4 53363 2242 2315
498 51074 43 4 53406 2289 2332
163 51076 33 4 53439 2330 2363
28 51165 38 4 53477 2274 2312
245 51242 56 4 53533 2235 2291
39 51276 66 4 53599 2257 2323
550 51356 73 4 53672 2243 2316
304 51401 65 4 53737 2271 2336
507 51431 65 3 53802 2306 2371
571 51450 59 3 53861 2352 2411
429 51476 82 4 53943 2385 2467
325 51566 81 4 54024 2377 2458
171 51568 50 4 54074 2456 2506
111 51602 84 4 54158 2472 2556
316 51660 77 4 54235 2498 2575
888 51662 66 2 54301 2573 2639
615 51676 74 1 54375 2625 2699
854 51711 57 4 54432 2664 2721
855 51713 61 2 54493 2719 2780
139 51724 78 1 54572 2770 2848
869 51767 45 2 54617 2805 2850
919 51781 74 1 54691 2836 2910
833 51815 42 1 54733 2876 2918
752 51817 77 3 54810 2916 2993
665 51858 50 3 54860 2952 3002
19 51928 51 4 54911 2932 2983
283 51935 50 4 54961 2976 3026
983 51974 79 2 55040 2987 3066
301 52048 58 3 55098 2992 3050
272 52095 49 2 55147 3003 3052
349 52175 54 3 55201 2972 3026
300 52177 51 2 55252 3024 3075
909 52180 50 3 55302 3072 3122
11 52203 82 3 55384 3099 3181
641 52337 52 3 55436 3047 3099
862 52359 74 4 55510 3077 3151
307 52424 38 2 55548 3086 3124
380 52454 74 4 55622 3094 3168
555 52456 50 4 55672 3166 3216
645 52577 57 2 55729 3095 3152
326 52593 69 4 55798 3136 3205
446 52644 63 4 55861 3154 3217
903 52654 27 1 55888 3207 3234
66 52669 40 2 55928 3219 3259
922 52693 82 4 56010 3235 3317
554 52723 70 3 56080 3287 3357
951 52861 43 4 56123 3219 3262
213 52937 40 4 56163 3186 3226
358 52955 40 4 56203 3208 3248
956 52995 32 3 56235 3208 3240
991 52998 49 4 56284 3237 3286
60 53079 78 4 56362 3205 3283
328 53089 72 3 56434 3273 3345
539 53128 29 3 56463 3306 3335
741 53252 51 2 56514 3211 3262
96 53266 55 1 56569 3248 3303
218 53373 73 4 56642 3196 3269
83 53375 79 3 56721 3267 3346
884 53394 60 4 56781 3327 3387
837 53469 50 4 56831 3312 3362
263 53505 74 3 56905 3326 3400
877 53556 72 3 56977 3349 3421
457 53562 58 1 57035 3415 3473
193 53659 72 2 57107 3376 3448
466 53662 43 1 57150 3445 3488
61 53787 50 2 57200 3363 3413
271 53794 73 3 57273 3406 3479
261 53966 84 3 57357 3307 3391
703 53968 56 2 57413 3389 3445
427 54041 83 4 57496 3372 3455
727 54045 95 3 57591 3451 3546
829 54046 56 3 57647 3545 3601
744 54121 42 4 57689 3526 3568
975 54132 92 3 57781 3557 3649
318 54265 62 4 57843 3516 3578
977 54269 67 3 57910 3574 3641
224 54287 77 3 57987 3623 3700
394 54336 50 3 58037 3651 3701
281 54417 39 4 58076 3620 3659
865 54477 41 2 58117 3599 3640
988 54553 61 4 58179 3565 3626
53 54585 32 3 58211 3594 3626
738 54681 59 2 58270 3530 3589
626 54764 48 1 58318 3506 3554
614 54796 87 3 58405 3522 3609
222 55051 62 1 58467 3354 3416
286 55201 54 4 58521 3266 3320
410 55204 66 3 58587 3317 3383
22 55207 49 4 58636 3380 3429
174 55223 28 3 58664 3413 3441
399 55284 41 2 58705 3380 3421
667 55309 55 4 58760 3396 3451
736 55364 39 4 58799 3396 3435
282 55398 43 3 58842 3401 3444
679 55413 45 4 58887 3429 3474
128 55491 56 2 58943 3396 3452
293 55504 33 1 58976 3439 3472
228 55541 48 4 59024 3435 3483
591 55556 59 4 59083 3468 3527
347 55565 31 4 59114 3518 3549
924 55586 43 3 59157 3528 3571
129 55609 59 2 59216 3548 3607
950 55612 54 4 59270 3604 3658
58 55632 58 4 59328 3638 3696
835 55636 47 4 59375 3692 3739
289 55659 84 2 59459 3716 3800
521 55682 36 4 59495 3777 3813
567 55770 44 3 59539 3725 3769
648 55898 77 4 59616 3641 3718
697 55912 48 3 59664 3704 3752
481 55943 65 4 59729 3721 3786
348 56002 52 4 59781 3727 3779
294 56025 90 4 59871 3756 3846
165 56080 61 3 59932 3791 3852
990 56142 83 4 60015 3790 3873
968 56160 58 2 60073 3855 3913
563 56172 83 4 60156 3901 3984
413 56183 80 4 60236 3973 4053
252 56203 44 4 60280 4033 4077
551 56271 70 1 60350 4009 4079
387 56278 83 3 60433 4072 4155
880 56360 77 4 60510 4073 4150
636 56381 72 3 60582 4129 4201
331 56384 40 4 60622 4198 4238
508 56402 73 4 60695 4220 4293
613 56417 66 4 60761 4278 4344
403 56424 50 1 60811 4337 4387
598 56462 58 3 60869 4349 4407
921 56472 64 1 60933 4397 4461
256 56475 44 3 60977 4458 4502
424 56503 65 1 61042 4474 4539
94 56552 82 4 61124 4490 4572
967 56569 38 1 61162 4555 4593
765 56587 77 1 61239 4575 4652
226 56833 75 4 61314 4406 4481
770 56936 53 4 61367 4378 4431
5 56959 75 3 61442 4408 4483
158 57031 67 1 61509 4411 4478
375 57107 83 3 61592 4402 4485
467 57198 44 3 61636 4394 4438
333 57269 75 4 61711 4367 4442
75 57281 61 1 61772 4430 4491
827 57288 97 2 61869 4484 4581
932 57347 66 3 61935 4522 4588
949 57349 57 1 61992 4586 4643
196 57566 54 3 62046 4426 4480
279 57682 47 4 62093 4364 4411
617 57756 66 2 62159 4337 4403
18 57787 63 1 62222 4372 4435
831 57833 56 2 62278 4389 4445
270 57868 36 4 62314 4410 4446
510 57875 71 3 62385 4439 4510
652 57928 45 3 62430 4457 4502
695 58057 63 2 62493 4373 4436
172 58061 53 3 62546 4432 4485
451 58100 51 3 62597 4446 4497
55 58130 74 3 62672 4468 4542
768 58153 75 4 62747 4519 4594
891 58209 61 4 62808 4538 4599
42 58310 70 3 62878 4498 4568
417 58329 80 4 62958 4549 4629
401 58377 30 1 62988 4581 4611
367 58379 55 4 63043 4609 4664
666 58424 64 3 63107 4619 4683
735 58546 75 3 63182 4561 4636
340 58618 77 4 63259 4564 4641
564 58744 55 2 63314 4515 4570
110 58756 79 3 63393 4558 4637
982 58842 61 2 63454 4551 4612
448 58853 73 2 63527 4601 4674
181 58853 58 4 63585 4674 4732
660 58864 58 2 63643 4721 4779
474 58894 20 2 63663 4749 4769
1 58961 74 4 63737 4702 4776
147 58965 74 3 63811 4772 4846
390 58987 75 3 63886 4824 4899
699 59003 72 3 63958 4883 4955
603 59034 31 2 63989 4924 4955
173 59137 27 2 64016 4852 4879
336 59239 58 2 64074 4777 4835
611 59279 47 1 64121 4795 4842
3 59530 40 2 64161 4591 4631
589 59574 72 1 64233 4587 4659
866 59644 84 4 64317 4589 4673
383 59762 90 2 64407 4555 4645
138 59802 43 4 64450 4605 4648
811 59853 81 3 64531 4597 4678
477 59878 53 2 64584 4653 4706
577 59960 81 3 64665 4624 4705
542 59964 67 2 64732 4701 4768
136 59977 62 1 64794 4755 4817
501 60038 50 3 64844 4756 4806
198 60053 77 3 64921 4791 4868
470 60098 40 3 64961 4823 4863
499 60118 80 3 65041 4843 4923
574 60156 34 1 65075 4885 4919
6 60280 100 4 65175 4795 4895
526 60466 65 3 65240 4709 4774
585 60470 62 4 65302 4770 4832
255 60596 70 3 65372 4706 4776
782 60605 68 3 65440 4767 4835
492 60729 71 2 65511 4711 4782
505 60909 67 3 65578 4602 4669
863 61096 71 4 65649 4482 4553
668 61301 70 4 65719 4348 4418
935 61337 79 3 65798 4382 4461
49 61376 44 3 65842 4422 4466
726 61491 38 1 65880 4351 4389
314 61500 77 3 65957 4380 4457
14 61609 77 4 66034 4348 4425
490 61692 50 2 66084 4342 4392
122 61857 65 4 66149 4227 4292
199 61868 49 2 66198 4281 4330
832 61940 53 3 66251 4258 4311
720 61981 28 3 66279 4270 4298
406 61997 78 1 66357 4282 4360
739 62065 64 2 66421 4292 4356
763 62141 48 3 66469 4280 4328
421 62233 32 3 66501 4236 4268
834 62285 44 3 66545 4216 4260
559 62291 33 4 66578 4254 4287
681 62346 67 3 66645 4232 4299
290 62431 45 4 66690 4214 4259
308 62450 54 4 66744 4240 4294
806 62550 70 1 66814 4194 4264
544 62713 77 4 66892 4102 4179
789 62727 76 2 66968 4165 4241
231 62779 32 4 67000 4189 4221
978 62801 67 4 67067 4199 4266
7 63078 72 1 67139 3989 4061
384 63105 74 4 67213 4034 4108
355 63115 67 4 67280 4098 4165
804 63132 56 4 67336 4148 4204
941 63137 46 4 67382 4199 4245
379 63154 68 3 67450 4228 4296
965 63227 45 1 67495 4223 4268
836 63281 82 4 67577 4214 4296
628 63368 62 2 67639 4209 4271
124 63391 58 2 67697 4248 4306
112 63539 63 2 67760 4158 4221
823 63550 33 1 67793 4210 4243
468 63596 55 2 67848 4197 4252
52 63602 58 4 67906 4246 4304
73 63671 46 3 67952 4235 4281
700 63721 55 4 68007 4231 4286
733 63744 69 3 68076 4263 4332
233 63769 53 4 68129 4307 4360
797 63789 72 3 68201 4340 4412
469 63847 68 3 68269 4354 4422
944 63850 61 2 68330 4419 4480
419 64013 48 3 68378 4317 4365
36 64067 41 3 68419 4311 4352
365 64084 74 4 68493 4335 4409
675 64145 75 1 68568 4348 4423
898 64279 42 3 68610 4289 4331
144 64282 77 4 68687 4328 4405
759 64307 76 4 68763 4380 4456
689 64534 50 2 68813 4229 4279
881 64954 85 4 68898 3859 3944
33 65069 59 4 68957 3829 3888
43 65110 32 1 68989 3847 3879
671 65238 100 3 69089 3751 3851
404 65314 52 4 69141 3775 3827
640 65399 79 3 69220 3742 3821
552 65446 65 4 69285 3774 3839
771 65525 72 3 69357 3760 3832
673 65658 60 2 69417 3699 3759
682 65669 67 3 69484 3748 3815
970 65768 65 2 69549 3716 3781
217 65813 73 3 69622 3736 3809
212 65846 78 3 69700 3776 3854
354 65939 52 3 69752 3761 3813
126 66089 50 4 69802 3663 3713
153 66128 55 1 69857 3674 3729
790 66226 38 2 69895 3631 3669
906 66421 55 4 69950 3474 3529
826 66463 47 4 69997 3487 3534
779 66515 26 4 70023 3482 3508
856 66580 72 2 70095 3443 3515
952 66619 55 4 70150 3476 3531
337 66658 43 4 70193 3492 3535
599 66685 73 3 70266 3508 3581
273 66711 55 1 70321 3555 3610
381 66758 70 4 70391 3563 3633
580 66884 81 4 70473 3508 3589
646 66898 61 1 70534 3575 3636
439 66908 54 2 70588 3626 3680
821 66971 67 2 70655 3617 3684
472 66981 67 4 70722 3674 3741
751 67061 46 2 70768 3661 3707
361 67099 60 4 70828 3669 3729
95 67128 71 4 70899 3700 3771
509 67145 66 4 70965 3754 3820
150 67191 21 3 70986 3774 3795
586 67332 62 4 71048 3654 3716
841 67359 79 1 71127 3689 3768
764 67372 69 2 71196 3755 3824
227 67373 36 4 71232 3823 3859
860 67503 68 1 71300 3729 3797
527 67550 65 3 71365 3750 3815
692 67583 55 4 71420 3782 3837
840 67614 68 1 71488 3806 3874
114 67633 58 1 71546 3855 3913
793 67682 72 4 71618 3864 3936
182 67706 59 4 71677 3912 3971
690 67785 65 1 71742 3892 3957
534 67832 93 4 71835 3910 4003
209 67847 50 3 71885 3988 4038
579 67864 71 4 71956 4021 4092
562 67872 51 4 72007 4084 4135
143 67883 91 4 72098 4124 4215
89 67958 50 2 72148 4140 4190
961 68053 68 2 72216 4095 4163
931 68066 50 3 72266 4150 4200
504 68160 49 4 72315 4106 4155
592 68327 52 4 72367 3988 4040
718 68379 78 3 72445 3988 4066
911 68456 55 4 72500 3989 4044
714 68529 41 4 72541 3971 4012
223 68823 50 4 72591 3718 3768
757 69010 62 4 72653 3581 3643
796 69074 47 4 72700 3579 3626
332 69137 60 2 72760 3563 3623
817 69140 76 4 72836 3620 3696
999 69142 22 4 72858 3694 3716
145 69154 74 4 72932 3704 3778
593 69197 62 2 72994 3735 3797
87 69224 79 3 73073 3770 3849
359 69327 69 4 73142 3746 3815
958 69380 30 4 73172 3762 3792
20 69392 82 3 73254 3780 3862
415 69464 47 3 73301 3790 3837
569 69548 47 3 73348 3753 3800
852 69578 59 3 73407 3770 3829
897 69604 58 4 73465 3803 3861
82 69621 43 4 73508 3844 3887
275 69752 64 2 73572 3756 3820
249 69781 64 2 73636 3791 3855
546 69853 87 3 73723 3783 3870
130 69902 65 3 73788 3821 3886
805 69955 64 4 73852 3833 3897
357 70034 57 2 73909 3818 3875
459 70454 81 4 73991 3456 3537
959 70501 60 2 74051 3490 3550
905 70672 58 4 74109 3379 3437
197 70910 74 1 74183 3199 3273
742 71077 78 4 74261 3106 3184
853 71149 55 4 74316 3112 3167
588 71177 62 1 74378 3139 3201
319 71235 64 4 74442 3143 3207
709 71259 76 2 74518 3183 3259
491 71431 46 4 74564 3087 3133
839 71522 64 4 74628 3042 3106
435 71586 27 4 74655 3042 3069
140 71614 53 3 74708 3041 3094
310 71673 58 2 74766 3035 3093
157 71681 78 4 74844 3085 3163
556 71973 51 1 74895 2871 2922
486 72067 75 3 74970 2828 2903
712 72273 55 3 75025 2697 2752
923 72289 60 4 75085 2736 2796
45 72661 93 4 75178 2424 2517
134 72805 52 4 75230 2373 2425
317 72824 68 4 75298 2406 2474
657 72960 30 2 75328 2338 2368
239 72983 55 1 75383 2345 2400
40 73015 48 4 75431 2368 2416
407 73067 68 3 75499 2364 2432
250 73125 20 4 75519 2374 2394
844 73224 75 4 75594 2295 2370
560 73243 46 1 75640 2351 2397
549 73336 78 2 75718 2304 2382
937 73365 57 4 75775 2353 2410
206 73451 28 4 75803 2324 2352
240 73515 61 3 75864 2288 2349
629 73530 65 3 75929 2334 2399
259 73548 54 1 75983 2381 2435
512 73631 41 4 76024 2352 2393
535 73662 91 4 76115 2362 2453
397 73697 46 4 76161 2418 2464
109 73699 72 4 76233 2462 2534
12 73737 62 3 76295 2496 2558
296 73763 42 2 76337 2532 2574
17 73923 34 4 76372 2415 2449
807 74133 65 3 76437 2239 2304
955 74157 93 3 76530 2280 2373
57 74234 59 1 76589 2296 2355
688 74294 54 2 76643 2295 2349
984 74370 40 4 76683 2273 2313
116 74521 64 4 76747 2162 2226
450 74661 57 3 76804 2086 2143
519 74692 66 3 76870 2112 2178
376 74699 62 1 76932 2171 2233
761 74873 65 1 76997 2059 2124
321 74885 68 1 77065 2112 2180
973 75009 77 1 77142 2056 2133
402 75118 55 3 77197 2024 2079
495 75121 66 1 77263 2076 2142
76 75195 63 1 77326 2068 2131
575 75246 64 4 77390 2080 2144
503 75293 78 4 77468 2097 2175
51 75407 52 2 77520 2061 2113
297 75638 72 4 77592 1882 1954
685 75701 71 4 77663 1891 1962
792 75745 52 4 77715 1918 1970
647 75972 58 3 77773 1743 1801
416 76260 68 2 77841 1513 1581
189 76314 100 3 77941 1527 1627
243 76325 33 4 77974 1616 1649
257 76374 20 3 77995 1601 1621
595 76535 51 3 78046 1460 1511
15 76571 45 2 78091 1475 1520
893 76703 69 4 78160 1388 1457
915 76806 73 1 78233 1354 1427
426 77030 48 3 78281 1203 1251
998 77083 34 3 78315 1198 1232
389 77141 33 3 78348 1174 1207
81 77229 62 3 78410 1119 1181
493 77261 80 4 78490 1149 1229
47 77343 91 3 78581 1147 1238
370 77532 75 4 78656 1049 1124
815 77579 64 4 78720 1077 1141
995 77613 46 1 78766 1107 1153
974 77847 54 2 78820 919 973
192 78158 72 3 78893 663 735
701 78164 34 4 78927 729 763
772 78514 26 3 78953 413 439
930 78527 67 3 79020 426 493
902 78562 51 3 79071 458 509
29 78696 27 3 79098 375 402
899 78957 64 3 79163 142 206
525 79363 55 1 79418 0 55
13 79505 64 3 79569 0 64
989 80010 46 2 80056 0 46
724 80198 69 3 80267 0 69
148 80292 61 4 80353 0 61
104 80370 66 4 80436 0 66
565 81235 61 1 81296 0 61
904 81250 51 3 81348 47 98
422 81589 89 2 81678 0 89
482 81638 100 2 81779 41 141
264 81700 88 3 81868 80 168
502 82050 87 2 82137 0 87
756 82073 58 3 82196 65 123
284 82222 64 1 82286 0 64
54 82327 50 4 82377 0 50
558 82410 51 3 82461 0 51
248 83249 83 2 83332 0 83
514 83339 66 2 83405 0 66
814 83349 63 3 83469 57 120
887 83474 41 2 83515 0 41
41 83677 85 1 83762 0 85
377 83742 67 2 83830 21 88
976 83852 68 4 83920 0 68
433 84562 41 4 84603 0 41
351 84605 55 1 84660 0 55
434 84983 41 2 85024 0 41
750 85051 60 4 85111 0 60
638 85167 71 1 85238 0 71
86 85369 49 4 85418 0 49
912 85400 47 3 85466 19 66
371 86407 64 2 86471 0 64
453 86752 63 4 86815 0 63
276 86881 69 3 86950 0 69
529 87001 37 4 87038 0 37
520 87206 82 3 87288 0 82
260 87413 60 4 87473 0 60
471 87425 49 2 87523 49 98
309 87568 58 3 87626 0 58
719 87877 77 3 87954 0 77
711 87920 64 3 88019 35 99
1000 88749 56 4 88805 0 56
324 88883 27 1 88910 0 27
352 89348 41 4 89389 0 41
92 89420 75 2 89495 0 75
824 89655 100 4 89755 0 100
600 90614 25 4 90639 0 25
4 90971 79 4 91050 0 79
612 91552 67 4 91619 0 67
251 91745 74 1 91819 0 74
188 92027 75 3 92102 0 75
208 93903 55 1 93958 0 55
315 94650 58 4 94708 0 58
813 95155 65 4 95220 0 65
925 95500 72 3 95572 0 72
10 95902 62 3 95964 0 62
994 96337 69 3 96406 0 69
322 97046 51 2 97097 0 51
721 100000 94 3 100094 0 94
436 100000 52 4 100146 94 146
850 100000 51 3 100197 146 197
781 100000 55 1 100252 197 252
963 100000 60 2 100312 252 312
38 100000 38 4 100350 312 350
696 100000 67 3 100417 350 417
