100362 1000 649 589
840 0 27 1 27 0 27
404 0 38 4 65 27 65
428 0 45 1 110 65 110
585 0 49 3 159 110 159
449 0 69 4 228 159 228
108 539 24 3 563 0 24
345 1247 61 3 1308 0 61
360 2043 48 3 2091 0 48
659 2296 62 4 2358 0 62
99 2479 36 4 2515 0 36
805 3289 52 4 3341 0 52
869 3529 39 1 3568 0 39
262 4088 56 4 4144 0 56
912 4709 59 4 4768 0 59
873 4825 55 2 4880 0 55
267 5499 71 3 5570 0 71
387 6207 70 4 6277 0 70
339 6279 56 4 6335 0 56
231 6508 64 2 6572 0 64
251 6632 55 4 6687 0 55
123 6940 67 1 7007 0 67
945 8170 47 3 8217 0 47
137 8492 72 4 8564 0 72
462 8671 50 2 8721 0 50
704 8972 75 3 9047 0 75
947 9211 33 4 9244 0 33
369 9316 64 4 9380 0 64
875 9464 51 4 9515 0 51
60 9795 70 2 9865 0 70
77 10431 22 4 10453 0 22
442 10420 76 4 10518 22 98
826 11262 53 3 11315 0 53
650 11563 61 4 11624 0 61
792 11917 45 1 11962 0 45
271 12121 80 4 12201 0 80
117 12350 76 4 12439 13 89
683 12486 62 4 12548 0 62
883 12413 76 4 12564 75 151
574 12632 45 3 12677 0 45
969 12947 75 3 13022 0 75
550 13181 63 1 13244 0 63
352 13480 60 3 13540 0 60
520 13439 69 2 13568 60 129
632 13626 44 2 13670 0 44
748 13607 62 4 13713 44 106
220 13860 38 4 13898 0 38
596 14222 60 4 14282 0 60
565 14501 47 1 14548 0 47
297 14991 46 4 15037 0 46
678 15154 20 2 15174 0 20
959 15552 57 3 15609 0 57
554 15744 38 3 15782 0 38
87 15707 54 4 15799 38 92
194 15702 62 2 15856 92 154
888 15912 65 4 15977 0 65
47 16284 33 4 16317 0 33
529 16273 48 3 16354 33 81
861 16223 68 4 16372 81 149
258 17049 56 4 17105 0 56
208 17361 60 4 17421 0 60
642 18684 80 3 18764 0 80
731 19173 56 4 19229 0 56
239 19375 47 4 19422 0 47
498 19532 47 4 19579 0 47
314 20075 72 4 20147 0 72
952 20207 66 2 20273 0 66
416 20367 53 2 20420 0 53
928 20421 54 4 20475 0 54
610 20365 68 4 20540 107 175
130 20605 61 3 20666 0 61
329 20371 69 2 20670 230 299
637 20291 90 1 20686 305 395
813 20699 74 2 20773 0 74
367 21285 36 2 21321 0 36
636 21678 52 2 21730 0 52
796 21832 31 4 21863 0 31
250 21776 60 2 21867 31 91
795 21857 68 2 21935 10 78
745 22616 35 2 22651 0 35
138 22646 79 3 22730 5 84
454 22790 33 4 22823 0 33
693 22821 66 3 22889 2 68
782 22751 75 2 22925 99 174
606 22982 55 4 23037 0 55
85 23099 58 3 23157 0 58
531 23313 37 4 23350 0 37
94 23448 44 3 23492 0 44
993 23562 35 2 23597 0 35
600 23594 58 3 23677 25 83
519 23633 58 3 23713 22 80
708 23556 62 4 23769 151 213
950 23796 54 4 23850 0 54
539 23779 64 4 23897 54 118
298 23953 39 3 23992 0 39
317 23822 88 4 24024 114 202
104 24106 47 4 24153 0 47
930 24200 38 3 24238 0 38
628 24233 52 2 24290 5 57
426 24123 53 3 24296 120 173
669 24193 54 3 24350 103 157
283 24320 67 2 24417 30 97
417 24511 60 1 24571 0 60
241 24639 67 2 24706 0 67
242 24590 76 1 24733 67 143
227 24758 20 1 24778 0 20
199 25027 53 3 25080 0 53
523 25048 63 3 25143 32 95
234 25209 60 1 25269 0 60
986 25175 68 4 25303 60 128
718 25328 51 3 25379 0 51
287 25091 69 4 25391 231 300
663 25419 42 3 25461 0 42
97 25309 73 3 25506 124 197
783 25619 57 4 25676 0 57
436 25742 35 3 25777 0 35
431 25739 43 2 25817 35 78
191 25808 68 4 25885 9 77
476 25623 70 2 25892 199 269
27 26066 30 4 26096 0 30
573 26087 50 3 26146 9 59
646 26209 30 4 26239 0 30
651 26229 37 3 26276 10 47
452 26179 48 4 26294 67 115
785 26170 51 3 26336 115 166
549 26380 62 3 26442 0 62
182 26344 62 2 26468 62 124
192 26088 64 4 26500 348 412
491 26484 66 4 26566 16 82
419 26570 55 4 26625 0 55
766 26383 72 4 26693 238 310
54 26715 30 3 26745 0 30
984 26765 62 1 26827 0 62
343 26607 79 4 26864 178 257
553 26866 75 3 26941 0 75
860 26999 54 4 27053 0 54
515 27095 51 3 27146 0 51
584 27023 62 4 27166 81 143
349 27218 65 4 27283 0 65
98 27344 35 4 27379 0 35
493 27368 55 2 27434 11 66
836 27354 56 2 27490 80 136
698 27498 66 3 27564 0 66
145 27275 75 1 27570 220 295
467 27660 35 3 27695 0 35
741 27727 50 3 27777 0 50
556 27772 62 4 27839 5 67
962 27818 67 4 27906 21 88
530 27628 75 3 27917 214 289
527 27350 76 2 27935 509 585
597 27950 69 3 28019 0 69
86 28050 65 3 28115 0 65
874 28122 30 4 28152 0 30
811 28200 62 4 28262 0 62
937 28267 52 3 28319 0 52
734 28213 66 3 28380 101 167
516 28076 66 2 28391 249 315
132 28429 35 3 28464 0 35
480 28253 80 4 28506 173 253
336 28220 83 1 28589 286 369
324 27323 87 2 28630 1220 1307
312 28688 70 3 28758 0 70
664 28854 51 3 28905 0 51
592 28973 54 4 29027 0 54
289 29184 24 4 29208 0 24
810 29146 52 3 29222 24 76
127 29456 54 2 29510 0 54
514 29600 68 4 29668 0 68
72 29634 70 3 29738 34 104
51 29750 70 4 29820 0 70
882 29870 53 4 29923 0 53
48 29954 39 4 29993 0 39
361 30037 39 4 30076 0 39
819 30128 20 1 30148 0 20
320 30135 26 2 30174 13 39
619 30041 62 4 30184 81 143
654 30232 88 4 30320 0 88
503 30328 54 4 30382 0 54
395 30379 62 3 30444 3 65
562 30427 66 3 30510 17 83
128 30493 78 4 30588 17 95
351 30667 48 3 30715 0 48
866 30685 53 3 30768 30 83
79 30782 33 2 30815 0 33
81 30739 55 2 30856 62 117
641 30847 58 2 30914 9 67
857 31193 40 2 31235 2 42
808 31231 40 2 31273 2 42
295 31319 50 1 31369 0 50
540 31247 57 3 31380 76 133
982 31362 59 3 31439 18 77
391 31165 63 4 31474 246 309
163 31423 69 4 31543 51 120
799 31579 26 2 31605 0 26
19 31565 68 3 31659 26 94
403 31406 84 3 31721 231 315
643 31746 63 4 31809 0 63
464 31869 53 4 31922 0 53
823 31795 71 2 31933 67 138
738 31631 90 4 31998 277 367
259 32154 46 4 32200 0 46
379 32107 56 3 32209 46 102
559 32143 58 2 32267 66 124
892 32040 78 3 32278 160 238
916 31269 93 4 32329 967 1060
296 31850 100 3 32429 479 579
57 32538 65 3 32603 0 65
210 32647 44 2 32691 0 44
149 32654 51 2 32742 37 88
713 32692 65 2 32807 50 115
670 32814 65 4 32879 0 65
322 32880 39 4 32919 0 39
141 32899 53 3 32972 20 73
279 33025 50 3 33075 0 50
74 32996 58 2 33104 50 108
319 33044 61 3 33165 60 121
89 33189 49 2 33238 0 49
69 33212 57 4 33295 26 83
998 32883 64 2 33311 364 428
649 33350 41 3 33391 0 41
485 33396 38 2 33434 0 38
44 33418 57 2 33491 16 73
963 32691 68 1 33507 748 816
878 33536 65 1 33601 0 65
815 33597 66 4 33667 4 70
344 33704 59 4 33763 0 59
536 33576 69 3 33795 150 219
509 33817 60 2 33877 0 60
92 33004 85 4 33911 822 907
500 34218 64 2 34282 0 64
168 34711 58 4 34769 0 58
714 34785 50 4 34835 0 50
335 34708 64 4 34880 108 172
629 34712 66 2 34946 168 234
771 34989 45 4 35034 0 45
497 34982 46 2 35073 45 91
41 35028 62 3 35135 45 107
151 35025 62 2 35197 110 172
311 35204 40 4 35244 0 40
787 35300 41 3 35341 0 41
948 35037 63 2 35341 241 304
645 35383 49 1 35432 0 49
829 35035 64 3 35454 355 419
971 35523 57 3 35580 0 57
143 35541 65 3 35645 39 104
158 35723 43 4 35766 0 43
528 35676 52 1 35771 43 95
53 34970 69 3 35785 746 815
729 35823 48 2 35871 0 48
180 35788 52 4 35888 48 100
961 35939 48 2 35987 0 48
715 35878 68 4 36004 58 126
473 35297 69 3 36013 647 716
186 36009 71 3 36084 4 75
635 34915 73 3 36133 1145 1218
71 34995 78 3 36211 1138 1216
598 36309 43 2 36352 0 43
798 36278 65 4 36386 43 108
925 36350 66 4 36452 36 102
115 35011 78 2 36463 1374 1452
770 35011 84 4 36547 1452 1536
613 36628 53 2 36681 0 53
617 36560 77 3 36690 53 130
625 36212 91 4 36768 465 556
9 36943 38 3 36981 0 38
736 37217 48 3 37265 0 48
75 37169 50 3 37267 48 98
382 37116 57 4 37271 98 155
680 37303 35 4 37338 0 35
949 37095 60 3 37345 190 250
525 37157 63 3 37408 188 251
411 37410 20 2 37430 0 20
439 37365 65 3 37493 63 128
293 37084 74 2 37556 398 472
551 37625 35 1 37660 0 35
587 37622 59 1 37716 35 94
122 37482 75 4 37725 168 243
252 37753 49 2 37802 0 49
162 37038 76 1 37804 690 766
747 37829 74 2 37903 0 74
512 37955 64 2 38019 0 64
380 37234 84 4 38026 708 792
274 38057 38 2 38095 0 38
284 38056 64 4 38158 38 102
899 38161 57 4 38218 0 57
817 38245 60 4 38305 0 60
457 38245 62 3 38367 60 122
244 38395 44 3 38439 0 44
204 38389 49 4 38482 44 93
958 38195 78 4 38511 238 316
269 38617 40 2 38657 0 40
499 37786 85 3 38661 790 875
827 38763 21 2 38784 0 21
134 38713 82 3 38816 21 103
768 38163 85 3 38824 576 661
16 38053 85 3 38876 738 823
997 38883 36 3 38919 0 36
965 38966 30 2 38996 0 30
972 38879 57 4 39002 66 123
802 37622 87 4 39086 1377 1464
816 37751 87 1 39173 1335 1422
124 37075 90 4 39263 2098 2188
310 39275 78 4 39353 0 78
100 39415 41 3 39456 0 41
535 39416 47 4 39503 40 87
291 39554 20 4 39574 0 20
671 39427 71 2 39594 96 167
762 38484 91 2 39611 1036 1127
337 39718 34 2 39752 0 34
326 39743 37 2 39789 9 46
743 39696 41 4 39808 71 112
904 39709 42 1 39850 99 141
897 39641 62 2 39857 154 216
177 39893 56 3 39949 0 56
696 39861 65 4 39982 56 121
915 39996 62 4 40058 0 62
101 39693 90 2 40130 347 437
609 40139 72 2 40211 0 72
140 40231 47 4 40278 0 47
76 40312 58 1 40370 0 58
563 40375 64 2 40439 0 64
84 39773 91 2 40462 598 689
6 40563 60 1 40623 0 60
285 40656 53 2 40709 0 53
353 40631 62 3 40746 53 115
910 40750 52 4 40802 0 52
245 40655 71 4 40869 143 214
232 40952 26 2 40978 0 26
719 40906 62 2 40994 26 88
593 40900 63 2 41051 88 151
384 41093 28 3 41121 0 28
726 41066 31 4 41125 28 59
5 41173 37 4 41210 0 37
408 41227 48 4 41275 0 48
152 41257 58 4 41333 18 76
996 41234 62 4 41395 99 161
42 40903 81 4 41396 412 493
692 41460 57 4 41517 0 57
605 41563 63 3 41626 0 63
25 41436 76 4 41632 120 196
306 40695 84 4 41645 866 950
820 41654 30 2 41684 0 30
673 41674 75 3 41759 10 85
911 40640 88 4 41838 1110 1198
45 41860 28 2 41888 0 28
420 41869 71 4 41959 19 90
111 41972 42 4 42014 0 42
751 42078 38 3 42116 0 38
415 42153 50 1 42203 0 50
445 42074 52 3 42214 88 140
207 42050 53 2 42243 140 193
687 42055 57 1 42300 188 245
169 42022 63 4 42335 250 313
705 40597 93 4 42377 1687 1780
504 42397 51 4 42448 0 51
690 42402 75 2 42523 46 121
370 42583 50 3 42633 0 50
475 42595 53 2 42686 38 91
276 42598 57 4 42743 88 145
858 42578 58 1 42796 160 218
865 42532 63 4 42813 218 281
18 42856 65 3 42921 0 65
246 42649 68 4 42946 229 297
233 42978 52 2 43030 0 52
716 42683 70 3 43068 315 385
202 43170 53 2 43223 0 53
106 43112 68 4 43233 53 121
358 43247 57 4 43304 0 57
52 42721 73 3 43319 525 598
763 43376 50 4 43426 0 50
968 42926 78 1 43447 443 521
505 43488 44 3 43532 0 44
21 43532 56 2 43588 0 56
578 42405 81 4 43619 1133 1214
200 43705 47 4 43752 0 47
868 43661 61 3 43769 47 108
346 43692 62 2 43831 77 139
901 43770 74 3 43905 61 135
732 43915 39 4 43954 0 39
779 43645 79 4 44007 283 362
793 44024 31 3 44055 0 31
644 44064 43 4 44107 0 43
230 44122 44 3 44166 0 44
268 44053 48 2 44190 89 137
421 44183 53 4 44243 7 60
773 44152 64 4 44307 91 155
733 44309 67 3 44376 0 67
580 44425 24 2 44449 0 24
154 44174 68 3 44466 224 292
374 44527 56 3 44583 0 56
987 44243 71 4 44593 279 350
666 44673 51 2 44724 0 51
474 44717 60 4 44784 7 67
797 44667 60 3 44838 111 171
125 44616 67 4 44854 171 238
159 44641 71 2 44925 213 284
655 44997 42 4 45039 0 42
991 44972 47 2 45061 42 89
36 44994 52 3 45113 67 119
2 45121 49 3 45170 0 49
526 45199 56 3 45255 0 56
68 45172 65 4 45293 56 121
706 44831 80 3 45316 405 485
294 43907 81 4 45357 1369 1450
460 45387 33 2 45420 0 33
902 45425 50 3 45475 0 50
647 45372 58 4 45513 83 141
942 45557 62 3 45619 0 62
160 45404 62 2 45637 171 233
781 45498 65 3 45702 139 204
898 45736 59 2 45795 0 59
203 45720 61 3 45840 59 120
822 45878 53 2 45931 0 53
254 45960 44 3 46004 0 44
465 46028 44 4 46072 0 44
155 45942 54 4 46084 88 142
990 46013 59 1 46143 71 130
61 46085 61 2 46204 58 119
173 46218 36 3 46254 0 36
176 46190 62 2 46302 50 112
544 45904 63 2 46354 387 450
735 46410 38 4 46448 0 38
939 46399 42 3 46479 38 80
223 46061 67 3 46501 373 440
388 46569 45 3 46614 0 45
484 46577 53 4 46667 37 90
974 45979 69 2 46668 620 689
624 46068 70 2 46738 600 670
119 45947 75 2 46813 791 866
453 46830 46 2 46876 0 46
10 46886 58 4 46944 0 58
466 45814 75 1 46954 1065 1140
328 46995 52 2 47047 0 52
489 47051 49 3 47100 0 49
648 47155 45 3 47200 0 45
966 47064 61 3 47206 81 142
64 47161 62 3 47268 45 107
333 47050 63 4 47330 217 280
248 47362 59 2 47421 0 59
139 46977 70 4 47438 391 461
219 46981 71 4 47509 457 528
405 47526 49 3 47575 0 49
938 47629 53 3 47682 0 53
818 47649 55 4 47737 33 88
422 47513 70 3 47740 157 227
588 47126 74 2 47810 610 684
905 47875 33 3 47908 0 33
110 47821 64 3 47918 33 97
760 47986 47 2 48033 0 47
215 48056 33 2 48089 0 33
373 47975 49 3 48104 80 129
623 48004 53 3 48157 100 153
371 48037 62 1 48219 120 182
46 47941 73 3 48258 244 317
458 48274 60 1 48334 0 60
880 46925 76 4 48337 1336 1412
677 48430 43 2 48473 0 43
717 48434 48 2 48521 39 87
184 48436 51 4 48572 85 136
443 48387 56 4 48585 142 198
877 48653 45 3 48698 0 45
14 48677 48 4 48746 21 69
653 48754 53 2 48807 0 53
486 48691 55 2 48854 108 163
765 48596 59 3 48856 201 260
923 48412 64 4 48909 433 497
908 48781 73 3 48982 128 201
803 48394 74 2 49056 588 662
607 49105 57 4 49162 0 57
396 49122 64 4 49226 40 104
711 48572 76 2 49253 605 681
167 47712 77 1 49280 1491 1568
332 46870 78 2 49358 2410 2488
675 49363 23 3 49386 0 23
656 47650 80 4 49461 1731 1811
737 49479 44 3 49523 0 44
851 49522 51 4 49574 1 52
662 49536 71 1 49645 38 109
778 49701 44 2 49745 0 44
627 49678 53 3 49775 44 97
558 49776 43 4 49819 0 43
482 49873 38 3 49911 0 38
932 49910 42 4 49953 1 43
65 49835 55 4 49970 80 135
348 49814 66 3 50020 140 206
303 50039 40 2 50079 0 40
494 50089 54 3 50143 0 54
425 50068 63 3 50196 65 128
814 49719 69 4 50245 457 526
633 49706 69 2 50314 539 608
273 50392 53 2 50445 0 53
472 50323 75 3 50451 53 128
721 49844 80 4 50522 598 678
157 50565 48 3 50613 0 48
660 50552 56 4 50656 48 104
120 50538 59 1 50701 104 163
347 50750 56 4 50806 0 56
746 50561 71 4 50828 196 267
13 50891 48 4 50939 0 48
960 50992 34 2 51026 0 34
470 50965 55 4 51054 34 89
424 51118 62 3 51180 0 62
455 50984 64 1 51180 132 196
469 50924 68 4 51222 230 298
561 50601 78 4 51237 558 636
552 51344 30 4 51374 0 30
229 51300 47 4 51377 30 77
82 51375 52 2 51429 2 54
618 51466 61 4 51527 0 61
929 51581 49 2 51630 0 49
216 51315 66 4 51647 266 332
691 51453 66 4 51671 152 218
444 51681 54 4 51735 0 54
390 51250 66 1 51741 425 491
944 51749 57 4 51806 0 57
604 51742 58 4 51857 57 115
376 51902 41 2 51943 0 41
237 51926 44 4 51987 17 61
889 51944 60 3 52047 43 103
315 52003 70 3 52117 44 114
867 51321 72 4 52143 750 822
780 52188 65 2 52253 0 65
23 51302 75 4 52283 906 981
213 52322 39 3 52361 0 39
147 51324 75 2 52397 998 1073
521 52454 43 4 52497 0 43
368 52433 54 3 52530 43 97
871 51790 78 4 52572 704 782
537 48123 80 2 52572 4369 4449
39 52671 60 4 52731 0 60
854 52607 70 4 52737 60 130
506 52768 62 1 52830 0 62
412 52813 66 3 52896 17 83
205 46704 81 4 52911 6126 6207
129 52991 27 4 53018 0 27
983 52954 62 1 53043 27 89
513 53078 64 4 53142 0 64
872 53160 29 4 53189 0 29
980 53143 48 2 53220 29 77
468 53247 50 2 53297 0 50
450 53319 54 4 53373 0 54
264 53169 58 1 53382 155 213
557 53412 20 4 53432 0 20
78 53360 63 4 53465 42 105
839 53213 69 4 53534 252 321
62 53567 60 2 53627 0 60
156 53664 51 1 53715 0 51
710 53671 56 4 53771 44 100
988 53091 73 4 53773 609 682
620 53810 67 4 53877 0 67
812 53945 60 2 54005 0 60
981 53832 70 4 54007 105 175
397 53041 73 3 54008 894 967
148 54084 49 3 54133 0 49
951 54204 42 4 54246 0 42
517 54168 45 2 54255 42 87
608 54066 68 3 54270 136 204
398 53772 78 2 54290 440 518
256 54294 45 2 54339 0 45
161 54310 55 4 54394 29 84
542 54415 75 1 54490 0 75
11 52366 81 3 54503 2056 2137
941 54541 32 4 54573 0 32
806 54525 61 3 54618 32 93
703 54539 81 3 54699 79 160
728 54734 46 3 54780 0 46
483 54788 68 2 54856 0 68
362 48511 81 2 54872 6280 6361
518 43162 82 4 54919 11675 11757
630 53364 82 4 54977 1531 1613
571 55099 40 2 55139 0 40
354 55041 72 3 55153 40 112
414 55207 53 4 55260 0 53
409 55226 59 3 55319 34 93
40 55033 78 4 55335 224 302
611 55401 23 3 55424 0 23
255 55362 53 4 55438 23 76
49 55441 43 3 55484 0 43
985 55510 24 2 55534 0 24
831 55516 48 2 55582 18 66
478 55419 56 2 55609 134 190
438 55628 47 4 55675 0 47
66 55369 57 3 55713 287 344
547 55722 61 4 55783 0 61
727 55429 65 4 55839 345 410
222 55847 45 1 55892 0 45
323 55857 59 4 55951 35 94
926 56034 51 4 56085 0 51
845 55404 65 1 56124 655 720
824 55714 65 1 56124 345 410
410 56165 47 4 56212 0 47
209 55959 66 4 56237 212 278
964 56314 38 3 56352 0 38
107 56269 66 4 56373 38 104
17 56079 67 1 56408 262 329
707 55665 68 4 56476 743 811
133 56499 40 4 56539 0 40
665 56549 70 4 56619 0 70
22 55447 71 2 56657 1139 1210
309 56681 56 4 56737 0 56
153 56827 61 3 56888 0 61
548 56923 41 4 56964 0 41
393 56903 45 1 56989 41 86
667 56842 62 3 57036 132 194
189 56960 73 3 57109 76 149
579 56184 76 4 57147 887 963
699 56410 76 4 57147 661 737
754 57226 30 3 57256 0 30
236 57256 67 4 57323 0 67
90 57343 50 4 57393 0 50
919 57373 57 3 57450 20 77
595 57192 68 4 57464 204 272
744 56918 77 4 57496 501 578
88 57065 78 3 57574 431 509
975 57677 38 4 57715 0 38
772 57704 61 3 57776 11 72
752 50131 82 3 57795 7582 7664
392 50615 82 3 57796 7099 7181
976 57802 61 1 57863 0 61
286 57854 78 2 57941 9 87
266 57995 67 3 58062 0 67
722 58010 75 2 58137 52 127
356 58021 76 4 58213 116 192
903 58214 73 4 58287 0 73
277 55904 82 3 58301 2315 2397
263 58317 63 1 58380 0 63
121 57860 82 3 58411 469 551
999 58605 34 3 58639 0 34
206 58601 64 3 58699 34 98
488 58560 68 4 58754 126 194
188 58686 68 4 58794 40 108
855 49847 82 2 58809 8880 8962
383 50441 82 2 58809 8286 8368
591 58842 54 3 58896 0 54
769 58817 70 3 58941 54 124
917 58922 76 2 59017 19 95
603 59072 55 4 59127 0 55
394 48152 83 4 59147 10912 10995
848 59162 46 2 59208 0 46
694 59219 42 2 59261 0 42
893 59149 51 4 59288 88 139
927 59314 47 4 59361 0 47
612 59398 20 3 59418 0 20
804 59380 23 4 59423 20 43
272 59408 51 3 59474 15 66
136 59274 65 2 59494 155 220
30 59156 67 4 59561 338 405
661 59628 53 4 59681 0 53
33 59190 68 4 59682 424 492
34 59766 40 4 59806 0 40
511 59789 49 3 59855 17 66
8 59825 56 3 59911 30 86
936 59821 58 3 59969 90 148
240 59940 61 1 60030 29 90
862 60064 40 3 60104 0 40
973 60038 49 1 60127 40 89
496 60172 36 4 60208 0 36
275 60238 43 3 60281 0 43
116 60216 52 3 60311 43 95
658 60052 53 2 60319 214 267
201 60351 30 2 60381 0 30
652 60206 53 2 60394 135 188
146 60124 55 3 60449 270 325
828 60216 63 2 60512 233 296
38 60560 52 4 60612 0 52
602 60362 67 3 60631 202 269
864 59715 67 1 60639 857 924
933 60682 62 2 60744 0 62
437 59691 69 4 60746 986 1055
197 59413 70 3 60807 1324 1394
378 59930 70 2 60877 877 947
20 60901 37 4 60938 0 37
67 60947 55 2 61002 0 55
508 59886 74 4 61043 1083 1157
809 61065 57 2 61122 0 57
300 60081 76 4 61176 1019 1095
764 61237 56 3 61293 0 56
626 61186 69 4 61311 56 125
292 61239 69 3 61380 72 141
807 61323 73 3 61453 57 130
172 61462 34 4 61496 0 34
524 61465 41 3 61537 31 72
456 61265 74 3 61602 263 337
695 59287 76 3 61668 2305 2381
843 61691 37 2 61728 0 37
407 61710 39 2 61767 18 57
434 61835 44 2 61879 0 44
931 61822 58 4 61924 44 102
225 61973 43 3 62016 0 43
546 61816 65 3 62026 145 210
501 59716 78 3 62032 2238 2316
55 62052 20 4 62072 0 20
377 62051 48 2 62119 20 68
224 62081 67 3 62186 38 105
381 62179 68 3 62254 7 75
853 59689 82 2 62317 2546 2628
433 62419 34 3 62453 0 34
150 62387 38 3 62459 34 72
767 62487 28 2 62515 0 28
430 62403 61 3 62548 84 145
463 55211 83 3 62559 7265 7348
105 62643 20 4 62663 0 20
492 62568 77 4 62665 20 97
1000 62688 70 2 62758 0 70
886 55350 83 2 62809 7376 7459
83 47752 84 4 62893 15057 15141
688 62957 39 2 62996 0 39
32 62915 71 4 63025 39 110
228 63088 53 1 63141 0 53
900 63185 50 3 63235 0 50
834 63084 74 4 63261 103 177
788 63383 40 3 63423 0 40
570 63401 43 4 63466 22 65
967 63347 44 4 63474 83 127
801 63507 49 4 63556 0 49
135 63428 54 3 63577 95 149
575 63592 57 4 63649 0 57
282 63538 62 4 63696 96 158
720 63606 66 4 63762 90 156
313 63429 67 3 63829 333 400
178 63835 33 4 63868 0 33
487 63523 74 3 63936 339 413
970 58110 84 3 63937 5743 5827
730 48246 84 3 63937 15607 15691
896 63970 38 4 64008 0 38
413 64010 40 3 64050 0 40
281 62197 85 4 64100 1818 1903
26 64168 66 4 64234 0 66
943 64251 36 4 64287 0 36
825 64273 67 4 64354 14 81
7 64227 68 2 64405 110 178
218 64424 58 2 64482 0 58
247 64501 51 4 64552 0 51
301 64269 71 3 64585 245 316
859 64719 45 4 64764 0 45
37 64720 51 3 64815 44 95
447 64781 52 4 64867 34 86
164 64667 57 2 64872 148 205
221 64971 27 4 64998 0 27
56 65022 57 2 65079 0 57
849 64995 68 3 65123 60 128
365 65152 50 4 65202 0 50
560 65282 49 2 65331 0 49
852 65247 60 1 65356 49 109
195 65141 66 3 65366 159 225
638 65378 30 2 65408 0 30
366 65399 47 2 65455 9 56
193 65401 70 3 65525 54 124
953 64929 76 3 65529 524 600
226 64657 79 4 65541 805 884
418 65549 32 4 65581 0 32
759 65605 51 2 65656 0 51
80 65691 39 4 65730 0 39
533 65681 43 3 65763 39 82
841 65720 47 4 65810 43 90
302 65789 53 3 65863 21 74
24 65604 62 1 65899 233 295
1 65942 51 4 65993 0 51
304 65856 78 1 66028 94 172
881 66062 62 4 66124 0 62
576 66223 60 3 66283 0 60
95 66156 68 4 66284 60 128
131 66044 70 1 66304 190 260
844 66332 55 4 66387 0 55
742 65480 79 3 66391 832 911
784 66443 37 4 66480 0 37
884 66426 73 3 66536 37 110
43 66554 62 2 66616 0 62
850 66660 44 3 66704 0 44
590 66654 48 4 66746 44 92
446 66724 70 3 66816 22 92
96 66872 40 2 66912 0 40
307 66793 75 3 66931 63 138
599 66605 80 2 66973 288 368
679 64662 81 4 67001 2258 2339
113 64159 83 4 67003 2761 2844
921 67038 47 4 67085 0 47
569 64132 87 4 67110 2891 2978
316 53880 87 2 67252 13285 13372
992 43220 87 2 67252 23945 24032
477 67338 40 2 67378 0 40
181 67482 60 4 67542 0 60
583 67557 43 1 67600 0 43
12 67510 61 3 67646 75 136
325 67592 72 4 67718 54 126
479 67734 55 2 67789 0 55
749 67798 69 1 67867 0 69
709 67903 61 2 67964 0 61
757 68074 29 2 68103 0 29
341 68146 46 3 68192 0 46
171 68097 52 4 68201 52 104
196 68038 64 3 68229 127 191
774 68218 65 3 68294 11 76
777 67973 67 4 68296 256 323
724 67783 75 3 68317 459 534
510 68380 58 4 68438 0 58
657 68414 58 3 68496 24 82
35 68341 67 2 68524 116 183
340 68452 72 3 68596 72 144
15 68407 74 3 68670 189 263
740 68699 44 4 68743 0 44
995 68383 75 3 68789 331 406
668 68833 63 2 68896 0 63
870 68431 76 3 68928 421 497
614 68873 76 1 69004 55 131
640 67670 77 1 69041 1294 1371
114 69108 53 2 69161 0 53
459 69078 55 1 69186 53 108
265 69250 54 2 69304 0 54
879 69281 65 4 69369 23 88
568 69224 66 4 69469 179 245
243 69230 66 4 69475 179 245
994 69448 68 3 69543 27 95
786 68804 81 3 69549 664 745
567 68705 85 3 69634 844 929
581 48570 88 4 69708 21050 21138
451 59841 88 4 69708 9779 9867
920 62036 88 4 69708 7584 7672
3 69805 57 4 69862 0 57
305 69884 45 2 69929 0 45
385 69975 50 4 70025 0 50
700 68731 88 3 70035 1216 1304
863 43985 88 3 70036 25963 26051
739 47560 88 2 70124 22476 22564
775 57828 90 4 70214 12296 12386
441 70230 39 2 70269 0 39
109 70345 63 2 70408 0 63
338 43607 92 4 70408 26709 26801
63 63006 93 3 70501 7402 7495
211 70548 72 3 70620 0 72
794 70730 76 3 70806 0 76
372 70665 86 4 70827 76 162
885 55723 96 4 70831 15012 15108
112 70922 45 3 70967 0 45
940 54383 96 2 70972 16493 16589
887 70983 58 4 71041 0 58
400 71074 46 4 71120 0 46
935 71176 49 4 71225 0 49
639 71154 50 4 71253 49 99
682 71215 59 4 71312 38 97
686 71386 64 4 71450 0 64
564 71351 68 2 71483 64 132
522 71524 62 2 71586 0 62
185 71385 69 4 71614 160 229
31 71616 50 3 71666 0 50
689 71634 74 4 71740 32 106
261 71108 75 3 71740 557 632
634 71802 52 4 71854 0 52
566 71876 46 3 71922 0 46
956 71924 45 4 71969 0 45
175 71934 46 3 72015 35 81
364 71859 56 4 72052 137 193
399 71805 63 3 72110 242 305
288 71793 68 4 72169 308 376
144 71182 78 1 72194 934 1012
856 72250 48 2 72298 0 48
93 72331 49 4 72380 0 49
894 72268 60 2 72407 79 139
922 72286 61 2 72468 121 182
330 72449 66 4 72534 19 85
891 72589 50 3 72639 0 50
955 72564 60 4 72674 50 110
543 72452 74 4 72718 192 266
402 46981 97 4 72810 25732 25829
978 59736 97 4 72812 12979 13076
753 66314 99 2 72911 6498 6597
187 72964 58 2 73022 0 58
389 73047 56 4 73103 0 56
755 72969 68 3 73146 109 177
327 73007 87 2 73233 139 226
800 73238 56 1 73294 0 56
363 73387 63 3 73450 0 63
375 73368 67 4 73498 63 130
490 73531 43 3 73574 0 43
914 73536 54 3 73628 38 92
342 66171 100 4 73663 7392 7492
601 43168 100 4 73663 30395 30495
59 73684 58 3 73742 0 58
616 53293 100 3 73920 20527 20627
249 71275 100 3 73921 2546 2646
594 73969 83 3 74052 0 83
589 47668 100 2 74104 26336 26436
989 74204 66 3 74270 0 66
179 74282 80 2 74362 0 80
672 74521 55 3 74576 0 55
701 74665 62 2 74727 0 62
756 74622 65 2 74749 62 127
954 74754 44 4 74798 0 44
842 74558 68 4 74815 189 257
957 74554 70 4 74885 261 331
555 74965 50 2 75015 0 50
697 74910 84 4 75044 50 134
835 74579 100 2 75119 440 540
260 75136 26 2 75162 0 26
538 75210 50 4 75260 0 50
217 75299 30 2 75329 0 30
838 75284 55 2 75369 30 85
471 75388 88 3 75476 0 88
790 75590 86 4 75676 0 86
165 75746 82 2 75828 0 82
685 75856 66 3 75922 0 66
183 75927 50 2 75977 0 50
91 75992 48 3 76040 0 48
280 76066 54 4 76120 0 54
350 76130 38 1 76168 0 38
758 76081 70 4 76228 77 147
270 75996 71 4 76273 206 277
190 76286 65 4 76351 0 65
684 76566 55 2 76621 0 55
622 76829 49 4 76878 0 49
212 76926 63 4 76989 0 63
913 77013 26 4 77039 0 26
631 76960 74 4 77089 55 129
359 77262 52 3 77314 0 52
830 77251 53 3 77356 52 105
502 77193 83 4 77381 105 188
70 77382 44 2 77426 0 44
495 77489 75 2 77564 0 75
907 77381 91 3 77591 119 210
534 77723 65 4 77788 0 65
238 77660 85 3 77810 65 150
331 77950 78 3 78028 0 78
702 78208 39 1 78247 0 39
909 78164 57 4 78260 39 96
847 78167 59 2 78319 93 152
832 78152 85 3 78392 155 240
290 78170 90 2 78482 222 312
674 78602 76 4 78678 0 76
906 78711 64 3 78775 0 64
977 79095 55 1 79150 0 55
582 79200 47 3 79247 0 47
924 79266 29 2 79295 0 29
278 79208 54 3 79330 68 122
577 79299 59 3 79389 31 90
386 79322 63 4 79452 67 130
876 79300 67 4 79519 152 219
198 79564 59 4 79623 0 59
791 79382 75 4 79653 196 271
318 79773 42 3 79815 0 42
103 79891 38 4 79929 0 38
448 79990 78 4 80068 0 78
126 80364 85 1 80449 0 85
481 80481 30 2 80511 0 30
979 81134 40 2 81174 0 40
846 81177 72 3 81249 0 72
355 81112 73 3 81297 112 185
321 81454 54 4 81508 0 54
401 81379 100 1 81533 54 154
572 81583 24 3 81607 0 24
761 81751 46 4 81797 0 46
435 81822 48 4 81870 0 48
837 81785 91 3 81936 60 151
776 82516 43 3 82559 0 43
299 82501 84 3 82628 43 127
507 82913 51 3 82964 0 51
615 83304 81 2 83385 0 81
890 83450 58 2 83508 0 58
833 83557 91 3 83648 0 91
73 83683 56 3 83739 0 56
29 83959 64 2 84023 0 64
170 84117 64 3 84181 0 64
432 84300 43 4 84343 0 43
621 84961 29 1 84990 0 29
934 85022 76 3 85098 0 76
461 85967 68 4 86035 0 68
895 87020 61 1 87081 0 61
676 87139 58 2 87197 0 58
174 87500 63 3 87563 0 63
821 87684 65 1 87749 0 65
532 87642 88 4 87795 65 153
214 88229 67 4 88296 0 67
28 88255 82 3 88378 41 123
102 88400 81 4 88481 0 81
440 89148 59 4 89207 0 59
4 89291 45 3 89336 0 45
308 89711 78 1 89789 0 78
946 89994 49 3 90043 0 49
406 90450 66 3 90516 0 66
235 90808 87 4 90895 0 87
118 90934 55 2 90989 0 55
541 91099 68 4 91167 0 68
545 91180 45 4 91225 0 45
712 91068 73 4 91254 113 186
429 91329 39 4 91368 0 39
58 92872 75 1 92947 0 75
142 93987 67 3 94054 0 67
723 94487 54 4 94541 0 54
423 94692 58 3 94750 0 58
681 94726 63 2 94813 24 87
334 95295 20 4 95315 0 20
750 96253 75 3 96328 0 75
789 96461 47 4 96508 0 47
586 98889 60 3 98949 0 60
357 99659 78 3 99737 0 78
166 99815 62 4 99877 0 62
253 100000 45 4 100045 0 45
50 100000 51 4 100096 45 96
918 100000 52 3 100148 96 148
257 100000 58 2 100206 148 206
427 100000 68 4 100274 206 274
725 100000 88 4 100362 274 362
