100192 1000 107 62
700 0 25 4 50 25 50
136 0 25 4 50 25 50
852 0 30 4 80 50 80
61 0 38 2 118 80 118
70 0 43 4 161 118 161
295 182 22 1 204 0 22
616 0 55 1 238 183 238
212 0 60 2 298 238 298
205 0 65 2 363 298 363
240 899 72 1 971 0 72
442 1199 69 4 1268 0 69
438 1335 31 4 1366 0 31
207 3217 39 2 3256 0 39
326 3798 61 4 3859 0 61
894 5631 77 3 5708 0 77
195 5716 46 2 5762 0 46
178 6991 41 4 7032 0 41
423 9649 52 4 9701 0 52
234 9919 26 3 9945 0 26
44 9934 43 4 9988 11 54
900 10856 52 4 10908 0 52
121 11481 84 3 11565 0 84
233 11676 22 2 11698 0 22
3 11822 82 2 11904 0 82
921 11974 40 2 12014 0 40
137 12060 91 3 12151 0 91
388 12735 35 3 12770 0 35
671 12830 51 3 12881 0 51
394 13337 21 2 13358 0 21
581 13417 31 3 13448 0 31
199 13788 45 4 13833 0 45
372 13733 57 4 13835 45 102
871 14071 20 2 14091 0 20
239 14099 36 3 14135 0 36
674 14801 49 3 14850 0 49
46 14854 32 2 14886 0 32
278 14974 48 4 15022 0 48
548 15054 64 2 15118 0 64
280 15179 53 3 15232 0 53
729 15375 48 4 15423 0 48
898 15696 33 4 15729 0 33
158 16001 54 2 16055 0 54
361 16068 27 4 16095 0 27
844 16213 52 4 16265 0 52
65 16566 50 3 16616 0 50
771 16507 76 2 16633 50 126
899 16819 32 2 16851 0 32
353 16829 53 2 16904 22 75
684 17101 50 4 17151 0 50
291 17233 29 2 17262 0 29
791 17269 20 2 17289 0 20
192 17196 78 4 17323 49 127
762 17412 21 4 17433 0 21
925 17371 84 4 17476 21 105
633 17629 50 4 17679 0 50
834 17724 26 1 17750 0 26
191 17681 98 4 17805 26 124
498 18000 50 3 18050 0 50
761 18091 77 3 18168 0 77
522 18184 52 3 18236 0 52
978 18339 50 2 18389 0 50
322 18285 66 2 18401 50 116
339 18202 85 2 18437 150 235
659 18615 23 2 18638 0 23
775 19009 57 4 19066 0 57
323 19286 68 4 19354 0 68
642 19738 34 4 19772 0 34
337 19779 23 4 19802 0 23
258 19906 43 3 19949 0 43
757 20010 31 2 20041 0 31
383 20037 49 4 20090 4 53
827 20368 36 3 20404 0 36
739 20725 71 3 20796 0 71
354 20843 22 2 20865 0 22
754 21040 31 2 21071 0 31
920 21003 52 3 21086 31 83
206 21013 61 3 21147 73 134
165 21152 35 4 21187 0 35
1000 21174 50 4 21237 13 63
380 21022 64 2 21296 210 274
813 21324 89 3 21413 0 89
759 21587 40 3 21627 0 40
782 21839 42 2 21881 0 42
712 22026 27 2 22053 0 27
767 21970 64 3 22061 27 91
400 22145 50 1 22195 0 50
564 22238 45 3 22283 0 45
816 22216 52 3 22313 45 97
296 22142 67 3 22356 147 214
931 22367 24 4 22391 0 24
214 22366 78 1 22468 24 102
451 22477 26 3 22503 0 26
320 23148 37 1 23185 0 37
709 23258 38 3 23296 0 38
721 23351 50 3 23401 0 50
366 23284 66 1 23412 62 128
645 23247 74 2 23475 154 228
26 23484 36 4 23520 0 36
966 23505 36 2 23556 15 51
90 23667 45 4 23712 0 45
67 23892 57 3 23949 0 57
88 23848 84 3 23989 57 141
444 24051 59 3 24110 0 59
967 24141 31 1 24172 0 31
622 24135 34 2 24200 31 65
13 24117 45 4 24227 65 110
805 24277 42 4 24319 0 42
587 24314 63 4 24382 5 68
94 24423 50 4 24473 0 50
431 24492 26 4 24518 0 26
298 24397 82 1 24555 76 158
525 24592 39 2 24631 0 39
228 24634 41 3 24675 0 41
854 24778 34 4 24812 0 34
572 24894 70 3 24964 0 70
133 24984 44 2 25028 0 44
259 25534 30 4 25564 0 30
553 25659 21 4 25680 0 21
358 25671 38 3 25718 9 47
879 25675 40 3 25758 43 83
509 25700 62 4 25820 58 120
678 25852 73 4 25925 0 73
661 25944 27 4 25971 0 27
19 26006 89 3 26095 0 89
197 26126 47 2 26173 0 47
130 26222 48 4 26270 0 48
607 26117 59 1 26271 95 154
495 26332 34 3 26366 0 34
268 26314 49 4 26397 34 83
640 26793 28 2 26821 0 28
248 26837 30 4 26867 0 30
947 26869 24 4 26893 0 24
149 26925 45 3 26970 0 45
131 26880 54 3 26992 58 112
424 26834 72 2 27059 153 225
896 27090 47 3 27137 0 47
408 26925 74 3 27180 181 255
122 27230 68 4 27298 0 68
669 27096 89 1 27337 152 241
643 27482 64 4 27546 0 64
792 27529 87 2 27633 17 104
331 27750 23 3 27773 0 23
699 27819 22 3 27841 0 22
21 27905 38 3 27943 0 38
668 27844 61 2 27943 38 99
232 27951 42 3 27993 0 42
343 28010 39 1 28049 0 39
389 28071 70 4 28141 0 70
824 28169 35 1 28204 0 35
749 28274 45 4 28319 0 45
954 28174 83 4 28332 75 158
154 28442 22 4 28464 0 22
392 28377 84 1 28483 22 106
346 28517 59 3 28576 0 59
467 28742 47 2 28789 0 47
285 28718 61 3 28826 47 108
648 28850 24 4 28874 0 24
602 28876 28 3 28904 0 28
478 29006 31 3 29037 0 31
654 28970 43 4 29044 31 74
922 29119 38 1 29157 0 38
187 29418 41 2 29459 0 41
927 29501 70 4 29571 0 70
55 29433 72 3 29601 96 168
151 29749 51 4 29800 0 51
229 29832 25 4 29857 0 25
725 29963 47 3 30010 0 47
174 29973 48 1 30058 37 85
97 30059 26 3 30085 0 26
412 30076 36 2 30121 9 45
949 30244 59 4 30303 0 59
188 30337 42 4 30379 0 42
533 30397 22 2 30419 0 22
601 30463 21 3 30484 0 21
838 30429 52 3 30502 21 73
455 30561 22 4 30583 0 22
727 30746 21 4 30767 0 21
881 30729 44 1 30794 21 65
996 30805 74 3 30879 0 74
686 31108 57 4 31165 0 57
976 31289 43 4 31332 0 43
972 31439 59 3 31498 0 59
936 31587 31 4 31618 0 31
692 31645 36 3 31681 0 36
449 31915 51 4 31966 0 51
483 31856 64 2 31971 51 115
596 32010 44 3 32054 0 44
254 32036 54 1 32108 18 72
649 31849 74 1 32136 213 287
52 32196 80 2 32276 0 80
637 32286 47 3 32333 0 47
574 32365 74 4 32439 0 74
865 32508 24 4 32532 0 24
182 32566 21 3 32587 0 21
304 32573 22 2 32609 14 36
230 32719 62 1 32781 0 62
84 32897 58 4 32955 0 58
440 33033 47 4 33080 0 47
515 33089 26 2 33115 0 26
944 33097 30 3 33145 18 48
631 33060 48 3 33184 76 124
717 33210 23 2 33233 0 23
385 33037 63 3 33270 170 233
937 33219 84 2 33354 51 135
685 33451 23 2 33474 0 23
437 33430 54 4 33507 23 77
299 33682 43 3 33725 0 43
327 33739 48 4 33787 0 48
16 33791 58 3 33849 0 58
265 33942 40 4 33982 0 40
663 34063 21 3 34084 0 21
565 34088 27 4 34115 0 27
836 34127 24 3 34151 0 24
504 34321 23 4 34344 0 23
770 34288 65 3 34376 23 88
419 34242 67 2 34397 88 155
422 34666 44 2 34710 0 44
347 34763 20 4 34783 0 20
959 34839 22 3 34861 0 22
903 34888 24 3 34912 0 24
276 34971 32 2 35003 0 32
845 34888 65 1 35009 56 121
682 34852 69 2 35051 130 199
93 34775 78 3 35073 220 298
80 35129 28 4 35157 0 28
371 35217 45 4 35262 0 45
363 35247 55 4 35317 15 70
665 35319 46 1 35365 0 46
595 35420 29 4 35449 0 29
839 35512 23 2 35535 0 23
317 35600 31 2 35631 0 31
217 35714 30 2 35744 0 30
524 35802 23 4 35825 0 23
539 35846 27 2 35873 0 27
808 35852 37 3 35910 21 58
223 35942 42 1 35984 0 42
588 36016 28 1 36044 0 28
175 36029 33 2 36077 15 48
448 35973 48 3 36093 72 120
349 35814 61 3 36101 226 287
348 36103 34 2 36137 0 34
906 36148 34 4 36182 0 34
707 36296 29 4 36325 0 29
886 36275 48 4 36352 29 77
840 36376 64 3 36440 0 64
436 36663 44 3 36707 0 44
957 36761 22 2 36783 0 22
530 36752 59 4 36833 22 81
991 36845 29 4 36874 0 29
905 36836 45 1 36910 29 74
540 36911 76 3 36987 0 76
537 37028 20 4 37048 0 20
140 37001 33 4 37054 20 53
224 37088 28 3 37116 0 28
970 37103 42 3 37158 13 55
738 37171 31 4 37202 0 31
330 37206 66 4 37272 0 66
528 37082 75 3 37324 167 242
514 37337 27 3 37364 0 27
884 36980 80 3 37389 329 409
469 37412 33 4 37445 0 33
463 37586 22 4 37608 0 22
758 37738 44 4 37782 0 44
735 37798 31 3 37829 0 31
58 37796 37 3 37864 31 68
718 37868 30 2 37898 0 30
819 37913 37 2 37950 0 37
547 37797 52 4 37983 134 186
632 37782 63 4 38032 187 250
732 38237 72 1 38309 0 72
306 38364 24 4 38388 0 24
218 38385 46 3 38434 3 49
885 38440 24 3 38464 0 24
817 38305 75 2 38478 98 173
744 38394 78 3 38556 84 162
823 38732 48 4 38780 0 48
940 38828 25 1 38853 0 25
889 38842 27 4 38880 11 38
378 38910 51 4 38961 0 51
272 39006 42 1 39048 0 42
873 38987 44 3 39073 42 86
517 39117 33 4 39150 0 33
935 39039 51 4 39157 67 118
170 39087 70 4 39227 70 140
802 38884 81 3 39256 291 372
185 39426 26 2 39452 0 26
742 39540 43 4 39583 0 43
211 39479 79 1 39601 43 122
256 39687 32 1 39719 0 32
760 39635 62 2 39729 32 94
734 39534 90 3 39785 161 251
38 39793 70 3 39863 0 70
748 39976 31 3 40007 0 31
658 39968 35 4 40034 31 66
803 40036 37 1 40073 0 37
965 39995 61 4 40132 76 137
670 40137 35 2 40172 0 35
407 40149 46 3 40218 23 69
249 40254 22 2 40276 0 22
2 40220 43 3 40285 22 65
435 40293 39 1 40332 0 39
901 40167 53 4 40375 155 208
851 40440 34 3 40474 0 34
173 40393 50 2 40477 34 84
20 40494 24 3 40518 0 24
877 40553 43 3 40596 0 43
697 40529 44 2 40616 43 87
915 40406 55 4 40643 182 237
54 40222 56 3 40681 403 459
208 40744 23 3 40767 0 23
862 40744 29 4 40796 23 52
611 40739 46 3 40837 52 98
635 40745 46 1 40883 92 138
479 40240 62 4 40887 585 647
51 40946 41 1 40987 0 41
489 40970 44 3 41031 17 61
427 40964 47 3 41078 67 114
580 40200 62 2 41081 819 881
119 41085 42 1 41127 0 42
260 41130 36 2 41166 0 36
315 41258 24 4 41282 0 24
604 41217 41 3 41282 24 65
145 41222 51 3 41333 60 111
484 40656 64 3 41339 619 683
929 40021 65 2 41399 1313 1378
476 41434 26 4 41460 0 26
277 40353 70 3 41495 1072 1142
932 41498 52 4 41550 0 52
379 41574 20 4 41594 0 20
314 41590 32 2 41626 4 36
787 41565 40 3 41657 52 92
78 41662 27 4 41689 0 27
737 41733 30 3 41763 0 30
253 41727 36 3 41793 30 66
562 41013 78 2 41810 719 797
128 41877 38 4 41915 0 38
494 41859 38 2 41935 38 76
867 41889 62 2 41997 46 108
77 42013 24 3 42037 0 24
252 42071 89 4 42160 0 89
421 42208 70 4 42278 0 70
270 42383 25 4 42408 0 25
430 42461 32 2 42493 0 32
166 42545 22 2 42567 0 22
473 42545 25 3 42592 22 47
335 42580 61 3 42653 12 73
290 42658 27 4 42685 0 27
812 42690 71 4 42761 0 71
667 42765 40 4 42805 0 40
99 42812 49 4 42861 0 49
696 42813 63 2 42924 48 111
502 42957 21 2 42978 0 21
690 42880 89 4 43034 65 154
420 43116 39 3 43155 0 39
990 43185 21 4 43206 0 21
50 43102 56 4 43218 60 116
653 43223 30 3 43253 0 30
866 43242 32 3 43285 11 43
492 43327 21 4 43348 0 21
552 43202 58 4 43359 99 157
507 43411 25 3 43436 0 25
497 43415 33 2 43469 21 54
35 43268 72 2 43489 149 221
859 43528 23 3 43551 0 23
569 43535 23 2 43574 16 39
403 43605 23 3 43628 0 23
705 43563 39 4 43636 34 73
850 43658 31 3 43689 0 31
694 43704 45 3 43749 0 45
146 43763 65 3 43828 0 65
364 43527 70 1 43846 249 319
895 43850 65 3 43915 0 65
255 43917 25 4 43942 0 25
764 43966 24 1 43990 0 24
977 43443 88 1 44010 479 567
168 44030 22 3 44052 0 22
92 44075 31 4 44106 0 31
843 44244 26 3 44270 0 26
157 44253 29 3 44299 17 46
300 44348 27 3 44375 0 27
45 44289 62 3 44388 37 99
390 44442 42 3 44484 0 42
941 44407 44 2 44493 42 86
511 44554 28 1 44582 0 28
750 44594 30 2 44624 0 30
818 44487 79 3 44630 64 143
943 44659 43 1 44702 0 43
875 44524 92 1 44765 149 241
302 44979 22 4 45001 0 22
666 44965 24 4 45011 22 46
608 44981 38 4 45049 30 68
826 44932 50 3 45066 84 134
883 45131 21 4 45152 0 21
219 45095 43 4 45159 21 64
599 44930 58 4 45186 198 256
76 45206 36 2 45242 0 36
541 45203 47 4 45286 36 83
41 45289 22 1 45311 0 22
104 45342 56 1 45398 0 56
215 45560 41 3 45601 0 41
755 45606 64 2 45670 0 64
344 45781 44 4 45825 0 44
381 45907 23 4 45930 0 23
556 46097 52 3 46149 0 52
620 46234 39 3 46273 0 39
861 46193 47 3 46279 39 86
312 46292 26 4 46318 0 26
373 46289 54 3 46369 26 80
618 46179 54 2 46399 166 220
220 46411 81 4 46492 0 81
171 46531 33 3 46564 0 33
981 46508 57 3 46598 33 90
753 46715 55 2 46770 0 55
359 46804 23 3 46827 0 23
23 46856 21 2 46877 0 21
720 46835 24 4 46880 21 45
853 46847 43 3 46923 33 76
114 46781 52 4 46944 111 163
912 46692 57 2 46967 218 275
623 47011 37 4 47048 0 37
743 46993 50 3 47080 37 87
75 46925 63 2 47117 129 192
387 47165 37 3 47202 0 37
570 46936 69 3 47223 218 287
29 47270 36 2 47306 0 36
913 47240 56 3 47332 36 92
247 47397 46 4 47443 0 46
549 47381 50 3 47477 46 96
434 47495 21 4 47516 0 21
193 47509 22 4 47538 7 29
395 47564 33 1 47597 0 33
952 47511 45 3 47616 60 105
983 47670 28 2 47698 0 28
677 47649 30 2 47707 28 58
924 47366 52 4 47731 313 365
543 47732 25 4 47757 0 25
458 47474 52 4 47770 244 296
710 47800 53 3 47853 0 53
814 47811 56 3 47909 42 98
307 46737 81 4 47964 1146 1227
695 47979 28 2 48007 0 28
186 47984 29 2 48036 23 52
53 48017 62 2 48098 19 81
369 47342 81 4 48109 686 767
245 47825 84 4 48193 284 368
908 48246 35 3 48281 0 35
568 46984 87 2 48315 1244 1331
512 48352 25 2 48377 0 25
745 48420 20 3 48440 0 20
790 48440 53 2 48493 0 53
499 48505 34 4 48539 0 34
496 48522 46 2 48585 17 63
250 48611 42 4 48653 0 42
382 48585 52 4 48679 42 94
869 48370 67 4 48691 254 321
454 48719 41 3 48760 0 41
273 48777 29 4 48806 0 29
993 47893 98 3 48822 831 929
848 48964 31 3 49006 11 42
916 49026 29 3 49055 0 29
100 48984 31 3 49055 40 71
529 48997 33 4 49088 58 91
141 49103 20 4 49123 0 20
471 49117 20 3 49143 6 26
406 49126 24 2 49167 17 41
164 48945 45 4 49178 188 233
951 49233 20 4 49253 0 20
181 48979 57 2 49255 219 276
621 49289 30 2 49319 0 30
627 49292 32 2 49351 27 59
519 49383 23 2 49406 0 23
731 49383 26 4 49432 23 49
554 49292 37 2 49437 108 145
713 49432 66 2 49503 5 71
961 49566 26 3 49592 0 26
647 49563 44 3 49633 26 70
139 49453 76 4 49649 120 196
310 49674 27 3 49701 0 27
774 49720 26 1 49746 0 26
615 49764 22 2 49786 0 22
605 49751 26 3 49799 22 48
619 49805 45 4 49850 0 45
630 49880 48 3 49928 0 48
177 49728 53 3 49940 159 212
39 50022 38 4 50060 0 38
804 50063 21 4 50084 0 21
683 50144 35 4 50179 0 35
57 50188 27 1 50215 0 27
108 50221 38 4 50259 0 38
457 50206 59 4 50312 47 106
902 50389 27 2 50416 0 27
566 50418 33 3 50451 0 33
402 50364 42 2 50466 60 102
998 50508 47 4 50555 0 47
81 50563 29 4 50592 0 29
634 50578 52 2 50644 14 66
409 50417 54 2 50648 177 231
129 50277 61 3 50657 319 380
176 50662 52 3 50714 0 52
672 50756 39 4 50795 0 39
849 50728 53 2 50820 39 92
351 50821 35 4 50856 0 35
987 50878 21 2 50899 0 21
660 50896 26 4 50925 3 29
313 50979 23 3 51002 0 23
79 50952 48 1 51023 23 71
161 51047 35 4 51082 0 35
510 51078 43 1 51125 4 47
795 50985 53 4 51154 116 169
472 51164 51 3 51215 0 51
415 51219 53 3 51272 0 53
578 50954 55 2 51313 304 359
86 51317 43 2 51360 0 43
882 51377 26 2 51403 0 26
155 51267 60 4 51442 115 175
919 51490 28 4 51518 0 28
950 51497 32 3 51550 21 53
856 51491 48 4 51598 59 107
897 50965 64 3 51614 585 649
995 51629 36 3 51665 0 36
152 51708 28 4 51736 0 28
401 51737 22 3 51759 0 22
159 51698 31 3 51779 50 81
786 51633 39 3 51785 113 152
711 51716 52 4 51837 69 121
85 51847 36 3 51883 0 36
251 51815 59 4 51932 58 117
763 51141 67 4 51984 776 843
342 52022 30 4 52052 0 30
657 52066 33 3 52099 0 33
636 52152 30 4 52182 0 30
275 52109 54 1 52193 30 84
18 51230 69 3 52200 901 970
305 52245 20 3 52265 0 20
765 51491 74 1 52294 729 803
443 52290 75 4 52369 4 79
521 50595 76 3 52384 1713 1789
4 52429 25 3 52454 0 25
115 51480 76 3 52477 921 997
874 52508 33 4 52541 0 33
460 52516 47 3 52588 25 72
287 52578 54 4 52642 10 64
583 52503 57 4 52694 134 191
934 51184 81 1 52749 1484 1565
24 52781 28 3 52809 0 28
190 51108 83 4 52860 1669 1752
286 52915 37 2 52952 0 37
855 52199 85 2 52982 698 783
561 53085 49 4 53134 0 49
579 53040 63 3 53152 49 112
857 53168 50 4 53218 0 50
911 53204 61 2 53279 14 75
459 53287 51 1 53338 0 51
169 53112 71 2 53385 202 273
780 53418 28 3 53446 0 28
560 53456 36 4 53492 0 36
64 53514 25 2 53539 0 25
244 53404 66 4 53559 89 155
196 53491 70 2 53629 68 138
821 53636 22 3 53658 0 22
14 53705 28 2 53733 0 28
606 53483 78 4 53757 196 274
626 53791 58 3 53849 0 58
822 53794 77 4 53926 55 132
163 53953 40 3 53993 0 40
311 54003 39 1 54042 0 39
960 54005 42 4 54084 37 79
95 54058 50 4 54134 26 76
868 54147 27 2 54174 0 27
63 53956 70 4 54221 195 265
118 53361 80 1 54221 780 860
837 54266 25 3 54291 0 25
221 54233 44 4 54302 25 69
384 53646 83 2 54373 644 727
486 54386 32 1 54418 0 32
741 50640 93 4 54440 3707 3800
673 54494 29 3 54523 0 29
982 54531 44 2 54575 0 44
693 54617 59 4 54676 0 59
747 54558 65 3 54699 76 141
688 54746 24 3 54770 0 24
138 54708 64 2 54796 24 88
542 54836 54 2 54890 0 54
518 54484 82 2 54905 339 421
612 54942 23 4 54965 0 23
365 54967 31 1 54998 0 31
571 55031 26 4 55057 0 26
464 55017 31 2 55074 26 57
266 54975 40 4 55095 80 120
878 55133 39 3 55172 0 39
316 55047 61 3 55195 87 148
203 55202 28 3 55230 0 28
892 55208 30 2 55260 22 52
474 55218 58 4 55318 42 100
31 55172 90 4 55401 139 229
153 51811 94 3 55412 3507 3601
106 55432 33 3 55465 0 33
246 54363 95 3 55540 1082 1177
610 55579 20 4 55599 0 20
405 55623 37 4 55660 0 37
500 55624 43 2 55703 36 79
465 55708 24 4 55742 10 34
321 55722 24 4 55756 10 34
597 55705 28 3 55781 48 76
452 55580 62 3 55817 175 237
831 55848 24 4 55872 0 24
36 55919 35 4 55954 0 35
324 55891 51 4 55977 35 86
261 55925 55 3 56087 107 162
25 55977 55 3 56087 55 110
505 55632 69 1 56106 405 474
12 56147 29 4 56176 0 29
638 56260 72 3 56332 0 72
56 56398 29 4 56427 0 29
289 56386 36 3 56451 29 65
22 56527 28 1 56555 0 28
708 56489 38 3 56555 28 66
470 56445 73 4 56590 72 145
124 56245 81 4 56602 276 357
948 56620 37 3 56657 0 37
772 56706 30 1 56736 0 30
235 56681 65 3 56776 30 95
147 56778 28 2 56806 0 28
485 56651 72 3 56852 129 201
433 56807 73 4 56925 45 118
876 56969 51 2 57020 0 51
27 57102 30 3 57132 0 30
117 57142 44 3 57186 0 44
391 57058 70 2 57202 74 144
194 56970 79 3 57243 194 273
82 57318 23 3 57341 0 23
274 57356 29 4 57385 0 29
520 57422 22 3 57444 0 22
73 57395 29 2 57446 22 51
103 57390 39 4 57480 51 90
6 57478 45 4 57525 2 47
979 57559 28 4 57587 0 28
870 57533 35 2 57596 28 63
968 57606 38 2 57644 0 38
835 57628 52 4 57696 16 68
493 57723 38 2 57761 0 38
628 57751 40 4 57801 10 50
918 57802 44 3 57846 0 44
42 57850 55 2 57905 0 55
768 57357 62 4 57912 493 555
797 57755 65 4 57977 157 222
150 57976 89 2 58066 1 90
425 58140 25 2 58165 0 25
222 58175 29 3 58204 0 29
532 58146 66 3 58260 48 114
281 58378 29 3 58407 0 29
999 58376 47 4 58452 29 76
241 58342 48 1 58466 76 124
462 58493 29 4 58522 0 29
651 58403 51 2 58546 92 143
28 58565 21 2 58586 0 21
475 58580 36 3 58622 6 42
887 58683 20 2 58703 0 20
30 58723 38 3 58761 0 38
49 58667 47 3 58772 58 105
33 58773 38 2 58811 0 38
872 58623 52 2 58818 143 195
575 58774 53 4 58871 44 97
801 58433 56 1 58907 418 474
112 58936 40 1 58976 0 40
516 59006 54 4 59060 0 54
810 58802 74 2 59075 199 273
715 59098 49 4 59147 0 49
526 59215 45 4 59260 0 45
809 59275 33 4 59308 0 33
788 59185 57 2 59320 78 135
590 59337 37 4 59374 0 37
594 59327 44 2 59408 37 81
545 59274 66 4 59467 127 193
706 59514 33 2 59547 0 33
332 59529 34 4 59581 18 52
681 59173 71 4 59593 349 420
183 59600 38 4 59638 0 38
7 59170 73 4 59701 458 531
523 58778 76 1 59731 877 953
689 59788 45 4 59833 0 45
841 59771 59 3 59875 45 104
236 59876 35 2 59911 0 35
746 59934 49 4 59983 0 49
964 59450 83 4 60002 469 552
582 60032 20 2 60052 0 20
559 60029 32 1 60081 20 52
68 60024 41 3 60117 52 93
910 60099 49 4 60166 18 67
162 59648 88 3 60232 496 584
832 60290 58 4 60348 0 58
842 60282 64 4 60404 58 122
352 60443 34 4 60477 0 34
160 59278 91 3 60479 1110 1201
830 60515 37 1 60552 0 37
675 60724 24 4 60748 0 24
189 60725 34 2 60782 23 57
701 60809 53 3 60862 0 53
994 61003 68 3 61071 0 68
204 61073 37 2 61110 0 37
974 61134 27 4 61161 0 27
413 61177 26 3 61203 0 26
946 61217 24 3 61241 0 24
127 61257 36 3 61293 0 36
923 61294 23 4 61317 0 23
904 61169 40 4 61318 109 149
294 61345 26 4 61371 0 26
410 61249 42 3 61386 95 137
172 61294 66 3 61452 92 158
555 61486 42 4 61528 0 42
501 61462 46 3 61550 42 88
815 61599 24 4 61623 0 24
404 61613 57 4 61680 10 67
156 61526 60 4 61691 105 165
396 61126 69 3 61734 539 608
301 61755 24 4 61779 0 24
639 61803 24 2 61827 0 24
714 61785 57 3 61866 24 81
971 61282 70 3 61909 557 627
551 61947 32 4 61979 0 32
563 62039 21 2 62060 0 21
481 62024 35 4 62080 21 56
105 61968 58 3 62093 67 125
328 62054 60 3 62153 39 99
933 62072 67 4 62220 81 148
584 61766 71 3 62253 416 487
269 62294 47 3 62341 0 47
143 62363 34 4 62397 0 34
96 61810 76 4 62423 537 613
1 62472 42 2 62527 13 55
350 62536 37 4 62573 0 37
890 62501 42 2 62593 50 92
468 62430 50 3 62601 121 171
225 62619 36 2 62655 0 36
148 62692 38 4 62730 0 38
864 62377 76 4 62731 278 354
319 62749 33 2 62782 0 33
144 62735 37 4 62805 33 70
411 62856 21 2 62877 0 21
703 62644 77 3 62899 178 255
776 62949 24 4 62973 0 24
113 62919 30 2 62973 24 54
825 62999 24 3 63023 0 24
62 62989 36 1 63049 24 60
891 62922 40 4 63073 111 151
362 63130 46 4 63176 0 46
988 62771 77 2 63176 328 405
416 62848 92 4 63268 328 420
126 63314 21 2 63335 0 21
135 63304 42 3 63367 21 63
47 63409 36 4 63445 0 36
71 63382 59 4 63477 36 95
702 63440 71 3 63548 37 108
807 63687 44 4 63731 0 44
417 63728 58 1 63789 3 61
368 63828 33 1 63861 0 33
985 63714 66 2 63888 108 174
418 63999 24 3 64023 0 24
110 64076 29 1 64105 0 29
544 64036 55 3 64120 29 84
928 64109 63 3 64183 11 74
184 64199 66 1 64265 0 66
167 64308 20 3 64328 0 20
777 64276 34 3 64330 20 54
284 64343 64 2 64407 0 64
89 64471 21 3 64492 0 21
799 64345 68 2 64496 83 151
288 64563 32 4 64595 0 32
309 64623 26 4 64649 0 26
783 64682 27 4 64709 0 27
60 64571 81 4 64729 77 158
546 65010 48 4 65058 0 48
37 64946 79 3 65073 48 127
142 65146 40 3 65186 0 40
360 65195 46 4 65241 0 46
938 65352 59 4 65411 0 59
506 65423 49 4 65472 0 49
123 65331 62 1 65501 108 170
428 65769 74 4 65843 0 74
942 65872 46 4 65918 0 46
909 65950 24 4 65974 0 24
917 66011 24 3 66035 0 24
374 66020 27 1 66062 15 42
356 65951 41 2 66066 74 115
333 66090 57 4 66147 0 57
87 66190 29 2 66219 0 29
798 66166 36 3 66231 29 65
8 66251 28 2 66279 0 28
793 66228 52 4 66311 31 83
958 66379 24 2 66403 0 24
779 66350 61 2 66435 24 85
992 66142 69 2 66446 235 304
216 66500 26 4 66526 0 26
613 66472 32 3 66530 26 58
34 66534 24 2 66558 0 24
446 66572 33 2 66605 0 33
376 66496 36 1 66623 91 127
109 66595 42 4 66665 28 70
527 66098 77 4 66716 541 618
650 66738 22 1 66760 0 22
719 66743 26 2 66786 17 43
213 66941 22 3 66963 0 22
132 66958 56 4 67019 5 61
769 67151 31 4 67182 0 31
267 67167 41 2 67223 15 56
538 67309 63 4 67372 0 63
461 67377 34 1 67411 0 34
955 67439 22 1 67461 0 22
59 67387 35 2 67468 46 81
609 67652 33 1 67685 0 33
680 67789 28 4 67817 0 28
227 67766 35 4 67829 28 63
536 67827 51 4 67880 2 53
414 67912 42 4 67954 0 42
789 67996 31 2 68027 0 31
655 67896 73 4 68042 73 146
794 68056 26 4 68082 0 26
989 68245 49 3 68294 0 49
120 68315 46 4 68361 0 46
577 68238 72 1 68405 95 167
292 68241 85 4 68490 164 249
963 68548 38 3 68586 0 38
730 68615 28 3 68643 0 28
728 68784 71 3 68855 0 71
833 68704 81 3 68856 71 152
262 68975 29 3 69004 0 29
550 69104 72 4 69176 0 72
984 69023 84 2 69179 72 156
679 69290 33 4 69323 0 33
600 69318 52 3 69375 5 57
242 69412 22 3 69434 0 22
491 69454 60 4 69514 0 60
398 69532 90 2 69622 0 90
664 69778 45 3 69823 0 45
179 69787 50 4 69873 36 86
907 69928 30 3 69958 0 30
863 69868 68 2 69971 35 103
800 69984 58 4 70042 0 58
125 70102 24 4 70126 0 24
341 69979 67 1 70128 82 149
336 70202 38 3 70240 0 38
751 70175 42 2 70255 38 80
340 70264 24 4 70288 0 24
102 70015 84 2 70316 217 301
740 70339 28 2 70367 0 28
202 70352 61 4 70428 15 76
283 70318 70 1 70477 89 159
17 70591 52 4 70643 0 52
716 70686 30 3 70716 0 30
591 70680 63 3 70773 30 93
263 70825 22 4 70847 0 22
107 70789 66 2 70877 22 88
617 70881 28 2 70909 0 28
829 70936 59 1 70995 0 59
386 71011 30 3 71041 0 30
726 71085 33 4 71118 0 33
318 71000 63 4 71126 63 126
329 71145 25 2 71170 0 25
766 71587 67 4 71654 0 67
201 71723 36 2 71759 0 36
271 71683 43 4 71762 36 79
257 72048 62 2 72110 0 62
860 72194 24 3 72218 0 24
756 72099 84 3 72218 35 119
687 72351 23 4 72374 0 23
778 72395 43 4 72438 0 43
535 72561 29 4 72590 0 29
198 72529 32 1 72590 29 61
573 72631 32 2 72663 0 32
806 72595 78 3 72705 32 110
98 72797 44 2 72841 0 44
598 72860 28 3 72888 0 28
297 72877 78 3 72966 11 89
585 72984 35 4 73019 0 35
439 73045 37 3 73082 0 37
375 73097 83 3 73180 0 83
66 73312 32 2 73344 0 32
629 73549 32 4 73581 0 32
180 73618 24 4 73642 0 24
888 73541 55 4 73652 56 111
603 73670 70 4 73740 0 70
969 73743 61 2 73804 0 61
134 73709 81 3 73882 92 173
15 74010 62 3 74072 0 62
698 74151 53 4 74204 0 53
567 74492 46 1 74538 0 46
83 74561 27 3 74588 0 27
445 74595 21 2 74616 0 21
74 74567 45 2 74654 42 87
243 74715 22 4 74737 0 22
722 75023 56 2 75079 0 56
592 75348 23 2 75371 0 23
111 75337 53 1 75413 23 76
589 75361 83 2 75496 52 135
781 75524 23 1 75547 0 23
736 75577 54 3 75631 0 54
303 75858 41 3 75899 0 41
209 75900 23 2 75923 0 23
456 75915 35 2 75958 8 43
210 76011 48 3 76059 0 48
956 76012 80 2 76139 47 127
116 76290 43 4 76333 0 43
980 76377 45 1 76422 0 45
986 76306 78 3 76456 72 150
704 76222 88 4 76476 166 254
480 76525 25 3 76550 0 25
231 76743 54 2 76797 0 54
237 76854 54 4 76908 0 54
656 76845 76 2 76975 54 130
662 77041 24 4 77065 0 24
953 77244 36 2 77280 0 36
377 77240 44 2 77320 36 80
796 77188 75 3 77343 80 155
200 77350 32 3 77382 0 32
724 77460 43 1 77503 0 43
820 77444 85 1 77572 43 128
945 77681 49 3 77730 0 49
926 77772 20 4 77792 0 20
367 77791 21 2 77813 1 22
325 77698 61 3 77832 73 134
466 77870 24 2 77894 0 24
733 77950 23 3 77973 0 23
586 77971 29 3 78002 2 31
973 78343 35 1 78378 0 35
975 78639 77 2 78716 0 77
477 79032 37 4 79069 0 37
593 79192 29 2 79221 0 29
399 79317 57 1 79374 0 57
487 79376 50 4 79426 0 50
72 79453 33 3 79486 0 33
624 79520 24 4 79544 0 24
846 79358 68 1 79549 123 191
939 79634 23 3 79657 0 23
858 79606 49 4 79678 23 72
426 80089 23 1 80112 0 23
43 80691 52 1 80743 0 52
773 80823 29 4 80852 0 29
508 81502 67 4 81569 0 67
513 81527 67 2 81636 42 109
226 81774 36 4 81810 0 36
101 81838 43 2 81881 0 43
91 82020 70 3 82090 0 70
930 82293 41 3 82334 0 41
893 82357 39 1 82396 0 39
279 83005 29 4 83034 0 29
238 83035 48 4 83083 0 48
393 83264 21 3 83285 0 21
644 84107 45 4 84152 0 45
641 84417 28 3 84445 0 28
441 84508 25 3 84533 0 25
264 85011 21 3 85032 0 21
334 85087 30 2 85117 0 30
490 85166 78 3 85244 0 78
914 85253 42 2 85295 0 42
9 85478 28 1 85506 0 28
534 85998 30 3 86028 0 30
576 86421 20 3 86441 0 20
785 86426 29 3 86470 15 44
357 86938 40 2 86978 0 40
429 87454 33 2 87487 0 33
503 87677 29 4 87706 0 29
828 88290 61 3 88351 0 61
282 88546 61 3 88607 0 61
338 89122 21 2 89143 0 21
450 89163 41 3 89204 0 41
293 89243 27 1 89270 0 27
614 90147 42 4 90189 0 42
997 90232 20 4 90252 0 20
723 90439 59 3 90498 0 59
370 90866 36 2 90902 0 36
355 91032 53 1 91085 0 53
652 91295 26 3 91321 0 26
5 91317 79 2 91400 4 83
676 91639 44 1 91683 0 44
784 91916 49 4 91965 0 49
962 91974 44 3 92018 0 44
488 92298 32 2 92330 0 32
345 92448 26 3 92474 0 26
557 92511 69 2 92580 0 69
558 92628 25 1 92653 0 25
752 92822 48 4 92870 0 48
40 93325 25 3 93350 0 25
308 93651 51 3 93702 0 51
847 93915 28 4 93943 0 28
482 94586 78 4 94664 0 78
646 94795 57 2 94852 0 57
48 95010 26 4 95036 0 26
625 95275 34 2 95309 0 34
32 95604 44 4 95648 0 44
531 96026 72 1 96098 0 72
11 96448 21 4 96469 0 21
397 96499 80 4 96579 0 80
880 96954 22 4 96976 0 22
432 97890 63 4 97953 0 63
69 99579 29 3 99608 0 29
453 100000 30 4 100030 0 30
447 100000 34 2 100064 30 64
691 100000 37 3 100101 64 101
10 100000 45 3 100146 101 146
811 100000 46 2 100192 146 192
