100362 1000 863 803
840 0 27 1 27 0 27
585 0 49 3 76 27 76
404 0 38 4 114 76 114
449 0 69 4 183 114 183
428 0 45 1 228 183 228
108 539 24 3 563 0 24
345 1247 61 3 1308 0 61
360 2043 48 3 2091 0 48
659 2296 62 4 2358 0 62
99 2479 36 4 2515 0 36
805 3289 52 4 3341 0 52
869 3529 39 1 3568 0 39
262 4088 56 4 4144 0 56
912 4709 59 4 4768 0 59
873 4825 55 2 4880 0 55
267 5499 71 3 5570 0 71
387 6207 70 4 6277 0 70
339 6279 56 4 6335 0 56
231 6508 64 2 6572 0 64
251 6632 55 4 6687 0 55
123 6940 67 1 7007 0 67
945 8170 47 3 8217 0 47
137 8492 72 4 8564 0 72
462 8671 50 2 8721 0 50
704 8972 75 3 9047 0 75
947 9211 33 4 9244 0 33
369 9316 64 4 9380 0 64
875 9464 51 4 9515 0 51
60 9795 70 2 9865 0 70
442 10420 76 4 10496 0 76
77 10431 22 4 10519 66 88
826 11262 53 3 11315 0 53
650 11563 61 4 11624 0 61
792 11917 45 1 11962 0 45
271 12121 80 4 12201 0 80
117 12350 76 4 12426 0 76
883 12413 76 4 12503 14 90
683 12486 62 4 12566 18 80
574 12632 45 3 12677 0 45
969 12947 75 3 13022 0 75
550 13181 63 1 13244 0 63
520 13439 69 2 13508 0 69
352 13480 60 3 13569 29 89
748 13607 62 4 13669 0 62
632 13626 44 2 13714 44 88
220 13860 38 4 13898 0 38
596 14222 60 4 14282 0 60
565 14501 47 1 14548 0 47
297 14991 46 4 15037 0 46
678 15154 20 2 15174 0 20
959 15552 57 3 15609 0 57
194 15702 62 2 15764 0 62
87 15707 54 4 15819 58 112
554 15744 38 3 15857 75 113
888 15912 65 4 15977 0 65
861 16223 68 4 16291 0 68
529 16273 48 3 16340 19 67
47 16284 33 4 16373 56 89
258 17049 56 4 17105 0 56
208 17361 60 4 17421 0 60
642 18684 80 3 18764 0 80
731 19173 56 4 19229 0 56
239 19375 47 4 19422 0 47
498 19532 47 4 19579 0 47
314 20075 72 4 20147 0 72
952 20207 66 2 20273 0 66
637 20291 90 1 20381 0 90
610 20365 68 4 20450 17 85
416 20367 53 2 20503 83 136
329 20371 69 2 20572 132 201
928 20421 54 4 20627 152 206
130 20605 61 3 20689 23 84
813 20699 74 2 20773 0 74
367 21285 36 2 21321 0 36
636 21678 52 2 21730 0 52
250 21776 60 2 21836 0 60
796 21832 31 4 21868 5 36
795 21857 68 2 21937 12 80
745 22616 35 2 22651 0 35
138 22646 79 3 22731 6 85
782 22751 75 2 22826 0 75
454 22790 33 4 22860 37 70
693 22821 66 3 22926 39 105
606 22982 55 4 23037 0 55
85 23099 58 3 23157 0 58
531 23313 37 4 23350 0 37
94 23448 44 3 23492 0 44
708 23556 62 4 23618 0 62
993 23562 35 2 23654 57 92
600 23594 58 3 23712 60 118
519 23633 58 3 23771 80 138
539 23779 64 4 23843 0 64
950 23796 54 4 23898 48 102
317 23822 88 4 23986 76 164
298 23953 39 3 24026 34 73
104 24106 47 4 24153 0 47
426 24123 53 3 24207 31 84
669 24193 54 3 24262 15 69
930 24200 38 3 24300 62 100
628 24233 52 2 24353 68 120
283 24320 67 2 24421 34 101
417 24511 60 1 24571 0 60
242 24590 76 1 24666 0 76
241 24639 67 2 24734 28 95
227 24758 20 1 24778 0 20
199 25027 53 3 25080 0 53
523 25048 63 3 25144 33 96
287 25091 69 4 25214 54 123
986 25175 68 4 25283 40 108
234 25209 60 1 25343 74 134
97 25309 73 3 25417 35 108
718 25328 51 3 25468 89 140
663 25419 42 3 25511 50 92
783 25619 57 4 25676 0 57
476 25623 70 2 25747 54 124
431 25739 43 2 25791 9 52
436 25742 35 3 25826 49 84
191 25808 68 4 25895 19 87
27 26066 30 4 26096 0 30
573 26087 50 3 26147 10 60
192 26088 64 4 26211 59 123
785 26170 51 3 26263 42 93
452 26179 48 4 26311 84 132
646 26209 30 4 26341 102 132
651 26229 37 3 26379 113 150
182 26344 62 2 26442 36 98
549 26380 62 3 26504 62 124
766 26383 72 4 26577 122 194
491 26484 66 4 26643 93 159
419 26570 55 4 26699 74 129
343 26607 79 4 26778 92 171
54 26715 30 3 26809 64 94
984 26765 62 1 26871 44 106
553 26866 75 3 26947 6 81
860 26999 54 4 27053 0 54
584 27023 62 4 27116 31 93
515 27095 51 3 27168 22 73
349 27218 65 4 27283 0 65
145 27275 75 1 27359 9 84
324 27323 87 2 27447 37 124
98 27344 35 4 27482 103 138
527 27350 76 2 27558 132 208
836 27354 56 2 27614 204 260
493 27368 55 2 27670 247 302
698 27498 66 3 27736 172 238
530 27628 75 3 27812 109 184
467 27660 35 3 27847 152 187
741 27727 50 3 27897 120 170
556 27772 62 4 27960 126 188
962 27818 67 4 28027 142 209
597 27950 69 3 28097 78 147
86 28050 65 3 28163 48 113
516 28076 66 2 28229 87 153
874 28122 30 4 28260 108 138
811 28200 62 4 28322 60 122
734 28213 66 3 28388 109 175
336 28220 83 1 28471 168 251
480 28253 80 4 28552 219 299
937 28267 52 3 28604 285 337
132 28429 35 3 28639 175 210
312 28688 70 3 28758 0 70
664 28854 51 3 28905 0 51
592 28973 54 4 29027 0 54
810 29146 52 3 29198 0 52
289 29184 24 4 29223 15 39
127 29456 54 2 29510 0 54
514 29600 68 4 29668 0 68
72 29634 70 3 29739 35 105
51 29750 70 4 29820 0 70
882 29870 53 4 29923 0 53
48 29954 39 4 29993 0 39
361 30037 39 4 30076 0 39
619 30041 62 4 30139 36 98
819 30128 20 1 30160 12 32
320 30135 26 2 30186 25 51
654 30232 88 4 30320 0 88
503 30328 54 4 30382 0 54
395 30379 62 3 30445 4 66
562 30427 66 3 30512 19 85
128 30493 78 4 30591 20 98
351 30667 48 3 30715 0 48
866 30685 53 3 30769 31 84
81 30739 55 2 30825 31 86
79 30782 33 2 30859 44 77
641 30847 58 2 30918 13 71
391 31165 63 4 31228 0 63
857 31193 40 2 31269 36 76
808 31231 40 2 31310 39 79
540 31247 57 3 31367 63 120
916 31269 93 4 31460 98 191
295 31319 50 1 31511 142 192
982 31362 59 3 31570 149 208
403 31406 84 3 31654 164 248
163 31423 69 4 31723 231 300
19 31565 68 3 31792 159 227
799 31579 26 2 31818 213 239
738 31631 90 4 31908 187 277
643 31746 63 4 31972 163 226
823 31795 71 2 32043 177 248
296 31850 100 3 32143 193 293
464 31869 53 4 32196 274 327
892 32040 78 3 32275 157 235
379 32107 56 3 32331 168 224
559 32143 58 2 32389 188 246
259 32154 46 4 32435 235 281
57 32538 65 3 32603 0 65
210 32647 44 2 32691 0 44
149 32654 51 2 32743 38 89
963 32691 68 1 32811 52 120
713 32692 65 2 32876 119 184
670 32814 65 4 32942 63 128
322 32880 39 4 32982 63 102
998 32883 64 2 33046 99 163
141 32899 53 3 33099 147 200
74 32996 58 2 33158 104 162
92 33004 85 4 33243 154 239
279 33025 50 3 33293 218 268
319 33044 61 3 33354 249 310
89 33189 49 2 33404 166 215
69 33212 57 4 33461 192 249
649 33350 41 3 33502 111 152
485 33396 38 2 33541 107 145
44 33418 57 2 33598 123 180
878 33536 65 1 33664 63 128
536 33576 69 3 33733 88 157
815 33597 66 4 33799 136 202
344 33704 59 4 33859 96 155
509 33817 60 2 33920 43 103
500 34218 64 2 34282 0 64
335 34708 64 4 34772 0 64
168 34711 58 4 34831 62 120
629 34712 66 2 34897 119 185
714 34785 50 4 34948 113 163
635 34915 73 3 35022 34 107
53 34970 69 3 35092 53 122
497 34982 46 2 35138 110 156
771 34989 45 4 35183 149 194
71 34995 78 3 35261 188 266
115 35011 78 2 35339 250 328
770 35011 84 4 35423 328 412
151 35025 62 2 35486 399 461
41 35028 62 3 35548 458 520
829 35035 64 3 35612 513 577
948 35037 63 2 35675 575 638
311 35204 40 4 35715 471 511
473 35297 69 3 35784 418 487
787 35300 41 3 35825 484 525
645 35383 49 1 35874 442 491
971 35523 57 3 35932 352 409
143 35541 65 3 35997 391 456
528 35676 52 1 36049 321 373
158 35723 43 4 36092 326 369
180 35788 52 4 36144 304 356
729 35823 48 2 36192 321 369
715 35878 68 4 36261 315 383
961 35939 48 2 36309 322 370
186 36009 71 3 36380 300 371
625 36212 91 4 36472 169 260
798 36278 65 4 36537 194 259
598 36309 43 2 36580 228 271
925 36350 66 4 36646 230 296
617 36560 77 3 36724 87 164
613 36628 53 2 36777 96 149
9 36943 38 3 36981 0 38
162 37038 76 1 37114 0 76
124 37075 90 4 37205 40 130
293 37084 74 2 37279 121 195
949 37095 60 3 37339 184 244
382 37116 57 4 37397 224 281
525 37157 63 3 37460 240 303
75 37169 50 3 37510 291 341
736 37217 48 3 37558 293 341
380 37234 84 4 37642 324 408
680 37303 35 4 37677 339 374
439 37365 65 3 37743 313 378
411 37410 20 2 37763 333 353
122 37482 75 4 37838 281 356
587 37622 59 1 37897 216 275
802 37622 87 4 37984 275 362
551 37625 35 1 38019 359 394
816 37751 87 1 38107 269 356
252 37753 49 2 38156 354 403
499 37786 85 3 38241 370 455
747 37829 74 2 38315 412 486
512 37955 64 2 38379 360 424
16 38053 85 3 38465 327 412
284 38056 64 4 38529 409 473
274 38057 38 2 38567 472 510
899 38161 57 4 38624 406 463
768 38163 85 3 38709 461 546
958 38195 78 4 38787 514 592
457 38245 62 3 38849 542 604
817 38245 60 4 38909 604 664
204 38389 49 4 38959 521 570
244 38395 44 3 39003 564 608
762 38484 91 2 39094 519 610
269 38617 40 2 39134 477 517
134 38713 82 3 39216 421 503
827 38763 21 2 39237 453 474
972 38879 57 4 39294 358 415
997 38883 36 3 39330 411 447
965 38966 30 2 39361 365 395
310 39275 78 4 39439 86 164
100 39415 41 3 39481 25 66
535 39416 47 4 39528 65 112
671 39427 71 2 39599 101 172
291 39554 20 4 39620 46 66
897 39641 62 2 39703 0 62
101 39693 90 2 39794 11 101
743 39696 41 4 39835 98 139
904 39709 42 1 39878 127 169
337 39718 34 2 39912 160 194
326 39743 37 2 39949 169 206
84 39773 91 2 40040 176 267
696 39861 65 4 40106 180 245
177 39893 56 3 40162 213 269
915 39996 62 4 40224 166 228
609 40139 72 2 40297 86 158
140 40231 47 4 40345 67 114
76 40312 58 1 40404 34 92
563 40375 64 2 40469 30 94
6 40563 60 1 40623 0 60
705 40597 93 4 40717 27 120
353 40631 62 3 40780 87 149
911 40640 88 4 40868 140 228
245 40655 71 4 40939 213 284
285 40656 53 2 40992 283 336
306 40695 84 4 41076 297 381
910 40750 52 4 41129 327 379
593 40900 63 2 41192 229 292
42 40903 81 4 41273 289 370
719 40906 62 2 41335 367 429
232 40952 26 2 41361 383 409
726 41066 31 4 41392 295 326
384 41093 28 3 41421 300 328
5 41173 37 4 41458 248 285
408 41227 48 4 41506 231 279
996 41234 62 4 41568 272 334
152 41257 58 4 41626 311 369
25 41436 76 4 41703 191 267
692 41460 57 4 41760 243 300
605 41563 63 3 41823 197 260
820 41654 30 2 41854 170 200
673 41674 75 3 41929 180 255
45 41860 28 2 41958 70 98
420 41869 71 4 42029 89 160
111 41972 42 4 42072 58 100
169 42022 63 4 42135 50 113
207 42050 53 2 42189 86 139
687 42055 57 1 42246 134 191
445 42074 52 3 42298 172 224
751 42078 38 3 42336 220 258
415 42153 50 1 42387 184 234
504 42397 51 4 42448 0 51
690 42402 75 2 42524 47 122
578 42405 81 4 42605 119 200
865 42532 63 4 42669 74 137
858 42578 58 1 42727 91 149
370 42583 50 3 42777 144 194
475 42595 53 2 42830 182 235
276 42598 57 4 42887 232 289
246 42649 68 4 42956 239 307
716 42683 70 3 43026 273 343
52 42721 73 3 43099 305 378
18 42856 65 3 43164 243 308
968 42926 78 1 43243 239 317
233 42978 52 2 43295 265 317
106 43112 68 4 43363 183 251
518 43162 82 4 43445 201 283
601 43168 100 4 43546 278 378
202 43170 53 2 43599 376 429
992 43220 87 2 43686 379 466
358 43247 57 4 43743 439 496
763 43376 50 4 43793 367 417
505 43488 44 3 43838 306 350
21 43532 56 2 43894 306 362
338 43607 92 4 43986 287 379
779 43645 79 4 44065 341 420
868 43661 61 3 44126 404 465
346 43692 62 2 44188 434 496
200 43705 47 4 44235 483 530
901 43770 74 3 44309 465 539
294 43907 81 4 44391 403 484
732 43915 39 4 44430 476 515
863 43985 88 3 44518 445 533
793 44024 31 3 44549 494 525
268 44053 48 2 44597 496 544
644 44064 43 4 44640 533 576
230 44122 44 3 44684 518 562
773 44152 64 4 44748 532 596
154 44174 68 3 44816 574 642
421 44183 53 4 44869 633 686
987 44243 71 4 44940 626 697
733 44309 67 3 45007 631 698
580 44425 24 2 45032 583 607
374 44527 56 3 45088 505 561
125 44616 67 4 45155 472 539
159 44641 71 2 45226 514 585
797 44667 60 3 45286 559 619
666 44673 51 2 45337 613 664
474 44717 60 4 45397 620 680
706 44831 80 3 45477 566 646
991 44972 47 2 45524 505 552
36 44994 52 3 45576 530 582
655 44997 42 4 45618 579 621
2 45121 49 3 45668 498 547
68 45172 65 4 45733 496 561
526 45199 56 3 45789 534 590
647 45372 58 4 45847 417 475
460 45387 33 2 45880 460 493
160 45404 62 2 45942 476 538
902 45425 50 3 45992 517 567
781 45498 65 3 46057 494 559
942 45557 62 3 46119 500 562
203 45720 61 3 46181 400 461
898 45736 59 2 46240 445 504
466 45814 75 1 46315 426 501
822 45878 53 2 46368 437 490
544 45904 63 2 46431 464 527
155 45942 54 4 46485 489 543
119 45947 75 2 46560 538 613
254 45960 44 3 46604 600 644
974 45979 69 2 46673 625 694
990 46013 59 1 46732 660 719
465 46028 44 4 46776 704 748
223 46061 67 3 46843 715 782
624 46068 70 2 46913 775 845
61 46085 61 2 46974 828 889
176 46190 62 2 47037 785 847
173 46218 36 3 47073 819 855
939 46399 42 3 47115 674 716
735 46410 38 4 47153 705 743
388 46569 45 3 47198 584 629
484 46577 53 4 47251 621 674
205 46704 81 4 47332 547 628
453 46830 46 2 47378 502 548
332 46870 78 2 47456 508 586
10 46886 58 4 47514 570 628
880 46925 76 4 47590 589 665
139 46977 70 4 47661 614 684
219 46981 71 4 47732 680 751
402 46981 97 4 47829 751 848
328 46995 52 2 47881 834 886
333 47050 63 4 47944 831 894
489 47051 49 3 47993 893 942
966 47064 61 3 48054 929 990
588 47126 74 2 48128 928 1002
648 47155 45 3 48173 973 1018
64 47161 62 3 48235 1012 1074
248 47362 59 2 48294 873 932
422 47513 70 3 48364 781 851
405 47526 49 3 48413 838 887
739 47560 88 2 48501 853 941
938 47629 53 3 48555 873 926
818 47649 55 4 48610 906 961
656 47650 80 4 48690 960 1040
589 47668 100 2 48790 1022 1122
167 47712 77 1 48867 1078 1155
83 47752 84 4 48951 1115 1199
110 47821 64 3 49015 1130 1194
905 47875 33 3 49048 1140 1173
46 47941 73 3 49121 1107 1180
373 47975 49 3 49170 1146 1195
760 47986 47 2 49217 1184 1231
623 48004 53 3 49270 1213 1266
371 48037 62 1 49332 1233 1295
215 48056 33 2 49365 1276 1309
537 48123 80 2 49445 1242 1322
394 48152 83 4 49528 1293 1376
730 48246 84 3 49612 1282 1366
458 48274 60 1 49672 1338 1398
443 48387 56 4 49728 1285 1341
803 48394 74 2 49802 1334 1408
923 48412 64 4 49866 1390 1454
677 48430 43 2 49909 1436 1479
717 48434 48 2 49957 1475 1523
184 48436 51 4 50008 1521 1572
362 48511 81 2 50090 1498 1579
581 48570 88 4 50178 1520 1608
711 48572 76 2 50254 1606 1682
765 48596 59 3 50313 1658 1717
877 48653 45 3 50358 1660 1705
14 48677 48 4 50406 1681 1729
486 48691 55 2 50461 1715 1770
653 48754 53 2 50514 1707 1760
908 48781 73 3 50587 1733 1806
607 49105 57 4 50644 1482 1539
396 49122 64 4 50708 1522 1586
675 49363 23 3 50731 1345 1368
737 49479 44 3 50775 1252 1296
851 49522 51 4 50826 1253 1304
662 49536 71 1 50897 1290 1361
627 49678 53 3 50950 1219 1272
778 49701 44 2 50994 1249 1293
633 49706 69 2 51063 1288 1357
814 49719 69 4 51132 1344 1413
558 49776 43 4 51175 1356 1399
348 49814 66 3 51241 1361 1427
65 49835 55 4 51296 1406 1461
721 49844 80 4 51376 1452 1532
855 49847 82 2 51458 1529 1611
482 49873 38 3 51496 1585 1623
932 49910 42 4 51538 1586 1628
303 50039 40 2 51579 1500 1540
425 50068 63 3 51642 1511 1574
494 50089 54 3 51696 1553 1607
752 50131 82 3 51778 1565 1647
472 50323 75 3 51853 1455 1530
273 50392 53 2 51906 1461 1514
383 50441 82 2 51988 1465 1547
120 50538 59 1 52047 1450 1509
660 50552 56 4 52103 1495 1551
746 50561 71 4 52174 1542 1613
157 50565 48 3 52222 1609 1657
561 50601 78 4 52300 1621 1699
392 50615 82 3 52382 1685 1767
347 50750 56 4 52438 1632 1688
13 50891 48 4 52486 1547 1595
469 50924 68 4 52554 1562 1630
470 50965 55 4 52609 1589 1644
455 50984 64 1 52673 1625 1689
960 50992 34 2 52707 1681 1715
424 51118 62 3 52769 1589 1651
390 51250 66 1 52835 1519 1585
229 51300 47 4 52882 1535 1582
23 51302 75 4 52957 1580 1655
216 51315 66 4 53023 1642 1708
867 51321 72 4 53095 1702 1774
147 51324 75 2 53170 1771 1846
552 51344 30 4 53200 1826 1856
82 51375 52 2 53252 1825 1877
691 51453 66 4 53318 1799 1865
618 51466 61 4 53379 1852 1913
929 51581 49 2 53429 1799 1848
444 51681 54 4 53483 1748 1802
604 51742 58 4 53541 1741 1799
944 51749 57 4 53598 1792 1849
871 51790 78 4 53676 1808 1886
376 51902 41 2 53717 1774 1815
237 51926 44 4 53761 1791 1835
889 51944 60 3 53821 1817 1877
315 52003 70 3 53891 1818 1888
780 52188 65 2 53956 1703 1768
213 52322 39 3 53995 1634 1673
11 52366 81 3 54076 1629 1710
368 52433 54 3 54130 1643 1697
521 52454 43 4 54173 1676 1719
854 52607 70 4 54243 1566 1636
39 52671 60 4 54303 1572 1632
506 52768 62 1 54365 1535 1597
412 52813 66 3 54431 1552 1618
983 52954 62 1 54493 1477 1539
129 52991 27 4 54520 1502 1529
397 53041 73 3 54593 1479 1552
513 53078 64 4 54657 1515 1579
988 53091 73 4 54730 1566 1639
980 53143 48 2 54778 1587 1635
872 53160 29 4 54807 1618 1647
264 53169 58 1 54865 1638 1696
839 53213 69 4 54934 1652 1721
468 53247 50 2 54984 1687 1737
616 53293 100 3 55084 1691 1791
450 53319 54 4 55138 1765 1819
78 53360 63 4 55201 1778 1841
630 53364 82 4 55283 1837 1919
557 53412 20 4 55304 1872 1892
62 53567 60 2 55364 1737 1797
156 53664 51 1 55415 1700 1751
710 53671 56 4 55471 1744 1800
398 53772 78 2 55549 1699 1777
620 53810 67 4 55616 1739 1806
981 53832 70 4 55686 1784 1854
316 53880 87 2 55773 1806 1893
812 53945 60 2 55833 1828 1888
608 54066 68 3 55901 1767 1835
148 54084 49 3 55950 1817 1866
517 54168 45 2 55995 1782 1827
951 54204 42 4 56037 1791 1833
256 54294 45 2 56082 1743 1788
161 54310 55 4 56137 1772 1827
940 54383 96 2 56233 1754 1850
542 54415 75 1 56308 1818 1893
806 54525 61 3 56369 1783 1844
703 54539 81 3 56450 1830 1911
941 54541 32 4 56482 1909 1941
728 54734 46 3 56528 1748 1794
483 54788 68 2 56596 1740 1808
40 55033 78 4 56674 1563 1641
354 55041 72 3 56746 1633 1705
571 55099 40 2 56786 1647 1687
414 55207 53 4 56839 1579 1632
463 55211 83 3 56922 1628 1711
409 55226 59 3 56981 1696 1755
886 55350 83 2 57065 1632 1715
255 55362 53 4 57118 1703 1756
66 55369 57 3 57175 1749 1806
611 55401 23 3 57198 1774 1797
845 55404 65 1 57263 1794 1859
478 55419 56 2 57319 1844 1900
727 55429 65 4 57384 1890 1955
49 55441 43 3 57427 1943 1986
22 55447 71 2 57498 1980 2051
985 55510 24 2 57522 1988 2012
831 55516 48 2 57570 2006 2054
438 55628 47 4 57617 1942 1989
707 55665 68 4 57685 1952 2020
824 55714 65 1 57750 1971 2036
547 55722 61 4 57811 2028 2089
885 55723 96 4 57907 2088 2184
222 55847 45 1 57952 2060 2105
323 55857 59 4 58011 2095 2154
277 55904 82 3 58093 2107 2189
209 55959 66 4 58159 2134 2200
926 56034 51 4 58210 2125 2176
17 56079 67 1 58277 2131 2198
410 56165 47 4 58324 2112 2159
579 56184 76 4 58400 2140 2216
107 56269 66 4 58466 2131 2197
964 56314 38 3 58504 2152 2190
699 56410 76 4 58580 2094 2170
133 56499 40 4 58620 2081 2121
665 56549 70 4 58690 2071 2141
309 56681 56 4 58746 2009 2065
153 56827 61 3 58807 1919 1980
667 56842 62 3 58869 1965 2027
393 56903 45 1 58914 1966 2011
744 56918 77 4 58991 1996 2073
548 56923 41 4 59032 2068 2109
189 56960 73 3 59105 2072 2145
88 57065 78 3 59184 2041 2119
595 57192 68 4 59252 1992 2060
754 57226 30 3 59282 2026 2056
236 57256 67 4 59349 2026 2093
90 57343 50 4 59399 2006 2056
919 57373 57 3 59456 2026 2083
975 57677 38 4 59494 1779 1817
772 57704 61 3 59555 1790 1851
976 57802 61 1 59616 1753 1814
775 57828 90 4 59706 1788 1878
286 57854 78 2 59784 1852 1930
121 57860 82 3 59866 1924 2006
266 57995 67 3 59933 1871 1938
722 58010 75 2 60008 1923 1998
356 58021 76 4 60084 1987 2063
970 58110 84 3 60168 1974 2058
903 58214 73 4 60241 1954 2027
263 58317 63 1 60304 1924 1987
488 58560 68 4 60372 1744 1812
206 58601 64 3 60436 1771 1835
999 58605 34 3 60470 1831 1865
188 58686 68 4 60538 1784 1852
769 58817 70 3 60608 1721 1791
591 58842 54 3 60662 1766 1820
917 58922 76 2 60738 1740 1816
603 59072 55 4 60793 1666 1721
893 59149 51 4 60845 1645 1696
30 59156 67 4 60912 1689 1756
848 59162 46 2 60958 1750 1796
33 59190 68 4 61026 1768 1836
694 59219 42 2 61068 1807 1849
136 59274 65 2 61133 1794 1859
695 59287 76 3 61209 1846 1922
927 59314 47 4 61256 1895 1942
804 59380 23 4 61279 1876 1899
612 59398 20 3 61299 1881 1901
272 59408 51 3 61350 1891 1942
197 59413 70 3 61420 1937 2007
661 59628 53 4 61473 1792 1845
853 59689 82 2 61555 1784 1866
437 59691 69 4 61624 1864 1933
864 59715 67 1 61691 1909 1976
501 59716 78 3 61769 1975 2053
978 59736 97 4 61866 2033 2130
34 59766 40 4 61906 2100 2140
511 59789 49 3 61955 2117 2166
936 59821 58 3 62013 2134 2192
8 59825 56 3 62069 2188 2244
451 59841 88 4 62157 2228 2316
508 59886 74 4 62231 2271 2345
378 59930 70 2 62301 2301 2371
240 59940 61 1 62362 2361 2422
973 60038 49 1 62411 2324 2373
658 60052 53 2 62464 2359 2412
862 60064 40 3 62504 2400 2440
300 60081 76 4 62580 2423 2499
146 60124 55 3 62635 2456 2511
496 60172 36 4 62671 2463 2499
652 60206 53 2 62724 2465 2518
116 60216 52 3 62776 2508 2560
828 60216 63 2 62839 2560 2623
275 60238 43 3 62882 2601 2644
201 60351 30 2 62912 2531 2561
602 60362 67 3 62979 2550 2617
38 60560 52 4 63031 2419 2471
933 60682 62 2 63093 2349 2411
20 60901 37 4 63131 2193 2230
67 60947 55 2 63186 2184 2239
809 61065 57 2 63243 2121 2178
626 61186 69 4 63312 2057 2126
764 61237 56 3 63368 2075 2131
292 61239 69 3 63437 2129 2198
456 61265 74 3 63511 2172 2246
807 61323 73 3 63584 2188 2261
172 61462 34 4 63618 2122 2156
524 61465 41 3 63659 2153 2194
843 61691 37 2 63696 1968 2005
407 61710 39 2 63735 1986 2025
546 61816 65 3 63800 1919 1984
931 61822 58 4 63858 1978 2036
434 61835 44 2 63902 2023 2067
225 61973 43 3 63945 1929 1972
920 62036 88 4 64033 1909 1997
377 62051 48 2 64081 1982 2030
55 62052 20 4 64101 2029 2049
224 62081 67 3 64168 2020 2087
381 62179 68 3 64236 1989 2057
281 62197 85 4 64321 2039 2124
150 62387 38 3 64359 1934 1972
430 62403 61 3 64420 1956 2017
433 62419 34 3 64454 2001 2035
767 62487 28 2 64482 1967 1995
492 62568 77 4 64559 1914 1991
105 62643 20 4 64579 1916 1936
1000 62688 70 2 64649 1891 1961
32 62915 71 4 64720 1734 1805
688 62957 39 2 64759 1763 1802
63 63006 93 3 64852 1753 1846
834 63084 74 4 64926 1768 1842
228 63088 53 1 64979 1838 1891
900 63185 50 3 65030 1795 1845
967 63347 44 4 65074 1683 1727
788 63383 40 3 65114 1691 1731
570 63401 43 4 65157 1713 1756
135 63428 54 3 65211 1729 1783
313 63429 67 3 65278 1782 1849
801 63507 49 4 65327 1771 1820
487 63523 74 3 65401 1804 1878
282 63538 62 4 65463 1863 1925
575 63592 57 4 65520 1871 1928
720 63606 66 4 65586 1914 1980
178 63835 33 4 65619 1751 1784
896 63970 38 4 65657 1649 1687
413 64010 40 3 65697 1647 1687
569 64132 87 4 65784 1565 1652
113 64159 83 4 65867 1625 1708
26 64168 66 4 65933 1699 1765
7 64227 68 2 66001 1706 1774
943 64251 36 4 66037 1750 1786
301 64269 71 3 66108 1768 1839
825 64273 67 4 66175 1835 1902
218 64424 58 2 66233 1751 1809
247 64501 51 4 66284 1732 1783
226 64657 79 4 66363 1627 1706
679 64662 81 4 66444 1701 1782
164 64667 57 2 66501 1777 1834
859 64719 45 4 66546 1782 1827
37 64720 51 3 66597 1826 1877
447 64781 52 4 66649 1816 1868
953 64929 76 3 66725 1720 1796
221 64971 27 4 66752 1754 1781
849 64995 68 3 66821 1758 1826
56 65022 57 2 66878 1799 1856
195 65141 66 3 66944 1737 1803
365 65152 50 4 66994 1792 1842
852 65247 60 1 67054 1747 1807
560 65282 49 2 67103 1772 1821
638 65378 30 2 67133 1725 1755
366 65399 47 2 67180 1734 1781
193 65401 70 3 67250 1779 1849
742 65480 79 3 67329 1770 1849
418 65549 32 4 67361 1780 1812
24 65604 62 1 67423 1757 1819
759 65605 51 2 67474 1818 1869
533 65681 43 3 67517 1793 1836
80 65691 39 4 67556 1826 1865
841 65720 47 4 67603 1836 1883
302 65789 53 3 67656 1814 1867
304 65856 78 1 67734 1800 1878
1 65942 51 4 67785 1792 1843
131 66044 70 1 67855 1741 1811
881 66062 62 4 67917 1793 1855
95 66156 68 4 67985 1761 1829
342 66171 100 4 68085 1814 1914
576 66223 60 3 68145 1862 1922
753 66314 99 2 68244 1831 1930
844 66332 55 4 68299 1912 1967
884 66426 73 3 68372 1873 1946
784 66443 37 4 68409 1929 1966
43 66554 62 2 68471 1855 1917
599 66605 80 2 68551 1866 1946
590 66654 48 4 68599 1897 1945
850 66660 44 3 68643 1939 1983
446 66724 70 3 68713 1919 1989
307 66793 75 3 68789 1921 1996
96 66872 40 2 68829 1917 1957
921 67038 47 4 68876 1791 1838
477 67338 40 2 68916 1538 1578
181 67482 60 4 68976 1434 1494
12 67510 61 3 69037 1466 1527
583 67557 43 1 69080 1480 1523
325 67592 72 4 69152 1488 1560
640 67670 77 1 69229 1482 1559
479 67734 55 2 69284 1495 1550
724 67783 75 3 69359 1501 1576
749 67798 69 1 69428 1561 1630
709 67903 61 2 69489 1525 1586
777 67973 67 4 69556 1516 1583
196 68038 64 3 69620 1518 1582
757 68074 29 2 69649 1546 1575
171 68097 52 4 69701 1552 1604
341 68146 46 3 69747 1555 1601
774 68218 65 3 69812 1529 1594
35 68341 67 2 69879 1471 1538
510 68380 58 4 69937 1499 1557
995 68383 75 3 70012 1554 1629
15 68407 74 3 70086 1605 1679
657 68414 58 3 70144 1672 1730
870 68431 76 3 70220 1713 1789
340 68452 72 3 70292 1768 1840
740 68699 44 4 70336 1593 1637
567 68705 85 3 70421 1631 1716
700 68731 88 3 70510 1691 1779
786 68804 81 3 70591 1706 1787
668 68833 63 2 70654 1758 1821
614 68873 76 1 70730 1781 1857
459 69078 55 1 70785 1652 1707
114 69108 53 2 70838 1677 1730
568 69224 66 4 70904 1614 1680
243 69230 66 4 70970 1674 1740
265 69250 54 2 71024 1720 1774
879 69281 65 4 71089 1743 1808
994 69448 68 3 71157 1641 1709
3 69805 57 4 71214 1352 1409
305 69884 45 2 71259 1330 1375
385 69975 50 4 71309 1284 1334
441 70230 39 2 71348 1079 1118
109 70345 63 2 71411 1003 1066
211 70548 72 3 71484 864 936
372 70665 86 4 71570 819 905
794 70730 76 3 71646 840 916
112 70922 45 3 71691 724 769
887 70983 58 4 71749 708 766
400 71074 46 4 71795 675 721
261 71108 75 3 71870 687 762
639 71154 50 4 71920 716 766
935 71176 49 4 71969 744 793
144 71182 78 1 72047 787 865
682 71215 59 4 72106 832 891
249 71275 100 3 72206 831 931
564 71351 68 2 72274 855 923
185 71385 69 4 72343 889 958
686 71386 64 4 72407 957 1021
522 71524 62 2 72470 884 946
31 71616 50 3 72520 854 904
689 71634 74 4 72594 886 960
288 71793 68 4 72662 801 869
634 71802 52 4 72714 860 912
399 71805 63 3 72777 909 972
364 71859 56 4 72833 918 974
566 71876 46 3 72879 957 1003
956 71924 45 4 72924 955 1000
175 71934 46 3 72970 990 1036
856 72250 48 2 73018 720 768
894 72268 60 2 73078 750 810
922 72286 61 2 73139 792 853
93 72331 49 4 73188 808 857
330 72449 66 4 73255 740 806
543 72452 74 4 73329 803 877
955 72564 60 4 73389 765 825
891 72589 50 3 73439 800 850
187 72964 58 2 73497 475 533
755 72969 68 3 73565 528 596
327 73007 87 2 73652 558 645
389 73047 56 4 73708 605 661
800 73238 56 1 73765 471 527
375 73368 67 4 73832 397 464
363 73387 63 3 73895 445 508
490 73531 43 3 73938 364 407
914 73536 54 3 73992 402 456
59 73684 58 3 74050 308 366
594 73969 83 3 74134 82 165
989 74204 66 3 74270 0 66
179 74282 80 2 74362 0 80
672 74521 55 3 74576 0 55
957 74554 70 4 74647 23 93
842 74558 68 4 74715 89 157
835 74579 100 2 74816 137 237
756 74622 65 2 74881 194 259
701 74665 62 2 74943 216 278
954 74754 44 4 74988 190 234
697 74910 84 4 75072 78 162
555 74965 50 2 75123 108 158
260 75136 26 2 75162 0 26
538 75210 50 4 75260 0 50
838 75284 55 2 75339 0 55
217 75299 30 2 75370 41 71
471 75388 88 3 75476 0 88
790 75590 86 4 75676 0 86
165 75746 82 2 75828 0 82
685 75856 66 3 75922 0 66
183 75927 50 2 75977 0 50
91 75992 48 3 76040 0 48
270 75996 71 4 76112 45 116
280 76066 54 4 76167 47 101
758 76081 70 4 76237 86 156
350 76130 38 1 76276 108 146
190 76286 65 4 76351 0 65
684 76566 55 2 76621 0 55
622 76829 49 4 76878 0 49
212 76926 63 4 76989 0 63
631 76960 74 4 77064 30 104
913 77013 26 4 77091 52 78
502 77193 83 4 77276 0 83
830 77251 53 3 77330 26 79
359 77262 52 3 77382 68 120
907 77381 91 3 77474 2 93
70 77382 44 2 77518 92 136
495 77489 75 2 77594 30 105
238 77660 85 3 77745 0 85
534 77723 65 4 77811 23 88
331 77950 78 3 78028 0 78
832 78152 85 3 78237 0 85
909 78164 57 4 78295 74 131
847 78167 59 2 78354 128 187
290 78170 90 2 78444 184 274
702 78208 39 1 78483 236 275
674 78602 76 4 78678 0 76
906 78711 64 3 78775 0 64
977 79095 55 1 79150 0 55
582 79200 47 3 79247 0 47
278 79208 54 3 79302 40 94
924 79266 29 2 79332 37 66
577 79299 59 3 79391 33 92
876 79300 67 4 79458 91 158
386 79322 63 4 79522 137 200
791 79382 75 4 79597 140 215
198 79564 59 4 79657 34 93
318 79773 42 3 79815 0 42
103 79891 38 4 79929 0 38
448 79990 78 4 80068 0 78
126 80364 85 1 80449 0 85
481 80481 30 2 80511 0 30
355 81112 73 3 81185 0 73
979 81134 40 2 81226 52 92
846 81177 72 3 81298 49 121
401 81379 100 1 81479 0 100
321 81454 54 4 81534 26 80
572 81583 24 3 81607 0 24
761 81751 46 4 81797 0 46
837 81785 91 3 81889 13 104
435 81822 48 4 81938 68 116
299 82501 84 3 82585 0 84
776 82516 43 3 82629 70 113
507 82913 51 3 82964 0 51
615 83304 81 2 83385 0 81
890 83450 58 2 83508 0 58
833 83557 91 3 83648 0 91
73 83683 56 3 83739 0 56
29 83959 64 2 84023 0 64
170 84117 64 3 84181 0 64
432 84300 43 4 84343 0 43
621 84961 29 1 84990 0 29
934 85022 76 3 85098 0 76
461 85967 68 4 86035 0 68
895 87020 61 1 87081 0 61
676 87139 58 2 87197 0 58
174 87500 63 3 87563 0 63
532 87642 88 4 87730 0 88
821 87684 65 1 87796 47 112
214 88229 67 4 88296 0 67
28 88255 82 3 88379 42 124
102 88400 81 4 88481 0 81
440 89148 59 4 89207 0 59
4 89291 45 3 89336 0 45
308 89711 78 1 89789 0 78
946 89994 49 3 90043 0 49
406 90450 66 3 90516 0 66
235 90808 87 4 90895 0 87
118 90934 55 2 90989 0 55
712 91068 73 4 91141 0 73
541 91099 68 4 91210 43 111
545 91180 45 4 91256 31 76
429 91329 39 4 91368 0 39
58 92872 75 1 92947 0 75
142 93987 67 3 94054 0 67
723 94487 54 4 94541 0 54
423 94692 58 3 94750 0 58
681 94726 63 2 94814 25 88
334 95295 20 4 95315 0 20
750 96253 75 3 96328 0 75
789 96461 47 4 96508 0 47
586 98889 60 3 98949 0 60
357 99659 78 3 99737 0 78
166 99815 62 4 99877 0 62
50 100000 51 4 100051 0 51
918 100000 52 3 100103 51 103
725 100000 88 4 100191 103 191
257 100000 58 2 100249 191 249
253 100000 45 4 100294 249 294
427 100000 68 4 100362 294 362
