100994 1000 3973 3899
921 0 32 3 32 0 32
64 0 95 3 127 32 127
891 0 97 4 224 127 224
892 0 99 3 323 224 323
367 1337 95 3 1432 0 95
345 2417 56 4 2473 0 56
396 3042 62 3 3104 0 62
964 3613 56 2 3669 0 56
140 3651 67 2 3736 18 85
342 4867 91 4 4958 0 91
376 4969 54 4 5023 0 54
630 6242 53 3 6295 0 53
239 6497 28 1 6525 0 28
297 6582 51 2 6633 0 51
850 7485 47 4 7532 0 47
468 8539 79 3 8618 0 79
878 9034 67 1 9101 0 67
855 9091 97 2 9198 10 107
654 9803 45 3 9848 0 45
727 9806 80 1 9928 42 122
384 10381 81 2 10462 0 81
840 10642 97 4 10739 0 97
255 10750 73 3 10823 0 73
134 10774 95 3 10918 49 144
547 10871 98 3 11016 47 145
392 11343 52 2 11395 0 52
864 11428 31 3 11459 0 31
866 11583 85 4 11668 0 85
37 11943 79 2 12022 0 79
170 12402 79 3 12481 0 79
984 12724 60 2 12784 0 60
198 12823 69 4 12892 0 69
493 12684 96 3 12909 129 225
82 13346 51 2 13397 0 51
534 13556 71 4 13627 0 71
517 13957 80 2 14037 0 80
391 14181 95 4 14276 0 95
316 14361 46 2 14407 0 46
117 14765 43 2 14808 0 43
947 14997 60 4 15057 0 60
741 15540 83 4 15623 0 83
911 15948 79 1 16027 0 79
25 16357 36 3 16393 0 36
232 16551 42 4 16593 0 42
790 17171 78 3 17249 0 78
824 17444 81 2 17525 0 81
857 17546 69 3 17615 0 69
185 17531 78 4 17678 69 147
805 17491 83 3 17755 181 264
78 17839 34 4 17873 0 34
998 17514 87 1 17876 275 362
859 17941 91 2 18032 0 91
284 17633 93 1 18060 334 427
393 17866 96 4 18156 194 290
563 18284 40 4 18324 0 40
905 18314 84 1 18408 10 94
798 18437 87 3 18524 0 87
913 18795 65 4 18860 0 65
908 18958 88 4 19046 0 88
90 19110 60 2 19170 0 60
675 19194 95 1 19289 0 95
425 19382 97 2 19479 0 97
45 19510 60 2 19570 0 60
141 19696 89 4 19785 0 89
901 19648 100 4 19837 89 189
136 20137 88 1 20225 0 88
489 20249 70 2 20319 0 70
783 20232 76 2 20378 70 146
510 20415 74 2 20489 0 74
129 20541 79 3 20620 0 79
423 20755 56 4 20811 0 56
199 20960 43 3 21003 0 43
441 21258 73 3 21331 0 73
475 21371 39 2 21410 0 39
184 21824 77 3 21901 0 77
983 21772 82 4 21931 77 159
740 21723 92 1 21974 159 251
679 22007 57 3 22064 0 57
275 21838 100 2 22131 193 293
997 22154 52 1 22206 0 52
977 22304 99 1 22403 0 99
225 23088 46 3 23134 0 46
223 23219 83 2 23302 0 83
230 23328 69 4 23397 0 69
633 23208 85 4 23445 152 237
32 23649 50 3 23699 0 50
430 23894 73 3 23967 0 73
540 23808 88 4 23969 73 161
572 24006 87 4 24093 0 87
499 23979 90 2 24156 87 177
330 23740 92 4 24170 338 430
569 24348 73 3 24421 0 73
337 24598 96 4 24694 0 96
121 24733 67 3 24800 0 67
887 24791 69 3 24869 9 78
216 24703 91 4 24930 136 227
173 25111 46 2 25157 0 46
846 25229 45 4 25274 0 45
925 25123 74 4 25276 79 153
261 25200 97 1 25373 76 173
401 25708 45 3 25753 0 45
669 25830 64 4 25894 0 64
16 25998 47 4 26045 0 47
35 26043 51 4 26096 2 53
111 26053 69 3 26165 43 112
538 26177 52 2 26229 0 52
680 26287 38 2 26325 0 38
276 26315 61 3 26386 10 71
11 26120 78 3 26394 196 274
673 26277 86 4 26480 117 203
86 26541 78 4 26619 0 78
125 26648 40 3 26688 0 40
324 26638 77 3 26755 40 117
222 26770 84 2 26854 0 84
931 26510 100 2 26889 279 379
834 26896 89 3 26985 0 89
729 27082 93 3 27175 0 93
764 27053 95 4 27241 93 188
442 27272 74 2 27346 0 74
133 27489 74 4 27563 0 74
75 27462 74 3 27610 74 148
219 27612 87 4 27699 0 87
65 27752 26 4 27778 0 26
369 27778 58 1 27836 0 58
621 27626 91 4 27874 157 248
331 27909 87 4 27996 0 87
762 27874 93 3 28054 87 180
308 28223 60 3 28283 0 60
263 28317 65 4 28382 0 65
406 28355 75 4 28457 27 102
687 28488 51 2 28539 0 51
213 28453 98 3 28606 55 153
432 28881 33 4 28914 0 33
244 28822 92 2 28947 33 125
440 28949 56 1 29005 0 56
21 29042 89 4 29131 0 89
559 29053 89 3 29220 78 167
533 29086 92 3 29312 134 226
566 28769 95 3 29315 451 546
487 29329 94 4 29423 0 94
728 29468 37 2 29505 0 37
469 29579 62 4 29641 0 62
485 29524 77 2 29663 62 139
130 29645 89 3 29752 18 107
217 29437 94 3 29796 265 359
794 28810 96 1 29864 958 1054
858 29934 95 2 30029 0 95
699 29153 97 2 30056 806 903
215 30165 80 1 30245 0 80
966 30104 89 2 30273 80 169
960 30323 48 3 30371 0 48
394 28996 98 2 30371 1277 1375
178 30484 54 4 30538 0 54
105 30509 85 3 30623 29 114
380 30460 86 3 30685 139 225
979 30439 95 3 30759 225 320
686 29646 100 4 30791 1045 1145
36 30794 69 4 30863 0 69
353 30943 77 2 31020 0 77
152 31074 78 3 31152 0 78
556 30993 87 4 31185 105 192
254 31203 66 2 31269 0 66
100 31285 38 3 31323 0 38
286 31352 70 4 31422 0 70
352 31517 81 3 31598 0 81
524 31445 91 3 31617 81 172
346 31660 59 2 31719 0 59
516 31657 67 4 31783 59 126
571 31655 72 3 31853 126 198
521 31886 60 3 31946 0 60
281 31775 74 1 31987 138 212
271 31994 39 2 32033 0 39
541 32075 33 1 32108 0 33
179 32122 47 4 32169 0 47
690 32102 48 2 32203 53 101
597 32166 50 2 32253 37 87
323 32256 77 4 32333 0 77
4 31638 79 1 32343 626 705
251 32198 94 4 32437 145 239
360 31218 96 3 32444 1130 1226
666 32461 43 1 32504 0 43
462 32506 40 4 32546 0 40
79 32621 63 4 32684 0 63
950 32567 83 3 32713 63 146
49 32799 67 2 32866 0 67
759 32910 57 4 32967 0 57
478 32990 67 4 33057 0 67
962 32978 71 3 33116 67 138
807 32994 75 4 33191 122 197
218 32846 81 2 33217 290 371
496 33258 38 3 33296 0 38
663 33244 67 4 33349 38 105
295 32756 84 4 33363 523 607
234 32604 85 1 33405 716 801
445 33454 50 4 33504 0 50
821 33557 45 1 33602 0 45
52 33523 84 3 33652 45 129
530 33654 54 2 33708 0 54
454 33294 87 1 33725 344 431
27 33732 48 4 33780 0 48
735 33784 49 4 33833 0 49
296 33796 80 4 33913 37 117
236 33983 68 2 34051 0 68
980 33101 88 2 34058 869 957
827 34064 66 4 34130 0 66
641 32527 93 2 34196 1576 1669
420 34279 64 3 34343 0 64
332 34222 70 4 34356 64 134
613 34354 72 2 34428 2 74
907 34502 43 3 34545 0 43
131 34306 82 4 34553 165 247
789 34601 74 3 34675 0 74
386 34564 78 4 34716 74 152
894 34704 80 4 34796 12 92
356 34342 84 2 34869 443 527
363 34937 65 4 35002 0 65
511 34870 74 3 35009 65 139
188 35066 77 4 35143 0 77
484 35094 78 4 35221 49 127
736 35227 51 1 35278 0 51
143 35245 78 2 35356 33 111
871 34879 81 2 35374 414 495
942 35521 71 2 35592 0 71
491 35471 76 3 35618 71 147
304 35414 83 3 35644 147 230
319 35669 71 4 35740 0 71
250 35846 65 2 35911 0 65
616 35086 84 4 35932 762 846
74 35246 84 4 35934 604 688
375 36047 43 3 36090 0 43
974 35971 79 3 36093 43 122
743 35935 81 4 36138 122 203
24 35792 84 4 36195 319 403
623 36218 27 4 36245 0 27
870 36306 75 4 36381 0 75
935 36385 72 2 36457 0 72
804 35165 88 3 36457 1204 1292
207 36554 77 2 36631 0 77
954 36561 80 3 36711 70 150
165 36644 80 2 36791 67 147
19 36818 42 3 36860 0 42
899 36574 87 4 36920 259 346
146 35244 90 4 37043 1709 1799
437 35552 90 4 37045 1403 1493
951 36388 90 4 37093 615 705
797 34640 94 4 37186 2452 2546
949 37247 92 2 37339 0 92
553 36026 94 3 37372 1252 1346
500 37376 45 4 37421 0 45
46 37541 43 2 37584 0 43
39 37562 75 4 37659 22 97
400 37697 56 4 37753 0 56
513 37735 72 4 37825 18 90
819 37505 89 3 37840 246 335
299 37890 60 1 37950 0 60
772 38004 53 3 38057 0 53
580 38048 57 4 38114 9 66
305 37911 86 3 38146 149 235
1 38231 36 4 38267 0 36
209 38281 60 2 38341 0 60
719 38176 81 2 38353 96 177
941 38448 44 2 38492 0 44
793 38447 63 3 38554 44 107
636 38391 81 1 38579 107 188
967 38347 83 4 38624 194 277
525 38675 54 1 38729 0 54
867 38333 84 3 38762 345 429
164 37965 89 3 38821 767 856
256 38841 69 3 38910 0 69
119 38930 72 1 39002 0 72
685 39026 69 2 39095 0 69
273 38843 82 3 39133 208 290
91 39152 55 3 39207 0 55
9 39223 82 3 39305 0 82
745 39344 85 4 39429 0 85
605 39447 41 3 39488 0 41
810 37692 91 4 39490 1707 1798
781 39573 42 4 39615 0 42
826 39639 68 4 39707 0 68
334 39628 84 2 39780 68 152
387 39811 50 3 39861 0 50
288 39807 51 3 39908 50 101
761 39889 54 4 39962 19 73
448 39982 85 1 40067 0 85
55 40070 85 2 40155 0 85
607 40190 61 3 40251 0 61
831 39870 87 4 40280 323 410
920 40290 60 4 40350 0 60
43 40386 66 2 40452 0 66
802 39722 88 4 40467 657 745
598 38598 91 4 40471 1782 1873
364 38851 91 4 40480 1538 1629
749 38796 92 4 40572 1684 1776
15 40603 63 4 40666 0 63
339 40673 27 2 40700 0 27
449 40801 60 3 40861 0 60
142 39162 92 3 40906 1652 1744
806 39168 92 3 40906 1646 1738
938 40954 52 3 41006 0 52
691 41043 77 4 41120 0 77
670 41144 67 2 41211 0 67
311 40954 80 1 41230 196 276
280 41316 57 4 41373 0 57
202 41143 91 4 41378 144 235
240 41464 55 3 41519 0 55
537 41552 29 3 41581 0 29
629 41459 79 1 41622 84 163
655 41402 89 2 41654 163 252
896 41669 37 3 41706 0 37
123 41706 77 4 41783 0 77
318 41795 76 1 41871 0 76
661 41815 90 3 41961 56 146
266 41964 48 2 42012 0 48
577 40380 93 4 42165 1692 1785
615 40532 93 4 42165 1540 1633
765 42170 30 4 42200 0 30
274 42216 58 4 42274 0 58
424 42200 75 2 42333 58 133
653 42361 60 4 42421 0 60
13 42370 82 2 42503 51 133
389 42511 50 4 42561 0 50
551 42343 91 3 42626 192 283
646 40979 93 4 42635 1563 1656
371 42697 81 1 42778 0 81
526 42839 49 3 42888 0 49
159 42913 68 2 42981 0 68
816 42802 69 3 42988 117 186
402 43042 49 4 43091 0 49
18 43076 60 2 43151 15 75
320 43090 67 3 43218 61 128
162 42970 70 3 43234 194 264
771 42935 70 1 43304 299 369
769 42896 73 1 43377 408 481
504 43271 74 3 43451 106 180
862 43509 50 1 43559 0 50
988 42886 76 2 43577 615 691
915 43693 46 4 43739 0 46
277 43654 73 3 43773 46 119
934 43219 86 3 43782 477 563
945 43825 61 4 43886 0 61
80 43215 88 4 43931 628 716
923 43971 50 3 44021 0 50
766 43885 88 2 44069 96 184
97 44147 80 2 44227 0 80
702 44306 69 4 44375 0 69
246 44217 81 4 44377 79 160
488 43716 93 1 44392 583 676
909 40828 94 4 44408 3486 3580
592 44448 76 4 44524 0 76
701 44421 81 4 44578 76 157
154 44584 84 4 44668 0 84
169 44722 51 4 44773 0 51
568 44687 65 4 44803 51 116
512 44778 65 2 44868 25 90
918 42902 94 4 44916 1920 2014
397 44791 94 2 45010 125 219
550 45054 74 4 45128 0 74
83 45187 79 3 45266 0 79
226 45076 87 4 45294 131 218
555 43536 94 1 45344 1714 1808
829 36860 95 3 45358 8403 8498
916 45369 49 3 45418 0 49
773 45414 59 3 45477 4 63
347 45492 70 4 45562 0 70
796 45634 88 3 45722 0 88
713 45441 88 2 45723 194 282
958 45726 78 2 45804 0 78
53 45857 47 2 45904 0 47
922 41335 95 3 45925 4495 4590
965 45950 25 4 45975 0 25
961 45960 61 4 46036 15 76
156 45927 78 4 46144 139 217
709 46038 78 4 46169 53 131
562 46176 73 2 46249 0 73
113 46278 46 2 46324 0 46
640 46104 92 4 46380 184 276
968 46578 66 4 46644 0 66
30 46537 84 4 46687 66 150
54 46469 86 2 46705 150 236
108 46683 93 3 46798 22 115
127 46074 94 4 46803 635 729
982 46810 78 2 46888 0 78
842 46833 83 2 46971 55 138
546 46964 83 1 47054 7 90
835 47071 69 4 47140 0 69
414 45999 94 3 47210 1117 1211
543 47242 64 4 47306 0 64
293 47214 92 4 47370 64 156
698 47457 57 4 47514 0 57
322 47588 48 4 47636 0 48
716 47678 50 3 47728 0 50
161 47572 65 4 47735 98 163
87 47527 78 4 47768 163 241
814 47809 81 4 47890 0 81
71 47927 33 4 47960 0 33
520 47987 70 3 48057 0 70
10 47931 74 2 48104 99 173
382 48109 45 2 48154 0 45
351 47713 85 2 48156 358 443
3 47784 87 4 48243 372 459
28 48279 39 4 48318 0 39
84 48351 64 4 48415 0 64
971 48288 73 4 48455 94 167
634 48457 71 3 48528 0 71
509 48588 31 4 48619 0 31
431 48636 67 4 48703 0 67
372 48739 63 3 48802 0 63
668 48614 71 4 48820 135 206
95 48687 81 3 48901 133 214
195 48319 82 3 48921 520 602
991 48984 77 1 49061 0 77
148 49137 42 4 49179 0 42
40 49011 82 4 49185 92 174
711 48475 84 3 49206 647 731
92 49226 35 3 49261 0 35
294 48732 90 3 49331 509 599
409 49346 51 4 49397 0 51
696 49475 41 4 49516 0 41
788 49450 58 2 49549 41 99
900 49554 66 1 49620 0 66
688 49423 75 3 49663 165 240
235 49733 59 3 49792 0 59
220 49716 74 2 49849 59 133
574 49905 35 4 49940 0 35
98 49924 64 2 50004 16 80
768 49697 81 4 50010 232 313
617 49836 83 1 50093 174 257
313 50117 67 2 50184 0 67
601 50246 70 4 50316 0 70
233 50341 24 4 50365 0 24
724 50327 44 2 50395 24 68
490 50145 83 2 50405 177 260
995 49398 85 4 50407 924 1009
528 50425 76 2 50501 0 76
480 50502 48 4 50550 0 48
361 50121 87 2 50618 410 497
42 50671 72 3 50743 0 72
837 49787 88 3 50778 903 991
249 50787 60 4 50847 0 60
552 51034 42 2 51076 0 42
208 51084 48 4 51132 0 48
14 50979 66 2 51135 90 156
221 50917 67 4 51140 156 223
936 50850 71 4 51144 223 294
969 51172 52 4 51224 0 52
99 51141 74 4 51270 55 129
700 50972 75 4 51345 298 373
710 51155 76 2 51421 190 266
458 51503 58 3 51561 0 58
996 51499 68 3 51625 58 126
582 51689 46 3 51735 0 46
888 51627 84 2 51757 46 130
657 50947 86 4 51763 730 816
926 51787 82 3 51869 0 82
591 51144 86 3 51931 701 787
833 50802 87 3 52015 1126 1213
171 52054 42 4 52096 0 42
403 52188 48 2 52236 0 48
944 52216 52 4 52288 20 72
381 52230 55 2 52343 58 113
620 52363 55 2 52418 0 55
584 52146 66 4 52422 210 276
658 52445 29 2 52474 0 29
292 52457 50 4 52524 17 67
153 52120 74 3 52549 355 429
388 52033 75 4 52579 471 546
257 52677 37 3 52714 0 37
750 52631 48 4 52716 37 85
578 52728 36 3 52764 0 36
31 52625 69 2 52815 121 190
558 52818 43 3 52861 0 43
722 52632 70 3 52928 226 296
600 52811 73 3 53001 117 190
717 52800 74 4 53075 201 275
778 52177 76 3 53105 852 928
118 52874 82 2 53187 231 313
470 53203 80 3 53283 0 80
529 53126 84 3 53351 141 225
186 53356 49 3 53405 0 49
63 52015 88 3 53646 1543 1631
929 51855 88 3 53646 1703 1791
383 51333 88 3 53646 2225 2313
426 53709 51 3 53760 0 51
943 53663 70 4 53784 51 121
560 53809 79 4 53888 0 79
34 53899 68 1 53967 0 68
841 53981 51 4 54032 0 51
473 54110 50 4 54160 0 50
329 54069 73 3 54192 50 123
482 54207 49 3 54256 0 49
732 54178 73 1 54314 63 136
291 54388 48 2 54436 0 48
589 54336 55 2 54439 48 103
682 54331 69 2 54503 103 172
368 54273 75 2 54561 213 288
194 54665 31 4 54696 0 31
812 54622 77 4 54730 31 108
60 54087 78 4 54747 582 660
283 54753 45 3 54798 0 45
585 53825 80 1 54810 905 985
904 54152 84 3 54894 658 742
652 54926 61 2 54987 0 61
594 55026 74 4 55100 0 74
868 54960 78 4 55139 101 179
610 55137 86 4 55225 2 88
985 53686 86 2 55254 1482 1568
264 55325 42 4 55367 0 42
1000 55338 57 3 55424 29 86
327 53940 87 3 55440 1413 1500
575 55489 39 3 55528 0 39
243 52797 89 3 55551 2665 2754
481 55603 34 3 55637 0 34
848 52857 89 2 55674 2728 2817
190 55676 53 4 55729 0 53
340 55746 44 1 55790 0 44
103 55856 38 2 55894 0 38
677 49965 90 4 56054 5999 6089
787 51851 90 4 56070 4129 4219
999 54232 90 4 56070 1748 1838
800 51448 90 2 56160 4622 4712
730 56266 69 4 56353 18 87
350 56317 69 4 56404 18 87
651 56411 60 3 56471 0 60
956 56476 43 4 56519 0 43
738 56248 77 3 56566 241 318
903 56174 85 3 56577 318 403
2 56625 60 4 56685 0 60
472 56698 53 4 56751 0 53
531 56592 71 4 56776 113 184
825 51667 90 1 56837 5080 5170
818 56861 58 3 56919 0 58
116 47936 91 4 56934 8907 8998
557 56963 90 1 57053 0 90
856 57178 46 2 57224 0 46
930 57145 58 2 57274 71 129
310 57212 58 2 57307 37 95
290 57093 64 1 57319 162 226
399 57261 69 2 57388 58 127
774 57395 70 4 57465 0 70
763 57209 72 2 57530 249 321
737 57138 81 2 57611 392 473
532 57627 77 3 57704 0 77
47 57728 24 1 57752 0 24
963 57749 48 4 57800 3 51
756 57804 79 2 57883 0 79
973 57154 88 1 57927 685 773
411 57935 79 3 58014 0 79
385 58083 68 3 58151 0 68
627 58201 54 2 58255 0 54
948 56657 91 3 58332 1584 1675
172 50754 91 3 58332 7487 7578
477 48128 91 3 58332 10113 10204
452 58495 35 4 58530 0 35
612 58575 53 2 58628 0 53
917 58486 81 4 58655 88 169
883 58677 49 2 58726 0 49
457 58708 55 3 58781 18 73
744 58689 69 4 58850 92 161
160 58683 78 4 58928 167 245
503 58619 86 2 58992 287 373
104 59140 49 4 59189 0 49
20 59067 78 4 59194 49 127
608 58997 79 1 59203 127 206
96 59251 62 1 59313 0 62
506 59355 49 3 59404 0 49
428 59223 71 3 59405 111 182
957 59359 71 2 59476 46 117
497 59532 61 4 59593 0 61
204 59294 72 4 59609 243 315
746 59662 37 1 59699 0 37
85 59714 40 2 59754 0 40
303 59754 42 3 59796 0 42
126 59085 83 4 59854 686 769
536 59874 51 3 59925 0 51
309 59857 53 1 59961 51 104
398 59869 70 3 60031 92 162
976 60067 68 4 60135 0 68
603 60167 30 2 60197 0 30
928 60188 60 1 60257 9 69
880 60166 69 3 60325 90 159
412 60336 70 2 60406 0 70
167 60487 76 4 60563 0 76
993 60242 80 2 60589 267 347
544 60437 80 2 60631 114 194
341 59884 81 3 60645 680 761
672 59228 83 4 60662 1351 1434
366 60787 35 4 60822 0 35
228 60739 61 3 60835 35 96
933 60825 62 4 60897 10 72
435 60916 62 2 60978 0 62
832 60946 69 2 61047 32 101
624 61096 71 2 61167 0 71
755 60770 72 3 61171 329 401
418 60894 72 2 61243 277 349
467 61340 53 4 61393 0 53
115 61279 71 4 61403 53 124
335 61406 55 4 61461 0 55
282 60956 78 3 61500 466 544
444 60486 83 3 61512 943 1026
196 61559 67 3 61626 0 67
877 61084 83 3 61656 489 572
889 60991 83 1 61739 665 748
622 61821 25 3 61846 0 25
66 61780 45 1 61850 25 70
343 61173 84 3 61893 636 720
650 61970 60 4 62030 0 60
174 61989 83 4 62113 41 124
799 62140 68 4 62208 0 68
7 62118 71 3 62257 68 139
102 62338 44 2 62382 0 44
882 62398 61 3 62459 0 61
628 62324 67 3 62496 105 172
285 62143 74 2 62503 286 360
206 61898 83 3 62509 528 611
434 59761 85 4 62589 2743 2828
910 62647 31 3 62678 0 31
978 62722 60 2 62782 0 60
247 62659 83 3 62821 79 162
336 62965 51 2 63016 0 51
242 62956 61 4 63068 51 112
828 62902 76 2 63090 112 188
714 62935 78 2 63168 155 233
17 63171 42 2 63213 0 42
853 63242 58 4 63300 0 58
278 63221 74 3 63353 58 132
50 63248 77 4 63430 105 182
138 63518 55 4 63573 0 55
671 63574 47 4 63621 0 47
760 63633 62 4 63695 0 62
333 63707 49 4 63756 0 49
876 63495 68 4 63776 213 281
72 63032 81 4 63781 668 749
618 63091 82 4 63863 690 772
450 62840 83 4 63905 982 1065
791 63928 30 3 63958 0 30
752 63951 43 3 64001 7 50
795 63088 83 4 64040 869 952
689 63621 86 2 64126 419 505
595 61879 87 2 64147 2181 2268
692 63412 87 2 64223 724 811
300 64354 39 3 64393 0 39
693 64416 46 4 64462 0 46
427 64541 55 2 64596 0 55
200 64483 63 3 64601 55 118
326 64480 76 4 64674 118 194
495 64436 79 2 64735 220 299
726 64301 86 4 64745 358 444
932 64783 67 4 64850 0 67
302 64748 72 2 64887 67 139
8 60263 89 4 64895 4543 4632
181 59740 89 3 64984 5155 5244
189 65075 87 4 65162 0 87
522 58631 89 2 65240 6520 6609
906 64764 89 2 65244 391 480
637 65383 67 1 65450 0 67
667 65435 76 3 65526 15 91
93 63104 90 2 65567 2373 2463
197 62289 90 2 65567 3188 3278
721 65625 57 4 65682 0 57
695 60551 90 1 65714 5073 5163
844 65812 61 1 65873 0 61
150 65750 85 2 65896 61 146
443 65750 88 2 65984 146 234
757 66078 60 1 66138 0 60
586 65996 83 4 66139 60 143
191 62162 91 3 66182 3929 4020
231 66263 66 4 66329 0 66
606 48161 91 2 66329 18077 18168
579 66350 67 4 66417 0 67
987 56767 91 2 66477 9619 9710
817 60309 91 2 66495 6095 6186
486 66589 44 4 66633 0 44
260 66524 65 4 66633 44 109
775 66511 67 1 66687 109 176
518 66600 81 4 66768 87 168
61 66694 82 4 66850 74 156
873 52926 91 2 66864 13847 13938
464 67027 40 3 67067 0 40
328 67018 75 4 67133 40 115
483 66972 78 2 67165 115 193
476 67001 81 1 67246 164 245
73 67049 86 3 67418 283 369
898 67194 86 3 67418 138 224
77 67442 51 3 67493 0 51
59 67318 87 2 67556 151 238
587 67582 72 4 67654 0 72
706 67624 73 3 67727 30 103
953 67622 79 4 67806 105 184
815 67818 35 3 67853 0 35
645 67832 44 3 67897 21 65
413 67938 71 2 68009 0 71
357 67727 87 2 68043 229 316
809 68101 49 4 68150 0 49
707 68047 77 3 68173 49 126
860 68026 89 4 68258 143 232
429 68314 66 2 68380 0 66
182 67005 89 3 68387 1293 1382
539 51273 91 1 68461 17097 17188
362 56521 91 1 68461 11849 11940
298 68528 65 3 68593 0 65
355 68510 79 4 68654 65 144
865 68730 41 3 68771 0 41
704 68792 37 2 68829 0 37
248 68741 60 4 68868 67 127
681 55194 91 1 68925 13640 13731
5 53780 91 1 68925 15054 15145
890 68950 84 3 69034 0 84
76 69057 85 4 69142 0 85
975 69063 85 2 69227 79 164
767 69233 61 2 69294 0 61
919 69235 62 4 69356 59 121
89 69173 88 2 69438 177 265
51 69204 90 4 69528 234 324
981 69671 51 4 69722 0 51
992 62004 92 4 69807 7711 7803
395 66863 92 4 69807 2852 2944
808 51026 92 4 69807 18689 18781
542 69859 74 2 69933 0 74
912 70091 60 4 70151 0 60
659 70225 59 3 70284 0 59
593 70148 80 1 70290 62 142
168 70002 91 3 70292 199 290
238 59934 92 4 70355 10329 10421
843 57408 92 4 70355 12855 12947
885 70415 38 4 70453 0 38
507 70518 75 4 70593 0 75
494 70426 83 4 70611 102 185
415 70659 48 2 70707 0 48
820 70675 83 4 70790 32 115
69 70798 67 2 70865 0 67
229 70693 89 4 70946 164 253
455 50686 92 4 71022 20244 20336
262 57717 92 4 71022 13213 13305
734 71069 59 3 71128 0 59
874 71136 65 3 71201 0 65
946 71257 60 2 71317 0 60
404 71121 79 4 71332 132 211
588 71132 84 4 71416 200 284
813 71388 88 3 71504 28 116
718 55388 92 4 71549 16069 16161
583 71666 71 2 71737 0 71
777 71622 83 1 71776 71 154
527 68440 92 3 71887 3355 3447
548 51071 92 3 71887 20724 20816
447 72003 59 1 72062 0 59
869 71954 87 2 72100 59 146
145 48449 92 3 72217 23676 23768
635 56580 92 3 72217 15545 15637
461 72232 38 4 72270 0 38
109 72321 78 4 72399 0 78
803 53946 92 3 72425 18387 18479
785 72445 59 3 72504 0 59
29 72517 52 4 72569 0 52
847 72642 51 4 72693 0 51
405 72623 51 2 72725 51 102
720 72449 85 4 72743 209 294
751 72836 83 4 72919 0 83
990 72970 75 4 73045 0 75
561 57695 92 2 73065 15278 15370
205 56347 92 2 73065 16626 16718
269 52765 92 2 73157 20300 20392
703 73285 77 3 73362 0 77
62 73445 70 4 73515 0 70
456 73520 57 4 73577 0 57
237 73534 82 3 73659 43 125
994 73416 83 4 73708 209 292
158 73760 57 4 73817 0 57
508 73790 65 4 73882 27 92
301 73844 72 1 73954 38 110
647 73762 73 4 74027 192 265
44 73725 81 4 74073 267 348
120 74107 57 4 74164 0 57
564 73258 85 2 74183 840 925
632 74187 51 4 74238 0 51
838 74252 59 4 74311 0 59
742 74404 45 4 74449 0 45
106 74332 81 1 74458 45 126
267 74187 85 4 74508 236 321
210 73277 85 2 74523 1161 1246
325 74540 24 2 74564 0 24
439 74566 70 3 74636 0 70
505 69532 92 1 74700 5076 5168
466 72805 92 1 74700 1803 1895
258 74777 58 3 74835 0 58
379 74757 76 4 74891 58 134
365 56942 92 1 74926 17892 17984
139 75014 55 4 75069 0 55
776 75163 80 4 75243 0 80
492 66040 93 4 75247 9114 9207
747 66390 93 4 75247 8764 8857
952 75311 77 3 75388 0 77
253 75461 62 4 75523 0 62
501 57244 93 4 75572 18235 18328
823 56496 93 4 75572 18983 19076
446 75610 52 3 75662 0 52
708 65275 93 4 75717 10349 10442
419 75809 64 3 75873 0 64
26 75743 83 3 75890 64 147
851 75797 92 2 75982 93 185
545 67497 93 3 76142 8552 8645
317 65909 93 3 76142 10140 10233
836 76309 29 1 76338 0 29
378 76311 45 3 76383 27 72
421 76266 65 4 76405 74 139
581 76212 69 4 76420 139 208
463 65392 93 3 76443 10958 11051
893 76460 30 3 76490 0 30
110 76650 62 4 76712 0 62
739 76739 84 3 76823 0 84
436 76851 93 4 76944 0 93
252 76977 45 1 77022 0 45
354 77035 74 4 77109 0 74
48 73091 93 2 77110 3926 4019
662 71136 93 2 77110 5881 5974
940 51329 93 2 77110 25688 25781
306 77145 89 3 77234 0 89
779 55639 93 2 77292 21560 21653
203 77408 44 3 77452 0 44
12 77385 89 4 77518 44 133
348 57390 93 1 77611 20128 20221
725 53639 93 1 77611 23879 23972
609 57010 94 4 77799 20695 20789
272 55208 94 4 77799 22497 22591
676 77972 38 3 78010 0 38
626 74506 94 3 78025 3425 3519
373 50470 94 3 78025 27461 27555
573 78210 85 3 78295 0 85
224 55610 94 3 78298 22594 22688
782 52671 94 3 78298 25533 25627
852 48095 94 3 78392 30203 30297
390 78554 37 3 78591 0 37
23 63554 94 2 78711 15063 15157
644 61286 94 2 78711 17331 17425
70 62312 94 2 78711 16305 16399
705 78861 53 2 78914 0 53
863 78819 92 2 78964 53 145
959 79207 89 4 79296 0 89
270 66269 95 4 79325 12961 13056
902 62223 95 4 79325 17007 17102
683 61105 95 4 79325 18125 18220
599 54018 95 4 79325 25212 25307
460 79375 47 2 79422 0 47
631 79334 52 2 79433 47 99
715 79490 54 3 79544 0 54
122 79526 92 3 79636 18 110
822 79685 54 4 79739 0 54
287 79974 90 3 80064 0 90
157 68266 95 3 80189 11828 11923
549 71593 95 3 80189 8501 8596
94 61164 95 3 80189 18930 19025
6 59876 95 3 80189 20218 20313
649 58067 95 3 80189 22027 22122
265 80313 62 2 80375 0 62
955 80389 60 4 80449 0 60
465 56341 95 3 80501 24065 24160
731 52410 95 3 80501 27996 28091
515 80710 48 3 80758 0 48
884 80829 78 4 80907 0 78
410 70234 95 2 80912 10583 10678
101 56065 95 2 80912 24752 24847
770 67400 95 2 80912 13417 13512
656 37682 95 2 81038 43261 43356
664 41486 95 2 81038 39457 39552
68 65737 95 2 81091 15259 15354
879 81448 68 2 81516 0 68
937 81374 92 2 81534 68 160
176 81568 66 3 81634 0 66
151 81594 95 1 81729 40 135
38 57901 96 4 81892 23895 23991
67 58832 96 4 81892 22964 23060
830 35526 96 4 81892 46270 46366
349 40491 96 4 81892 41305 41401
638 52410 96 4 81892 29386 29482
144 52949 96 3 82276 29231 29327
811 40985 96 3 82276 41195 41291
370 35533 96 3 82276 46647 46743
619 56839 96 3 82276 25341 25437
849 82343 51 1 82394 0 51
611 48562 96 2 82519 33861 33957
417 44751 96 2 82519 37672 37768
678 61474 96 1 82615 21045 21141
459 82798 54 3 82852 0 54
881 82879 95 2 82974 0 95
854 83017 37 2 83054 0 37
344 83096 80 3 83176 0 80
451 62798 97 4 83463 20568 20665
149 38504 97 4 83463 44862 44959
128 56872 97 4 83463 26494 26591
723 53810 97 4 83463 29556 29653
660 69960 97 4 83463 13406 13503
758 41030 97 4 83463 42336 42433
312 83622 47 3 83669 0 47
88 42039 97 3 83995 41859 41956
897 52567 97 3 83995 31331 31428
245 62106 97 3 83995 21792 21889
22 58253 97 3 83995 25645 25742
107 75869 97 3 83995 8029 8126
137 39715 97 3 84092 44280 44377
567 84230 71 2 84301 0 71
924 79101 97 2 84357 5159 5256
674 55601 97 2 84357 28659 28756
416 45592 97 2 84551 38862 38959
227 64127 97 2 84551 20327 20424
684 84645 50 4 84695 0 50
241 73764 97 1 84795 10934 11031
212 49246 97 1 84795 35452 35549
201 43247 97 1 84892 41548 41645
289 84971 62 2 85033 0 62
41 52149 98 4 85248 33001 33099
307 44751 98 4 85248 40399 40497
565 71673 98 4 85248 13477 13575
914 33282 98 4 85320 51940 52038
81 85442 96 2 85538 0 96
112 85548 92 3 85640 0 92
523 85742 80 4 85822 0 80
135 85793 85 2 85907 29 114
886 85738 93 4 85996 165 258
33 85888 96 4 86092 108 204
972 86182 90 4 86272 0 90
183 85928 97 1 86279 254 351
694 61704 98 3 86542 24740 24838
180 42211 98 3 86545 44236 44334
422 86762 80 3 86842 0 80
519 86798 96 3 86938 44 140
927 61623 98 3 86948 25227 25325
872 62434 98 3 86972 24440 24538
338 44285 98 3 86982 42599 42697
474 61257 98 3 87090 25735 25833
438 54086 98 3 87093 32909 33007
784 73949 98 3 87105 13058 13156
614 48831 98 3 87107 38178 38276
175 87294 95 1 87389 0 95
377 55505 98 2 87496 31893 31991
554 78062 98 2 87496 9336 9434
753 35395 98 2 87496 52003 52101
132 87616 73 1 87689 0 73
643 65012 99 4 87866 22755 22854
989 60158 99 4 87866 27609 27708
748 45707 99 4 87866 42060 42159
875 88011 89 3 88100 0 89
433 31033 99 4 88200 57068 57167
602 33390 99 4 88234 54745 54844
58 71752 99 4 88234 16383 16482
733 88427 88 3 88515 0 88
665 66095 99 4 88520 22326 22425
192 77488 99 4 88520 10933 11032
754 30831 99 4 88522 57592 57691
177 34791 99 4 88816 53926 54025
502 43413 99 4 88816 45304 45403
895 38771 99 4 88817 49947 50046
408 39551 99 3 89015 49365 49464
986 71308 99 3 89015 17608 17707
845 36226 99 2 89312 52987 53086
648 39797 99 2 89312 49416 49515
279 68186 99 2 89312 21027 21126
801 89394 65 1 89459 0 65
604 71749 99 1 89575 17727 17826
570 39173 99 1 89575 50303 50402
514 32118 100 4 89875 57657 57757
321 68978 100 4 89875 20797 20897
56 54043 100 4 89875 35732 35832
712 39723 100 4 90275 50452 50552
358 74478 100 4 90275 15697 15797
114 48292 100 4 90275 41883 41983
576 75001 100 4 90275 15174 15274
792 90448 62 2 90510 0 62
315 90597 83 4 90680 0 83
471 50965 100 3 90720 39655 39755
970 42849 100 3 90720 47771 47871
939 39406 100 3 90720 51214 51314
374 60085 100 1 90820 30635 30735
479 90857 25 4 90882 0 25
535 90906 28 4 90934 0 28
498 91129 81 4 91210 0 81
193 91567 35 3 91602 0 35
596 92021 89 4 92110 0 89
155 92206 56 3 92262 0 56
407 92870 49 4 92919 0 49
639 93419 84 4 93503 0 84
57 93865 81 4 93946 0 81
861 93955 56 3 94011 0 56
839 94450 95 4 94545 0 95
187 95501 94 4 95595 0 94
163 95707 51 2 95758 0 51
359 96579 97 2 96676 0 97
453 97155 53 1 97208 0 53
124 97872 36 3 97908 0 36
314 98747 55 3 98802 0 55
786 100000 71 3 100071 0 71
590 100000 73 1 100144 71 144
259 100000 76 4 100220 144 220
697 100000 79 4 100378 299 378
268 100000 79 4 100378 299 378
625 100000 80 4 100458 378 458
211 100000 82 4 100540 458 540
166 100000 82 2 100622 540 622
642 100000 89 3 100711 622 711
147 100000 91 2 100802 711 802
780 100000 92 4 100894 802 894
214 100000 100 3 100994 894 994
