100569 1000 96 50
53 0 22 3 22 0 22
965 0 26 3 48 22 48
977 0 32 3 80 48 80
432 0 33 4 113 80 113
980 0 57 3 170 113 170
74 0 58 4 228 170 228
27 580 32 3 612 0 32
206 1402 27 2 1429 0 27
174 2163 67 2 2230 0 67
192 3054 67 3 3121 0 67
135 3150 53 4 3203 0 53
658 3535 58 2 3593 0 58
315 3538 73 4 3666 55 128
951 3544 74 4 3740 122 196
934 3890 37 4 3927 0 37
30 5490 52 1 5542 0 52
348 5530 67 2 5609 12 79
380 5544 21 3 5630 65 86
726 5944 24 3 5968 0 24
759 6587 20 2 6607 0 20
393 7204 53 3 7257 0 53
394 7256 77 4 7334 1 78
387 7696 33 3 7729 0 33
122 8961 38 2 8999 0 38
982 9040 40 4 9080 0 40
533 10329 37 1 10366 0 37
779 10531 56 4 10587 0 56
651 10920 47 4 10967 0 47
534 11004 26 4 11030 0 26
450 11467 39 2 11506 0 39
426 11479 22 2 11528 27 49
385 11537 23 2 11560 0 23
241 11795 48 3 11843 0 48
75 11819 55 3 11898 24 79
968 12023 62 1 12085 0 62
41 12093 23 3 12116 0 23
633 12387 32 2 12419 0 32
582 12740 29 2 12769 0 29
78 12895 66 4 12961 0 66
155 12950 36 4 12997 11 47
718 12944 69 4 13066 53 122
666 13999 33 2 14032 0 33
69 14000 58 1 14090 32 90
488 14247 44 1 14291 0 44
103 14255 50 2 14341 36 86
502 14342 21 3 14363 0 21
744 14566 21 3 14587 0 21
772 15191 67 1 15258 0 67
24 15313 40 4 15353 0 40
310 15450 37 3 15487 0 37
90 15536 48 3 15584 0 48
37 15613 27 4 15640 0 27
682 15881 41 4 15922 0 41
847 15982 39 4 16021 0 39
344 16023 61 3 16084 0 61
80 16120 59 2 16179 0 59
780 16220 37 3 16257 0 37
365 16426 37 2 16463 0 37
258 16546 38 1 16584 0 38
762 16812 49 2 16861 0 49
844 16979 61 4 17040 0 61
55 17015 21 4 17061 25 46
687 17152 70 2 17222 0 70
386 17157 71 4 17293 65 136
841 17501 47 4 17548 0 47
577 17596 37 4 17633 0 37
810 18160 44 3 18204 0 44
358 18179 74 4 18278 25 99
198 18354 35 1 18389 0 35
801 18590 57 4 18647 0 57
971 18822 20 3 18842 0 20
20 18915 46 3 18961 0 46
346 18928 48 3 19009 33 81
520 19511 54 3 19565 0 54
338 19604 31 4 19635 0 31
150 19638 24 1 19662 0 24
873 19892 37 1 19929 0 37
636 20037 25 4 20062 0 25
660 20135 46 3 20181 0 46
208 20148 45 2 20226 33 78
595 20217 43 4 20269 9 52
879 20447 49 2 20496 0 49
958 20456 21 1 20517 40 61
407 20825 52 3 20877 0 52
252 20969 78 4 21047 0 78
758 20985 38 4 21085 62 100
353 21089 20 4 21109 0 20
220 21969 26 3 21995 0 26
630 22144 26 4 22170 0 26
672 22277 37 2 22314 0 37
162 22288 71 3 22385 26 97
561 22356 85 3 22470 29 114
900 22793 55 2 22848 0 55
265 22814 30 4 22878 34 64
238 22983 41 3 23024 0 41
854 23014 53 4 23077 10 63
648 23132 28 1 23160 0 28
898 23345 28 4 23373 0 28
709 23511 67 3 23578 0 67
114 23779 35 4 23814 0 35
875 23865 43 4 23908 0 43
454 24039 81 3 24120 0 81
689 24169 49 3 24218 0 49
674 24347 24 4 24371 0 24
106 24355 31 2 24402 16 47
735 24440 89 1 24529 0 89
829 24468 28 3 24557 61 89
235 24661 57 4 24718 0 57
587 24806 40 4 24846 0 40
42 24824 25 4 24871 22 47
178 24893 25 4 24918 0 25
354 25033 22 4 25055 0 22
944 25053 51 2 25106 2 53
123 25230 32 3 25262 0 32
834 25301 50 3 25351 0 50
931 25365 47 3 25412 0 47
368 25522 25 2 25547 0 25
531 25552 43 1 25595 0 43
775 25646 71 4 25717 0 71
878 25666 22 4 25739 51 73
52 25650 28 3 25767 89 117
361 25662 51 1 25818 105 156
408 25808 88 3 25906 10 98
675 26204 23 1 26227 0 23
691 26495 53 4 26548 0 53
405 26596 22 4 26618 0 22
212 26799 65 2 26864 0 65
109 26919 57 4 26976 0 57
306 26958 30 3 27006 18 48
185 27199 46 4 27245 0 46
143 27273 36 4 27309 0 36
221 27275 31 1 27340 34 65
791 27313 53 3 27393 27 80
974 27391 35 3 27428 2 37
566 28096 57 3 28153 0 57
104 28209 36 4 28245 0 36
115 28240 23 1 28268 5 28
441 28255 22 4 28290 13 35
720 28267 65 4 28355 23 88
642 28311 31 2 28386 44 75
631 28411 86 2 28497 0 86
190 28418 56 3 28553 79 135
83 28459 57 3 28610 94 151
193 28577 22 2 28632 33 55
828 28721 47 4 28768 0 47
778 28721 74 3 28842 47 121
487 28850 23 4 28873 0 23
76 28876 21 3 28897 0 21
546 29144 21 2 29165 0 21
399 29145 45 2 29210 20 65
826 29170 35 3 29245 40 75
909 29242 27 3 29272 3 30
960 29207 53 2 29325 65 118
935 29210 58 3 29383 115 173
19 29437 24 3 29461 0 24
468 29556 23 4 29579 0 23
903 29562 24 4 29603 17 41
230 29615 48 1 29663 0 48
941 29649 48 4 29711 14 62
465 29683 22 2 29733 28 50
113 29728 28 3 29761 5 33
986 29709 39 4 29800 52 91
492 29776 64 2 29864 24 88
591 29820 24 2 29888 44 68
406 29730 75 4 29963 158 233
416 29956 45 4 30008 7 52
336 30098 28 3 30126 0 28
373 30130 82 4 30212 0 82
13 30160 28 2 30240 52 80
528 30196 85 3 30325 44 129
325 30294 63 4 30388 31 94
337 30362 47 3 30435 26 73
266 30404 94 3 30529 31 125
850 30522 52 4 30581 7 59
752 30549 26 4 30607 32 58
837 30602 25 2 30632 5 30
335 30532 27 1 30659 100 127
991 30439 63 4 30722 220 283
782 30831 68 3 30899 0 68
411 30959 61 4 31020 0 61
969 30961 72 3 31092 59 131
305 31021 44 3 31136 71 115
146 31223 77 4 31300 0 77
340 31253 50 4 31350 47 97
412 31318 36 4 31386 32 68
523 31249 55 3 31441 137 192
311 31458 23 4 31481 0 23
619 31480 47 4 31528 1 48
151 31489 22 4 31550 39 61
68 31588 87 2 31675 0 87
21 31660 44 2 31719 15 59
50 31697 31 4 31750 22 53
455 31594 56 4 31806 156 212
410 31836 37 1 31873 0 37
453 31954 73 3 32027 0 73
765 31973 34 4 32061 54 88
747 32034 23 3 32084 27 50
26 32114 28 3 32142 0 28
363 32302 53 3 32355 0 53
785 32391 47 4 32438 0 47
92 32399 33 2 32471 39 72
462 32452 24 4 32495 19 43
790 32630 26 4 32656 0 26
896 32702 73 3 32775 0 73
832 32824 62 4 32886 0 62
601 32894 27 4 32921 0 27
15 32901 45 4 32966 20 65
676 32930 31 4 32997 36 67
548 33065 37 3 33102 0 37
43 33215 41 3 33256 0 41
771 33273 40 1 33313 0 40
421 33393 49 4 33442 0 49
987 33464 30 3 33494 0 30
555 33627 25 4 33652 0 25
814 33628 31 4 33683 24 55
789 33707 46 4 33753 0 46
712 33787 24 1 33811 0 24
952 34121 34 3 34155 0 34
282 34289 21 3 34310 0 21
199 34369 44 3 34413 0 44
663 34393 58 2 34471 20 78
118 34474 58 4 34532 0 58
937 34502 65 3 34597 30 95
530 34552 37 3 34634 45 82
940 34626 66 3 34700 8 74
703 34799 23 4 34822 0 23
842 34937 65 3 35002 0 65
271 34974 73 1 35075 28 101
727 35043 35 3 35110 32 67
459 35233 56 4 35289 0 56
915 35284 22 3 35311 5 27
740 35330 68 3 35398 0 68
372 35382 46 2 35444 16 62
748 35436 26 4 35470 8 34
158 35421 79 2 35549 49 128
979 35480 46 2 35595 69 115
769 35603 29 3 35632 0 29
82 35645 85 3 35730 0 85
417 35717 51 4 35781 13 64
281 35812 67 2 35879 0 67
948 35891 42 3 35933 0 42
134 35900 79 3 36012 33 112
243 35952 56 4 36068 60 116
848 36113 62 3 36175 0 62
333 36212 92 3 36304 0 92
401 36247 36 2 36340 57 93
978 36220 57 3 36397 120 177
859 36421 54 3 36475 0 54
489 36598 31 4 36629 0 31
578 36599 53 3 36682 30 83
670 36677 35 4 36717 5 40
885 36656 47 4 36764 61 108
175 36767 25 4 36792 0 25
349 36870 35 4 36905 0 35
583 37011 30 4 37041 0 30
196 37023 52 4 37093 18 70
458 37093 26 3 37119 0 26
259 37248 22 4 37270 0 22
509 37251 32 2 37302 19 51
763 37333 73 2 37406 0 73
501 37409 32 4 37441 0 32
205 37421 71 1 37512 20 91
845 37411 75 4 37587 101 176
147 37573 36 2 37623 14 50
303 37604 39 1 37662 19 58
946 37629 26 4 37688 33 59
203 37538 81 4 37769 150 231
398 37804 45 4 37849 0 45
688 37910 42 4 37952 0 42
622 37931 27 1 37979 21 48
621 37983 36 2 38019 0 36
1 37989 69 4 38088 30 99
719 38069 26 3 38114 19 45
481 38101 65 4 38179 13 78
972 38140 35 4 38214 39 74
925 38213 21 3 38235 1 22
182 38125 57 4 38292 110 167
541 38244 41 4 38333 48 89
418 38613 51 3 38664 0 51
286 38634 26 2 38690 30 56
827 38742 73 4 38815 0 73
164 38768 27 2 38842 47 74
884 38884 36 2 38920 0 36
819 38992 53 4 39045 0 53
213 39021 47 2 39092 24 71
58 39079 23 4 39115 13 36
964 39177 22 3 39199 0 22
448 39210 31 4 39241 0 31
254 39232 37 4 39278 9 46
547 39238 97 4 39375 40 137
180 39293 62 4 39437 82 144
881 39434 36 2 39473 3 39
729 39390 37 2 39510 83 120
809 39500 44 3 39554 10 54
272 39432 51 4 39605 122 173
764 39561 27 2 39632 44 71
926 39559 51 4 39683 73 124
249 39650 47 4 39730 33 80
538 39689 61 3 39791 41 102
552 39836 33 4 39869 0 33
738 39847 41 1 39910 22 63
705 39848 71 1 39981 62 133
957 39930 29 3 40010 51 80
1000 40047 29 4 40076 0 29
543 40054 42 3 40118 22 64
483 40103 31 4 40149 15 46
773 40145 26 3 40175 4 30
116 40166 23 4 40198 9 32
662 40130 31 2 40229 68 99
273 40307 90 2 40397 0 90
218 40386 47 3 40444 11 58
8 40440 52 2 40496 4 56
289 40449 21 4 40517 47 68
961 40441 61 3 40578 76 137
815 40481 70 3 40648 97 167
746 40592 39 4 40687 56 95
602 40588 50 2 40737 99 149
510 40636 59 4 40796 101 160
236 40949 70 4 41019 0 70
690 40953 33 3 41052 66 99
921 41034 54 2 41106 18 72
594 41389 33 2 41422 0 33
447 41393 70 3 41492 29 99
724 41489 33 3 41525 3 36
467 41430 44 4 41569 95 139
415 41569 60 2 41629 0 60
173 41505 70 2 41699 124 194
710 41801 88 4 41889 0 88
452 41835 36 3 41925 54 90
184 41871 57 4 41982 54 111
754 41966 42 4 42024 16 58
490 41986 21 2 42045 38 59
849 41812 67 3 42112 233 300
928 42061 38 3 42150 51 89
167 42115 49 1 42199 35 84
99 42247 54 2 42301 0 54
904 42395 51 4 42446 0 51
998 42423 62 4 42508 23 85
342 42518 34 3 42552 0 34
895 42600 39 1 42639 0 39
962 42623 29 4 42668 16 45
893 42739 47 1 42786 0 47
628 42853 50 2 42903 0 50
526 42923 77 3 43000 0 77
667 43127 47 1 43174 0 47
984 43190 39 4 43229 0 39
105 43196 23 2 43252 33 56
993 43194 42 3 43294 58 100
479 43274 28 1 43322 20 48
989 43324 35 2 43359 0 35
45 43449 58 3 43507 0 58
515 43463 39 4 43546 44 83
297 43556 53 2 43609 0 53
617 43559 33 2 43642 50 83
366 43572 52 4 43694 70 122
267 43664 21 4 43715 30 51
911 43780 45 3 43825 0 45
620 43784 40 4 43865 41 81
463 43793 80 2 43945 72 152
883 43872 25 3 43970 73 98
157 43868 33 3 44003 102 135
860 43976 37 4 44040 27 64
211 44020 35 4 44075 20 55
865 43941 39 2 44114 134 173
499 44070 57 2 44171 44 101
129 44147 21 3 44192 24 45
508 44165 28 2 44220 27 55
102 44020 85 4 44305 200 285
343 44261 44 3 44349 44 88
562 44228 44 2 44393 121 165
64 44392 48 4 44441 1 49
916 44439 48 4 44489 2 50
821 44415 59 4 44548 74 133
128 44546 48 3 44596 2 50
650 44561 46 1 44642 35 81
669 44740 78 3 44818 0 78
929 44768 32 3 44850 50 82
702 44832 39 4 44889 18 57
868 44857 37 4 44926 32 69
733 44906 29 1 44955 20 49
597 44780 42 2 44997 175 217
506 44763 48 3 45045 234 282
326 45032 38 4 45083 13 51
152 44983 55 2 45138 100 155
287 45112 63 2 45201 26 89
539 45141 43 4 45244 60 103
643 45194 60 3 45304 50 110
656 44945 65 3 45369 359 424
673 45321 56 4 45425 48 104
299 45390 47 3 45472 35 82
664 44772 65 1 45537 700 765
475 45503 43 1 45580 34 77
268 45570 30 4 45610 10 40
556 45256 66 2 45676 354 420
918 45624 44 2 45720 52 96
5 45665 65 3 45785 55 120
153 45729 22 4 45807 56 78
57 45794 25 4 45832 13 38
389 45797 41 2 45873 35 76
786 45434 69 3 45942 439 508
476 45925 35 4 45977 17 52
629 45964 35 1 46012 13 48
485 45930 42 3 46054 82 124
390 45611 75 2 46129 443 518
572 45724 79 3 46208 405 484
356 46143 50 1 46258 65 115
17 46246 31 4 46289 12 43
781 45604 79 2 46368 685 764
560 46336 32 3 46400 32 64
224 46308 41 4 46441 92 133
222 46378 41 2 46482 63 104
579 46392 45 4 46527 90 135
293 46415 49 1 46576 112 161
753 46532 29 4 46605 44 73
161 46530 43 3 46648 75 118
262 46622 56 4 46704 26 82
125 46657 51 1 46755 47 98
665 46693 53 4 46808 62 115
525 46727 60 4 46868 81 141
495 46840 30 4 46898 28 58
327 46886 22 4 46920 12 34
604 46920 25 2 46945 0 25
36 46836 43 4 46988 109 152
970 46374 80 4 47068 614 694
838 44889 91 4 47159 2179 2270
914 47109 42 2 47201 50 92
988 47181 61 2 47262 20 81
686 47233 22 4 47284 29 51
831 47203 24 3 47308 81 105
40 47265 50 4 47358 43 93
435 47289 52 4 47410 69 121
474 47395 24 4 47434 15 39
49 47386 45 2 47479 48 93
770 47339 55 4 47534 140 195
350 47298 71 3 47605 236 307
237 47514 75 4 47680 91 166
25 47662 30 3 47710 18 48
341 47679 37 2 47747 31 68
639 47630 52 3 47799 117 169
565 47788 34 4 47833 11 45
623 47811 55 2 47888 22 77
214 47742 56 3 47944 146 202
889 47784 57 4 48001 160 217
7 47969 22 4 48023 32 54
355 47141 81 3 48104 882 963
882 48049 27 2 48131 55 82
11 48092 32 4 48163 39 71
12 48100 54 3 48217 63 117
301 48100 63 3 48280 117 180
867 48277 27 2 48307 3 30
445 48292 46 1 48353 15 61
570 48332 30 4 48383 21 51
605 48378 27 3 48410 5 32
580 48387 38 4 48448 23 61
767 48304 49 1 48497 144 193
219 48299 57 3 48554 198 255
250 48503 48 1 48602 51 99
603 48602 28 2 48630 0 28
404 48608 29 4 48659 22 51
377 48532 49 3 48708 127 176
527 48169 66 1 48774 539 605
352 48720 61 4 48835 54 115
14 48808 60 4 48895 27 87
70 48880 24 1 48919 15 39
913 48896 20 2 48939 23 43
419 48850 29 4 48968 89 118
787 48853 46 3 49014 115 161
422 47228 84 4 49098 1786 1870
846 49142 34 4 49176 0 34
384 49218 61 1 49279 0 61
145 49320 94 3 49414 0 94
745 49327 26 3 49440 87 113
945 49434 35 4 49475 6 41
661 49324 39 4 49514 151 190
120 49391 82 2 49596 123 205
62 49643 39 4 49682 0 39
700 49651 26 4 49708 31 57
640 49742 58 4 49800 0 58
156 49797 33 4 49833 3 36
933 49819 28 3 49861 14 42
478 49855 29 2 49890 6 35
85 49822 60 4 49950 68 128
923 49927 54 2 50004 23 77
201 50026 56 4 50082 0 56
671 50092 51 4 50143 0 51
645 50146 46 3 50192 0 46
290 50200 31 3 50231 0 31
892 50281 48 4 50329 0 48
981 50309 69 2 50398 20 89
698 50377 59 4 50457 21 80
48 50438 27 1 50484 19 46
291 50444 32 4 50516 40 72
35 50477 82 3 50598 39 121
615 50532 40 3 50638 66 106
139 50684 33 3 50717 0 33
2 50700 69 4 50786 17 86
897 50758 59 4 50845 28 87
317 50817 23 4 50868 28 51
339 50787 62 3 50930 81 143
87 50916 21 4 50951 14 35
514 50917 27 1 50978 34 61
646 50870 54 1 51032 108 162
722 51006 37 4 51069 26 63
204 50872 72 1 51141 197 269
439 51109 39 2 51180 32 71
907 50942 86 4 51266 238 324
400 51247 43 3 51309 19 62
396 51172 87 4 51396 137 224
634 51318 63 3 51459 78 141
835 51443 40 2 51499 16 56
890 51492 78 3 51577 7 85
163 51513 37 4 51614 64 101
278 51802 31 2 51833 0 31
973 51830 31 2 51864 3 34
33 51979 78 4 52057 0 78
18 52010 26 3 52083 47 73
277 52147 29 4 52176 0 29
461 52163 86 4 52262 13 99
71 52426 73 3 52499 0 73
89 52476 35 4 52534 23 58
553 52485 37 3 52571 49 86
247 52513 41 3 52612 58 99
294 52540 44 4 52656 72 116
464 52653 31 4 52687 3 34
983 52667 26 2 52713 20 46
314 52656 59 3 52772 57 116
240 52743 21 4 52793 29 50
126 52432 82 4 52875 361 443
511 52803 23 2 52898 72 95
939 52826 26 1 52924 72 98
864 52848 33 3 52957 76 109
10 52845 35 1 52992 112 147
644 52976 28 3 53020 16 44
197 52998 30 3 53050 22 52
505 52955 41 4 53091 95 136
345 53085 43 3 53134 6 49
97 53187 26 4 53213 0 26
449 53264 22 2 53286 0 22
637 53279 36 4 53322 7 43
322 53335 46 4 53381 0 46
347 53414 48 3 53462 0 48
922 53451 30 4 53492 11 41
500 53418 45 2 53537 74 119
256 53527 28 2 53565 10 38
679 53508 68 4 53633 57 125
609 53622 54 2 53687 11 65
84 53594 69 4 53756 93 162
870 53685 72 4 53828 71 143
985 53796 70 2 53898 32 102
652 53829 46 3 53944 69 115
136 53903 85 2 54029 41 126
285 53955 26 1 54055 74 100
950 54000 29 1 54084 55 84
423 53958 43 2 54127 126 169
4 54116 73 4 54200 11 84
641 54188 35 2 54235 12 47
245 54185 49 3 54284 50 99
613 54129 51 4 54335 155 206
93 54297 45 2 54380 38 83
862 54373 31 2 54411 7 38
568 54374 59 1 54470 37 96
777 54433 29 1 54499 37 66
794 54208 61 3 54560 291 352
132 54137 64 3 54624 423 487
855 54323 70 4 54694 301 371
544 54656 35 1 54729 38 73
229 54724 72 3 54801 5 77
51 54744 84 4 54885 57 141
927 54839 67 3 54952 46 113
571 54920 36 4 54988 32 68
187 55012 91 4 55103 0 91
681 55031 64 2 55167 72 136
442 55087 79 4 55246 80 159
559 55177 24 3 55270 69 93
63 55259 54 1 55324 11 65
223 55334 51 1 55385 0 51
953 55369 28 2 55413 16 44
331 55404 20 4 55433 9 29
886 55423 23 4 55456 10 33
992 55386 49 3 55505 70 119
31 55335 49 3 55554 170 219
39 55416 54 3 55608 138 192
798 55594 42 4 55650 14 56
484 55647 26 1 55676 3 29
936 55653 25 3 55701 23 48
3 55625 33 2 55734 76 109
955 55707 26 4 55760 27 53
654 55747 21 2 55781 13 34
232 55680 36 2 55817 101 137
351 55766 39 1 55856 51 90
788 55828 21 3 55877 28 49
949 55865 34 4 55911 12 46
818 55793 41 4 55952 118 159
521 55939 32 2 55984 13 45
536 55952 38 4 56022 32 70
141 55727 43 4 56065 295 338
843 55743 46 4 56111 322 368
761 56091 22 3 56133 20 42
312 56131 24 3 56157 2 26
73 55719 59 2 56216 438 497
649 56166 28 2 56244 50 78
742 56158 53 2 56297 86 139
999 56249 23 3 56320 48 71
160 56244 60 4 56380 76 136
444 56361 21 4 56401 19 40
330 55421 62 3 56463 980 1042
263 56165 63 4 56526 298 361
997 56482 32 4 56558 44 76
392 56534 29 3 56587 24 53
321 56530 43 3 56630 57 100
808 56618 21 3 56651 12 33
491 56596 26 4 56677 55 81
413 56602 39 3 56716 75 114
67 56658 39 2 56755 58 97
29 56719 36 3 56791 36 72
659 56695 43 4 56834 96 139
98 55965 68 2 56902 869 937
517 56798 72 2 56974 104 176
264 56934 24 1 56998 40 64
805 56955 26 2 57024 43 69
209 56931 30 2 57054 93 123
107 56988 45 3 57099 66 111
88 57098 28 2 57127 1 29
497 57081 44 2 57171 46 90
172 57098 45 3 57216 73 118
364 57176 57 4 57273 40 97
550 56991 63 2 57336 282 345
470 57307 35 4 57371 29 64
784 57355 22 2 57393 16 38
917 57355 26 4 57419 38 64
138 57342 26 4 57445 77 103
906 57445 38 3 57483 0 38
284 57369 48 3 57531 114 162
260 57516 25 2 57556 15 40
657 57524 31 3 57587 32 63
329 57563 31 4 57618 24 55
516 57575 36 4 57654 43 79
22 57528 72 3 57726 126 198
121 57678 20 3 57746 48 68
140 57696 46 1 57792 50 96
149 57784 64 3 57856 8 72
226 57850 47 4 57903 6 53
522 57810 61 2 57964 93 154
280 57932 44 2 58008 32 76
251 55861 78 3 58086 2147 2225
861 58069 36 3 58122 17 53
65 58070 41 2 58163 52 93
171 58009 48 2 58211 154 202
409 58201 50 3 58261 10 60
880 58252 31 2 58292 9 40
244 58059 59 2 58351 233 292
34 58338 43 3 58394 13 56
369 58140 78 3 58472 254 332
632 58401 36 1 58508 71 107
959 58508 69 4 58577 0 69
72 58360 94 3 58671 217 311
990 58667 21 1 58692 4 25
466 58626 38 2 58730 66 104
899 58707 20 4 58750 23 43
133 58621 49 3 58799 129 178
598 58603 53 3 58852 196 249
186 58838 40 4 58892 14 54
910 58891 22 4 58914 1 23
111 58799 70 4 58984 115 185
872 58730 71 3 59055 254 325
434 58995 29 3 59084 60 89
94 59042 59 4 59143 42 101
537 59085 25 3 59168 58 83
943 59117 33 1 59201 51 84
558 59171 38 4 59239 30 68
427 59074 59 4 59298 165 224
142 58897 83 2 59381 401 484
154 59410 47 4 59457 0 47
694 59416 44 2 59501 41 85
593 59589 75 3 59664 0 75
796 59603 33 2 59697 61 94
357 59687 47 4 59744 10 57
374 59679 49 4 59793 65 114
323 59783 27 4 59820 10 37
797 59913 34 4 59947 0 34
402 59938 33 4 59980 9 42
519 59948 33 2 60013 32 65
183 59925 40 4 60053 88 128
626 59942 75 4 60128 111 186
737 60135 26 2 60161 0 26
869 60182 38 4 60220 0 38
225 60192 21 3 60241 28 49
23 60294 68 2 60362 0 68
721 60311 74 3 60436 51 125
549 60406 24 4 60460 30 54
101 60430 39 3 60499 30 69
469 60458 50 1 60549 41 91
731 60542 49 1 60598 7 56
803 60409 67 4 60665 189 256
443 60668 21 4 60689 0 21
431 60683 66 3 60755 6 72
328 60743 56 4 60811 12 68
159 60799 48 3 60859 12 60
711 60822 23 4 60882 37 60
233 60834 43 4 60925 48 91
755 60895 27 1 60952 30 57
954 60801 56 3 61008 151 207
176 60944 62 3 61070 64 126
296 61070 46 4 61116 0 46
963 61106 22 4 61138 10 32
713 61074 67 4 61205 64 131
215 61184 54 3 61259 21 75
428 61225 22 2 61281 34 56
800 61262 38 3 61319 19 57
811 61186 62 1 61381 133 195
840 61071 79 4 61460 310 389
994 61394 50 3 61510 66 116
804 61485 60 2 61570 25 85
624 61531 25 4 61595 39 64
956 61586 26 3 61621 9 35
95 61549 27 4 61648 72 99
170 61619 67 4 61715 29 96
496 61753 54 3 61807 0 54
189 61800 73 2 61880 7 80
638 61869 29 3 61909 11 40
100 61840 54 2 61963 69 123
793 61875 62 3 62025 88 150
749 61909 71 4 62096 116 187
320 62076 20 2 62116 20 40
246 62041 45 4 62161 75 120
584 62062 66 3 62227 99 165
586 62205 50 4 62277 22 72
807 62152 70 3 62347 125 195
606 62037 90 3 62437 310 400
54 62434 30 1 62467 3 33
165 62496 78 4 62574 0 78
795 62593 63 4 62656 0 63
216 62849 86 3 62935 0 86
227 62931 80 4 63015 4 84
853 63103 82 4 63185 0 82
79 63157 85 4 63270 28 113
270 63176 90 2 63360 94 184
436 63323 43 4 63403 37 80
714 63389 28 3 63431 14 42
482 63289 45 3 63476 142 187
179 63479 31 3 63510 0 31
535 63509 31 4 63541 1 32
967 63489 45 4 63586 52 97
610 63487 54 2 63640 99 153
942 63642 25 3 63667 0 25
876 63701 40 4 63741 0 40
717 63746 30 4 63776 0 30
715 63808 26 3 63834 0 26
585 63890 60 1 63950 0 60
863 63917 24 3 63974 33 57
806 63992 40 3 64032 0 40
966 64089 51 3 64140 0 51
581 64092 34 4 64174 48 82
894 64131 34 4 64208 43 77
379 64206 85 2 64293 2 87
166 64210 32 3 64325 83 115
596 64310 49 1 64374 15 64
573 64304 67 4 64441 70 137
168 64413 24 4 64465 28 52
316 64405 30 3 64495 60 90
397 64186 92 1 64587 309 401
319 64651 26 4 64677 0 26
446 64805 76 3 64881 0 76
685 64817 45 4 64926 64 109
588 64806 59 4 64985 120 179
766 65018 48 4 65066 0 48
112 65059 26 2 65092 7 33
557 65147 32 3 65179 0 32
257 65184 34 4 65218 0 34
304 65475 32 4 65507 0 32
616 65512 25 4 65537 0 25
756 65618 77 3 65695 0 77
332 65623 21 3 65716 72 93
776 65678 46 4 65762 38 84
739 65759 33 3 65795 3 36
792 65787 77 4 65872 8 85
60 65711 83 4 65955 161 244
812 65885 52 2 66007 70 122
734 65985 27 3 66034 22 49
438 66076 27 3 66103 0 27
723 66102 48 2 66151 1 49
242 66110 21 3 66172 41 62
701 66135 39 1 66211 37 76
295 66224 34 3 66258 0 34
858 66350 58 3 66408 0 58
169 66357 52 4 66460 51 103
148 66433 62 3 66522 27 89
614 66545 29 4 66574 0 29
612 66592 27 4 66619 0 27
611 66763 69 3 66832 0 69
381 66833 56 4 66889 0 56
376 66874 26 4 66915 15 41
359 66903 33 1 66948 12 45
524 66943 45 3 66993 5 50
680 66960 33 4 67026 33 66
504 66901 47 3 67073 125 172
255 66924 54 3 67127 149 203
239 67077 36 2 67163 50 86
822 66964 58 2 67221 199 257
276 67402 23 3 67425 0 23
551 67412 24 2 67449 13 37
309 67431 27 4 67476 18 45
191 67468 28 1 67504 8 36
283 67463 39 1 67543 41 80
704 67557 74 3 67631 0 74
414 67608 35 4 67666 23 58
228 67738 74 4 67812 0 74
9 67771 28 2 67840 41 69
743 67743 34 4 67874 97 131
420 67867 38 4 67912 7 45
370 67838 49 4 67961 74 123
697 67829 64 2 68025 132 196
919 67984 22 2 68047 41 63
288 67937 90 3 68137 110 200
820 68093 25 4 68162 44 69
768 68158 20 1 68182 4 24
253 68142 27 4 68209 40 67
383 68102 29 3 68238 107 136
707 68214 34 4 68272 24 58
503 68297 41 4 68338 0 41
825 68430 39 4 68469 0 39
437 68528 77 4 68605 0 77
684 68530 77 3 68682 75 152
440 68879 39 2 68918 0 39
518 68914 32 4 68950 4 36
217 68966 62 3 69028 0 62
891 69001 22 2 69050 27 49
472 69006 54 4 69104 44 98
177 69132 37 3 69169 0 37
932 69153 23 3 69192 16 39
32 69226 30 3 69256 0 30
66 69276 41 1 69317 0 41
430 69307 86 1 69403 10 96
618 69409 32 3 69441 0 32
207 69471 41 2 69512 0 41
457 69496 43 1 69555 16 59
127 69752 42 4 69794 0 42
318 69754 27 2 69821 40 67
486 69775 49 2 69870 46 95
202 69938 30 3 69968 0 30
871 69955 41 4 70009 13 54
378 70005 38 3 70047 4 42
938 70059 78 4 70137 0 78
839 70153 26 2 70179 0 26
371 70222 54 4 70276 0 54
477 70349 48 3 70397 0 48
460 70414 96 3 70510 0 96
728 70601 77 3 70678 0 77
874 70652 37 2 70715 26 63
513 70667 60 4 70775 48 108
292 70784 76 4 70860 0 76
234 70845 41 3 70901 15 56
653 70883 33 4 70934 18 51
683 70834 44 2 70978 100 144
261 71043 27 4 71070 0 27
334 71287 67 3 71354 0 67
545 71370 34 4 71404 0 34
47 71424 33 4 71457 0 33
6 71520 30 2 71550 0 30
725 71604 26 1 71630 0 26
248 71716 40 4 71756 0 40
61 71855 32 2 71887 0 32
930 71924 41 4 71965 0 41
144 72024 23 2 72047 0 23
996 72178 58 3 72236 0 58
760 72336 27 1 72363 0 27
824 72480 20 3 72500 0 20
307 72600 40 3 72640 0 40
274 72620 56 2 72696 20 76
696 72862 26 4 72888 0 26
108 72943 32 1 72975 0 32
308 72970 60 2 73035 5 65
554 73014 28 4 73063 21 49
647 73032 59 2 73122 31 90
117 73138 63 3 73201 0 63
181 73200 49 4 73250 1 50
833 73189 49 2 73299 61 110
625 73188 54 2 73353 111 165
783 73293 85 4 73438 60 145
124 73630 66 4 73696 0 66
375 73693 49 2 73745 3 52
692 73767 26 2 73793 0 26
388 73833 36 4 73869 0 36
635 73876 34 4 73910 0 34
77 74097 29 4 74126 0 29
830 74292 30 3 74322 0 30
231 74343 21 2 74364 0 21
912 74370 21 3 74391 0 21
836 74492 42 4 74534 0 42
391 74570 79 4 74649 0 79
677 74724 62 3 74786 0 62
456 74761 35 3 74821 25 60
567 74819 48 1 74869 2 50
706 74848 46 4 74915 21 67
599 74791 81 1 74996 124 205
279 75070 28 3 75098 0 28
59 75364 90 4 75454 0 90
574 75413 56 4 75510 41 97
529 75529 63 3 75592 0 63
275 75720 71 4 75791 0 71
451 75769 76 3 75867 22 98
655 75838 22 4 75889 29 51
564 75795 25 3 75914 94 119
425 75900 51 4 75965 14 65
816 75951 23 4 75988 14 37
110 75876 96 3 76084 112 208
668 76011 66 3 76150 73 139
137 76399 56 3 76455 0 56
200 76567 31 3 76598 0 31
91 76657 23 3 76680 0 23
56 76702 70 3 76772 0 70
324 76906 48 2 76954 0 48
532 77028 53 1 77081 0 53
799 77093 66 4 77159 0 66
976 77123 43 2 77202 36 79
902 77162 26 4 77228 40 66
360 77134 56 4 77284 94 150
905 77260 49 4 77333 24 73
130 77312 21 4 77354 21 42
741 77331 32 2 77386 23 55
424 77453 53 4 77506 0 53
975 77474 68 2 77574 32 100
802 77667 58 4 77725 0 58
757 77761 71 3 77832 0 71
678 77814 31 4 77863 18 49
887 77801 60 4 77923 62 122
403 78006 63 3 78069 0 63
908 78104 35 2 78139 0 35
823 78263 52 4 78315 0 52
429 78292 32 3 78347 23 55
298 78277 68 1 78415 70 138
995 78727 27 4 78754 0 27
920 78767 22 4 78789 0 22
395 78843 90 2 78933 0 90
901 78908 56 3 78989 25 81
866 78885 64 4 79053 104 168
300 78846 85 2 79138 207 292
857 79099 24 4 79162 39 63
362 79122 79 1 79241 40 119
732 79246 30 3 79276 0 30
851 79856 43 3 79899 0 43
716 79908 24 2 79932 0 24
96 80075 26 2 80101 0 26
302 80178 32 4 80210 0 32
699 80226 52 3 80278 0 52
693 80235 39 4 80317 43 82
852 80724 21 4 80745 0 21
382 80761 52 1 80813 0 52
751 80796 26 4 80839 17 43
473 81049 61 4 81110 0 61
877 81125 30 4 81155 0 30
627 81262 33 4 81295 0 33
888 81883 52 2 81935 0 52
16 82192 29 1 82221 0 29
708 82803 46 4 82849 0 46
576 82881 26 4 82907 0 26
86 83172 20 4 83192 0 20
600 83352 75 4 83427 0 75
433 83438 38 2 83476 0 38
210 83572 34 3 83606 0 34
736 83776 51 3 83827 0 51
608 84033 32 1 84065 0 32
774 84660 22 3 84682 0 22
750 84857 48 3 84905 0 48
856 85289 47 3 85336 0 47
367 86176 21 3 86197 0 21
188 87162 37 3 87199 0 37
498 87613 28 4 87641 0 28
28 88072 74 4 88146 0 74
313 88187 62 4 88249 0 62
813 88595 37 4 88632 0 37
44 88913 36 4 88949 0 36
575 89512 63 2 89575 0 63
924 89607 82 4 89689 0 82
695 89654 35 4 89724 35 70
607 90327 63 2 90390 0 63
563 90965 61 1 91026 0 61
592 91026 61 2 91087 0 61
493 91206 29 4 91235 0 29
569 91277 44 3 91321 0 44
131 93029 36 2 93065 0 36
590 93277 42 4 93319 0 42
480 93525 21 4 93546 0 21
540 94445 60 3 94505 0 60
81 95248 49 4 95297 0 49
512 95496 68 3 95564 0 68
817 96017 42 2 96059 0 42
947 99309 61 4 99370 0 61
494 99670 60 1 99730 0 60
507 100000 20 4 100020 0 20
730 100000 30 3 100050 20 50
38 100000 38 3 100088 50 88
46 100000 48 1 100136 88 136
471 100000 50 3 100186 136 186
589 100000 55 2 100241 186 241
269 100000 55 1 100296 241 296
195 100000 56 4 100352 296 352
542 100000 58 4 100410 352 410
194 100000 66 4 100476 410 476
119 100000 93 3 100569 476 569
