100295 1000 3878 3805
973 0 39 4 39 0 39
682 0 59 2 98 39 98
582 0 80 1 178 98 178
838 0 90 3 268 178 268
303 0 100 4 368 268 368
207 713 57 4 770 0 57
986 2842 67 4 2909 0 67
699 2877 84 3 2993 32 116
190 3932 78 2 4010 0 78
746 5248 80 4 5328 0 80
326 5234 82 2 5396 80 162
858 5852 88 3 5940 0 88
562 6514 66 1 6580 0 66
213 6993 79 2 7072 0 79
338 7563 92 3 7655 0 92
857 7980 76 4 8056 0 76
608 8254 96 1 8350 0 96
771 8395 57 4 8452 0 57
645 8455 50 4 8505 0 50
371 9599 75 1 9674 0 75
678 10005 59 3 10064 0 59
759 10070 76 3 10146 0 76
412 10063 90 3 10230 77 167
124 10295 94 3 10389 0 94
776 10116 96 3 10420 208 304
469 10678 94 4 10772 0 94
224 11208 30 4 11238 0 30
683 11312 76 2 11388 0 76
937 11199 89 1 11394 106 195
398 11751 61 4 11812 0 61
635 11723 99 2 11883 61 160
546 11987 75 4 12062 0 75
219 12440 51 4 12491 0 51
392 12403 72 4 12526 51 123
913 12625 99 1 12724 0 99
369 13109 64 1 13173 0 64
779 13475 90 2 13565 0 90
773 13452 100 3 13642 90 190
364 14555 84 2 14639 0 84
324 14787 68 4 14855 0 68
607 14879 83 4 14962 0 83
737 14827 93 1 15031 111 204
113 15038 62 3 15100 0 62
787 15065 77 4 15177 35 112
626 15231 65 4 15296 0 65
544 16209 98 3 16307 0 98
686 16738 85 4 16823 0 85
709 17365 75 3 17440 0 75
721 17633 54 3 17687 0 54
819 17593 82 4 17729 54 136
842 17778 75 1 17853 0 75
329 17551 98 2 17860 211 309
636 18330 65 2 18395 0 65
554 18271 72 2 18408 65 137
728 18290 86 4 18494 118 204
893 18743 51 4 18794 0 51
70 18838 42 3 18880 0 42
500 18906 49 4 18955 0 49
490 18764 82 4 18967 121 203
596 18755 82 2 19049 212 294
535 18912 84 2 19133 137 221
905 18748 89 4 19222 385 474
40 19307 35 2 19342 0 35
359 19606 72 4 19678 0 72
257 19844 62 4 19906 0 62
240 19925 79 2 20004 0 79
915 20193 85 4 20278 0 85
735 20560 67 4 20627 0 67
252 20750 61 3 20811 0 61
204 20935 46 3 20981 0 46
297 21022 51 1 21073 0 51
310 21097 83 4 21180 0 83
916 20907 99 4 21186 180 279
133 21430 97 3 21527 0 97
30 21555 37 3 21592 0 37
443 21625 66 2 21691 0 66
574 21549 92 4 21744 103 195
446 21492 99 3 21821 230 329
740 22058 50 2 22108 0 50
299 22082 89 4 22197 26 115
419 21968 93 2 22200 139 232
481 21916 97 3 22245 232 329
458 22281 89 4 22370 0 89
225 22427 70 3 22497 0 70
211 22527 57 3 22584 0 57
471 22568 89 4 22673 16 105
75 22303 100 1 22686 283 383
772 22829 84 4 22913 0 84
141 22734 99 4 22917 84 183
463 22999 66 4 23065 0 66
703 22964 97 4 23127 66 163
530 23460 55 4 23515 0 55
963 23432 77 2 23564 55 132
816 23567 43 1 23610 0 43
376 23540 83 3 23690 67 150
56 23876 75 1 23951 0 75
129 23951 95 4 24046 0 95
389 24074 71 4 24145 0 71
663 24243 71 2 24314 0 71
354 24339 55 4 24394 0 55
550 24427 58 3 24485 0 58
919 24442 82 4 24567 43 125
130 24410 84 2 24634 140 224
750 24716 45 3 24761 0 45
987 24671 63 2 24779 45 108
48 24714 69 4 24848 65 134
255 24641 73 3 24891 177 250
833 24976 59 3 25035 0 59
496 24951 62 4 25072 59 121
161 24851 75 2 25087 161 236
880 24610 86 4 25166 470 556
775 25065 86 3 25252 101 187
183 25258 51 2 25309 0 51
903 25315 57 2 25372 0 57
896 25382 54 2 25436 0 54
482 25327 60 1 25486 99 159
311 25354 77 4 25563 132 209
553 24807 91 4 25642 744 835
327 25655 52 1 25707 0 52
524 24218 97 4 25725 1410 1507
387 25780 82 1 25862 0 82
434 25884 55 4 25939 0 55
116 26149 59 4 26208 0 59
611 26142 64 4 26265 59 123
595 26088 76 4 26287 123 199
38 26327 63 4 26390 0 63
695 26442 55 4 26497 0 55
5 26495 71 3 26568 2 73
960 26652 60 2 26712 0 60
517 26709 70 4 26782 3 73
294 26620 76 2 26826 130 206
270 26856 61 4 26917 0 61
55 26488 93 4 26928 347 440
956 26627 100 4 27028 301 401
643 27135 56 4 27191 0 56
238 27278 63 4 27341 0 63
968 27208 77 3 27348 63 140
515 27373 79 4 27452 0 79
909 27488 69 2 27557 0 69
832 27455 77 3 27601 69 146
428 27174 81 2 27637 382 463
726 27643 45 3 27688 0 45
812 27701 73 3 27774 0 73
640 27838 64 1 27902 0 64
78 27471 87 4 27906 348 435
829 27993 57 4 28050 0 57
704 27959 60 4 28076 57 117
245 28077 45 2 28122 0 45
308 28206 41 4 28247 0 41
287 28184 81 3 28306 41 122
690 28034 81 1 28324 209 290
95 27172 87 2 28358 1099 1186
24 28229 88 4 28446 129 217
63 28476 48 4 28524 0 48
810 28522 61 4 28585 2 63
138 28529 63 4 28648 56 119
105 28641 71 4 28719 7 78
508 27947 89 4 28778 742 831
182 27289 91 4 28869 1489 1580
906 28455 98 1 28967 414 512
785 29018 56 1 29074 0 56
179 29098 83 3 29181 0 83
328 28757 99 2 29205 349 448
139 29286 70 2 29356 0 70
742 29297 73 3 29429 59 132
64 29495 70 4 29565 0 70
218 29402 77 3 29576 97 174
416 29484 82 3 29658 92 174
325 29699 47 4 29746 0 47
256 29882 68 4 29950 0 68
335 29986 61 3 30047 0 61
483 30054 74 3 30128 0 74
403 30164 58 3 30222 0 58
751 30020 78 4 30257 159 237
332 30113 98 3 30355 144 242
191 30455 86 3 30541 0 86
954 30323 100 2 30541 118 218
169 30591 63 4 30654 0 63
184 30677 88 3 30765 0 88
777 30887 66 4 30953 0 66
203 31249 81 3 31330 0 81
820 31831 68 4 31899 0 68
244 31762 82 3 31912 68 150
462 31810 96 3 32008 102 198
266 32083 60 1 32143 0 60
878 32149 97 3 32246 0 97
835 32287 76 2 32363 0 76
534 32376 31 3 32407 0 31
533 32456 57 3 32513 0 57
680 32413 68 4 32538 57 125
284 32110 98 2 32570 362 460
566 32588 64 4 32652 0 64
694 32709 90 2 32799 0 90
646 32831 61 2 32892 0 61
414 32843 67 3 32959 49 116
449 32942 74 3 33033 17 91
891 33062 40 3 33102 0 40
21 33157 66 2 33223 0 66
889 33261 34 4 33295 0 34
621 33224 62 2 33320 34 96
528 33235 72 1 33392 85 157
658 33103 73 4 33410 234 307
486 33457 54 3 33511 0 54
811 33598 76 4 33674 0 76
745 33517 88 2 33681 76 164
81 33721 67 2 33788 0 67
827 33795 37 2 33832 0 37
938 33812 52 1 33884 20 72
242 33796 61 3 33945 88 149
969 34018 63 1 34081 0 63
148 33954 71 4 34088 63 134
951 33847 73 4 34152 232 305
888 34064 81 2 34233 88 169
765 33423 90 4 34236 723 813
998 34250 73 1 34323 0 73
409 34344 49 3 34393 0 49
315 34413 64 3 34477 0 64
37 34483 70 3 34553 0 70
461 34419 72 4 34619 128 200
514 34330 80 1 34665 255 335
432 34775 56 4 34831 0 56
296 34719 79 2 34854 56 135
424 34884 78 1 34962 0 78
944 34801 80 4 35012 131 211
126 34993 81 3 35093 19 100
967 34974 83 3 35176 119 202
251 35180 54 4 35234 0 54
404 35235 67 4 35302 0 67
383 35361 48 3 35409 0 48
892 35348 66 4 35462 48 114
497 35251 72 2 35488 165 237
755 35191 77 3 35564 296 373
209 35606 69 4 35675 0 69
739 35707 53 3 35760 0 53
523 35420 82 4 35768 266 348
590 35843 39 3 35882 0 39
801 35839 71 2 35949 39 110
62 35508 84 3 35962 370 454
373 35238 86 4 36048 724 810
561 35749 92 3 36140 299 391
14 33986 93 3 36154 2075 2168
940 35352 93 2 36247 802 895
788 36262 53 1 36315 0 53
66 36314 62 2 36377 1 63
173 36284 78 1 36455 93 171
860 36590 44 4 36634 0 44
88 36645 35 4 36680 0 35
418 36738 56 2 36794 0 56
731 36659 72 4 36808 77 149
933 36530 73 4 36810 207 280
995 36632 79 2 36889 178 257
26 36966 31 4 36997 0 31
272 36892 79 3 37002 31 110
547 36632 87 3 37086 367 454
455 37120 55 4 37175 0 55
267 37228 56 4 37284 0 56
3 36590 87 2 37284 607 694
286 37124 94 3 37378 160 254
762 37443 73 4 37516 0 73
948 37524 46 2 37570 0 46
672 37590 59 4 37649 0 59
399 37408 79 3 37665 178 257
477 37695 69 2 37764 0 69
250 37779 82 2 37861 0 82
226 37937 41 1 37978 0 41
930 38000 47 4 38047 0 47
268 37899 70 4 38057 88 158
763 37940 78 1 38135 117 195
103 38153 40 4 38193 0 40
978 37892 83 4 38251 276 359
536 37869 85 2 38313 359 444
415 37701 86 2 38376 589 675
794 38455 64 4 38519 0 64
783 38427 66 4 38557 64 130
729 38153 88 2 38594 353 441
971 38618 46 3 38664 0 46
269 38704 65 4 38769 0 65
923 38894 44 3 38938 0 44
348 38850 51 4 38945 44 95
312 38843 51 3 38989 95 146
152 38983 53 4 39042 6 59
456 38860 60 3 39102 182 242
433 38948 70 2 39172 154 224
155 39200 60 4 39260 0 60
800 38815 71 2 39275 389 460
717 38888 73 4 39348 387 460
492 38721 84 1 39386 581 665
69 38734 88 3 39474 652 740
50 39449 92 3 39566 25 117
675 39587 77 3 39664 0 77
132 39656 77 2 39741 8 85
295 39747 77 4 39824 0 77
281 39748 82 4 39906 76 158
982 39935 73 3 40008 0 73
931 39814 87 3 40066 165 252
470 40128 79 4 40207 0 79
594 39885 89 3 40234 260 349
234 40235 77 4 40312 0 77
853 40326 62 2 40388 0 62
961 40441 55 3 40496 0 55
793 40457 61 2 40557 39 100
176 40389 70 2 40575 116 186
874 40634 44 1 40678 0 44
290 40264 86 4 40690 340 426
511 40379 87 2 40777 311 398
216 40849 60 3 40909 0 60
47 40580 90 2 40927 257 347
715 41002 55 4 41057 0 55
154 41112 52 4 41164 0 52
107 41005 75 3 41184 104 179
260 41068 89 2 41273 116 205
629 41361 75 1 41436 0 75
822 41280 87 4 41442 75 162
71 41335 89 4 41531 107 196
719 39650 91 2 41533 1792 1883
993 41555 48 2 41603 0 48
357 41614 54 3 41668 0 54
834 41558 63 4 41720 99 162
151 41703 82 3 41802 17 99
43 41618 83 4 41885 184 267
592 41610 88 4 41973 275 363
780 42000 89 3 42089 0 89
752 42204 68 3 42272 0 68
298 42295 22 3 42317 0 22
397 42146 85 4 42321 90 175
146 42359 71 2 42430 0 71
598 42439 42 2 42481 0 42
839 42508 78 4 42586 0 78
840 42269 87 4 42599 243 330
17 42653 63 3 42716 0 63
192 42435 90 3 42752 227 317
997 42065 91 4 42786 630 721
379 40790 92 4 42829 1947 2039
693 41837 93 4 42922 992 1085
502 38449 93 2 42930 4388 4481
31 42956 82 3 43038 0 82
912 43149 56 1 43205 0 56
349 43099 64 3 43219 56 120
564 43245 72 3 43317 0 72
673 43379 43 3 43422 0 43
438 43430 45 2 43475 0 45
353 43339 50 4 43477 88 138
758 43496 39 4 43535 0 39
59 43445 69 3 43585 71 140
395 43218 78 3 43615 319 397
989 43686 61 4 43747 0 61
917 43182 84 4 43760 494 578
789 43582 84 3 43844 178 262
439 42963 85 4 43868 820 905
333 44131 30 2 44161 0 30
666 44156 38 1 44199 5 43
831 42993 87 3 44219 1139 1226
241 43535 87 3 44219 597 684
747 43861 87 3 44219 271 358
990 44063 87 3 44284 134 221
725 44291 72 2 44363 0 72
36 44414 70 3 44484 0 70
180 44371 73 3 44514 70 143
571 44522 59 2 44581 0 59
109 44621 62 4 44683 0 62
609 44689 73 2 44762 0 73
309 44842 43 2 44885 0 43
274 44840 46 4 44929 43 89
136 44945 35 3 44980 0 35
57 44902 61 4 45025 62 123
493 44927 64 2 45089 98 162
882 45107 34 3 45141 0 34
259 45101 66 1 45201 34 100
318 44834 69 4 45252 349 418
970 45301 53 4 45354 0 53
4 44885 78 3 45383 420 498
939 44683 78 2 45383 622 700
215 45428 23 4 45451 0 23
450 45385 44 2 45452 23 67
480 45488 55 3 45543 0 55
781 45513 79 1 45622 30 109
467 45308 81 4 45665 276 357
73 44377 82 4 45699 1240 1322
782 45251 82 3 45781 448 530
84 45876 38 2 45914 0 38
955 45889 44 1 45958 25 69
41 45869 69 3 46020 82 151
579 45862 73 3 46086 151 224
79 45823 74 4 46121 224 298
959 46047 80 4 46201 74 154
307 46242 66 1 46308 0 66
943 46226 73 4 46365 66 139
322 46429 41 4 46470 0 41
736 46476 62 1 46538 0 62
337 46328 75 3 46543 140 215
861 46337 81 4 46624 206 287
437 46063 81 1 46680 536 617
867 45518 83 3 46721 1120 1203
197 46778 63 3 46841 0 63
118 44629 84 4 46868 2155 2239
351 46917 63 4 46980 0 63
556 47004 58 2 47062 0 58
172 47106 65 4 47171 0 65
648 47127 68 2 47239 44 112
227 47269 41 1 47310 0 41
472 47110 82 4 47362 170 252
214 47202 85 3 47447 160 245
158 47501 30 3 47531 0 30
655 47478 63 3 47571 30 93
654 46399 86 4 47595 1110 1196
265 46322 86 4 47595 1187 1273
276 47650 81 4 47731 0 81
578 47746 65 4 47811 0 65
591 47735 73 2 47873 65 138
248 47889 54 2 47943 0 54
818 47924 74 3 48017 19 93
20 47662 82 3 48079 335 417
586 46197 87 3 48111 1827 1914
733 48197 71 3 48268 0 71
753 48350 52 3 48402 0 52
614 45927 89 4 48417 2401 2490
410 48050 89 4 48417 278 367
541 48446 57 4 48503 0 57
49 48533 63 2 48596 0 63
864 48710 40 4 48750 0 40
236 48690 67 4 48797 40 107
868 48760 69 4 48866 37 106
619 48870 51 3 48921 0 51
859 48639 73 4 48939 227 300
714 49003 43 2 49046 0 43
918 48879 73 2 49055 103 176
548 48767 76 4 49131 288 364
847 49192 38 3 49230 0 38
754 48821 79 3 49248 348 427
465 49273 76 1 49349 0 76
925 43366 89 4 49371 5916 6005
625 49505 48 2 49553 0 48
710 49443 63 4 49554 48 111
134 49373 72 4 49556 111 183
254 49557 58 4 49615 0 58
436 49528 80 2 49694 86 166
288 49756 51 4 49807 0 51
974 49849 35 4 49884 0 35
615 49737 75 2 49898 86 161
539 49915 71 3 49986 0 71
74 49851 81 4 50050 118 199
631 50100 77 4 50177 0 77
848 50222 41 4 50263 0 41
258 50189 60 1 50290 41 101
106 50042 81 2 50309 186 267
278 50412 60 3 50472 0 60
647 50360 82 3 50502 60 142
953 50280 82 2 50533 171 253
170 50596 57 3 50653 0 57
177 50621 71 4 50724 32 103
836 49729 85 2 50738 924 1009
999 50840 72 4 50912 0 72
382 49486 87 4 50914 1341 1428
856 50933 44 1 50977 0 44
174 50967 64 4 51041 10 74
345 50659 87 4 51057 311 398
585 51106 40 1 51146 0 40
186 51187 30 3 51217 0 30
464 51128 67 4 51243 48 115
77 51272 59 1 51331 0 59
962 49659 87 1 51340 1594 1681
388 51395 49 4 51444 0 49
975 51397 63 4 51507 47 110
716 51390 65 3 51567 112 177
52 51468 75 1 51642 99 174
879 51488 77 4 51719 154 231
627 51720 49 3 51769 0 49
275 51761 59 2 51828 8 67
494 51890 68 1 51958 0 68
445 51720 76 4 51972 176 252
866 52045 59 4 52104 0 59
845 51732 76 2 52107 299 375
9 52070 82 2 52189 37 119
996 52252 51 4 52303 0 51
720 52194 63 2 52308 51 114
698 52319 84 3 52403 0 84
423 51197 88 3 52424 1139 1227
208 48366 89 4 52445 3990 4079
760 52489 51 4 52540 0 51
128 52533 76 1 52616 7 83
370 52460 83 1 52670 127 210
375 52784 54 4 52838 0 54
613 52859 69 4 52928 0 69
898 52727 81 3 52931 123 204
262 52994 33 4 53027 0 33
862 52986 68 2 53087 33 101
520 53161 22 2 53183 0 22
355 53179 76 4 53259 4 80
189 52991 80 3 53265 194 274
194 52929 85 3 53295 281 366
27 52491 85 2 53323 747 832
980 53353 61 3 53414 0 61
665 52767 86 3 53470 617 703
895 53237 88 2 53558 233 321
844 53565 49 4 53614 0 49
639 53688 73 1 53761 0 73
712 51298 89 4 53829 2442 2531
99 50737 89 4 53829 3003 3092
108 53834 52 4 53886 0 52
448 53937 56 4 53993 0 56
302 53959 73 1 54066 34 107
749 54090 43 4 54133 0 43
366 54078 89 4 54210 43 132
32 50889 89 3 54231 3253 3342
876 54270 34 4 54304 0 34
604 54362 47 4 54409 0 47
334 54296 68 4 54419 55 123
542 54467 50 4 54517 0 50
10 54543 86 3 54629 0 86
313 54633 32 4 54665 0 32
380 54284 87 3 54674 303 390
229 54718 73 4 54791 0 73
323 54842 35 3 54877 0 35
135 54948 74 4 55022 0 74
945 54857 75 2 55026 94 169
293 55039 41 4 55080 0 41
589 55056 73 3 55153 24 97
795 55266 45 1 55311 0 45
921 55214 71 3 55330 45 116
473 54992 80 2 55336 264 344
854 55367 53 4 55420 0 53
346 54798 84 3 55429 547 631
501 55469 60 3 55529 0 60
691 55566 44 2 55610 0 44
396 55617 48 2 55665 0 48
233 55540 59 3 55691 92 151
637 55701 26 4 55727 0 26
670 55773 37 4 55810 0 37
551 55717 62 3 55826 47 109
45 55448 64 2 55848 336 400
984 55858 33 3 55891 0 33
846 55902 38 3 55940 0 38
188 55948 62 1 56010 0 62
623 56027 36 4 56063 0 36
6 56051 64 2 56127 12 76
537 55726 68 4 56149 355 423
696 55827 71 3 56220 322 393
965 56279 77 4 56356 0 77
828 56368 59 3 56427 0 59
805 56447 74 2 56521 0 74
612 56342 77 3 56566 147 224
979 55845 78 3 56585 662 740
98 55914 79 3 56664 671 750
821 56749 40 4 56789 0 40
792 56785 62 2 56851 4 66
159 55658 83 4 56932 1191 1274
830 55914 83 4 56932 935 1018
552 56793 84 3 57016 139 223
899 57059 48 4 57107 0 48
479 57078 67 4 57174 29 96
784 57094 84 3 57258 80 164
661 57332 44 2 57376 0 44
577 57292 74 3 57410 44 118
164 57430 70 4 57500 0 70
431 57504 48 4 57552 0 48
674 57564 54 4 57618 0 54
425 56484 86 4 57634 1064 1150
122 57644 56 4 57700 0 56
143 57092 86 4 57733 555 641
435 57436 86 3 57819 297 383
768 54677 87 1 57839 3075 3162
516 57869 40 1 57909 0 40
202 58015 73 3 58088 0 73
884 57745 88 4 58128 295 383
798 55357 88 4 58128 2683 2771
15 58237 40 3 58277 0 40
317 58190 75 2 58305 40 115
178 47920 90 4 58395 10385 10475
331 52390 90 4 58395 5915 6005
76 58538 49 2 58587 0 49
150 58585 61 2 58648 2 63
947 58501 75 4 58686 110 185
442 58700 69 4 58769 0 69
797 58663 87 4 58842 92 179
11 51996 90 4 58888 6802 6892
513 54808 90 4 58916 4018 4108
657 58919 51 4 58970 0 51
304 58941 85 4 59055 29 114
664 58920 86 2 59141 135 221
231 59197 62 3 59259 0 62
356 59286 60 4 59346 0 60
485 59318 68 2 59414 28 96
687 59464 46 4 59510 0 46
115 59378 81 4 59541 82 163
988 59173 85 2 59575 317 402
421 59604 71 3 59675 0 71
1000 59284 89 3 59735 362 451
1 59848 58 4 59906 0 58
632 59823 65 4 59946 58 123
447 59940 70 4 60016 6 76
904 59947 77 3 60093 69 146
168 51130 90 4 60122 8902 8992
808 46693 90 4 60150 13367 13457
181 60176 55 4 60231 0 55
942 60287 64 2 60351 0 64
870 60221 73 2 60368 74 147
212 60387 55 4 60442 0 55
378 60485 36 2 60521 0 36
685 60560 26 4 60586 0 26
872 60628 65 4 60693 0 65
157 60499 87 4 60699 113 200
911 60774 40 4 60814 0 40
580 60708 82 2 60830 40 122
362 60122 90 4 60885 673 763
459 44576 90 4 60899 16233 16323
147 61044 50 2 61094 0 50
572 60999 63 3 61112 50 113
907 61042 83 3 61195 70 153
855 61071 84 3 61279 124 208
23 61351 73 2 61424 0 73
512 61300 75 1 61448 73 148
744 61213 89 3 61516 214 303
887 61563 28 4 61591 0 28
518 61035 90 4 61634 509 599
343 61652 71 3 61723 0 71
620 61660 88 4 61811 63 151
457 58947 90 3 61873 2836 2926
19 47542 90 3 61873 14241 14331
12 61998 54 4 62052 0 54
110 54456 90 3 62107 7561 7651
342 43377 90 3 62107 18640 18730
901 62157 81 2 62238 0 81
994 62350 75 3 62425 0 75
509 62350 79 4 62504 75 154
764 62517 71 1 62588 0 71
692 62625 38 4 62663 0 38
727 62528 72 3 62698 98 170
282 50281 90 2 62703 12332 12422
567 53421 90 2 62703 9192 9282
22 62818 38 2 62856 0 38
340 62831 81 3 62937 25 106
374 50079 91 4 63095 12925 13016
602 58676 91 4 63095 4328 4419
873 47370 91 4 63095 15634 15725
724 56128 91 3 63277 7058 7149
807 51193 91 3 63277 11993 12084
80 63289 76 4 63365 0 76
799 63418 70 4 63488 0 70
8 63469 73 3 63561 19 92
381 63580 65 1 63645 0 65
852 63593 68 3 63713 52 120
766 63731 67 4 63798 0 67
96 63816 54 4 63870 0 54
200 63916 51 4 63967 0 51
123 63957 52 2 64019 10 62
545 64045 34 4 64079 0 34
823 64071 56 4 64135 8 64
527 64006 59 4 64168 103 162
769 64009 60 4 64228 159 219
239 64248 60 2 64308 0 60
196 64250 68 4 64376 58 126
723 64415 51 3 64466 0 51
684 64395 60 2 64506 51 111
411 63628 76 3 64537 833 909
506 63709 76 3 64537 752 828
526 64697 38 2 64735 0 38
900 64678 58 2 64774 38 96
273 64616 62 3 64774 96 158
804 64556 76 3 64790 158 234
597 63665 82 4 64853 1106 1188
555 64901 41 1 64942 0 41
365 64865 80 4 64986 41 121
112 65072 70 4 65142 0 70
557 65154 48 4 65202 0 48
560 65209 50 4 65259 0 50
563 65216 74 3 65333 43 117
519 64721 83 2 65382 578 661
393 63943 83 2 65382 1356 1439
42 65421 46 4 65467 0 46
280 65412 61 4 65519 46 107
16 64181 84 2 65573 1308 1392
503 65615 61 1 65676 0 61
104 65696 46 4 65742 0 46
610 63982 84 1 65764 1698 1782
390 63371 85 3 65783 2327 2412
510 65280 85 2 65868 503 588
217 65923 41 4 65964 0 41
529 65900 63 4 66004 41 104
222 66037 68 3 66105 0 68
774 65901 74 4 66146 171 245
220 65907 81 3 66227 239 320
127 66231 40 4 66271 0 40
908 66267 64 3 66335 4 68
885 66378 69 4 66447 0 69
806 66478 51 4 66529 0 51
559 66275 81 4 66536 180 261
681 66538 49 1 66587 0 49
34 66626 80 2 66706 0 80
145 65972 84 3 66745 689 773
890 66802 60 4 66862 0 60
507 66761 67 1 66888 60 127
630 66763 68 3 66956 125 193
336 66964 74 2 67038 0 74
198 64679 86 4 67068 2303 2389
350 67154 51 2 67205 0 51
171 64554 86 2 67205 2565 2651
247 67299 51 2 67350 0 51
466 67274 61 4 67386 51 112
235 67435 23 2 67458 0 23
863 67311 77 4 67486 98 175
641 65473 88 4 67505 1944 2032
341 65239 88 3 67593 2266 2354
102 66406 88 2 67681 1187 1275
120 63978 89 4 67770 3703 3792
221 67863 37 2 67900 0 37
671 67799 64 4 67900 37 101
60 67839 70 3 67970 61 131
377 68019 49 2 68068 0 49
206 66117 91 4 68081 1873 1964
786 68123 27 3 68150 0 27
850 68110 89 3 68226 27 116
408 68274 48 4 68322 0 48
617 68309 69 2 68391 13 82
232 68665 22 1 68687 0 22
440 68626 55 4 68703 22 77
13 68642 59 4 68762 61 120
360 68572 63 4 68771 136 199
495 68513 72 4 68784 199 271
205 68461 74 4 68806 271 345
756 68633 78 2 68884 173 251
576 68385 81 4 68895 429 510
166 68780 82 4 68977 115 197
67 69047 38 4 69085 0 38
581 68994 64 3 69096 38 102
796 68673 89 3 69168 406 495
983 69225 38 3 69263 0 38
92 69248 61 1 69324 15 76
210 69199 80 4 69378 99 179
185 69011 90 4 69437 336 426
705 69525 75 3 69600 0 75
972 69498 76 4 69649 75 151
936 68388 90 1 69678 1200 1290
386 69835 58 4 69893 0 58
406 69826 77 3 69961 58 135
61 69753 83 3 69971 135 218
187 69910 87 4 70058 61 148
722 69493 91 4 70074 490 581
914 70092 67 2 70159 0 67
809 70136 84 2 70243 23 107
301 52777 91 2 70312 17444 17535
417 51558 91 2 70312 18663 18754
491 70412 57 2 70469 0 57
669 70542 50 3 70592 0 50
803 70594 52 4 70646 0 52
593 70511 60 3 70673 102 162
928 70526 75 4 70748 147 222
149 70622 84 4 70832 126 210
86 70864 82 4 70946 0 82
422 70918 85 2 71031 28 113
711 64246 92 4 71133 6795 6887
702 60822 92 4 71133 10219 10311
677 55899 92 4 71133 15142 15234
875 71292 70 4 71362 0 70
237 69678 92 3 71479 1709 1801
815 58739 92 3 71479 12648 12740
261 58171 92 3 71479 13216 13308
65 71524 66 2 71590 0 66
802 54436 92 3 71637 17109 17201
163 71686 52 3 71738 0 52
814 71787 47 4 71834 0 47
616 71818 51 2 71885 16 67
531 71694 68 3 71904 142 210
243 71928 59 4 71987 0 59
660 71646 82 4 72005 277 359
843 72045 48 3 72093 0 48
117 72082 73 1 72166 11 84
922 71697 85 4 72211 429 514
605 71692 86 3 72297 519 605
29 46722 92 2 72380 25566 25658
653 72406 72 2 72478 0 72
730 64765 93 4 72731 7873 7966
363 67188 93 4 72731 5450 5543
454 59119 93 4 72731 13519 13612
94 52157 93 4 72917 20667 20760
400 45018 93 4 72917 27806 27899
201 72973 52 3 73025 0 52
83 73062 65 2 73127 0 65
569 73006 76 3 73166 84 160
770 51026 93 4 73203 22084 22177
402 73315 34 3 73349 0 34
946 73280 85 3 73399 34 119
100 73521 81 4 73602 0 81
525 73455 88 3 73624 81 169
977 73571 91 2 73715 53 144
453 69466 93 3 73768 4209 4302
18 54523 93 3 73768 19152 19245
140 65200 93 2 73861 8568 8661
306 54369 93 1 73954 19492 19585
89 74066 65 4 74131 0 65
618 74250 77 4 74327 0 77
228 74365 80 3 74445 0 80
125 74597 85 2 74682 0 85
761 74722 69 1 74791 0 69
407 74708 83 3 74860 69 152
732 71964 94 4 74977 2919 3013
926 61896 94 4 74977 12987 13081
44 47168 94 4 74977 27715 27809
622 63906 94 4 74977 10977 11071
330 50515 94 4 74977 24368 24462
475 61826 94 4 74977 13057 13151
505 75069 66 2 75135 0 66
841 75244 56 4 75300 0 56
82 75213 81 1 75350 56 137
474 75364 73 4 75437 0 73
300 75239 85 4 75508 184 269
767 75523 78 3 75601 0 78
199 75638 48 3 75686 0 48
46 75700 35 3 75735 0 35
522 75666 93 3 75814 55 148
790 75897 72 1 75969 0 72
394 75821 77 4 75970 72 149
498 47438 94 4 76003 28471 28565
748 47432 94 4 76003 28477 28571
757 55880 94 4 76023 20049 20143
697 76057 57 4 76114 0 57
540 76094 69 4 76183 20 89
285 76131 71 4 76254 52 123
588 57132 94 3 76502 19276 19370
688 68819 94 3 76502 7589 7683
957 67411 94 3 76502 8997 9091
54 39447 94 2 76706 37165 37259
7 76732 73 4 76805 0 73
521 53849 94 2 76857 22914 23008
319 51704 94 2 76857 25059 25153
910 51182 94 2 76925 25649 25743
881 65327 94 1 77113 11692 11786
142 40722 94 1 77113 36297 36391
708 77291 37 4 77328 0 37
175 77255 90 4 77382 37 127
167 77434 66 1 77500 0 66
651 77537 94 3 77631 0 94
430 77871 86 1 77957 0 86
941 77964 81 3 78045 0 81
291 78075 60 4 78135 0 60
111 77889 87 4 78185 209 296
162 42050 95 4 78284 36139 36234
476 67274 95 4 78284 10915 11010
33 48158 95 4 78284 30031 30126
451 60572 95 4 78284 17617 17712
985 59545 95 4 78284 18644 18739
932 44828 95 4 78284 33361 33456
817 65361 95 4 78379 12923 13018
444 37377 95 3 78449 40977 41072
950 78453 95 4 78548 0 95
305 78564 80 4 78644 0 80
361 56979 95 3 78684 21610 21705
570 78853 73 2 78926 0 73
707 78961 57 2 79018 0 57
368 78947 64 3 79068 57 121
676 78890 78 3 79125 157 235
634 79166 75 3 79241 0 75
964 54308 95 2 79506 25103 25198
587 42355 95 2 79506 37056 37151
738 61715 95 2 79506 17696 17791
992 54656 95 2 79506 24755 24850
91 37007 95 2 79506 42404 42499
575 79547 84 4 79631 0 84
114 39429 95 2 79685 40161 40256
28 75673 95 1 79927 4159 4254
656 66311 95 1 79927 13521 13616
347 79771 95 1 79970 104 199
659 79980 74 4 80054 0 74
638 80295 87 4 80382 0 87
600 80424 41 4 80465 0 41
644 80516 77 3 80593 0 77
193 49235 96 4 80788 31457 31553
865 52136 96 4 80788 28556 28652
97 49707 96 4 80826 31023 31119
532 54664 96 4 80837 26077 26173
292 77806 96 4 80838 2936 3032
488 46940 96 4 81042 34006 34102
156 80748 96 4 81202 358 454
713 78385 96 4 81202 2721 2817
824 44715 96 4 81202 36391 36487
484 41941 96 4 81209 39172 39268
429 81302 95 4 81397 0 95
851 81456 69 4 81525 0 69
344 81529 73 4 81602 0 73
743 48674 96 2 81637 32867 32963
897 49824 96 2 81638 31718 31814
391 71914 96 1 81830 9820 9916
573 75503 96 1 81830 6231 6327
504 42597 96 1 81926 39233 39329
137 49334 97 4 82217 32786 32883
624 49258 97 4 82217 32862 32959
869 69738 97 4 82217 12382 12479
565 46635 97 4 82411 35679 35776
650 51609 97 4 82411 30705 30802
949 82629 74 3 82703 0 74
826 82621 87 4 82782 74 161
230 33317 97 3 82809 49395 49492
68 35592 97 3 82874 47185 47282
367 82879 93 4 82972 0 93
131 65195 97 3 83144 17852 17949
679 60589 97 3 83144 22458 22555
920 72680 97 3 83144 10367 10464
927 44064 97 3 83144 38983 39080
85 83150 96 2 83246 0 96
352 83343 41 3 83384 0 41
981 83304 63 2 83408 41 104
420 83477 73 3 83550 0 73
825 83360 75 3 83556 121 196
339 83487 82 4 83638 69 151
935 83705 47 1 83752 0 47
101 83494 92 4 83777 191 283
489 46572 97 3 83907 37238 37335
966 52034 97 3 83907 31776 31873
413 84147 39 1 84186 0 39
121 35187 97 2 84237 48953 49050
649 33791 97 2 84237 50349 50446
87 34189 97 2 84237 49951 50048
706 50787 97 2 84334 33450 33547
601 84427 76 3 84503 0 76
119 60085 97 1 84507 24325 24422
791 84763 91 4 84854 0 91
289 84862 48 3 84910 0 48
384 85068 81 2 85149 0 81
538 48936 98 4 85217 36183 36281
249 54670 98 4 85217 30449 30547
668 39774 98 4 85217 45345 45443
991 51691 98 4 85217 33428 33526
316 53817 98 4 85217 31302 31400
700 85303 57 1 85360 0 57
584 85271 70 4 85398 57 127
558 51134 98 4 85638 34406 34504
165 34019 98 4 85638 51521 51619
667 42765 98 4 85638 42775 42873
958 44831 98 3 86030 41101 41199
487 83209 98 3 86030 2723 2821
283 57043 98 3 86030 28889 28987
271 80431 98 3 86030 5501 5599
886 86072 60 3 86132 0 60
195 86228 77 1 86305 0 77
583 37658 98 2 86461 48705 48803
976 72583 98 2 86461 13780 13878
837 39264 98 2 86461 47099 47197
689 59127 98 2 86657 27432 27530
51 58707 98 2 86657 27852 27950
35 34354 98 1 86755 52303 52401
405 86812 50 2 86862 0 50
253 86891 91 3 86982 0 91
924 87137 52 1 87189 0 52
902 87144 56 3 87245 45 101
871 87109 92 3 87309 108 200
223 87481 67 2 87548 0 67
741 60791 99 4 87658 26768 26867
929 41507 99 4 87658 46052 46151
427 54519 99 4 87658 33040 33139
499 35498 99 4 87658 52061 52160
549 41758 99 4 87658 45801 45900
633 87812 96 4 87908 0 96
72 61312 99 4 88150 26739 26838
441 42807 99 4 88150 45244 45343
93 80792 99 4 88150 7259 7358
952 37357 99 4 88150 50694 50793
321 59882 99 4 88249 28268 28367
314 88302 67 2 88369 0 67
320 39823 99 3 88514 48592 48691
58 41297 99 3 88514 47118 47217
90 88561 37 2 88598 0 37
452 88805 63 3 88868 0 63
25 59524 99 2 88911 29288 29387
849 78200 99 2 88911 10612 10711
543 35963 99 2 88911 52849 52948
568 43720 99 1 89010 45191 45290
246 53436 100 4 89210 35674 35774
883 35380 100 4 89210 53730 53830
263 54875 100 4 89310 34335 34435
599 89326 43 4 89369 0 43
2 89411 84 2 89495 0 84
662 69253 100 3 89637 20284 20384
894 51137 100 3 89637 38400 38500
642 53875 100 2 89837 35862 35962
372 66457 100 2 89837 23280 23380
460 90056 60 2 90116 0 60
426 90187 95 3 90282 0 95
401 90352 79 1 90431 0 79
934 90706 84 2 90790 0 84
153 90713 87 2 90877 77 164
39 90962 71 1 91033 0 71
877 91127 44 3 91171 0 44
279 91213 64 3 91277 0 64
264 91325 95 1 91420 0 95
606 92528 51 4 92579 0 51
53 92626 48 4 92674 0 48
358 92942 98 3 93040 0 98
628 93345 63 2 93408 0 63
603 93888 66 2 93954 0 66
478 95559 95 4 95654 0 95
652 95540 98 4 95733 95 193
778 95946 93 4 96039 0 93
468 96376 27 4 96403 0 27
718 97272 51 3 97323 0 51
277 98611 42 1 98653 0 42
160 98530 87 4 98659 42 129
734 99063 95 3 99158 0 95
144 100000 43 4 100043 0 43
701 100000 72 3 100115 43 115
813 100000 84 2 100199 115 199
385 100000 96 3 100295 199 295
