100978 1000 3743 3671
267 0 48 2 48 0 48
67 0 66 3 114 48 114
94 0 70 4 184 114 184
550 0 96 3 280 184 280
309 0 99 2 379 280 379
504 521 90 3 611 0 90
208 3480 63 3 3543 0 63
674 4237 42 3 4279 0 42
339 5093 89 3 5182 0 89
729 5514 71 1 5585 0 71
417 6516 64 2 6580 0 64
694 6978 40 3 7018 0 40
392 7312 84 4 7396 0 84
653 7633 89 2 7722 0 89
628 7800 41 3 7841 0 41
988 8335 86 3 8421 0 86
901 8526 56 4 8582 0 56
771 8439 93 3 8588 56 149
356 8696 65 3 8761 0 65
281 8843 73 3 8916 0 73
449 9226 49 2 9275 0 49
102 9361 32 2 9393 0 32
374 10378 82 1 10460 0 82
201 11157 63 2 11220 0 63
72 11099 66 4 11228 63 129
35 11075 69 2 11273 129 198
683 11020 73 2 11291 198 271
220 11396 57 2 11453 0 57
231 11705 78 3 11783 0 78
473 11807 88 3 11895 0 88
526 12036 80 4 12116 0 80
345 12769 61 3 12830 0 61
681 13023 91 2 13114 0 91
788 13228 79 3 13307 0 79
258 14399 35 3 14434 0 35
215 14884 25 4 14909 0 25
762 14870 78 4 14973 25 103
959 14927 97 4 15070 46 143
578 15321 79 4 15400 0 79
36 15971 60 4 16031 0 60
394 15979 82 4 16113 52 134
2 15930 99 4 16171 142 241
650 15987 99 3 16270 184 283
993 16396 67 3 16463 0 67
115 16653 97 2 16750 0 97
86 17079 29 3 17108 0 29
110 17539 35 1 17574 0 35
699 17507 97 1 17639 35 132
466 17991 47 4 18038 0 47
245 18426 80 2 18506 0 80
308 18603 57 4 18660 0 57
717 18681 72 4 18753 0 72
986 18814 57 3 18871 0 57
489 18889 60 3 18949 0 60
638 18950 84 4 19034 0 84
431 19108 86 1 19194 0 86
46 19004 89 4 19209 116 205
496 19049 90 3 19299 160 250
856 19314 60 3 19374 0 60
937 18668 95 4 19443 680 775
457 18680 95 4 19456 681 776
874 19533 47 3 19580 0 47
467 19618 28 4 19646 0 28
70 19581 38 4 19647 28 66
8 19793 50 1 19843 0 50
639 19731 92 1 19873 50 142
718 20098 70 1 20168 0 70
714 20215 89 4 20304 0 89
116 20683 88 2 20771 0 88
814 20779 52 1 20831 0 52
904 21121 50 2 21171 0 50
922 21228 93 1 21321 0 93
355 21298 100 2 21421 23 123
849 21537 70 4 21607 0 70
506 21487 74 1 21631 70 144
514 21638 66 2 21704 0 66
497 21611 88 2 21785 86 174
680 21549 92 4 21877 236 328
626 21959 54 4 22013 0 54
23 21963 71 4 22084 50 121
847 22141 69 4 22210 0 69
109 22139 70 4 22278 69 139
216 22273 77 4 22355 5 82
235 22090 96 1 22402 216 312
815 22464 38 1 22502 0 38
657 22477 69 4 22571 25 94
770 22326 97 1 22606 183 280
53 21534 98 4 22616 984 1082
744 22819 61 4 22880 0 61
927 22763 72 4 22896 61 133
266 23134 51 4 23185 0 51
488 23124 87 4 23262 51 138
649 23201 88 3 23350 61 149
77 23351 84 1 23435 0 84
475 23519 75 3 23594 0 75
181 23324 98 3 23607 185 283
831 23750 76 1 23826 0 76
553 23833 38 3 23871 0 38
239 23952 82 2 24034 0 82
188 24139 71 2 24210 0 71
389 24213 46 3 24259 0 46
709 24281 96 2 24377 0 96
765 24418 97 3 24515 0 97
196 24591 54 4 24645 0 54
118 24524 70 3 24648 54 124
600 24821 41 3 24862 0 41
463 25052 74 4 25126 0 74
934 25157 54 3 25211 0 54
941 25332 52 3 25384 0 52
113 25276 66 3 25394 52 118
433 25143 79 4 25394 172 251
703 25438 61 3 25499 0 61
387 25434 71 3 25566 61 132
398 25607 53 4 25660 0 53
448 25213 83 2 25662 366 449
989 25676 55 3 25731 0 55
269 25783 70 4 25853 0 70
793 25332 84 4 25871 455 539
171 24996 84 2 25882 802 886
176 25893 67 2 25960 0 67
359 25943 79 4 26039 17 96
427 25072 88 3 26116 956 1044
652 26125 87 3 26212 0 87
529 26231 53 1 26284 0 53
944 25504 91 4 26347 752 843
193 25724 96 4 26443 623 719
10 26475 81 3 26556 0 81
354 26577 53 2 26630 0 53
579 25639 96 2 26673 938 1034
154 25584 97 4 26770 1089 1186
468 26820 64 2 26884 0 64
776 26485 98 1 26932 349 447
854 26971 99 4 27070 0 99
114 26551 99 3 27130 480 579
625 27201 63 3 27264 0 63
857 27361 76 2 27437 0 76
186 27354 85 2 27515 76 161
191 27492 88 2 27603 23 111
62 27328 90 4 27667 249 339
500 27676 48 4 27724 0 48
840 27787 54 2 27841 0 54
122 27916 58 4 27974 0 58
667 27832 82 2 27981 67 149
253 27999 68 4 28067 0 68
716 28088 28 3 28116 0 28
163 28115 55 2 28171 1 56
460 28126 66 1 28237 45 111
754 28102 69 3 28306 135 204
923 27938 98 4 28365 329 427
664 28925 65 4 28990 0 65
888 28902 88 1 29055 65 153
233 29131 84 4 29215 0 84
552 28959 93 3 29232 180 273
406 29366 58 4 29424 0 58
603 29468 76 2 29544 0 76
248 29345 91 1 29570 134 225
422 29643 67 1 29710 0 67
370 29694 75 4 29785 16 91
432 29585 81 3 29808 142 223
145 29647 86 2 29894 161 247
808 29933 74 4 30007 0 74
881 29446 94 2 30047 507 601
851 30087 78 2 30165 0 78
926 30256 87 2 30343 0 87
865 30147 97 3 30349 105 202
811 30368 93 2 30461 0 93
884 30434 96 3 30557 27 123
415 30585 51 3 30636 0 51
632 30621 83 4 30719 15 98
282 30722 89 4 30811 0 89
997 29408 97 2 30825 1320 1417
476 30861 70 2 30931 0 70
217 30810 97 2 30985 78 175
9 29503 98 3 31083 1482 1580
795 31202 57 3 31259 0 57
97 31225 79 4 31338 34 113
940 31359 56 3 31415 0 56
929 31470 85 2 31555 0 85
999 31256 87 4 31566 223 310
894 31669 41 4 31710 0 41
249 31661 62 4 31764 41 103
242 31769 38 3 31807 0 38
48 31837 24 2 31861 0 24
132 31857 76 2 31937 4 80
726 31711 89 3 31991 191 280
238 31821 96 3 32087 170 266
106 32148 73 4 32221 0 73
137 32182 86 4 32307 39 125
170 31888 100 3 32346 358 458
212 32409 78 4 32487 0 78
315 32445 99 4 32586 42 141
700 32615 60 3 32675 0 60
777 32687 26 1 32713 0 26
461 32707 64 4 32777 6 70
16 32850 30 3 32880 0 30
204 32866 69 3 32949 14 83
55 32686 76 2 32951 189 265
376 33016 65 3 33081 0 65
408 33085 73 4 33158 0 73
164 33124 79 3 33237 34 113
798 32929 82 4 33250 239 321
724 32907 93 3 33343 343 436
719 33370 92 3 33462 0 92
574 33513 55 4 33568 0 55
337 33593 47 2 33640 0 47
177 33652 49 3 33701 0 49
452 33547 56 3 33720 117 173
99 33515 59 3 33779 205 264
61 33861 33 4 33894 0 33
858 33837 68 2 33938 33 101
331 33823 81 4 34005 101 182
531 34052 55 3 34107 0 55
620 34028 72 1 34155 55 127
665 33706 83 1 34171 382 465
123 33694 86 3 34257 477 563
619 34271 75 2 34346 0 75
642 34329 76 4 34422 17 93
416 34446 41 4 34487 0 41
595 34625 40 3 34665 0 40
819 34579 52 4 34671 40 92
423 34522 71 4 34685 92 163
698 34270 83 4 34708 355 438
380 34767 67 4 34834 0 67
587 34901 58 2 34959 0 58
47 34844 60 3 34962 58 118
502 34715 69 4 34969 185 254
987 34962 71 2 35040 7 78
277 35113 60 3 35173 0 60
336 34976 74 3 35174 124 198
713 35124 80 1 35254 50 130
530 35300 80 2 35380 0 80
144 34948 81 4 35415 386 467
20 35444 50 4 35494 0 50
333 35449 73 4 35567 45 118
932 35566 77 3 35644 1 78
878 34942 87 4 35702 673 760
234 33467 87 3 35723 2169 2256
817 35826 48 3 35874 0 48
758 35803 69 2 35920 48 117
655 35107 89 1 35929 733 822
244 36066 42 3 36108 0 42
885 36080 64 4 36172 28 92
82 35383 91 4 36217 743 834
372 33961 91 4 36217 2165 2256
824 36345 52 4 36397 0 52
28 36413 54 3 36467 0 54
863 36350 70 1 36521 101 171
883 36539 64 4 36603 0 64
412 36288 76 3 36604 240 316
63 36626 53 3 36679 0 53
360 36019 91 3 36697 587 678
935 36733 36 4 36769 0 36
690 36776 58 1 36834 0 58
891 36815 68 3 36902 19 87
928 36901 81 4 36983 1 82
880 37138 51 4 37189 0 51
152 37266 45 3 37311 0 45
397 37252 56 3 37353 45 101
708 37323 67 2 37420 30 97
295 37205 74 3 37447 168 242
721 37452 55 3 37507 0 55
707 37103 80 3 37531 348 428
837 37595 30 4 37625 0 30
158 37568 53 3 37651 30 83
327 37683 65 3 37748 0 65
492 37768 30 3 37798 0 30
757 37762 56 2 37848 30 86
515 37794 60 4 37908 54 114
386 37582 66 2 37928 280 346
584 37874 68 3 37996 54 122
112 38041 68 4 38109 0 68
803 38135 60 1 38195 0 60
845 37713 78 4 38202 411 489
616 38247 72 4 38319 0 72
746 37992 79 4 38353 282 361
903 37684 80 2 38433 669 749
379 37305 81 4 38477 1091 1172
96 37058 82 3 38514 1374 1456
505 38649 44 3 38693 0 44
978 38630 54 3 38728 44 98
111 38588 63 4 38749 98 161
827 38810 41 3 38851 0 41
378 38613 67 3 38857 177 244
174 38569 79 2 38917 269 348
24 37391 83 4 38945 1471 1554
594 39086 35 4 39121 0 35
366 39170 46 4 39216 0 46
828 39236 74 3 39310 0 74
686 39085 80 4 39320 155 235
276 37737 84 4 39348 1527 1611
481 38562 84 4 39348 702 786
401 39466 52 4 39518 0 52
789 39525 70 4 39595 0 70
484 39623 61 2 39684 0 61
565 39599 70 4 39730 61 131
161 39734 44 3 39778 0 44
131 39409 76 2 39782 297 373
124 39507 77 3 39859 275 352
18 39898 55 4 39953 0 55
829 40008 55 3 40063 0 55
5 39967 69 4 40091 55 124
513 40044 77 4 40168 47 124
580 40110 77 1 40245 58 135
160 40270 26 3 40296 0 26
39 40253 36 4 40315 26 62
101 39633 84 4 40338 621 705
324 37531 87 4 40364 2746 2833
902 40395 65 4 40460 0 65
886 40523 45 2 40568 0 45
992 40414 84 4 40589 91 175
570 40624 51 4 40675 0 51
802 40722 47 4 40769 0 47
509 40841 46 2 40887 0 46
49 40873 77 4 40964 14 91
263 40786 80 3 40989 123 203
182 41067 52 4 41119 0 52
286 41057 53 1 41162 52 105
90 41012 74 4 41191 105 179
150 41206 59 4 41265 0 59
435 41309 62 3 41371 0 62
469 41286 81 2 41429 62 143
971 40865 86 3 41456 505 591
739 37255 88 3 41502 4159 4247
429 38716 88 3 41502 2698 2786
135 41507 49 3 41556 0 49
65 41598 38 1 41636 0 38
455 41542 75 3 41669 52 127
318 41791 38 4 41829 0 38
918 41826 58 1 41887 3 61
725 41820 62 2 41949 67 129
85 41718 76 4 41952 158 234
759 42021 67 3 42088 0 67
383 42135 47 4 42182 0 47
189 42117 49 2 42213 47 96
93 42237 44 3 42281 0 44
954 42252 54 3 42335 29 83
688 42286 55 2 42390 49 104
246 42208 66 4 42432 158 224
321 42096 69 2 42480 315 384
895 41788 84 3 42487 615 699
210 42555 47 3 42602 0 47
520 42617 43 2 42660 0 43
635 42630 65 1 42725 30 95
647 42730 55 2 42785 0 55
641 42586 76 4 42841 179 255
403 42868 48 4 42916 0 48
313 42523 81 4 42938 334 415
471 42789 83 2 43021 149 232
483 43035 78 3 43113 0 78
185 42211 86 4 43149 852 938
648 40469 89 4 43184 2626 2715
791 43257 55 4 43312 0 55
213 42424 90 4 43329 815 905
319 43396 68 4 43464 0 68
955 43476 70 3 43546 0 70
909 43589 68 2 43657 0 68
430 43445 74 3 43676 157 231
288 43446 74 1 43750 230 304
735 43356 81 1 43791 354 435
671 43879 34 4 43913 0 34
748 43445 89 4 43914 380 469
621 43928 48 4 43976 0 48
661 43990 55 2 44045 0 55
464 42359 90 3 44080 1631 1721
722 36755 91 4 44108 7262 7353
946 44172 53 3 44225 0 53
396 44203 68 4 44361 90 158
120 44224 68 4 44361 69 137
785 44233 75 3 44436 128 203
869 44453 78 4 44531 0 78
279 44560 32 4 44592 0 32
12 44674 63 4 44737 0 63
420 44752 67 2 44819 0 67
838 44729 79 3 44883 75 154
912 44850 80 4 44963 33 113
426 45070 36 1 45106 0 36
361 45029 41 4 45106 36 77
753 45050 59 3 45165 56 115
805 44688 81 4 45180 411 492
781 45194 71 4 45265 0 71
127 44636 81 2 45294 577 658
368 45348 66 4 45414 0 66
910 45430 72 3 45502 0 72
990 44894 83 3 45515 538 621
809 45551 38 4 45589 0 38
855 45567 52 4 45641 22 74
29 45623 64 2 45705 18 82
149 45701 69 3 45774 4 73
523 45850 60 3 45910 0 60
241 46015 58 3 46073 0 58
391 45955 63 3 46076 58 121
347 45833 66 2 46080 181 247
291 45807 75 2 46129 247 322
289 45592 80 2 46176 504 584
967 45759 83 3 46259 417 500
780 46291 78 1 46369 0 78
264 45768 84 2 46421 569 653
87 45003 85 4 46470 1382 1467
749 45698 86 4 46556 772 858
977 46134 89 3 46645 422 511
637 46720 44 3 46764 0 44
608 46745 74 2 46838 19 93
159 46643 90 2 46853 120 210
280 39064 91 4 46862 7707 7798
338 40776 91 4 46862 5995 6086
622 46868 74 4 46942 0 74
872 47015 42 4 47057 0 42
796 46874 75 1 47059 110 185
763 47103 42 3 47145 0 42
375 47147 45 4 47192 0 45
823 47223 60 3 47283 0 60
283 47424 70 2 47494 0 70
437 47381 72 4 47523 70 142
792 47316 72 2 47530 142 214
624 47191 75 3 47541 275 350
676 47234 76 4 47617 307 383
121 47216 76 3 47693 401 477
670 47746 35 4 47781 0 35
302 47780 62 4 47843 1 63
741 47101 77 3 47863 685 762
702 47925 61 4 47986 0 61
400 47869 63 4 47993 61 124
623 48097 49 3 48146 0 49
297 48044 57 3 48150 49 106
960 48058 63 4 48213 92 155
107 47574 78 4 48234 582 660
351 48169 79 4 48313 65 144
913 47380 79 3 48392 933 1012
969 47233 82 2 48474 1159 1241
32 48526 61 3 48587 0 61
890 47427 82 1 48617 1108 1190
51 48613 83 2 48700 4 87
807 48747 74 2 48821 0 74
979 48828 67 4 48895 0 67
501 48742 75 3 48958 141 216
301 48966 47 3 49013 0 47
325 49077 65 3 49142 0 65
911 49067 68 4 49200 65 133
601 49206 60 3 49266 0 60
382 48833 88 4 49313 392 480
527 49339 40 4 49379 0 40
256 49428 44 3 49472 0 44
15 49410 47 2 49501 44 91
618 49402 62 1 49555 91 153
299 49598 40 1 49638 0 40
704 49564 45 2 49649 40 85
549 49700 69 4 49769 0 69
441 49448 85 3 49794 261 346
399 49097 88 4 49806 621 709
598 49924 73 2 49997 0 73
685 49551 88 3 50055 416 504
92 48749 88 3 50055 1218 1306
539 50064 56 2 50120 0 56
590 50180 53 3 50233 0 53
679 50247 50 4 50297 0 50
761 50169 59 3 50331 103 162
995 50271 69 4 50400 60 129
631 50214 69 3 50469 186 255
867 50440 75 2 50544 29 104
353 50576 78 1 50654 0 78
610 50202 79 4 50701 420 499
839 50578 83 2 50784 123 206
799 50387 86 4 50870 397 483
306 50118 88 2 50909 703 791
451 48881 88 1 50988 2019 2107
876 51094 40 2 51134 0 40
275 51060 46 2 51146 40 86
194 51088 64 2 51210 58 122
166 51263 57 3 51320 0 57
27 51220 66 2 51343 57 123
491 51004 74 4 51351 273 347
507 51247 75 4 51426 104 179
583 51026 83 3 51592 483 566
566 51088 83 3 51592 421 504
390 51649 37 3 51686 0 37
221 51655 57 3 51743 31 88
743 51613 68 4 51775 94 162
178 51828 72 3 51900 0 72
228 51602 73 2 51909 234 307
187 51938 56 3 51994 0 56
921 52038 52 4 52090 0 52
75 52087 69 4 52159 3 72
696 52007 74 3 52202 121 195
537 51769 75 4 52235 391 466
510 51993 82 2 52317 242 324
133 52210 83 2 52400 107 190
540 52432 43 4 52475 0 43
800 52481 81 4 52562 0 81
198 52597 73 3 52670 0 73
782 52415 84 3 52696 197 281
675 52709 84 3 52793 0 84
975 51202 85 4 52915 1628 1713
503 52078 85 4 52925 762 847
860 52990 67 2 53057 0 67
768 52979 78 4 53124 67 145
585 52961 82 4 53188 145 227
511 53245 54 1 53299 0 54
310 53222 64 3 53340 54 118
284 53347 58 4 53405 0 58
142 53456 56 2 53512 0 56
384 53547 24 4 53571 0 24
853 53437 66 2 53583 80 146
571 53343 73 4 53620 204 277
755 53376 73 3 53693 244 317
786 53598 75 3 53768 95 170
6 53790 62 3 53852 0 62
367 53363 80 2 53910 467 547
924 53955 45 3 54000 0 45
480 53934 71 1 54050 45 116
662 53904 81 4 54107 122 203
41 54146 45 4 54191 0 45
896 53186 83 2 54198 929 1012
820 54228 76 2 54304 0 76
184 53175 84 3 54358 1099 1183
842 54441 79 3 54520 0 79
524 53671 85 1 54522 766 851
91 54550 35 4 54585 0 35
190 54541 37 4 54613 35 72
850 54563 47 3 54660 50 97
898 54530 51 3 54700 119 170
727 54638 68 3 54768 62 130
965 54776 67 3 54843 0 67
734 54542 71 4 54906 293 364
821 54945 48 1 54993 0 48
835 51610 87 4 54997 3300 3387
418 53813 87 3 55084 1184 1271
257 55140 62 3 55202 0 62
58 55156 78 4 55280 46 124
7 55317 29 2 55346 0 29
227 55352 43 3 55395 0 43
334 55281 62 2 55415 72 134
512 55477 53 3 55530 0 53
832 55546 29 3 55575 0 29
605 55461 66 4 55609 82 148
311 55282 68 4 55631 281 349
737 55633 53 4 55686 0 53
300 55721 62 4 55783 0 62
783 55802 60 2 55862 0 60
130 55678 75 3 55883 130 205
254 55923 38 4 55961 0 38
887 55534 78 3 55997 385 463
611 56020 41 4 56061 0 41
173 55486 79 2 56117 552 631
268 56198 73 3 56271 0 73
593 55383 82 3 56272 807 889
541 55458 83 3 56355 814 897
104 55962 86 4 56441 393 479
17 54173 88 2 56472 2211 2299
689 56499 63 2 56562 0 63
672 56538 86 3 56648 24 110
659 56743 49 4 56792 0 49
179 56825 73 2 56898 0 73
936 56949 27 3 56976 0 27
568 56943 49 3 57019 27 76
534 56912 54 4 57042 76 130
180 56941 67 3 57109 101 168
474 57016 68 4 57177 93 161
644 56759 74 1 57204 371 445
38 56802 80 4 57284 402 482
917 57290 64 1 57354 0 64
136 56933 81 4 57429 415 496
485 56674 82 4 57442 686 768
668 57485 53 3 57538 0 53
905 57063 82 3 57659 514 596
852 57316 82 3 57659 261 343
66 57717 44 4 57761 0 44
203 57137 83 3 57786 566 649
925 57843 56 4 57899 0 56
459 57936 35 4 57971 0 35
19 57958 65 4 58036 13 78
521 57889 69 4 58068 110 179
868 57842 70 4 58137 225 295
658 58141 76 4 58217 0 76
45 58245 27 4 58272 0 27
961 58327 57 2 58384 0 57
146 58332 65 3 58449 52 117
951 58235 72 4 58456 149 221
532 58050 81 4 58515 384 465
57 58523 63 3 58586 0 63
636 58552 65 3 58651 34 99
428 58640 70 3 58721 11 81
64 58781 78 4 58859 0 78
237 58293 84 4 58875 498 582
673 58666 85 4 58960 209 294
711 57140 86 3 59020 1794 1880
773 58296 86 3 59076 694 780
425 59104 37 3 59141 0 37
13 59102 51 2 59190 37 88
870 59142 67 4 59257 48 115
103 59198 68 2 59325 59 127
834 59135 83 3 59408 190 273
54 59437 53 1 59490 0 53
140 59430 75 4 59558 53 128
774 59527 81 4 59639 31 112
875 59489 82 2 59721 150 232
155 57707 87 4 59760 1966 2053
285 59839 49 4 59888 0 49
974 59954 36 4 59990 0 36
404 60027 43 2 60070 0 43
371 60048 54 4 60124 22 76
328 59988 56 2 60143 99 155
893 60098 74 4 60217 45 119
812 60088 77 3 60294 129 206
436 60357 41 4 60398 0 41
78 60048 86 4 60421 287 373
125 60481 39 3 60520 0 39
547 60454 41 3 60534 39 80
669 53810 89 4 60547 6648 6737
731 53458 89 4 60547 7000 7089
312 49204 89 4 60577 11284 11373
752 50317 89 4 60643 10237 10326
1000 53459 89 3 60732 7184 7273
454 54085 89 2 60821 6647 6736
730 46972 90 4 60834 13772 13862
293 60905 54 2 60959 0 54
151 60529 90 4 60971 352 442
34 60996 66 3 61062 0 66
385 61069 69 2 61138 0 69
604 58843 90 3 61196 2263 2353
914 61251 59 4 61310 0 59
682 61308 88 2 61398 2 90
633 61402 68 4 61470 0 68
446 61608 48 2 61656 0 48
687 61554 60 1 61662 48 108
576 60489 91 4 61749 1169 1260
908 47336 91 4 61749 14322 14413
822 61768 43 4 61811 0 43
569 61832 67 2 61899 0 67
329 61926 60 3 61986 0 60
50 61903 67 1 62030 60 127
560 62049 53 3 62102 0 53
3 61906 70 1 62153 177 247
322 62230 41 2 62271 0 41
678 62008 79 4 62273 186 265
606 62293 41 3 62334 0 41
810 61837 84 2 62394 473 557
11 62480 78 4 62558 0 78
859 62565 62 4 62627 0 62
486 62662 75 3 62737 0 75
470 62773 44 1 62817 0 44
117 62833 65 4 62898 0 65
572 62755 71 2 62935 109 180
342 62614 82 4 62964 268 350
332 63082 55 4 63137 0 55
447 63032 59 3 63146 55 114
991 63109 82 4 63228 37 119
25 62774 84 4 63244 386 470
953 62471 85 3 63313 757 842
335 63051 86 4 63399 262 348
37 63413 55 4 63468 0 55
575 63431 77 4 63545 37 114
438 63585 41 4 63626 0 41
556 63609 55 1 63681 17 72
443 63590 62 1 63743 91 153
388 63677 67 3 63810 66 133
554 63643 69 3 63879 167 236
26 63559 79 3 63932 294 373
138 63973 36 4 64009 0 36
651 63935 79 1 64050 36 115
775 64135 30 3 64165 0 30
59 64071 74 4 64175 30 104
968 64287 48 3 64335 0 48
183 64238 62 1 64348 48 110
162 64368 51 3 64419 0 51
80 64313 76 2 64475 86 162
615 64549 55 3 64604 0 55
564 64621 41 4 64662 0 41
906 64677 51 4 64728 0 51
128 64521 58 4 64756 177 235
630 64595 58 4 64784 131 189
695 64847 60 4 64907 0 60
393 64767 69 3 64913 77 146
314 64424 79 4 64946 443 522
172 64967 64 2 65031 0 64
656 64947 78 3 65089 64 142
143 64127 79 3 65104 898 977
943 65116 54 3 65170 0 54
292 65180 59 1 65239 0 59
307 65277 41 2 65318 0 41
405 65331 57 2 65388 0 57
218 65331 63 3 65451 57 120
841 65369 65 4 65516 82 147
779 65517 33 2 65550 0 33
294 64960 81 4 65557 516 597
31 65565 53 3 65618 0 53
613 65577 60 2 65678 41 101
825 65690 53 4 65743 0 53
666 63409 85 3 65766 2272 2357
316 65798 74 2 65872 0 74
147 65880 64 2 65944 0 64
168 65875 83 2 66022 64 147
444 63294 87 4 66064 2683 2770
970 63512 88 4 66152 2552 2640
751 66201 79 4 66280 0 79
206 63543 89 4 66320 2688 2777
705 66360 79 4 66439 0 79
211 63472 90 4 66489 2927 3017
614 66522 60 3 66582 0 60
846 64689 90 2 66639 1860 1950
907 62037 90 1 66652 4525 4615
983 54542 91 4 66655 12022 12113
573 36331 91 3 66720 30298 30389
848 40568 91 3 66775 26116 26207
74 66832 39 2 66871 0 39
89 66802 43 2 66884 39 82
957 66929 40 2 66969 0 40
525 66875 54 4 66978 49 103
462 66969 80 4 67058 9 89
981 67091 43 4 67134 0 43
458 67154 47 4 67201 0 47
836 67064 60 4 67214 90 150
715 67206 76 3 67290 8 84
265 67024 83 3 67367 260 343
677 66917 85 4 67452 450 535
222 63169 91 2 67607 4347 4438
214 48133 91 2 67607 19383 19474
582 67664 46 2 67710 0 46
52 67790 81 2 67871 0 81
68 61161 91 2 67916 6664 6755
278 61499 91 2 67916 6326 6417
972 67953 78 4 68031 0 78
298 48822 91 2 68085 19172 19263
440 68231 65 4 68296 0 65
219 59802 91 1 68332 8439 8530
790 45203 91 1 68332 23038 23129
287 46450 91 1 68423 21882 21973
760 68424 66 3 68490 0 66
897 68599 72 2 68671 0 72
323 68649 83 3 68754 22 105
273 68820 66 4 68886 0 66
303 68946 66 2 69012 0 66
409 68889 80 4 69035 66 146
421 68948 80 3 69115 87 167
493 68764 83 4 69139 292 375
998 67234 92 4 69203 1877 1969
439 49861 92 4 69203 19250 19342
305 69294 42 4 69336 0 42
732 69283 72 3 69397 42 114
252 69448 75 3 69523 0 75
465 55541 92 4 69576 13943 14035
156 54426 92 4 69576 15058 15150
44 69593 51 4 69644 0 51
643 69611 75 4 69719 33 108
544 69955 38 2 69993 0 38
205 69936 62 3 70036 38 100
645 70129 38 4 70167 0 38
126 70098 50 3 70186 38 88
938 70052 69 4 70209 88 157
833 70110 74 3 70283 99 173
43 70171 84 2 70367 112 196
232 69870 84 1 70369 415 499
169 70202 88 2 70457 167 255
966 70485 47 4 70532 0 47
100 69893 89 3 70593 611 700
344 70663 30 3 70693 0 30
519 70185 91 4 70714 438 529
528 66013 92 3 70730 4625 4717
843 48120 92 3 70730 22518 22610
939 70744 71 4 70815 0 71
445 70920 69 3 70989 0 69
304 71003 87 2 71090 0 87
567 39786 92 3 71141 31263 31355
56 40180 92 3 71141 30869 30961
892 71226 37 3 71263 0 37
577 71186 67 4 71290 37 104
996 68714 92 2 71337 2531 2623
561 71470 70 4 71540 0 70
259 71389 82 4 71541 70 152
952 71378 82 2 71612 152 234
517 62659 93 4 71829 9077 9170
592 60574 93 4 71830 11163 11256
516 71546 93 4 71870 231 324
660 36385 93 4 72016 35538 35631
141 41665 93 4 72036 30278 30371
538 72105 67 3 72172 0 67
477 36962 93 2 72289 35234 35327
209 59845 93 2 72289 12351 12444
108 47197 93 1 72382 25092 25185
740 72415 41 4 72456 0 41
148 72452 77 3 72533 4 81
369 72633 58 3 72691 0 58
806 38032 94 4 72840 34714 34808
756 65336 94 4 72840 7410 7504
693 33747 94 4 72840 38999 39093
414 72957 58 1 73015 0 58
326 72906 64 3 73028 58 122
349 72859 66 3 73047 122 188
224 72872 67 3 73114 175 242
747 73098 80 4 73194 16 96
69 73326 49 4 73375 0 49
545 37605 94 4 73412 35713 35807
1 51441 94 4 73412 21877 21971
930 73433 74 2 73507 0 74
197 73520 69 4 73589 0 69
559 73441 83 3 73659 135 218
797 73713 43 2 73756 0 43
358 73426 90 4 73815 299 389
551 73723 90 4 73875 62 152
784 73714 91 2 73966 161 252
627 74095 59 1 74154 0 59
365 74302 68 3 74370 0 68
479 74398 70 3 74468 0 70
247 74371 77 4 74518 70 147
548 74247 82 4 74544 215 297
262 74592 50 4 74642 0 50
916 74548 57 1 74655 50 107
81 74683 79 3 74762 0 79
105 74800 71 1 74871 0 71
640 74980 42 4 75022 0 42
119 74998 83 4 75105 24 107
175 75140 83 3 75223 0 83
453 74943 87 4 75238 208 295
225 74990 90 4 75328 248 338
373 74884 91 3 75360 385 476
482 74616 93 3 75374 665 758
915 41373 94 3 75402 33935 34029
395 55423 94 3 75402 19885 19979
410 47254 94 3 75430 28082 28176
982 34260 94 3 75510 41156 41250
634 75704 29 4 75733 0 29
617 75810 63 2 75873 0 63
343 57940 94 2 75884 17850 17944
736 56341 94 2 75884 19449 19543
200 55101 94 2 75884 20689 20783
207 39691 94 1 75978 36193 36287
712 76223 37 2 76260 0 37
364 76238 74 1 76334 22 96
947 76369 61 4 76430 0 61
83 48899 95 4 76435 27441 27536
794 52975 95 4 76435 23365 23460
591 50960 95 4 76435 25380 25475
742 76601 93 4 76694 0 93
984 76693 93 2 76787 1 94
456 76809 74 4 76883 0 74
192 76972 84 3 77056 0 84
889 77086 77 2 77163 0 77
873 77139 91 2 77254 24 115
442 49424 95 3 77327 27808 27903
769 68870 95 3 77327 8362 8457
362 62531 95 3 77327 14701 14796
352 43266 95 3 77327 33966 34061
533 50534 95 3 77422 26793 26888
733 77529 71 2 77600 0 71
745 77626 54 2 77680 0 54
581 77589 89 4 77743 65 154
900 77535 90 4 77833 208 298
818 77973 87 3 78060 0 87
274 78056 87 2 78147 4 91
261 78002 91 3 78238 145 236
350 66677 95 2 78371 11599 11694
21 49451 95 2 78371 28825 28920
706 76613 95 2 78371 1663 1758
862 36708 95 2 78371 41568 41663
419 42908 95 2 78466 35463 35558
871 54268 95 1 78561 24198 24293
357 78667 95 4 78762 0 95
230 78854 64 4 78918 0 64
723 78999 92 3 79091 0 92
542 79104 58 2 79162 0 58
472 79303 80 3 79383 0 80
920 79397 86 3 79483 0 86
813 79456 93 4 79576 27 120
14 61661 96 4 79609 17852 17948
962 55444 96 4 79609 24069 24165
720 65848 96 4 79609 13665 13761
134 75527 96 4 79609 3986 4082
588 51041 96 4 79609 28472 28568
976 79747 38 4 79785 0 38
317 79956 56 4 80012 0 56
691 80007 63 4 80075 5 68
766 79955 74 1 80148 119 193
844 80200 69 1 80269 0 69
861 80140 83 3 80300 77 160
557 55798 96 3 80376 24482 24578
271 67973 96 3 80376 12307 12403
764 52972 96 3 80376 27308 27404
139 50426 96 3 80376 29854 29950
381 80577 36 4 80613 0 36
684 80540 82 3 80658 36 118
330 80675 86 4 80761 0 86
377 60975 96 2 80868 19797 19893
933 54750 96 2 80868 26022 26118
612 53484 96 2 80868 27288 27384
654 80917 69 4 80986 0 69
629 66225 96 1 81129 14808 14904
599 58948 96 1 81129 22085 22181
701 81225 90 4 81315 0 90
518 73388 97 4 81801 8316 8413
945 35392 97 4 81801 46312 46409
255 71010 97 4 81801 10694 10791
942 74689 97 4 81801 7015 7112
949 73695 97 4 81801 8009 8106
42 58551 97 4 81801 23153 23250
40 82048 88 4 82136 0 88
240 33458 97 3 82258 48703 48800
30 37526 97 3 82272 44649 44746
490 44907 97 3 82272 37268 37365
251 66898 97 3 82272 15277 15374
272 82283 86 3 82369 0 86
826 82372 54 4 82426 0 54
413 82569 93 3 82662 0 93
229 60202 97 3 82699 22400 22497
153 42917 97 3 82699 39685 39782
597 82816 83 4 82899 0 83
411 43585 97 3 82944 39262 39359
562 82731 97 3 82976 148 245
607 56906 97 2 83170 26167 26264
728 46586 97 2 83170 36487 36584
816 83181 91 4 83272 0 91
450 83312 94 3 83406 0 94
79 83422 59 4 83481 0 59
434 83504 93 2 83597 0 93
543 59464 97 1 83701 24140 24237
250 44969 97 1 83701 38635 38732
167 83713 84 4 83797 0 84
738 50619 97 1 83882 33166 33263
931 77244 98 4 84176 6834 6932
22 66001 98 4 84176 18077 18175
33 44715 98 4 84176 39363 39461
586 84187 32 4 84219 0 32
710 84439 51 2 84490 0 51
864 76591 98 4 84651 7962 8060
750 65316 98 4 84651 19237 19335
223 49939 98 4 84651 34614 34712
84 37151 98 4 84651 47402 47500
994 54198 98 4 84847 30551 30649
646 74982 98 4 84847 9767 9865
88 50226 98 3 85143 34819 34917
958 64603 98 3 85143 20442 20540
363 70693 98 3 85143 14352 14450
226 85345 77 2 85422 0 77
296 35971 98 3 85610 49541 49639
95 61719 98 3 85610 23793 23891
772 63413 98 3 85610 22099 22197
882 60549 98 3 85610 24963 25061
692 85627 70 1 85697 0 70
546 49711 98 2 85974 36165 36263
341 66506 98 2 85974 19370 19468
340 41618 98 2 85974 44258 44356
602 48976 98 2 86170 37096 37194
767 45032 98 2 86170 41040 41138
73 86259 81 4 86340 0 81
956 86260 98 3 86438 80 178
535 74195 98 2 86545 12252 12350
919 64051 98 2 86545 22396 22494
487 51217 98 1 86643 35328 35426
877 86700 70 3 86770 0 70
346 86969 46 4 87015 0 46
830 33699 99 4 87155 53357 53456
243 45249 99 4 87155 41807 41906
787 63422 99 4 87155 23634 23733
236 55132 99 4 87155 31924 32023
555 61926 99 4 87254 25229 25328
801 39366 99 3 87650 48185 48284
948 73187 99 3 87650 14364 14463
424 34352 99 3 87650 53199 53298
973 61893 99 3 87650 25658 25757
4 87892 61 2 87953 0 61
129 70569 99 2 88008 17340 17439
402 38856 99 2 88008 49053 49152
589 40584 99 2 88008 47325 47424
536 50143 99 1 88206 37964 38063
522 43425 99 1 88206 44682 44781
76 88212 41 4 88253 0 41
499 35299 100 4 88547 53148 53248
60 38821 100 4 88547 49626 49726
98 60800 100 4 88547 27647 27747
697 50944 100 3 88947 37903 38003
320 64832 100 3 88947 24015 24115
980 52567 100 3 88947 36280 36380
495 45904 100 3 88947 42943 43043
165 88969 78 4 89047 0 78
866 74374 100 2 89125 14651 14751
71 90311 66 2 90377 0 66
964 90769 68 2 90837 0 68
950 91078 42 3 91120 0 42
879 92216 80 3 92296 0 80
963 92946 63 1 93009 0 63
985 93096 77 3 93173 0 77
270 93202 51 4 93253 0 51
508 94221 90 4 94311 0 90
498 95707 65 3 95772 0 65
260 96309 99 4 96408 0 99
609 96777 49 3 96826 0 49
596 97702 88 4 97790 0 88
494 99539 62 4 99601 0 62
202 100000 36 2 100036 0 36
778 100000 41 3 100077 36 77
195 100000 54 4 100131 77 131
663 100000 55 4 100186 131 186
804 100000 58 4 100244 186 244
290 100000 62 1 100306 244 306
563 100000 68 4 100374 306 374
407 100000 78 4 100452 374 452
199 100000 78 3 100608 530 608
558 100000 78 3 100608 530 608
899 100000 83 1 100691 608 691
478 100000 94 4 100785 691 785
348 100000 95 4 100880 785 880
157 100000 98 4 100978 880 978
