100367 1000 125 78
75 0 49 3 49 0 49
770 0 27 3 76 49 76
792 0 25 3 101 76 101
789 0 47 4 148 101 148
810 0 38 4 186 148 186
790 0 57 4 243 186 243
247 0 76 3 319 243 319
973 0 25 2 344 319 344
312 0 27 4 371 344 371
428 0 63 2 434 371 434
610 1731 70 3 1801 0 70
364 2081 63 4 2144 0 63
747 2367 23 3 2390 0 23
963 3629 48 3 3677 0 48
228 5593 62 2 5655 0 62
533 7002 53 4 7055 0 53
138 7188 82 4 7270 0 82
205 7831 30 4 7861 0 30
469 7874 49 3 7923 0 49
101 8872 27 2 8899 0 27
378 8970 34 2 9004 0 34
217 9286 49 4 9335 0 49
120 9435 26 2 9461 0 26
246 9695 39 2 9734 0 39
189 10021 39 3 10060 0 39
545 10353 24 3 10377 0 24
210 10966 22 3 10988 0 22
886 11027 38 3 11065 0 38
84 11041 26 3 11092 25 51
898 11170 23 3 11193 0 23
374 11442 73 3 11515 0 73
445 11986 44 3 12030 0 44
277 12020 37 3 12068 11 48
226 12758 42 4 12800 0 42
701 12982 56 3 13038 0 56
262 13004 21 4 13060 35 56
253 13699 22 2 13721 0 22
177 14310 42 3 14352 0 42
988 14571 27 2 14598 0 27
348 14637 72 4 14709 0 72
83 15017 26 4 15043 0 26
814 15480 45 1 15525 0 45
676 15597 27 4 15624 0 27
121 16126 21 3 16147 0 21
912 16154 36 2 16190 0 36
756 16248 54 4 16302 0 54
146 16276 27 4 16330 27 54
100 16362 28 3 16390 0 28
408 16803 44 1 16847 0 44
450 16908 42 3 16950 0 42
689 16919 44 2 16995 32 76
757 17153 96 4 17249 0 96
948 17346 58 4 17404 0 58
52 17663 35 2 17698 0 35
760 18007 31 2 18038 0 31
872 18086 47 2 18133 0 47
500 18295 29 4 18324 0 29
709 18439 35 3 18474 0 35
938 18851 80 4 18931 0 80
554 18965 86 1 19051 0 86
287 19196 37 4 19233 0 37
37 19523 79 3 19602 0 79
522 19620 33 4 19653 0 33
629 19775 82 4 19857 0 82
949 19871 49 4 19920 0 49
111 20101 30 4 20131 0 30
352 20272 33 3 20305 0 33
309 20784 31 3 20815 0 31
94 20992 50 4 21042 0 50
332 21440 82 4 21522 0 82
519 21442 28 4 21551 81 109
922 21741 27 4 21768 0 27
454 22179 31 2 22210 0 31
507 22281 33 4 22314 0 33
969 22366 63 3 22429 0 63
1000 22412 34 2 22464 18 52
41 22477 51 3 22528 0 51
194 22916 30 4 22946 0 30
572 23174 49 4 23223 0 49
3 23208 79 4 23303 16 95
290 23314 46 4 23360 0 46
159 23342 33 3 23394 19 52
827 23413 31 4 23444 0 31
103 23452 38 2 23490 0 38
186 23456 71 2 23562 35 106
168 23513 33 3 23596 50 83
431 23939 22 2 23961 0 22
299 23945 48 4 24010 17 65
652 24066 41 4 24107 0 41
836 24094 39 3 24147 14 53
368 24316 42 4 24358 0 42
286 24573 23 3 24596 0 23
77 24768 78 3 24846 0 78
434 24958 61 2 25019 0 61
85 24985 26 2 25046 35 61
615 25016 73 3 25119 30 103
18 25158 39 4 25197 0 39
877 25612 69 4 25681 0 69
387 25678 26 3 25708 4 30
542 25843 24 4 25867 0 24
693 25859 30 4 25898 9 39
844 25999 28 2 26027 0 28
289 26188 47 3 26235 0 47
939 26271 69 1 26340 0 69
399 26293 68 4 26409 48 116
705 26556 22 4 26578 0 22
525 26771 23 4 26794 0 23
609 26975 34 2 27009 0 34
657 27067 35 4 27102 0 35
817 27073 41 4 27144 30 71
252 27305 34 3 27339 0 34
133 27406 37 3 27443 0 37
339 27432 41 4 27485 12 53
777 27674 75 2 27749 0 75
51 27732 25 1 27775 18 43
257 27751 48 3 27824 25 73
684 27800 79 1 27904 25 104
899 27802 59 3 27963 102 161
530 28000 93 4 28093 0 93
787 28089 45 4 28139 5 50
598 28090 40 1 28179 49 89
548 28165 47 4 28227 15 62
704 28211 30 3 28258 17 47
633 28268 90 3 28358 0 90
940 28330 46 4 28405 29 75
422 28366 43 3 28449 40 83
982 28373 38 4 28487 76 114
691 28380 38 2 28525 107 145
124 28616 33 2 28649 0 33
135 28842 24 4 28866 0 24
92 28863 27 1 28894 4 31
382 28967 37 3 29004 0 37
423 29042 51 4 29093 0 51
202 29098 52 4 29150 0 52
578 29178 63 4 29241 0 63
837 29325 44 1 29369 0 44
506 29340 27 3 29397 30 57
993 29491 25 4 29516 0 25
199 29561 65 4 29626 0 65
105 29649 82 3 29731 0 82
203 29678 27 4 29759 54 81
597 29812 38 4 29850 0 38
62 29840 29 4 29880 11 40
141 29846 67 4 29947 34 101
305 29980 39 3 30019 0 39
420 30010 63 4 30083 10 73
505 30087 33 3 30120 0 33
930 30173 88 4 30261 0 88
611 30228 32 1 30294 34 66
808 30320 45 4 30365 0 45
379 30556 55 3 30611 0 55
818 30638 51 3 30689 0 51
663 30788 59 3 30847 0 59
11 30835 65 1 30913 13 78
153 30957 30 4 30987 0 30
197 31012 28 4 31040 0 28
997 31049 42 3 31091 0 42
415 31284 80 2 31364 0 80
761 31358 27 1 31392 7 34
435 31397 84 3 31481 0 84
634 31436 64 4 31546 46 110
753 31455 41 4 31587 91 132
443 31549 23 4 31611 39 62
532 31621 64 3 31685 0 64
99 31629 57 3 31743 57 114
651 31807 79 3 31886 0 79
268 31894 23 2 31917 0 23
321 31930 41 4 31971 0 41
630 32208 31 3 32239 0 31
394 32337 22 4 32359 0 22
865 32362 28 3 32390 0 28
881 32373 22 4 32413 18 40
811 32396 45 2 32459 18 63
566 32406 36 4 32495 53 89
744 32488 50 4 32546 8 58
410 32609 57 1 32666 0 57
274 32637 20 2 32687 30 50
191 32739 54 3 32793 0 54
349 32809 70 4 32879 0 70
975 32842 54 4 32934 38 92
905 32864 45 1 32979 70 115
539 32907 45 1 33025 73 118
631 32992 72 3 33098 34 106
774 32994 53 4 33151 104 157
862 33006 62 3 33213 145 207
936 33022 52 3 33265 191 243
213 33087 69 3 33335 179 248
769 33095 89 4 33424 240 329
167 33165 42 4 33466 259 301
564 33203 53 4 33519 263 316
460 33303 33 3 33553 217 250
807 33306 32 2 33585 247 279
106 33321 56 1 33641 264 320
66 33333 36 4 33677 308 344
102 33412 34 2 33711 265 299
586 33414 45 3 33756 297 342
283 33498 69 2 33825 258 327
23 33515 22 3 33847 310 332
433 33554 49 2 33897 294 343
444 33601 27 3 33924 296 323
411 33712 53 4 33977 212 265
119 33743 29 1 34006 234 263
200 33806 44 1 34050 200 244
128 34004 78 4 34129 47 125
127 34006 26 1 34155 123 149
685 34012 74 3 34229 143 217
166 34044 28 2 34257 185 213
362 34082 32 3 34290 176 208
534 34246 72 3 34362 44 116
442 34286 24 2 34387 77 101
617 34297 26 2 34413 90 116
583 34428 35 4 34463 0 35
437 34500 31 4 34531 0 31
989 34589 90 3 34679 0 90
636 34671 72 2 34752 9 81
687 34684 56 1 34809 69 125
440 34689 81 4 34890 120 201
654 34717 78 3 34968 173 251
107 34812 67 2 35036 157 224
236 34875 28 3 35064 161 189
486 34971 29 4 35094 94 123
354 35016 26 2 35120 78 104
480 35221 28 4 35249 0 28
238 35230 57 2 35307 20 77
843 35304 42 2 35350 4 46
840 35329 53 3 35404 22 75
678 35345 40 4 35444 59 99
16 35523 67 2 35590 0 67
27 35531 55 2 35646 60 115
722 35599 34 2 35681 48 82
800 35688 66 4 35754 0 66
326 35717 22 2 35777 38 60
674 35727 31 3 35808 50 81
683 35829 69 3 35898 0 69
785 35839 23 3 35922 60 83
766 35870 76 3 35998 52 128
791 35896 50 4 36048 102 152
295 36003 77 1 36126 46 123
514 36222 49 3 36271 0 49
978 36307 55 4 36362 0 55
549 36322 57 4 36420 41 98
642 36444 25 3 36469 0 25
220 36470 48 2 36518 0 48
17 36505 76 1 36595 14 90
359 36547 65 4 36661 49 114
775 36549 22 4 36683 112 134
467 36591 72 3 36755 92 164
782 36819 68 4 36887 0 68
31 36822 64 3 36952 66 130
333 36879 47 4 36999 73 120
620 36985 35 4 37035 15 50
803 37020 37 3 37073 16 53
888 37042 29 2 37103 32 61
802 37091 42 2 37146 13 55
573 37092 60 4 37206 54 114
328 37188 38 4 37245 19 57
436 37206 47 2 37292 39 86
68 37245 36 2 37329 48 84
966 37271 38 4 37367 58 96
207 37277 33 3 37400 90 123
781 37311 20 4 37421 90 110
183 37371 69 4 37490 50 119
413 37376 47 2 37537 114 161
284 37468 45 2 37583 70 115
29 37579 43 3 37627 5 48
192 37581 25 4 37652 46 71
831 37728 52 3 37780 0 52
721 37781 42 4 37823 0 42
14 37827 65 4 37892 0 65
185 37883 67 3 37960 10 77
926 37922 83 2 38044 39 122
429 37935 41 4 38085 109 150
700 37952 59 3 38144 133 192
384 37999 39 4 38184 146 185
521 38080 59 4 38243 104 163
655 38136 30 4 38273 107 137
890 38166 48 3 38322 108 156
896 38189 28 3 38350 133 161
990 38261 91 3 38441 89 180
430 38278 36 3 38478 164 200
397 38356 96 4 38574 122 218
390 38496 39 2 38614 79 118
838 38533 51 2 38665 81 132
150 38560 85 3 38750 105 190
839 38680 75 3 38826 71 146
565 38744 23 4 38849 82 105
369 38790 33 3 38883 60 93
921 38801 48 3 38931 82 130
419 38831 53 4 38984 100 153
928 38877 49 4 39034 108 157
737 38915 41 3 39075 119 160
65 38920 70 3 39145 155 225
736 38929 61 4 39206 216 277
866 38937 50 4 39256 269 319
320 39144 74 4 39331 113 187
531 39147 42 4 39373 184 226
639 39206 36 4 39409 167 203
425 39301 83 2 39493 109 192
713 39313 26 2 39519 180 206
821 39322 28 4 39547 197 225
91 39357 51 4 39598 190 241
1 39444 68 4 39667 155 223
953 39573 94 3 39761 94 188
188 39677 31 4 39793 85 116
520 39790 21 4 39815 4 25
834 39867 41 3 39908 0 41
389 39869 66 4 39975 40 106
884 39910 51 1 40027 66 117
80 39914 93 2 40120 113 206
5 39922 32 4 40152 198 230
449 40009 32 4 40185 144 176
825 40222 34 4 40256 0 34
728 40228 62 4 40319 29 91
788 40251 79 3 40398 68 147
842 40273 35 1 40434 126 161
71 40284 43 1 40477 150 193
471 40411 30 1 40508 67 97
365 40550 84 1 40634 0 84
957 40564 52 4 40687 71 123
8 40620 21 2 40708 67 88
903 40702 39 4 40748 7 46
733 40721 86 3 40835 28 114
143 40773 62 4 40898 63 125
538 40849 54 3 40953 50 104
528 40871 54 4 41007 82 136
64 40892 73 3 41080 115 188
571 40925 48 2 41129 156 204
954 40972 23 3 41152 157 180
515 40974 26 4 41178 178 204
330 41001 50 3 41228 177 227
340 41035 24 4 41252 193 217
849 41051 29 4 41281 201 230
306 41086 49 1 41331 196 245
206 41095 56 4 41387 236 292
858 41099 33 4 41420 288 321
765 41101 33 4 41453 319 352
453 41117 27 4 41480 336 363
273 41190 23 1 41503 290 313
543 41247 48 2 41551 256 304
250 41318 26 3 41578 234 260
603 41320 47 2 41625 258 305
93 41378 36 4 41661 247 283
297 41378 39 4 41700 283 322
824 41484 41 2 41741 216 257
518 41571 42 2 41784 171 213
680 41594 91 2 41875 190 281
319 41666 69 3 41944 209 278
608 41759 26 4 41971 186 212
89 41799 85 3 42056 172 257
21 42008 22 2 42079 49 71
902 42040 97 3 42176 39 136
665 42108 28 4 42205 69 97
477 42133 22 3 42227 72 94
398 42207 67 4 42295 21 88
174 42247 50 2 42346 49 99
868 42247 25 3 42371 99 124
559 42249 40 3 42411 122 162
154 42292 43 3 42454 119 162
919 42351 83 4 42538 104 187
147 42432 39 2 42577 106 145
752 42652 42 3 42694 0 42
830 42740 25 2 42765 0 25
304 42748 84 1 42850 18 102
880 42801 22 3 42873 50 72
327 42871 21 4 42895 3 24
582 42891 24 3 42920 5 29
7 42917 42 1 42963 4 46
819 42936 45 4 43009 28 73
53 42971 25 4 43035 39 64
832 42987 68 3 43103 48 116
308 43037 60 4 43164 67 127
977 43066 37 4 43201 98 135
400 43093 69 2 43270 108 177
855 43135 27 3 43298 136 163
848 43146 34 4 43332 152 186
952 43153 22 1 43354 179 201
90 43192 39 2 43393 162 201
625 43242 23 1 43416 151 174
176 43264 42 4 43458 152 194
558 43308 55 2 43514 151 206
130 43390 22 4 43536 124 146
576 43406 80 3 43616 130 210
32 43545 79 3 43696 72 151
313 43642 49 1 43746 55 104
404 43645 24 1 43770 101 125
383 43658 25 1 43795 112 137
593 43708 65 2 43861 88 153
621 43728 70 3 43931 133 203
155 43741 20 1 43951 190 210
563 43764 54 4 44005 187 241
463 43782 53 4 44058 223 276
456 43883 69 1 44128 176 245
95 43911 26 4 44154 217 243
746 43951 34 4 44188 203 237
338 44071 21 4 44210 118 139
261 44145 53 4 44263 65 118
489 44156 27 4 44290 107 134
288 44193 30 4 44321 98 128
575 44194 52 2 44373 127 179
677 44204 58 3 44431 169 227
816 44221 67 2 44498 210 277
34 44227 60 4 44558 271 331
221 44251 39 4 44597 307 346
322 44269 72 3 44669 328 400
537 44313 32 4 44702 357 389
726 44349 75 3 44777 353 428
55 44377 23 3 44800 400 423
632 44438 28 2 44828 362 390
376 44464 30 1 44858 364 394
110 44498 61 4 44919 360 421
401 44520 62 2 44981 399 461
846 44529 25 4 45006 452 477
946 44553 72 4 45078 453 525
584 44557 25 3 45103 521 546
797 44684 44 4 45148 420 464
118 44775 41 2 45189 373 414
860 44932 89 4 45278 257 346
318 44966 70 4 45348 312 382
804 44977 62 4 45410 371 433
74 45074 58 3 45468 336 394
692 45171 51 4 45520 298 349
219 45211 70 3 45590 309 379
371 45269 36 2 45626 321 357
329 45276 45 2 45671 350 395
6 45416 49 2 45720 255 304
859 45449 44 2 45764 271 315
580 45455 32 4 45796 309 341
640 45484 46 2 45843 313 359
311 45565 82 4 45925 278 360
386 45586 35 3 45960 339 374
495 45613 71 1 46031 347 418
873 45719 80 4 46111 312 392
605 45748 26 4 46137 363 389
212 45855 32 3 46170 283 315
468 46010 49 3 46219 160 209
227 46080 50 3 46269 139 189
937 46100 79 3 46348 169 248
793 46211 22 4 46371 138 160
57 46328 62 4 46433 43 105
175 46374 31 4 46465 60 91
350 46379 68 2 46533 86 154
799 46406 41 4 46574 127 168
707 46448 33 4 46608 127 160
508 46452 25 1 46633 156 181
717 46474 40 3 46673 159 199
809 46514 62 4 46735 159 221
172 46523 62 3 46797 212 274
267 46527 62 3 46859 270 332
149 46618 25 1 46885 242 267
592 46712 33 2 46918 173 206
82 46772 21 1 46939 146 167
934 46796 24 4 46963 143 167
275 46821 23 4 46986 142 165
315 46880 54 4 47041 107 161
70 46880 26 2 47067 161 187
795 46884 74 3 47141 183 257
234 46939 58 2 47199 202 260
606 46976 57 1 47256 223 280
427 46984 22 3 47278 272 294
117 47092 37 1 47316 187 224
45 47144 42 2 47358 172 214
248 47187 23 2 47381 171 194
48 47235 39 3 47420 146 185
455 47390 77 4 47498 31 108
243 47489 25 3 47524 10 35
864 47560 26 1 47586 0 26
893 47580 62 1 47649 7 69
132 47587 30 4 47679 62 92
483 47596 29 4 47709 84 113
660 47635 27 1 47736 74 101
144 47726 69 4 47806 11 80
38 47777 49 2 47856 30 79
853 47898 56 3 47954 0 56
806 47904 33 1 47988 51 84
813 47993 44 4 48037 0 44
697 47993 28 1 48065 44 72
58 48138 36 4 48174 0 36
156 48278 22 2 48300 0 22
638 48298 47 2 48348 3 50
696 48345 22 4 48371 4 26
76 48357 34 3 48406 15 49
577 48358 58 2 48464 48 106
869 48388 50 1 48515 77 127
612 48392 61 4 48576 123 184
910 48559 54 3 48631 18 72
829 48581 36 2 48668 51 87
211 48651 23 3 48692 18 41
343 48693 28 4 48721 0 28
204 48704 64 3 48786 18 82
950 48734 32 3 48819 53 85
661 48818 46 1 48866 2 48
60 48918 31 4 48949 0 31
317 48926 57 3 49007 24 81
730 48929 24 3 49031 78 102
479 48944 36 4 49067 87 123
157 48992 47 3 49115 76 123
96 49018 39 4 49154 97 136
169 49087 53 4 49208 68 121
461 49146 27 1 49235 62 89
69 49219 42 4 49278 17 59
523 49340 34 4 49374 0 34
587 49373 40 4 49415 2 42
941 49385 21 4 49437 31 52
971 49496 27 3 49523 0 27
875 49542 26 3 49568 0 26
171 49771 64 4 49835 0 64
22 49857 26 3 49883 0 26
381 49860 30 4 49914 24 54
845 49949 22 4 49971 0 22
568 50013 49 3 50062 0 49
19 50015 33 3 50096 48 81
561 50141 33 3 50174 0 33
418 50216 25 3 50241 0 25
755 50228 79 1 50321 14 93
49 50259 65 4 50387 63 128
959 50476 41 2 50517 0 41
706 50567 43 4 50610 0 43
879 50601 29 4 50640 10 39
694 50930 78 2 51008 0 78
732 50937 67 3 51076 72 139
883 50990 62 3 51138 86 148
762 50999 45 3 51183 139 184
15 51025 33 1 51217 159 192
529 51043 44 3 51261 174 218
601 51100 33 1 51294 161 194
650 51170 36 4 51330 124 160
26 51201 61 4 51392 130 191
820 51255 45 1 51437 137 182
9 51265 25 2 51462 172 197
115 51295 24 1 51486 167 191
763 51298 27 1 51513 188 215
46 51301 31 3 51544 212 243
889 51303 44 2 51588 241 285
841 51324 47 3 51635 264 311
281 51342 72 2 51708 294 366
579 51361 42 1 51750 347 389
87 51388 37 2 51787 362 399
715 51394 47 2 51834 393 440
908 51554 67 3 51901 280 347
942 51555 42 4 51943 346 388
544 51644 34 4 51978 300 334
801 51684 23 4 52001 294 317
193 51719 27 1 52028 282 309
244 51760 50 4 52078 268 318
984 51969 84 4 52163 110 194
513 52058 53 3 52216 105 158
162 52086 28 4 52245 131 159
929 52161 38 2 52283 84 122
497 52174 88 2 52371 109 197
416 52324 60 3 52432 48 108
392 52350 44 3 52476 82 126
823 52360 33 1 52509 116 149
986 52385 59 4 52569 125 184
272 52396 26 3 52595 173 199
994 52421 39 4 52634 174 213
981 52468 35 1 52669 166 201
550 52481 53 4 52722 188 241
972 52600 30 2 52753 123 153
504 52670 75 4 52828 83 158
158 52707 52 1 52880 121 173
300 52749 47 4 52928 132 179
279 52761 53 4 52981 167 220
98 52794 23 2 53004 187 210
324 52834 31 3 53035 170 201
375 52927 75 3 53111 109 184
670 52960 54 4 53165 151 205
996 52963 29 4 53194 202 231
344 52984 35 4 53229 210 245
237 53133 26 2 53256 97 123
894 53163 42 1 53298 93 135
249 53262 50 4 53349 37 87
847 53265 62 3 53411 84 146
616 53301 43 2 53455 111 154
833 53308 66 4 53521 147 213
708 53347 26 4 53547 174 200
50 53435 33 4 53581 113 146
285 53543 63 2 53644 38 101
282 53634 25 4 53670 11 36
915 53638 64 4 53734 32 96
714 53663 40 1 53775 72 112
316 53673 38 3 53813 102 140
920 53691 71 2 53884 122 193
298 53712 41 3 53925 172 213
516 53741 31 4 53957 185 216
373 53831 40 2 53997 126 166
292 53914 47 3 54044 83 130
280 53930 24 2 54069 115 139
547 53940 43 3 54112 129 172
347 53960 55 2 54167 152 207
2 53978 63 3 54230 189 252
465 53987 86 4 54316 243 329
517 54016 49 4 54365 300 349
104 54078 82 4 54448 288 370
265 54087 26 2 54474 361 387
409 54115 37 3 54511 359 396
812 54346 66 2 54577 165 231
485 54357 43 4 54620 220 263
126 54358 20 3 54640 262 282
798 54431 31 4 54672 210 241
741 54548 85 4 54757 124 209
643 54668 37 2 54795 90 127
979 54710 21 3 54816 85 106
786 54851 76 2 54927 0 76
897 54864 53 4 54981 64 117
895 54905 31 4 55012 76 107
956 54909 21 1 55033 103 124
535 54914 62 4 55095 119 181
396 54937 27 4 55123 159 186
749 55021 23 3 55146 102 125
911 55094 41 2 55187 52 93
426 55219 77 4 55296 0 77
184 55264 36 4 55333 33 69
367 55293 90 2 55423 40 130
296 55353 63 1 55487 71 134
380 55363 38 3 55525 124 162
871 55500 71 4 55597 26 97
39 55508 67 4 55664 89 156
968 55569 74 4 55739 96 170
645 55666 37 4 55777 74 111
918 55711 33 3 55810 66 99
136 55712 27 3 55837 98 125
932 55872 67 3 55939 0 67
63 55892 69 4 56009 48 117
474 55919 48 2 56057 90 138
991 55961 28 3 56086 97 125
931 55967 20 4 56106 119 139
560 56342 47 2 56389 0 47
407 56353 72 4 56462 37 109
40 56399 31 1 56494 64 95
251 56484 54 2 56549 11 65
254 56559 46 3 56605 0 46
56 56605 75 2 56681 1 76
334 56607 72 4 56754 75 147
664 56678 66 1 56820 76 142
658 56831 38 2 56869 0 38
424 56903 31 4 56934 0 31
637 57140 68 4 57208 0 68
623 57160 77 4 57286 49 126
695 57334 35 4 57369 0 35
710 57380 20 4 57400 0 20
729 57407 43 3 57450 0 43
662 57422 36 3 57487 29 65
734 57451 39 4 57526 36 75
446 57534 60 2 57594 0 60
555 57682 79 4 57761 0 79
412 57705 22 1 57784 57 79
395 57738 62 2 57846 46 108
173 57752 35 3 57881 94 129
835 57767 33 3 57915 115 148
181 57878 86 4 58001 37 123
270 58060 80 4 58140 0 80
59 58141 42 2 58183 0 42
242 58147 87 4 58271 37 124
614 58162 46 4 58317 109 155
935 58178 26 3 58343 139 165
245 58195 39 2 58383 149 188
540 58245 67 4 58450 138 205
266 58255 73 2 58523 195 268
335 58410 46 3 58570 114 160
690 58429 57 2 58627 141 198
796 58461 26 2 58653 166 192
698 58486 60 2 58713 167 227
487 58507 44 2 58757 206 250
79 58515 72 4 58829 242 314
748 58607 49 1 58879 223 272
307 58607 34 3 58913 272 306
768 58918 52 4 58970 0 52
139 58952 56 4 59027 19 75
646 58986 62 3 59090 42 104
114 59017 25 2 59115 73 98
123 59061 37 3 59153 55 92
742 59102 46 3 59199 51 97
607 59142 56 1 59256 58 114
293 59206 63 3 59320 51 114
648 59229 94 2 59414 91 185
209 59419 77 1 59496 0 77
258 59500 27 4 59527 0 27
448 59505 29 3 59557 23 52
627 59534 73 1 59631 24 97
784 59595 51 3 59683 37 88
231 59632 41 3 59724 51 92
163 59660 29 4 59754 65 94
24 59710 58 2 59812 44 102
965 59783 79 4 59892 30 109
656 59817 33 4 59926 76 109
552 59912 49 4 59976 15 64
391 59949 23 3 60000 28 51
402 60049 58 4 60107 0 58
492 60081 44 4 60152 27 71
720 60092 44 3 60196 60 104
867 60142 70 2 60267 55 125
999 60415 30 2 60445 0 30
751 60498 41 3 60539 0 41
331 60527 40 3 60580 13 53
974 60619 48 1 60667 0 48
874 60646 92 3 60760 22 114
458 60741 26 3 60787 20 46
724 60744 74 3 60861 43 117
195 60825 21 3 60883 37 58
702 60832 25 4 60908 51 76
778 60837 38 3 60946 71 109
356 61006 25 4 61031 0 25
909 61030 22 1 61054 2 24
432 61170 64 4 61234 0 64
302 61248 37 1 61285 0 37
42 61285 46 4 61332 1 47
992 61328 52 2 61385 5 57
599 61357 28 2 61414 29 57
484 61371 64 3 61478 43 107
33 61407 38 4 61517 72 110
659 61472 39 3 61556 45 84
727 61508 32 4 61589 49 81
439 61576 22 4 61612 14 36
745 61747 55 2 61802 0 55
271 61775 31 2 61834 28 59
301 61784 28 3 61862 50 78
892 61944 42 2 61986 0 42
861 62043 41 4 62084 0 41
591 62058 23 4 62108 27 50
649 62093 39 3 62148 16 55
161 62181 28 2 62209 0 28
493 62344 42 4 62386 0 42
498 62390 21 1 62411 0 21
995 62432 46 3 62478 0 46
945 62459 23 3 62502 20 43
826 62562 25 1 62587 0 25
67 62579 28 1 62616 9 37
924 62614 63 4 62680 3 66
12 62629 60 2 62741 52 112
851 62648 60 4 62801 93 153
635 62697 32 3 62834 105 137
377 62739 29 1 62863 95 124
907 62889 47 1 62936 0 47
151 62908 58 4 62995 29 87
740 62961 53 3 63049 35 88
86 63086 22 4 63108 0 22
372 63102 65 4 63174 7 72
569 63103 38 4 63212 71 109
294 63120 75 4 63288 93 168
260 63151 43 3 63331 137 180
187 63186 49 3 63380 145 194
10 63329 50 3 63431 52 102
780 63417 34 3 63466 15 49
596 63578 43 3 63621 0 43
28 63579 53 3 63675 43 96
604 63630 26 1 63702 46 72
182 63701 26 4 63729 2 28
647 63730 34 2 63764 0 34
232 63731 67 4 63832 34 101
81 63776 29 4 63862 57 86
669 63933 59 4 63992 0 59
36 64007 26 2 64033 0 26
325 64009 61 3 64095 25 86
447 64069 29 4 64125 27 56
913 64125 42 3 64168 1 43
764 64131 72 4 64241 38 110
688 64146 69 3 64310 95 164
116 64256 67 4 64378 55 122
73 64275 46 4 64424 103 149
337 64347 37 2 64462 78 115
385 64415 54 3 64516 47 101
904 64432 76 1 64593 85 161
556 64465 35 2 64628 128 163
551 64666 40 1 64706 0 40
983 64782 49 2 64831 0 49
622 64840 47 4 64887 0 47
198 64928 69 2 64997 0 69
917 64998 54 4 65052 0 54
719 65000 58 2 65111 53 111
758 65102 57 4 65169 10 67
703 65131 60 4 65230 39 99
767 65181 38 1 65269 50 88
987 65181 96 3 65365 88 184
850 65218 80 4 65445 147 227
562 65247 34 4 65480 199 233
438 65266 55 2 65535 214 269
196 65266 36 4 65571 269 305
35 65321 24 1 65595 250 274
481 65342 20 4 65615 253 273
470 65363 66 2 65681 252 318
225 65439 21 4 65702 242 263
738 65502 96 4 65799 201 297
170 65540 35 4 65834 259 294
675 65713 51 3 65886 122 173
502 65744 30 3 65916 142 172
499 65765 50 3 65966 151 201
822 65794 85 3 66051 172 257
557 66070 56 4 66126 0 56
771 66092 42 3 66169 35 77
472 66169 75 4 66245 1 76
759 66247 33 1 66280 0 33
686 66278 31 2 66312 3 34
527 66310 31 2 66344 3 34
574 66365 40 2 66405 0 40
216 66368 43 1 66449 38 81
828 66372 66 2 66515 77 143
490 66381 29 2 66544 134 163
165 66410 78 4 66623 135 213
4 66461 43 1 66666 162 205
30 66537 48 2 66714 129 177
303 66552 34 4 66749 163 197
353 66609 58 2 66807 140 198
671 66610 39 4 66846 197 236
417 66675 69 1 66915 171 240
618 66694 51 3 66966 221 272
61 66730 38 3 67005 237 275
594 66775 35 3 67040 230 265
794 67049 49 4 67098 0 49
900 67100 25 4 67125 0 25
916 67106 45 4 67171 20 65
241 67229 56 3 67285 0 56
451 67409 56 4 67465 0 56
494 67503 47 2 67550 0 47
624 67601 48 3 67649 0 48
222 67723 33 3 67756 0 33
441 67736 29 3 67786 21 50
129 67765 50 4 67837 22 72
731 67800 47 4 67885 38 85
224 67834 31 2 67916 51 82
641 67962 25 3 67987 0 25
546 68060 26 2 68086 0 26
553 68162 66 2 68228 0 66
403 68177 55 3 68284 52 107
264 68192 48 4 68332 92 140
233 68198 23 1 68355 134 157
134 68431 24 4 68455 0 24
421 68548 92 4 68640 0 92
712 68568 24 3 68665 73 97
180 68902 66 4 68968 0 66
524 68905 22 2 68991 64 86
179 68932 65 4 69056 59 124
341 68991 46 3 69103 66 112
351 69026 35 1 69138 77 112
882 69417 27 2 69444 0 27
711 69549 43 4 69592 0 43
541 69565 63 4 69656 28 91
215 69873 58 3 69931 0 58
863 70044 67 3 70111 0 67
88 70112 55 4 70167 0 55
20 70113 85 3 70253 55 140
723 70212 37 3 70291 42 79
958 70363 30 4 70393 0 30
503 70377 20 2 70414 17 37
961 70417 45 3 70462 0 45
230 70515 50 3 70565 0 50
852 70527 28 4 70594 39 67
511 70564 52 2 70646 30 82
25 70654 59 2 70713 0 59
644 70693 98 3 70812 21 119
239 70764 72 3 70885 49 121
947 70941 60 3 71001 0 60
54 70956 67 4 71069 46 113
699 71012 21 4 71091 58 79
223 71013 22 4 71113 78 100
323 71044 55 2 71168 69 124
653 71079 71 4 71240 90 161
887 71082 33 2 71273 158 191
754 71088 94 4 71367 185 279
772 71209 46 4 71414 159 205
743 71219 68 4 71482 195 263
476 71295 56 3 71538 187 243
473 71396 58 3 71597 143 201
240 71409 33 4 71630 188 221
815 71563 24 4 71655 68 92
668 71661 40 4 71701 0 40
933 71811 43 4 71854 0 43
112 72064 35 4 72099 0 35
857 72127 30 2 72157 0 30
145 72378 35 4 72413 0 35
482 72534 54 2 72588 0 54
588 72619 56 1 72675 0 56
876 72692 41 4 72733 0 41
314 72763 20 4 72783 0 20
255 72872 24 2 72896 0 24
682 72941 22 4 72963 0 22
998 72957 48 3 73012 7 55
725 73103 49 3 73152 0 49
570 73307 40 2 73347 0 40
509 73397 71 4 73468 0 71
256 73471 46 4 73517 0 46
109 73497 51 3 73569 21 72
716 73504 62 2 73631 65 127
276 73536 24 4 73656 96 120
358 73656 57 2 73714 1 58
466 73676 77 1 73792 39 116
478 73812 30 4 73842 0 30
589 73831 49 3 73892 12 61
43 73861 55 4 73948 32 87
218 74016 28 4 74044 0 28
681 74079 31 1 74110 0 31
739 74123 32 2 74155 0 32
600 74173 41 4 74214 0 41
673 74182 59 1 74274 33 92
178 74197 30 4 74304 77 107
208 74204 39 3 74343 100 139
783 74285 44 1 74388 59 103
944 74317 63 3 74451 71 134
488 74489 31 2 74520 0 31
47 74562 51 1 74613 0 51
459 74569 51 1 74665 45 96
78 75009 30 2 75039 0 30
263 75103 55 1 75158 0 55
366 75176 35 1 75211 0 35
856 75349 60 2 75409 0 60
491 75457 76 4 75533 0 76
355 75589 26 4 75615 0 26
667 75619 74 4 75693 0 74
955 75733 25 3 75758 0 25
666 75797 37 4 75834 0 37
475 75905 40 4 75945 0 40
360 75906 75 4 76021 40 115
310 75931 21 3 76042 90 111
970 76300 21 4 76321 0 21
462 76419 64 4 76483 0 64
891 76703 28 4 76731 0 28
291 76977 50 2 77027 0 50
779 76997 65 3 77093 31 96
345 77115 70 1 77185 0 70
72 77159 55 2 77241 27 82
619 77411 45 3 77456 0 45
923 77443 100 1 77557 14 114
980 77512 27 3 77585 46 73
142 77548 50 4 77635 37 87
214 77552 83 2 77718 83 166
967 77553 31 3 77749 165 196
229 78535 34 4 78569 0 34
602 78665 48 4 78713 0 48
718 78670 22 3 78736 44 66
414 78875 48 1 78923 0 48
235 78879 23 4 78947 45 68
672 79043 28 4 79071 0 28
501 79335 29 4 79364 0 29
613 79344 40 1 79405 21 61
526 79398 73 4 79479 8 81
854 79690 41 4 79731 0 41
964 80065 74 4 80139 0 74
388 80073 27 1 80167 67 94
336 80175 25 3 80200 0 25
137 80257 30 4 80287 0 30
773 80262 81 4 80369 26 107
512 80267 40 3 80409 102 142
190 80735 83 4 80818 0 83
735 80873 63 2 80936 0 63
496 80887 61 4 80998 50 111
108 80956 22 2 81021 43 65
125 80988 21 3 81042 33 54
457 81525 25 2 81550 0 25
927 81848 44 1 81892 0 44
363 81925 39 4 81964 0 39
97 82008 21 3 82029 0 21
901 82458 29 2 82487 0 29
951 82877 57 3 82934 0 57
393 82957 50 4 83007 0 50
269 82993 65 3 83073 15 80
510 83132 20 3 83152 0 20
152 83232 51 4 83283 0 51
805 83409 28 4 83437 0 28
870 83809 23 4 83832 0 23
960 83856 54 2 83910 0 54
131 83899 80 4 83991 12 92
201 83926 21 2 84013 66 87
581 84092 85 3 84177 0 85
140 84201 22 3 84223 0 22
361 84213 31 3 84255 11 42
44 84686 79 3 84765 0 79
357 85442 41 2 85483 0 41
595 85977 33 4 86010 0 33
13 86462 28 4 86490 0 28
113 86709 25 3 86734 0 25
590 86756 44 3 86800 0 44
943 87096 66 4 87162 0 66
370 87223 49 2 87272 0 49
536 87482 35 4 87517 0 35
164 87930 62 3 87992 0 62
406 88372 38 3 88410 0 38
160 89016 26 3 89042 0 26
405 90012 41 3 90053 0 41
278 90653 67 1 90720 0 67
585 90674 51 3 90772 47 98
885 92256 41 4 92297 0 41
259 93165 64 3 93229 0 64
452 93249 83 2 93332 0 83
776 93738 41 4 93779 0 41
342 93968 39 4 94007 0 39
750 95053 34 4 95087 0 34
464 95233 47 4 95280 0 47
976 96761 57 3 96818 0 57
626 96874 24 3 96898 0 24
962 97756 50 2 97806 0 50
878 98148 42 2 98190 0 42
346 98943 73 4 99016 0 73
628 99027 43 3 99070 0 43
122 100000 28 2 100028 0 28
906 100000 56 3 100084 28 84
679 100000 75 3 100159 84 159
925 100000 48 4 100207 159 207
914 100000 30 1 100237 207 237
985 100000 38 3 100275 237 275
567 100000 25 2 100300 275 300
148 100000 67 2 100367 300 367
