100978 1000 3635 3563
267 0 48 2 48 0 48
67 0 66 3 114 48 114
94 0 70 4 184 114 184
550 0 96 3 280 184 280
309 0 99 2 379 280 379
504 521 90 3 611 0 90
208 3480 63 3 3543 0 63
674 4237 42 3 4279 0 42
339 5093 89 3 5182 0 89
729 5514 71 1 5585 0 71
417 6516 64 2 6580 0 64
694 6978 40 3 7018 0 40
392 7312 84 4 7396 0 84
653 7633 89 2 7722 0 89
628 7800 41 3 7841 0 41
988 8335 86 3 8421 0 86
771 8439 93 3 8532 0 93
901 8526 56 4 8588 6 62
356 8696 65 3 8761 0 65
281 8843 73 3 8916 0 73
449 9226 49 2 9275 0 49
102 9361 32 2 9393 0 32
374 10378 82 1 10460 0 82
683 11020 73 2 11093 0 73
35 11075 69 2 11162 18 87
201 11157 63 2 11225 5 68
72 11099 66 4 11291 126 192
220 11396 57 2 11453 0 57
231 11705 78 3 11783 0 78
473 11807 88 3 11895 0 88
526 12036 80 4 12116 0 80
345 12769 61 3 12830 0 61
681 13023 91 2 13114 0 91
788 13228 79 3 13307 0 79
258 14399 35 3 14434 0 35
762 14870 78 4 14948 0 78
215 14884 25 4 14973 64 89
959 14927 97 4 15070 46 143
578 15321 79 4 15400 0 79
2 15930 99 4 16029 0 99
36 15971 60 4 16089 58 118
394 15979 82 4 16171 110 192
650 15987 99 3 16270 184 283
993 16396 67 3 16463 0 67
115 16653 97 2 16750 0 97
86 17079 29 3 17108 0 29
699 17507 97 1 17604 0 97
110 17539 35 1 17639 65 100
466 17991 47 4 18038 0 47
245 18426 80 2 18506 0 80
308 18603 57 4 18660 0 57
937 18668 95 4 18763 0 95
717 18681 72 4 18835 82 154
986 18814 57 3 18892 21 78
489 18889 60 3 18952 3 63
638 18950 84 4 19036 2 86
46 19004 89 4 19125 32 121
431 19108 86 1 19211 17 103
496 19049 90 3 19301 162 252
457 18680 95 4 19396 621 716
856 19314 60 3 19456 82 142
874 19533 47 3 19580 0 47
70 19581 38 4 19619 0 38
467 19618 28 4 19647 1 29
639 19731 92 1 19823 0 92
8 19793 50 1 19873 30 80
718 20098 70 1 20168 0 70
714 20215 89 4 20304 0 89
116 20683 88 2 20771 0 88
814 20779 52 1 20831 0 52
904 21121 50 2 21171 0 50
922 21228 93 1 21321 0 93
355 21298 100 2 21421 23 123
506 21487 74 1 21561 0 74
849 21537 70 4 21631 24 94
497 21611 88 2 21719 20 108
514 21638 66 2 21785 81 147
680 21549 92 4 21877 236 328
53 21534 98 4 21975 343 441
626 21959 54 4 22029 16 70
23 21963 71 4 22100 66 137
235 22090 96 1 22196 10 106
847 22141 69 4 22265 55 124
109 22139 70 4 22335 126 196
216 22273 77 4 22412 62 139
770 22326 97 1 22509 86 183
815 22464 38 1 22547 45 83
657 22477 69 4 22616 70 139
927 22763 72 4 22835 0 72
744 22819 61 4 22896 16 77
488 23124 87 4 23211 0 87
266 23134 51 4 23262 77 128
649 23201 88 3 23350 61 149
181 23324 98 3 23448 26 124
77 23351 84 1 23532 97 181
475 23519 75 3 23607 13 88
831 23750 76 1 23826 0 76
553 23833 38 3 23871 0 38
239 23952 82 2 24034 0 82
188 24139 71 2 24210 0 71
389 24213 46 3 24259 0 46
709 24281 96 2 24377 0 96
765 24418 97 3 24515 0 97
118 24524 70 3 24594 0 70
196 24591 54 4 24648 3 57
600 24821 41 3 24862 0 41
171 24996 84 2 25080 0 84
463 25052 74 4 25154 28 102
433 25143 79 4 25233 11 90
934 25157 54 3 25287 76 130
113 25276 66 3 25353 11 77
941 25332 52 3 25405 21 73
448 25213 83 2 25488 192 275
703 25438 61 3 25549 50 111
387 25434 71 3 25620 115 186
398 25607 53 4 25673 13 66
793 25332 84 4 25757 341 425
989 25676 55 3 25812 81 136
269 25783 70 4 25882 29 99
427 25072 88 3 25970 810 898
176 25893 67 2 26037 77 144
359 25943 79 4 26116 94 173
944 25504 91 4 26207 612 703
652 26125 87 3 26294 82 169
529 26231 53 1 26347 63 116
193 25724 96 4 26443 623 719
579 25639 96 2 26539 804 900
10 26475 81 3 26620 64 145
354 26577 53 2 26673 43 96
154 25584 97 4 26770 1089 1186
776 26485 98 1 26868 285 383
468 26820 64 2 26932 48 112
114 26551 99 3 27031 381 480
854 26971 99 4 27130 60 159
625 27201 63 3 27264 0 63
62 27328 90 4 27418 0 90
857 27361 76 2 27494 57 133
186 27354 85 2 27579 140 225
191 27492 88 2 27667 87 175
500 27676 48 4 27724 0 48
840 27787 54 2 27841 0 54
667 27832 82 2 27923 9 91
122 27916 58 4 27981 7 65
923 27938 98 4 28079 43 141
253 27999 68 4 28147 80 148
716 28088 28 3 28175 59 87
163 28115 55 2 28230 60 115
460 28126 66 1 28296 104 170
754 28102 69 3 28365 194 263
888 28902 88 1 28990 0 88
664 28925 65 4 29055 65 130
552 28959 93 3 29148 96 189
233 29131 84 4 29232 17 101
248 29345 91 1 29436 0 91
406 29366 58 4 29494 70 128
603 29468 76 2 29570 26 102
881 29446 94 2 29664 124 218
422 29643 67 1 29731 21 88
370 29694 75 4 29806 37 112
432 29585 81 3 29887 221 302
145 29647 86 2 29973 240 326
808 29933 74 4 30047 40 114
997 29408 97 2 30144 639 736
851 30087 78 2 30222 57 135
865 30147 97 3 30319 75 172
926 30256 87 2 30406 63 150
811 30368 93 2 30499 38 131
884 30434 96 3 30595 65 161
415 30585 51 3 30646 10 61
632 30621 83 4 30729 25 108
282 30722 89 4 30818 7 96
217 30810 97 2 30915 8 105
476 30861 70 2 30985 54 124
9 29503 98 3 31083 1482 1580
795 31202 57 3 31259 0 57
97 31225 79 4 31338 34 113
999 31256 87 4 31425 82 169
940 31359 56 3 31481 66 122
929 31470 85 2 31566 11 96
249 31661 62 4 31723 0 62
894 31669 41 4 31764 54 95
726 31711 89 3 31853 53 142
48 31837 24 2 31877 16 40
242 31769 38 3 31915 108 146
132 31857 76 2 31991 58 134
238 31821 96 3 32087 170 266
170 31888 100 3 32187 199 299
106 32148 73 4 32260 39 112
137 32182 86 4 32346 78 164
212 32409 78 4 32487 0 78
315 32445 99 4 32586 42 141
700 32615 60 3 32675 0 60
55 32686 76 2 32762 0 76
777 32687 26 1 32788 75 101
461 32707 64 4 32852 81 145
16 32850 30 3 32882 2 32
204 32866 69 3 32951 16 85
798 32929 82 4 33033 22 104
376 33016 65 3 33098 17 82
408 33085 73 4 33171 13 86
164 33124 79 3 33250 47 126
724 32907 93 3 33343 343 436
719 33370 92 3 33462 0 92
240 33458 97 3 33559 4 101
574 33513 55 4 33614 46 101
337 33593 47 2 33661 21 68
177 33652 49 3 33710 9 58
452 33547 56 3 33766 163 219
99 33515 59 3 33825 251 310
331 33823 81 4 33906 2 83
61 33861 33 4 33939 45 78
858 33837 68 2 34007 102 170
665 33706 83 1 34090 301 384
531 34052 55 3 34145 38 93
620 34028 72 1 34217 117 189
123 33694 86 3 34303 523 609
619 34271 75 2 34378 32 107
642 34329 76 4 34454 49 125
416 34446 41 4 34495 8 49
698 34270 83 4 34578 225 308
423 34522 71 4 34649 56 127
595 34625 40 3 34689 24 64
819 34579 52 4 34741 110 162
502 34715 69 4 34810 26 95
380 34767 67 4 34877 43 110
47 34844 60 3 34937 33 93
587 34901 58 2 34995 36 94
987 34962 71 2 35066 33 104
336 34976 74 3 35140 90 164
277 35113 60 3 35200 27 87
713 35124 80 1 35280 76 156
144 34948 81 4 35361 332 413
530 35300 80 2 35441 61 141
878 34942 87 4 35528 499 586
20 35444 50 4 35578 84 134
333 35449 73 4 35651 129 202
932 35566 77 3 35728 85 162
234 33467 87 3 35815 2261 2348
758 35803 69 2 35884 12 81
817 35826 48 3 35932 58 106
655 35107 89 1 36021 825 914
372 33961 91 4 36112 2060 2151
244 36066 42 3 36154 46 88
885 36080 64 4 36218 74 138
82 35383 91 4 36309 835 926
412 36288 76 3 36385 21 97
824 36345 52 4 36437 40 92
28 36413 54 3 36491 24 78
863 36350 70 1 36561 141 211
883 36539 64 4 36625 22 86
360 36019 91 3 36716 606 697
63 36626 53 3 36769 90 143
935 36733 36 4 36805 36 72
690 36776 58 1 36863 29 87
891 36815 68 3 36931 48 116
928 36901 81 4 37012 30 111
722 36755 91 4 37103 257 348
707 37103 80 3 37183 0 80
880 37138 51 4 37234 45 96
295 37205 74 3 37308 29 103
152 37266 45 3 37353 42 87
397 37252 56 3 37409 101 157
708 37323 67 2 37476 86 153
721 37452 55 3 37531 24 79
379 37305 81 4 37612 226 307
837 37595 30 4 37642 17 47
158 37568 53 3 37695 74 127
327 37683 65 3 37760 12 77
386 37582 66 2 37826 178 244
492 37768 30 3 37856 58 88
757 37762 56 2 37912 94 150
515 37794 60 4 37972 118 178
584 37874 68 3 38040 98 166
845 37713 78 4 38118 327 405
112 38041 68 4 38186 77 145
803 38135 60 1 38246 51 111
746 37992 79 4 38325 254 333
616 38247 72 4 38397 78 150
903 37684 80 2 38477 713 793
96 37058 82 3 38559 1419 1501
24 37391 83 4 38642 1168 1251
978 38630 54 3 38696 12 66
505 38649 44 3 38740 47 91
111 38588 63 4 38803 152 215
378 38613 67 3 38870 190 257
827 38810 41 3 38911 60 101
174 38569 79 2 38990 342 421
276 37737 84 4 39074 1253 1337
481 38562 84 4 39158 512 596
594 39086 35 4 39193 72 107
366 39170 46 4 39239 23 69
828 39236 74 3 39313 3 77
686 39085 80 4 39393 228 308
324 37531 87 4 39480 1862 1949
401 39466 52 4 39532 14 66
789 39525 70 4 39602 7 77
565 39599 70 4 39672 3 73
484 39623 61 2 39733 49 110
131 39409 76 2 39809 324 400
161 39734 44 3 39853 75 119
124 39507 77 3 39930 346 423
18 39898 55 4 39985 32 87
5 39967 69 4 40054 18 87
829 40008 55 3 40109 46 101
513 40044 77 4 40186 65 142
580 40110 77 1 40263 76 153
39 40253 36 4 40299 10 46
160 40270 26 3 40325 29 55
101 39633 84 4 40409 692 776
902 40395 65 4 40474 14 79
992 40414 84 4 40558 60 144
886 40523 45 2 40603 35 80
739 37255 88 3 40691 3348 3436
570 40624 51 4 40742 67 118
802 40722 47 4 40789 20 67
263 40786 80 3 40869 3 83
509 40841 46 2 40915 28 74
49 40873 77 4 40992 42 119
971 40865 86 3 41078 127 213
182 41067 52 4 41130 11 63
286 41057 53 1 41183 73 126
90 41012 74 4 41257 171 245
150 41206 59 4 41316 51 110
435 41309 62 3 41378 7 69
469 41286 81 2 41459 92 173
429 38716 88 3 41547 2743 2831
135 41507 49 3 41596 40 89
455 41542 75 3 41671 54 129
65 41598 38 1 41709 73 111
648 40469 89 4 41798 1240 1329
318 41791 38 4 41836 7 45
918 41826 58 1 41894 10 68
725 41820 62 2 41956 74 136
85 41718 76 4 42032 238 314
759 42021 67 3 42099 11 78
321 42096 69 2 42168 3 72
383 42135 47 4 42215 33 80
189 42117 49 2 42264 98 147
93 42237 44 3 42308 27 71
954 42252 54 3 42362 56 110
688 42286 55 2 42417 76 131
246 42208 66 4 42483 209 275
895 41788 84 3 42567 695 779
210 42555 47 3 42614 12 59
641 42586 76 4 42690 28 104
520 42617 43 2 42733 73 116
647 42730 55 2 42788 3 58
635 42630 65 1 42853 158 223
313 42523 81 4 42934 330 411
403 42868 48 4 42982 66 114
471 42789 83 2 43065 193 276
483 43035 78 3 43143 30 108
185 42211 86 4 43229 932 1018
213 42424 90 4 43319 805 895
791 43257 55 4 43374 62 117
735 43356 81 1 43455 18 99
319 43396 68 4 43523 59 127
955 43476 70 3 43593 47 117
909 43589 68 2 43661 4 72
430 43445 74 3 43735 216 290
288 43446 74 1 43809 289 363
748 43445 89 4 43898 364 453
671 43879 34 4 43932 19 53
621 43928 48 4 43980 4 52
464 42359 90 3 44070 1621 1711
661 43990 55 2 44125 80 135
338 40776 91 4 44216 3349 3440
946 44172 53 3 44269 44 97
396 44203 68 4 44337 66 134
120 44224 68 4 44405 113 181
785 44233 75 3 44480 172 247
869 44453 78 4 44558 27 105
280 39064 91 4 44649 5494 5585
279 44560 32 4 44681 89 121
12 44674 63 4 44744 7 70
838 44729 79 3 44823 15 94
420 44752 67 2 44890 71 138
912 44850 80 4 44970 40 120
805 44688 81 4 45051 282 363
361 45029 41 4 45092 22 63
426 45070 36 1 45128 22 58
753 45050 59 3 45187 78 137
127 44636 81 2 45268 551 632
781 45194 71 4 45339 74 145
990 44894 83 3 45422 445 528
368 45348 66 4 45488 74 140
910 45430 72 3 45560 58 130
809 45551 38 4 45598 9 47
855 45567 52 4 45650 31 83
29 45623 64 2 45714 27 91
149 45701 69 3 45783 13 82
289 45592 80 2 45863 191 271
523 45850 60 3 45923 13 73
347 45833 66 2 45989 90 156
391 45955 63 3 46052 34 97
241 46015 58 3 46110 37 95
291 45807 75 2 46185 303 378
967 45759 83 3 46268 426 509
264 45768 84 2 46352 500 584
780 46291 78 1 46430 61 139
87 45003 85 4 46515 1427 1512
749 45698 86 4 46601 817 903
977 46134 89 3 46690 467 556
159 46643 90 2 46780 47 137
637 46720 44 3 46824 60 104
608 46745 74 2 46898 79 153
622 46868 74 4 46972 30 104
796 46874 75 1 47047 98 173
872 47015 42 4 47089 32 74
730 46972 90 4 47179 117 207
763 47103 42 3 47221 76 118
375 47147 45 4 47266 74 119
823 47223 60 3 47326 43 103
792 47316 72 2 47398 10 82
437 47381 72 4 47470 17 89
283 47424 70 2 47540 46 116
624 47191 75 3 47615 349 424
676 47234 76 4 47691 381 457
121 47216 76 3 47767 475 551
670 47746 35 4 47802 21 56
302 47780 62 4 47864 22 84
741 47101 77 3 47941 763 840
702 47925 61 4 48002 16 77
400 47869 63 4 48065 133 196
297 48044 57 3 48122 21 78
623 48097 49 3 48171 25 74
960 48058 63 4 48234 113 176
107 47574 78 4 48312 660 738
351 48169 79 4 48391 143 222
913 47380 79 3 48470 1011 1090
969 47233 82 2 48552 1237 1319
32 48526 61 3 48613 26 87
890 47427 82 1 48695 1186 1268
51 48613 83 2 48778 82 165
807 48747 74 2 48852 31 105
979 48828 67 4 48919 24 91
501 48742 75 3 48994 177 252
301 48966 47 3 49041 28 75
382 48833 88 4 49129 208 296
325 49077 65 3 49194 52 117
911 49067 68 4 49262 127 195
601 49206 60 3 49322 56 116
399 49097 88 4 49410 225 313
527 49339 40 4 49450 71 111
256 49428 44 3 49494 22 66
15 49410 47 2 49541 84 131
618 49402 62 1 49603 139 201
299 49598 40 1 49643 5 45
704 49564 45 2 49688 79 124
441 49448 85 3 49773 240 325
549 49700 69 4 49842 73 142
92 48749 88 3 49930 1093 1181
598 49924 73 2 50003 6 79
685 49551 88 3 50091 452 540
539 50064 56 2 50147 27 83
306 50118 88 2 50235 29 117
590 50180 53 3 50288 55 108
679 50247 50 4 50338 41 91
761 50169 59 3 50397 169 228
995 50271 69 4 50466 126 195
631 50214 69 3 50535 252 321
867 50440 75 2 50610 95 170
353 50576 78 1 50688 34 112
610 50202 79 4 50767 486 565
839 50578 83 2 50850 189 272
799 50387 86 4 50936 463 549
451 48881 88 1 51024 2055 2143
491 51004 74 4 51098 20 94
876 51094 40 2 51138 4 44
275 51060 46 2 51184 78 124
194 51088 64 2 51248 96 160
27 51220 66 2 51314 28 94
166 51263 57 3 51371 51 108
507 51247 75 4 51446 124 199
583 51026 83 3 51529 420 503
566 51088 83 3 51612 441 524
228 51602 73 2 51685 10 83
390 51649 37 3 51722 36 73
221 51655 57 3 51779 67 124
743 51613 68 4 51847 166 234
178 51828 72 3 51919 19 91
537 51769 75 4 51994 150 225
187 51938 56 3 52050 56 112
921 52038 52 4 52102 12 64
75 52087 69 4 52171 15 84
696 52007 74 3 52245 164 238
510 51993 82 2 52327 252 334
133 52210 83 2 52410 117 200
975 51202 85 4 52495 1208 1293
540 52432 43 4 52538 63 106
800 52481 81 4 52619 57 138
198 52597 73 3 52692 22 95
782 52415 84 3 52776 277 361
675 52709 84 3 52860 67 151
503 52078 85 4 52945 782 867
835 51610 87 4 53032 1335 1422
860 52990 67 2 53099 42 109
768 52979 78 4 53177 120 198
585 52961 82 4 53259 216 298
511 53245 54 1 53313 14 68
310 53222 64 3 53377 91 155
284 53347 58 4 53435 30 88
571 53343 73 4 53508 92 165
142 53456 56 2 53564 52 108
384 53547 24 4 53588 17 41
853 53437 66 2 53654 151 217
755 53376 73 3 53727 278 351
786 53598 75 3 53802 129 204
6 53790 62 3 53864 12 74
367 53363 80 2 53944 501 581
480 53934 71 1 54015 10 81
924 53955 45 3 54060 60 105
662 53904 81 4 54141 156 237
896 53186 83 2 54224 955 1038
41 54146 45 4 54269 78 123
820 54228 76 2 54345 41 117
184 53175 84 3 54429 1170 1254
524 53671 85 1 54514 758 843
842 54441 79 3 54593 73 152
91 54550 35 4 54628 43 78
190 54541 37 4 54665 87 124
850 54563 47 3 54712 102 149
898 54530 51 3 54763 182 233
727 54638 68 3 54831 125 193
965 54776 67 3 54898 55 122
734 54542 71 4 54969 356 427
821 54945 48 1 55017 24 72
418 53813 87 3 55104 1204 1291
17 54173 88 2 55192 931 1019
257 55140 62 3 55254 52 114
58 55156 78 4 55332 98 176
7 55317 29 2 55361 15 44
227 55352 43 3 55404 9 52
334 55281 62 2 55466 123 185
605 55461 66 4 55532 5 71
512 55477 53 3 55585 55 108
832 55546 29 3 55614 39 68
311 55282 68 4 55682 332 400
737 55633 53 4 55735 49 102
300 55721 62 4 55797 14 76
130 55678 75 3 55872 119 194
783 55802 60 2 55932 70 130
254 55923 38 4 55970 9 47
887 55534 78 3 56048 436 514
611 56020 41 4 56089 28 69
173 55486 79 2 56168 603 682
593 55383 82 3 56250 785 867
268 56198 73 3 56323 52 125
541 55458 83 3 56406 865 948
104 55962 86 4 56492 444 530
312 49204 89 4 56581 7288 7377
689 56499 63 2 56644 82 145
672 56538 86 3 56730 106 192
485 56674 82 4 56812 56 138
659 56743 49 4 56861 69 118
179 56825 73 2 56934 36 109
534 56912 54 4 56988 22 76
936 56949 27 3 57015 39 66
568 56943 49 3 57064 72 121
180 56941 67 3 57131 123 190
474 57016 68 4 57199 115 183
644 56759 74 1 57273 440 514
38 56802 80 4 57353 471 551
917 57290 64 1 57417 63 127
136 56933 81 4 57498 484 565
668 57485 53 3 57551 13 66
905 57063 82 3 57633 488 570
852 57316 82 3 57715 317 399
203 57137 83 3 57798 578 661
66 57717 44 4 57842 81 125
868 57842 70 4 57912 0 70
925 57843 56 4 57968 69 125
459 57936 35 4 58003 32 67
19 57958 65 4 58068 45 110
521 57889 69 4 58137 179 248
532 58050 81 4 58218 87 168
658 58141 76 4 58294 77 153
45 58245 27 4 58321 49 76
951 58235 72 4 58393 86 158
961 58327 57 2 58450 66 123
146 58332 65 3 58515 118 183
237 58293 84 4 58599 222 306
57 58523 63 3 58662 76 139
636 58552 65 3 58727 110 175
428 58640 70 3 58797 87 157
64 58781 78 4 58875 16 94
673 58666 85 4 58960 209 294
711 57140 86 3 59046 1820 1906
773 58296 86 3 59132 750 836
425 59104 37 3 59169 28 65
13 59102 51 2 59220 67 118
870 59142 67 4 59287 78 145
103 59198 68 2 59355 89 157
834 59135 83 3 59438 220 303
54 59437 53 1 59491 1 54
140 59430 75 4 59566 61 136
774 59527 81 4 59647 39 120
875 59489 82 2 59729 158 240
155 57707 87 4 59816 2022 2109
669 53810 89 4 59905 6006 6095
285 59839 49 4 59954 66 115
974 59954 36 4 59990 0 36
328 59988 56 2 60046 2 58
404 60027 43 2 60089 19 62
371 60048 54 4 60143 41 95
893 60098 74 4 60217 45 119
812 60088 77 3 60294 129 206
78 60048 86 4 60380 246 332
436 60357 41 4 60421 23 64
731 53458 89 4 60510 6963 7052
125 60481 39 3 60549 29 68
547 60454 41 3 60590 95 136
752 50317 89 4 60679 10273 10362
1000 53459 89 3 60768 7220 7309
454 54085 89 2 60857 6683 6772
151 60529 90 4 60947 328 418
293 60905 54 2 61001 42 96
34 60996 66 3 61067 5 71
604 58843 90 3 61157 2224 2314
385 61069 69 2 61226 88 157
576 60489 91 4 61317 737 828
914 61251 59 4 61376 66 125
682 61308 88 2 61464 68 156
633 61402 68 4 61532 62 130
983 54542 91 4 61623 6990 7081
446 61608 48 2 61671 15 63
687 61554 60 1 61731 117 177
908 47336 91 4 61822 14395 14486
822 61768 43 4 61865 54 97
569 61832 67 2 61932 33 100
329 61926 60 3 61992 6 66
50 61903 67 1 62059 89 156
560 62049 53 3 62112 10 63
3 61906 70 1 62182 206 276
678 62008 79 4 62261 174 253
322 62230 41 2 62302 31 72
606 62293 41 3 62343 9 50
810 61837 84 2 62427 506 590
907 62037 90 1 62517 390 480
11 62480 78 4 62595 37 115
859 62565 62 4 62657 30 92
342 62614 82 4 62739 43 125
486 62662 75 3 62814 77 152
470 62773 44 1 62858 41 85
117 62833 65 4 62923 25 90
572 62755 71 2 62994 168 239
25 62774 84 4 63078 220 304
447 63032 59 3 63137 46 105
332 63082 55 4 63192 55 110
991 63109 82 4 63274 83 165
953 62471 85 3 63359 803 888
335 63051 86 4 63445 308 394
37 63413 55 4 63500 32 87
575 63431 77 4 63577 69 146
26 63559 79 3 63656 18 97
438 63585 41 4 63697 71 112
556 63609 55 1 63752 88 143
443 63590 62 1 63814 162 224
388 63677 67 3 63881 137 204
554 63643 69 3 63950 238 307
651 63935 79 1 64029 15 94
138 63973 36 4 64065 56 92
666 63409 85 3 64150 656 741
775 64135 30 3 64180 15 45
59 64071 74 4 64254 109 183
183 64238 62 1 64316 16 78
968 64287 48 3 64364 29 77
80 64313 76 2 64440 51 127
162 64368 51 3 64491 72 123
314 64424 79 4 64570 67 146
615 64549 55 3 64625 21 76
564 64621 41 4 64666 4 45
128 64521 58 4 64724 145 203
906 64677 51 4 64775 47 98
630 64595 58 4 64833 180 238
393 64767 69 3 64902 66 135
695 64847 60 4 64962 55 115
656 64947 78 3 65040 15 93
172 64967 64 2 65104 73 137
143 64127 79 3 65183 977 1056
943 65116 54 3 65237 67 121
292 65180 59 1 65296 57 116
307 65277 41 2 65337 19 60
405 65331 57 2 65394 6 63
218 65331 63 3 65457 63 126
841 65369 65 4 65522 88 153
779 65517 33 2 65555 5 38
294 64960 81 4 65636 595 676
31 65565 53 3 65689 71 124
613 65577 60 2 65749 112 172
825 65690 53 4 65802 59 112
316 65798 74 2 65876 4 78
168 65875 83 2 65959 1 84
147 65880 64 2 66023 79 143
444 63294 87 4 66110 2729 2816
970 63512 88 4 66198 2598 2686
206 63543 89 4 66287 2655 2744
751 66201 79 4 66366 86 165
705 66360 79 4 66445 6 85
211 63472 90 4 66535 2973 3063
614 66522 60 3 66595 13 73
846 64689 90 2 66685 1906 1996
573 36331 91 3 66776 30354 30445
848 40568 91 3 66867 26208 26299
74 66832 39 2 66906 35 74
89 66802 43 2 66949 104 147
957 66929 40 2 66989 20 60
525 66875 54 4 67043 114 168
462 66969 80 4 67123 74 154
981 67091 43 4 67166 32 75
458 67154 47 4 67213 12 59
836 67064 60 4 67273 149 209
715 67206 76 3 67349 67 143
265 67024 83 3 67432 325 408
677 66917 85 4 67517 515 600
214 48133 91 2 67608 19384 19475
222 63169 91 2 67699 4439 4530
582 67664 46 2 67745 35 81
298 48822 91 2 67836 18923 19014
52 67790 81 2 67917 46 127
68 61161 91 2 68008 6756 6847
972 67953 78 4 68086 55 133
278 61499 91 2 68177 6587 6678
219 59802 91 1 68268 8375 8466
440 68231 65 4 68333 37 102
287 46450 91 1 68424 21883 21974
760 68424 66 3 68490 0 66
790 45203 91 1 68581 23287 23378
998 67234 92 4 68673 1347 1439
897 68599 72 2 68745 74 146
323 68649 83 3 68828 96 179
273 68820 66 4 68894 8 74
409 68889 80 4 68974 5 85
303 68946 66 2 69040 28 94
421 68948 80 3 69120 92 172
493 68764 83 4 69203 356 439
439 49861 92 4 69295 19342 19434
305 69294 42 4 69337 1 43
732 69283 72 3 69409 54 126
465 55541 92 4 69501 13868 13960
252 69448 75 3 69576 53 128
156 54426 92 4 69668 15150 15242
44 69593 51 4 69719 75 126
643 69611 75 4 69794 108 183
528 66013 92 3 69886 3781 3873
232 69870 84 1 69970 16 100
544 69955 38 2 70008 15 53
205 69936 62 3 70070 72 134
938 70052 69 4 70139 18 87
645 70129 38 4 70177 10 48
126 70098 50 3 70227 79 129
833 70110 74 3 70301 117 191
43 70171 84 2 70385 130 214
169 70202 88 2 70473 183 271
100 69893 89 3 70562 580 669
966 70485 47 4 70609 77 124
519 70185 91 4 70700 424 515
344 70663 30 3 70730 37 67
567 39786 92 3 70822 30944 31036
939 70744 71 4 70893 78 149
843 48120 92 3 70985 22773 22865
445 70920 69 3 71054 65 134
304 71003 87 2 71141 51 138
56 40180 92 3 71233 30961 31053
892 71226 37 3 71270 7 44
577 71186 67 4 71337 84 151
996 68714 92 2 71429 2623 2715
259 71389 82 4 71511 40 122
561 71470 70 4 71581 41 111
952 71378 82 2 71663 203 285
141 41665 93 4 71756 29998 30091
517 62659 93 4 71849 9097 9190
516 71546 93 4 71942 303 396
592 60574 93 4 72035 11368 11461
660 36385 93 4 72128 35650 35743
538 72105 67 3 72195 23 90
477 36962 93 2 72288 35233 35326
209 59845 93 2 72381 12443 12536
108 47197 93 1 72474 25184 25277
740 72415 41 4 72515 59 100
148 72452 77 3 72592 63 140
756 65336 94 4 72686 7256 7350
369 72633 58 3 72744 53 111
545 37605 94 4 72838 35139 35233
806 38032 94 4 72932 34806 34900
326 72906 64 3 72996 26 90
414 72957 58 1 73054 39 97
349 72859 66 3 73120 195 261
224 72872 67 3 73187 248 315
747 73098 80 4 73267 89 169
1 51441 94 4 73361 21826 21920
69 73326 49 4 73410 35 84
693 33747 94 4 73504 39663 39757
930 73433 74 2 73578 71 145
197 73520 69 4 73647 58 127
559 73441 83 3 73730 206 289
797 73713 43 2 73773 17 60
358 73426 90 4 73863 347 437
551 73723 90 4 73953 140 230
784 73714 91 2 74044 239 330
410 47254 94 3 74138 26790 26884
627 74095 59 1 74197 43 102
915 41373 94 3 74291 32824 32918
548 74247 82 4 74373 44 126
365 74302 68 3 74441 71 139
479 74398 70 3 74511 43 113
247 74371 77 4 74588 140 217
916 74548 57 1 74645 40 97
262 74592 50 4 74695 53 103
81 74683 79 3 74774 12 91
482 74616 93 3 74867 158 251
105 74800 71 1 74938 67 138
373 74884 91 3 75029 54 145
640 74980 42 4 75071 49 91
119 74998 83 4 75154 73 156
175 75140 83 3 75237 14 97
453 74943 87 4 75324 294 381
225 74990 90 4 75414 334 424
982 34260 94 3 75508 41154 41248
395 55423 94 3 75602 20085 20179
200 55101 94 2 75696 20501 20595
736 56341 94 2 75790 19355 19449
634 75704 29 4 75819 86 115
617 75810 63 2 75882 9 72
343 57940 94 2 75976 17942 18036
207 39691 94 1 76070 36285 36379
591 50960 95 4 76165 25110 25205
83 48899 95 4 76260 27266 27361
712 76223 37 2 76297 37 74
364 76238 74 1 76371 59 133
947 76369 61 4 76432 2 63
794 52975 95 4 76527 23457 23552
533 50534 95 3 76622 25993 26088
742 76601 93 4 76715 21 114
984 76693 93 2 76808 22 115
362 62531 95 3 76903 14277 14372
456 76809 74 4 76977 94 168
192 76972 84 3 77061 5 89
769 68870 95 3 77156 8191 8286
889 77086 77 2 77233 70 147
873 77139 91 2 77324 94 185
442 49424 95 3 77419 27900 27995
352 43266 95 3 77514 34153 34248
419 42908 95 2 77609 34606 34701
733 77529 71 2 77680 80 151
745 77626 54 2 77734 54 108
581 77589 89 4 77823 145 234
900 77535 90 4 77913 288 378
21 49451 95 2 78008 28462 28557
818 77973 87 3 78095 35 122
274 78056 87 2 78182 39 126
261 78002 91 3 78273 180 271
350 66677 95 2 78368 11596 11691
706 76613 95 2 78463 1755 1850
862 36708 95 2 78558 41755 41850
871 54268 95 1 78653 24290 24385
134 75527 96 4 78749 3126 3222
357 78667 95 4 78844 82 177
14 61661 96 4 78940 17183 17279
230 78854 64 4 79004 86 150
723 78999 92 3 79096 5 97
962 55444 96 4 79192 23652 23748
542 79104 58 2 79250 88 146
720 65848 96 4 79346 13402 13498
472 79303 80 3 79426 43 123
920 79397 86 3 79512 29 115
813 79456 93 4 79605 56 149
588 51041 96 4 79701 28564 28660
139 50426 96 3 79797 29275 29371
976 79747 38 4 79835 50 88
557 55798 96 3 79931 24037 24133
271 67973 96 3 80027 11958 12054
317 79956 56 4 80083 71 127
691 80007 63 4 80146 76 139
766 79955 74 1 80220 191 265
844 80200 69 1 80289 20 89
861 80140 83 3 80372 149 232
764 52972 96 3 80468 27400 27496
933 54750 96 2 80564 25718 25814
684 80540 82 3 80646 24 106
381 80577 36 4 80682 69 105
330 80675 86 4 80768 7 93
377 60975 96 2 80864 19793 19889
612 53484 96 2 80960 27380 27476
654 80917 69 4 81029 43 112
629 66225 96 1 81125 14804 14900
599 58948 96 1 81221 22177 22273
255 71010 97 4 81318 10211 10308
701 81225 90 4 81408 93 183
518 73388 97 4 81505 8020 8117
949 73695 97 4 81602 7810 7907
42 58551 97 4 81699 23051 23148
945 35392 97 4 81796 46307 46404
942 74689 97 4 81893 7107 7204
30 37526 97 3 81990 44367 44464
251 66898 97 3 82087 15092 15189
40 82048 88 4 82175 39 127
490 44907 97 3 82272 37268 37365
229 60202 97 3 82369 22070 22167
272 82283 86 3 82455 86 172
826 82372 54 4 82509 83 137
411 43585 97 3 82606 38924 39021
413 82569 93 3 82699 37 130
153 42917 97 3 82796 39782 39879
562 82731 97 3 82893 65 162
597 82816 83 4 82976 77 160
607 56906 97 2 83073 26070 26167
728 46586 97 2 83170 36487 36584
543 59464 97 1 83267 23706 23803
816 83181 91 4 83358 86 177
450 83312 94 3 83452 46 140
79 83422 59 4 83511 30 89
434 83504 93 2 83604 7 100
250 44969 97 1 83701 38635 38732
738 50619 97 1 83798 33082 33179
167 83713 84 4 83882 85 169
22 66001 98 4 83980 17881 17979
994 54198 98 4 84078 29782 29880
646 74982 98 4 84176 9096 9194
750 65316 98 4 84274 18860 18958
586 84187 32 4 84306 87 119
931 77244 98 4 84404 7062 7160
84 37151 98 4 84502 47253 47351
710 84439 51 2 84553 63 114
864 76591 98 4 84651 7962 8060
223 49939 98 4 84749 34712 34810
33 44715 98 4 84847 40034 40132
958 64603 98 3 84945 20244 20342
88 50226 98 3 85043 34719 34817
772 63413 98 3 85141 21630 21728
363 70693 98 3 85239 14448 14546
95 61719 98 3 85337 23520 23618
296 35971 98 3 85435 49366 49464
226 85345 77 2 85512 90 167
882 60549 98 3 85610 24963 25061
919 64051 98 2 85708 21559 21657
692 85627 70 1 85778 81 151
767 45032 98 2 85876 40746 40844
535 74195 98 2 85974 11681 11779
602 48976 98 2 86072 36998 37096
340 41618 98 2 86170 44454 44552
546 49711 98 2 86268 36459 36557
73 86259 81 4 86349 9 90
956 86260 98 3 86447 89 187
341 66506 98 2 86545 19941 20039
487 51217 98 1 86643 35328 35426
830 33699 99 4 86742 52944 53043
877 86700 70 3 86812 42 112
236 55132 99 4 86911 31680 31779
787 63422 99 4 87010 23489 23588
346 86969 46 4 87056 41 87
555 61926 99 4 87155 25130 25229
243 45249 99 4 87254 41906 42005
424 34352 99 3 87353 52902 53001
948 73187 99 3 87452 14166 14265
973 61893 99 3 87551 25559 25658
801 39366 99 3 87650 48185 48284
589 40584 99 2 87749 47066 47165
402 38856 99 2 87848 48893 48992
129 70569 99 2 87947 17279 17378
4 87892 61 2 88008 55 116
522 43425 99 1 88107 44583 44682
536 50143 99 1 88206 37964 38063
98 60800 100 4 88306 27406 27506
76 88212 41 4 88347 94 135
60 38821 100 4 88447 49526 49626
499 35299 100 4 88547 53148 53248
495 45904 100 3 88647 42643 42743
320 64832 100 3 88747 23815 23915
697 50944 100 3 88847 37803 37903
980 52567 100 3 88947 36280 36380
866 74374 100 2 89047 14573 14673
165 88969 78 4 89125 78 156
71 90311 66 2 90377 0 66
964 90769 68 2 90837 0 68
950 91078 42 3 91120 0 42
879 92216 80 3 92296 0 80
963 92946 63 1 93009 0 63
985 93096 77 3 93173 0 77
270 93202 51 4 93253 0 51
508 94221 90 4 94311 0 90
498 95707 65 3 95772 0 65
260 96309 99 4 96408 0 99
609 96777 49 3 96826 0 49
596 97702 88 4 97790 0 88
494 99539 62 4 99601 0 62
202 100000 36 2 100036 0 36
778 100000 41 3 100077 36 77
195 100000 54 4 100131 77 131
663 100000 55 4 100186 131 186
804 100000 58 4 100244 186 244
290 100000 62 1 100306 244 306
563 100000 68 4 100374 306 374
407 100000 78 4 100452 374 452
199 100000 78 3 100530 452 530
558 100000 78 3 100608 530 608
899 100000 83 1 100691 608 691
478 100000 94 4 100785 691 785
348 100000 95 4 100880 785 880
157 100000 98 4 100978 880 978
