100461 1000 1540 1479
488 0 46 4 46 0 46
564 0 93 3 139 46 139
787 0 58 2 197 139 197
833 0 52 4 249 197 249
638 0 54 4 303 249 303
608 1512 31 4 1543 0 31
922 1560 60 1 1620 0 60
187 3076 65 1 3141 0 65
877 3381 48 1 3429 0 48
374 3548 83 4 3631 0 83
956 5499 58 3 5557 0 58
171 5502 70 2 5628 56 126
710 6103 45 3 6148 0 45
837 6983 68 2 7051 0 68
557 7646 66 4 7712 0 66
890 8731 70 4 8801 0 70
856 9471 84 4 9555 0 84
709 9702 56 3 9758 0 56
769 10503 68 3 10571 0 68
407 10610 76 2 10686 0 76
93 10904 65 3 10969 0 65
118 11260 70 4 11330 0 70
894 11493 53 2 11546 0 53
963 11510 80 2 11627 37 117
664 11743 77 4 11820 0 77
292 12068 55 2 12123 0 55
59 12185 84 3 12269 0 84
9 12310 62 4 12372 0 62
283 12470 72 1 12542 0 72
474 12773 83 2 12856 0 83
209 13801 62 3 13863 0 62
612 14061 52 4 14113 0 52
382 14343 95 2 14438 0 95
588 14354 98 2 14537 85 183
600 14464 75 4 14613 74 149
876 14679 67 2 14746 0 67
636 15107 58 4 15165 0 58
841 15546 83 1 15629 0 83
262 15771 46 1 15817 0 46
333 16274 61 4 16335 0 61
467 16318 20 3 16356 18 38
505 16382 43 1 16425 0 43
214 16393 54 4 16480 33 87
360 16454 90 3 16571 27 117
895 16819 61 4 16880 0 61
735 16977 59 2 17036 0 59
233 17340 34 2 17374 0 34
917 17374 78 1 17453 1 79
348 17798 53 3 17851 0 53
277 18109 70 4 18179 0 70
511 18221 53 2 18274 0 53
676 18568 22 4 18590 0 22
347 18674 51 2 18725 0 51
576 18945 66 4 19011 0 66
847 19216 66 2 19282 0 66
840 19941 64 4 20005 0 64
844 20029 60 4 20089 0 60
366 20078 69 4 20159 12 81
959 20222 73 4 20295 0 73
727 20658 53 2 20711 0 53
593 20706 82 2 20794 6 88
328 20752 45 2 20840 43 88
489 20772 58 3 20898 68 126
176 20909 77 3 20986 0 77
285 20930 50 4 21037 57 107
287 20988 76 2 21114 50 126
414 21156 67 3 21223 0 67
745 21230 30 4 21260 0 30
490 21252 40 1 21301 9 49
824 21255 54 4 21355 46 100
999 21282 70 3 21426 74 144
220 21357 57 4 21484 70 127
508 21359 47 2 21531 125 172
403 21507 60 4 21592 25 85
15 21600 80 3 21680 0 80
244 21688 66 1 21754 0 66
310 21767 51 2 21818 0 51
387 21835 31 4 21866 0 31
494 21968 61 4 22029 0 61
320 22029 54 4 22084 1 55
117 22051 61 4 22146 34 95
714 22117 71 4 22218 30 101
521 22457 54 1 22511 0 54
771 22631 71 4 22702 0 71
928 22690 73 4 22776 13 86
650 22702 51 4 22827 74 125
835 22789 53 4 22881 39 92
839 22839 43 2 22925 43 86
513 22881 39 4 22964 44 83
524 22910 53 4 23018 55 108
971 22991 42 3 23061 28 70
168 23102 63 3 23165 0 63
878 23480 48 3 23528 0 48
893 23561 67 4 23628 0 67
949 23582 62 1 23691 47 109
485 23595 62 4 23753 96 158
73 23805 51 1 23856 0 51
779 23973 80 2 24053 0 80
344 24033 58 4 24112 21 79
452 24192 38 1 24230 0 38
704 24601 74 2 24675 0 74
180 24608 49 4 24725 68 117
463 24672 64 4 24789 53 117
874 24680 41 2 24831 110 151
20 24883 59 4 24942 0 59
697 25100 63 3 25163 0 63
692 25173 37 3 25210 0 37
583 25219 54 4 25273 0 54
533 25271 89 4 25363 3 92
427 25385 54 4 25439 0 54
185 25443 92 3 25535 0 92
138 25488 72 1 25608 48 120
275 25588 42 3 25651 21 63
855 25754 33 4 25787 0 33
690 25826 69 3 25895 0 69
390 26219 62 2 26281 0 62
365 26304 57 3 26361 0 57
338 26353 43 2 26405 9 52
865 26358 60 4 26465 47 107
56 26503 86 2 26589 0 86
493 26524 53 3 26643 66 119
228 26582 54 3 26697 61 115
142 26817 55 1 26872 0 55
483 27068 77 3 27145 0 77
668 27088 77 2 27223 58 135
734 27101 50 4 27273 122 172
997 27156 56 4 27330 118 174
539 27177 67 3 27397 153 220
455 27348 54 4 27452 50 104
334 27471 50 4 27521 0 50
363 27496 47 3 27569 26 73
16 27610 36 1 27646 0 36
821 27637 81 2 27728 10 91
271 27690 67 2 27796 39 106
80 27710 53 4 27849 86 139
448 27720 94 4 27943 129 223
950 27911 44 4 27988 33 77
625 27973 82 3 28071 16 98
761 28011 84 3 28156 61 145
170 28019 51 3 28207 137 188
728 28029 71 3 28278 178 249
250 28074 69 2 28348 205 274
253 28087 57 3 28405 261 318
40 28246 91 4 28496 159 250
57 28285 60 2 28557 212 272
417 28287 70 2 28627 270 340
128 28417 100 4 28727 210 310
60 28737 69 1 28806 0 69
631 28739 96 3 28903 68 164
112 28798 56 3 28959 105 161
825 28807 63 3 29022 152 215
370 28966 79 4 29102 57 136
267 28984 64 1 29166 118 182
396 29019 88 3 29254 147 235
236 29459 81 1 29540 0 81
900 29555 70 2 29625 0 70
6 29580 68 2 29694 46 114
724 29697 62 3 29759 0 62
14 29837 53 2 29890 0 53
393 29838 50 4 29941 53 103
461 29859 45 4 29986 82 127
884 29864 65 2 30051 122 187
341 29951 53 2 30105 101 154
203 30069 70 2 30176 37 107
643 30079 66 1 30242 97 163
880 30139 30 3 30273 104 134
477 30366 41 4 30407 0 41
111 30382 71 2 30479 26 97
682 30449 37 3 30517 31 68
611 30629 46 3 30675 0 46
227 30723 71 4 30794 0 71
754 30759 50 2 30845 36 86
378 30844 64 3 30910 2 66
416 30865 62 2 30973 46 108
188 30961 41 3 31015 13 54
68 31256 70 4 31326 0 70
377 31291 58 4 31385 36 94
730 31363 68 2 31454 23 91
716 31428 46 2 31501 27 73
496 31648 61 3 31709 0 61
945 31739 62 2 31801 0 62
155 31765 46 2 31848 37 83
792 31794 62 4 31910 54 116
920 31871 56 3 31967 40 96
773 32029 93 3 32122 0 93
218 32150 69 3 32219 0 69
442 32155 52 2 32272 65 117
424 32319 45 4 32364 0 45
828 32426 76 2 32502 0 76
645 32458 49 4 32552 45 94
454 32528 44 1 32597 25 69
807 32540 57 2 32654 57 114
7 32595 91 3 32746 60 151
537 32653 38 3 32784 93 131
899 32653 44 2 32828 131 175
94 32674 72 3 32901 155 227
95 32741 81 2 32982 160 241
303 32749 64 1 33046 233 297
523 32756 71 3 33117 290 361
613 32857 92 3 33210 261 353
562 32910 49 2 33259 300 349
652 33023 87 3 33346 236 323
640 33168 59 3 33406 179 238
98 33236 51 3 33457 170 221
115 33344 40 3 33497 113 153
30 33400 51 4 33549 98 149
143 33512 51 3 33601 38 89
4 33599 60 4 33662 3 63
28 33619 60 1 33723 44 104
591 33776 51 3 33827 0 51
993 33828 32 2 33860 0 32
536 33990 81 4 34071 0 81
622 33999 83 4 34155 73 156
369 34250 100 4 34350 0 100
375 34261 63 4 34414 90 153
605 34270 64 4 34478 144 208
560 34323 81 1 34559 155 236
577 34668 60 4 34728 0 60
962 34688 54 3 34783 41 95
457 34695 64 3 34847 88 152
992 34722 69 4 34916 125 194
776 34805 58 1 34975 112 170
471 34810 68 3 35043 165 233
931 34955 71 4 35115 89 160
555 35046 35 4 35151 70 105
147 35053 52 4 35203 98 150
889 35087 51 3 35254 116 167
823 35125 62 3 35317 130 192
297 35154 64 3 35381 163 227
332 35191 53 2 35434 190 243
58 35202 63 3 35497 232 295
261 35217 73 4 35570 280 353
566 35281 45 4 35616 290 335
436 35315 64 3 35680 301 365
137 35339 58 1 35738 341 399
699 35479 45 4 35783 259 304
979 35500 61 4 35844 283 344
158 35509 79 2 35923 335 414
768 35679 44 3 35968 245 289
974 35859 86 1 36054 109 195
867 35875 53 4 36107 179 232
401 35926 60 4 36168 182 242
970 35939 86 3 36254 229 315
848 35957 56 1 36310 297 353
246 35968 57 1 36367 342 399
695 35968 56 4 36423 399 455
871 36108 70 4 36493 315 385
130 36112 79 4 36573 382 461
278 36126 78 3 36651 447 525
785 36141 51 1 36702 510 561
627 36160 40 4 36742 542 582
731 36239 67 4 36809 503 570
37 36297 52 4 36861 512 564
234 36302 41 2 36902 559 600
845 36358 84 2 36986 544 628
568 36393 46 4 37032 593 639
798 36405 63 4 37095 627 690
977 36466 48 3 37143 629 677
794 36479 48 4 37191 664 712
81 36503 70 4 37262 689 759
72 36727 56 3 37318 535 591
739 36730 57 4 37375 588 645
604 36828 42 4 37417 547 589
937 36862 64 2 37481 555 619
186 36887 100 3 37581 594 694
356 36977 67 4 37648 604 671
592 37002 36 4 37684 646 682
946 37016 64 3 37748 668 732
19 37029 97 3 37845 719 816
125 37071 66 4 37911 774 840
256 37089 68 4 37979 822 890
981 37122 77 3 38056 857 934
69 37204 82 3 38139 853 935
795 37213 84 2 38223 926 1010
764 37267 70 4 38293 956 1026
157 37306 73 4 38366 987 1060
784 37340 81 3 38447 1026 1107
495 37344 84 4 38531 1103 1187
693 37428 44 3 38575 1103 1147
105 37482 60 2 38635 1093 1153
671 37555 52 1 38687 1080 1132
274 37629 76 2 38763 1058 1134
12 37699 53 4 38816 1064 1117
362 37819 57 2 38873 997 1054
540 37912 69 4 38942 961 1030
827 37935 84 3 39026 1007 1091
190 37979 74 3 39100 1047 1121
43 37981 60 3 39160 1119 1179
617 38082 56 3 39217 1079 1135
443 38106 78 2 39295 1111 1189
951 38332 34 2 39329 963 997
852 38532 67 3 39396 797 864
13 38542 28 4 39424 854 882
746 38544 44 4 39468 880 924
726 38618 52 4 39520 850 902
545 38645 49 4 39569 875 924
352 38962 56 3 39625 607 663
104 38985 64 3 39689 640 704
786 39036 60 4 39749 653 713
181 39067 58 1 39807 682 740
371 39142 30 3 39837 665 695
260 39234 55 3 39893 604 659
492 39352 67 4 39960 541 608
542 39361 73 4 40033 599 672
394 39525 59 3 40092 508 567
324 39554 43 3 40135 538 581
548 39591 59 3 40194 544 603
567 39599 72 4 40266 595 667
475 39663 24 2 40290 603 627
998 39720 98 1 40388 570 668
420 39731 65 3 40453 657 722
235 39736 37 4 40490 717 754
173 39751 77 3 40567 739 816
984 39807 65 4 40632 760 825
243 39920 67 3 40700 713 780
541 40049 62 4 40762 651 713
308 40059 46 4 40808 703 749
529 40067 81 4 40889 741 822
248 40168 74 3 40963 721 795
136 40270 51 4 41014 693 744
649 40270 36 4 41050 744 780
34 40330 45 4 41095 720 765
526 40341 59 2 41154 754 813
438 40352 65 2 41219 802 867
923 40448 78 3 41297 771 849
389 40453 21 4 41318 844 865
207 40473 32 4 41350 845 877
620 40708 55 1 41406 643 698
61 40737 68 4 41474 669 737
466 40826 45 4 41519 648 693
350 40833 64 2 41583 686 750
376 41025 85 2 41668 558 643
912 41109 91 2 41759 559 650
800 41127 84 4 41843 632 716
818 41140 28 4 41871 703 731
205 41262 47 3 41918 609 656
933 41418 40 1 41959 501 541
658 41421 47 4 42006 538 585
712 41426 47 3 42053 580 627
579 41505 57 4 42110 548 605
293 41567 93 4 42203 543 636
281 41600 71 3 42274 603 674
280 41649 77 4 42351 625 702
311 41674 79 3 42430 677 756
755 41720 40 2 42470 710 750
126 41721 43 4 42513 749 792
879 41760 57 3 42570 753 810
70 41761 45 4 42615 809 854
211 41961 75 2 42691 655 730
165 41981 46 4 42737 710 756
705 42068 56 4 42793 669 725
614 42093 75 3 42868 700 775
145 42100 39 3 42907 768 807
317 42105 45 3 42952 802 847
553 42117 60 4 43012 835 895
64 42117 58 3 43070 895 953
910 42125 78 3 43148 945 1023
183 42172 61 2 43209 976 1037
44 42189 49 2 43258 1020 1069
96 42201 60 4 43318 1057 1117
200 42275 61 2 43379 1043 1104
223 42287 51 3 43430 1092 1143
18 42334 57 2 43487 1096 1153
965 42393 43 3 43530 1094 1137
584 42475 72 3 43602 1055 1127
166 42492 67 3 43669 1110 1177
213 42522 54 3 43723 1147 1201
306 42707 65 4 43789 1017 1082
635 42759 46 4 43835 1030 1076
861 42778 36 3 43871 1057 1093
392 42824 53 4 43924 1047 1100
559 42834 68 2 43992 1090 1158
964 42855 49 1 44041 1137 1186
737 42861 31 3 44072 1180 1211
908 42874 59 2 44131 1198 1257
286 43008 48 2 44179 1123 1171
345 43100 65 4 44244 1079 1144
854 43124 74 1 44318 1120 1194
291 43133 54 1 44372 1185 1239
62 43146 80 4 44452 1226 1306
129 43220 68 2 44520 1232 1300
677 43223 74 2 44594 1297 1371
240 43299 40 4 44634 1295 1335
655 43300 61 4 44695 1334 1395
621 43304 33 3 44728 1391 1424
88 43417 98 4 44826 1311 1409
36 43468 58 3 44884 1358 1416
172 43471 60 2 44944 1413 1473
11 43474 81 4 45025 1470 1551
217 43518 59 4 45084 1507 1566
629 43530 57 4 45141 1554 1611
3 43545 68 3 45209 1596 1664
770 43728 92 3 45302 1482 1574
451 43830 61 3 45363 1472 1533
82 43908 55 4 45418 1455 1510
440 43927 54 3 45472 1491 1545
51 43954 59 3 45531 1518 1577
969 44045 56 4 45587 1486 1542
581 44204 38 4 45625 1383 1421
1000 44220 42 4 45667 1405 1447
957 44222 57 3 45724 1445 1502
551 44224 49 2 45773 1500 1549
151 44232 70 4 45843 1541 1611
391 44247 43 1 45886 1596 1639
27 44249 35 3 45921 1637 1672
905 44340 65 4 45986 1581 1646
672 44352 70 3 46056 1634 1704
531 44422 67 4 46123 1634 1701
602 44648 61 3 46184 1475 1536
921 44850 72 4 46256 1334 1406
269 44989 35 4 46291 1267 1302
806 45024 66 1 46357 1267 1333
468 45036 76 4 46433 1321 1397
423 45166 78 3 46511 1267 1345
384 45173 94 3 46605 1338 1432
853 45191 67 4 46672 1414 1481
284 45267 63 1 46736 1406 1469
549 45270 55 3 46791 1466 1521
316 45281 79 1 46870 1510 1589
733 45334 41 4 46911 1536 1577
140 45343 44 2 46955 1568 1612
108 45381 81 4 47036 1574 1655
154 45486 41 4 47077 1550 1591
230 45545 60 3 47137 1532 1592
898 45586 47 3 47184 1551 1598
904 45594 78 4 47262 1590 1668
237 45680 53 4 47315 1582 1635
966 45685 51 3 47366 1630 1681
633 45740 67 4 47433 1626 1693
809 45806 41 4 47474 1627 1668
160 45924 59 4 47533 1550 1609
302 45936 62 2 47595 1597 1659
514 46045 69 3 47664 1550 1619
689 46056 58 3 47722 1608 1666
501 46061 53 4 47775 1661 1714
71 46083 64 4 47839 1692 1756
355 46125 73 3 47912 1714 1787
450 46151 35 2 47947 1761 1796
509 46238 70 4 48017 1709 1779
679 46248 67 3 48084 1769 1836
49 46251 88 2 48172 1833 1921
528 46251 83 4 48255 1921 2004
325 46347 68 3 48323 1908 1976
219 46377 63 2 48386 1946 2009
264 46591 53 3 48439 1795 1848
65 46603 20 3 48459 1836 1856
582 46653 52 1 48511 1806 1858
683 46819 33 4 48545 1693 1726
447 46854 69 4 48614 1691 1760
986 46861 47 2 48661 1753 1800
359 46922 80 3 48741 1739 1819
569 46939 73 2 48814 1802 1875
177 47014 52 4 48866 1800 1852
550 47033 35 4 48901 1833 1868
941 47068 53 3 48954 1833 1886
210 47329 81 3 49035 1625 1706
307 47366 52 2 49087 1669 1721
89 47423 60 2 49147 1664 1724
940 47435 73 4 49220 1712 1785
587 47480 76 2 49296 1740 1816
206 47709 69 4 49365 1587 1656
295 47724 50 4 49415 1641 1691
322 47765 42 4 49457 1650 1692
659 47810 63 4 49520 1647 1710
783 47899 30 4 49550 1621 1651
415 47930 84 3 49634 1620 1704
642 47957 23 4 49657 1677 1700
53 47983 56 4 49713 1674 1730
758 48033 72 4 49785 1680 1752
925 48038 70 1 49855 1747 1817
762 48086 51 2 49906 1769 1820
167 48086 73 4 49979 1820 1893
84 48098 60 2 50039 1881 1941
580 48120 84 4 50123 1919 2003
757 48141 56 4 50179 1982 2038
221 48148 62 3 50241 2031 2093
502 48376 67 4 50308 1865 1932
510 48465 71 3 50379 1843 1914
713 48534 46 4 50426 1846 1892
674 48553 80 4 50506 1873 1953
654 48598 82 3 50588 1908 1990
252 48617 61 4 50649 1971 2032
578 48666 53 4 50702 1983 2036
586 48742 70 2 50772 1960 2030
680 48829 67 4 50839 1943 2010
169 48838 71 4 50910 2001 2072
326 48858 77 2 50987 2052 2129
372 48948 55 3 51042 2039 2094
491 48955 44 1 51086 2087 2131
312 48976 69 3 51155 2110 2179
249 49084 58 4 51213 2071 2129
637 49172 73 4 51286 2041 2114
927 49215 41 4 51327 2071 2112
866 49344 59 3 51386 1983 2042
752 49427 56 3 51442 1959 2015
743 49443 60 2 51502 1999 2059
215 49447 34 3 51536 2055 2089
936 49483 82 3 51618 2053 2135
25 49733 69 3 51687 1885 1954
29 49781 57 2 51744 1906 1963
430 49807 48 3 51792 1937 1985
498 49880 59 2 51851 1912 1971
598 49895 57 2 51908 1956 2013
749 50115 87 3 51995 1793 1880
522 50153 48 3 52043 1842 1890
354 50221 47 2 52090 1822 1869
24 50228 66 3 52156 1862 1928
66 50229 60 4 52216 1927 1987
131 50281 39 3 52255 1935 1974
77 50326 60 4 52315 1929 1989
500 50347 78 3 52393 1968 2046
688 50380 58 3 52451 2013 2071
775 50591 76 4 52528 1861 1937
421 50593 72 2 52600 1935 2007
335 50666 100 4 52700 1934 2034
561 50690 65 3 52765 2010 2075
760 50754 68 4 52833 2011 2079
667 50778 73 4 52906 2055 2128
319 50839 60 3 52966 2067 2127
607 50865 68 2 53034 2101 2169
156 50881 44 4 53078 2153 2197
711 50941 81 4 53159 2137 2218
87 50949 46 4 53205 2210 2256
722 50972 41 3 53246 2233 2274
245 51024 51 4 53297 2222 2273
478 51056 24 4 53321 2241 2265
870 51125 64 3 53385 2196 2260
46 51176 39 4 53424 2209 2248
955 51177 94 4 53518 2247 2341
980 51206 61 3 53579 2312 2373
480 51245 38 1 53617 2334 2372
119 51338 37 4 53654 2279 2316
897 51530 44 3 53698 2124 2168
296 51530 58 3 53756 2168 2226
983 51561 80 2 53836 2195 2275
107 51612 66 4 53902 2224 2290
919 51636 87 1 53989 2266 2353
419 51676 34 4 54023 2313 2347
994 51690 72 3 54095 2333 2405
74 51701 20 4 54115 2394 2414
150 51893 33 3 54148 2222 2255
481 51916 66 2 54214 2232 2298
134 51951 85 2 54299 2263 2348
465 51988 74 2 54373 2311 2385
961 52043 56 3 54429 2330 2386
759 52058 42 3 54471 2371 2413
797 52074 64 4 54535 2397 2461
634 52153 63 3 54598 2382 2445
846 52198 66 2 54664 2400 2466
429 52236 80 4 54744 2428 2508
123 52243 34 1 54778 2501 2535
109 52254 54 4 54832 2524 2578
944 52289 74 4 54906 2543 2617
462 52452 32 1 54938 2454 2486
412 52465 72 2 55011 2474 2546
791 52596 100 4 55111 2415 2515
50 52652 51 4 55162 2459 2510
594 52680 69 3 55231 2482 2551
174 52725 46 4 55277 2506 2552
405 52748 54 2 55331 2529 2583
222 52760 64 3 55395 2571 2635
162 52783 41 3 55436 2612 2653
718 52810 46 2 55482 2626 2672
858 52816 87 2 55569 2666 2753
33 52816 58 2 55627 2753 2811
543 52997 50 1 55677 2630 2680
456 53033 80 1 55757 2644 2724
914 53098 55 3 55812 2659 2714
497 53118 20 1 55832 2694 2714
38 53143 54 4 55886 2689 2743
331 53177 72 3 55958 2709 2781
763 53298 62 4 56020 2660 2722
10 53351 57 2 56077 2669 2726
973 53355 50 2 56127 2722 2772
777 53365 49 3 56176 2762 2811
639 53415 57 3 56233 2761 2818
822 53428 52 4 56285 2805 2857
106 53453 64 4 56349 2832 2896
255 53483 58 1 56407 2866 2924
476 53702 54 3 56461 2705 2759
810 53707 59 3 56520 2754 2813
148 53728 83 2 56603 2792 2875
978 53753 70 3 56673 2850 2920
238 53755 51 3 56724 2918 2969
516 53760 58 4 56782 2964 3022
198 53831 62 4 56844 2951 3013
610 53912 63 4 56907 2932 2995
272 54098 47 2 56954 2809 2856
426 54100 52 4 57006 2854 2906
425 54196 80 1 57086 2810 2890
875 54237 80 4 57166 2849 2929
843 54292 65 3 57231 2874 2939
519 54294 51 2 57282 2937 2988
41 54326 76 1 57358 2956 3032
814 54457 43 2 57401 2901 2944
935 54461 44 2 57445 2940 2984
400 54528 34 1 57479 2917 2951
216 54617 40 3 57519 2862 2902
2 54706 43 2 57562 2813 2856
891 54737 86 2 57648 2825 2911
805 54749 81 4 57729 2899 2980
896 54774 56 3 57785 2955 3011
903 54932 74 4 57859 2853 2927
8 55063 67 2 57927 2797 2864
972 55171 67 3 57994 2756 2823
45 55189 51 2 58045 2805 2856
842 55281 50 4 58095 2764 2814
647 55305 38 3 58133 2790 2828
750 55308 78 3 58211 2825 2903
373 55329 67 1 58278 2882 2949
193 55359 51 2 58329 2919 2970
23 55365 51 4 58380 2964 3015
197 55379 84 2 58464 3001 3085
952 55402 59 2 58523 3062 3121
882 55470 49 4 58572 3053 3102
663 55526 29 4 58601 3046 3075
715 55745 56 2 58657 2856 2912
482 55770 50 1 58707 2887 2937
290 55881 72 2 58779 2826 2898
790 55942 76 3 58855 2837 2913
323 55977 45 4 58900 2878 2923
289 56021 61 4 58961 2879 2940
298 56028 73 2 59034 2933 3006
753 56043 80 3 59114 2991 3071
968 56099 84 3 59198 3015 3099
251 56145 76 3 59274 3053 3129
343 56229 59 3 59333 3045 3104
304 56305 32 4 59365 3028 3060
114 56358 77 2 59442 3007 3084
506 56510 65 4 59507 2932 2997
780 56556 59 3 59566 2951 3010
300 56598 49 3 59615 2968 3017
597 56838 61 4 59676 2777 2838
694 57074 71 3 59747 2602 2673
515 57077 71 4 59818 2670 2741
751 57083 72 1 59890 2735 2807
609 57174 62 2 59952 2716 2778
552 57332 48 1 60000 2620 2668
916 57398 57 4 60057 2602 2659
282 57404 74 1 60131 2653 2727
687 57562 48 3 60179 2569 2617
385 57573 60 3 60239 2606 2666
849 57612 64 4 60303 2627 2691
796 57733 60 1 60363 2570 2630
748 57775 64 1 60427 2588 2652
357 57911 53 3 60481 2517 2570
939 57943 42 3 60523 2538 2580
662 58091 61 4 60584 2432 2493
152 58191 42 2 60626 2393 2435
48 58207 80 3 60706 2419 2499
63 58231 75 2 60781 2475 2550
507 58243 52 4 60833 2538 2590
747 58245 75 2 60908 2588 2663
616 58289 68 2 60976 2619 2687
259 58302 41 4 61017 2674 2715
330 58313 39 4 61056 2704 2743
121 58328 54 2 61110 2728 2782
470 58334 63 3 61173 2776 2839
367 58339 68 4 61241 2834 2902
596 58369 56 3 61297 2872 2928
231 58440 58 3 61355 2857 2915
395 58493 70 3 61425 2862 2932
860 58532 88 2 61513 2893 2981
774 58586 69 4 61582 2927 2996
788 58667 54 3 61636 2915 2969
337 58732 41 3 61677 2904 2945
288 58750 51 4 61728 2927 2978
381 58771 61 1 61789 2957 3018
406 58815 45 3 61834 2974 3019
772 58851 55 2 61889 2983 3038
178 58871 39 4 61928 3018 3057
318 58973 82 1 62010 2955 3037
595 58989 48 4 62058 3021 3069
624 59009 50 1 62108 3049 3099
263 59069 68 4 62176 3039 3107
85 59074 72 4 62248 3102 3174
996 59119 84 4 62332 3129 3213
224 59119 60 3 62392 3213 3273
873 59158 71 4 62463 3234 3305
909 59160 74 4 62537 3303 3377
199 59225 75 3 62612 3312 3387
100 59310 46 4 62658 3302 3348
113 59394 37 2 62695 3264 3301
808 59400 45 4 62740 3295 3340
906 59476 58 3 62798 3264 3322
464 59500 35 1 62833 3298 3333
838 59528 51 2 62884 3305 3356
101 59571 45 2 62929 3313 3358
725 59588 60 4 62989 3341 3401
153 59603 87 4 63076 3386 3473
92 59642 55 2 63131 3434 3489
938 59734 73 2 63204 3397 3470
857 59770 53 2 63257 3434 3487
948 59796 47 3 63304 3461 3508
883 59804 45 3 63349 3500 3545
585 59812 47 3 63396 3537 3584
696 59882 52 1 63448 3514 3566
512 59888 70 4 63518 3560 3630
35 59905 74 2 63592 3613 3687
570 60020 68 3 63660 3572 3640
831 60267 81 4 63741 3393 3474
872 60308 75 3 63816 3433 3508
122 60337 64 2 63880 3479 3543
273 60470 43 4 63924 3411 3454
26 60509 45 4 63969 3415 3460
943 60514 67 2 64036 3455 3522
525 60536 93 1 64129 3500 3593
721 60543 50 3 64179 3586 3636
666 60779 45 4 64224 3400 3445
191 60819 66 4 64290 3405 3471
698 60845 30 3 64320 3445 3475
665 60884 62 1 64382 3436 3498
78 60926 70 3 64452 3456 3526
901 60932 54 3 64506 3520 3574
729 60972 96 2 64602 3534 3630
958 61162 83 4 64685 3440 3523
446 61178 82 2 64767 3507 3589
799 61197 92 3 64859 3570 3662
346 61199 72 3 64931 3660 3732
434 61232 60 4 64991 3699 3759
744 61295 75 3 65066 3696 3771
258 61321 62 2 65128 3745 3807
732 61344 68 2 65196 3784 3852
574 61430 75 1 65271 3766 3841
888 61534 56 4 65327 3737 3793
439 61542 79 3 65406 3785 3864
5 61553 43 3 65449 3853 3896
817 61643 81 2 65530 3806 3887
139 61777 42 3 65572 3753 3795
433 61909 60 1 65632 3663 3723
437 61919 62 1 65694 3713 3775
850 61931 65 2 65759 3763 3828
942 62049 51 4 65810 3710 3761
868 62106 66 1 65876 3704 3770
851 62151 70 1 65946 3725 3795
473 62208 54 2 66000 3738 3792
67 62401 47 4 66047 3599 3646
669 62460 46 1 66093 3587 3633
653 62482 47 2 66140 3611 3658
707 62597 73 2 66213 3543 3616
766 62691 33 2 66246 3522 3555
449 62882 70 3 66316 3364 3434
208 62901 34 2 66350 3415 3449
135 62912 48 2 66398 3438 3486
422 62969 73 4 66471 3429 3502
988 63033 82 3 66553 3438 3520
402 63175 47 4 66600 3378 3425
486 63206 57 3 66657 3394 3451
268 63221 59 4 66716 3436 3495
459 63296 79 3 66795 3420 3499
315 63391 45 4 66840 3404 3449
534 63586 84 3 66924 3254 3338
411 63626 74 4 66998 3298 3372
361 63668 59 2 67057 3330 3389
132 63679 55 2 67112 3378 3433
832 63735 57 3 67169 3377 3434
985 63747 55 4 67224 3422 3477
103 63875 53 4 67277 3349 3402
892 63952 69 3 67347 3326 3395
830 64124 53 4 67400 3223 3276
902 64201 65 4 67465 3199 3264
924 64464 59 3 67524 3001 3060
301 64580 38 2 67562 2944 2982
254 64615 74 4 67636 2947 3021
630 64660 66 3 67702 2976 3042
742 64739 76 2 67778 2963 3039
819 64751 58 4 67836 3027 3085
460 64777 45 2 67881 3059 3104
767 64786 76 2 67957 3095 3171
55 64854 60 3 68017 3103 3163
626 64886 70 3 68087 3131 3201
911 64996 81 3 68168 3091 3172
368 65068 56 1 68224 3100 3156
673 65128 53 4 68277 3096 3149
641 65144 87 3 68364 3133 3220
517 65229 47 4 68411 3135 3182
39 65326 58 3 68469 3085 3143
353 65407 52 1 68521 3062 3114
469 65429 59 4 68580 3092 3151
789 65484 38 3 68618 3096 3134
247 65562 65 3 68683 3056 3121
954 65696 100 2 68783 2987 3087
702 65758 62 1 68845 3025 3087
929 65850 53 4 68898 2995 3048
826 65883 74 3 68972 3015 3089
820 65941 45 4 69017 3031 3076
351 66078 38 3 69055 2939 2977
149 66124 69 2 69124 2931 3000
479 66160 73 2 69197 2964 3037
932 66175 90 3 69287 3022 3112
670 66183 55 2 69342 3104 3159
881 66240 71 4 69413 3102 3173
589 66268 66 2 69479 3145 3211
31 66312 89 2 69568 3167 3256
816 66378 41 1 69609 3190 3231
619 66488 70 4 69679 3121 3191
336 66507 59 1 69738 3172 3231
195 66614 64 2 69802 3124 3188
408 66641 45 2 69847 3161 3206
163 66650 68 4 69915 3197 3265
953 66803 49 1 69964 3112 3161
527 66890 61 4 70025 3074 3135
812 66922 64 4 70089 3103 3167
915 66923 65 3 70154 3166 3231
445 67018 63 1 70217 3136 3199
83 67073 36 4 70253 3144 3180
383 67104 72 4 70325 3149 3221
691 67126 85 3 70410 3199 3284
120 67197 58 3 70468 3213 3271
124 67203 45 4 70513 3265 3310
1 67228 50 2 70563 3285 3335
565 67341 48 3 70612 3223 3271
90 67364 53 3 70665 3248 3301
309 67438 71 1 70736 3227 3298
886 67497 55 3 70791 3239 3294
572 67532 50 4 70841 3259 3309
52 67541 86 3 70927 3300 3386
538 67553 77 2 71004 3374 3451
907 67630 41 2 71045 3374 3415
97 67730 85 4 71130 3315 3400
453 67880 56 3 71186 3250 3306
386 67933 48 3 71234 3253 3301
444 68077 63 3 71297 3157 3220
829 68103 77 3 71374 3194 3271
648 68171 64 2 71438 3203 3267
644 68306 78 3 71516 3132 3210
232 68370 55 4 71571 3146 3201
885 68453 93 1 71664 3118 3211
201 68510 38 2 71702 3154 3192
314 68700 77 4 71779 3002 3079
646 68752 61 1 71840 3027 3088
991 68800 74 2 71914 3040 3114
987 68839 48 2 71962 3075 3123
615 68891 24 3 71986 3071 3095
428 69088 100 3 72086 2898 2998
681 69150 44 3 72130 2936 2980
179 69305 57 3 72187 2825 2882
42 69344 44 4 72231 2843 2887
431 69448 76 4 72307 2783 2859
520 69544 98 3 72405 2763 2861
887 69616 82 4 72487 2789 2871
803 69675 49 4 72536 2812 2861
91 69735 54 3 72590 2801 2855
719 69835 47 4 72637 2755 2802
793 69842 52 4 72689 2795 2847
32 69867 60 4 72749 2822 2882
995 69992 37 3 72786 2757 2794
603 70030 38 3 72824 2756 2794
989 70071 63 4 72887 2753 2816
499 70112 54 4 72941 2775 2829
21 70154 54 3 72995 2787 2841
573 70185 46 1 73041 2810 2856
869 70228 57 1 73098 2813 2870
22 70302 66 4 73164 2796 2862
723 70303 43 3 73207 2861 2904
661 70369 41 4 73248 2838 2879
660 70456 53 2 73301 2792 2845
532 70520 54 3 73355 2781 2835
212 70600 57 2 73413 2756 2813
226 70677 67 4 73480 2736 2803
706 70902 27 2 73507 2578 2605
327 70958 79 4 73586 2549 2628
685 71164 82 4 73668 2422 2504
530 71282 25 2 73693 2386 2411
388 71294 69 4 73762 2399 2468
834 71519 53 2 73815 2243 2296
265 71579 67 4 73882 2236 2303
379 71718 85 1 73967 2164 2249
717 71745 59 2 74026 2222 2281
182 71818 67 4 74093 2208 2275
184 71851 37 3 74130 2242 2279
409 71984 50 1 74180 2146 2196
556 72033 39 3 74219 2147 2186
738 72042 55 2 74274 2177 2232
146 72079 43 4 74317 2195 2238
590 72157 51 4 74368 2160 2211
175 72207 66 3 74434 2161 2227
684 72274 37 4 74471 2160 2197
418 72292 75 4 74546 2179 2254
740 72306 58 3 74604 2240 2298
54 72531 74 2 74678 2073 2147
127 72540 64 4 74742 2138 2202
313 72637 33 2 74775 2105 2138
546 72650 95 4 74870 2125 2220
975 72661 71 4 74941 2209 2280
472 72735 82 1 75023 2206 2288
99 72796 57 3 75080 2227 2284
811 73161 65 4 75145 1919 1984
192 73513 81 3 75227 1633 1714
736 73520 91 1 75318 1707 1798
864 73616 54 3 75372 1702 1756
504 73632 50 3 75422 1740 1790
815 73659 100 3 75522 1763 1863
859 73765 70 3 75592 1757 1827
934 74032 85 3 75677 1560 1645
458 74225 92 4 75769 1452 1544
279 74321 74 4 75843 1448 1522
410 74438 51 4 75894 1405 1456
225 74445 76 4 75970 1449 1525
535 74601 86 4 76056 1369 1455
164 74937 20 4 76076 1119 1139
720 74960 43 3 76119 1116 1159
266 75233 40 3 76160 887 927
967 75243 61 2 76221 917 978
241 75269 94 3 76315 952 1046
656 75347 62 4 76377 968 1030
202 75443 54 4 76431 934 988
342 75468 82 4 76513 963 1045
651 75514 68 3 76581 999 1067
242 75570 61 4 76642 1011 1072
623 75645 62 3 76704 997 1059
404 75833 58 3 76762 871 929
194 75911 60 3 76822 851 911
75 75984 51 2 76873 838 889
632 76046 63 2 76936 827 890
802 76216 61 3 76998 721 782
364 76273 75 3 77073 725 800
432 76304 84 1 77157 769 853
399 76341 63 3 77220 816 879
982 76501 44 4 77264 719 763
575 76752 73 2 77337 512 585
703 77217 84 4 77422 121 205
913 77239 35 4 77457 183 218
741 77285 72 4 77529 172 244
299 77381 68 2 77598 149 217
358 77430 93 3 77691 168 261
339 77527 66 2 77757 164 230
547 77654 27 2 77785 104 131
441 77672 60 2 77845 113 173
86 77690 52 3 77897 155 207
657 77911 38 3 77949 0 38
276 77963 56 3 78019 0 56
397 78059 72 4 78131 0 72
700 78667 53 2 78720 0 53
204 78713 66 4 78787 8 74
863 78793 69 4 78862 0 69
686 78973 63 3 79036 0 63
628 79089 63 4 79152 0 63
294 79324 60 1 79384 0 60
321 79527 44 4 79571 0 44
918 79717 43 3 79760 0 43
141 79769 60 2 79829 0 60
47 79779 68 1 79898 51 119
960 79866 56 3 79955 33 89
79 79949 84 4 80040 7 91
340 79972 65 4 80106 69 134
116 80038 51 2 80157 68 119
270 80162 68 3 80230 0 68
398 80315 59 3 80374 0 59
102 80472 73 2 80545 0 73
558 80822 42 3 80864 0 42
518 80886 45 4 80931 0 45
349 80966 53 1 81019 0 53
413 81155 58 4 81213 0 58
484 81402 58 1 81460 0 58
571 81626 69 4 81695 0 69
926 81685 60 3 81756 11 71
862 81705 77 3 81834 52 129
435 81832 83 4 81918 3 86
239 81907 72 2 81991 12 84
930 82165 63 4 82228 0 63
196 82685 54 3 82739 0 54
990 82903 71 4 82974 0 71
305 82925 26 3 83001 50 76
159 82928 44 3 83045 73 117
110 83005 75 2 83121 41 116
133 83057 55 4 83177 65 120
487 83367 76 2 83443 0 76
544 83400 23 4 83467 44 67
189 83461 47 3 83515 7 54
675 83753 54 3 83807 0 54
229 83756 100 2 83908 52 152
618 84124 57 1 84181 0 57
778 84310 42 3 84352 0 42
813 86044 84 3 86128 0 84
781 86144 54 4 86198 0 54
701 86224 52 3 86276 0 52
599 86311 75 1 86386 0 75
329 86397 89 2 86486 0 89
765 87674 38 1 87712 0 38
144 87897 51 3 87948 0 51
804 88109 61 4 88170 0 61
836 88792 71 3 88863 0 71
756 89148 54 4 89202 0 54
801 90365 58 4 90423 0 58
678 90567 78 3 90645 0 78
17 90604 49 4 90695 42 91
161 91281 71 3 91352 0 71
554 91425 73 4 91498 0 73
257 93300 71 3 93371 0 71
708 94617 73 4 94690 0 73
606 94965 63 3 95028 0 63
503 100000 52 2 100052 0 52
380 100000 62 4 100114 52 114
76 100000 62 1 100176 114 176
947 100000 56 4 100232 176 232
976 100000 40 4 100272 232 272
782 100000 79 4 100351 272 351
563 100000 64 2 100415 351 415
601 100000 46 4 100461 415 461
