100362 1713 1173 1113
840 0 27 1 27 0 27
585 0 49 3 76 27 76
404 0 38 4 114 76 114
428 0 45 1 209 164 209
449 0 69 4 228 159 228
108 539 24 3 563 0 24
345 1247 61 3 1308 0 61
360 2043 48 3 2091 0 48
659 2296 62 4 2358 0 62
99 2479 36 4 2515 0 36
805 3289 52 4 3341 0 52
869 3529 39 1 3568 0 39
262 4088 56 4 4144 0 56
912 4709 59 4 4768 0 59
873 4825 55 2 4880 0 55
267 5499 71 3 5570 0 71
387 6207 70 4 6277 0 70
339 6279 56 4 6335 0 56
231 6508 64 2 6572 0 64
251 6632 55 4 6687 0 55
123 6940 67 1 7007 0 67
945 8170 47 3 8217 0 47
137 8492 72 4 8564 0 72
462 8671 50 2 8721 0 50
704 8972 75 3 9047 0 75
947 9211 33 4 9244 0 33
369 9316 64 4 9380 0 64
875 9464 51 4 9515 0 51
60 9795 70 2 9865 0 70
442 10420 76 4 10496 0 76
77 10431 22 4 10518 65 87
826 11262 53 3 11315 0 53
650 11563 61 4 11624 0 61
792 11917 45 1 11962 0 45
271 12121 80 4 12201 0 80
117 12350 76 4 12426 0 76
883 12413 76 4 12502 13 89
683 12486 62 4 12564 16 78
574 12632 45 3 12677 0 45
969 12947 75 3 13022 0 75
550 13181 63 1 13244 0 63
520 13439 69 2 13508 0 69
352 13480 60 3 13568 28 88
748 13607 62 4 13669 0 62
632 13626 44 2 13713 43 87
220 13860 38 4 13898 0 38
596 14222 60 4 14282 0 60
565 14501 47 1 14548 0 47
297 14991 46 4 15037 0 46
678 15154 20 2 15174 0 20
959 15552 57 3 15609 0 57
194 15702 62 2 15764 0 62
554 15744 38 3 15852 70 108
87 15707 54 4 15856 95 149
888 15912 65 4 15977 0 65
861 16223 68 4 16291 0 68
529 16273 48 3 16339 18 66
47 16284 33 4 16372 55 88
258 17049 56 4 17105 0 56
208 17361 60 4 17421 0 60
642 18684 80 3 18764 0 80
731 19173 56 4 19229 0 56
239 19375 47 4 19422 0 47
498 19532 47 4 19579 0 47
314 20075 72 4 20147 0 72
952 20207 66 2 20273 0 66
637 20291 90 1 20381 0 90
610 20365 68 4 20549 116 184
416 20367 53 2 20602 182 235
329 20371 69 2 20621 181 250
928 20421 54 4 20625 150 204
130 20605 61 3 20686 20 81
813 20699 74 2 20773 0 74
367 21285 36 2 21321 0 36
636 21678 52 2 21730 0 52
250 21776 60 2 21836 0 60
796 21832 31 4 21867 4 35
795 21857 68 2 21935 10 78
745 22616 35 2 22651 0 35
138 22646 79 3 22730 5 84
782 22751 75 2 22826 0 75
454 22790 33 4 22859 36 69
693 22821 66 3 22925 38 104
606 22982 55 4 23037 0 55
85 23099 58 3 23157 0 58
531 23313 37 4 23350 0 37
94 23448 44 3 23492 0 44
708 23556 62 4 23618 0 62
993 23562 35 2 23653 56 91
600 23594 58 3 23761 109 167
519 23633 58 3 23769 78 136
539 23779 64 4 23843 0 64
950 23796 54 4 23947 97 151
317 23822 88 4 23985 75 163
298 23953 39 3 24024 32 71
104 24106 47 4 24153 0 47
426 24123 53 3 24206 30 83
930 24200 38 3 24294 56 94
669 24193 54 3 24298 51 105
628 24233 52 2 24350 65 117
283 24320 67 2 24417 30 97
417 24511 60 1 24571 0 60
242 24590 76 1 24666 0 76
241 24639 67 2 24733 27 94
227 24758 20 1 24778 0 20
199 25027 53 3 25080 0 53
523 25048 63 3 25143 32 95
287 25091 69 4 25212 52 121
986 25175 68 4 25330 87 155
234 25209 60 1 25340 71 131
97 25309 73 3 25463 81 154
718 25328 51 3 25464 85 136
663 25419 42 3 25506 45 87
783 25619 57 4 25676 0 57
476 25623 70 2 25746 53 123
431 25739 43 2 25789 7 50
436 25742 35 3 25824 47 82
191 25808 68 4 25892 16 84
27 26066 30 4 26096 0 30
573 26087 50 3 26146 9 59
192 26088 64 4 26210 58 122
452 26179 48 4 26308 81 129
646 26209 30 4 26338 99 129
785 26170 51 3 26339 118 169
651 26229 37 3 26376 110 147
182 26344 62 2 26438 32 94
549 26380 62 3 26550 108 170
766 26383 72 4 26622 167 239
491 26484 66 4 26638 88 154
419 26570 55 4 26743 118 173
343 26607 79 4 26772 86 165
54 26715 30 3 26802 57 87
984 26765 62 1 26864 37 99
553 26866 75 3 26941 0 75
860 26999 54 4 27053 0 54
584 27023 62 4 27115 30 92
515 27095 51 3 27166 20 71
349 27218 65 4 27283 0 65
145 27275 75 1 27358 8 83
98 27344 35 4 27443 64 99
324 27323 87 2 27580 170 257
527 27350 76 2 27656 230 306
836 27354 56 2 27662 252 308
493 27368 55 2 27717 294 349
467 27660 35 3 27802 107 142
698 27498 66 3 27818 254 320
530 27628 75 3 27843 140 215
741 27727 50 3 27893 116 166
556 27772 62 4 28005 171 233
962 27818 67 4 28022 137 204
597 27950 69 3 28091 72 141
86 28050 65 3 28206 91 156
874 28122 30 4 28236 84 114
516 28076 66 2 28252 110 176
811 28200 62 4 28414 152 214
734 28213 66 3 28530 251 317
336 28220 83 1 28563 260 343
480 28253 80 4 28593 260 340
132 28429 35 3 28628 164 199
937 28267 52 3 28630 311 363
312 28688 70 3 28758 0 70
664 28854 51 3 28905 0 51
592 28973 54 4 29027 0 54
810 29146 52 3 29198 0 52
289 29184 24 4 29222 14 38
127 29456 54 2 29510 0 54
514 29600 68 4 29668 0 68
72 29634 70 3 29738 34 104
51 29750 70 4 29820 0 70
882 29870 53 4 29923 0 53
48 29954 39 4 29993 0 39
361 30037 39 4 30076 0 39
619 30041 62 4 30138 35 97
819 30128 20 1 30158 10 30
320 30135 26 2 30184 23 49
654 30232 88 4 30320 0 88
503 30328 54 4 30382 0 54
395 30379 62 3 30444 3 65
562 30427 66 3 30510 17 83
128 30493 78 4 30588 17 95
351 30667 48 3 30715 0 48
866 30685 53 3 30768 30 83
81 30739 55 2 30823 29 84
79 30782 33 2 30856 41 74
641 30847 58 2 30914 9 67
391 31165 63 4 31228 0 63
857 31193 40 2 31268 35 75
808 31231 40 2 31308 37 77
540 31247 57 3 31415 111 168
295 31319 50 1 31465 96 146
916 31269 93 4 31508 146 239
982 31362 59 3 31667 246 305
403 31406 84 3 31701 211 295
799 31579 26 2 31777 172 198
163 31423 69 4 31796 304 373
19 31565 68 3 31864 231 299
738 31631 90 4 32004 283 373
643 31746 63 4 32067 258 321
823 31795 71 2 32138 272 343
296 31850 100 3 32188 238 338
464 31869 53 4 32241 319 372
259 32154 46 4 32387 187 233
892 32040 78 3 32415 297 375
379 32107 56 3 32421 258 314
559 32143 58 2 32429 228 286
57 32538 65 3 32603 0 65
210 32647 44 2 32691 0 44
149 32654 51 2 32792 87 138
963 32691 68 1 32860 101 169
713 32692 65 2 32875 118 183
670 32814 65 4 32940 61 126
322 32880 39 4 32979 60 99
998 32883 64 2 33093 146 210
279 33025 50 3 33243 168 218
141 32899 53 3 33246 294 347
74 32996 58 2 33304 250 308
92 33004 85 4 33339 250 335
89 33189 49 2 33388 150 199
319 33044 61 3 33449 344 405
649 33350 41 3 33490 99 140
69 33212 57 4 33497 228 285
485 33396 38 2 33535 101 139
44 33418 57 2 33592 117 174
878 33536 65 1 33707 106 171
536 33576 69 3 33776 131 200
815 33597 66 4 33842 179 245
344 33704 59 4 33851 88 147
509 33817 60 2 33911 34 94
500 34218 64 2 34282 0 64
335 34708 64 4 34772 0 64
168 34711 58 4 34880 111 169
714 34785 50 4 34930 95 145
629 34712 66 2 34946 168 234
635 34915 73 3 35019 31 104
497 34982 46 2 35115 87 133
771 34989 45 4 35160 126 171
53 34970 69 3 35329 290 359
71 34995 78 3 35557 484 562
311 35204 40 4 35597 353 393
115 35011 78 2 35625 536 614
770 35011 84 4 35659 564 648
787 35300 41 3 35750 409 450
151 35025 62 2 35762 675 737
41 35028 62 3 35774 684 746
645 35383 49 1 35823 391 440
829 35035 64 3 35837 738 802
948 35037 63 2 35850 750 813
473 35297 69 3 35969 603 672
158 35723 43 4 36062 296 339
729 35823 48 2 36160 289 337
971 35523 57 3 36167 587 644
143 35541 65 3 36232 626 691
961 35939 48 2 36280 293 341
528 35676 52 1 36282 554 606
180 35788 52 4 36334 494 546
715 35878 68 4 36352 406 474
186 36009 71 3 36473 393 464
598 36309 43 2 36516 164 207
625 36212 91 4 36607 304 395
798 36278 65 4 36622 279 344
925 36350 66 4 36638 222 288
617 36560 77 3 36765 128 205
613 36628 53 2 36768 87 140
9 36943 38 3 36981 0 38
162 37038 76 1 37114 0 76
124 37075 90 4 37304 139 229
293 37084 74 2 37428 270 344
75 37169 50 3 37478 259 309
949 37095 60 3 37488 333 393
736 37217 48 3 37536 271 319
680 37303 35 4 37621 283 318
382 37116 57 4 37628 455 512
525 37157 63 3 37641 421 484
411 37410 20 2 37711 281 301
380 37234 84 4 37795 477 561
551 37625 35 1 37930 270 305
439 37365 65 3 37945 515 580
122 37482 75 4 37970 413 488
252 37753 49 2 38069 267 316
587 37622 59 1 38128 447 506
802 37622 87 4 38215 506 593
816 37751 87 1 38302 464 551
274 38057 38 2 38440 345 383
499 37786 85 3 38475 604 689
747 37829 74 2 38499 596 670
512 37955 64 2 38663 644 708
16 38053 85 3 38798 660 745
284 38056 64 4 38812 692 756
204 38389 49 4 38861 423 472
244 38395 44 3 38905 466 510
899 38161 57 4 38962 744 801
768 38163 85 3 38997 749 834
958 38195 78 4 39025 752 830
269 38617 40 2 39065 408 448
457 38245 62 3 39077 770 832
817 38245 60 4 39137 832 892
827 38763 21 2 39158 374 395
997 38883 36 3 39244 325 361
762 38484 91 2 39285 710 801
965 38966 30 2 39315 319 349
134 38713 82 3 39347 552 634
972 38879 57 4 39354 418 475
310 39275 78 4 39432 79 157
100 39415 41 3 39473 17 58
535 39416 47 4 39520 57 104
671 39427 71 2 39591 93 164
291 39554 20 4 39611 37 57
897 39641 62 2 39703 0 62
743 39696 41 4 39794 57 98
101 39693 90 2 39834 51 141
904 39709 42 1 39876 125 167
337 39718 34 2 39910 158 192
326 39743 37 2 39947 167 204
84 39773 91 2 40138 274 365
696 39861 65 4 40203 277 342
177 39893 56 3 40209 260 316
915 39996 62 4 40221 163 225
609 40139 72 2 40293 82 154
140 40231 47 4 40340 62 109
76 40312 58 1 40398 28 86
563 40375 64 2 40462 23 87
6 40563 60 1 40623 0 60
705 40597 93 4 40716 26 119
353 40631 62 3 40978 285 347
911 40640 88 4 41066 338 426
245 40655 71 4 41087 361 432
285 40656 53 2 41090 381 434
306 40695 84 4 41274 495 579
232 40952 26 2 41300 322 348
910 40750 52 4 41302 500 552
726 41066 31 4 41333 236 267
593 40900 63 2 41346 383 446
384 41093 28 3 41374 253 281
42 40903 81 4 41405 421 502
5 41173 37 4 41442 232 269
719 40906 62 2 41454 486 548
408 41227 48 4 41502 227 275
996 41234 62 4 41714 418 480
152 41257 58 4 41722 407 465
25 41436 76 4 41798 286 362
692 41460 57 4 41805 288 345
820 41654 30 2 41835 151 181
605 41563 63 3 41898 272 335
673 41674 75 3 41923 174 249
45 41860 28 2 41951 63 91
420 41869 71 4 42022 82 153
111 41972 42 4 42064 50 92
169 42022 63 4 42227 142 205
751 42078 38 3 42315 199 237
207 42050 53 2 42318 215 268
415 42153 50 1 42368 165 215
687 42055 57 1 42375 263 320
445 42074 52 3 42377 251 303
504 42397 51 4 42448 0 51
690 42402 75 2 42573 96 171
578 42405 81 4 42604 118 199
370 42583 50 3 42754 121 171
865 42532 63 4 42867 272 335
858 42578 58 1 42925 289 347
475 42595 53 2 43028 380 433
276 42598 57 4 43035 380 437
246 42649 68 4 43103 386 454
716 42683 70 3 43123 370 440
52 42721 73 3 43196 402 475
18 42856 65 3 43261 340 405
968 42926 78 1 43339 335 413
233 42978 52 2 43491 461 513
106 43112 68 4 43609 429 497
518 43162 82 4 43641 397 479
763 43376 50 4 43691 265 315
601 43168 100 4 43741 473 573
202 43170 53 2 43744 521 574
505 43488 44 3 43788 256 300
992 43220 87 2 43825 518 605
358 43247 57 4 43882 578 635
200 43705 47 4 44129 377 424
21 43532 56 2 44185 597 653
338 43607 92 4 44227 528 620
732 43915 39 4 44316 362 401
779 43645 79 4 44345 621 700
868 43661 61 3 44356 634 695
793 44024 31 3 44437 382 413
346 43692 62 2 44449 695 757
268 44053 48 2 44497 396 444
644 44064 43 4 44540 433 476
230 44122 44 3 44584 418 462
901 43770 74 3 44608 764 838
294 43907 81 4 44789 801 882
863 43985 88 3 44927 854 942
580 44425 24 2 44951 502 526
773 44152 64 4 45015 799 863
154 44174 68 3 45133 891 959
421 44183 53 4 45236 1000 1053
987 44243 71 4 45307 993 1064
733 44309 67 3 45374 998 1065
374 44527 56 3 45380 797 853
991 44972 47 2 45427 408 455
655 44997 42 4 45519 480 522
125 44616 67 4 45536 853 920
159 44641 71 2 45557 845 916
2 45121 49 3 45606 436 485
797 44667 60 3 45616 889 949
666 44673 51 2 45667 943 994
474 44717 60 4 45727 950 1010
706 44831 80 3 45757 846 926
460 45387 33 2 45840 420 453
902 45425 50 3 45940 465 515
36 44994 52 3 45942 896 948
68 45172 65 4 46057 820 885
526 45199 56 3 46063 808 864
647 45372 58 4 46171 741 799
160 45404 62 2 46233 767 829
781 45498 65 3 46398 835 900
254 45960 44 3 46492 488 532
942 45557 62 3 46554 935 997
465 46028 44 4 46648 576 620
203 45720 61 3 46709 928 989
898 45736 59 2 46818 1023 1082
466 45814 75 1 46843 954 1029
173 46218 36 3 46929 675 711
822 45878 53 2 46932 1001 1054
544 45904 63 2 46945 978 1041
155 45942 54 4 46949 953 1007
119 45947 75 2 46974 952 1027
939 46399 42 3 47016 575 617
735 46410 38 4 47054 606 644
974 45979 69 2 47073 1025 1094
990 46013 59 1 47082 1010 1069
388 46569 45 3 47127 513 558
223 46061 67 3 47194 1066 1133
624 46068 70 2 47264 1126 1196
61 46085 61 2 47275 1129 1190
453 46830 46 2 47321 445 491
176 46190 62 2 47333 1081 1143
489 47051 49 3 47782 682 731
484 46577 53 4 47885 1255 1308
648 47155 45 3 47930 730 775
205 46704 81 4 48011 1226 1307
332 46870 78 2 48039 1091 1169
10 46886 58 4 48097 1153 1211
880 46925 76 4 48123 1122 1198
139 46977 70 4 48143 1096 1166
405 47526 49 3 48242 667 716
219 46981 71 4 48263 1211 1282
402 46981 97 4 48360 1282 1379
328 46995 52 2 48412 1365 1417
333 47050 63 4 48575 1462 1525
966 47064 61 3 48686 1561 1622
588 47126 74 2 48760 1560 1634
905 47875 33 3 48793 885 918
64 47161 62 3 48805 1582 1644
373 47975 49 3 48904 880 929
760 47986 47 2 48951 918 965
248 47362 59 2 49060 1639 1698
215 48056 33 2 49093 1004 1037
422 47513 70 3 49163 1580 1650
739 47560 88 2 49301 1653 1741
938 47629 53 3 49354 1672 1725
818 47649 55 4 49509 1805 1860
677 48430 43 2 49552 1079 1122
717 48434 48 2 49600 1118 1166
656 47650 80 4 49680 1950 2030
589 47668 100 2 49780 2012 2112
167 47712 77 1 49907 2118 2195
83 47752 84 4 49991 2155 2239
877 48653 45 3 50036 1338 1383
14 48677 48 4 50084 1359 1407
110 47821 64 3 50098 2213 2277
46 47941 73 3 50271 2257 2330
623 48004 53 3 50274 2217 2270
371 48037 62 1 50286 2187 2249
537 48123 80 2 50316 2113 2193
394 48152 83 4 50449 2214 2297
730 48246 84 3 50483 2153 2237
458 48274 60 1 50493 2159 2219
443 48387 56 4 50499 2056 2112
675 49363 23 3 50522 1136 1159
803 48394 74 2 50546 2078 2152
923 48412 64 4 50560 2084 2148
737 49479 44 3 50604 1081 1125
184 48436 51 4 50705 2218 2269
362 48511 81 2 50786 2194 2275
778 49701 44 2 50830 1085 1129
558 49776 43 4 50973 1154 1197
581 48570 88 4 51011 2353 2441
711 48572 76 2 51087 2439 2515
482 49873 38 3 51275 1364 1402
765 48596 59 3 51284 2629 2688
932 49910 42 4 51326 1374 1416
303 50039 40 2 51366 1287 1327
486 48691 55 2 51471 2725 2780
653 48754 53 2 51524 2717 2770
908 48781 73 3 51547 2693 2766
607 49105 57 4 51554 2392 2449
396 49122 64 4 51618 2432 2496
157 50565 48 3 51916 1303 1351
851 49522 51 4 51967 2394 2445
662 49536 71 1 52038 2431 2502
627 49678 53 3 52041 2310 2363
633 49706 69 2 52110 2335 2404
814 49719 69 4 52129 2341 2410
13 50891 48 4 52177 1238 1286
960 50992 34 2 52361 1335 1369
348 49814 66 3 52377 2497 2563
65 49835 55 4 52382 2492 2547
721 49844 80 4 52462 2538 2618
855 49847 82 2 52494 2565 2647
229 51300 47 4 52591 1244 1291
552 51344 30 4 52821 1447 1477
425 50068 63 3 52834 2703 2766
494 50089 54 3 52888 2745 2799
752 50131 82 3 53020 2807 2889
472 50323 75 3 53045 2647 2722
929 51581 49 2 53094 1464 1513
273 50392 53 2 53097 2652 2705
383 50441 82 2 53129 2606 2688
120 50538 59 1 53188 2591 2650
660 50552 56 4 53294 2686 2742
746 50561 71 4 53365 2733 2804
376 51902 41 2 53406 1463 1504
561 50601 78 4 53434 2755 2833
237 51926 44 4 53478 1508 1552
392 50615 82 3 53560 2863 2945
347 50750 56 4 53616 2810 2866
469 50924 68 4 53634 2642 2710
470 50965 55 4 53689 2669 2724
455 50984 64 1 53703 2655 2719
213 52322 39 3 53742 1381 1420
424 51118 62 3 53804 2624 2686
521 52454 43 4 53897 1400 1443
390 51250 66 1 53913 2597 2663
23 51302 75 4 53938 2561 2636
216 51315 66 4 54004 2623 2689
867 51321 72 4 54076 2683 2755
147 51324 75 2 54101 2702 2777
82 51375 52 2 54203 2776 2828
691 51453 66 4 54219 2700 2766
618 51466 61 4 54230 2703 2764
129 52991 27 4 54307 1289 1316
444 51681 54 4 54461 2726 2780
980 53143 48 2 54509 1318 1366
872 53160 29 4 54538 1349 1378
604 51742 58 4 54596 2796 2854
944 51749 57 4 54653 2847 2904
468 53247 50 2 54703 1406 1456
871 51790 78 4 54781 2913 2991
557 53412 20 4 54951 1519 1539
889 51944 60 3 54961 2957 3017
315 52003 70 3 54981 2908 2978
780 52188 65 2 55046 2793 2858
11 52366 81 3 55177 2730 2811
368 52433 54 3 55231 2744 2798
854 52607 70 4 55401 2724 2794
39 52671 60 4 55461 2730 2790
148 54084 49 3 55560 1427 1476
506 52768 62 1 55572 2742 2804
412 52813 66 3 55588 2709 2775
517 54168 45 2 55633 1420 1465
951 54204 42 4 55675 1429 1471
983 52954 62 1 55687 2671 2733
256 54294 45 2 55732 1393 1438
397 53041 73 3 55755 2641 2714
513 53078 64 4 55819 2677 2741
988 53091 73 4 55892 2728 2801
264 53169 58 1 56000 2773 2831
941 54541 32 4 56082 1509 1541
839 53213 69 4 56101 2819 2888
616 53293 100 3 56151 2758 2858
728 54734 46 3 56197 1417 1463
450 53319 54 4 56201 2828 2882
78 53360 63 4 56264 2841 2904
630 53364 82 4 56296 2850 2932
62 53567 60 2 56306 2679 2739
156 53664 51 1 56407 2692 2743
710 53671 56 4 56413 2686 2742
571 55099 40 2 56453 1314 1354
398 53772 78 2 56481 2631 2709
620 53810 67 4 56648 2771 2838
981 53832 70 4 56668 2766 2836
316 53880 87 2 56705 2738 2825
611 55401 23 3 56878 1454 1477
812 53945 60 2 56888 2883 2943
49 55441 43 3 57081 1597 1640
608 54066 68 3 57149 3015 3083
985 55510 24 2 57173 1639 1663
831 55516 48 2 57221 1657 1705
438 55628 47 4 57268 1593 1640
161 54310 55 4 57473 3108 3163
940 54383 96 2 57519 3040 3136
222 55847 45 1 57564 1672 1717
542 54415 75 1 57639 3149 3224
806 54525 61 3 57700 3114 3175
703 54539 81 3 57781 3161 3242
410 56165 47 4 57928 1716 1763
483 54788 68 2 57996 3140 3208
40 55033 78 4 58074 2963 3041
964 56314 38 3 58112 1760 1798
354 55041 72 3 58134 3021 3093
414 55207 53 4 58187 2927 2980
133 56499 40 4 58227 1688 1728
463 55211 83 3 58260 2966 3049
409 55226 59 3 58319 3034 3093
886 55350 83 2 58402 2969 3052
255 55362 53 4 58405 2990 3043
66 55369 57 3 58412 2986 3043
845 55404 65 1 58527 3058 3123
393 56903 45 1 58572 1624 1669
548 56923 41 4 58663 1699 1740
478 55419 56 2 58669 3194 3250
727 55429 65 4 58734 3240 3305
22 55447 71 2 58805 3287 3358
754 57226 30 3 58885 1629 1659
707 55665 68 4 58953 3220 3288
824 55714 65 1 58968 3189 3254
90 57343 50 4 59018 1625 1675
547 55722 61 4 59029 3246 3307
885 55723 96 4 59125 3306 3402
323 55857 59 4 59134 3218 3277
277 55904 82 3 59166 3180 3262
975 57677 38 4 59204 1489 1527
209 55959 66 4 59220 3195 3261
926 56034 51 4 59271 3186 3237
17 56079 67 1 59388 3242 3309
579 56184 76 4 59514 3254 3330
107 56269 66 4 59580 3245 3311
699 56410 76 4 59756 3270 3346
665 56549 70 4 59826 3207 3277
309 56681 56 4 59882 3145 3201
153 56827 61 3 59893 3005 3066
667 56842 62 3 59905 3001 3063
744 56918 77 4 59982 2987 3064
999 58605 34 3 60066 1427 1461
189 56960 73 3 60089 3056 3129
88 57065 78 3 60167 3024 3102
595 57192 68 4 60185 2925 2993
236 57256 67 4 60302 2979 3046
919 57373 57 3 60359 2929 2986
848 59162 46 2 60555 1347 1393
694 59219 42 2 60647 1386 1428
772 57704 61 3 60658 2893 2954
976 57802 61 1 60669 2806 2867
927 59314 47 4 60816 1455 1502
775 57828 90 4 60856 2938 3028
804 59380 23 4 60879 1476 1499
286 57854 78 2 60907 2975 3053
612 59398 20 3 60927 1509 1529
121 57860 82 3 61059 3117 3199
266 57995 67 3 61076 3014 3081
722 58010 75 2 61101 3016 3091
356 58021 76 4 61177 3080 3156
970 58110 84 3 61211 3017 3101
903 58214 73 4 61484 3197 3270
34 59766 40 4 61524 1718 1758
511 59789 49 3 61573 1735 1784
263 58317 63 1 61686 3306 3369
488 58560 68 4 61804 3176 3244
206 58601 64 3 61918 3253 3317
973 60038 49 1 61967 1880 1929
862 60064 40 3 62057 1953 1993
188 58686 68 4 62125 3371 3439
496 60172 36 4 62211 2003 2039
769 58817 70 3 62231 3344 3414
591 58842 54 3 62385 3489 3543
275 60238 43 3 62428 2147 2190
917 58922 76 2 62454 3456 3532
201 60351 30 2 62484 2103 2133
603 59072 55 4 62489 3362 3417
893 59149 51 4 62540 3340 3391
30 59156 67 4 62557 3334 3401
33 59190 68 4 62575 3317 3385
136 59274 65 2 62640 3301 3366
695 59287 76 3 62716 3353 3429
20 60901 37 4 62753 1815 1852
272 59408 51 3 62754 3295 3346
197 59413 70 3 62824 3341 3411
661 59628 53 4 62877 3196 3249
853 59689 82 2 62959 3188 3270
437 59691 69 4 63078 3318 3387
864 59715 67 1 63145 3363 3430
501 59716 78 3 63223 3429 3507
978 59736 97 4 63270 3437 3534
172 61462 34 4 63304 1808 1842
524 61465 41 3 63345 1839 1880
936 59821 58 3 63353 3474 3532
8 59825 56 3 63359 3478 3534
451 59841 88 4 63397 3468 3556
843 61691 37 2 63434 1706 1743
407 61710 39 2 63473 1724 1763
508 59886 74 4 63497 3537 3611
378 59930 70 2 63517 3517 3587
434 61835 44 2 63661 1782 1826
240 59940 61 1 63672 3671 3732
658 60052 53 2 63675 3570 3623
225 61973 43 3 63718 1702 1745
377 62051 48 2 63816 1717 1765
55 62052 20 4 63836 1764 1784
300 60081 76 4 63862 3705 3781
146 60124 55 3 63917 3738 3793
652 60206 53 2 64020 3761 3814
116 60216 52 3 64022 3754 3806
828 60216 63 2 64035 3756 3819
150 62387 38 3 64073 1648 1686
433 62419 34 3 64157 1704 1738
767 62487 28 2 64185 1670 1698
602 60362 67 3 64202 3773 3840
38 60560 52 4 64254 3642 3694
933 60682 62 2 64266 3522 3584
105 62643 20 4 64286 1623 1643
67 60947 55 2 64341 3339 3394
809 61065 57 2 64348 3226 3283
626 61186 69 4 64367 3112 3181
688 62957 39 2 64456 1460 1499
764 61237 56 3 64462 3169 3225
292 61239 69 3 64531 3223 3292
456 61265 74 3 64555 3216 3290
807 61323 73 3 64678 3282 3355
900 63185 50 3 64728 1493 1543
967 63347 44 4 64772 1381 1425
788 63383 40 3 64812 1389 1429
570 63401 43 4 64855 1411 1454
801 63507 49 4 65004 1448 1497
546 61816 65 3 65019 3138 3203
931 61822 58 4 65127 3247 3305
920 62036 88 4 65265 3141 3229
178 63835 33 4 65298 1430 1463
224 62081 67 3 65315 3167 3234
381 62179 68 3 65333 3086 3154
281 62197 85 4 65368 3086 3171
896 63970 38 4 65406 1398 1436
413 64010 40 3 65446 1396 1436
430 62403 61 3 65457 2993 3054
492 62568 77 4 65634 2989 3066
943 64251 36 4 65720 1433 1469
1000 62688 70 2 65840 3082 3152
32 62915 71 4 65861 2875 2946
63 63006 93 3 65954 2855 2948
834 63084 74 4 66028 2870 2944
228 63088 53 1 66031 2890 2943
859 64719 45 4 66226 1462 1507
135 63428 54 3 66330 2848 2902
313 63429 67 3 66347 2851 2918
221 64971 27 4 66424 1426 1453
487 63523 74 3 66498 2901 2975
282 63538 62 4 66560 2960 3022
575 63592 57 4 66567 2918 2975
365 65152 50 4 66667 1465 1515
720 63606 66 4 66683 3011 3077
560 65282 49 2 66782 1451 1500
638 65378 30 2 66812 1404 1434
366 65399 47 2 66859 1413 1460
569 64132 87 4 66946 2727 2814
113 64159 83 4 67029 2787 2870
418 65549 32 4 67061 1480 1512
26 64168 66 4 67077 2843 2909
7 64227 68 2 67195 2900 2968
533 65681 43 3 67238 1514 1557
80 65691 39 4 67277 1547 1586
841 65720 47 4 67324 1557 1604
301 64269 71 3 67345 3005 3076
825 64273 67 4 67362 3022 3089
218 64424 58 2 67470 2988 3046
247 64501 51 4 67521 2969 3020
226 64657 79 4 67550 2814 2893
679 64662 81 4 67681 2938 3019
164 64667 57 2 67688 2964 3021
37 64720 51 3 67839 3068 3119
447 64781 52 4 67841 3008 3060
953 64929 76 3 67967 2962 3038
849 64995 68 3 67985 2922 2990
784 66443 37 4 68072 1592 1629
56 65022 57 2 68079 3000 3057
195 65141 66 3 68145 2938 3004
590 66654 48 4 68243 1541 1589
850 66660 44 3 68287 1583 1627
852 65247 60 1 68297 2990 3050
193 65401 70 3 68417 2946 3016
96 66872 40 2 68457 1545 1585
742 65480 79 3 68486 2927 3006
921 67038 47 4 68533 1448 1495
24 65604 62 1 68545 2879 2941
759 65605 51 2 68546 2890 2941
477 67338 40 2 68586 1208 1248
302 65789 53 3 68589 2747 2800
304 65856 78 1 68617 2683 2761
1 65942 51 4 68618 2625 2676
131 66044 70 1 68738 2624 2694
583 67557 43 1 68781 1181 1224
881 66062 62 4 68843 2719 2781
95 66156 68 4 68911 2687 2755
342 66171 100 4 69011 2740 2840
576 66223 60 3 69071 2788 2848
753 66314 99 2 69170 2757 2856
844 66332 55 4 69175 2788 2843
884 66426 73 3 69298 2799 2872
757 68074 29 2 69377 1274 1303
43 66554 62 2 69389 2773 2835
599 66605 80 2 69469 2784 2864
341 68146 46 3 69515 1323 1369
446 66724 70 3 69585 2791 2861
307 66793 75 3 69660 2792 2867
181 67482 60 4 69970 2428 2488
12 67510 61 3 69981 2410 2471
740 68699 44 4 70025 1282 1326
325 67592 72 4 70147 2483 2555
640 67670 77 1 70274 2527 2604
479 67734 55 2 70329 2540 2595
724 67783 75 3 70354 2496 2571
749 67798 69 1 70373 2506 2575
709 67903 61 2 70484 2520 2581
777 67973 67 4 70551 2511 2578
196 68038 64 3 70715 2613 2677
171 68097 52 4 70717 2568 2620
774 68218 65 3 70782 2499 2564
35 68341 67 2 70799 2391 2458
510 68380 58 4 70807 2369 2427
995 68383 75 3 70832 2374 2449
15 68407 74 3 70856 2375 2449
657 68414 58 3 70914 2442 2500
870 68431 76 3 70940 2433 2509
305 69884 45 2 70985 1056 1101
340 68452 72 3 71007 2483 2555
385 69975 50 4 71057 1032 1082
567 68705 85 3 71092 2302 2387
700 68731 88 3 71130 2311 2399
786 68804 81 3 71161 2276 2357
668 68833 63 2 71174 2278 2341
441 70230 39 2 71213 944 983
614 68873 76 1 71239 2290 2366
459 69078 55 1 71294 2161 2216
114 69108 53 2 71297 2136 2189
568 69224 66 4 71313 2023 2089
243 69230 66 4 71379 2083 2149
265 69250 54 2 71383 2079 2133
879 69281 65 4 71398 2052 2117
994 69448 68 3 71466 1950 2018
3 69805 57 4 71523 1661 1718
112 70922 45 3 71568 601 646
400 71074 46 4 71664 544 590
639 71154 50 4 71764 560 610
935 71176 49 4 71813 588 637
109 70345 63 2 71926 1518 1581
211 70548 72 3 71998 1378 1450
372 70665 86 4 72184 1433 1519
794 70730 76 3 72210 1404 1480
887 70983 58 4 72268 1227 1285
31 71616 50 3 72318 652 702
261 71108 75 3 72393 1210 1285
144 71182 78 1 72571 1311 1389
682 71215 59 4 72630 1356 1415
566 71876 46 3 72676 754 800
956 71924 45 4 72721 752 797
249 71275 100 3 72771 1396 1496
175 71934 46 3 72817 837 883
564 71351 68 2 72835 1416 1484
185 71385 69 4 72854 1400 1469
686 71386 64 4 72868 1418 1482
522 71524 62 2 72880 1294 1356
856 72250 48 2 72928 630 678
689 71634 74 4 73052 1344 1418
93 72331 49 4 73101 721 770
288 71793 68 4 73119 1258 1326
634 71802 52 4 73121 1267 1319
399 71805 63 3 73234 1366 1429
364 71859 56 4 73290 1375 1431
891 72589 50 3 73340 701 751
894 72268 60 2 73350 1022 1082
922 72286 61 2 73461 1114 1175
330 72449 66 4 73577 1062 1128
543 72452 74 4 73601 1075 1149
955 72564 60 4 73611 987 1047
187 72964 58 2 73669 647 705
755 72969 68 3 73787 750 818
327 73007 87 2 73824 730 817
389 73047 56 4 73830 727 783
490 73531 43 3 73873 299 342
800 73238 56 1 73929 635 691
375 73368 67 4 73946 511 578
363 73387 63 3 74009 559 622
914 73536 54 3 74013 423 477
59 73684 58 3 74021 279 337
594 73969 83 3 74104 52 135
989 74204 66 3 74270 0 66
179 74282 80 2 74362 0 80
672 74521 55 3 74576 0 55
957 74554 70 4 74696 72 142
842 74558 68 4 74814 188 256
835 74579 100 2 74914 235 335
756 74622 65 2 74929 242 307
954 74754 44 4 74973 175 219
701 74665 62 2 74985 258 320
555 74965 50 2 75085 70 120
697 74910 84 4 75119 125 209
260 75136 26 2 75162 0 26
538 75210 50 4 75260 0 50
838 75284 55 2 75339 0 55
217 75299 30 2 75369 40 70
471 75388 88 3 75476 0 88
790 75590 86 4 75676 0 86
165 75746 82 2 75828 0 82
685 75856 66 3 75922 0 66
183 75927 50 2 75977 0 50
91 75992 48 3 76040 0 48
270 75996 71 4 76111 44 115
280 76066 54 4 76215 95 149
350 76130 38 1 76253 85 123
758 76081 70 4 76273 122 192
190 76286 65 4 76351 0 65
684 76566 55 2 76621 0 55
622 76829 49 4 76878 0 49
212 76926 63 4 76989 0 63
631 76960 74 4 77063 29 103
913 77013 26 4 77089 50 76
502 77193 83 4 77276 0 83
830 77251 53 3 77379 75 128
359 77262 52 3 77381 67 119
907 77381 91 3 77472 0 91
70 77382 44 2 77516 90 134
495 77489 75 2 77591 27 102
238 77660 85 3 77745 0 85
534 77723 65 4 77810 22 87
331 77950 78 3 78028 0 78
832 78152 85 3 78237 0 85
702 78208 39 1 78426 179 218
909 78164 57 4 78433 212 269
847 78167 59 2 78442 216 275
290 78170 90 2 78482 222 312
674 78602 76 4 78678 0 76
906 78711 64 3 78775 0 64
977 79095 55 1 79150 0 55
582 79200 47 3 79247 0 47
278 79208 54 3 79301 39 93
924 79266 29 2 79330 35 64
577 79299 59 3 79489 131 190
876 79300 67 4 79506 139 206
386 79322 63 4 79569 184 247
791 79382 75 4 79594 137 212
198 79564 59 4 79653 30 89
318 79773 42 3 79815 0 42
103 79891 38 4 79929 0 38
448 79990 78 4 80068 0 78
126 80364 85 1 80449 0 85
481 80481 30 2 80511 0 30
355 81112 73 3 81185 0 73
979 81134 40 2 81225 51 91
846 81177 72 3 81297 48 120
401 81379 100 1 81479 0 100
321 81454 54 4 81533 25 79
572 81583 24 3 81607 0 24
761 81751 46 4 81797 0 46
837 81785 91 3 81888 12 103
435 81822 48 4 81936 66 114
299 82501 84 3 82585 0 84
776 82516 43 3 82628 69 112
507 82913 51 3 82964 0 51
615 83304 81 2 83385 0 81
890 83450 58 2 83508 0 58
833 83557 91 3 83648 0 91
73 83683 56 3 83739 0 56
29 83959 64 2 84023 0 64
170 84117 64 3 84181 0 64
432 84300 43 4 84343 0 43
621 84961 29 1 84990 0 29
934 85022 76 3 85098 0 76
461 85967 68 4 86035 0 68
895 87020 61 1 87081 0 61
676 87139 58 2 87197 0 58
174 87500 63 3 87563 0 63
532 87642 88 4 87730 0 88
821 87684 65 1 87795 46 111
214 88229 67 4 88296 0 67
28 88255 82 3 88378 41 123
102 88400 81 4 88481 0 81
440 89148 59 4 89207 0 59
4 89291 45 3 89336 0 45
308 89711 78 1 89789 0 78
946 89994 49 3 90043 0 49
406 90450 66 3 90516 0 66
235 90808 87 4 90895 0 87
118 90934 55 2 90989 0 55
712 91068 73 4 91141 0 73
541 91099 68 4 91209 42 110
545 91180 45 4 91254 29 74
429 91329 39 4 91368 0 39
58 92872 75 1 92947 0 75
142 93987 67 3 94054 0 67
723 94487 54 4 94541 0 54
423 94692 58 3 94750 0 58
681 94726 63 2 94813 24 87
334 95295 20 4 95315 0 20
750 96253 75 3 96328 0 75
789 96461 47 4 96508 0 47
586 98889 60 3 98949 0 60
357 99659 78 3 99737 0 78
166 99815 62 4 99877 0 62
253 100000 45 4 100245 200 245
50 100000 51 4 100296 245 296
918 100000 52 3 100298 246 298
725 100000 88 4 100336 248 336
257 100000 58 2 100344 286 344
427 100000 68 4 100362 294 362
