100192 1360 134 89
852 0 30 4 30 0 30
70 0 43 4 123 80 123
700 0 25 4 148 123 148
136 0 25 4 173 148 173
61 0 38 2 311 273 311
212 0 60 2 321 261 321
616 0 55 1 326 271 326
295 182 22 1 348 144 166
205 0 65 2 363 298 363
240 899 72 1 971 0 72
442 1199 69 4 1268 0 69
438 1335 31 4 1366 0 31
207 3217 39 2 3256 0 39
326 3798 61 4 3859 0 61
894 5631 77 3 5708 0 77
195 5716 46 2 5762 0 46
178 6991 41 4 7032 0 41
423 9649 52 4 9701 0 52
234 9919 26 3 9945 0 26
44 9934 43 4 9988 11 54
900 10856 52 4 10908 0 52
121 11481 84 3 11565 0 84
233 11676 22 2 11698 0 22
3 11822 82 2 11904 0 82
921 11974 40 2 12014 0 40
137 12060 91 3 12151 0 91
388 12735 35 3 12770 0 35
671 12830 51 3 12881 0 51
394 13337 21 2 13358 0 21
581 13417 31 3 13448 0 31
372 13733 57 4 13790 0 57
199 13788 45 4 13835 2 47
871 14071 20 2 14091 0 20
239 14099 36 3 14135 0 36
674 14801 49 3 14850 0 49
46 14854 32 2 14886 0 32
278 14974 48 4 15022 0 48
548 15054 64 2 15118 0 64
280 15179 53 3 15232 0 53
729 15375 48 4 15423 0 48
898 15696 33 4 15729 0 33
158 16001 54 2 16055 0 54
361 16068 27 4 16095 0 27
844 16213 52 4 16265 0 52
771 16507 76 2 16583 0 76
65 16566 50 3 16633 17 67
899 16819 32 2 16851 0 32
353 16829 53 2 16904 22 75
684 17101 50 4 17151 0 50
192 17196 78 4 17274 0 78
291 17233 29 2 17303 41 70
791 17269 20 2 17323 34 54
925 17371 84 4 17455 0 84
762 17412 21 4 17476 43 64
633 17629 50 4 17679 0 50
191 17681 98 4 17779 0 98
834 17724 26 1 17805 55 81
498 18000 50 3 18050 0 50
761 18091 77 3 18168 0 77
522 18184 52 3 18236 0 52
339 18202 85 2 18321 34 119
322 18285 66 2 18387 36 102
978 18339 50 2 18437 48 98
659 18615 23 2 18638 0 23
775 19009 57 4 19066 0 57
323 19286 68 4 19354 0 68
642 19738 34 4 19772 0 34
337 19779 23 4 19802 0 23
258 19906 43 3 19949 0 43
757 20010 31 2 20041 0 31
383 20037 49 4 20090 4 53
827 20368 36 3 20404 0 36
739 20725 71 3 20796 0 71
354 20843 22 2 20865 0 22
920 21003 52 3 21055 0 52
754 21040 31 2 21186 115 146
206 21013 61 3 21197 123 184
380 21022 64 2 21211 125 189
165 21152 35 4 21246 59 94
1000 21174 50 4 21296 72 122
813 21324 89 3 21413 0 89
759 21587 40 3 21627 0 40
782 21839 42 2 21881 0 42
767 21970 64 3 22034 0 64
712 22026 27 2 22061 8 35
296 22142 67 3 22209 0 67
400 22145 50 1 22259 64 114
564 22238 45 3 22354 71 116
816 22216 52 3 22356 88 140
214 22366 78 1 22444 0 78
931 22367 24 4 22468 77 101
451 22477 26 3 22503 0 26
320 23148 37 1 23185 0 37
645 23247 74 2 23321 0 74
709 23258 38 3 23359 63 101
721 23351 50 3 23459 58 108
366 23284 66 1 23475 125 191
26 23484 36 4 23520 0 36
966 23505 36 2 23556 15 51
90 23667 45 4 23712 0 45
88 23848 84 3 23932 0 84
67 23892 57 3 23989 40 97
444 24051 59 3 24110 0 59
13 24117 45 4 24162 0 45
622 24135 34 2 24196 27 61
967 24141 31 1 24227 55 86
805 24277 42 4 24319 0 42
587 24314 63 4 24382 5 68
298 24397 82 1 24479 0 82
94 24423 50 4 24529 56 106
431 24492 26 4 24555 37 63
525 24592 39 2 24631 0 39
228 24634 41 3 24675 0 41
854 24778 34 4 24812 0 34
572 24894 70 3 24964 0 70
133 24984 44 2 25028 0 44
259 25534 30 4 25564 0 30
553 25659 21 4 25680 0 21
358 25671 38 3 25718 9 47
879 25675 40 3 25758 43 83
509 25700 62 4 25820 58 120
678 25852 73 4 25925 0 73
661 25944 27 4 25971 0 27
19 26006 89 3 26095 0 89
607 26117 59 1 26176 0 59
197 26126 47 2 26223 50 97
130 26222 48 4 26271 1 49
268 26314 49 4 26363 0 49
495 26332 34 3 26397 31 65
640 26793 28 2 26821 0 28
424 26834 72 2 26906 0 72
248 26837 30 4 26936 69 99
947 26869 24 4 26960 67 91
149 26925 45 3 27055 85 130
131 26880 54 3 27109 175 229
408 26925 74 3 27133 134 208
896 27090 47 3 27180 43 90
669 27096 89 1 27269 84 173
122 27230 68 4 27337 39 107
643 27482 64 4 27546 0 64
792 27529 87 2 27633 17 104
331 27750 23 3 27773 0 23
699 27819 22 3 27841 0 22
668 27844 61 2 27905 0 61
21 27905 38 3 27943 0 38
232 27951 42 3 27993 0 42
343 28010 39 1 28049 0 39
389 28071 70 4 28141 0 70
824 28169 35 1 28204 0 35
954 28174 83 4 28287 30 113
749 28274 45 4 28332 13 58
392 28377 84 1 28461 0 84
154 28442 22 4 28483 19 41
346 28517 59 3 28576 0 59
285 28718 61 3 28779 0 61
467 28742 47 2 28826 37 84
648 28850 24 4 28874 0 24
602 28876 28 3 28904 0 28
654 28970 43 4 29013 0 43
478 29006 31 3 29044 7 38
922 29119 38 1 29157 0 38
187 29418 41 2 29459 0 41
55 29433 72 3 29531 26 98
927 29501 70 4 29601 30 100
151 29749 51 4 29800 0 51
229 29832 25 4 29857 0 25
725 29963 47 3 30010 0 47
174 29973 48 1 30058 37 85
97 30059 26 3 30085 0 26
412 30076 36 2 30121 9 45
949 30244 59 4 30303 0 59
188 30337 42 4 30379 0 42
533 30397 22 2 30419 0 22
838 30429 52 3 30481 0 52
601 30463 21 3 30502 18 39
455 30561 22 4 30583 0 22
881 30729 44 1 30773 0 44
727 30746 21 4 30794 27 48
996 30805 74 3 30879 0 74
686 31108 57 4 31165 0 57
976 31289 43 4 31332 0 43
972 31439 59 3 31498 0 59
936 31587 31 4 31618 0 31
692 31645 36 3 31681 0 36
649 31849 74 1 31923 0 74
483 31856 64 2 32037 117 181
449 31915 51 4 32038 72 123
596 32010 44 3 32082 28 72
254 32036 54 1 32136 46 100
52 32196 80 2 32276 0 80
637 32286 47 3 32333 0 47
574 32365 74 4 32439 0 74
865 32508 24 4 32532 0 24
182 32566 21 3 32587 0 21
304 32573 22 2 32609 14 36
230 32719 62 1 32781 0 62
84 32897 58 4 32955 0 58
440 33033 47 4 33080 0 47
631 33060 48 3 33178 70 118
385 33037 63 3 33191 91 154
515 33089 26 2 33217 102 128
944 33097 30 3 33247 120 150
717 33210 23 2 33270 37 60
937 33219 84 2 33354 51 135
437 33430 54 4 33484 0 54
685 33451 23 2 33507 33 56
299 33682 43 3 33725 0 43
327 33739 48 4 33787 0 48
16 33791 58 3 33849 0 58
265 33942 40 4 33982 0 40
663 34063 21 3 34084 0 21
565 34088 27 4 34115 0 27
836 34127 24 3 34151 0 24
419 34242 67 2 34309 0 67
770 34288 65 3 34374 21 86
504 34321 23 4 34397 53 76
422 34666 44 2 34710 0 44
347 34763 20 4 34783 0 20
93 34775 78 3 34861 8 86
959 34839 22 3 34883 22 44
682 34852 69 2 34952 31 100
903 34888 24 3 35026 114 138
845 34888 65 1 35041 88 153
276 34971 32 2 35073 70 102
80 35129 28 4 35157 0 28
371 35217 45 4 35262 0 45
363 35247 55 4 35317 15 70
665 35319 46 1 35365 0 46
595 35420 29 4 35449 0 29
839 35512 23 2 35535 0 23
317 35600 31 2 35631 0 31
217 35714 30 2 35744 0 30
524 35802 23 4 35825 0 23
349 35814 61 3 35886 11 72
539 35846 27 2 35913 40 67
808 35852 37 3 35950 61 98
223 35942 42 1 35992 8 50
448 35973 48 3 36040 19 67
588 36016 28 1 36068 24 52
175 36029 33 2 36101 39 72
348 36103 34 2 36137 0 34
906 36148 34 4 36182 0 34
886 36275 48 4 36323 0 48
707 36296 29 4 36352 27 56
840 36376 64 3 36440 0 64
436 36663 44 3 36707 0 44
530 36752 59 4 36811 0 59
957 36761 22 2 36833 50 72
905 36836 45 1 36881 0 45
991 36845 29 4 36910 36 65
540 36911 76 3 36987 0 76
884 36980 80 3 37067 7 87
140 37001 33 4 37100 66 99
537 37028 20 4 37120 72 92
224 37088 28 3 37198 82 110
970 37103 42 3 37240 95 137
528 37082 75 3 37265 108 183
738 37171 31 4 37296 94 125
330 37206 66 4 37362 90 156
514 37337 27 3 37389 25 52
469 37412 33 4 37445 0 33
463 37586 22 4 37608 0 22
758 37738 44 4 37782 0 44
632 37782 63 4 37845 0 63
58 37796 37 3 37882 49 86
735 37798 31 3 37963 134 165
718 37868 30 2 37993 95 125
547 37797 52 4 37995 146 198
819 37913 37 2 38032 82 119
732 38237 72 1 38309 0 72
817 38305 75 2 38384 4 79
306 38364 24 4 38408 20 44
218 38385 46 3 38454 23 69
885 38440 24 3 38528 64 88
744 38394 78 3 38556 84 162
823 38732 48 4 38780 0 48
940 38828 25 1 38853 0 25
889 38842 27 4 38880 11 38
802 38884 81 3 38965 0 81
378 38910 51 4 39016 55 106
873 38987 44 3 39060 29 73
272 39006 42 1 39102 54 96
935 39039 51 4 39203 113 164
517 39117 33 4 39236 86 119
170 39087 70 4 39256 99 169
185 39426 26 2 39452 0 26
211 39479 79 1 39558 0 79
742 39540 43 4 39651 68 111
734 39534 90 3 39691 67 157
256 39687 32 1 39773 54 86
760 39635 62 2 39785 88 150
38 39793 70 3 39863 0 70
658 39968 35 4 40003 0 35
748 39976 31 3 40034 27 58
965 39995 61 4 40145 89 150
803 40036 37 1 40182 109 146
929 40021 65 2 40197 111 176
670 40137 35 2 40232 60 95
407 40149 46 3 40278 83 129
2 40220 43 3 40421 158 201
249 40254 22 2 40543 267 289
901 40167 53 4 40546 326 379
435 40293 39 1 40585 253 292
580 40200 62 2 40597 335 397
173 40393 50 2 40697 254 304
54 40222 56 3 40753 475 531
851 40440 34 3 40787 313 347
479 40240 62 4 40799 497 559
20 40494 24 3 40823 305 329
697 40529 44 2 40867 294 338
877 40553 43 3 40910 314 357
277 40353 70 3 40930 507 577
915 40406 55 4 40985 524 579
611 40739 46 3 41031 246 292
862 40744 29 4 41060 287 316
208 40744 23 3 41083 316 339
635 40745 46 1 41129 338 384
484 40656 64 3 41143 423 487
51 40946 41 1 41184 197 238
427 40964 47 3 41231 220 267
489 40970 44 3 41275 261 305
119 41085 42 1 41367 240 282
260 41130 36 2 41403 237 273
604 41217 41 3 41444 186 227
315 41258 24 4 41518 236 260
562 41013 78 2 41546 455 533
476 41434 26 4 41572 112 138
145 41222 51 3 41573 300 351
787 41565 40 3 41663 58 98
932 41498 52 4 41665 115 167
379 41574 20 4 41685 91 111
314 41590 32 2 41717 95 127
78 41662 27 4 41744 55 82
253 41727 36 3 41780 17 53
737 41733 30 3 41810 47 77
494 41859 38 2 41897 0 38
128 41877 38 4 41935 20 58
867 41889 62 2 41997 46 108
77 42013 24 3 42037 0 24
252 42071 89 4 42160 0 89
421 42208 70 4 42278 0 70
270 42383 25 4 42408 0 25
430 42461 32 2 42493 0 32
166 42545 22 2 42567 0 22
473 42545 25 3 42592 22 47
335 42580 61 3 42653 12 73
290 42658 27 4 42685 0 27
812 42690 71 4 42761 0 71
667 42765 40 4 42805 0 40
99 42812 49 4 42861 0 49
696 42813 63 2 42924 48 111
690 42880 89 4 43013 44 133
502 42957 21 2 43034 56 77
50 43102 56 4 43158 0 56
420 43116 39 3 43197 42 81
990 43185 21 4 43218 12 33
552 43202 58 4 43276 16 74
653 43223 30 3 43306 53 83
866 43242 32 3 43338 64 96
492 43327 21 4 43409 61 82
35 43268 72 2 43431 91 163
507 43411 25 3 43456 20 45
497 43415 33 2 43489 41 74
977 43443 88 1 43577 46 134
859 43528 23 3 43650 99 122
569 43535 23 2 43673 115 138
705 43563 39 4 43712 110 149
364 43527 70 1 43732 135 205
403 43605 23 3 43755 127 150
850 43658 31 3 43786 97 128
694 43704 45 3 43831 82 127
146 43763 65 3 43896 68 133
895 43850 65 3 43961 46 111
255 43917 25 4 43986 44 69
764 43966 24 1 44010 20 44
168 44030 22 3 44052 0 22
92 44075 31 4 44106 0 31
843 44244 26 3 44270 0 26
157 44253 29 3 44299 17 46
45 44289 62 3 44361 10 72
300 44348 27 3 44388 13 40
941 44407 44 2 44451 0 44
390 44442 42 3 44493 9 51
818 44487 79 3 44572 6 85
511 44554 28 1 44650 68 96
875 44524 92 1 44692 76 168
750 44594 30 2 44722 98 128
943 44659 43 1 44765 63 106
599 44930 58 4 44988 0 58
826 44932 50 3 45038 56 106
666 44965 24 4 45062 73 97
302 44979 22 4 45084 83 105
608 44981 38 4 45122 103 141
219 45095 43 4 45165 27 70
883 45131 21 4 45186 34 55
541 45203 47 4 45250 0 47
76 45206 36 2 45286 44 80
41 45289 22 1 45311 0 22
104 45342 56 1 45398 0 56
215 45560 41 3 45601 0 41
755 45606 64 2 45670 0 64
344 45781 44 4 45825 0 44
381 45907 23 4 45930 0 23
556 46097 52 3 46149 0 52
618 46179 54 2 46233 0 54
861 46193 47 3 46280 40 87
620 46234 39 3 46319 46 85
312 46292 26 4 46395 77 103
373 46289 54 3 46399 56 110
220 46411 81 4 46492 0 81
981 46508 57 3 46565 0 57
171 46531 33 3 46598 34 67
912 46692 57 2 46749 0 57
753 46715 55 2 46854 84 139
307 46737 81 4 46935 117 198
359 46804 23 3 46958 131 154
720 46835 24 4 46982 123 147
853 46847 43 3 47025 135 178
114 46781 52 4 47027 194 246
23 46856 21 2 47048 171 192
743 46993 50 3 47248 205 255
623 47011 37 4 47285 237 274
75 46925 63 2 47298 310 373
570 46936 69 3 47317 312 381
568 46984 87 2 47354 283 370
387 47165 37 3 47391 189 226
29 47270 36 2 47477 171 207
549 47381 50 3 47627 196 246
913 47240 56 3 47633 337 393
247 47397 46 4 47679 236 282
369 47342 81 4 47760 337 418
434 47495 21 4 47781 265 286
193 47509 22 4 47803 272 294
952 47511 45 3 47848 292 337
924 47366 52 4 47850 432 484
395 47564 33 1 47883 286 319
677 47649 30 2 47913 234 264
983 47670 28 2 47941 243 271
458 47474 52 4 47943 417 469
543 47732 25 4 47968 211 236
710 47800 53 3 48171 318 371
695 47979 28 2 48199 192 220
186 47984 29 2 48228 215 244
814 47811 56 3 48284 417 473
245 47825 84 4 48318 409 493
993 47893 98 3 48366 375 473
53 48017 62 2 48378 299 361
908 48246 35 3 48413 132 167
512 48352 25 2 48438 61 86
745 48420 20 3 48508 68 88
869 48370 67 4 48525 88 155
499 48505 34 4 48609 70 104
496 48522 46 2 48655 87 133
790 48440 53 2 48658 165 218
250 48611 42 4 48750 97 139
382 48585 52 4 48752 115 167
454 48719 41 3 48793 33 74
273 48777 29 4 48822 16 45
164 48945 45 4 48990 0 45
848 48964 31 3 49021 26 57
100 48984 31 3 49102 87 118
529 48997 33 4 49135 105 138
181 48979 57 2 49142 106 163
916 49026 29 3 49171 116 145
141 49103 20 4 49191 68 88
471 49117 20 3 49211 74 94
406 49126 24 2 49235 85 109
951 49233 20 4 49255 2 22
621 49289 30 2 49319 0 30
627 49292 32 2 49351 27 59
554 49292 37 2 49388 59 96
731 49383 26 4 49414 5 31
519 49383 23 2 49437 31 54
713 49432 66 2 49503 5 71
139 49453 76 4 49579 50 126
647 49563 44 3 49623 16 60
961 49566 26 3 49649 57 83
310 49674 27 3 49701 0 27
774 49720 26 1 49746 0 26
177 49728 53 3 49799 18 71
605 49751 26 3 49825 48 74
615 49764 22 2 49847 61 83
619 49805 45 4 49892 42 87
630 49880 48 3 49940 12 60
39 50022 38 4 50060 0 38
804 50063 21 4 50084 0 21
683 50144 35 4 50179 0 35
57 50188 27 1 50215 0 27
457 50206 59 4 50274 9 68
108 50221 38 4 50312 53 91
129 50277 61 3 50373 35 96
402 50364 42 2 50415 9 51
902 50389 27 2 50442 26 53
566 50418 33 3 50525 74 107
409 50417 54 2 50529 58 112
998 50508 47 4 50576 21 68
81 50563 29 4 50605 13 42
634 50578 52 2 50707 77 129
521 50595 76 3 50783 112 188
741 50640 93 4 50876 143 236
672 50756 39 4 50965 170 209
176 50662 52 3 50967 253 305
351 50821 35 4 51002 146 181
849 50728 53 2 51005 224 277
987 50878 21 2 51026 127 148
660 50896 26 4 51052 130 156
79 50952 48 1 51100 100 148
313 50979 23 3 51223 221 244
161 51047 35 4 51308 226 261
510 51078 43 1 51351 230 273
578 50954 55 2 51356 347 402
897 50965 64 3 51470 441 505
795 50985 53 4 51623 585 638
86 51317 43 2 51766 406 449
190 51108 83 4 51799 608 691
882 51377 26 2 51825 422 448
763 51141 67 4 51842 634 701
472 51164 51 3 51843 628 679
919 51490 28 4 51921 403 431
856 51491 48 4 52019 480 528
950 51497 32 3 52051 522 554
934 51184 81 1 52082 817 898
415 51219 53 3 52085 813 866
18 51230 69 3 52104 805 874
995 51629 36 3 52140 475 511
786 51633 39 3 52179 507 546
155 51267 60 4 52189 862 922
159 51698 31 3 52220 491 522
152 51708 28 4 52248 512 540
401 51737 22 3 52320 561 583
115 51480 76 3 52446 890 966
85 51847 36 3 52482 599 635
765 51491 74 1 52506 941 1015
342 52022 30 4 52536 484 514
657 52066 33 3 52569 470 503
636 52152 30 4 52649 467 497
305 52245 20 3 52719 454 474
711 51716 52 4 52721 953 1005
153 51811 94 3 52815 910 1004
251 51815 59 4 52824 950 1009
4 52429 25 3 52849 395 420
874 52508 33 4 52932 391 424
460 52516 47 3 52979 416 463
275 52109 54 1 52983 820 874
855 52199 85 2 53068 784 869
443 52290 75 4 53093 728 803
24 52781 28 3 53121 312 340
583 52503 57 4 53128 568 625
286 52915 37 2 53165 213 250
287 52578 54 4 53169 537 591
561 53085 49 4 53268 134 183
857 53168 50 4 53368 150 200
579 53040 63 3 53381 278 341
169 53112 71 2 53452 269 340
911 53204 61 2 53563 298 359
780 53418 28 3 53641 195 223
459 53287 51 1 53642 304 355
560 53456 36 4 53678 186 222
118 53361 80 1 53808 367 447
64 53514 25 2 53833 294 319
244 53404 66 4 53849 379 445
821 53636 22 3 53871 213 235
606 53483 78 4 53949 388 466
14 53705 28 2 53977 244 272
196 53491 70 2 53997 436 506
384 53646 83 2 54130 401 484
163 53953 40 3 54170 177 217
626 53791 58 3 54228 379 437
311 54003 39 1 54267 225 264
960 54005 42 4 54309 262 304
822 53794 77 4 54336 465 542
95 54058 50 4 54386 278 328
868 54147 27 2 54413 239 266
63 53956 70 4 54433 407 477
221 54233 44 4 54477 200 244
837 54266 25 3 54502 211 236
486 54386 32 1 54584 166 198
673 54494 29 3 54663 140 169
246 54363 95 3 54708 250 345
982 54531 44 2 54752 177 221
518 54484 82 2 54834 268 350
688 54746 24 3 54958 188 212
747 54558 65 3 54973 350 415
693 54617 59 4 54982 306 365
138 54708 64 2 55046 274 338
612 54942 23 4 55069 104 127
365 54967 31 1 55100 102 133
266 54975 40 4 55140 125 165
542 54836 54 2 55144 254 308
464 55017 31 2 55175 127 158
571 55031 26 4 55201 144 170
878 55133 39 3 55290 118 157
316 55047 61 3 55351 243 304
203 55202 28 3 55379 149 177
892 55208 30 2 55409 171 201
31 55172 90 4 55499 237 327
474 55218 58 4 55507 231 289
106 55432 33 3 55540 75 108
610 55579 20 4 55599 0 20
452 55580 62 3 55661 19 81
405 55623 37 4 55698 38 75
500 55624 43 2 55741 74 117
597 55705 28 3 55819 86 114
465 55708 24 4 55843 111 135
321 55722 24 4 55867 121 145
505 55632 69 1 55886 185 254
831 55848 24 4 55910 38 62
324 55891 51 4 55961 19 70
36 55919 35 4 55996 42 77
261 55925 55 3 56101 121 176
25 55977 55 3 56106 74 129
12 56147 29 4 56176 0 29
124 56245 81 4 56326 0 81
638 56260 72 3 56398 66 138
289 56386 36 3 56434 12 48
56 56398 29 4 56463 36 65
470 56445 73 4 56536 18 91
708 56489 38 3 56574 47 85
22 56527 28 1 56602 47 75
948 56620 37 3 56657 0 37
485 56651 72 3 56729 6 78
772 56706 30 1 56809 73 103
235 56681 65 3 56824 78 143
147 56778 28 2 56852 46 74
433 56807 73 4 56925 45 118
876 56969 51 2 57020 0 51
194 56970 79 3 57099 50 129
391 57058 70 2 57169 41 111
27 57102 30 3 57199 67 97
117 57142 44 3 57243 57 101
82 57318 23 3 57341 0 23
274 57356 29 4 57385 0 29
768 57357 62 4 57447 28 90
103 57390 39 4 57486 57 96
73 57395 29 2 57515 91 120
520 57422 22 3 57537 93 115
6 57478 45 4 57582 59 104
870 57533 35 2 57617 49 84
979 57559 28 4 57645 58 86
968 57606 38 2 57683 39 77
835 57628 52 4 57735 55 107
493 57723 38 2 57773 12 50
628 57751 40 4 57813 22 62
918 57802 44 3 57907 61 105
797 57755 65 4 57922 102 167
42 57850 55 2 57977 72 127
150 57976 89 2 58066 1 90
425 58140 25 2 58165 0 25
532 58146 66 3 58231 19 85
222 58175 29 3 58260 56 85
241 58342 48 1 58390 0 48
999 58376 47 4 58437 14 61
281 58378 29 3 58466 59 88
651 58403 51 2 58567 113 164
462 58493 29 4 58596 74 103
801 58433 56 1 58602 113 169
28 58565 21 2 58623 37 58
475 58580 36 3 58659 43 79
872 58623 52 2 58711 36 88
49 58667 47 3 58758 44 91
887 58683 20 2 58778 75 95
30 58723 38 3 58816 55 93
33 58773 38 2 58854 43 81
575 58774 53 4 59007 180 233
523 58778 76 1 59033 179 255
112 58936 40 1 59073 97 137
810 58802 74 2 59097 221 295
516 59006 54 4 59151 91 145
715 59098 49 4 59200 53 102
7 59170 73 4 59373 130 203
526 59215 45 4 59418 158 203
681 59173 71 4 59439 195 266
809 59275 33 4 59522 214 247
788 59185 57 2 59579 337 394
594 59327 44 2 59623 252 296
590 59337 37 4 59660 286 323
545 59274 66 4 59676 336 402
706 59514 33 2 59759 212 245
160 59278 91 3 59800 431 522
332 59529 34 4 59834 271 305
183 59600 38 4 59872 234 272
964 59450 83 4 59955 422 505
689 59788 45 4 60050 217 262
162 59648 88 3 60088 352 440
236 59876 35 2 60123 212 247
746 59934 49 4 60172 189 238
841 59771 59 3 60181 351 410
68 60024 41 3 60222 157 198
559 60029 32 1 60254 193 225
582 60032 20 2 60274 222 242
910 60099 49 4 60323 175 224
842 60282 64 4 60437 91 155
832 60290 58 4 60445 97 155
352 60443 34 4 60479 2 36
830 60515 37 1 60552 0 37
675 60724 24 4 60748 0 24
189 60725 34 2 60782 23 57
701 60809 53 3 60862 0 53
994 61003 68 3 61071 0 68
204 61073 37 2 61110 0 37
396 61126 69 3 61195 0 69
974 61134 27 4 61222 61 88
904 61169 40 4 61262 53 93
413 61177 26 3 61288 85 111
946 61217 24 3 61312 71 95
410 61249 42 3 61354 63 105
127 61257 36 3 61390 97 133
923 61294 23 4 61513 196 219
294 61345 26 4 61539 168 194
971 61282 70 3 61559 207 277
172 61294 66 3 61575 215 281
501 61462 46 3 61621 113 159
555 61486 42 4 61663 135 177
815 61599 24 4 61737 114 138
156 61526 60 4 61797 211 271
404 61613 57 4 61804 134 191
301 61755 24 4 61828 49 73
639 61803 24 2 61952 125 149
584 61766 71 3 62023 186 257
714 61785 57 3 62030 188 245
551 61947 32 4 62062 83 115
96 61810 76 4 62088 202 278
481 62024 35 4 62173 114 149
563 62039 21 2 62194 134 155
105 61968 58 3 62302 276 334
328 62054 60 3 62312 198 258
933 62072 67 4 62329 190 257
269 62294 47 3 62376 35 82
143 62363 34 4 62410 13 47
864 62377 76 4 62486 33 109
468 62430 50 3 62536 56 106
1 62472 42 2 62578 64 106
890 62501 42 2 62620 77 119
350 62536 37 4 62657 84 121
225 62619 36 2 62693 38 74
148 62692 38 4 62781 51 89
703 62644 77 3 62808 87 164
144 62735 37 4 62845 73 110
319 62749 33 2 62878 96 129
411 62856 21 2 62999 122 143
988 62771 77 2 63026 178 255
113 62919 30 2 63056 107 137
891 62922 40 4 63096 134 174
416 62848 92 4 63138 198 290
776 62949 24 4 63162 189 213
62 62989 36 1 63198 173 209
825 62999 24 3 63222 199 223
362 63130 46 4 63268 92 138
135 63304 42 3 63346 0 42
126 63314 21 2 63367 32 53
71 63382 59 4 63441 0 59
47 63409 36 4 63477 32 68
702 63440 71 3 63548 37 108
807 63687 44 4 63731 0 44
985 63714 66 2 63847 67 133
417 63728 58 1 63855 69 127
368 63828 33 1 63888 27 60
418 63999 24 3 64023 0 24
544 64036 55 3 64091 0 55
110 64076 29 1 64120 15 44
928 64109 63 3 64183 11 74
184 64199 66 1 64265 0 66
777 64276 34 3 64310 0 34
167 64308 20 3 64330 2 22
284 64343 64 2 64407 0 64
799 64345 68 2 64475 62 130
89 64471 21 3 64496 4 25
288 64563 32 4 64595 0 32
60 64571 81 4 64676 24 105
309 64623 26 4 64702 53 79
783 64682 27 4 64729 20 47
37 64946 79 3 65025 0 79
546 65010 48 4 65073 15 63
142 65146 40 3 65186 0 40
360 65195 46 4 65241 0 46
123 65331 62 1 65393 0 62
938 65352 59 4 65452 41 100
506 65423 49 4 65501 29 78
428 65769 74 4 65843 0 74
942 65872 46 4 65918 0 46
909 65950 24 4 65974 0 24
356 65951 41 2 66015 23 64
917 66011 24 3 66039 4 28
374 66020 27 1 66066 19 46
333 66090 57 4 66147 0 57
527 66098 77 4 66274 99 176
798 66166 36 3 66310 108 144
87 66190 29 2 66339 120 149
992 66142 69 2 66358 147 216
8 66251 28 2 66436 157 185
793 66228 52 4 66488 208 260
958 66379 24 2 66512 109 133
779 66350 61 2 66523 112 173
613 66472 32 3 66555 51 83
376 66496 36 1 66591 59 95
216 66500 26 4 66617 91 117
34 66534 24 2 66641 83 107
446 66572 33 2 66674 69 102
109 66595 42 4 66716 79 121
650 66738 22 1 66760 0 22
719 66743 26 2 66786 17 43
213 66941 22 3 66963 0 22
132 66958 56 4 67019 5 61
769 67151 31 4 67182 0 31
267 67167 41 2 67223 15 56
538 67309 63 4 67372 0 63
461 67377 34 1 67411 0 34
59 67387 35 2 67446 24 59
955 67439 22 1 67468 7 29
609 67652 33 1 67685 0 33
227 67766 35 4 67801 0 35
680 67789 28 4 67829 12 40
536 67827 51 4 67880 2 53
655 67896 73 4 67969 0 73
414 67912 42 4 68011 57 99
789 67996 31 2 68042 15 46
794 68056 26 4 68082 0 26
577 68238 72 1 68310 0 72
989 68245 49 3 68409 115 164
292 68241 85 4 68444 118 203
120 68315 46 4 68490 129 175
963 68548 38 3 68586 0 38
730 68615 28 3 68643 0 28
833 68704 81 3 68785 0 81
728 68784 71 3 68856 1 72
262 68975 29 3 69004 0 29
984 69023 84 2 69107 0 84
550 69104 72 4 69179 3 75
679 69290 33 4 69323 0 33
600 69318 52 3 69375 5 57
242 69412 22 3 69434 0 22
491 69454 60 4 69514 0 60
398 69532 90 2 69622 0 90
664 69778 45 3 69823 0 45
179 69787 50 4 69873 36 86
863 69868 68 2 69941 5 73
907 69928 30 3 69971 13 43
341 69979 67 1 70046 0 67
800 69984 58 4 70154 112 170
102 70015 84 2 70188 89 173
125 70102 24 4 70212 86 110
751 70175 42 2 70254 37 79
336 70202 38 3 70292 52 90
340 70264 24 4 70316 28 52
283 70318 70 1 70388 0 70
740 70339 28 2 70416 49 77
202 70352 61 4 70477 64 125
17 70591 52 4 70643 0 52
591 70680 63 3 70743 0 63
716 70686 30 3 70773 57 87
107 70789 66 2 70855 0 66
263 70825 22 4 70877 30 52
617 70881 28 2 70909 0 28
829 70936 59 1 70995 0 59
318 71000 63 4 71063 0 63
386 71011 30 3 71093 52 82
726 71085 33 4 71126 8 41
329 71145 25 2 71170 0 25
766 71587 67 4 71654 0 67
271 71683 43 4 71726 0 43
201 71723 36 2 71762 3 39
257 72048 62 2 72110 0 62
756 72099 84 3 72194 11 95
860 72194 24 3 72218 0 24
687 72351 23 4 72374 0 23
778 72395 43 4 72438 0 43
198 72529 32 1 72561 0 32
535 72561 29 4 72590 0 29
806 72595 78 3 72673 0 78
573 72631 32 2 72705 42 74
98 72797 44 2 72841 0 44
598 72860 28 3 72888 0 28
297 72877 78 3 72966 11 89
585 72984 35 4 73019 0 35
439 73045 37 3 73082 0 37
375 73097 83 3 73180 0 83
66 73312 32 2 73344 0 32
888 73541 55 4 73596 0 55
629 73549 32 4 73628 47 79
180 73618 24 4 73652 10 34
603 73670 70 4 73740 0 70
134 73709 81 3 73821 31 112
969 73743 61 2 73882 78 139
15 74010 62 3 74072 0 62
698 74151 53 4 74204 0 53
567 74492 46 1 74538 0 46
83 74561 27 3 74588 0 27
74 74567 45 2 74633 21 66
445 74595 21 2 74654 38 59
243 74715 22 4 74737 0 22
722 75023 56 2 75079 0 56
111 75337 53 1 75390 0 53
592 75348 23 2 75413 42 65
589 75361 83 2 75496 52 135
781 75524 23 1 75547 0 23
736 75577 54 3 75631 0 54
303 75858 41 3 75899 0 41
209 75900 23 2 75923 0 23
456 75915 35 2 75958 8 43
210 76011 48 3 76059 0 48
956 76012 80 2 76139 47 127
704 76222 88 4 76310 0 88
116 76290 43 4 76353 20 63
986 76306 78 3 76431 47 125
980 76377 45 1 76476 54 99
480 76525 25 3 76550 0 25
231 76743 54 2 76797 0 54
656 76845 76 2 76921 0 76
237 76854 54 4 76975 67 121
662 77041 24 4 77065 0 24
796 77188 75 3 77263 0 75
377 77240 44 2 77307 23 67
953 77244 36 2 77343 63 99
200 77350 32 3 77382 0 32
820 77444 85 1 77529 0 85
724 77460 43 1 77572 69 112
945 77681 49 3 77730 0 49
325 77698 61 3 77791 32 93
926 77772 20 4 77811 19 39
367 77791 21 2 77832 20 41
466 77870 24 2 77894 0 24
733 77950 23 3 77973 0 23
586 77971 29 3 78002 2 31
973 78343 35 1 78378 0 35
975 78639 77 2 78716 0 77
477 79032 37 4 79069 0 37
593 79192 29 2 79221 0 29
399 79317 57 1 79374 0 57
846 79358 68 1 79442 16 84
487 79376 50 4 79492 66 116
72 79453 33 3 79525 39 72
624 79520 24 4 79549 5 29
858 79606 49 4 79655 0 49
939 79634 23 3 79678 21 44
426 80089 23 1 80112 0 23
43 80691 52 1 80743 0 52
773 80823 29 4 80852 0 29
508 81502 67 4 81569 0 67
513 81527 67 2 81636 42 109
226 81774 36 4 81810 0 36
101 81838 43 2 81881 0 43
91 82020 70 3 82090 0 70
930 82293 41 3 82334 0 41
893 82357 39 1 82396 0 39
279 83005 29 4 83034 0 29
238 83035 48 4 83083 0 48
393 83264 21 3 83285 0 21
644 84107 45 4 84152 0 45
641 84417 28 3 84445 0 28
441 84508 25 3 84533 0 25
264 85011 21 3 85032 0 21
334 85087 30 2 85117 0 30
490 85166 78 3 85244 0 78
914 85253 42 2 85295 0 42
9 85478 28 1 85506 0 28
534 85998 30 3 86028 0 30
576 86421 20 3 86441 0 20
785 86426 29 3 86470 15 44
357 86938 40 2 86978 0 40
429 87454 33 2 87487 0 33
503 87677 29 4 87706 0 29
828 88290 61 3 88351 0 61
282 88546 61 3 88607 0 61
338 89122 21 2 89143 0 21
450 89163 41 3 89204 0 41
293 89243 27 1 89270 0 27
614 90147 42 4 90189 0 42
997 90232 20 4 90252 0 20
723 90439 59 3 90498 0 59
370 90866 36 2 90902 0 36
355 91032 53 1 91085 0 53
652 91295 26 3 91321 0 26
5 91317 79 2 91400 4 83
676 91639 44 1 91683 0 44
784 91916 49 4 91965 0 49
962 91974 44 3 92018 0 44
488 92298 32 2 92330 0 32
345 92448 26 3 92474 0 26
557 92511 69 2 92580 0 69
558 92628 25 1 92653 0 25
752 92822 48 4 92870 0 48
40 93325 25 3 93350 0 25
308 93651 51 3 93702 0 51
847 93915 28 4 93943 0 28
482 94586 78 4 94664 0 78
646 94795 57 2 94852 0 57
48 95010 26 4 95036 0 26
625 95275 34 2 95309 0 34
32 95604 44 4 95648 0 44
531 96026 72 1 96098 0 72
11 96448 21 4 96469 0 21
397 96499 80 4 96579 0 80
880 96954 22 4 96976 0 22
432 97890 63 4 97953 0 63
69 99579 29 3 99608 0 29
453 100000 30 4 100030 0 30
10 100000 45 3 100075 30 75
447 100000 34 2 100109 75 109
811 100000 46 2 100155 109 155
691 100000 37 3 100192 155 192
