100427 1000 1326 1265
922 0 50 3 50 0 50
925 0 64 2 114 50 114
470 0 84 4 198 114 198
947 0 87 4 285 198 285
202 651 79 4 730 0 79
330 627 82 4 788 79 161
893 1649 62 4 1711 0 62
766 2420 83 3 2503 0 83
391 3575 20 4 3595 0 20
78 3994 55 4 4049 0 55
58 4749 69 4 4818 0 69
364 4908 60 4 4968 0 60
772 5247 20 3 5267 0 20
95 5352 54 4 5406 0 54
131 6727 50 4 6777 0 50
258 7135 78 3 7213 0 78
919 7418 57 4 7475 0 57
75 7711 83 2 7794 0 83
167 8215 46 3 8261 0 46
408 9206 44 4 9250 0 44
829 10374 68 3 10442 0 68
6 10376 85 3 10527 66 151
266 10857 95 3 10952 0 95
881 11102 50 4 11152 0 50
764 11796 48 4 11844 0 48
395 11883 46 1 11929 0 46
903 11963 43 4 12006 0 43
698 11971 89 4 12095 35 124
904 12105 73 4 12178 0 73
143 12604 74 4 12678 0 74
767 12793 49 4 12842 0 49
817 12956 42 4 12998 0 42
479 12911 69 4 13022 42 111
779 13145 29 1 13174 0 29
810 13330 64 4 13394 0 64
894 13991 41 3 14032 0 41
87 14216 51 3 14267 0 51
270 14482 61 2 14543 0 61
727 14642 47 4 14689 0 47
943 14885 55 1 14940 0 55
984 15346 52 4 15398 0 52
487 15467 53 3 15520 0 53
723 15857 81 3 15938 0 81
729 16001 46 3 16047 0 46
576 16603 33 2 16636 0 33
858 16559 49 2 16641 33 82
387 16649 51 3 16700 0 51
656 16528 83 4 16744 133 216
884 17459 72 4 17531 0 72
556 17643 37 4 17680 0 37
185 17719 36 3 17755 0 36
940 18053 59 2 18112 0 59
237 18019 62 4 18140 59 121
791 18203 42 4 18245 0 42
752 18390 42 2 18432 0 42
865 18369 47 4 18458 42 89
493 18318 80 4 18487 89 169
689 18651 51 2 18702 0 51
190 18675 60 2 18762 27 87
66 19074 74 4 19148 0 74
635 19247 61 3 19308 0 61
278 19521 51 4 19572 0 51
128 19483 70 4 19604 51 121
776 19441 74 3 19636 121 195
737 19651 51 4 19702 0 51
781 19811 58 4 19869 0 58
462 19858 58 2 19927 11 69
365 20122 59 4 20181 0 59
796 20251 50 4 20301 0 50
348 20208 60 2 20318 50 110
94 20163 81 4 20372 128 209
308 20549 99 2 20648 0 99
404 21344 42 2 21386 0 42
792 21420 77 3 21497 0 77
91 21592 46 4 21638 0 46
43 21625 76 4 21714 13 89
183 21754 58 4 21812 0 58
425 21895 46 3 21941 0 46
414 21947 70 3 22017 0 70
484 22470 60 3 22530 0 60
825 22494 72 3 22602 36 108
580 22591 77 1 22679 11 88
60 22835 30 4 22865 0 30
534 22934 71 3 23005 0 71
228 22963 98 4 23103 42 140
496 23207 53 3 23260 0 53
511 23499 70 4 23569 0 70
598 23779 36 3 23815 0 36
611 23739 61 4 23836 36 97
971 23771 62 1 23898 65 127
590 23888 66 4 23964 10 76
963 23992 43 3 24035 0 43
954 24075 62 4 24137 0 62
645 23824 70 4 24139 245 315
680 24151 54 2 24205 0 54
22 24335 38 4 24373 0 38
547 24403 69 2 24472 0 69
693 24542 31 1 24573 0 31
913 24642 41 4 24683 0 41
800 25195 30 3 25225 0 30
181 25147 63 2 25240 30 93
285 25564 54 4 25618 0 54
529 25647 53 1 25700 0 53
835 25712 53 3 25765 0 53
948 25783 41 4 25824 0 41
347 25607 66 3 25831 158 224
939 25849 44 4 25893 0 44
59 25880 85 3 25978 13 98
200 26274 36 4 26310 0 36
350 26373 69 4 26442 0 69
937 26495 65 4 26560 0 65
820 26480 68 1 26613 65 133
549 26487 88 4 26701 126 214
905 26734 47 4 26781 0 47
626 26804 74 3 26878 0 74
988 26934 39 3 26973 0 39
584 26914 51 1 27004 39 90
164 26902 64 4 27056 90 154
730 27082 44 4 27126 0 44
103 27081 44 1 27169 44 88
453 27252 48 3 27300 0 48
431 27298 70 3 27370 2 72
895 27416 69 3 27485 0 69
945 27494 63 2 27557 0 63
994 27566 43 4 27609 0 43
573 27645 30 4 27675 0 30
86 27687 55 4 27742 0 55
745 27584 56 4 27750 110 166
690 27730 57 3 27807 20 77
413 27881 52 4 27933 0 52
23 27961 49 2 28010 0 49
763 28184 65 3 28249 0 65
847 28309 56 4 28365 0 56
506 28244 76 2 28381 61 137
706 28341 81 3 28462 40 121
982 28732 50 3 28782 0 50
735 28687 60 3 28797 50 110
545 28928 46 2 28974 0 46
563 29103 42 3 29145 0 42
290 29139 73 4 29218 6 79
444 29249 58 4 29307 0 58
900 29068 87 4 29328 173 260
780 29347 63 3 29410 0 63
888 29480 50 3 29530 0 50
450 29414 72 3 29536 50 122
901 29492 76 3 29612 44 120
795 29688 54 1 29742 0 54
437 29748 49 3 29797 0 49
186 29892 68 2 29960 0 68
20 29952 80 2 30040 8 88
227 29830 81 3 30059 148 229
426 30074 47 4 30121 0 47
451 30075 52 3 30173 46 98
9 30170 64 4 30237 3 67
750 30434 90 1 30524 0 90
914 30537 59 2 30596 0 59
438 30527 71 4 30657 59 130
587 30669 63 2 30732 0 63
614 30890 42 3 30932 0 42
911 30831 60 3 30933 42 102
831 31061 57 4 31118 0 57
54 31222 70 3 31292 0 70
231 31324 44 3 31368 0 44
400 31577 40 4 31617 0 40
51 31831 47 4 31878 0 47
191 31923 60 4 31983 0 60
575 31872 66 4 32004 66 132
548 32066 65 1 32131 0 65
207 32132 33 2 32165 0 33
833 32181 72 3 32253 0 72
837 32132 72 2 32309 105 177
514 32314 47 3 32361 0 47
630 32416 50 2 32466 0 50
564 32499 55 4 32554 0 55
552 32529 57 4 32611 25 82
991 32479 62 4 32695 154 216
890 32590 62 4 32715 63 125
736 32287 81 2 32723 355 436
804 32748 51 2 32799 0 51
703 32805 62 3 32867 0 62
902 32960 52 4 33012 0 52
777 33026 64 2 33090 0 64
747 32941 70 2 33127 116 186
629 32823 78 3 33131 230 308
121 32145 100 4 33200 955 1055
843 33221 27 4 33248 0 27
561 33307 48 3 33355 0 48
692 33362 55 2 33417 0 55
992 33286 55 1 33444 103 158
765 33248 63 4 33469 158 221
983 33575 36 3 33611 0 36
784 33551 45 3 33632 36 81
808 33608 58 3 33690 24 82
158 33694 40 3 33734 0 40
857 33753 45 3 33798 0 45
263 33560 60 4 33835 215 275
965 33861 61 3 33922 0 61
233 33625 63 4 33959 271 334
744 33507 64 2 33979 408 472
469 33988 38 2 34026 0 38
974 34063 38 3 34101 0 38
3 33759 69 3 34124 296 365
311 33855 75 1 34199 269 344
148 34292 52 4 34344 0 52
864 34228 69 2 34349 52 121
265 34372 74 2 34446 0 74
458 33946 76 3 34470 448 524
216 33340 78 4 34510 1092 1170
862 34495 79 3 34589 15 94
711 34596 58 4 34654 0 58
96 34676 54 4 34730 0 54
608 34770 47 1 34817 0 47
891 34842 53 4 34943 48 101
281 34847 53 4 34948 48 101
707 34729 65 4 34948 154 219
848 34707 65 3 35013 241 306
803 35048 35 3 35083 0 35
740 35101 57 3 35158 0 57
883 35111 66 4 35224 47 113
949 34675 69 4 35239 495 564
537 35269 80 2 35349 0 80
226 35405 43 3 35448 0 43
217 35371 55 4 35469 43 98
13 35392 55 3 35524 77 132
57 35376 56 3 35580 148 204
137 35447 59 1 35639 133 192
117 35656 52 3 35708 0 52
313 35544 63 2 35754 147 210
979 35763 39 4 35802 0 39
416 35525 64 1 35857 268 332
178 35953 47 3 36000 0 47
356 35913 53 4 36013 47 100
424 36014 32 4 36046 0 32
672 36064 48 4 36112 0 48
562 35981 75 3 36168 112 187
927 35957 75 2 36243 211 286
872 35819 77 3 36264 368 445
481 35192 81 4 36293 1020 1101
601 36339 35 2 36374 0 35
466 36423 29 1 36452 0 29
809 36450 34 4 36486 2 36
985 36490 52 3 36542 0 52
684 36537 53 2 36595 5 58
724 36392 60 4 36620 168 228
806 36622 40 1 36662 0 40
786 36673 35 4 36708 0 35
210 36711 50 3 36761 0 50
805 36482 71 3 36816 263 334
500 36691 72 4 36888 125 197
762 36894 58 4 36952 0 58
775 37001 62 1 37063 0 62
299 36911 67 3 37081 103 170
369 33594 82 4 37119 3443 3525
355 34975 82 4 37147 2090 2172
412 34700 82 1 37229 2447 2529
695 37305 47 4 37352 0 47
319 37325 48 4 37400 27 75
827 37453 65 4 37518 0 65
637 37347 66 3 37531 118 184
62 36703 88 2 37543 752 840
499 37650 36 3 37686 0 36
840 37672 41 4 37727 14 55
520 37600 65 4 37742 77 142
433 34999 89 2 37774 2686 2775
196 37882 36 3 37918 0 36
906 37853 49 1 37938 36 85
61 37824 59 3 37968 85 144
852 34933 89 1 38007 2985 3074
360 38011 43 4 38054 0 43
915 38132 48 4 38180 0 48
486 38072 65 4 38185 48 113
951 38208 61 2 38269 0 61
144 38197 68 4 38326 61 129
718 38321 69 4 38395 5 74
615 38020 70 4 38435 345 415
346 38438 58 4 38496 0 58
849 38565 41 3 38606 0 41
28 38546 42 4 38629 41 83
815 38528 59 2 38670 83 142
853 38755 65 2 38820 0 65
793 38602 88 3 38823 133 221
77 38141 90 1 38878 647 737
821 38934 45 2 38979 0 45
177 39045 58 4 39103 0 58
542 39134 41 2 39175 0 41
512 39151 60 4 39235 24 84
448 39296 54 1 39350 0 54
198 39306 65 3 39415 44 109
277 39129 73 2 39422 220 293
836 39468 75 4 39543 0 75
758 39570 47 4 39617 0 47
673 39611 50 4 39667 6 56
830 39596 71 3 39738 71 142
443 39433 76 2 39752 243 319
251 39785 73 4 39858 0 73
685 39944 65 4 40009 0 65
490 40030 49 4 40079 0 49
211 39913 77 3 40104 114 191
681 40083 79 3 40183 21 100
952 40201 33 4 40234 0 33
276 40230 64 4 40298 4 68
653 39883 80 3 40330 367 447
386 39149 85 3 40346 1112 1197
869 40363 62 4 40425 0 62
746 34432 92 4 40440 5916 6008
845 34362 92 4 40440 5986 6078
687 40549 31 2 40580 0 31
222 40534 51 3 40616 31 82
361 40473 63 4 40618 82 145
19 40515 65 4 40683 103 168
654 40743 48 4 40791 0 48
440 40769 57 3 40848 22 79
122 40861 28 4 40889 0 28
383 40861 48 2 40937 28 76
339 40981 37 1 41018 0 37
530 40998 57 4 41075 20 77
659 40821 58 4 41134 255 313
802 40833 58 4 41134 243 301
333 40709 59 2 41159 391 450
206 41204 42 4 41246 0 42
114 41299 33 1 41332 0 33
38 41262 56 4 41351 33 89
899 41155 62 4 41352 135 197
193 40982 63 2 41415 370 433
354 41200 64 3 41479 215 279
262 41503 27 4 41530 0 27
799 40701 64 2 41562 797 861
31 40508 68 1 41612 1036 1104
171 41614 56 4 41670 0 56
44 41680 64 4 41744 0 64
295 41493 69 2 41801 239 308
503 41871 52 3 41923 0 52
261 41967 50 1 42017 0 50
773 41876 58 4 42031 97 155
349 42036 68 4 42104 0 68
581 41084 75 3 42104 945 1020
422 42164 72 4 42236 0 72
666 41429 77 4 42253 747 824
621 42291 53 4 42344 0 53
282 42388 45 1 42433 0 45
352 42314 58 4 42447 75 133
760 42448 61 4 42509 0 61
675 42519 25 3 42544 0 25
794 42624 52 1 42676 0 52
964 42580 60 4 42692 52 112
969 42708 55 2 42763 0 55
163 42758 70 3 42833 5 75
399 42403 71 3 42841 367 438
623 41423 79 3 42882 1380 1459
294 42916 20 4 42936 0 20
145 42981 47 4 43028 0 47
641 43040 46 2 43086 0 46
644 43004 49 4 43123 70 119
717 42984 57 4 43180 139 196
521 43231 65 4 43296 0 65
126 43312 56 2 43368 0 56
467 43366 56 1 43424 2 58
787 43475 56 3 43531 0 56
316 43523 58 4 43589 8 66
189 43631 46 1 43677 0 46
81 43568 61 4 43696 67 128
933 43522 61 3 43757 174 235
151 43393 66 3 43772 313 379
532 43671 67 3 43839 101 168
704 43867 65 3 43932 0 65
363 43933 56 4 43989 0 56
303 44002 56 2 44058 0 56
749 44069 36 4 44105 0 36
636 43797 67 2 44119 255 322
688 43025 70 4 44122 1027 1097
731 44230 40 2 44270 0 40
667 44307 39 4 44346 0 39
632 44254 52 2 44361 55 107
509 44272 54 3 44415 89 143
309 44416 50 4 44466 0 50
403 44182 55 3 44472 235 290
220 44384 57 4 44529 88 145
280 44560 37 3 44597 0 37
876 44567 41 3 44638 30 71
39 44224 57 3 44664 383 440
407 44241 60 4 44724 423 483
423 44729 50 2 44779 0 50
162 44818 49 3 44867 0 49
378 44879 42 2 44921 0 42
709 44463 62 4 44927 402 464
170 44726 64 3 44991 201 265
960 44489 65 4 45056 502 567
639 45184 20 4 45204 0 20
256 45207 36 3 45243 0 36
720 45143 49 4 45248 56 105
524 45265 24 1 45289 0 24
253 45329 54 4 45383 0 54
291 45276 55 4 45398 67 122
107 45396 55 2 45453 2 57
935 45277 57 1 45510 176 233
955 45143 61 4 45554 350 411
274 45567 50 1 45617 0 50
289 45621 31 1 45652 0 31
418 45623 47 4 45699 29 76
908 45614 51 4 45746 81 132
596 45538 61 3 45794 195 256
110 45846 59 4 45905 0 59
175 45910 60 3 45970 0 60
896 45389 67 2 45980 524 591
65 45998 53 4 46051 0 53
195 45101 68 4 46059 890 958
554 46125 42 4 46167 0 42
478 46081 50 4 46173 42 92
464 44529 68 3 46174 1577 1645
483 43723 71 2 46185 2391 2462
52 46230 72 4 46302 0 72
797 44830 72 2 46329 1427 1499
215 45915 72 1 46401 414 486
674 46410 37 4 46447 0 37
250 46436 45 4 46492 11 56
11 46457 50 4 46542 35 85
230 46515 59 2 46601 27 86
241 46594 60 3 46661 7 67
557 46771 50 3 46821 0 50
976 46777 56 3 46877 44 100
72 46727 58 4 46891 106 164
975 46785 58 3 46949 106 164
555 46948 58 2 47007 1 59
978 46735 60 3 47067 272 332
46 46694 61 2 47095 340 401
42 47074 65 4 47160 21 86
923 46854 66 4 47226 306 372
574 47238 55 3 47293 0 55
757 47097 66 3 47347 184 250
647 47148 71 4 47418 199 270
67 47051 72 4 47490 367 439
866 43251 73 3 47521 4197 4270
721 47535 73 3 47608 0 73
260 42971 73 2 47657 4613 4686
973 47695 63 3 47758 0 63
540 47730 67 4 47825 28 95
497 47936 65 4 48001 0 65
725 47888 66 4 48019 65 131
372 47779 71 3 48027 177 248
338 45014 74 4 48137 3049 3123
435 47278 74 4 48137 785 859
113 48194 52 3 48246 0 52
359 48381 60 4 48441 0 60
199 48448 48 4 48496 0 48
646 48592 43 4 48635 0 43
297 48553 45 4 48641 43 88
48 48661 52 3 48713 0 52
998 47448 74 3 48733 1211 1285
1000 47034 74 3 48733 1625 1699
286 47429 74 3 48733 1230 1304
473 43944 74 3 48733 4715 4789
628 48778 45 2 48823 0 45
732 48850 20 3 48870 0 20
188 48843 52 2 48915 20 72
25 48863 55 3 48970 52 107
429 48778 63 4 49013 172 235
826 48779 72 4 49085 234 306
860 45254 74 2 49114 3786 3860
18 49119 43 4 49162 0 43
419 49117 44 2 49204 43 87
340 49256 39 3 49295 0 39
441 49300 32 2 49332 0 32
742 49173 58 4 49333 102 160
660 49129 58 2 49391 204 262
306 49425 46 3 49471 0 46
841 49379 59 2 49496 58 117
961 49172 61 3 49616 383 444
41 49498 61 3 49618 59 120
577 49645 38 4 49683 0 38
124 49619 52 1 49709 38 90
397 49626 67 2 49776 83 150
546 49831 48 2 49879 0 48
452 49207 68 4 49891 616 684
522 49327 69 4 49960 564 633
307 50002 44 1 50046 0 44
591 50004 67 3 50113 42 109
377 49143 69 3 50140 928 997
445 50183 64 3 50247 0 64
743 49564 72 3 50276 640 712
663 42983 75 4 50348 7290 7365
15 46431 75 2 50423 3917 3992
880 50490 69 2 50559 0 69
203 50613 52 3 50665 0 52
326 44631 77 4 50698 5990 6067
824 46714 77 4 50698 3907 3984
517 50725 60 2 50785 0 60
35 43770 77 2 50835 6988 7065
331 50893 47 4 50940 0 47
460 50951 60 4 51011 0 60
606 50874 65 4 51046 107 172
232 51145 36 3 51181 0 36
634 51094 59 1 51189 36 95
16 51066 68 4 51229 95 163
928 51299 57 4 51356 0 57
807 51284 64 4 51405 57 121
73 48862 77 1 51445 2506 2583
245 47827 77 1 51445 3541 3618
538 51453 52 2 51505 0 52
924 51527 46 2 51573 0 46
889 51454 56 3 51607 97 153
235 51655 64 4 51719 0 64
682 51726 54 4 51783 3 57
863 51813 39 2 51852 0 39
551 51777 54 4 51873 42 96
990 51491 76 2 51894 327 403
633 51937 20 1 51957 0 20
98 45416 78 4 51984 6490 6568
579 47135 78 3 52062 4849 4927
225 52103 57 4 52160 0 57
572 52088 57 1 52202 57 114
610 52229 73 3 52302 0 73
434 52350 46 4 52396 0 46
380 52307 52 2 52405 46 98
582 52337 58 1 52463 68 126
526 52297 76 2 52534 161 237
327 51084 78 2 52559 1397 1475
334 52579 48 3 52627 0 48
115 52663 52 3 52715 0 52
468 52707 53 4 52768 8 61
463 52592 61 2 52793 140 201
643 52826 61 4 52887 0 61
501 52735 62 3 52916 119 181
618 52923 51 4 52974 0 51
7 52666 66 1 53033 301 367
301 53086 47 4 53133 0 47
550 53051 60 3 53158 47 107
741 52836 74 4 53214 304 378
269 53227 41 4 53268 0 41
388 53260 63 2 53331 8 71
785 53392 65 3 53457 0 65
850 53325 66 4 53462 71 137
284 53478 55 1 53533 0 55
873 53483 58 1 53591 50 108
100 53302 69 3 53644 273 342
527 53706 54 1 53760 0 54
219 53639 76 4 53811 96 172
768 53683 76 4 53850 91 167
968 53860 70 4 53930 0 70
63 53896 71 4 54001 34 105
184 52896 76 3 54054 1082 1158
519 54209 53 3 54262 0 53
892 54177 53 2 54283 53 106
854 54286 44 1 54330 0 44
970 54293 51 4 54381 37 88
617 54415 39 3 54454 0 39
406 54481 54 1 54535 0 54
811 54539 50 4 54589 0 50
536 54243 57 4 54643 343 400
389 54253 57 4 54643 333 390
32 54688 44 4 54732 0 44
24 54645 44 1 54733 44 88
700 54727 49 1 54782 6 55
456 54619 57 4 54829 153 210
472 54743 60 1 54889 86 146
392 54910 52 3 54962 0 52
839 54333 64 4 55005 608 672
123 55036 47 4 55097 14 61
649 55069 47 4 55130 14 61
341 55140 55 4 55195 0 55
625 55238 42 3 55280 0 42
367 55030 63 3 55284 191 254
29 55308 51 1 55359 0 51
342 55334 60 3 55419 25 85
236 55420 46 4 55466 0 46
930 55522 51 4 55573 0 51
867 55456 58 3 55575 61 119
248 55637 63 4 55700 0 63
489 55425 64 2 55702 213 277
234 54136 66 3 55704 1502 1568
539 55714 53 3 55767 0 53
104 54575 66 3 55837 1196 1262
428 55365 66 3 55862 431 497
516 55882 21 4 55903 0 21
351 54106 67 4 55958 1785 1852
161 54308 67 4 55987 1612 1679
558 54809 67 2 56054 1178 1245
459 56133 56 4 56189 0 56
997 56102 61 3 56219 56 117
528 55544 69 3 56240 627 696
315 56390 49 4 56439 0 49
83 56443 54 4 56497 0 54
798 56475 60 4 56557 22 82
754 56603 34 4 56637 0 34
553 56561 47 3 56642 34 81
957 56351 64 2 56659 244 308
513 56291 67 3 56666 308 375
119 55072 71 3 56686 1543 1614
74 55059 71 2 56828 1698 1769
76 54518 71 2 56828 2239 2310
127 56003 74 2 56902 825 899
946 55311 75 4 56977 1591 1666
166 56998 39 4 57037 0 39
751 57099 57 1 57156 0 57
788 57045 66 2 57168 57 123
605 57232 21 3 57253 0 21
679 57182 54 4 57257 21 75
594 57364 31 3 57395 0 31
909 57315 63 2 57409 31 94
194 57202 68 4 57419 149 217
712 57443 37 4 57487 7 44
379 57473 37 4 57517 7 44
320 57492 51 3 57568 25 76
174 54922 76 4 57577 2579 2655
616 57589 29 4 57618 0 29
209 57596 38 2 57656 22 60
17 57624 45 4 57701 32 77
972 57754 54 4 57808 0 54
157 57770 57 4 57865 38 95
566 57795 58 3 57923 70 128
588 57929 63 3 57992 0 63
142 57715 64 3 58011 232 296
415 57590 68 1 58065 407 475
733 58091 42 4 58133 0 42
816 57381 77 1 58172 714 791
229 58162 78 4 58250 10 88
271 58283 44 4 58327 0 44
56 58333 43 4 58376 0 43
40 58332 49 4 58424 43 92
814 58462 56 3 58518 0 56
159 54148 78 3 58520 4294 4372
505 49743 79 3 58543 8721 8800
125 58556 67 3 58623 0 67
492 58646 44 1 58690 0 44
494 58727 60 1 58787 0 60
449 58549 73 4 58793 171 244
446 58822 73 3 58895 0 73
967 58828 74 4 58969 67 141
304 58997 46 4 59043 0 46
708 57418 79 3 59122 1625 1704
275 55530 79 3 59122 3513 3592
668 59188 31 4 59219 0 31
314 59183 36 2 59250 31 67
879 59141 69 3 59277 67 136
401 59215 72 2 59349 62 134
726 59253 73 4 59422 96 169
192 59525 41 4 59566 0 41
89 59573 55 4 59628 0 55
312 59462 70 4 59628 96 166
677 59642 41 2 59683 0 41
182 59667 60 4 59743 16 76
631 59146 78 3 59767 543 621
79 46696 79 2 59827 13052 13131
55 59840 38 2 59878 0 38
293 59842 55 4 59933 36 91
851 59921 57 3 59990 12 69
302 60021 41 1 60062 0 41
870 60126 40 4 60166 0 40
544 60074 61 1 60175 40 101
488 60093 65 2 60240 82 147
14 59999 69 3 60275 207 276
701 60313 34 4 60347 0 34
541 55496 80 4 60367 4791 4871
120 60428 59 4 60487 0 59
375 60496 29 4 60525 0 29
801 60517 33 3 60558 8 41
267 60446 60 3 60609 103 163
885 60467 73 3 60682 142 215
482 60726 36 2 60762 0 36
322 60721 55 3 60812 36 91
993 60410 75 2 60830 345 420
719 60934 59 1 60993 0 59
921 60996 57 2 61053 0 57
842 61056 44 2 61100 0 44
138 43898 80 3 61107 17129 17209
305 48375 80 3 61107 12652 12732
936 61149 44 3 61193 0 44
272 61214 53 4 61267 0 53
252 61246 63 1 61330 21 84
861 59439 80 2 61347 1828 1908
129 61418 30 4 61448 0 30
390 61370 64 3 61464 30 94
8 61472 32 4 61504 0 32
310 61397 75 2 61571 99 174
475 61759 21 3 61780 0 21
828 61803 43 3 61846 0 43
604 61829 49 4 61895 17 66
508 61800 64 4 61956 92 156
1 61981 51 3 62032 0 51
68 61840 65 3 62072 167 232
753 61853 77 3 62149 219 296
99 62173 62 2 62235 0 62
491 61816 80 2 62291 395 475
525 62299 66 3 62365 0 66
90 62480 43 4 62523 0 43
789 62552 49 4 62601 0 49
405 62509 51 4 62623 63 114
981 62466 54 4 62663 143 197
442 62425 54 3 62676 197 251
578 62691 30 4 62721 0 30
844 62482 55 4 62761 224 279
485 62397 58 2 62791 336 394
292 62736 66 1 62857 55 121
254 62543 69 3 62926 314 383
822 62966 65 4 63031 0 65
345 62365 73 3 63032 594 667
761 63095 53 4 63148 0 53
80 63158 47 4 63205 0 47
26 63053 62 2 63215 100 162
583 63248 52 2 63300 0 52
523 63307 37 4 63344 0 37
156 63367 48 4 63415 0 48
279 63369 49 4 63464 46 95
665 63156 64 2 63465 245 309
907 63142 66 4 63531 323 389
53 63549 56 4 63605 0 56
384 63600 58 4 63663 5 63
531 63690 45 2 63735 0 45
165 63365 68 3 63758 325 393
147 63790 49 3 63839 0 49
324 63402 68 2 63875 405 473
420 63922 63 2 63985 0 63
480 63377 69 2 64007 561 630
300 63815 71 1 64078 192 263
109 64088 45 2 64133 0 45
570 64169 46 4 64215 0 46
160 64089 53 1 64232 90 143
897 63332 72 1 64294 890 962
118 64346 51 2 64397 0 51
823 64420 39 4 64459 0 39
439 64318 62 3 64470 90 152
264 64465 70 3 64540 5 75
699 64306 75 3 64603 222 297
454 62714 76 3 64690 1900 1976
498 64436 76 3 64722 210 286
920 62430 77 4 64799 2292 2369
287 55627 81 4 64803 9095 9176
559 44264 81 4 64803 20458 20539
105 53052 81 4 64803 11670 11751
179 64918 31 4 64949 0 31
929 64973 44 4 65017 0 44
818 45202 83 4 65044 19759 19842
855 44678 83 4 65044 20283 20366
430 65232 58 4 65290 0 58
565 65217 63 4 65338 58 121
652 65181 65 4 65367 121 186
353 65123 68 2 65387 196 264
812 65349 68 2 65445 28 96
956 46657 84 4 65534 18793 18877
136 61635 84 4 65534 3815 3899
676 40998 84 3 65579 24497 24581
374 65639 65 2 65704 0 65
133 65712 72 2 65784 0 72
620 53726 84 3 65854 12044 12128
288 46047 84 3 65854 19723 19807
980 65876 66 1 65942 0 66
455 66008 57 4 66065 0 57
173 66048 60 2 66125 17 77
607 66247 45 2 66292 0 45
602 66242 53 3 66340 45 98
268 66029 67 3 66357 261 328
396 66045 67 3 66357 245 312
402 66100 67 2 66424 257 324
337 66495 38 4 66533 0 38
176 66498 64 4 66597 35 99
728 66410 78 4 66604 116 194
336 66647 43 3 66690 0 43
510 66648 52 4 66742 42 94
447 66682 60 3 66802 60 120
495 66633 61 1 66849 155 216
155 66890 35 4 66925 0 35
411 66972 39 2 67011 0 39
168 66933 51 3 67023 39 90
782 67032 52 3 67084 0 52
593 66862 57 4 67096 177 234
82 67110 20 3 67130 0 20
97 67155 32 4 67187 0 32
205 67193 27 4 67220 0 27
457 67108 52 4 67239 79 131
589 67159 58 1 67297 80 138
476 67347 47 1 67394 0 47
887 67059 69 2 67401 273 342
149 66706 72 4 67460 682 754
846 66642 75 1 67535 818 893
84 67123 79 1 67614 412 491
382 67636 62 4 67698 0 62
27 67746 50 4 67796 0 50
373 66656 81 3 67807 1070 1151
683 59905 84 1 67858 7869 7953
713 49543 84 1 67858 18231 18315
69 67861 37 3 67898 0 37
650 67902 39 2 67941 0 39
325 67861 63 4 68000 76 139
64 68060 53 1 68113 0 53
417 68092 60 3 68173 21 81
938 53556 85 4 68280 14639 14724
571 46175 85 4 68280 22020 22105
366 56710 85 3 68450 11655 11740
2 45713 85 3 68450 22652 22737
705 68500 59 4 68559 0 59
139 45576 85 1 68594 22933 23018
586 68650 73 4 68723 0 73
859 68780 69 2 68849 0 69
966 68715 74 4 68866 77 151
977 57350 86 4 68896 11460 11546
317 68963 48 4 69011 0 48
376 55175 86 3 69030 13769 13855
790 69033 62 2 69095 0 62
197 69161 64 1 69225 0 64
996 69110 74 3 69248 64 138
504 69269 80 3 69349 0 80
648 69359 60 3 69419 0 60
93 52658 86 1 69456 16712 16798
36 69512 49 3 69561 0 49
662 69583 59 3 69642 0 59
394 69482 61 3 69651 108 169
738 69629 61 1 69712 22 83
213 69797 33 4 69830 0 33
283 69775 44 4 69852 33 77
152 69908 32 2 69940 0 32
246 69902 37 4 69971 32 69
224 69818 52 4 69973 103 155
568 69954 56 4 70029 19 75
941 69709 64 4 70030 257 321
875 70050 40 4 70090 0 40
599 70059 56 1 70146 31 87
670 69787 66 4 70192 339 405
88 69743 71 3 70263 449 520
877 70370 49 1 70419 0 49
533 70319 62 2 70430 49 111
638 70387 63 3 70493 43 106
658 70466 67 4 70560 27 94
101 66969 87 4 70565 3509 3596
944 40905 87 1 70652 29660 29747
343 70720 63 4 70783 0 63
916 70678 66 3 70807 63 129
832 70778 68 1 70875 29 97
898 70685 77 3 70952 190 267
362 70952 82 3 71034 0 82
180 71047 49 4 71096 0 49
640 70984 85 4 71168 99 184
85 71170 67 4 71237 0 67
242 71261 40 3 71301 0 40
214 71354 70 3 71424 0 70
329 71196 77 2 71424 151 228
471 71250 79 3 71503 174 253
669 71466 81 3 71584 37 118
298 53918 88 4 71644 17638 17726
774 71693 77 3 71770 0 77
357 71785 37 4 71822 0 37
813 71816 46 1 71868 6 52
208 70312 88 3 71892 1492 1580
642 44960 88 2 71980 26932 27020
878 71988 74 3 72062 0 74
132 72080 72 4 72152 0 72
838 72170 37 1 72207 0 37
771 72287 62 4 72349 0 62
515 72386 51 3 72437 0 51
108 72482 28 2 72510 0 28
770 72391 56 2 72521 74 130
169 72569 54 2 72623 0 54
871 72395 65 2 72640 180 245
398 72370 68 1 72692 254 322
393 72711 74 3 72785 0 74
739 72500 75 4 72841 266 341
221 72642 78 3 72919 199 277
238 72930 46 3 72976 0 46
989 72957 71 3 73047 19 90
34 73121 65 4 73186 0 65
917 73020 80 2 73192 92 172
624 73013 82 3 73274 179 261
71 45215 89 3 73296 27992 28081
697 59300 89 3 73296 13907 13996
942 73403 42 2 73445 0 42
609 73352 51 3 73445 42 93
748 73376 69 2 73514 69 138
204 44975 89 3 73547 28483 28572
694 71320 89 2 73636 2227 2316
432 70419 89 1 73725 3217 3306
368 73734 48 4 73782 0 48
569 73808 79 2 73887 0 79
783 73963 56 4 74019 0 56
49 73944 56 3 74056 56 112
926 58042 90 4 74144 16012 16102
410 67004 90 4 74144 7050 7140
474 74192 39 1 74231 0 39
240 74166 60 4 74265 39 99
50 74240 68 2 74333 25 93
987 63538 91 4 74402 10773 10864
612 74424 56 4 74480 0 56
715 74460 57 3 74537 20 77
882 74572 60 3 74632 0 60
296 74657 51 4 74708 0 51
150 74540 61 1 74712 111 172
33 74492 72 3 74781 217 289
931 74826 57 2 74883 0 57
696 56934 91 3 74907 17882 17973
874 74917 73 1 74990 0 73
502 74997 58 4 75055 0 58
10 75142 73 3 75215 0 73
918 75104 80 3 75257 73 153
45 40936 93 4 75284 34255 34348
932 46932 93 3 75377 28352 28445
239 50624 93 2 75470 24753 24846
543 75502 75 4 75577 0 75
273 56949 94 4 75639 18596 18690
778 75642 76 2 75718 0 76
769 75725 50 1 75775 0 50
421 75765 53 1 75828 10 63
146 75870 70 4 75940 0 70
477 64342 94 3 75982 11546 11640
335 76173 59 2 76232 0 59
934 76052 64 4 76232 116 180
613 76059 64 4 76239 116 180
595 76219 71 3 76310 20 91
716 75986 73 4 76317 258 331
756 76312 74 3 76391 5 79
358 76405 77 3 76544 62 139
759 76420 77 3 76559 62 139
664 76596 39 2 76635 0 39
328 76004 91 4 76675 580 671
381 76168 93 4 76768 507 600
962 49836 95 4 76859 26928 27023
819 64431 96 4 76955 12428 12524
535 77051 66 2 77117 0 66
597 40706 96 3 77117 36315 36411
661 77143 20 1 77163 0 20
999 59901 97 2 77234 17236 17333
135 77249 54 1 77303 0 54
910 77332 64 4 77396 0 64
755 44399 98 4 77450 32953 33051
212 39701 98 3 77515 37716 37814
567 77555 57 3 77612 0 57
102 77577 83 3 77695 35 118
37 77773 49 2 77822 0 49
12 77765 58 4 77872 49 107
592 77545 85 1 77877 247 332
702 44485 99 3 77946 33362 33461
678 78022 55 1 78077 0 55
409 78106 46 4 78152 0 46
958 55607 100 4 78247 22540 22640
619 62852 100 4 78247 15295 15395
111 49649 100 4 78347 28598 28698
5 78507 57 3 78564 0 57
249 78521 62 3 78626 43 105
370 78463 65 3 78647 119 184
518 78636 74 3 78721 11 85
627 78433 75 3 78766 258 333
691 78805 63 3 78868 0 63
112 78842 64 4 78932 26 90
950 78966 51 4 79017 0 51
722 78779 69 3 79026 178 247
600 78870 78 3 79104 156 234
560 79164 49 4 79213 0 49
834 78918 80 3 79233 235 315
868 65603 100 2 79431 13728 13828
714 45097 100 2 79434 34237 34337
912 35428 100 2 79434 43906 44006
141 79878 41 2 79919 0 41
603 79946 71 4 80017 0 71
465 80047 93 4 80140 0 93
686 80556 36 1 80592 0 36
255 80622 53 2 80675 0 53
427 80765 57 2 80822 0 57
710 80814 65 3 80887 8 73
4 81493 48 3 81541 0 48
153 82316 68 4 82384 0 68
651 82288 71 2 82427 68 139
218 82615 76 3 82691 0 76
953 82869 48 4 82917 0 48
321 82892 61 4 82978 25 86
507 82804 77 4 82990 109 186
959 83020 70 3 83090 0 70
223 83101 39 3 83140 0 39
385 83111 82 3 83222 29 111
243 83502 70 2 83572 0 70
657 83963 26 3 83989 0 26
134 84168 63 2 84231 0 63
461 84919 28 4 84947 0 28
47 84923 62 3 85009 24 86
154 85792 71 1 85863 0 71
986 85888 43 4 85931 0 43
116 85998 63 4 86061 0 63
257 86029 78 4 86139 32 110
622 86585 58 3 86643 0 58
734 87127 40 1 87167 0 40
201 87242 35 3 87277 0 35
30 88173 65 3 88238 0 65
247 88254 50 2 88304 0 50
106 89497 57 1 89554 0 57
856 89624 87 4 89711 0 87
344 90589 43 4 90632 0 43
323 90684 62 4 90746 0 62
886 90968 60 4 91028 0 60
671 91038 58 4 91096 0 58
436 91589 57 4 91646 0 57
655 91839 20 3 91859 0 20
21 92039 58 3 92097 0 58
244 92280 71 4 92351 0 71
332 92480 55 1 92535 0 55
70 93324 68 3 93392 0 68
140 95395 57 1 95452 0 57
130 95765 82 4 95847 0 82
371 97525 65 2 97590 0 65
259 99764 74 3 99838 0 74
92 100000 45 3 100045 0 45
318 100000 49 2 100094 45 94
995 100000 66 4 100160 94 160
172 100000 84 2 100244 160 244
187 100000 85 1 100329 244 329
585 100000 98 3 100427 329 427
