100249 1000 139 93
213 0 82 2 82 0 82
632 0 24 4 106 82 106
130 139 81 4 220 0 81
707 1106 40 4 1146 0 40
698 1736 22 2 1758 0 22
921 3525 53 3 3578 0 53
623 3532 32 2 3611 47 79
221 3829 51 3 3880 0 51
893 4924 44 4 4968 0 44
406 5561 44 2 5605 0 44
270 5698 72 1 5770 0 72
384 5850 88 2 5938 0 88
913 6958 32 3 6990 0 32
149 7392 59 2 7451 0 59
654 7671 24 4 7695 0 24
603 8378 72 3 8450 0 72
587 9025 52 1 9077 0 52
222 9220 89 2 9309 0 89
133 10043 61 4 10104 0 61
436 11130 35 4 11165 0 35
943 11392 59 2 11451 0 59
50 11794 70 1 11864 0 70
19 12206 71 4 12277 0 71
79 12243 34 3 12312 35 69
405 12527 65 4 12592 0 65
196 12633 47 3 12680 0 47
846 12701 41 2 12742 0 41
602 13473 48 2 13521 0 48
588 13702 24 3 13726 0 24
955 13719 41 3 13768 8 49
519 13740 51 4 13820 29 80
624 14382 47 2 14429 0 47
595 14505 30 4 14535 0 30
994 14623 49 3 14672 0 49
124 14772 64 3 14836 0 64
984 14820 89 1 14926 17 106
119 15006 78 3 15084 0 78
699 15245 22 3 15267 0 22
302 15976 38 4 16014 0 38
366 16204 57 4 16261 0 57
34 16230 90 3 16352 32 122
755 16425 27 4 16452 0 27
481 16540 68 4 16608 0 68
335 16546 23 3 16632 63 86
401 16798 81 3 16879 0 81
611 17305 89 2 17394 0 89
967 17352 37 4 17432 43 80
675 17429 25 4 17458 4 29
269 17920 67 4 17987 0 67
517 18103 61 4 18164 0 61
1000 18206 36 4 18242 0 36
648 18856 45 2 18901 0 45
31 19308 30 2 19338 0 30
652 19344 64 4 19408 0 64
178 19366 45 4 19454 43 88
562 19397 29 4 19483 57 86
375 19707 71 4 19778 0 71
543 19854 27 2 19881 0 27
76 20448 31 2 20479 0 31
433 20621 68 4 20689 0 68
255 20664 78 3 20768 26 104
286 21104 51 2 21155 0 51
372 21272 51 3 21323 0 51
168 21477 33 4 21510 0 33
732 21520 46 3 21566 0 46
500 21536 30 2 21597 31 61
229 21618 22 3 21640 0 22
767 21795 21 4 21816 0 21
869 21869 43 4 21912 0 43
710 21937 50 2 21987 0 50
708 21976 52 4 22040 12 64
863 22108 45 1 22153 0 45
231 22267 44 1 22311 0 44
104 22366 44 1 22410 0 44
505 22448 31 4 22479 0 31
873 22508 25 3 22533 0 25
945 22587 69 1 22656 0 69
53 22632 43 1 22700 25 68
928 23070 42 4 23112 0 42
430 23105 71 4 23184 8 79
768 23259 24 2 23283 0 24
107 23286 75 4 23361 0 75
455 23306 96 2 23458 56 152
570 23318 35 3 23493 140 175
961 23363 32 3 23526 131 163
252 23390 71 3 23597 136 207
418 23626 33 4 23659 0 33
899 23674 71 4 23745 0 71
800 23781 68 4 23849 0 68
819 23796 36 4 23886 54 90
495 23800 62 3 23948 86 148
582 23970 44 4 24014 0 44
47 24033 23 4 24056 0 23
838 24190 77 1 24267 0 77
175 24456 37 3 24493 0 37
96 24481 45 2 24539 13 58
775 24984 39 3 25023 0 39
4 25053 95 3 25148 0 95
300 25089 60 4 25209 60 120
555 25231 64 3 25295 0 64
380 25357 38 2 25395 0 38
864 25435 37 4 25472 0 37
271 25487 46 4 25533 0 46
855 25488 61 4 25595 46 107
615 25522 69 2 25664 73 142
463 25583 41 4 25706 82 123
278 25634 49 2 25755 72 121
161 25739 25 3 25781 17 42
996 25786 21 3 25807 0 21
151 25805 29 4 25837 3 32
417 26037 56 2 26093 0 56
904 26065 62 4 26156 29 91
426 26070 61 3 26217 86 147
659 26137 52 1 26270 81 133
7 26138 31 3 26301 132 163
912 26246 23 4 26325 56 79
861 26281 43 3 26368 44 87
966 26483 46 4 26529 0 46
677 26526 24 4 26554 4 28
172 26532 78 4 26633 23 101
917 26595 63 4 26697 39 102
207 26808 45 4 26853 0 45
936 26873 51 4 26924 0 51
331 27175 29 3 27204 0 29
804 27291 22 4 27313 0 22
700 27518 42 3 27560 0 42
720 27736 56 4 27792 0 56
435 27860 55 3 27915 0 55
671 27892 24 4 27940 24 48
16 27970 46 3 28016 0 46
598 28033 47 4 28080 0 47
848 28039 29 4 28110 42 71
727 28091 21 1 28132 20 41
74 28632 28 3 28660 0 28
572 28728 22 1 28750 0 22
17 28851 33 4 28884 0 33
825 28933 55 3 28988 0 55
259 29012 78 4 29090 0 78
504 29033 46 4 29137 58 104
73 29081 34 3 29171 56 90
195 29117 39 4 29211 55 94
152 29203 58 4 29270 9 67
580 29282 46 3 29328 0 46
2 29290 24 3 29353 39 63
673 29298 58 3 29411 55 113
214 29339 23 2 29435 73 96
876 29366 31 2 29466 69 100
672 29404 69 3 29535 62 131
906 29514 50 4 29586 22 72
532 29601 80 4 29681 0 80
999 29613 84 2 29766 69 153
446 29644 29 4 29795 122 151
267 29659 78 4 29873 136 214
49 29732 33 1 29907 142 175
93 29735 41 3 29948 172 213
484 29798 23 4 29971 150 173
690 30155 51 4 30206 0 51
647 30469 67 4 30536 0 67
683 30488 47 2 30584 49 96
739 30516 74 4 30658 68 142
730 30555 54 2 30713 104 158
187 30564 24 4 30737 149 173
153 30746 30 2 30776 0 30
526 30880 59 3 30939 0 59
408 30909 24 4 30964 31 55
810 31103 38 4 31141 0 38
696 31155 40 3 31195 0 40
329 31203 69 3 31272 0 69
758 31362 22 3 31384 0 22
781 31389 38 2 31427 0 38
733 31483 39 3 31522 0 39
550 31531 87 3 31618 0 87
173 31595 28 3 31647 24 52
32 31734 36 2 31770 0 36
789 31740 30 4 31801 31 61
931 31913 67 1 31980 0 67
744 31915 31 4 32012 66 97
964 32297 35 4 32332 0 35
715 32353 44 2 32397 0 44
39 32370 27 3 32425 28 55
854 32484 68 4 32552 0 68
407 32644 31 4 32675 0 31
308 32656 26 4 32702 20 46
858 32747 57 2 32804 0 57
995 32963 36 3 32999 0 36
824 32987 65 3 33065 13 78
797 32989 75 4 33140 76 151
403 32990 71 4 33211 150 221
114 33042 60 3 33272 170 230
884 33221 73 4 33346 52 125
441 33266 45 3 33391 80 125
879 33278 50 4 33442 114 164
631 33361 51 4 33493 81 132
785 33446 79 2 33573 48 127
314 33809 47 3 33856 0 47
439 33846 80 4 33937 11 91
903 33851 38 3 33975 86 124
205 33913 53 1 34029 63 116
935 33986 36 3 34066 44 80
880 34099 29 4 34128 0 29
374 34245 35 3 34280 0 35
298 34255 53 3 34334 26 79
246 34316 34 2 34369 19 53
35 34356 27 3 34397 14 41
604 34525 42 3 34567 0 42
641 34534 60 3 34628 34 94
612 34582 28 3 34657 47 75
249 34609 50 1 34707 48 98
138 34667 94 4 34802 41 135
637 34690 73 3 34875 112 185
282 34773 32 4 34908 103 135
65 34801 25 3 34933 107 132
842 34864 28 4 34961 69 97
285 34928 30 4 34992 34 64
373 34958 92 4 35084 34 126
103 35134 47 4 35181 0 47
378 35154 75 4 35257 28 103
687 35170 42 4 35299 87 129
414 35170 51 4 35350 129 180
770 35390 24 2 35414 0 24
323 35451 40 3 35491 0 40
926 35457 67 1 35559 35 102
224 35482 22 4 35581 77 99
24 35573 34 2 35616 9 43
208 35624 26 2 35650 0 26
266 35659 85 3 35744 0 85
929 35702 20 4 35765 43 63
281 35852 68 2 35920 0 68
112 35947 73 2 36020 0 73
420 36022 26 4 36048 0 26
533 36033 53 3 36102 16 69
875 36045 32 3 36134 57 89
818 36199 64 4 36263 0 64
66 36347 39 4 36386 0 39
979 36376 55 4 36442 11 66
956 36393 27 3 36470 50 77
790 36438 59 3 36529 32 91
512 36554 26 4 36580 0 26
83 36570 37 4 36618 11 48
409 36615 79 3 36698 4 83
428 36651 34 2 36733 48 82
549 36685 82 3 36815 48 130
782 36725 32 1 36848 91 123
118 36888 39 4 36927 0 39
835 37022 37 2 37059 0 37
210 37083 59 4 37142 0 59
681 37087 55 1 37198 56 111
232 37147 56 3 37255 52 108
244 37181 85 4 37340 74 159
747 37207 62 4 37403 134 196
786 37332 45 4 37448 71 116
667 37376 35 4 37484 73 108
712 37522 27 3 37549 0 27
787 37555 49 4 37604 0 49
140 37633 26 3 37659 0 26
454 37651 33 2 37693 9 42
346 37762 31 1 37793 0 31
396 37791 72 3 37866 3 75
988 37853 21 4 37888 14 35
485 37996 76 4 38072 0 76
644 38011 53 3 38126 62 115
242 38116 59 4 38186 11 70
487 38148 26 4 38213 39 65
332 38178 26 2 38239 35 61
822 38187 76 4 38315 52 128
923 38226 20 3 38336 90 110
924 38250 23 2 38359 86 109
902 38357 41 3 38401 3 44
553 38501 52 3 38553 0 52
977 38555 35 4 38590 0 35
351 38648 55 4 38703 0 55
251 38679 31 3 38735 25 56
510 38790 66 4 38856 0 66
181 39169 92 3 39261 0 92
98 39189 61 1 39323 73 134
350 39222 32 3 39355 101 133
953 39262 47 4 39402 93 140
982 39293 44 4 39447 110 154
312 39339 26 4 39473 108 134
585 39421 68 2 39542 53 121
122 39463 46 4 39588 79 125
58 39551 88 4 39677 38 126
497 39556 49 3 39726 121 170
688 39563 52 3 39778 163 215
123 39589 66 4 39844 189 255
793 39593 37 2 39882 252 289
136 39601 70 4 39952 281 351
468 39612 98 3 40050 340 438
499 39632 39 3 40089 418 457
666 39687 64 3 40153 402 466
850 39760 66 3 40219 393 459
740 39900 29 1 40249 320 349
305 39929 58 3 40307 320 378
760 40002 47 4 40354 305 352
142 40068 47 3 40401 286 333
811 40223 67 4 40469 179 246
338 40247 84 3 40553 222 306
622 40269 28 3 40581 284 312
451 40379 43 4 40624 202 245
444 40388 34 1 40658 236 270
256 40470 56 4 40715 189 245
262 40508 28 3 40743 207 235
322 40585 27 4 40770 158 185
523 40692 51 1 40822 79 130
885 40693 45 2 40867 129 174
102 40717 56 3 40923 150 206
839 40794 39 2 40963 130 169
888 40867 65 3 41028 96 161
158 41044 23 3 41067 0 23
247 41067 23 1 41091 1 24
38 41068 21 1 41112 23 44
779 41348 46 4 41394 0 46
143 41350 41 3 41436 45 86
937 41408 28 4 41465 29 57
918 41427 52 2 41517 38 90
165 41480 47 3 41565 38 85
415 41577 26 4 41603 0 26
932 41584 69 4 41673 20 89
69 41611 77 4 41751 63 140
128 41748 62 4 41814 4 66
363 41764 45 4 41860 51 96
520 41887 32 4 41919 0 32
783 41942 38 2 41980 0 38
190 42017 63 4 42080 0 63
394 42084 53 4 42137 0 53
111 42102 52 3 42190 36 88
983 42140 31 4 42222 51 82
728 42161 69 4 42291 61 130
219 42188 36 4 42327 103 139
751 42253 43 2 42371 75 118
310 42327 50 2 42421 44 94
344 42422 41 4 42463 0 41
238 42431 29 4 42493 33 62
226 42438 64 3 42557 55 119
467 42484 48 4 42606 74 122
77 42508 39 3 42645 98 137
498 42671 32 3 42703 0 32
182 42750 50 4 42800 0 50
356 42849 23 4 42872 0 23
849 42868 27 4 42900 5 32
613 42876 47 2 42948 25 72
840 42924 27 2 42976 25 52
459 42966 96 1 43073 11 107
597 43007 69 4 43143 67 136
814 43028 29 4 43172 115 144
686 43076 43 2 43216 97 140
274 43079 59 4 43275 137 196
665 43113 93 4 43368 162 255
425 43149 43 2 43411 219 262
980 43155 28 4 43439 256 284
469 43158 70 3 43509 281 351
421 43191 46 4 43556 319 365
131 43590 61 2 43651 0 61
465 43622 27 4 43679 30 57
318 43700 74 1 43774 0 74
778 43750 32 4 43807 25 57
882 43762 26 1 43833 45 71
784 43794 28 3 43862 40 68
735 43809 65 3 43927 53 118
567 43826 22 3 43949 101 123
548 43829 31 2 43980 120 151
946 43834 36 1 44016 146 182
539 43848 74 3 44091 169 243
386 43894 22 2 44113 197 219
253 44220 21 3 44241 0 21
905 44358 35 4 44393 0 35
404 44384 63 2 44457 10 73
993 44460 42 4 44502 0 42
265 44500 21 3 44524 3 24
220 44526 70 4 44596 0 70
541 44578 48 3 44645 19 67
574 44599 55 2 44701 47 102
167 44630 52 3 44753 71 123
336 44676 59 4 44813 78 137
472 44744 78 1 44891 69 147
584 44762 39 3 44931 130 169
971 44801 42 3 44973 130 172
14 44823 60 1 45033 150 210
669 44836 35 3 45068 197 232
197 44845 23 4 45091 223 246
301 44858 68 2 45159 233 301
71 44909 30 3 45190 251 281
263 44910 29 4 45219 280 309
753 44944 31 2 45250 275 306
695 44971 35 3 45285 279 314
345 45190 30 2 45316 96 126
132 45200 45 2 45361 116 161
218 45207 39 4 45400 154 193
725 45360 34 3 45435 41 75
466 45405 58 3 45494 31 89
245 45438 89 4 45584 57 146
834 45470 51 3 45635 114 165
815 45495 26 4 45661 140 166
985 45524 52 2 45714 138 190
542 45591 22 2 45736 123 145
59 45637 47 4 45783 99 146
639 45706 72 4 45856 78 150
633 45778 35 4 45891 78 113
628 45846 51 3 45943 46 97
70 45873 53 4 45996 70 123
470 45909 32 3 46029 88 120
1 45954 62 2 46091 75 137
309 46044 27 3 46119 48 75
817 46198 30 4 46228 0 30
619 46243 24 4 46267 0 24
389 46359 45 2 46404 0 45
900 46367 56 1 46461 38 94
184 46388 25 4 46486 73 98
339 46396 24 4 46510 90 114
895 46399 25 3 46535 111 136
381 46451 37 3 46573 85 122
464 46676 45 4 46721 0 45
593 46697 60 2 46782 25 85
371 46698 25 3 46807 84 109
563 46714 50 4 46857 93 143
682 46729 49 4 46907 129 178
717 46782 31 4 46938 125 156
44 46837 79 3 47017 101 180
625 46930 42 3 47060 88 130
528 46987 23 2 47083 73 96
947 47005 51 2 47134 78 129
501 47027 78 3 47213 108 186
950 47046 42 4 47255 167 209
90 47108 40 2 47295 147 187
198 47113 30 4 47325 182 212
616 47117 57 3 47382 208 265
645 47212 25 4 47408 171 196
171 47228 49 2 47457 180 229
170 47247 44 3 47501 210 254
27 47305 62 2 47563 196 258
883 47356 40 2 47603 207 247
830 47361 38 2 47641 242 280
243 47399 23 4 47665 243 266
18 47472 70 3 47735 193 263
164 47510 52 4 47787 225 277
940 47554 43 2 47830 233 276
397 47566 32 1 47862 264 296
610 47601 23 4 47885 261 284
626 47608 33 3 47918 277 310
554 47632 62 4 47980 286 348
489 47651 32 4 48013 330 362
806 47761 28 1 48041 252 280
393 47877 58 3 48099 164 222
689 47885 20 2 48119 214 234
646 47934 77 3 48196 185 262
491 47972 53 4 48249 224 277
796 47972 21 4 48270 277 298
741 47983 68 3 48339 288 356
605 48023 41 3 48380 316 357
726 48056 61 1 48441 324 385
228 48089 62 4 48503 352 414
776 48090 49 1 48552 413 462
392 48091 61 3 48613 461 522
412 48117 51 4 48664 496 547
422 48119 27 4 48691 545 572
25 48120 30 3 48721 571 601
948 48120 51 2 48772 601 652
163 48146 89 4 48861 626 715
513 48244 56 4 48917 617 673
731 48314 52 4 48970 604 656
367 48449 45 4 49015 521 566
942 48524 50 4 49065 491 541
694 48562 94 2 49159 503 597
347 48578 32 4 49191 581 613
337 48627 89 4 49280 564 653
460 48659 75 3 49355 621 696
693 48669 30 4 49385 686 716
959 48690 77 4 49462 695 772
217 48743 60 3 49522 719 779
52 48857 26 4 49548 665 691
10 49035 61 4 49610 514 575
440 49070 31 3 49641 540 571
150 49162 69 4 49710 479 548
621 49176 72 2 49782 534 606
458 49177 43 4 49825 605 648
203 49205 63 3 49888 620 683
670 49215 37 2 49925 673 710
453 49263 38 3 49963 662 700
668 49319 39 3 50002 644 683
761 49357 28 3 50030 645 673
234 49368 26 4 50056 662 688
476 49372 25 3 50081 684 709
569 49377 38 3 50119 704 742
456 49456 53 2 50172 663 716
773 49468 35 3 50207 704 739
987 49500 46 1 50253 707 753
385 49603 29 1 50283 651 680
91 49647 93 4 50376 636 729
679 49691 66 2 50442 685 751
135 49718 21 3 50463 724 745
651 49750 47 1 50510 713 760
745 50010 50 3 50560 500 550
916 50047 47 3 50607 513 560
333 50090 41 4 50648 517 558
743 50182 70 4 50718 466 536
788 50191 33 2 50751 527 560
22 50197 29 3 50780 554 583
268 50383 38 4 50819 398 436
427 50540 88 4 50907 279 367
233 50552 71 4 50978 355 426
60 50607 35 4 51013 371 406
449 50648 20 2 51033 365 385
514 50667 29 4 51062 366 395
257 50669 26 4 51088 393 419
120 50688 26 1 51114 400 426
860 50763 32 4 51146 351 383
958 51005 51 4 51198 142 193
724 51009 50 3 51248 189 239
685 51058 43 3 51291 190 233
552 51109 43 2 51334 182 225
390 51119 29 1 51363 215 244
927 51203 88 1 51452 161 249
709 51209 52 4 51504 243 295
376 51378 63 4 51568 127 190
662 51534 44 3 51613 35 79
92 51608 30 4 51644 6 36
211 51654 72 1 51726 0 72
364 51714 35 4 51762 13 48
909 51721 49 2 51811 41 90
193 51789 24 4 51836 23 47
192 51825 38 4 51875 12 50
382 51867 43 1 51919 9 52
674 51896 66 3 51986 24 90
225 52081 66 4 52147 0 66
898 52172 51 4 52223 0 51
802 52174 45 3 52269 50 95
871 52219 28 3 52297 50 78
896 52238 68 3 52366 60 128
525 52389 36 3 52425 0 36
359 52395 32 4 52458 31 63
343 52411 42 4 52500 47 89
544 52436 26 3 52527 65 91
509 52502 59 2 52587 26 85
33 52533 37 2 52625 55 92
352 52551 25 3 52650 74 99
235 52559 25 1 52675 91 116
827 52585 77 2 52752 90 167
89 52645 37 1 52790 108 145
634 52681 38 4 52828 109 147
866 52699 70 4 52898 129 199
774 52749 24 3 52922 149 173
630 52766 56 2 52979 157 213
558 52801 31 4 53010 178 209
41 52819 22 4 53032 191 213
276 52848 28 4 53060 184 212
812 52886 71 4 53131 174 245
891 52919 28 2 53159 212 240
303 52956 54 3 53214 204 258
951 53009 32 3 53246 205 237
991 53023 76 3 53322 223 299
566 53045 24 3 53346 277 301
575 53154 22 3 53368 192 214
746 53251 21 4 53390 118 139
358 53310 21 4 53411 80 101
28 53355 33 4 53444 56 89
306 53357 30 4 53474 87 117
475 53650 28 1 53678 0 28
680 53653 50 3 53729 26 76
729 53676 46 4 53775 53 99
799 53677 58 3 53833 98 156
608 53680 47 4 53881 154 201
757 53837 51 4 53933 45 96
765 53909 83 2 54017 25 108
411 53937 51 3 54069 81 132
486 54011 41 4 54110 58 99
42 54075 25 3 54136 36 61
239 54148 22 1 54170 0 22
353 54193 47 4 54240 0 47
413 54205 58 4 54299 36 94
291 54254 75 1 54375 46 121
658 54264 20 4 54395 111 131
620 54269 23 4 54418 126 149
596 54318 24 4 54443 101 125
638 54353 32 4 54475 90 122
636 54495 39 1 54534 0 39
442 54588 39 1 54627 0 39
939 54618 74 4 54702 10 84
113 54667 27 2 54730 36 63
67 54702 46 3 54776 28 74
482 54752 28 1 54805 25 53
391 54857 32 3 54889 0 32
752 54908 24 3 54932 0 24
853 54926 22 1 54955 7 29
78 54943 46 1 55002 13 59
704 54991 32 3 55035 12 44
254 55015 94 4 55130 21 115
275 55059 40 2 55171 72 112
535 55107 56 4 55227 64 120
934 55149 42 3 55270 79 121
63 55201 20 3 55290 69 89
488 55263 70 2 55361 28 98
294 55301 35 4 55397 61 96
714 55311 35 2 55432 86 121
692 55375 36 4 55469 58 94
976 55406 22 4 55491 63 85
48 55418 30 1 55521 73 103
540 55422 29 2 55550 99 128
176 55450 40 4 55591 101 141
845 55520 41 4 55632 71 112
201 55563 83 2 55716 70 153
527 55571 23 2 55739 145 168
856 55724 22 1 55762 16 38
969 55904 33 2 55937 0 33
832 55961 44 3 56005 0 44
349 56006 34 2 56040 0 34
564 56101 33 4 56134 0 33
998 56152 38 4 56190 0 38
194 56168 40 2 56231 23 63
777 56213 94 4 56326 19 113
478 56262 39 4 56366 65 104
241 56299 31 4 56397 67 98
117 56305 74 3 56471 92 166
759 56444 60 4 56532 28 88
851 56466 44 3 56576 66 110
108 56505 45 4 56622 72 117
968 56510 40 4 56662 112 152
831 56527 84 1 56746 135 219
434 56544 41 4 56787 202 243
326 56581 36 3 56824 207 243
180 56651 22 1 56846 173 195
212 56727 63 4 56909 119 182
43 56729 63 4 56972 180 243
416 56746 91 2 57063 226 317
908 56806 22 4 57086 258 280
95 56823 70 4 57156 263 333
189 56907 54 3 57210 249 303
592 56942 56 4 57266 268 324
576 57044 78 4 57344 222 300
304 57071 43 3 57388 274 317
560 57074 41 4 57429 314 355
867 57093 74 4 57503 336 410
664 57243 24 3 57527 260 284
125 57257 28 4 57555 270 298
949 57315 21 4 57576 240 261
320 57317 20 4 57596 259 279
360 57357 41 4 57638 240 281
530 57439 75 3 57713 199 274
820 57669 44 2 57758 45 89
506 57703 38 4 57796 55 93
713 57763 37 4 57834 34 71
325 57853 43 3 57896 0 43
901 57888 54 2 57951 9 63
579 57915 28 2 57980 37 65
803 57918 74 3 58054 62 136
565 57959 33 3 58088 96 129
387 57982 68 2 58156 106 174
938 57990 30 3 58186 166 196
94 58009 54 4 58240 177 231
100 58054 55 3 58295 186 241
80 58105 41 4 58337 191 232
334 58149 40 3 58377 188 228
522 58205 73 4 58450 172 245
15 58300 48 3 58499 151 199
911 58364 38 4 58537 135 173
174 58375 75 3 58612 162 237
981 58383 30 4 58642 229 259
801 58433 64 4 58706 209 273
395 58462 31 4 58738 245 276
260 58643 93 2 58831 95 188
160 58681 45 3 58876 150 195
61 58726 40 2 58917 151 191
209 58833 87 2 59004 84 171
805 58883 97 3 59102 122 219
502 58919 41 4 59143 183 224
134 58921 41 4 59184 222 263
296 59092 50 3 59235 93 143
635 59099 65 1 59300 136 201
321 59100 29 4 59329 200 229
248 59186 63 4 59393 144 207
82 59326 95 3 59488 67 162
144 59402 73 4 59562 87 160
862 59414 25 4 59587 148 173
293 59468 26 4 59613 119 145
970 59489 48 2 59661 124 172
431 59605 32 2 59694 57 89
609 59616 22 3 59716 78 100
531 59673 35 4 59752 44 79
887 59677 27 4 59779 75 102
29 59721 60 1 59840 59 119
594 59793 28 4 59869 48 76
960 59814 37 4 59906 55 92
471 59824 60 2 59966 82 142
448 59896 29 2 59996 71 100
106 59920 82 1 60078 76 158
85 59923 21 2 60099 155 176
978 59936 28 2 60127 163 191
227 60024 37 4 60165 104 141
914 60035 61 1 60226 130 191
3 60063 27 2 60253 163 190
272 60245 42 3 60296 9 51
915 60343 55 3 60398 0 55
369 60409 33 2 60442 0 33
952 60434 74 4 60517 9 83
780 60441 59 2 60576 76 135
438 60442 39 3 60615 134 173
590 60525 32 4 60648 91 123
941 60630 51 2 60700 19 70
299 60672 67 4 60768 29 96
577 60672 40 2 60808 96 136
705 60696 55 3 60863 112 167
141 60763 51 1 60915 101 152
146 60767 50 4 60965 148 198
20 60791 43 4 61008 174 217
490 60842 87 1 61095 166 253
423 60867 81 4 61177 229 310
551 60890 36 3 61213 287 323
703 60947 57 3 61270 266 323
116 60981 43 3 61313 289 332
836 61063 27 3 61340 250 277
963 61071 31 1 61371 269 300
354 61075 66 1 61437 296 362
365 61082 25 4 61462 355 380
649 61348 21 2 61484 115 136
240 61505 39 4 61544 0 39
515 61510 27 3 61572 35 62
327 61557 29 2 61602 16 45
965 61589 38 4 61641 14 52
617 61636 94 4 61736 6 100
230 61696 28 2 61765 41 69
534 61741 57 4 61823 25 82
660 61846 29 1 61875 0 29
736 61899 56 3 61955 0 56
865 61919 87 1 62043 37 124
737 61955 88 4 62131 88 176
432 61972 36 4 62168 160 196
87 61973 24 1 62192 195 219
443 62193 49 3 62242 0 49
925 62196 35 3 62278 47 82
410 62218 61 4 62339 60 121
56 62259 22 3 62362 81 103
185 62356 59 3 62422 7 66
258 62362 75 4 62497 60 135
511 62708 31 4 62739 0 31
483 62879 38 1 62917 0 38
68 62937 54 3 62991 0 54
127 62937 32 4 63023 54 86
529 63032 51 2 63083 0 51
655 63140 48 1 63188 0 48
559 63203 68 2 63271 0 68
191 63229 25 2 63297 43 68
962 63303 21 2 63324 0 21
126 63400 29 4 63429 0 29
162 63418 30 4 63460 12 42
857 63487 44 1 63531 0 44
46 63491 28 3 63560 41 69
480 63492 65 3 63625 68 133
37 63513 66 3 63691 112 178
492 63559 41 3 63733 133 174
503 63637 21 2 63754 96 117
847 63800 83 2 63883 0 83
826 63811 45 4 63929 73 118
12 63824 28 4 63957 105 133
829 63890 54 3 64012 68 122
508 63905 22 3 64034 107 129
348 63919 22 4 64056 115 137
137 63985 34 4 64091 72 106
402 64026 22 2 64113 65 87
697 64082 24 4 64138 32 56
516 64094 76 2 64214 44 120
618 64172 68 2 64283 43 111
975 64291 51 2 64342 0 51
200 64404 78 3 64482 0 78
398 64549 53 3 64602 0 53
691 64551 23 4 64626 52 75
88 64719 59 3 64778 0 59
40 64754 36 4 64815 25 61
766 64765 56 2 64871 50 106
868 64789 25 2 64897 83 108
545 64834 52 3 64949 63 115
6 64909 66 4 65016 41 107
288 64918 31 4 65047 98 129
874 64927 38 2 65085 120 158
86 64937 31 4 65116 148 179
794 64959 59 1 65176 158 217
661 64987 53 3 65229 189 242
157 65093 34 3 65263 136 170
473 65149 22 1 65286 115 137
36 65216 21 4 65307 70 91
643 65243 39 3 65346 64 103
307 65400 41 2 65441 0 41
493 65416 67 3 65509 26 93
518 65417 31 4 65540 92 123
823 65418 32 3 65572 122 154
890 65436 25 3 65597 136 161
881 65570 40 4 65638 28 68
583 65641 48 2 65689 0 48
718 65673 78 3 65768 17 95
199 65740 70 2 65839 29 99
290 65822 21 4 65861 18 39
377 65907 46 2 65953 0 46
764 66035 67 4 66102 0 67
147 66095 65 2 66168 8 73
313 66249 65 4 66314 0 65
159 66602 71 2 66673 0 71
568 66643 40 4 66714 31 71
642 66651 22 1 66736 63 85
292 66688 68 4 66805 49 117
894 66692 48 4 66853 113 161
341 66733 73 3 66926 120 193
723 66804 86 2 67013 123 209
719 66833 71 2 67084 180 251
148 66895 36 3 67120 189 225
340 66949 24 3 67145 172 196
54 67003 37 3 67182 142 179
186 67045 75 3 67257 137 212
749 67064 33 3 67290 193 226
101 67075 51 2 67341 215 266
843 67152 50 3 67392 190 240
316 67163 84 2 67476 229 313
910 67298 38 2 67514 178 216
600 67301 67 4 67581 213 280
537 67320 26 4 67607 261 287
115 67386 59 1 67667 222 281
437 67493 62 3 67729 174 236
295 67704 37 2 67767 26 63
734 67742 54 4 67822 26 80
328 67816 39 3 67862 7 46
573 67825 29 2 67892 38 67
237 67888 23 3 67916 5 28
452 68091 22 4 68113 0 22
289 68168 92 4 68260 0 92
706 68186 43 3 68304 75 118
21 68338 21 3 68359 0 21
656 68449 29 3 68478 0 29
992 68457 30 4 68509 22 52
997 68606 22 2 68628 0 22
922 68721 63 3 68784 0 63
72 68748 29 4 68814 37 66
261 68925 67 4 68992 0 67
907 69001 57 4 69058 0 57
179 69146 33 3 69179 0 33
64 69169 52 4 69232 11 63
557 69246 41 1 69287 0 41
809 69289 21 2 69310 0 21
702 69435 54 4 69489 0 54
676 69606 31 3 69637 0 31
716 69619 52 4 69690 19 71
283 69729 64 4 69793 0 64
105 69786 26 2 69820 8 34
828 70040 25 3 70065 0 25
833 70238 38 3 70276 0 38
578 70356 35 3 70391 0 35
109 70480 70 3 70550 0 70
792 70500 60 1 70611 51 111
166 70586 57 4 70669 26 83
507 70669 57 4 70727 1 58
9 70671 22 4 70750 57 79
627 70710 46 3 70796 40 86
821 70744 20 1 70817 53 73
206 70762 41 4 70858 55 96
419 70824 23 2 70882 35 58
589 70864 73 3 70956 19 92
772 70910 32 3 70989 47 79
892 70926 26 2 71015 63 89
75 71133 48 4 71181 0 48
844 71140 33 3 71215 42 75
145 71395 24 4 71419 0 24
223 71578 55 3 71633 0 55
897 71578 48 4 71681 55 103
84 71731 60 4 71791 0 60
607 71816 22 3 71838 0 22
494 71822 68 1 71907 17 85
445 71894 49 4 71957 14 63
215 71916 49 2 72007 42 91
97 72066 62 3 72128 0 62
640 72235 55 4 72290 0 55
678 72294 74 3 72368 0 74
750 72311 28 4 72397 58 86
657 72666 28 3 72694 0 28
852 72674 67 4 72762 21 88
538 72681 53 3 72815 81 134
763 72776 27 4 72843 40 67
216 72881 33 4 72914 0 33
571 72910 61 2 72976 5 66
13 73035 37 4 73072 0 37
368 73117 73 4 73190 0 73
400 73120 46 4 73237 71 117
273 73272 64 2 73336 0 64
771 73381 62 3 73443 0 62
872 73473 33 4 73506 0 33
701 73512 30 3 73542 0 30
57 73568 34 4 73602 0 34
721 73670 56 3 73726 0 56
8 73691 36 4 73763 36 72
279 73758 49 3 73813 6 55
297 73906 35 3 73941 0 35
974 73967 23 4 73990 0 23
250 74104 48 4 74152 0 48
521 74145 49 4 74202 8 57
324 74335 21 4 74356 0 21
581 74432 49 3 74481 0 49
989 74496 21 3 74517 0 21
55 74559 63 4 74622 0 63
236 74867 66 3 74933 0 66
841 74871 58 4 74992 63 121
154 74908 54 4 75046 84 138
156 74993 43 4 75090 54 97
457 75050 25 4 75116 41 66
889 75100 55 1 75172 17 72
121 75110 26 2 75198 62 88
81 75303 61 3 75364 0 61
342 75381 21 1 75402 0 21
919 75759 21 2 75780 0 21
11 75771 62 4 75843 10 72
742 75771 37 4 75880 72 109
330 75844 52 4 75933 37 89
447 75889 25 3 75959 45 70
362 76038 22 2 76060 0 22
798 76238 27 4 76265 0 27
756 76305 51 4 76356 0 51
429 76645 58 4 76703 0 58
653 76695 46 4 76750 9 55
99 76714 41 4 76792 37 78
986 76811 42 2 76853 0 42
837 76921 28 2 76949 0 28
591 77021 39 3 77060 0 39
26 77290 55 4 77345 0 55
51 77345 62 4 77408 1 63
954 77391 41 2 77450 18 59
944 77412 34 3 77485 39 73
110 77614 28 4 77642 0 28
183 78144 37 3 78181 0 37
816 78258 23 4 78281 0 23
204 78339 78 4 78417 0 78
177 78532 52 2 78584 0 52
357 79071 46 3 79117 0 46
601 79127 41 4 79168 0 41
379 79398 78 4 79476 0 78
807 79567 75 2 79642 0 75
45 79678 39 4 79717 0 39
383 80378 74 3 80452 0 74
317 80488 22 3 80510 0 22
808 80499 80 2 80591 12 92
461 80781 22 3 80803 0 22
129 80923 27 3 80950 0 27
30 80983 82 3 81065 0 82
930 81145 24 3 81169 0 24
629 81152 54 3 81224 18 72
399 81199 52 2 81277 26 78
599 81238 34 4 81312 40 74
547 82210 40 4 82250 0 40
361 82647 28 4 82675 0 28
561 82833 30 4 82863 0 30
870 83013 49 4 83062 0 49
311 83132 44 3 83176 0 44
62 83167 70 4 83247 10 80
791 83247 37 3 83285 1 38
424 83391 76 4 83467 0 76
479 83510 60 2 83570 0 60
813 83629 40 4 83669 0 40
202 83749 58 4 83807 0 58
650 83965 23 4 83988 0 23
536 83969 21 3 84010 20 41
315 83998 76 3 84087 13 89
920 84489 32 1 84521 0 32
280 84666 26 2 84692 0 26
277 84728 42 3 84770 0 42
795 84794 42 3 84836 0 42
762 84901 59 4 84960 0 59
139 85121 37 2 85158 0 37
606 85170 42 3 85212 0 42
287 85687 67 1 85754 0 67
663 85833 34 2 85867 0 34
546 85949 83 2 86032 0 83
878 86449 77 4 86526 0 77
188 86594 58 4 86652 0 58
556 86838 26 3 86864 0 26
586 87110 92 4 87202 0 92
972 87169 24 2 87227 34 58
769 87875 66 4 87941 0 66
990 87969 21 4 87990 0 21
614 88010 39 1 88049 0 39
319 88102 52 4 88154 0 52
264 88397 23 2 88420 0 23
5 88500 71 2 88571 0 71
711 88977 25 4 89002 0 25
450 89207 25 2 89232 0 25
722 89287 40 4 89327 0 40
355 89419 29 4 89448 0 29
155 89657 20 4 89677 0 20
886 90032 57 4 90089 0 57
684 90689 41 2 90730 0 41
462 91990 36 3 92026 0 36
859 92057 81 2 92138 0 81
933 93044 65 4 93109 0 65
973 93156 83 1 93239 0 83
169 93887 38 3 93925 0 38
370 94161 54 1 94215 0 54
738 94838 35 1 94873 0 35
748 95009 43 4 95052 0 43
388 95486 27 4 95513 0 27
524 96101 21 2 96122 0 21
877 97270 45 3 97315 0 45
474 97393 51 2 97444 0 51
284 99671 90 4 99761 0 90
23 100000 56 4 100056 0 56
754 100000 67 4 100123 56 123
477 100000 43 3 100166 123 166
496 100000 28 4 100194 166 194
957 100000 55 2 100249 194 249
