100422 1000 1259 1199
580 0 51 2 51 0 51
481 0 55 3 106 51 106
577 0 56 3 162 106 162
114 0 64 4 226 162 226
780 0 72 4 298 226 298
947 0 100 2 398 298 398
308 1388 45 1 1433 0 45
747 2326 63 2 2389 0 63
71 2742 53 4 2795 0 53
844 3017 75 3 3092 0 75
269 3428 60 4 3488 0 60
753 4876 100 4 4976 0 100
627 5598 60 4 5658 0 60
300 7616 71 3 7687 0 71
149 7931 72 4 8003 0 72
467 8036 50 2 8086 0 50
839 8815 53 4 8868 0 53
991 8911 38 3 8949 0 38
767 8977 80 4 9057 0 80
678 9296 79 3 9375 0 79
287 9646 52 4 9698 0 52
999 10374 64 4 10438 0 64
899 10949 50 4 10999 0 50
487 11431 78 4 11509 0 78
407 11559 80 3 11639 0 80
203 12015 36 2 12051 0 36
671 11940 86 1 12062 36 122
220 12163 75 3 12238 0 75
373 12253 80 3 12333 0 80
488 12352 36 3 12388 0 36
403 12249 87 4 12452 116 203
957 12555 65 2 12620 0 65
565 12528 74 2 12667 65 139
416 13033 61 4 13094 0 61
695 12976 64 1 13101 61 125
143 13266 75 4 13341 0 75
611 13853 32 3 13885 0 32
36 14059 42 3 14101 0 42
259 14123 65 3 14188 0 65
388 14431 67 2 14498 0 67
907 14695 66 2 14761 0 66
895 14992 79 1 15071 0 79
550 15087 82 2 15169 0 82
813 15175 75 2 15250 0 75
69 15332 69 4 15401 0 69
842 15575 41 4 15616 0 41
460 15727 64 2 15791 0 64
633 15906 77 4 15983 0 77
805 16032 77 2 16109 0 77
265 16492 61 2 16553 0 61
305 16950 55 3 17005 0 55
397 17062 69 4 17131 0 69
59 17141 41 4 17182 0 41
246 16934 84 2 17183 165 249
872 17189 77 4 17266 0 77
775 17283 91 4 17374 0 91
227 17658 67 3 17725 0 67
968 17943 48 4 17991 0 48
274 17886 58 1 17992 48 106
154 17917 90 2 18082 75 165
528 18646 48 4 18694 0 48
208 18788 55 4 18843 0 55
726 18730 60 3 18845 55 115
637 18610 100 3 18873 163 263
219 18904 60 4 18964 0 60
283 19105 50 3 19155 0 50
255 19256 32 3 19288 0 32
703 19432 86 2 19518 0 86
495 19735 73 4 19808 0 73
803 19957 64 2 20021 0 64
642 20055 66 4 20121 0 66
911 20169 52 3 20221 0 52
559 20159 71 3 20282 52 123
618 20261 72 3 20354 21 93
689 19954 76 4 20355 325 401
990 20387 66 4 20453 0 66
535 20489 56 4 20545 0 56
389 20427 67 3 20576 82 149
453 20580 71 4 20651 0 71
856 20713 64 4 20777 0 64
131 20996 44 3 21040 0 44
808 21178 35 4 21213 0 35
20 21230 47 1 21277 0 47
727 21416 51 4 21467 0 51
700 21521 47 3 21568 0 47
745 21746 81 4 21827 0 81
107 21918 64 4 21982 0 64
846 21911 66 4 22041 64 130
713 22063 60 4 22123 0 60
342 22033 71 3 22172 68 139
159 22275 74 4 22349 0 74
620 22353 58 4 22411 0 58
48 22589 53 2 22642 0 53
766 22667 59 4 22726 0 59
103 22747 59 2 22806 0 59
507 22580 61 2 22812 171 232
51 22855 45 3 22900 0 45
184 22655 67 1 22924 202 269
497 23048 46 3 23094 0 46
784 23028 62 4 23136 46 108
738 23256 54 2 23310 0 54
737 23340 48 3 23388 0 48
915 23327 57 1 23432 48 105
820 23616 63 3 23679 0 63
181 23809 60 4 23869 0 60
789 23969 78 4 24047 0 78
657 24266 62 1 24328 0 62
557 24369 30 2 24399 0 30
310 24423 59 1 24482 0 59
604 24944 22 1 24966 0 22
966 24922 51 3 24995 22 73
824 24891 86 2 25050 73 159
312 25198 55 3 25253 0 55
498 25331 70 3 25401 0 70
928 25241 78 3 25401 82 160
150 25501 71 3 25572 0 71
929 25620 53 3 25673 0 53
896 25749 78 4 25827 0 78
763 26054 45 4 26099 0 45
77 26194 54 4 26248 0 54
822 26255 46 4 26301 0 46
165 26279 48 4 26349 22 70
680 26443 57 1 26500 0 57
384 26426 64 1 26547 57 121
141 26658 48 2 26706 0 48
450 26993 65 2 27058 0 65
239 27197 81 2 27278 0 81
337 27379 68 3 27447 0 68
119 27648 52 1 27700 0 52
170 27718 56 3 27774 0 56
829 27818 49 4 27867 0 49
157 27727 58 4 27881 96 154
276 28063 49 4 28112 0 49
241 27995 73 4 28117 49 122
677 28166 45 2 28211 0 45
956 28291 62 4 28353 0 62
749 28406 41 4 28447 0 41
949 28554 62 4 28616 0 62
401 28619 34 4 28653 0 34
908 28623 65 4 28718 30 95
64 28822 58 2 28880 0 58
175 28888 62 4 28950 0 62
164 28753 87 4 28960 120 207
19 28983 64 2 29047 0 64
9 29166 57 1 29223 0 57
912 29243 61 2 29304 0 61
381 29493 51 4 29544 0 51
134 29510 62 4 29606 34 96
147 29423 71 1 29607 113 184
171 29501 87 4 29694 106 193
524 29361 97 1 29729 271 368
972 29973 57 3 30030 0 57
391 30057 30 3 30087 0 30
54 30067 62 2 30149 20 82
694 30101 90 4 30239 48 138
774 30344 36 2 30380 0 36
629 30308 65 4 30409 36 101
104 30462 46 3 30508 0 46
195 30529 82 3 30611 0 82
573 30959 48 2 31007 0 48
876 31091 56 4 31147 0 56
734 31050 59 4 31165 56 115
338 31187 63 3 31250 0 63
843 31257 46 2 31303 0 46
511 31168 68 2 31345 109 177
600 31170 87 2 31432 175 262
998 31455 46 4 31501 0 46
431 31554 25 1 31579 0 25
336 31531 79 3 31635 25 104
223 31761 70 4 31831 0 70
510 31970 53 3 32023 0 53
667 32132 46 3 32178 0 46
837 32092 55 4 32193 46 101
494 32208 66 4 32274 0 66
602 32333 36 2 32369 0 36
733 32265 68 4 32378 45 113
532 32034 89 3 32394 271 360
257 32476 40 2 32516 0 40
608 32287 98 3 32532 147 245
519 32581 45 4 32626 0 45
855 32647 41 2 32688 0 41
950 32572 50 4 32708 86 136
120 32766 65 4 32831 0 65
395 32896 31 3 32927 0 31
556 32810 78 2 32940 52 130
769 32990 56 3 33046 0 56
385 33122 60 3 33182 0 60
252 33131 71 4 33253 51 122
937 33073 80 3 33284 131 211
22 33372 68 3 33440 0 68
730 33512 83 4 33595 0 83
484 33699 50 2 33749 0 50
309 33626 77 3 33753 50 127
238 33757 58 4 33815 0 58
619 33996 58 4 34054 0 58
295 33984 68 3 34110 58 126
228 33938 74 3 34138 126 200
72 34150 69 3 34219 0 69
84 34218 81 3 34300 1 82
209 34431 55 2 34486 0 55
289 34381 62 4 34498 55 117
43 34480 68 4 34566 18 86
563 34609 78 4 34687 0 78
225 34504 81 2 34725 140 221
640 34772 45 4 34817 0 45
552 34741 64 4 34850 45 109
969 34921 35 4 34956 0 35
748 34855 73 4 34963 35 108
500 35054 70 3 35124 0 70
67 35036 72 2 35178 70 142
499 34786 84 4 35184 314 398
245 35204 64 1 35268 0 64
459 34337 87 2 35275 851 938
885 35336 54 4 35390 0 54
420 35378 69 2 35459 12 81
96 35511 45 2 35556 0 45
551 35583 70 2 35653 0 70
806 35340 91 3 35665 234 325
288 35702 60 1 35762 0 60
622 35807 36 1 35843 0 36
4 35844 73 4 35917 0 73
756 36028 46 2 36074 0 46
863 36019 53 1 36118 46 99
311 36121 52 1 36173 0 52
831 36191 60 4 36251 0 60
86 36307 47 4 36354 0 47
199 36284 59 1 36390 47 106
589 36379 63 4 36453 11 74
423 36497 56 4 36553 0 56
458 36356 68 2 36577 153 221
659 36258 71 4 36622 293 364
961 36656 33 3 36689 0 33
3 36652 70 3 36755 33 103
660 36764 30 4 36794 0 30
575 36794 55 4 36849 0 55
34 36785 59 1 36908 64 123
515 36282 74 4 36943 587 661
751 36958 57 4 37015 0 57
723 36293 76 3 37076 707 783
975 37080 34 4 37114 0 34
100 37156 32 4 37188 0 32
249 37119 46 4 37197 32 78
542 36604 79 4 37267 584 663
965 37324 61 4 37385 0 61
512 37135 82 2 37410 193 275
89 37425 40 2 37465 0 40
130 37584 45 1 37629 0 45
834 37671 64 3 37735 0 64
38 37831 46 3 37877 0 46
193 37792 52 3 37890 46 98
330 37906 47 4 37953 0 47
538 37860 55 4 37992 77 132
832 37717 72 1 38007 218 290
857 37595 77 1 38042 370 447
924 38104 48 4 38152 0 48
2 37720 78 3 38168 370 448
599 38201 33 4 38234 0 33
564 38274 57 1 38331 0 57
390 38359 58 3 38417 0 58
567 38423 52 2 38475 0 52
739 38414 71 4 38540 55 126
783 38227 79 3 38551 245 324
649 37789 84 3 38602 729 813
343 38611 62 3 38673 0 62
457 37640 86 4 38750 1024 1110
235 38828 48 2 38876 0 48
936 38295 89 3 38887 503 592
351 39073 64 4 39137 0 64
328 39155 64 2 39219 0 64
664 39264 60 3 39324 0 60
585 39092 74 2 39335 169 243
754 39366 32 4 39398 0 32
819 39376 44 2 39442 22 66
260 39487 36 1 39523 0 36
192 39569 76 4 39645 0 76
52 39468 76 1 39656 112 188
523 39688 55 3 39743 0 55
73 39813 58 3 39871 0 58
58 39928 50 4 39978 0 50
15 39852 59 1 39980 69 128
673 39981 48 4 40029 0 48
475 40071 59 4 40130 0 59
16 39896 61 4 40148 191 252
27 39745 72 1 40152 335 407
815 39746 96 1 40248 406 502
70 40256 67 4 40323 0 67
982 40351 38 3 40389 0 38
83 40609 27 3 40636 0 27
795 40565 80 3 40672 27 107
514 40508 81 4 40696 107 188
284 40590 83 3 40779 106 189
398 40817 30 4 40847 0 30
413 40831 45 4 40892 16 61
263 40923 48 2 40971 0 48
880 40860 48 1 40988 80 128
352 40866 51 4 41039 122 173
347 40792 60 1 41074 222 282
696 40943 62 4 41136 131 193
520 41173 44 3 41217 0 44
339 41242 49 3 41291 0 49
425 41304 44 2 41348 0 44
655 41206 62 2 41372 104 166
451 40970 63 4 41398 365 428
761 41463 51 1 41514 0 51
222 41538 51 4 41589 0 51
76 41445 54 4 41601 102 156
847 41399 59 3 41614 156 215
743 41627 39 4 41666 0 39
736 41671 55 4 41726 0 55
989 41803 49 4 41852 0 49
826 41771 50 2 41870 49 99
810 41923 41 3 41964 0 41
363 41897 48 3 41986 41 89
491 41798 56 4 42015 161 217
934 41774 56 2 42071 241 297
951 41173 64 1 42071 834 898
82 42122 52 2 42174 0 52
226 42181 42 2 42223 0 42
28 42206 49 4 42272 17 66
455 42337 40 2 42377 0 40
471 42317 45 4 42402 40 85
418 42400 45 3 42447 2 47
541 42471 41 4 42512 0 41
898 42335 47 4 42535 153 200
320 42385 56 3 42591 150 206
890 42336 57 2 42648 255 312
379 42468 60 4 42708 180 240
44 42465 62 3 42770 243 305
334 42460 63 4 42833 310 373
30 42237 64 2 42852 551 615
897 41098 65 2 42867 1704 1769
938 42879 43 4 42922 0 43
590 42914 53 4 42975 8 61
396 42932 59 2 43034 43 102
874 42872 64 3 43091 155 219
188 42377 65 2 43143 701 766
217 40982 65 1 43208 2161 2226
825 43295 48 3 43343 0 48
138 43268 61 3 43377 48 109
870 43469 50 4 43519 0 50
221 43407 67 4 43524 50 117
587 43402 67 2 43586 117 184
326 43333 69 3 43630 228 297
821 41576 71 4 43712 2065 2136
194 41979 71 4 43712 1662 1733
791 43768 47 3 43815 0 47
55 43840 36 4 43876 0 36
26 43821 46 3 43903 36 82
701 43950 55 1 44005 0 55
970 43901 64 3 44022 57 121
359 43820 67 4 44088 201 268
333 43802 70 1 44153 281 351
231 43701 71 1 44168 396 467
452 44255 37 2 44292 0 37
581 44207 52 3 44296 37 89
973 44328 39 2 44367 0 39
426 44345 41 2 44408 22 63
331 44367 68 3 44476 41 109
128 44518 35 2 44553 0 35
152 44517 40 3 44592 35 75
428 44498 49 3 44622 75 124
881 44663 50 4 44713 0 50
933 44600 71 4 44743 72 143
440 44783 63 4 44846 0 63
504 44379 71 2 44855 405 476
722 43246 73 4 44857 1538 1611
981 42161 73 1 45003 2769 2842
967 41846 73 1 45003 3084 3157
765 44638 74 4 45077 365 439
879 45106 43 4 45149 0 43
358 45111 46 4 45195 38 84
547 45245 51 3 45296 0 51
258 45273 54 2 45350 23 77
285 45364 53 3 45417 0 53
454 45348 55 3 45458 55 110
133 45163 56 2 45464 245 301
75 45186 58 4 45522 278 336
8 45575 53 1 45628 0 53
764 45599 65 4 45693 29 94
302 45595 66 1 45759 98 164
941 45793 42 4 45835 0 42
536 45816 56 3 45891 19 75
522 45892 56 1 45948 0 56
517 45840 60 2 46007 107 167
645 46030 40 2 46070 0 40
185 46038 45 4 46115 32 77
432 46046 51 3 46166 69 120
266 46168 49 3 46217 0 49
572 46203 55 4 46272 14 69
60 46012 57 3 46309 240 297
321 45922 63 4 46367 382 445
988 45949 65 3 46432 418 483
984 45765 68 3 46472 639 707
562 46502 48 1 46550 0 48
382 46477 53 3 46578 48 101
474 45145 69 4 46583 1369 1438
492 46699 51 4 46750 0 51
685 46685 58 4 46794 51 109
793 46701 61 4 46855 93 154
21 46922 32 1 46954 0 32
449 46860 70 2 46962 32 102
91 46991 55 4 47046 0 55
609 46348 71 4 47052 633 704
994 46522 71 4 47052 459 530
601 47133 26 2 47159 0 26
12 47067 71 4 47164 26 97
5 46389 71 3 47220 760 831
489 47264 47 4 47311 0 47
529 46305 71 2 47338 962 1033
979 46093 73 3 47411 1245 1318
571 47475 44 1 47519 0 44
778 47246 74 3 47529 209 283
598 47608 37 4 47645 0 37
158 47560 70 2 47667 37 107
190 47646 74 3 47741 21 95
112 47764 52 3 47816 0 52
728 47824 48 3 47872 0 48
772 47877 44 1 47921 0 44
13 47916 47 4 47968 5 52
935 48013 39 2 48052 0 39
530 48072 39 4 48111 0 39
74 48025 51 4 48142 66 117
798 47842 61 4 48153 250 311
275 42573 74 2 48210 5563 5637
838 44219 74 2 48210 3917 3991
383 48225 63 2 48288 0 63
688 48242 66 2 48354 46 112
296 48375 41 4 48416 0 41
759 48357 44 3 48442 41 85
942 48471 43 3 48514 0 43
687 48464 57 3 48564 43 100
852 48219 67 3 48600 314 381
148 43505 75 3 48740 5160 5235
867 46553 75 3 48741 2113 2188
442 48815 67 3 48882 0 67
817 41544 75 2 48883 7264 7339
841 48899 45 3 48944 0 45
479 41200 75 1 49003 7728 7803
117 49049 71 2 49120 0 71
61 49123 57 3 49180 0 57
332 49235 52 3 49287 0 52
224 49160 73 3 49305 72 145
365 43424 76 4 49332 5832 5908
623 49399 20 4 49419 0 20
212 49421 46 3 49467 0 46
50 49399 48 3 49513 66 114
543 49466 60 2 49573 47 107
992 49607 42 3 49649 0 42
345 49490 66 2 49681 125 191
211 49690 66 4 49756 0 66
490 49865 61 4 49926 0 61
653 49819 63 4 49943 61 124
1000 49715 67 4 49947 165 232
939 50043 34 4 50077 0 34
410 50079 47 3 50126 0 47
894 50033 54 3 50168 81 135
108 49993 65 3 50193 135 200
463 49977 66 2 50243 200 266
376 50264 57 4 50321 0 57
31 50310 70 4 50391 11 81
399 49902 72 1 50412 438 510
865 50435 58 2 50493 0 58
586 50521 44 3 50565 0 44
483 50527 51 4 50616 38 89
393 49912 74 1 50639 653 727
503 50694 39 3 50733 0 39
501 50275 75 4 50753 403 478
647 50843 46 4 50889 0 46
290 50862 57 4 50946 27 84
835 50952 30 3 50982 0 30
441 50806 58 4 50997 133 191
95 51030 59 3 51089 0 59
922 50900 60 4 51116 156 216
705 51167 28 3 51195 0 28
78 50837 60 3 51204 307 367
650 51216 25 3 51241 0 25
142 50785 60 2 51268 423 483
303 50982 67 4 51335 286 353
161 50947 70 4 51405 388 458
125 51468 38 2 51506 0 38
251 51439 44 4 51521 38 82
364 51462 56 1 51577 59 115
202 51471 63 3 51640 106 169
651 51426 69 4 51696 201 270
892 50981 71 4 51746 694 765
445 51816 43 2 51859 0 43
409 51864 55 3 51919 0 55
782 51939 59 4 51998 0 59
414 51823 64 4 52037 150 214
652 52052 56 3 52108 0 56
792 51838 65 1 52158 255 320
669 52025 68 2 52226 133 201
127 52140 69 4 52295 86 155
732 50890 71 2 52296 1335 1406
29 52338 59 2 52397 0 59
593 51005 73 2 52428 1350 1423
686 52446 57 2 52503 0 57
840 52539 42 3 52581 0 42
372 52503 62 4 52607 42 104
916 52624 52 4 52676 0 52
139 52589 68 4 52727 70 138
244 52823 33 3 52856 0 33
632 52803 41 2 52877 33 74
92 52756 50 3 52880 74 124
946 52438 70 3 52913 405 475
493 52969 41 1 53010 0 41
963 53041 37 1 53078 0 37
101 52959 62 3 53099 78 140
237 52746 73 4 53126 307 380
267 53216 30 4 53246 0 30
419 53176 62 3 53268 30 92
893 53280 38 4 53318 0 38
233 53007 73 2 53329 249 322
526 50865 74 3 53393 2454 2528
858 53174 75 4 53468 219 294
443 52283 75 3 53543 1185 1260
909 53561 56 2 53617 0 56
566 53696 47 1 53743 0 47
319 53631 65 3 53743 47 112
129 49544 75 1 53745 4126 4201
615 53784 49 3 53833 0 49
436 53171 76 4 53870 623 699
151 45978 76 3 53879 7825 7901
304 41664 76 2 54031 12291 12367
554 48926 76 2 54031 5029 5105
932 54049 20 4 54069 0 20
421 54067 47 4 54116 2 49
875 54196 28 4 54224 0 28
675 54169 54 2 54251 28 82
811 54208 65 3 54316 43 108
578 54330 50 1 54380 0 50
214 54281 67 4 54433 85 152
860 54314 69 2 54502 119 188
889 54521 67 4 54588 0 67
546 54606 54 1 54660 0 54
90 54439 71 4 54694 184 255
672 43468 76 1 54699 11155 11231
313 54383 77 4 54776 316 393
24 54904 55 2 54959 0 55
781 54845 64 2 54964 55 119
344 54970 61 4 55031 0 61
204 54809 68 4 55057 180 248
656 55086 21 4 55107 0 21
206 55072 53 4 55146 21 74
65 54844 73 3 55204 287 360
256 55253 52 3 55305 0 52
639 55309 47 4 55356 0 47
698 55385 50 1 55435 0 50
174 55439 44 3 55483 0 44
624 55246 63 4 55525 216 279
558 55408 63 4 55565 94 157
768 55361 68 4 55633 204 272
163 52738 77 3 55712 2897 2974
186 48510 77 3 55712 7125 7202
468 45740 77 2 55789 9972 10049
262 55872 38 3 55910 0 38
948 55871 39 1 55948 38 77
57 55871 50 4 55998 77 127
135 55818 65 4 56010 127 192
118 51451 78 3 56059 4530 4608
771 56075 41 3 56116 0 41
891 56066 66 4 56173 41 107
191 56153 67 3 56240 20 87
99 56301 53 4 56354 0 53
176 56292 62 2 56407 53 115
900 56414 62 3 56476 0 62
662 56285 66 4 56528 177 243
823 56556 45 4 56601 0 45
340 56619 59 4 56678 0 59
977 56641 65 4 56743 37 102
424 56309 70 2 56767 388 458
785 56814 29 4 56843 0 29
438 56776 69 3 56874 29 98
39 56936 60 2 56996 0 60
477 56511 74 2 56999 414 488
66 57046 52 1 57098 0 52
201 57126 61 2 57187 0 61
583 57203 63 4 57266 0 63
197 54583 78 2 57357 2696 2774
368 44986 78 2 57357 12293 12371
427 52949 78 2 57357 4330 4408
797 57457 38 1 57495 0 38
706 57428 40 4 57506 38 78
375 57512 68 4 57580 0 68
812 57648 44 3 57692 0 44
106 57692 62 3 57754 0 62
213 57540 69 2 57755 146 215
361 40860 78 1 57756 16818 16896
53 57812 36 3 57848 0 36
292 57898 53 4 57951 0 53
329 57829 57 4 57958 72 129
32 58066 36 3 58102 0 36
46 58034 40 3 58110 36 76
218 58172 21 4 58193 0 21
518 58133 51 4 58205 21 72
960 58144 51 3 58256 61 112
408 58019 56 3 58274 199 255
861 58342 38 4 58380 0 38
279 58298 47 3 58383 38 85
315 58308 62 2 58445 75 137
676 58514 49 4 58563 0 49
987 58593 29 3 58622 0 29
446 58592 39 3 58660 29 68
716 58496 62 4 58675 117 179
787 58346 63 4 58687 278 341
146 58710 30 3 58740 0 30
665 58239 66 1 58759 454 520
913 57900 68 4 58766 798 866
80 58883 26 1 58909 0 26
869 58916 46 4 58962 0 46
721 58889 54 2 59009 66 120
668 58992 58 1 59067 17 75
762 58862 60 4 59106 184 244
539 58827 61 4 59132 244 305
921 59190 32 4 59222 0 32
293 58848 68 4 59232 316 384
327 58319 72 4 59243 852 924
116 59259 50 3 59309 0 50
985 59344 35 2 59379 0 35
318 59274 53 3 59397 70 123
905 59410 41 4 59451 0 41
833 59480 51 2 59531 0 51
298 59616 35 1 59651 0 35
7 59578 39 2 59652 35 74
480 59496 64 4 59669 109 173
959 59679 64 4 59743 0 64
145 59760 57 3 59817 0 57
182 59325 70 3 59818 423 493
976 59399 72 3 59890 419 491
429 58369 74 4 59948 1505 1579
49 59987 54 4 60041 0 54
97 60088 53 4 60141 0 53
215 60070 60 1 60183 53 113
568 60195 58 4 60253 0 58
301 60031 63 3 60275 181 244
887 60352 45 4 60397 0 45
354 60319 60 3 60424 45 105
901 60396 61 4 60485 28 89
307 60381 61 2 60546 104 165
42 60556 41 4 60597 0 41
691 60328 63 3 60650 259 322
616 60256 63 2 60669 350 413
132 60679 47 3 60726 0 47
849 60539 65 4 60781 177 242
299 60088 66 3 60847 693 759
770 60147 68 4 60915 700 768
533 60987 68 3 61055 0 68
974 60054 78 4 61061 929 1007
744 52445 79 3 61068 8544 8623
724 61079 48 3 61127 0 48
478 61097 57 3 61184 30 87
634 59323 79 3 61229 1827 1906
679 61252 32 4 61284 0 32
140 61382 66 4 61448 0 66
757 61475 42 4 61517 0 42
953 45513 80 4 61609 16016 16096
910 44553 80 4 61609 16976 17056
136 46926 80 4 61609 14603 14683
422 61688 43 3 61731 0 43
540 61733 24 4 61757 0 24
814 61741 35 2 61792 16 51
335 61691 61 4 61851 99 160
521 61656 64 4 61883 163 227
848 61887 46 4 61933 0 46
370 61917 58 3 61991 16 74
33 62018 25 3 62043 0 25
983 55801 80 3 62045 6164 6244
878 62053 52 4 62105 0 52
278 62173 65 3 62238 0 65
394 62257 38 4 62295 0 38
234 62319 57 3 62376 0 57
167 62444 68 3 62512 0 68
444 62404 80 4 62552 68 148
569 57887 80 2 62565 4598 4678
674 40794 80 2 62565 21691 21771
291 62645 33 2 62678 0 33
594 62631 65 3 62729 33 98
316 62579 66 2 62743 98 164
704 62786 61 2 62847 0 61
794 62597 68 3 62872 207 275
708 62937 63 4 63000 0 63
796 62828 68 2 63003 107 175
156 62835 74 3 63077 168 242
404 63149 40 3 63189 0 40
692 63214 43 1 63257 0 43
773 61654 81 4 63308 1573 1654
126 42337 81 4 63308 20890 20971
180 63369 44 2 63413 0 44
595 63370 68 3 63481 43 111
466 63462 73 4 63554 19 92
666 63560 74 1 63634 0 74
804 50936 81 3 63648 12631 12712
786 63698 34 4 63732 0 34
631 63723 49 3 63781 9 58
464 63696 51 3 63830 83 134
610 63786 61 3 63891 44 105
369 63802 63 1 63954 89 152
711 63787 67 4 64021 167 234
462 64028 50 3 64078 0 50
447 64115 61 2 64176 0 61
374 63728 73 1 64205 404 477
646 63894 74 2 64279 311 385
801 64333 47 3 64380 0 47
548 64390 64 4 64454 0 64
502 64462 63 1 64525 0 63
411 64572 62 4 64634 0 62
47 64506 68 4 64655 81 149
341 63862 79 3 64662 721 800
986 51020 81 2 64695 13594 13675
240 64767 65 1 64832 0 65
996 64760 67 4 64892 65 132
482 64985 71 2 65056 0 71
534 65040 77 3 65133 16 93
555 65310 45 3 65355 0 45
281 64395 82 4 65430 953 1035
836 60803 82 4 65430 4545 4627
699 56068 82 4 65430 9280 9362
644 57539 82 4 65430 7809 7891
886 50188 82 4 65430 15160 15242
417 65482 44 4 65526 0 44
702 65468 65 1 65577 44 109
690 65563 74 2 65651 14 88
362 49505 82 4 65695 16108 16190
250 65712 64 3 65776 0 64
630 64996 82 3 65841 763 845
205 65896 59 4 65955 0 59
508 49465 82 1 65982 16435 16517
144 66045 61 4 66106 0 61
355 49886 83 3 66126 16157 16240
415 66187 38 4 66225 0 38
802 66205 61 4 66286 20 81
859 66154 64 4 66317 99 163
758 66259 69 4 66393 65 134
862 66406 43 3 66449 0 43
605 66379 69 4 66498 50 119
958 66512 46 1 66558 0 46
168 66589 55 3 66644 0 55
402 66545 56 3 66669 68 124
927 66648 61 3 66730 21 82
105 66617 78 2 66808 113 191
62 66927 60 4 66987 0 60
378 66863 64 4 66987 60 124
109 66204 80 4 66998 714 794
282 67002 75 3 67077 0 75
582 67108 76 4 67184 0 76
111 56445 84 4 67205 10676 10760
683 67278 39 4 67317 0 39
360 67306 61 4 67378 11 72
506 67438 53 3 67491 0 53
216 67439 62 2 67553 52 114
725 67406 70 3 67591 115 185
178 67658 33 3 67691 0 33
626 62738 85 4 67693 4870 4955
800 67001 85 4 67693 607 692
658 67735 33 3 67768 0 33
294 67726 37 1 67796 33 70
323 67822 40 1 67862 0 40
902 67881 39 3 67920 0 39
592 67974 29 4 68003 0 29
430 67986 64 3 68131 81 145
654 68003 64 3 68131 64 128
661 67929 66 2 68152 157 223
470 68060 67 2 68219 92 159
243 68278 48 4 68326 0 48
807 68273 63 2 68384 48 111
81 68097 68 4 68398 233 301
277 68411 48 2 68459 0 48
473 68039 77 2 68523 407 484
121 40486 85 2 68538 27967 28052
166 43586 85 2 68571 24900 24985
35 68598 49 2 68647 0 49
85 68626 61 4 68708 21 82
169 68744 39 3 68783 0 39
579 68727 46 3 68812 39 85
371 68813 54 4 68867 0 54
607 68609 69 4 68916 238 307
297 68996 33 4 69029 0 33
752 68981 49 2 69063 33 82
248 69054 51 4 69114 9 60
98 68825 77 2 69126 224 301
10 69073 78 3 69204 53 131
561 69208 74 3 69282 0 74
516 69338 66 1 69404 0 66
366 69288 73 2 69427 66 139
189 67496 86 4 69562 1980 2066
509 48353 86 4 69562 21123 21209
357 69614 51 1 69665 0 51
597 69671 58 4 69729 0 58
356 69821 46 2 69867 0 46
527 69861 52 4 69919 6 58
871 69916 57 2 69976 3 60
952 41890 86 3 69998 28022 28108
693 45472 86 3 69998 24440 24526
707 50247 86 3 70084 19751 19837
40 70124 78 4 70202 0 78
617 70217 50 3 70267 0 50
386 63850 87 4 70299 6362 6449
648 70354 73 4 70427 0 73
828 70459 53 4 70512 0 53
717 70595 46 4 70641 0 46
94 70647 20 4 70667 0 20
697 70562 60 2 70688 66 126
710 70748 63 2 70811 0 63
63 70588 64 2 70815 163 227
553 70891 48 3 70939 0 48
435 70901 64 4 71003 38 102
962 70655 80 1 71007 272 352
485 71021 44 1 71065 0 44
469 71120 53 3 71173 0 53
272 71089 64 2 71206 53 117
17 71008 71 1 71240 161 232
719 71085 76 1 71316 155 231
306 71099 81 3 71397 217 298
740 70798 86 3 71482 598 684
560 50251 87 3 71519 21181 21268
348 44839 87 3 71519 26593 26680
613 71525 68 1 71593 0 68
918 71600 37 4 71637 0 37
286 71679 50 3 71729 0 50
162 71743 83 3 71826 0 83
232 71829 55 3 71884 0 55
23 71918 47 1 71965 0 47
123 71895 48 2 71990 47 95
113 72027 50 2 72077 0 50
179 71936 61 1 72101 104 165
904 72113 62 3 72175 0 62
584 72184 59 2 72243 0 59
68 72018 63 1 72285 204 267
729 72351 53 3 72404 0 53
603 72280 84 3 72422 58 142
14 72426 66 2 72492 0 66
11 72600 41 3 72641 0 41
923 72673 52 2 72725 0 52
160 72576 57 2 72726 93 150
314 72665 63 2 72789 61 124
317 46528 87 2 72792 26177 26264
102 49692 87 2 72792 23013 23100
486 44797 88 1 72880 27995 28083
920 43103 89 3 72969 29777 29866
931 73027 78 4 73105 0 78
434 55597 89 2 73136 17450 17539
183 71747 90 4 73316 1479 1569
18 43896 90 4 73316 29330 29420
906 73409 51 3 73460 0 51
818 73365 61 2 73477 51 112
41 73458 78 1 73555 19 97
877 46318 91 3 73597 27188 27279
439 73702 39 3 73741 0 39
954 73631 79 4 73749 39 118
917 58299 93 3 73808 15416 15509
437 73896 48 3 73944 0 48
155 73865 62 4 73975 48 110
172 73979 45 3 74024 0 45
187 74031 63 2 74094 0 63
980 62817 95 3 74121 11209 11304
779 66593 95 1 74216 7528 7623
809 74304 60 3 74364 0 60
513 74234 79 4 74373 60 139
914 70664 96 1 74451 3691 3787
995 48397 97 2 74548 26054 26151
971 74584 42 1 74626 0 42
588 74662 47 4 74709 0 47
196 74651 53 4 74751 47 100
6 74713 53 3 74804 38 91
349 74648 61 4 74862 153 214
570 74675 62 3 74924 187 249
621 74941 41 4 74982 0 41
827 74737 63 3 75028 228 291
945 75082 33 2 75115 0 33
755 74867 66 4 75127 194 260
978 75178 66 1 75244 0 66
731 75119 87 1 75280 74 161
247 75292 82 4 75374 0 82
943 71147 98 4 75402 4157 4255
742 42272 98 1 75500 33130 33228
400 75555 60 4 75615 0 60
200 75616 61 4 75677 0 61
788 75510 62 3 75693 121 183
576 75531 64 4 75757 162 226
955 75607 65 4 75822 150 215
684 75860 60 4 75920 0 60
760 75660 69 3 75951 222 291
137 75979 62 4 76041 0 62
207 75658 74 2 76087 355 429
715 76109 59 4 76168 0 59
549 76186 48 3 76234 0 48
709 76252 54 4 76306 0 54
868 76278 65 2 76371 28 93
625 75923 75 4 76388 390 465
636 76392 38 4 76430 0 38
612 75612 76 4 76502 814 890
944 76085 79 1 76581 417 496
88 76585 55 2 76640 0 55
124 76641 68 2 76709 0 68
268 76777 54 4 76831 0 54
93 76816 70 3 76901 15 85
750 46394 99 4 76917 30424 30523
884 76935 54 1 76989 0 54
853 76987 59 3 77048 2 61
324 77083 52 1 77135 0 52
925 77090 55 3 77190 45 100
850 77147 66 4 77256 43 109
845 77343 48 2 77391 0 48
681 77389 58 4 77449 2 60
926 77474 37 4 77511 0 37
25 77389 66 2 77552 97 163
882 77559 63 3 77622 0 63
472 77578 83 4 77705 44 127
712 54441 100 4 77858 23317 23417
854 41020 100 4 77858 36738 36838
776 48399 100 4 77858 29359 29459
496 57815 100 3 77958 20043 20143
110 77996 54 2 78050 0 54
261 48112 100 2 78112 29900 30000
456 43569 100 1 78412 34743 34843
525 66947 100 1 78412 11365 11465
641 51750 100 1 78412 26562 26662
56 78439 56 2 78495 0 56
353 78561 56 4 78617 0 56
537 78655 67 2 78722 0 67
883 78888 61 4 78949 0 61
350 78925 62 4 79011 24 86
198 79137 57 2 79194 0 57
864 79066 81 3 79204 57 138
596 79365 57 3 79422 0 57
591 79865 58 4 79923 0 58
903 80344 53 1 80397 0 53
638 80644 62 2 80706 0 62
367 80809 33 2 80842 0 33
866 80773 44 3 80850 33 77
254 81001 55 3 81056 0 55
714 81115 36 1 81151 0 36
122 81359 81 4 81440 0 81
746 81622 63 4 81685 0 63
790 81736 66 1 81802 0 66
346 81838 56 2 81894 0 56
45 81901 61 4 81962 0 61
682 82095 44 1 82139 0 44
405 82431 46 2 82477 0 46
628 82861 35 4 82896 0 35
322 82861 45 4 82941 35 80
380 83103 34 4 83137 0 34
387 83307 69 3 83376 0 69
606 83675 44 4 83719 0 44
816 83702 73 4 83792 17 90
465 83870 67 4 83937 0 67
663 83974 71 1 84045 0 71
1 83925 85 4 84093 83 168
940 84117 63 2 84180 0 63
87 84883 69 1 84952 0 69
997 84965 53 4 85018 0 53
392 84869 77 3 85068 122 199
720 85170 75 1 85245 0 75
531 85191 79 3 85324 54 133
377 85447 62 4 85509 0 62
993 85461 85 3 85594 48 133
236 86029 52 4 86081 0 52
177 86163 30 4 86193 0 30
115 86898 67 2 86965 0 67
210 87074 78 4 87152 0 78
476 87603 57 3 87660 0 57
230 88089 73 3 88162 0 73
505 88136 81 4 88243 26 107
635 88373 69 4 88442 0 69
229 88513 62 3 88575 0 62
614 88958 44 2 89002 0 44
574 89034 81 4 89115 0 81
930 89228 60 4 89288 0 60
544 89214 66 3 89340 60 126
735 89185 80 3 89391 126 206
777 89806 58 4 89864 0 58
173 89988 69 4 90057 0 69
919 90482 61 3 90543 0 61
545 91383 35 3 91418 0 35
718 91355 62 3 91452 35 97
153 91654 58 1 91712 0 58
830 92110 53 3 92163 0 53
264 93052 60 2 93112 0 60
271 93278 28 1 93306 0 28
253 93462 63 4 93525 0 63
433 93686 37 2 93723 0 37
79 94749 58 4 94807 0 58
242 94832 60 4 94892 0 60
851 95025 50 1 95075 0 50
270 95089 50 3 95139 0 50
325 95438 49 4 95487 0 49
448 95982 48 2 96030 0 48
964 97601 53 4 97654 0 53
461 99161 76 2 99237 0 76
888 99324 87 3 99411 0 87
37 99707 53 3 99760 0 53
741 99874 43 4 99917 0 43
799 100000 20 2 100020 0 20
412 100000 37 4 100057 20 57
406 100000 48 4 100105 57 105
643 100000 56 3 100161 105 161
670 100000 58 4 100219 161 219
273 100000 65 4 100284 219 284
873 100000 66 2 100350 284 350
280 100000 72 4 100422 350 422
