100422 1731 2416 2355
780 0 72 4 322 250 322
947 0 100 2 372 272 372
481 0 55 3 377 322 377
577 0 56 3 383 327 383
580 0 51 2 384 333 384
114 0 64 4 398 334 398
308 1388 45 1 1433 0 45
747 2326 63 2 2389 0 63
71 2742 53 4 2795 0 53
844 3017 75 3 3092 0 75
269 3428 60 4 3488 0 60
753 4876 100 4 4976 0 100
627 5598 60 4 5658 0 60
300 7616 71 3 7687 0 71
149 7931 72 4 8003 0 72
467 8036 50 2 8086 0 50
839 8815 53 4 8868 0 53
991 8911 38 3 8949 0 38
767 8977 80 4 9057 0 80
678 9296 79 3 9375 0 79
287 9646 52 4 9698 0 52
999 10374 64 4 10438 0 64
899 10949 50 4 10999 0 50
487 11431 78 4 11509 0 78
407 11559 80 3 11639 0 80
671 11940 86 1 12026 0 86
203 12015 36 2 12062 11 47
220 12163 75 3 12238 0 75
403 12249 87 4 12336 0 87
373 12253 80 3 12416 83 163
488 12352 36 3 12452 64 100
565 12528 74 2 12602 0 74
957 12555 65 2 12667 47 112
695 12976 64 1 13040 0 64
416 13033 61 4 13101 7 68
143 13266 75 4 13341 0 75
611 13853 32 3 13885 0 32
36 14059 42 3 14101 0 42
259 14123 65 3 14188 0 65
388 14431 67 2 14498 0 67
907 14695 66 2 14761 0 66
895 14992 79 1 15071 0 79
550 15087 82 2 15169 0 82
813 15175 75 2 15250 0 75
69 15332 69 4 15401 0 69
842 15575 41 4 15616 0 41
460 15727 64 2 15791 0 64
633 15906 77 4 15983 0 77
805 16032 77 2 16109 0 77
265 16492 61 2 16553 0 61
246 16934 84 2 17018 0 84
305 16950 55 3 17073 68 123
397 17062 69 4 17142 11 80
59 17141 41 4 17183 1 42
872 17189 77 4 17266 0 77
775 17283 91 4 17374 0 91
227 17658 67 3 17725 0 67
274 17886 58 1 17944 0 58
968 17943 48 4 18042 51 99
154 17917 90 2 18082 75 165
637 18610 100 3 18710 0 100
528 18646 48 4 18758 64 112
726 18730 60 3 18818 28 88
208 18788 55 4 18873 30 85
219 18904 60 4 18964 0 60
283 19105 50 3 19155 0 50
255 19256 32 3 19288 0 32
703 19432 86 2 19518 0 86
495 19735 73 4 19808 0 73
689 19954 76 4 20030 0 76
803 19957 64 2 20094 73 137
642 20055 66 4 20160 39 105
559 20159 71 3 20231 1 72
911 20169 52 3 20283 62 114
618 20261 72 3 20355 22 94
990 20387 66 4 20453 0 66
389 20427 67 3 20520 26 93
535 20489 56 4 20576 31 87
453 20580 71 4 20651 0 71
856 20713 64 4 20777 0 64
131 20996 44 3 21040 0 44
808 21178 35 4 21213 0 35
20 21230 47 1 21277 0 47
727 21416 51 4 21467 0 51
700 21521 47 3 21568 0 47
745 21746 81 4 21827 0 81
846 21911 66 4 21977 0 66
107 21918 64 4 22041 59 123
342 22033 71 3 22112 8 79
713 22063 60 4 22172 49 109
159 22275 74 4 22349 0 74
620 22353 58 4 22411 0 58
507 22580 61 2 22641 0 61
48 22589 53 2 22694 52 105
184 22655 67 1 22811 89 156
766 22667 59 4 22820 94 153
103 22747 59 2 22879 73 132
51 22855 45 3 22924 24 69
784 23028 62 4 23090 0 62
497 23048 46 3 23136 42 88
738 23256 54 2 23310 0 54
915 23327 57 1 23384 0 57
737 23340 48 3 23432 44 92
820 23616 63 3 23679 0 63
181 23809 60 4 23869 0 60
789 23969 78 4 24047 0 78
657 24266 62 1 24328 0 62
557 24369 30 2 24399 0 30
310 24423 59 1 24482 0 59
824 24891 86 2 24977 0 86
604 24944 22 1 25049 83 105
966 24922 51 3 25050 77 128
312 25198 55 3 25253 0 55
928 25241 78 3 25331 12 90
498 25331 70 3 25401 0 70
150 25501 71 3 25572 0 71
929 25620 53 3 25673 0 53
896 25749 78 4 25827 0 78
763 26054 45 4 26099 0 45
77 26194 54 4 26248 0 54
822 26255 46 4 26301 0 46
165 26279 48 4 26349 22 70
384 26426 64 1 26490 0 64
680 26443 57 1 26547 47 104
141 26658 48 2 26706 0 48
450 26993 65 2 27058 0 65
239 27197 81 2 27278 0 81
337 27379 68 3 27447 0 68
119 27648 52 1 27700 0 52
170 27718 56 3 27774 0 56
157 27727 58 4 27832 47 105
829 27818 49 4 27881 14 63
241 27995 73 4 28068 0 73
276 28063 49 4 28117 5 54
677 28166 45 2 28211 0 45
956 28291 62 4 28353 0 62
749 28406 41 4 28447 0 41
949 28554 62 4 28616 0 62
401 28619 34 4 28653 0 34
908 28623 65 4 28718 30 95
164 28753 87 4 28840 0 87
64 28822 58 2 28898 18 76
175 28888 62 4 28960 10 72
19 28983 64 2 29047 0 64
9 29166 57 1 29223 0 57
912 29243 61 2 29304 0 61
524 29361 97 1 29458 0 97
147 29423 71 1 29529 35 106
381 29493 51 4 29680 136 187
171 29501 87 4 29717 129 216
134 29510 62 4 29729 157 219
972 29973 57 3 30030 0 57
391 30057 30 3 30087 0 30
54 30067 62 2 30149 20 82
694 30101 90 4 30239 48 138
629 30308 65 4 30373 0 65
774 30344 36 2 30409 29 65
104 30462 46 3 30508 0 46
195 30529 82 3 30611 0 82
573 30959 48 2 31007 0 48
734 31050 59 4 31109 0 59
876 31091 56 4 31165 18 74
511 31168 68 2 31236 0 68
600 31170 87 2 31373 116 203
843 31257 46 2 31419 116 162
338 31187 63 3 31432 182 245
998 31455 46 4 31501 0 46
336 31531 79 3 31610 0 79
431 31554 25 1 31635 56 81
223 31761 70 4 31831 0 70
510 31970 53 3 32023 0 53
532 32034 89 3 32123 0 89
837 32092 55 4 32178 31 86
667 32132 46 3 32224 46 92
494 32208 66 4 32290 16 82
733 32265 68 4 32408 75 143
602 32333 36 2 32444 75 111
608 32287 98 3 32492 107 205
257 32476 40 2 32532 16 56
950 32572 50 4 32622 0 50
519 32581 45 4 32667 41 86
855 32647 41 2 32708 20 61
120 32766 65 4 32831 0 65
556 32810 78 2 32909 21 99
395 32896 31 3 32940 13 44
769 32990 56 3 33046 0 56
937 33073 80 3 33153 0 80
385 33122 60 3 33263 81 141
252 33131 71 4 33284 82 153
22 33372 68 3 33440 0 68
730 33512 83 4 33595 0 83
309 33626 77 3 33703 0 77
484 33699 50 2 33753 4 54
238 33757 58 4 33815 0 58
228 33938 74 3 34012 0 74
295 33984 68 3 34130 78 146
619 33996 58 4 34138 84 142
72 34150 69 3 34219 0 69
84 34218 81 3 34300 1 82
459 34337 87 2 34424 0 87
289 34381 62 4 34486 43 105
209 34431 55 2 34591 105 160
43 34480 68 4 34659 111 179
225 34504 81 2 34690 105 186
563 34609 78 4 34768 81 159
552 34741 64 4 34832 27 91
640 34772 45 4 34877 60 105
499 34786 84 4 35011 141 225
969 34921 35 4 35046 90 125
748 34855 73 4 35069 141 214
67 35036 72 2 35191 83 155
500 35054 70 3 35211 87 157
245 35204 64 1 35275 7 71
885 35336 54 4 35390 0 54
806 35340 91 3 35531 100 191
420 35378 69 2 35550 103 172
96 35511 45 2 35595 39 84
551 35583 70 2 35665 12 82
288 35702 60 1 35762 0 60
622 35807 36 1 35843 0 36
4 35844 73 4 35917 0 73
863 36019 53 1 36072 0 53
756 36028 46 2 36118 44 90
311 36121 52 1 36173 0 52
831 36191 60 4 36251 0 60
659 36258 71 4 36329 0 71
86 36307 47 4 36526 172 219
515 36282 74 4 36550 194 268
199 36284 59 1 36659 316 375
723 36293 76 3 36685 316 392
458 36356 68 2 36753 329 397
589 36379 63 4 36766 324 387
961 36656 33 3 36899 210 243
423 36497 56 4 36905 352 408
660 36764 30 4 36935 141 171
542 36604 79 4 36964 281 360
3 36652 70 3 37084 362 432
34 36785 59 1 37143 299 358
575 36794 55 4 37148 299 354
975 37080 34 4 37182 68 102
751 36958 57 4 37189 174 231
249 37119 46 4 37235 70 116
100 37156 32 4 37317 129 161
512 37135 82 2 37349 132 214
965 37324 61 4 37410 25 86
89 37425 40 2 37465 0 40
130 37584 45 1 37629 0 45
857 37595 77 1 37706 34 111
457 37640 86 4 37842 116 202
834 37671 64 3 37956 221 285
38 37831 46 3 38102 225 271
832 37717 72 1 38124 335 407
2 37720 78 3 38202 404 482
330 37906 47 4 38249 296 343
649 37789 84 3 38283 410 494
193 37792 52 3 38285 441 493
924 38104 48 4 38333 181 229
538 37860 55 4 38338 423 478
599 38201 33 4 38371 137 170
783 38227 79 3 38600 294 373
564 38274 57 1 38657 326 383
936 38295 89 3 38746 362 451
390 38359 58 3 38754 337 395
739 38414 71 4 38775 290 361
567 38423 52 2 38827 352 404
343 38611 62 3 38839 166 228
235 38828 48 2 38887 11 59
351 39073 64 4 39137 0 64
585 39092 74 2 39211 45 119
328 39155 64 2 39275 56 120
664 39264 60 3 39335 11 71
754 39366 32 4 39398 0 32
819 39376 44 2 39442 22 66
52 39468 76 1 39544 0 76
260 39487 36 1 39580 57 93
192 39569 76 4 39656 11 87
523 39688 55 3 39743 0 55
27 39745 72 1 39817 0 72
815 39746 96 1 39963 121 217
73 39813 58 3 40021 150 208
58 39928 50 4 40121 143 193
15 39852 59 1 40130 219 278
673 39981 48 4 40178 149 197
16 39896 61 4 40189 232 293
475 40071 59 4 40248 118 177
70 40256 67 4 40323 0 67
982 40351 38 3 40389 0 38
121 40486 85 2 40571 0 85
514 40508 81 4 40702 113 194
83 40609 27 3 40779 143 170
795 40565 80 3 40809 164 244
284 40590 83 3 40842 169 252
398 40817 30 4 40972 125 155
413 40831 45 4 41017 141 186
347 40792 60 1 41027 175 235
880 40860 48 1 41075 167 215
674 40794 80 2 41205 331 411
263 40923 48 2 41253 282 330
361 40860 78 1 41481 543 621
352 40866 51 4 41532 615 666
520 41173 44 3 41576 359 403
339 41242 49 3 41775 484 533
696 40943 62 4 41787 782 844
451 40970 63 4 41800 767 830
425 41304 44 2 41844 496 540
217 40982 65 1 41859 812 877
854 41020 100 4 41959 839 939
897 41098 65 2 42074 911 976
951 41173 64 1 42238 1001 1065
479 41200 75 1 42263 988 1063
743 41627 39 4 42302 636 675
655 41206 62 2 42414 1146 1208
826 41771 50 2 42464 643 693
989 41803 49 4 42613 761 810
847 41399 59 3 42672 1214 1273
363 41897 48 3 42770 825 873
810 41923 41 3 42811 847 888
76 41445 54 4 42815 1316 1370
761 41463 51 1 42866 1352 1403
222 41538 51 4 42867 1278 1329
817 41544 75 2 42942 1323 1398
821 41576 71 4 43013 1366 1437
226 42181 42 2 43055 832 874
28 42206 49 4 43104 849 898
304 41664 76 2 43230 1490 1566
471 42317 45 4 43275 913 958
898 42335 47 4 43322 940 987
455 42337 40 2 43462 1085 1125
736 41671 55 4 43467 1741 1796
418 42400 45 3 43612 1167 1212
934 41774 56 2 43668 1838 1894
541 42471 41 4 43809 1297 1338
491 41798 56 4 43815 1961 2017
967 41846 73 1 43888 1969 2042
952 41890 86 3 43924 1948 2034
194 41979 71 4 43945 1895 1966
82 42122 52 2 43947 1773 1825
938 42879 43 4 44040 1118 1161
981 42161 73 1 44163 1929 2002
30 42237 64 2 44227 1926 1990
742 42272 98 1 44275 1905 2003
825 43295 48 3 44423 1080 1128
890 42336 57 2 44430 2037 2094
126 42337 81 4 44511 2093 2174
188 42377 65 2 44676 2234 2299
870 43469 50 4 44776 1257 1307
320 42385 56 3 44832 2391 2447
334 42460 63 4 44945 2422 2485
44 42465 62 3 44957 2430 2492
379 42468 60 4 45017 2489 2549
791 43768 47 3 45064 1249 1296
275 42573 74 2 45138 2491 2565
26 43821 46 3 45234 1367 1413
55 43840 36 4 45270 1394 1430
874 42872 64 3 45384 2448 2512
590 42914 53 4 45437 2470 2523
396 42932 59 2 45446 2455 2514
920 43103 89 3 45485 2293 2382
452 44255 37 2 45622 1330 1367
722 43246 73 4 45645 2326 2399
138 43268 61 3 45656 2327 2388
973 44328 39 2 45695 1328 1367
426 44345 41 2 45736 1350 1391
326 43333 69 3 45855 2453 2522
428 44498 49 3 45904 1357 1406
587 43402 67 2 45921 2452 2519
152 44517 40 3 45961 1404 1444
128 44518 35 2 45996 1443 1478
221 43407 67 4 46063 2589 2656
365 43424 76 4 46139 2639 2715
881 44663 50 4 46239 1526 1576
672 43468 76 1 46265 2721 2797
148 43505 75 3 46290 2710 2785
456 43569 100 1 46440 2771 2871
166 43586 85 2 46525 2854 2939
231 43701 71 1 46546 2774 2845
333 43802 70 1 46616 2744 2814
879 45106 43 4 46659 1510 1553
358 45111 46 4 46705 1548 1594
359 43820 67 4 46722 2835 2902
18 43896 90 4 46962 2976 3066
970 43901 64 3 47026 3061 3125
701 43950 55 1 47131 3126 3181
581 44207 52 3 47183 2924 2976
838 44219 74 2 47257 2964 3038
331 44367 68 3 47425 2990 3058
504 44379 71 2 47546 3096 3167
941 45793 42 4 47588 1753 1795
910 44553 80 4 47918 3285 3365
645 46030 40 2 48008 1938 1978
185 46038 45 4 48053 1970 2015
933 44600 71 4 48124 3453 3524
765 44638 74 4 48198 3486 3560
266 46168 49 3 48247 2030 2079
440 44783 63 4 48310 3464 3527
486 44797 88 1 48448 3563 3651
348 44839 87 3 48635 3709 3796
562 46502 48 1 48733 2183 2231
368 44986 78 2 48861 3797 3875
474 45145 69 4 49080 3866 3935
133 45163 56 2 49086 3867 3923
75 45186 58 4 49094 3850 3908
547 45245 51 3 49145 3849 3900
21 46922 32 1 49177 2223 2255
258 45273 54 2 49231 3904 3958
454 45348 55 3 49286 3883 3938
285 45364 53 3 49339 3922 3975
693 45472 86 3 49375 3817 3903
601 47133 26 2 49401 2242 2268
953 45513 80 4 49431 3838 3918
8 45575 53 1 49484 3856 3909
489 47264 47 4 49531 2220 2267
302 45595 66 1 49547 3886 3952
764 45599 65 4 49562 3898 3963
468 45740 77 2 49589 3772 3849
571 47475 44 1 49633 2114 2158
984 45765 68 3 49651 3818 3886
536 45816 56 3 49707 3835 3891
598 47608 37 4 49744 2099 2136
517 45840 60 2 49754 3854 3914
522 45892 56 1 49810 3862 3918
321 45922 63 4 49823 3838 3901
988 45949 65 3 49888 3874 3939
728 47824 48 3 49936 2064 2112
151 45978 76 3 49962 3908 3984
772 47877 44 1 50056 2135 2179
13 47916 47 4 50103 2140 2187
60 46012 57 3 50110 4041 4098
935 48013 39 2 50149 2097 2136
432 46046 51 3 50200 4103 4154
530 48072 39 4 50239 2128 2167
979 46093 73 3 50312 4146 4219
572 46203 55 4 50467 4209 4264
529 46305 71 2 50488 4112 4183
759 48357 44 3 50582 2181 2225
877 46318 91 3 50623 4214 4305
296 48375 41 4 50664 2248 2289
609 46348 71 4 50785 4366 4437
942 48471 43 3 50878 2364 2407
5 46389 71 3 50899 4439 4510
750 46394 99 4 50998 4505 4604
382 46477 53 3 51001 4471 4524
994 46522 71 4 51022 4429 4500
317 46528 87 2 51059 4444 4531
867 46553 75 3 51134 4506 4581
841 48899 45 3 51179 2235 2280
685 46685 58 4 51187 4444 4502
492 46699 51 4 51238 4488 4539
793 46701 61 4 51249 4487 4548
449 46860 70 2 51319 4389 4459
136 46926 80 4 51449 4443 4523
91 46991 55 4 51454 4408 4463
12 47067 71 4 51525 4387 4458
623 49399 20 4 51545 2126 2146
50 49399 48 3 51593 2146 2194
212 49421 46 3 51639 2172 2218
778 47246 74 3 51663 4343 4417
992 49607 42 3 51955 2306 2348
158 47560 70 2 51975 4345 4415
190 47646 74 3 52149 4429 4503
112 47764 52 3 52201 4385 4437
798 47842 61 4 52412 4509 4570
939 50043 34 4 52596 2519 2553
410 50079 47 3 52643 2517 2564
74 48025 51 4 52644 4568 4619
261 48112 100 2 52744 4532 4632
852 48219 67 3 53011 4725 4792
383 48225 63 2 53024 4736 4799
688 48242 66 2 53040 4732 4798
509 48353 86 4 53126 4687 4773
586 50521 44 3 53170 2605 2649
995 48397 97 2 53267 4773 4870
503 50694 39 3 53306 2573 2612
776 48399 100 4 53356 4857 4957
687 48464 57 3 53413 4892 4949
647 50843 46 4 53559 2670 2716
186 48510 77 3 53736 5149 5226
835 50952 30 3 53916 2934 2964
442 48815 67 3 54183 5301 5368
705 51167 28 3 54211 3016 3044
554 48926 76 2 54237 5235 5311
650 51216 25 3 54262 3021 3046
117 49049 71 2 54283 5163 5234
61 49123 57 3 54290 5110 5167
224 49160 73 3 54313 5080 5153
251 51439 44 4 54407 2924 2968
332 49235 52 3 54459 5172 5224
125 51468 38 2 54547 3041 3079
508 49465 82 1 54629 5082 5164
543 49466 60 2 54639 5113 5173
345 49490 66 2 54705 5149 5215
362 49505 82 4 54737 5150 5232
445 51816 43 2 54780 2921 2964
129 49544 75 1 54905 5286 5361
211 49690 66 4 55021 5265 5331
102 49692 87 2 55108 5329 5416
1000 49715 67 4 55175 5393 5460
653 49819 63 4 55238 5356 5419
490 49865 61 4 55249 5323 5384
355 49886 83 3 55282 5313 5396
399 49902 72 1 55354 5380 5452
393 49912 74 1 55428 5442 5516
463 49977 66 2 55444 5401 5467
108 49993 65 3 55609 5551 5616
894 50033 54 3 55663 5576 5630
840 52539 42 3 55705 3124 3166
886 50188 82 4 55837 5567 5649
707 50247 86 3 55923 5590 5676
92 52756 50 3 56023 3217 3267
560 50251 87 3 56060 5722 5809
632 52803 41 2 56101 3257 3298
244 52823 33 3 56134 3278 3311
376 50264 57 4 56141 5820 5877
501 50275 75 4 56166 5816 5891
31 50310 70 4 56186 5806 5876
493 52969 41 1 56327 3317 3358
865 50435 58 2 56385 5892 5950
963 53041 37 1 56422 3344 3381
483 50527 51 4 56423 5845 5896
267 53216 30 4 56603 3357 3387
893 53280 38 4 56641 3323 3361
142 50785 60 2 56651 5806 5866
441 50806 58 4 56659 5795 5853
78 50837 60 3 56669 5772 5832
290 50862 57 4 56676 5757 5814
526 50865 74 3 56750 5811 5885
732 50890 71 2 56821 5860 5931
566 53696 47 1 56868 3125 3172
922 50900 60 4 56878 5918 5978
615 53784 49 3 56927 3094 3143
804 50936 81 3 56958 5941 6022
161 50947 70 4 56978 5961 6031
892 50981 71 4 56999 5947 6018
303 50982 67 4 57016 5967 6034
593 51005 73 2 57039 5961 6034
932 54049 20 4 57059 2990 3010
986 51020 81 2 57090 5989 6070
421 54067 47 4 57137 3023 3070
95 51030 59 3 57146 6057 6116
875 54196 28 4 57224 3000 3028
651 51426 69 4 57343 5848 5917
578 54330 50 1 57443 3063 3113
118 51451 78 3 57521 5992 6070
364 51462 56 1 57627 6109 6165
202 51471 63 3 57690 6156 6219
641 51750 100 1 57840 5990 6090
414 51823 64 4 57854 5967 6031
792 51838 65 1 57919 6016 6081
409 51864 55 3 58074 6155 6210
782 51939 59 4 58083 6085 6144
669 52025 68 2 58151 6058 6126
656 55086 21 4 58222 3115 3136
652 52052 56 3 58228 6120 6176
127 52140 69 4 58247 6038 6107
443 52283 75 3 58372 6014 6089
639 55309 47 4 58419 3063 3110
29 52338 59 2 58428 6031 6090
698 55385 50 1 58528 3093 3143
174 55439 44 3 58622 3139 3183
946 52438 70 3 58642 6134 6204
744 52445 79 3 58671 6147 6226
686 52446 57 2 58678 6175 6232
372 52503 62 4 58740 6175 6237
139 52589 68 4 58758 6101 6169
916 52624 52 4 58760 6084 6136
163 52738 77 3 58887 6072 6149
948 55871 39 1 58926 3016 3055
57 55871 50 4 58976 3055 3105
262 55872 38 3 59014 3104 3142
237 52746 73 4 59037 6218 6291
771 56075 41 3 59178 3062 3103
427 52949 78 2 59256 6229 6307
101 52959 62 3 59268 6247 6309
233 53007 73 2 59491 6411 6484
436 53171 76 4 59567 6320 6396
858 53174 75 4 59642 6393 6468
419 53176 62 3 59704 6466 6528
823 56556 45 4 59749 3148 3193
909 53561 56 2 59855 6238 6294
319 53631 65 3 59870 6174 6239
785 56814 29 4 59949 3106 3135
675 54169 54 2 60103 5880 5934
811 54208 65 3 60168 5895 5960
214 54281 67 4 60185 5837 5904
860 54314 69 2 60204 5821 5890
706 57428 40 4 60244 2776 2816
313 54383 77 4 60271 5811 5888
797 57457 38 1 60309 2814 2852
90 54439 71 4 60380 5870 5941
712 54441 100 4 60530 5989 6089
889 54521 67 4 60547 5959 6026
812 57648 44 3 60591 2899 2943
197 54583 78 2 60619 5958 6036
546 54606 54 1 60673 6013 6067
53 57812 36 3 60709 2861 2897
204 54809 68 4 60827 5950 6018
65 54844 73 3 61000 6083 6156
781 54845 64 2 61014 6105 6169
24 54904 55 2 61069 6110 6165
46 58034 40 3 61109 3035 3075
32 58066 36 3 61145 3043 3079
344 54970 61 4 61156 6125 6186
206 55072 53 4 61259 6134 6187
218 58172 21 4 61280 3087 3108
624 55246 63 4 61343 6034 6097
256 55253 52 3 61345 6040 6092
279 58298 47 3 61392 3047 3094
861 58342 38 4 61580 3200 3238
768 55361 68 4 61698 6269 6337
676 58514 49 4 61797 3234 3283
558 55408 63 4 61810 6339 6402
446 58592 39 3 61849 3218 3257
987 58593 29 3 61878 3256 3285
434 55597 89 2 61917 6231 6320
146 58710 30 3 61947 3207 3237
983 55801 80 3 61977 6096 6176
135 55818 65 4 61992 6109 6174
80 58883 26 1 62168 3259 3285
869 58916 46 4 62264 3302 3348
891 56066 66 4 62330 6198 6264
699 56068 82 4 62362 6212 6294
191 56153 67 3 62379 6159 6226
921 59190 32 4 62411 3189 3221
116 59259 50 3 62461 3152 3202
662 56285 66 4 62477 6126 6192
176 56292 62 2 62539 6185 6247
985 59344 35 2 62674 3295 3330
99 56301 53 4 62677 6323 6376
905 59410 41 4 62768 3317 3358
424 56309 70 2 62788 6409 6479
900 56414 62 3 62850 6374 6436
111 56445 84 4 62934 6405 6489
7 59578 39 2 62973 3356 3395
298 59616 35 1 63008 3357 3392
477 56511 74 2 63032 6447 6521
340 56619 59 4 63091 6413 6472
977 56641 65 4 63156 6450 6515
438 56776 69 3 63175 6330 6399
39 56936 60 2 63185 6189 6249
66 57046 52 1 63237 6139 6191
201 57126 61 2 63298 6111 6172
583 57203 63 4 63511 6245 6308
375 57512 68 4 63679 6099 6167
887 60352 45 4 63824 3427 3472
644 57539 82 4 63856 6235 6317
213 57540 69 2 63975 6366 6435
42 60556 41 4 64066 3469 3510
106 57692 62 3 64078 6324 6386
132 60679 47 3 64125 3399 3446
496 57815 100 3 64175 6260 6360
329 57829 57 4 64182 6296 6353
569 57887 80 2 64262 6295 6375
292 57898 53 4 64265 6314 6367
913 57900 68 4 64283 6315 6383
408 58019 56 3 64339 6264 6320
724 61079 48 3 64387 3260 3308
518 58133 51 4 64438 6254 6305
960 58144 51 3 64439 6244 6295
679 61252 32 4 64471 3187 3219
665 58239 66 1 64487 6182 6248
917 58299 93 3 64580 6188 6281
315 58308 62 2 64592 6222 6284
757 61475 42 4 64634 3117 3159
327 58319 72 4 64656 6265 6337
787 58346 63 4 64669 6260 6323
429 58369 74 4 64693 6250 6324
422 61688 43 3 64836 3105 3148
716 58496 62 4 64898 6340 6402
540 61733 24 4 64922 3165 3189
814 61741 35 2 64957 3181 3216
848 61887 46 4 65003 3070 3116
539 58827 61 4 65064 6176 6237
33 62018 25 3 65089 3046 3071
293 58848 68 4 65107 6191 6259
762 58862 60 4 65167 6245 6305
721 58889 54 2 65171 6228 6282
394 62257 38 4 65259 2964 3002
668 58992 58 1 65267 6217 6275
318 59274 53 3 65420 6093 6146
634 59323 79 3 65449 6047 6126
182 59325 70 3 65519 6124 6194
291 62645 33 2 65652 2974 3007
976 59399 72 3 65674 6203 6275
833 59480 51 2 65775 6244 6295
480 59496 64 4 65939 6379 6443
959 59679 64 4 66003 6260 6324
145 59760 57 3 66010 6193 6250
404 63149 40 3 66050 2861 2901
49 59987 54 4 66054 6013 6067
692 63214 43 1 66097 2840 2883
301 60031 63 3 66110 6016 6079
974 60054 78 4 66138 6006 6084
215 60070 60 1 66148 6018 6078
180 63369 44 2 66192 2779 2823
299 60088 66 3 66258 6104 6170
97 60088 53 4 66261 6120 6173
770 60147 68 4 66329 6114 6182
568 60195 58 4 66387 6134 6192
616 60256 63 2 66400 6081 6144
354 60319 60 3 66410 6031 6091
786 63698 34 4 66494 2762 2796
631 63723 49 3 66543 2771 2820
691 60328 63 3 66606 6215 6278
307 60381 61 2 66817 6375 6436
901 60396 61 4 66928 6471 6532
849 60539 65 4 66943 6339 6404
462 64028 50 3 66993 2915 2965
836 60803 82 4 67075 6190 6272
533 60987 68 3 67093 6038 6106
801 64333 47 3 67140 2760 2807
478 61097 57 3 67147 5993 6050
140 61382 66 4 67313 5865 5931
773 61654 81 4 67444 5709 5790
521 61656 64 4 67458 5738 5802
335 61691 61 4 67569 5817 5878
370 61917 58 3 67677 5702 5760
878 62053 52 4 67729 5624 5676
278 62173 65 3 67744 5506 5571
234 62319 57 3 67751 5375 5432
555 65310 45 3 67796 2441 2486
444 62404 80 4 67826 5342 5422
167 62444 68 3 67844 5332 5400
316 62579 66 2 67860 5215 5281
417 65482 44 4 67954 2428 2472
794 62597 68 3 67972 5307 5375
594 62631 65 3 68037 5341 5406
626 62738 85 4 68072 5249 5334
704 62786 61 2 68133 5286 5347
980 62817 95 3 68178 5266 5361
796 62828 68 2 68196 5300 5368
156 62835 74 3 68220 5311 5385
708 62937 63 4 68283 5283 5346
415 66187 38 4 68421 2196 2234
595 63370 68 3 68439 5001 5069
466 63462 73 4 68612 5077 5150
666 63560 74 1 68636 5002 5076
862 66406 43 3 68729 2280 2323
464 63696 51 3 68730 4983 5034
958 66512 46 1 68776 2218 2264
374 63728 73 1 68799 4998 5071
610 63786 61 3 68960 5113 5174
711 63787 67 4 69077 5223 5290
369 63802 63 1 69090 5225 5288
386 63850 87 4 69127 5190 5277
341 63862 79 3 69156 5215 5294
646 63894 74 2 69230 5262 5336
447 64115 61 2 69341 5165 5226
548 64390 64 4 69505 5051 5115
281 64395 82 4 69537 5060 5142
502 64462 63 1 69550 5025 5088
683 67278 39 4 69589 2272 2311
47 64506 68 4 69657 5083 5151
411 64572 62 4 69669 5035 5097
996 64760 67 4 69836 5009 5076
240 64767 65 1 69901 5069 5134
482 64985 71 2 69922 4866 4937
630 64996 82 3 69954 4876 4958
178 67658 33 3 69987 2296 2329
534 65040 77 3 70014 4897 4974
294 67726 37 1 70051 2288 2325
658 67735 33 3 70084 2316 2349
323 67822 40 1 70124 2262 2302
702 65468 65 1 70139 4606 4671
902 67881 39 3 70178 2258 2297
690 65563 74 2 70252 4615 4689
592 67974 29 4 70281 2278 2307
250 65712 64 3 70495 4719 4783
205 65896 59 4 70554 4599 4658
243 68278 48 4 70652 2326 2374
144 66045 61 4 70663 4557 4618
859 66154 64 4 70677 4459 4523
277 68411 48 2 70725 2266 2314
109 66204 80 4 70755 4471 4551
802 66205 61 4 70766 4500 4561
758 66259 69 4 70785 4457 4526
35 68598 49 2 70834 2187 2236
605 66379 69 4 70953 4505 4574
579 68727 46 3 70999 2226 2272
169 68744 39 3 71038 2255 2294
402 66545 56 3 71044 4443 4499
168 66589 55 3 71149 4505 4560
779 66593 95 1 71194 4506 4601
105 66617 78 2 71222 4527 4605
752 68981 49 2 71271 2241 2290
297 68996 33 4 71304 2275 2308
927 66648 61 3 71315 4606 4667
378 66863 64 4 71429 4502 4566
62 66927 60 4 71489 4502 4562
525 66947 100 1 71539 4492 4592
800 67001 85 4 71674 4588 4673
282 67002 75 3 71699 4622 4697
582 67108 76 4 71725 4541 4617
360 67306 61 4 71736 4369 4430
725 67406 70 3 71806 4330 4400
506 67438 53 3 71859 4368 4421
216 67439 62 2 71871 4370 4432
356 69821 46 2 71917 2050 2096
189 67496 86 4 71953 4371 4457
661 67929 66 2 72119 4124 4190
617 70217 50 3 72169 1902 1952
430 67986 64 3 72183 4133 4197
654 68003 64 3 72197 4130 4194
473 68039 77 2 72274 4158 4235
470 68060 67 2 72291 4164 4231
81 68097 68 4 72359 4194 4262
807 68273 63 2 72372 4036 4099
717 70595 46 4 72518 1877 1923
94 70647 20 4 72538 1871 1891
607 68609 69 4 72757 4079 4148
85 68626 61 4 72768 4081 4142
553 70891 48 3 72816 1877 1925
485 71021 44 1 72960 1895 1939
371 68813 54 4 72964 4097 4151
98 68825 77 2 73091 4189 4266
248 69054 51 4 73242 4137 4188
10 69073 78 3 73270 4119 4197
561 69208 74 3 73294 4012 4086
366 69288 73 2 73367 4006 4079
516 69338 66 1 73383 3979 4045
918 71600 37 4 73420 1783 1820
286 71679 50 3 73470 1741 1791
357 69614 51 1 73471 3806 3857
597 69671 58 4 73579 3850 3908
123 71895 48 2 73677 1734 1782
23 71918 47 1 73724 1759 1806
527 69861 52 4 73776 3863 3915
871 69916 57 2 73783 3810 3867
113 72027 50 2 73883 1806 1856
40 70124 78 4 73911 3709 3787
648 70354 73 4 74034 3607 3680
828 70459 53 4 74087 3575 3628
697 70562 60 2 74147 3525 3585
63 70588 64 2 74161 3509 3573
962 70655 80 1 74241 3506 3586
914 70664 96 1 74337 3577 3673
11 72600 41 3 74378 1737 1778
710 70748 63 2 74391 3580 3643
740 70798 86 3 74527 3643 3729
435 70901 64 4 74541 3576 3640
17 71008 71 1 74562 3483 3554
719 71085 76 1 74588 3427 3503
272 71089 64 2 74602 3449 3513
306 71099 81 3 74683 3503 3584
469 71120 53 3 74686 3513 3566
943 71147 98 4 74734 3489 3587
613 71525 68 1 74752 3159 3227
162 71743 83 3 74935 3109 3192
183 71747 90 4 74975 3138 3228
232 71829 55 3 74980 3096 3151
439 73702 39 3 75069 1328 1367
179 71936 61 1 75080 3083 3144
68 72018 63 1 75093 3012 3075
437 73896 48 3 75191 1247 1295
904 72113 62 3 75203 3028 3090
584 72184 59 2 75212 2969 3028
172 73979 45 3 75257 1233 1278
603 72280 84 3 75341 2977 3061
729 72351 53 3 75344 2940 2993
14 72426 66 2 75360 2868 2934
160 72576 57 2 75417 2784 2841
314 72665 63 2 75480 2752 2815
923 72673 52 2 75482 2757 2809
971 74584 42 1 75524 898 940
931 73027 78 4 75552 2447 2525
588 74662 47 4 75699 990 1037
818 73365 61 2 75860 2434 2495
906 73409 51 3 75861 2401 2452
41 73458 78 1 75889 2353 2431
621 74941 41 4 75980 998 1039
954 73631 79 4 76009 2299 2378
945 75082 33 2 76042 927 960
155 73865 62 4 76054 2127 2189
187 74031 63 2 76167 2073 2136
513 74234 79 4 76246 1933 2012
809 74304 60 3 76256 1892 1952
349 74648 61 4 76367 1658 1719
196 74651 53 4 76420 1716 1769
570 74675 62 3 76682 1945 2007
6 74713 53 3 76685 1919 1972
827 74737 63 3 76698 1898 1961
755 74867 66 4 76764 1831 1897
731 75119 87 1 76901 1695 1782
978 75178 66 1 76967 1723 1789
247 75292 82 4 77049 1675 1757
549 76186 48 3 77097 863 911
788 75510 62 3 77159 1587 1649
576 75531 64 4 77223 1628 1692
400 75555 60 4 77233 1618 1678
636 76392 38 4 77271 841 879
955 75607 65 4 77286 1614 1679
612 75612 76 4 77312 1624 1700
200 75616 61 4 77323 1646 1707
207 75658 74 2 77347 1615 1689
760 75660 69 3 77416 1687 1756
684 75860 60 4 77476 1556 1616
625 75923 75 4 77501 1503 1578
137 75979 62 4 77563 1522 1584
944 76085 79 1 77642 1478 1557
715 76109 59 4 77701 1533 1592
709 76252 54 4 77855 1549 1603
868 76278 65 2 77920 1577 1642
845 77343 48 2 77968 577 625
88 76585 55 2 77973 1333 1388
124 76641 68 2 78091 1382 1450
926 77474 37 4 78128 617 654
268 76777 54 4 78132 1301 1355
93 76816 70 3 78202 1316 1386
884 76935 54 1 78256 1267 1321
853 76987 59 3 78265 1219 1278
324 77083 52 1 78267 1132 1184
925 77090 55 3 78272 1127 1182
850 77147 66 4 78288 1075 1141
681 77389 58 4 78296 849 907
25 77389 66 2 78362 907 973
882 77559 63 3 78375 753 816
472 77578 83 4 78408 747 830
110 77996 54 2 78412 362 416
56 78439 56 2 78495 0 56
353 78561 56 4 78617 0 56
537 78655 67 2 78722 0 67
883 78888 61 4 78949 0 61
350 78925 62 4 79011 24 86
864 79066 81 3 79147 0 81
198 79137 57 2 79204 10 67
596 79365 57 3 79422 0 57
591 79865 58 4 79923 0 58
903 80344 53 1 80397 0 53
638 80644 62 2 80706 0 62
866 80773 44 3 80817 0 44
367 80809 33 2 80850 8 41
254 81001 55 3 81056 0 55
714 81115 36 1 81151 0 36
122 81359 81 4 81440 0 81
746 81622 63 4 81685 0 63
790 81736 66 1 81802 0 66
346 81838 56 2 81894 0 56
45 81901 61 4 81962 0 61
682 82095 44 1 82139 0 44
405 82431 46 2 82477 0 46
322 82861 45 4 82906 0 45
628 82861 35 4 82941 45 80
380 83103 34 4 83137 0 34
387 83307 69 3 83376 0 69
606 83675 44 4 83719 0 44
816 83702 73 4 83792 17 90
465 83870 67 4 83937 0 67
1 83925 85 4 84022 12 97
663 83974 71 1 84093 48 119
940 84117 63 2 84180 0 63
392 84869 77 3 84946 0 77
87 84883 69 1 85015 63 132
997 84965 53 4 85068 50 103
720 85170 75 1 85245 0 75
531 85191 79 3 85324 54 133
377 85447 62 4 85509 0 62
993 85461 85 3 85594 48 133
236 86029 52 4 86081 0 52
177 86163 30 4 86193 0 30
115 86898 67 2 86965 0 67
210 87074 78 4 87152 0 78
476 87603 57 3 87660 0 57
230 88089 73 3 88162 0 73
505 88136 81 4 88243 26 107
635 88373 69 4 88442 0 69
229 88513 62 3 88575 0 62
614 88958 44 2 89002 0 44
574 89034 81 4 89115 0 81
735 89185 80 3 89265 0 80
544 89214 66 3 89381 101 167
930 89228 60 4 89391 103 163
777 89806 58 4 89864 0 58
173 89988 69 4 90057 0 69
919 90482 61 3 90543 0 61
718 91355 62 3 91417 0 62
545 91383 35 3 91452 34 69
153 91654 58 1 91712 0 58
830 92110 53 3 92163 0 53
264 93052 60 2 93112 0 60
271 93278 28 1 93306 0 28
253 93462 63 4 93525 0 63
433 93686 37 2 93723 0 37
79 94749 58 4 94807 0 58
242 94832 60 4 94892 0 60
851 95025 50 1 95075 0 50
270 95089 50 3 95139 0 50
325 95438 49 4 95487 0 49
448 95982 48 2 96030 0 48
964 97601 53 4 97654 0 53
461 99161 76 2 99237 0 76
888 99324 87 3 99411 0 87
37 99707 53 3 99760 0 53
741 99874 43 4 99917 0 43
799 100000 20 2 100170 150 170
406 100000 48 4 100268 220 268
412 100000 37 4 100355 318 355
643 100000 56 3 100361 305 361
280 100000 72 4 100383 311 383
670 100000 58 4 100391 333 391
273 100000 65 4 100406 341 406
873 100000 66 2 100422 356 422
