100427 1734 2535 2474
922 0 50 3 50 0 50
925 0 64 2 214 150 214
470 0 84 4 248 164 248
947 0 87 4 285 198 285
330 627 82 4 709 0 82
202 651 79 4 788 58 137
893 1649 62 4 1711 0 62
766 2420 83 3 2503 0 83
391 3575 20 4 3595 0 20
78 3994 55 4 4049 0 55
58 4749 69 4 4818 0 69
364 4908 60 4 4968 0 60
772 5247 20 3 5267 0 20
95 5352 54 4 5406 0 54
131 6727 50 4 6777 0 50
258 7135 78 3 7213 0 78
919 7418 57 4 7475 0 57
75 7711 83 2 7794 0 83
167 8215 46 3 8261 0 46
408 9206 44 4 9250 0 44
829 10374 68 3 10442 0 68
6 10376 85 3 10527 66 151
266 10857 95 3 10952 0 95
881 11102 50 4 11152 0 50
764 11796 48 4 11844 0 48
395 11883 46 1 11929 0 46
903 11963 43 4 12006 0 43
698 11971 89 4 12095 35 124
904 12105 73 4 12178 0 73
143 12604 74 4 12678 0 74
767 12793 49 4 12842 0 49
479 12911 69 4 12980 0 69
817 12956 42 4 13022 24 66
779 13145 29 1 13174 0 29
810 13330 64 4 13394 0 64
894 13991 41 3 14032 0 41
87 14216 51 3 14267 0 51
270 14482 61 2 14543 0 61
727 14642 47 4 14689 0 47
943 14885 55 1 14940 0 55
984 15346 52 4 15398 0 52
487 15467 53 3 15520 0 53
723 15857 81 3 15938 0 81
729 16001 46 3 16047 0 46
656 16528 83 4 16611 0 83
858 16559 49 2 16660 52 101
576 16603 33 2 16693 57 90
387 16649 51 3 16744 44 95
884 17459 72 4 17531 0 72
556 17643 37 4 17680 0 37
185 17719 36 3 17755 0 36
237 18019 62 4 18081 0 62
940 18053 59 2 18140 28 87
791 18203 42 4 18245 0 42
493 18318 80 4 18398 0 80
865 18369 47 4 18445 29 76
752 18390 42 2 18487 55 97
689 18651 51 2 18702 0 51
190 18675 60 2 18762 27 87
66 19074 74 4 19148 0 74
635 19247 61 3 19308 0 61
776 19441 74 3 19515 0 74
128 19483 70 4 19585 32 102
278 19521 51 4 19636 64 115
737 19651 51 4 19702 0 51
781 19811 58 4 19869 0 58
462 19858 58 2 19927 11 69
365 20122 59 4 20181 0 59
94 20163 81 4 20262 18 99
796 20251 50 4 20362 61 111
348 20208 60 2 20372 104 164
308 20549 99 2 20648 0 99
404 21344 42 2 21386 0 42
792 21420 77 3 21497 0 77
91 21592 46 4 21638 0 46
43 21625 76 4 21714 13 89
183 21754 58 4 21812 0 58
425 21895 46 3 21941 0 46
414 21947 70 3 22017 0 70
484 22470 60 3 22530 0 60
825 22494 72 3 22602 36 108
580 22591 77 1 22679 11 88
60 22835 30 4 22865 0 30
534 22934 71 3 23005 0 71
228 22963 98 4 23103 42 140
496 23207 53 3 23260 0 53
511 23499 70 4 23569 0 70
611 23739 61 4 23800 0 61
598 23779 36 3 23886 71 107
971 23771 62 1 23898 65 127
645 23824 70 4 24018 124 194
590 23888 66 4 24034 80 146
963 23992 43 3 24077 42 85
954 24075 62 4 24139 2 64
680 24151 54 2 24205 0 54
22 24335 38 4 24373 0 38
547 24403 69 2 24472 0 69
693 24542 31 1 24573 0 31
913 24642 41 4 24683 0 41
181 25147 63 2 25210 0 63
800 25195 30 3 25240 15 45
285 25564 54 4 25618 0 54
347 25607 66 3 25684 11 77
529 25647 53 1 25737 37 90
835 25712 53 3 25790 25 78
948 25783 41 4 25831 7 48
939 25849 44 4 25893 0 44
59 25880 85 3 25978 13 98
200 26274 36 4 26310 0 36
350 26373 69 4 26442 0 69
820 26480 68 1 26548 0 68
549 26487 88 4 26686 111 199
937 26495 65 4 26701 141 206
905 26734 47 4 26781 0 47
626 26804 74 3 26878 0 74
164 26902 64 4 26966 0 64
988 26934 39 3 27055 82 121
584 26914 51 1 27056 91 142
103 27081 44 1 27125 0 44
730 27082 44 4 27169 43 87
453 27252 48 3 27300 0 48
431 27298 70 3 27370 2 72
895 27416 69 3 27485 0 69
945 27494 63 2 27557 0 63
994 27566 43 4 27609 0 43
745 27584 56 4 27665 25 81
573 27645 30 4 27695 20 50
86 27687 55 4 27750 8 63
690 27730 57 3 27807 20 77
413 27881 52 4 27933 0 52
23 27961 49 2 28010 0 49
763 28184 65 3 28249 0 65
506 28244 76 2 28325 5 81
847 28309 56 4 28381 16 72
706 28341 81 3 28462 40 121
735 28687 60 3 28747 0 60
982 28732 50 3 28797 15 65
545 28928 46 2 28974 0 46
900 29068 87 4 29155 0 87
563 29103 42 3 29197 52 94
290 29139 73 4 29270 58 131
444 29249 58 4 29328 21 79
780 29347 63 3 29410 0 63
450 29414 72 3 29486 0 72
888 29480 50 3 29536 6 56
901 29492 76 3 29612 44 120
795 29688 54 1 29742 0 54
437 29748 49 3 29797 0 49
227 29830 81 3 29911 0 81
186 29892 68 2 29979 19 87
20 29952 80 2 30059 27 107
426 30074 47 4 30121 0 47
451 30075 52 3 30173 46 98
9 30170 64 4 30237 3 67
750 30434 90 1 30524 0 90
438 30527 71 4 30598 0 71
914 30537 59 2 30657 61 120
587 30669 63 2 30732 0 63
911 30831 60 3 30891 0 60
614 30890 42 3 30933 1 43
831 31061 57 4 31118 0 57
54 31222 70 3 31292 0 70
231 31324 44 3 31368 0 44
400 31577 40 4 31617 0 40
51 31831 47 4 31878 0 47
575 31872 66 4 31944 6 72
191 31923 60 4 32004 21 81
548 32066 65 1 32131 0 65
207 32132 33 2 32215 50 83
837 32132 72 2 32237 33 105
121 32145 100 4 32387 142 242
833 32181 72 3 32459 206 278
514 32314 47 3 32506 145 192
736 32287 81 2 32537 169 250
630 32416 50 2 32587 121 171
991 32479 62 4 32749 208 270
564 32499 55 4 32804 250 305
552 32529 57 4 32811 225 282
890 32590 62 4 32873 221 283
804 32748 51 2 32924 125 176
703 32805 62 3 32986 119 181
629 32823 78 3 33014 113 191
747 32941 70 2 33134 123 193
902 32960 52 4 33186 174 226
777 33026 64 2 33200 110 174
843 33221 27 4 33248 0 27
765 33248 63 4 33311 0 63
561 33307 48 3 33409 54 102
992 33286 55 1 33414 73 128
216 33340 78 4 33542 124 202
692 33362 55 2 33547 130 185
744 33507 64 2 33611 40 104
784 33551 45 3 33656 60 105
983 33575 36 3 33742 131 167
263 33560 60 4 33902 282 342
158 33694 40 3 33942 208 248
369 33594 82 4 33974 298 380
857 33753 45 3 34019 221 266
808 33608 58 3 34077 411 469
233 33625 63 4 34090 402 465
469 33988 38 2 34278 252 290
3 33759 69 3 34297 469 538
974 34063 38 3 34335 234 272
311 33855 75 1 34360 430 505
965 33861 61 3 34371 449 510
458 33946 76 3 34397 375 451
864 34228 69 2 34616 319 388
148 34292 52 4 34668 324 376
845 34362 92 4 34760 306 398
265 34372 74 2 34784 338 412
746 34432 92 4 34876 352 444
862 34495 79 3 34905 331 410
608 34770 47 1 35202 385 432
711 34596 58 4 35210 556 614
949 34675 69 4 35329 585 654
96 34676 54 4 35383 653 707
412 34700 82 1 35515 733 815
803 35048 35 3 35550 467 502
848 34707 65 3 35565 793 858
707 34729 65 4 35630 836 901
891 34842 53 4 35733 838 891
281 34847 53 4 35736 836 889
852 34933 89 1 35825 803 892
355 34975 82 4 35957 900 982
226 35405 43 3 36050 602 645
433 34999 89 2 36139 1051 1140
740 35101 57 3 36296 1138 1195
883 35111 66 4 36312 1135 1201
481 35192 81 4 36393 1120 1201
537 35269 80 2 36423 1074 1154
979 35763 39 4 36462 660 699
217 35371 55 4 36517 1091 1146
57 35376 56 3 36523 1091 1147
178 35953 47 3 36620 620 667
13 35392 55 3 36675 1228 1283
424 36014 32 4 36757 711 743
912 35428 100 2 36807 1279 1379
672 36064 48 4 36855 743 791
137 35447 59 1 36864 1358 1417
416 35525 64 1 36878 1289 1353
313 35544 63 2 36891 1284 1347
117 35656 52 3 36893 1185 1237
601 36339 35 2 36928 554 589
466 36423 29 1 37007 555 584
809 36450 34 4 37041 557 591
872 35819 77 3 37068 1172 1249
356 35913 53 4 37171 1205 1258
927 35957 75 2 37246 1214 1289
806 36622 40 1 37286 624 664
786 36673 35 4 37321 613 648
562 35981 75 3 37346 1290 1365
210 36711 50 3 37496 735 785
724 36392 60 4 37606 1154 1214
805 36482 71 3 37677 1124 1195
985 36490 52 3 37679 1137 1189
684 36537 53 2 37682 1092 1145
695 37305 47 4 37729 377 424
319 37325 48 4 37777 404 452
500 36691 72 4 37799 1036 1108
62 36703 88 2 37887 1096 1184
762 36894 58 4 37945 993 1051
299 36911 67 3 37962 984 1051
775 37001 62 1 38024 961 1023
499 37650 36 3 38060 374 410
840 37672 41 4 38101 388 429
637 37347 66 3 38117 704 770
906 37853 49 1 38216 314 363
196 37882 36 3 38252 334 370
827 37453 65 4 38267 749 814
520 37600 65 4 38282 617 682
360 38011 43 4 38325 271 314
61 37824 59 3 38434 551 610
915 38132 48 4 38482 302 350
615 38020 70 4 38702 612 682
486 38072 65 4 38717 580 645
77 38141 90 1 38807 576 666
144 38197 68 4 38875 610 678
28 38546 42 4 38917 329 371
849 38565 41 3 38958 352 393
951 38208 61 2 38969 700 761
718 38321 69 4 39038 648 717
346 38438 58 4 39046 550 608
815 38528 59 2 39105 518 577
821 38934 45 2 39150 171 216
793 38602 88 3 39188 498 586
853 38755 65 2 39253 433 498
542 39134 41 2 39344 169 210
177 39045 58 4 39452 349 407
277 39129 73 2 39475 273 346
386 39149 85 3 39610 376 461
512 39151 60 4 39620 409 469
448 39296 54 1 39724 374 428
198 39306 65 3 39739 368 433
758 39570 47 4 39786 169 216
673 39611 50 4 39886 225 275
443 39433 76 2 39912 403 479
836 39468 75 4 39937 394 469
830 39596 71 3 40058 391 462
212 39701 98 3 40206 407 505
251 39785 73 4 40279 421 494
490 40030 49 4 40328 249 298
653 39883 80 3 40358 395 475
211 39913 77 3 40435 445 522
952 40201 33 4 40468 234 267
685 39944 65 4 40483 474 539
681 40083 79 3 40562 400 479
276 40230 64 4 40676 382 446
687 40549 31 2 40857 277 308
869 40363 62 4 40869 444 506
361 40473 63 4 40882 346 409
31 40508 68 1 40900 324 392
19 40515 65 4 41065 485 550
654 40743 48 4 41113 322 370
222 40534 51 3 41164 579 630
122 40861 28 4 41292 403 431
383 40861 48 2 41340 431 479
799 40701 64 2 41354 589 653
597 40706 96 3 41500 698 794
339 40981 37 1 41537 519 556
333 40709 59 2 41696 928 987
440 40769 57 3 41753 927 984
659 40821 58 4 41811 932 990
206 41204 42 4 41903 657 699
802 40833 58 4 41911 1020 1078
114 41299 33 1 41994 662 695
944 40905 87 1 42031 1039 1126
45 40936 93 4 42074 1045 1138
262 41503 27 4 42251 721 748
193 40982 63 2 42264 1219 1282
530 40998 57 4 42271 1216 1273
676 40998 84 3 42355 1273 1357
581 41084 75 3 42430 1271 1346
899 41155 62 4 42442 1225 1287
354 41200 64 3 42456 1192 1256
38 41262 56 4 42562 1244 1300
261 41967 50 1 42612 595 645
623 41423 79 3 42691 1189 1268
666 41429 77 4 42718 1212 1289
295 41493 69 2 42787 1225 1294
171 41614 56 4 42793 1123 1179
44 41680 64 4 42907 1163 1227
282 42388 45 1 42952 519 564
503 41871 52 3 43054 1131 1183
773 41876 58 4 43062 1128 1186
675 42519 25 3 43087 543 568
349 42036 68 4 43155 1051 1119
422 42164 72 4 43277 1041 1113
621 42291 53 4 43330 986 1039
352 42314 58 4 43338 966 1024
294 42916 20 4 43358 422 442
399 42403 71 3 43379 905 976
145 42981 47 4 43476 448 495
760 42448 61 4 43587 1078 1139
644 43004 49 4 43636 583 632
641 43040 46 2 43732 646 692
964 42580 60 4 43742 1102 1162
794 42624 52 1 43744 1068 1120
969 42708 55 2 43749 986 1041
163 42758 70 3 43869 1041 1111
260 42971 73 2 43992 948 1021
663 42983 75 4 44117 1059 1134
717 42984 57 4 44224 1183 1240
189 43631 46 1 44320 643 689
688 43025 70 4 44340 1245 1315
521 43231 65 4 44455 1159 1224
866 43251 73 3 44578 1254 1327
126 43312 56 2 44634 1266 1322
467 43366 56 1 44690 1268 1324
151 43393 66 3 44806 1347 1413
787 43475 56 3 44862 1331 1387
749 44069 36 4 44898 793 829
933 43522 61 3 44909 1326 1387
316 43523 58 4 44917 1336 1394
81 43568 61 4 45028 1399 1460
731 44230 40 2 45068 798 838
667 44307 39 4 45307 961 1000
532 43671 67 3 45324 1586 1653
483 43723 71 2 45395 1601 1672
309 44416 50 4 45495 1029 1079
35 43770 77 2 45522 1675 1752
636 43797 67 2 45689 1825 1892
280 44560 37 3 45776 1179 1216
876 44567 41 3 45817 1209 1250
704 43867 65 3 45832 1900 1965
138 43898 80 3 45912 1934 2014
363 43933 56 4 45968 1979 2035
423 44729 50 2 46068 1289 1339
473 43944 74 3 46092 2074 2148
303 44002 56 2 46098 2040 2096
162 44818 49 3 46147 1280 1329
378 44879 42 2 46239 1318 1360
403 44182 55 3 46244 2007 2062
39 44224 57 3 46301 2020 2077
407 44241 60 4 46411 2110 2170
632 44254 52 2 46513 2207 2259
720 45143 49 4 46612 1420 1469
559 44264 81 4 46643 2298 2379
639 45184 20 4 46663 1459 1479
256 45207 36 3 46749 1506 1542
509 44272 54 3 46803 2477 2531
524 45265 24 1 46877 1588 1612
220 44384 57 4 46984 2543 2600
755 44399 98 4 47132 2635 2733
709 44463 62 4 47244 2719 2781
274 45567 50 1 47344 1727 1777
702 44485 99 3 47393 2809 2908
289 45621 31 1 47524 1872 1903
960 44489 65 4 47539 2985 3050
418 45623 47 4 47586 1916 1963
464 44529 68 3 47604 3007 3075
326 44631 77 4 47681 2973 3050
855 44678 83 4 47814 3053 3136
170 44726 64 3 47878 3088 3152
478 46081 50 4 48028 1897 1947
554 46125 42 4 48070 1903 1945
797 44830 72 2 48092 3190 3262
642 44960 88 2 48230 3182 3270
204 44975 89 3 48269 3205 3294
338 45014 74 4 48293 3205 3279
674 46410 37 4 48330 1883 1920
714 45097 100 2 48380 3183 3283
250 46436 45 4 48475 1994 2039
11 46457 50 4 48525 2018 2068
195 45101 68 4 48543 3374 3442
955 45143 61 4 48554 3350 3411
818 45202 83 4 48737 3452 3535
71 45215 89 3 49026 3722 3811
557 46771 50 3 49076 2255 2305
860 45254 74 2 49200 3872 3946
291 45276 55 4 49255 3924 3979
935 45277 57 1 49262 3928 3985
253 45329 54 4 49366 3983 4037
896 45389 67 2 49433 3977 4044
107 45396 55 2 49588 4137 4192
98 45416 78 4 49716 4222 4300
596 45538 61 3 49777 4178 4239
139 45576 85 1 49862 4201 4286
908 45614 51 4 49913 4248 4299
2 45713 85 3 50048 4250 4335
110 45846 59 4 50057 4152 4211
175 45910 60 3 50167 4197 4257
215 45915 72 1 50239 4252 4324
65 45998 53 4 50292 4241 4294
288 46047 84 3 50376 4245 4329
571 46175 85 4 50461 4201 4286
52 46230 72 4 50483 4181 4253
15 46431 75 2 50608 4102 4177
199 48448 48 4 50706 2210 2258
297 48553 45 4 50751 2153 2198
230 46515 59 2 50760 4186 4245
646 48592 43 4 50803 2168 2211
241 46594 60 3 50813 4159 4219
956 46657 84 4 50847 4106 4190
46 46694 61 2 50908 4153 4214
628 48778 45 2 51003 2180 2225
79 46696 79 2 51082 4307 4386
824 46714 77 4 51109 4318 4395
732 48850 20 3 51179 2309 2329
72 46727 58 4 51287 4502 4560
978 46735 60 3 51297 4502 4562
976 46777 56 3 51303 4470 4526
419 49117 44 2 51347 2186 2230
18 49119 43 4 51390 2228 2271
975 46785 58 3 51398 4555 4613
923 46854 66 4 51614 4694 4760
340 49256 39 3 51703 2408 2447
932 46932 93 3 51746 4721 4814
441 49300 32 2 51778 2446 2478
555 46948 58 2 51786 4780 4838
1000 47034 74 3 51860 4752 4826
306 49425 46 3 51956 2485 2531
67 47051 72 4 51978 4855 4927
42 47074 65 4 51993 4854 4919
757 47097 66 3 52059 4896 4962
579 47135 78 3 52187 4974 5052
647 47148 71 4 52308 5089 5160
577 49645 38 4 52346 2663 2701
574 47238 55 3 52401 5108 5163
435 47278 74 4 52475 5123 5197
546 49831 48 2 52523 2644 2692
286 47429 74 3 52597 5094 5168
998 47448 74 3 52621 5099 5173
721 47535 73 3 52644 5036 5109
307 50002 44 1 52688 2642 2686
973 47695 63 3 52751 4993 5056
540 47730 67 4 52768 4971 5038
372 47779 71 3 52789 4939 5010
245 47827 77 1 52866 4962 5039
725 47888 66 4 52882 4928 4994
497 47936 65 4 52897 4896 4961
113 48194 52 3 52899 4653 4705
305 48375 80 3 52979 4524 4604
359 48381 60 4 52989 4548 4608
48 48661 52 3 53141 4428 4480
331 50893 47 4 53238 2298 2345
429 48778 63 4 53251 4410 4473
826 48779 72 4 53323 4472 4544
188 48843 52 2 53475 4580 4632
232 51145 36 3 53511 2330 2366
73 48862 77 1 53538 4599 4676
25 48863 55 3 53543 4625 4680
660 49129 58 2 53651 4464 4522
377 49143 69 3 53670 4458 4527
961 49172 61 3 53831 4598 4659
924 51527 46 2 53877 2304 2350
742 49173 58 4 53885 4654 4712
452 49207 68 4 53903 4628 4696
522 49327 69 4 54072 4676 4745
863 51813 39 2 54111 2259 2298
841 49379 59 2 54120 4682 4741
633 51937 20 1 54140 2183 2203
41 49498 61 3 54151 4592 4653
713 49543 84 1 54185 4558 4642
743 49564 72 3 54307 4671 4743
124 49619 52 1 54309 4638 4690
397 49626 67 2 54376 4683 4750
111 49649 100 4 54576 4827 4927
434 52350 46 4 54622 2226 2272
505 49743 79 3 54651 4829 4908
962 49836 95 4 54696 4765 4860
334 52579 48 3 54744 2117 2165
591 50004 67 3 54961 4890 4957
445 50183 64 3 55075 4828 4892
880 50490 69 2 55244 4685 4754
203 50613 52 3 55296 4631 4683
239 50624 93 2 55339 4622 4715
301 53086 47 4 55486 2353 2400
517 50725 60 2 55496 4711 4771
606 50874 65 4 55511 4572 4637
269 53227 41 4 55552 2284 2325
460 50951 60 4 55562 4551 4611
16 51066 68 4 55680 4546 4614
327 51084 78 2 55758 4596 4674
634 51094 59 1 55817 4664 4723
807 51284 64 4 55931 4583 4647
928 51299 57 4 55988 4632 4689
538 51453 52 2 56040 4535 4587
889 51454 56 3 56146 4636 4692
990 51491 76 2 56222 4655 4731
235 51655 64 4 56336 4617 4681
682 51726 54 4 56390 4610 4664
551 51777 54 4 56394 4563 4617
572 52088 57 1 56601 4456 4513
225 52103 57 4 56658 4498 4555
854 54286 44 1 56802 2472 2516
610 52229 73 3 56925 4623 4696
526 52297 76 2 57001 4628 4704
617 54415 39 3 57040 2586 2625
380 52307 52 2 57042 4683 4735
582 52337 58 1 57050 4655 4713
811 54539 50 4 57200 2611 2661
24 54645 44 1 57344 2655 2699
32 54688 44 4 57388 2656 2700
700 54727 49 1 57437 2661 2710
463 52592 61 2 57498 4845 4906
93 52658 86 1 57534 4790 4876
115 52663 52 3 57586 4871 4923
7 52666 66 1 57602 4870 4936
468 52707 53 4 57705 4945 4998
501 52735 62 3 57717 4920 4982
123 55036 47 4 57814 2731 2778
649 55069 47 4 57911 2795 2842
643 52826 61 4 57972 5085 5146
741 52836 74 4 57996 5086 5160
184 52896 76 3 58122 5150 5226
625 55238 42 3 58164 2884 2926
618 52923 51 4 58165 5191 5242
550 53051 60 3 58325 5214 5274
105 53052 81 4 58406 5273 5354
236 55420 46 4 58452 2986 3032
388 53260 63 2 58765 5442 5505
100 53302 69 3 58834 5463 5532
850 53325 66 4 58950 5559 5625
785 53392 65 3 59015 5558 5623
284 53478 55 1 59020 5487 5542
873 53483 58 1 59028 5487 5545
516 55882 21 4 59049 3146 3167
938 53556 85 4 59084 5443 5528
219 53639 76 4 59110 5395 5471
768 53683 76 4 59186 5427 5503
527 53706 54 1 59190 5430 5484
620 53726 84 3 59324 5514 5598
968 53860 70 4 59344 5414 5484
63 53896 71 4 59365 5398 5469
298 53918 88 4 59453 5447 5535
315 56390 49 4 59552 3113 3162
351 54106 67 4 59569 5396 5463
234 54136 66 3 59635 5433 5499
159 54148 78 3 59713 5487 5565
892 54177 53 2 59716 5486 5539
553 56561 47 3 59763 3155 3202
519 54209 53 3 59766 5504 5557
754 56603 34 4 59800 3163 3197
536 54243 57 4 59807 5507 5564
389 54253 57 4 59814 5504 5561
970 54293 51 4 59865 5521 5572
161 54308 67 4 59882 5507 5574
839 54333 64 4 59896 5499 5563
166 56998 39 4 60035 2998 3037
406 54481 54 1 60089 5554 5608
76 54518 71 2 60160 5571 5642
104 54575 66 3 60226 5585 5651
605 57232 21 3 60297 3044 3065
456 54619 57 4 60304 5628 5685
594 57364 31 3 60435 3040 3071
472 54743 60 1 60545 5742 5802
712 57443 37 4 60582 3102 3139
379 57473 37 4 60619 3109 3146
558 54809 67 2 60686 5810 5877
616 57589 29 4 60715 3097 3126
209 57596 38 2 60803 3169 3207
392 54910 52 3 60805 5843 5895
17 57624 45 4 60850 3181 3226
174 54922 76 4 60876 5878 5954
367 55030 63 3 60939 5846 5909
74 55059 71 2 61110 5980 6051
119 55072 71 3 61131 5988 6059
341 55140 55 4 61186 5991 6046
376 55175 86 3 61272 6011 6097
733 58091 42 4 61314 3181 3223
29 55308 51 1 61365 6006 6057
946 55311 75 4 61390 6004 6079
342 55334 60 3 61400 6006 6066
271 58283 44 4 61444 3117 3161
428 55365 66 3 61460 6029 6095
40 58332 49 4 61509 3128 3177
56 58333 43 4 61552 3176 3219
489 55425 64 2 61566 6077 6141
867 55456 58 3 61624 6110 6168
541 55496 80 4 61704 6128 6208
930 55522 51 4 61755 6182 6233
492 58646 44 1 61799 3109 3153
275 55530 79 3 61828 6219 6298
528 55544 69 3 61847 6234 6303
958 55607 100 4 61947 6240 6340
287 55627 81 4 62078 6370 6451
248 55637 63 4 62091 6391 6454
539 55714 53 3 62094 6327 6380
304 58997 46 4 62140 3097 3143
127 56003 74 2 62164 6087 6161
314 59183 36 2 62300 3081 3117
668 59188 31 4 62331 3112 3143
997 56102 61 3 62342 6179 6240
459 56133 56 4 62398 6209 6265
513 56291 67 3 62515 6157 6224
957 56351 64 2 62579 6164 6228
192 59525 41 4 62670 3104 3145
83 56443 54 4 62674 6177 6231
798 56475 60 4 62734 6199 6259
677 59642 41 2 62775 3092 3133
366 56710 85 3 62860 6065 6150
55 59840 38 2 62898 3020 3058
696 56934 91 3 62989 5964 6055
273 56949 94 4 63183 6140 6234
302 60021 41 1 63274 3212 3253
788 57045 66 2 63290 6179 6245
751 57099 57 1 63347 6191 6248
870 60126 40 4 63437 3271 3311
679 57182 54 4 63441 6205 6259
194 57202 68 4 63459 6189 6257
909 57315 63 2 63472 6094 6157
701 60313 34 4 63506 3159 3193
977 57350 86 4 63542 6106 6192
816 57381 77 1 63669 6211 6288
708 57418 79 3 63798 6301 6380
375 60496 29 4 63827 3302 3331
801 60517 33 3 63860 3310 3343
320 57492 51 3 63861 6318 6369
415 57590 68 1 63879 6221 6289
482 60726 36 2 63965 3203 3239
142 57715 64 3 63979 6200 6264
972 57754 54 4 64033 6225 6279
157 57770 57 4 64040 6213 6270
566 57795 58 3 64098 6245 6303
842 61056 44 2 64142 3042 3086
588 57929 63 3 64155 6163 6226
936 61149 44 3 64199 3006 3050
926 58042 90 4 64239 6107 6197
229 58162 78 4 64367 6127 6205
129 61418 30 4 64497 3049 3079
8 61472 32 4 64529 3025 3057
814 58462 56 3 64535 6017 6073
449 58549 73 4 64558 5936 6009
125 58556 67 3 64625 6002 6069
475 61759 21 3 64646 2866 2887
828 61803 43 3 64739 2893 2936
604 61829 49 4 64838 2960 3009
494 58727 60 1 64898 6111 6171
446 58822 73 3 64971 6076 6149
967 58828 74 4 65045 6143 6217
879 59141 69 3 65064 5854 5923
631 59146 78 3 65142 5918 5996
401 59215 72 2 65214 5927 5999
726 59253 73 4 65337 6011 6084
697 59300 89 3 65476 6087 6176
90 62480 43 4 65569 3046 3089
861 59439 80 2 65699 6180 6260
789 62552 49 4 65798 3197 3246
312 59462 70 4 65818 6286 6356
89 59573 55 4 65823 6195 6250
578 62691 30 4 65853 3132 3162
182 59667 60 4 65963 6236 6296
293 59842 55 4 66018 6121 6176
999 59901 97 2 66115 6117 6214
683 59905 84 1 66149 6160 6244
851 59921 57 3 66206 6228 6285
80 63158 47 4 66403 3198 3245
14 59999 69 3 66422 6354 6423
544 60074 61 1 66483 6348 6409
523 63307 37 4 66520 3176 3213
488 60093 65 2 66585 6427 6492
156 63367 48 4 66683 3268 3316
279 63369 49 4 66732 3314 3363
993 60410 75 2 66907 6422 6497
120 60428 59 4 66966 6479 6538
267 60446 60 3 67026 6520 6580
531 63690 45 2 67071 3336 3381
885 60467 73 3 67094 6554 6627
147 63790 49 3 67143 3304 3353
322 60721 55 3 67198 6422 6477
719 60934 59 1 67257 6264 6323
921 60996 57 2 67264 6211 6268
109 64088 45 2 67309 3176 3221
570 64169 46 4 67405 3190 3236
272 61214 53 4 67408 6141 6194
252 61246 63 1 67421 6112 6175
390 61370 64 3 67635 6201 6265
310 61397 75 2 67660 6188 6263
823 64420 39 4 67699 3240 3279
136 61635 84 4 67883 6164 6248
508 61800 64 4 67897 6033 6097
491 61816 80 2 67927 6031 6111
68 61840 65 3 67942 6037 6102
753 61853 77 3 67969 6039 6116
179 64918 31 4 68000 3051 3082
1 61981 51 3 68001 5969 6020
929 64973 44 4 68045 3028 3072
99 62173 62 2 68057 5822 5884
525 62299 66 3 68123 5758 5824
345 62365 73 3 68196 5758 5831
485 62397 58 2 68304 5849 5907
442 62425 54 3 68308 5829 5883
920 62430 77 4 68385 5878 5955
981 62466 54 4 68389 5869 5923
844 62482 55 4 68394 5857 5912
405 62509 51 4 68445 5885 5936
254 62543 69 3 68514 5902 5971
454 62714 76 3 68590 5800 5876
292 62736 66 1 68656 5854 5920
619 62852 100 4 68706 5754 5854
822 62966 65 4 68771 5740 5805
26 63053 62 2 68983 5868 5930
761 63095 53 4 68986 5838 5891
607 66247 45 2 69081 2789 2834
907 63142 66 4 69097 5889 5955
665 63156 64 2 69111 5891 5955
583 63248 52 2 69163 5863 5915
337 66495 38 4 69201 2668 2706
897 63332 72 1 69273 5869 5941
165 63365 68 3 69291 5858 5926
336 66647 43 3 69434 2744 2787
480 63377 69 2 69653 6207 6276
324 63402 68 2 69671 6201 6269
987 63538 91 4 69712 6083 6174
155 66890 35 4 69797 2872 2907
53 63549 56 4 69803 6198 6254
384 63600 58 4 69861 6203 6261
411 66972 39 2 69950 2939 2978
82 67110 20 3 70170 3040 3060
300 63815 71 1 70241 6355 6426
97 67155 32 4 70273 3086 3118
205 67193 27 4 70350 3130 3157
420 63922 63 2 70363 6378 6441
160 64089 53 1 70366 6224 6277
476 67347 47 1 70413 3019 3066
699 64306 75 3 70438 6057 6132
439 64318 62 3 70450 6070 6132
477 64342 94 3 70494 6058 6152
118 64346 51 2 70495 6098 6149
819 64431 96 4 70591 6064 6160
27 67746 50 4 70641 2845 2895
498 64436 76 3 70667 6155 6231
264 64465 70 3 70687 6152 6222
69 67861 37 3 70724 2826 2863
650 67902 39 2 70813 2872 2911
353 65123 68 2 70831 5640 5708
652 65181 65 4 70946 5700 5765
565 65217 63 4 70959 5679 5742
430 65232 58 4 70967 5677 5735
812 65349 68 2 70985 5568 5636
868 65603 100 2 71035 5332 5432
374 65639 65 2 71050 5346 5411
133 65712 72 2 71122 5338 5410
980 65876 66 1 71138 5196 5262
455 66008 57 4 71195 5130 5187
268 66029 67 3 71262 5166 5233
396 66045 67 3 71329 5217 5284
173 66048 60 2 71339 5231 5291
402 66100 67 2 71356 5189 5256
317 68963 48 4 71404 2393 2441
602 66242 53 3 71407 5112 5165
728 66410 78 4 71535 5047 5125
176 66498 64 4 71599 5037 5101
495 66633 61 1 71660 4966 5027
846 66642 75 1 71685 4968 5043
510 66648 52 4 71737 5037 5089
373 66656 81 3 71818 5081 5162
36 69512 49 3 71867 2306 2355
447 66682 60 3 71877 5135 5195
149 66706 72 4 71949 5171 5243
593 66862 57 4 72056 5137 5194
283 69775 44 4 72150 2331 2375
213 69797 33 4 72233 2403 2436
168 66933 51 3 72234 5250 5301
101 66969 87 4 72321 5265 5352
246 69902 37 4 72358 2419 2456
152 69908 32 2 72390 2450 2482
410 67004 90 4 72430 5336 5426
782 67032 52 3 72482 5398 5450
875 70050 40 4 72522 2432 2472
887 67059 69 2 72541 5413 5482
457 67108 52 4 72593 5433 5485
84 67123 79 1 72622 5420 5499
589 67159 58 1 72630 5413 5471
877 70370 49 1 72779 2360 2409
382 67636 62 4 72941 5243 5305
325 67861 63 4 73104 5180 5243
64 68060 53 1 73157 5044 5097
417 68092 60 3 73167 5015 5075
180 71047 49 4 73316 2220 2269
705 68500 59 4 73325 4766 4825
586 68650 73 4 73348 4625 4698
966 68715 74 4 73422 4633 4707
242 71261 40 3 73562 2261 2301
859 68780 69 2 73581 4732 4801
790 69033 62 2 73693 4598 4660
996 69110 74 3 73717 4533 4607
197 69161 64 1 73781 4556 4620
504 69269 80 3 73811 4462 4542
648 69359 60 3 73821 4402 4462
394 69482 61 3 73882 4339 4400
357 71785 37 4 73919 2097 2134
813 71816 46 1 73965 2103 2149
662 69583 59 3 73974 4332 4391
738 69629 61 1 73985 4295 4356
941 69709 64 4 74049 4276 4340
88 69743 71 3 74070 4256 4327
670 69787 66 4 74136 4283 4349
838 72170 37 1 74173 1966 2003
224 69818 52 4 74175 4305 4357
568 69954 56 4 74431 4421 4477
108 72482 28 2 74459 1949 1977
599 70059 56 1 74515 4400 4456
208 70312 88 3 74603 4203 4291
533 70319 62 2 74665 4284 4346
638 70387 63 3 74728 4278 4341
432 70419 89 1 74767 4259 4348
658 70466 67 4 74784 4251 4318
238 72930 46 3 74830 1854 1900
916 70678 66 3 74846 4102 4168
898 70685 77 3 74923 4161 4238
343 70720 63 4 75036 4253 4316
832 70778 68 1 75054 4208 4276
362 70952 82 3 75136 4102 4184
640 70984 85 4 75171 4102 4187
85 71170 67 4 75188 3951 4018
942 73403 42 2 75330 1885 1927
329 71196 77 2 75357 4084 4161
471 71250 79 3 75386 4057 4136
694 71320 89 2 75425 4016 4105
214 71354 70 3 75445 4021 4091
669 71466 81 3 75476 3929 4010
368 73734 48 4 75524 1742 1790
774 71693 77 3 75601 3831 3908
878 71988 74 3 75725 3663 3737
132 72080 72 4 75747 3595 3667
771 72287 62 4 75809 3460 3522
474 74192 39 1 75848 1617 1656
398 72370 68 1 75866 3428 3496
515 72386 51 3 75917 3480 3531
770 72391 56 2 75923 3476 3532
871 72395 65 2 75938 3478 3543
739 72500 75 4 76013 3438 3513
169 72569 54 2 76117 3494 3548
221 72642 78 3 76245 3525 3603
393 72711 74 3 76319 3534 3608
989 72957 71 3 76390 3362 3433
624 73013 82 3 76472 3377 3459
917 73020 80 2 76502 3402 3482
34 73121 65 4 76567 3381 3446
609 73352 51 3 76668 3265 3316
748 73376 69 2 76687 3242 3311
569 73808 79 2 76766 2879 2958
49 73944 56 3 76772 2772 2828
783 73963 56 4 76828 2809 2865
769 75725 50 1 76878 1103 1153
240 74166 60 4 76888 2662 2722
50 74240 68 2 76956 2648 2716
612 74424 56 4 77012 2532 2588
715 74460 57 3 77119 2602 2659
33 74492 72 3 77241 2677 2749
150 74540 61 1 77252 2651 2712
882 74572 60 3 77262 2630 2690
296 74657 51 4 77413 2705 2756
931 74826 57 2 77470 2587 2644
874 74917 73 1 77493 2503 2576
502 74997 58 4 77601 2546 2604
918 75104 80 3 77631 2447 2527
664 76596 39 2 77670 1035 1074
10 75142 73 3 77693 2478 2551
543 75502 75 4 77718 2141 2216
778 75642 76 2 77744 2026 2102
421 75765 53 1 77747 1929 1982
146 75870 70 4 77767 1827 1897
716 75986 73 4 77790 1731 1804
328 76004 91 4 77881 1786 1877
934 76052 64 4 77895 1779 1843
661 77143 20 1 77915 752 772
613 76059 64 4 77929 1806 1870
381 76168 93 4 78022 1761 1854
335 76173 59 2 78031 1799 1858
595 76219 71 3 78102 1812 1883
756 76312 74 3 78126 1740 1814
358 76405 77 3 78153 1671 1748
759 76420 77 3 78180 1683 1760
37 77773 49 2 78429 607 656
535 77051 66 2 78445 1328 1394
135 77249 54 1 78449 1146 1200
910 77332 64 4 78513 1117 1181
409 78106 46 4 78559 407 453
592 77545 85 1 78594 964 1049
567 77555 57 3 78601 989 1046
102 77577 83 3 78634 974 1057
12 77765 58 4 78642 819 877
678 78022 55 1 78697 620 675
627 78433 75 3 78922 414 489
370 78463 65 3 78937 409 474
5 78507 57 3 78944 380 437
249 78521 62 3 79006 423 485
518 78636 74 3 79130 420 494
722 78779 69 3 79249 401 470
691 78805 63 3 79312 444 507
112 78842 64 4 79326 420 484
600 78870 78 3 79354 406 484
560 79164 49 4 79403 190 239
834 78918 80 3 79433 435 515
950 78966 51 4 79434 417 468
141 79878 41 2 79919 0 41
603 79946 71 4 80017 0 71
465 80047 93 4 80140 0 93
686 80556 36 1 80592 0 36
255 80622 53 2 80675 0 53
427 80765 57 2 80822 0 57
710 80814 65 3 80887 8 73
4 81493 48 3 81541 0 48
651 82288 71 2 82359 0 71
153 82316 68 4 82427 43 111
218 82615 76 3 82691 0 76
507 82804 77 4 82881 0 77
953 82869 48 4 82929 12 60
321 82892 61 4 82990 37 98
959 83020 70 3 83090 0 70
223 83101 39 3 83140 0 39
385 83111 82 3 83222 29 111
243 83502 70 2 83572 0 70
657 83963 26 3 83989 0 26
134 84168 63 2 84231 0 63
461 84919 28 4 84947 0 28
47 84923 62 3 85009 24 86
154 85792 71 1 85863 0 71
986 85888 43 4 85931 0 43
116 85998 63 4 86061 0 63
257 86029 78 4 86139 32 110
622 86585 58 3 86643 0 58
734 87127 40 1 87167 0 40
201 87242 35 3 87277 0 35
30 88173 65 3 88238 0 65
247 88254 50 2 88304 0 50
106 89497 57 1 89554 0 57
856 89624 87 4 89711 0 87
344 90589 43 4 90632 0 43
323 90684 62 4 90746 0 62
886 90968 60 4 91028 0 60
671 91038 58 4 91096 0 58
436 91589 57 4 91646 0 57
655 91839 20 3 91859 0 20
21 92039 58 3 92097 0 58
244 92280 71 4 92351 0 71
332 92480 55 1 92535 0 55
70 93324 68 3 93392 0 68
140 95395 57 1 95452 0 57
130 95765 82 4 95847 0 82
371 97525 65 2 97590 0 65
259 99764 74 3 99838 0 74
92 100000 45 3 100045 0 45
318 100000 49 2 100244 195 244
585 100000 98 3 100342 244 342
995 100000 66 4 100358 292 358
172 100000 84 2 100392 308 392
187 100000 85 1 100427 342 427
