100422 1000 1212 1152
580 0 51 2 51 0 51
481 0 55 3 106 51 106
577 0 56 3 162 106 162
114 0 64 4 226 162 226
780 0 72 4 298 226 298
947 0 100 2 398 298 398
308 1388 45 1 1433 0 45
747 2326 63 2 2389 0 63
71 2742 53 4 2795 0 53
844 3017 75 3 3092 0 75
269 3428 60 4 3488 0 60
753 4876 100 4 4976 0 100
627 5598 60 4 5658 0 60
300 7616 71 3 7687 0 71
149 7931 72 4 8003 0 72
467 8036 50 2 8086 0 50
839 8815 53 4 8868 0 53
991 8911 38 3 8949 0 38
767 8977 80 4 9057 0 80
678 9296 79 3 9375 0 79
287 9646 52 4 9698 0 52
999 10374 64 4 10438 0 64
899 10949 50 4 10999 0 50
487 11431 78 4 11509 0 78
407 11559 80 3 11639 0 80
671 11940 86 1 12026 0 86
203 12015 36 2 12062 11 47
220 12163 75 3 12238 0 75
403 12249 87 4 12336 0 87
373 12253 80 3 12416 83 163
488 12352 36 3 12452 64 100
565 12528 74 2 12602 0 74
957 12555 65 2 12667 47 112
695 12976 64 1 13040 0 64
416 13033 61 4 13101 7 68
143 13266 75 4 13341 0 75
611 13853 32 3 13885 0 32
36 14059 42 3 14101 0 42
259 14123 65 3 14188 0 65
388 14431 67 2 14498 0 67
907 14695 66 2 14761 0 66
895 14992 79 1 15071 0 79
550 15087 82 2 15169 0 82
813 15175 75 2 15250 0 75
69 15332 69 4 15401 0 69
842 15575 41 4 15616 0 41
460 15727 64 2 15791 0 64
633 15906 77 4 15983 0 77
805 16032 77 2 16109 0 77
265 16492 61 2 16553 0 61
246 16934 84 2 17018 0 84
305 16950 55 3 17073 68 123
397 17062 69 4 17142 11 80
59 17141 41 4 17183 1 42
872 17189 77 4 17266 0 77
775 17283 91 4 17374 0 91
227 17658 67 3 17725 0 67
274 17886 58 1 17944 0 58
968 17943 48 4 17992 1 49
154 17917 90 2 18082 75 165
637 18610 100 3 18710 0 100
528 18646 48 4 18758 64 112
726 18730 60 3 18818 28 88
208 18788 55 4 18873 30 85
219 18904 60 4 18964 0 60
283 19105 50 3 19155 0 50
255 19256 32 3 19288 0 32
703 19432 86 2 19518 0 86
495 19735 73 4 19808 0 73
689 19954 76 4 20030 0 76
803 19957 64 2 20094 73 137
642 20055 66 4 20160 39 105
559 20159 71 3 20231 1 72
911 20169 52 3 20283 62 114
618 20261 72 3 20355 22 94
990 20387 66 4 20453 0 66
389 20427 67 3 20520 26 93
535 20489 56 4 20576 31 87
453 20580 71 4 20651 0 71
856 20713 64 4 20777 0 64
131 20996 44 3 21040 0 44
808 21178 35 4 21213 0 35
20 21230 47 1 21277 0 47
727 21416 51 4 21467 0 51
700 21521 47 3 21568 0 47
745 21746 81 4 21827 0 81
846 21911 66 4 21977 0 66
107 21918 64 4 22041 59 123
342 22033 71 3 22112 8 79
713 22063 60 4 22172 49 109
159 22275 74 4 22349 0 74
620 22353 58 4 22411 0 58
507 22580 61 2 22641 0 61
48 22589 53 2 22694 52 105
766 22667 59 4 22753 27 86
103 22747 59 2 22812 6 65
184 22655 67 1 22879 157 224
51 22855 45 3 22924 24 69
784 23028 62 4 23090 0 62
497 23048 46 3 23136 42 88
738 23256 54 2 23310 0 54
915 23327 57 1 23384 0 57
737 23340 48 3 23432 44 92
820 23616 63 3 23679 0 63
181 23809 60 4 23869 0 60
789 23969 78 4 24047 0 78
657 24266 62 1 24328 0 62
557 24369 30 2 24399 0 30
310 24423 59 1 24482 0 59
824 24891 86 2 24977 0 86
604 24944 22 1 24999 33 55
966 24922 51 3 25050 77 128
312 25198 55 3 25253 0 55
928 25241 78 3 25331 12 90
498 25331 70 3 25401 0 70
150 25501 71 3 25572 0 71
929 25620 53 3 25673 0 53
896 25749 78 4 25827 0 78
763 26054 45 4 26099 0 45
77 26194 54 4 26248 0 54
822 26255 46 4 26301 0 46
165 26279 48 4 26349 22 70
384 26426 64 1 26490 0 64
680 26443 57 1 26547 47 104
141 26658 48 2 26706 0 48
450 26993 65 2 27058 0 65
239 27197 81 2 27278 0 81
337 27379 68 3 27447 0 68
119 27648 52 1 27700 0 52
170 27718 56 3 27774 0 56
157 27727 58 4 27832 47 105
829 27818 49 4 27881 14 63
241 27995 73 4 28068 0 73
276 28063 49 4 28117 5 54
677 28166 45 2 28211 0 45
956 28291 62 4 28353 0 62
749 28406 41 4 28447 0 41
949 28554 62 4 28616 0 62
401 28619 34 4 28653 0 34
908 28623 65 4 28718 30 95
164 28753 87 4 28840 0 87
64 28822 58 2 28898 18 76
175 28888 62 4 28960 10 72
19 28983 64 2 29047 0 64
9 29166 57 1 29223 0 57
912 29243 61 2 29304 0 61
524 29361 97 1 29458 0 97
147 29423 71 1 29529 35 106
381 29493 51 4 29580 36 87
134 29510 62 4 29642 70 132
171 29501 87 4 29729 141 228
972 29973 57 3 30030 0 57
391 30057 30 3 30087 0 30
54 30067 62 2 30149 20 82
694 30101 90 4 30239 48 138
629 30308 65 4 30373 0 65
774 30344 36 2 30409 29 65
104 30462 46 3 30508 0 46
195 30529 82 3 30611 0 82
573 30959 48 2 31007 0 48
734 31050 59 4 31109 0 59
876 31091 56 4 31165 18 74
511 31168 68 2 31236 0 68
338 31187 63 3 31299 49 112
843 31257 46 2 31345 42 88
600 31170 87 2 31432 175 262
998 31455 46 4 31501 0 46
336 31531 79 3 31610 0 79
431 31554 25 1 31635 56 81
223 31761 70 4 31831 0 70
510 31970 53 3 32023 0 53
532 32034 89 3 32123 0 89
837 32092 55 4 32178 31 86
667 32132 46 3 32224 46 92
494 32208 66 4 32290 16 82
733 32265 68 4 32358 25 93
602 32333 36 2 32394 25 61
608 32287 98 3 32492 107 205
257 32476 40 2 32532 16 56
950 32572 50 4 32622 0 50
519 32581 45 4 32667 41 86
855 32647 41 2 32708 20 61
120 32766 65 4 32831 0 65
556 32810 78 2 32909 21 99
395 32896 31 3 32940 13 44
769 32990 56 3 33046 0 56
937 33073 80 3 33153 0 80
385 33122 60 3 33213 31 91
252 33131 71 4 33284 82 153
22 33372 68 3 33440 0 68
730 33512 83 4 33595 0 83
309 33626 77 3 33703 0 77
484 33699 50 2 33753 4 54
238 33757 58 4 33815 0 58
228 33938 74 3 34012 0 74
619 33996 58 4 34070 16 74
295 33984 68 3 34138 86 154
72 34150 69 3 34219 0 69
84 34218 81 3 34300 1 82
459 34337 87 2 34424 0 87
289 34381 62 4 34486 43 105
209 34431 55 2 34541 55 110
43 34480 68 4 34609 61 129
563 34609 78 4 34687 0 78
225 34504 81 2 34768 183 264
552 34741 64 4 34832 27 91
640 34772 45 4 34877 60 105
748 34855 73 4 34950 22 95
969 34921 35 4 34985 29 64
499 34786 84 4 35069 199 283
500 35054 70 3 35139 15 85
67 35036 72 2 35211 103 175
245 35204 64 1 35275 7 71
885 35336 54 4 35390 0 54
420 35378 69 2 35459 12 81
806 35340 91 3 35550 119 210
96 35511 45 2 35595 39 84
551 35583 70 2 35665 12 82
288 35702 60 1 35762 0 60
622 35807 36 1 35843 0 36
4 35844 73 4 35917 0 73
863 36019 53 1 36072 0 53
756 36028 46 2 36118 44 90
311 36121 52 1 36173 0 52
831 36191 60 4 36251 0 60
659 36258 71 4 36329 0 71
86 36307 47 4 36376 22 69
199 36284 59 1 36435 92 151
589 36379 63 4 36498 56 119
423 36497 56 4 36554 1 57
458 36356 68 2 36622 198 266
515 36282 74 4 36696 340 414
961 36656 33 3 36729 40 73
3 36652 70 3 36799 77 147
660 36764 30 4 36829 35 65
575 36794 55 4 36884 35 90
34 36785 59 1 36943 99 158
723 36293 76 3 37019 650 726
751 36958 57 4 37076 61 118
542 36604 79 4 37155 472 551
975 37080 34 4 37189 75 109
100 37156 32 4 37221 33 65
249 37119 46 4 37267 102 148
512 37135 82 2 37349 132 214
965 37324 61 4 37410 25 86
89 37425 40 2 37465 0 40
130 37584 45 1 37629 0 45
857 37595 77 1 37706 34 111
834 37671 64 3 37770 35 99
832 37717 72 1 37842 53 125
38 37831 46 3 37888 11 57
193 37792 52 3 37940 96 148
330 37906 47 4 37987 34 81
538 37860 55 4 38042 127 182
2 37720 78 3 38120 322 400
924 38104 48 4 38168 16 64
649 37789 84 3 38252 379 463
599 38201 33 4 38285 51 84
564 38274 57 1 38342 11 68
783 38227 79 3 38421 115 194
390 38359 58 3 38479 62 120
567 38423 52 2 38531 56 108
739 38414 71 4 38602 117 188
457 37640 86 4 38688 962 1048
343 38611 62 3 38750 77 139
936 38295 89 3 38839 455 544
235 38828 48 2 38887 11 59
351 39073 64 4 39137 0 64
585 39092 74 2 39211 45 119
328 39155 64 2 39275 56 120
664 39264 60 3 39335 11 71
754 39366 32 4 39398 0 32
819 39376 44 2 39442 22 66
52 39468 76 1 39544 0 76
260 39487 36 1 39580 57 93
192 39569 76 4 39656 11 87
523 39688 55 3 39743 0 55
27 39745 72 1 39817 0 72
73 39813 58 3 39875 4 62
15 39852 59 1 39934 23 82
58 39928 50 4 39984 6 56
673 39981 48 4 40032 3 51
16 39896 61 4 40093 136 197
475 40071 59 4 40152 22 81
815 39746 96 1 40248 406 502
70 40256 67 4 40323 0 67
982 40351 38 3 40389 0 38
121 40486 85 2 40571 0 85
795 40565 80 3 40651 6 86
83 40609 27 3 40678 42 69
514 40508 81 4 40759 170 251
284 40590 83 3 40842 169 252
398 40817 30 4 40872 25 55
413 40831 45 4 40917 41 86
880 40860 48 1 40965 57 105
263 40923 48 2 41013 42 90
352 40866 51 4 41064 147 198
347 40792 60 1 41124 272 332
696 40943 62 4 41186 181 243
520 41173 44 3 41230 13 57
655 41206 62 2 41292 24 86
339 41242 49 3 41341 50 99
425 41304 44 2 41385 37 81
451 40970 63 4 41448 415 478
76 41445 54 4 41502 3 57
761 41463 51 1 41553 39 90
222 41538 51 4 41604 15 66
847 41399 59 3 41663 205 264
743 41627 39 4 41702 36 75
736 41671 55 4 41757 31 86
951 41173 64 1 41821 584 648
989 41803 49 4 41870 18 67
826 41771 50 2 41920 99 149
363 41897 48 3 41968 23 71
810 41923 41 3 42009 45 86
491 41798 56 4 42065 211 267
934 41774 56 2 42121 291 347
897 41098 65 2 42186 1023 1088
226 42181 42 2 42228 5 47
28 42206 49 4 42277 22 71
82 42122 52 2 42329 155 207
471 42317 45 4 42374 12 57
455 42337 40 2 42414 37 77
418 42400 45 3 42459 14 59
898 42335 47 4 42506 124 171
541 42471 41 4 42547 35 76
320 42385 56 3 42603 162 218
890 42336 57 2 42660 267 324
379 42468 60 4 42720 192 252
44 42465 62 3 42782 255 317
334 42460 63 4 42845 322 385
30 42237 64 2 42909 608 672
938 42879 43 4 42952 30 73
590 42914 53 4 43005 38 91
396 42932 59 2 43064 73 132
874 42872 64 3 43128 192 256
188 42377 65 2 43193 751 816
217 40982 65 1 43258 2211 2276
194 41979 71 4 43329 1279 1350
825 43295 48 3 43377 34 82
138 43268 61 3 43438 109 170
221 43407 67 4 43505 31 98
870 43469 50 4 43555 36 86
587 43402 67 2 43622 153 220
326 43333 69 3 43691 289 358
821 41576 71 4 43762 2115 2186
231 43701 71 1 43833 61 132
26 43821 46 3 43879 12 58
55 43840 36 4 43915 39 75
791 43768 47 3 43962 147 194
701 43950 55 1 44017 12 67
970 43901 64 3 44081 116 180
359 43820 67 4 44148 261 328
333 43802 70 1 44218 346 416
581 44207 52 3 44270 11 63
452 44255 37 2 44307 15 52
722 43246 73 4 44380 1061 1134
973 44328 39 2 44419 52 91
426 44345 41 2 44460 74 115
331 44367 68 3 44528 93 161
128 44518 35 2 44563 10 45
152 44517 40 3 44603 46 86
428 44498 49 3 44652 105 154
933 44600 71 4 44723 52 123
881 44663 50 4 44773 60 110
504 44379 71 2 44844 394 465
440 44783 63 4 44907 61 124
981 42161 73 1 44980 2746 2819
967 41846 73 1 45053 3134 3207
765 44638 74 4 45127 415 489
879 45106 43 4 45170 21 64
358 45111 46 4 45216 59 105
133 45163 56 2 45272 53 109
547 45245 51 3 45323 27 78
258 45273 54 2 45377 50 104
285 45364 53 3 45430 13 66
454 45348 55 3 45485 82 137
75 45186 58 4 45543 299 357
474 45145 69 4 45612 398 467
8 45575 53 1 45665 37 90
764 45599 65 4 45730 66 131
302 45595 66 1 45796 135 201
941 45793 42 4 45838 3 45
536 45816 56 3 45894 22 78
522 45892 56 1 45950 2 58
517 45840 60 2 46010 110 170
321 45922 63 4 46073 88 151
645 46030 40 2 46113 43 83
185 46038 45 4 46158 75 120
432 46046 51 3 46209 112 163
266 46168 49 3 46258 41 90
572 46203 55 4 46313 55 110
60 46012 57 3 46370 301 358
988 45949 65 3 46435 421 486
984 45765 68 3 46503 670 738
562 46502 48 1 46551 1 49
382 46477 53 3 46604 74 127
609 46348 71 4 46675 256 327
994 46522 71 4 46746 153 224
492 46699 51 4 46797 47 98
685 46685 58 4 46855 112 170
793 46701 61 4 46916 154 215
449 46860 70 2 46986 56 126
21 46922 32 1 47018 64 96
91 46991 55 4 47073 27 82
12 47067 71 4 47144 6 77
601 47133 26 2 47170 11 37
5 46389 71 3 47241 781 852
529 46305 71 2 47312 936 1007
489 47264 47 4 47359 48 95
979 46093 73 3 47432 1266 1339
778 47246 74 3 47506 186 260
571 47475 44 1 47550 31 75
275 42573 74 2 47624 4977 5051
598 47608 37 4 47661 16 53
158 47560 70 2 47731 101 171
190 47646 74 3 47805 85 159
112 47764 52 3 47857 41 93
728 47824 48 3 47905 33 81
772 47877 44 1 47949 28 72
13 47916 47 4 47996 33 80
798 47842 61 4 48057 154 215
935 48013 39 2 48096 44 83
530 48072 39 4 48135 24 63
74 48025 51 4 48186 110 161
838 44219 74 2 48260 3967 4041
383 48225 63 2 48323 35 98
688 48242 66 2 48389 81 147
296 48375 41 4 48430 14 55
759 48357 44 3 48474 73 117
942 48471 43 3 48517 3 46
687 48464 57 3 48574 53 110
852 48219 67 3 48641 355 422
148 43505 75 3 48716 5136 5211
867 46553 75 3 48791 2163 2238
817 41544 75 2 48866 7247 7322
442 48815 67 3 48933 51 118
841 48899 45 3 48978 34 79
479 41200 75 1 49053 7778 7853
117 49049 71 2 49124 4 75
61 49123 57 3 49181 1 58
224 49160 73 3 49254 21 94
332 49235 52 3 49306 19 71
365 43424 76 4 49382 5882 5958
151 45978 76 3 49458 3404 3480
623 49399 20 4 49478 59 79
212 49421 46 3 49524 57 103
50 49399 48 3 49572 125 173
543 49466 60 2 49632 106 166
992 49607 42 3 49674 25 67
345 49490 66 2 49740 184 250
211 49690 66 4 49806 50 116
1000 49715 67 4 49873 91 158
490 49865 61 4 49934 8 69
653 49819 63 4 49997 115 178
108 49993 65 3 50062 4 69
939 50043 34 4 50096 19 53
410 50079 47 3 50143 17 64
894 50033 54 3 50197 110 164
463 49977 66 2 50263 220 286
399 49902 72 1 50335 361 433
376 50264 57 4 50392 71 128
31 50310 70 4 50462 82 152
865 50435 58 2 50520 27 85
393 49912 74 1 50594 608 682
586 50521 44 3 50638 73 117
483 50527 51 4 50689 111 162
501 50275 75 4 50764 414 489
503 50694 39 3 50803 70 109
142 50785 60 2 50863 18 78
647 50843 46 4 50909 20 66
290 50862 57 4 50966 47 104
835 50952 30 3 50996 14 44
441 50806 58 4 51054 190 248
95 51030 59 3 51113 24 83
922 50900 60 4 51173 213 273
705 51167 28 3 51201 6 34
78 50837 60 3 51261 364 424
650 51216 25 3 51286 45 70
303 50982 67 4 51353 304 371
161 50947 70 4 51423 406 476
892 50981 71 4 51494 442 513
125 51468 38 2 51532 26 64
251 51439 44 4 51576 93 137
364 51462 56 1 51632 114 170
202 51471 63 3 51695 161 224
651 51426 69 4 51764 269 338
732 50890 71 2 51835 874 945
445 51816 43 2 51878 19 62
409 51864 55 3 51933 14 69
414 51823 64 4 51997 110 174
782 51939 59 4 52056 58 117
652 52052 56 3 52112 4 60
792 51838 65 1 52177 274 339
669 52025 68 2 52245 152 220
127 52140 69 4 52314 105 174
593 51005 73 2 52387 1309 1382
29 52338 59 2 52446 49 108
686 52446 57 2 52503 0 57
372 52503 62 4 52565 0 62
840 52539 42 3 52607 26 68
139 52589 68 4 52675 18 86
916 52624 52 4 52727 51 103
946 52438 70 3 52797 289 359
92 52756 50 3 52847 41 91
244 52823 33 3 52880 24 57
632 52803 41 2 52921 77 118
237 52746 73 4 52994 175 248
493 52969 41 1 53035 25 66
101 52959 62 3 53097 76 138
963 53041 37 1 53134 56 93
233 53007 73 2 53207 127 200
419 53176 62 3 53269 31 93
267 53216 30 4 53299 53 83
893 53280 38 4 53337 19 57
526 50865 74 3 53411 2472 2546
858 53174 75 4 53486 237 312
443 52283 75 3 53561 1203 1278
909 53561 56 2 53617 0 56
129 49544 75 1 53692 4073 4148
319 53631 65 3 53757 61 126
566 53696 47 1 53804 61 108
615 53784 49 3 53853 20 69
436 53171 76 4 53929 682 758
304 41664 76 2 54005 12265 12341
554 48926 76 2 54081 5079 5155
932 54049 20 4 54101 32 52
421 54067 47 4 54148 34 81
672 43468 76 1 54224 10680 10756
875 54196 28 4 54252 28 56
675 54169 54 2 54306 83 137
811 54208 65 3 54371 98 163
578 54330 50 1 54421 41 91
214 54281 67 4 54488 140 207
860 54314 69 2 54557 174 243
889 54521 67 4 54624 36 103
546 54606 54 1 54678 18 72
90 54439 71 4 54749 239 310
313 54383 77 4 54826 366 443
204 54809 68 4 54894 17 85
781 54845 64 2 54958 49 113
24 54904 55 2 55013 54 109
344 54970 61 4 55074 43 104
206 55072 53 4 55127 2 55
656 55086 21 4 55148 41 62
65 54844 73 3 55221 304 377
163 52738 77 3 55298 2483 2560
256 55253 52 3 55350 45 97
639 55309 47 4 55397 41 88
698 55385 50 1 55447 12 62
174 55439 44 3 55491 8 52
624 55246 63 4 55554 245 308
558 55408 63 4 55617 146 209
768 55361 68 4 55685 256 324
186 48510 77 3 55762 7175 7252
468 45740 77 2 55839 10022 10099
135 55818 65 4 55904 21 86
262 55872 38 3 55942 32 70
948 55871 39 1 55981 71 110
57 55871 50 4 56031 110 160
118 51451 78 3 56109 4580 4658
771 56075 41 3 56150 34 75
891 56066 66 4 56216 84 150
191 56153 67 3 56283 63 130
197 54583 78 2 56361 1700 1778
99 56301 53 4 56414 60 113
900 56414 62 3 56476 0 62
176 56292 62 2 56538 184 246
662 56285 66 4 56604 253 319
823 56556 45 4 56649 48 93
340 56619 59 4 56708 30 89
977 56641 65 4 56773 67 132
424 56309 70 2 56843 464 534
785 56814 29 4 56872 29 58
438 56776 69 3 56941 96 165
39 56936 60 2 57001 5 65
477 56511 74 2 57075 490 564
66 57046 52 1 57127 29 81
201 57126 61 2 57188 1 62
368 44986 78 2 57266 12202 12280
583 57203 63 4 57329 63 126
427 52949 78 2 57407 4380 4458
361 40860 78 1 57485 16547 16625
797 57457 38 1 57523 28 66
706 57428 40 4 57563 95 135
375 57512 68 4 57631 51 119
213 57540 69 2 57700 91 160
812 57648 44 3 57744 52 96
106 57692 62 3 57806 52 114
744 52445 79 3 57885 5361 5440
53 57812 36 3 57921 73 109
292 57898 53 4 57974 23 76
329 57829 57 4 58031 145 202
408 58019 56 3 58087 12 68
32 58066 36 3 58123 21 57
46 58034 40 3 58163 89 129
518 58133 51 4 58214 30 81
218 58172 21 4 58235 42 63
960 58144 51 3 58286 91 142
665 58239 66 1 58352 47 113
861 58342 38 4 58390 10 48
279 58298 47 3 58437 92 139
315 58308 62 2 58499 129 191
716 58496 62 4 58561 3 65
676 58514 49 4 58610 47 96
987 58593 29 3 58639 17 46
446 58592 39 3 58678 47 86
787 58346 63 4 58741 332 395
146 58710 30 3 58771 31 61
913 57900 68 4 58839 871 939
539 58827 61 4 58900 12 73
80 58883 26 1 58926 17 43
869 58916 46 4 58972 10 56
721 58889 54 2 59026 83 137
668 58992 58 1 59084 34 92
762 58862 60 4 59144 222 282
293 58848 68 4 59212 296 364
921 59190 32 4 59244 22 54
327 58319 72 4 59316 925 997
116 59259 50 3 59366 57 107
985 59344 35 2 59401 22 57
318 59274 53 3 59454 127 180
905 59410 41 4 59495 44 85
833 59480 51 2 59546 15 66
480 59496 64 4 59610 50 114
7 59578 39 2 59649 32 71
298 59616 35 1 59684 33 68
959 59679 64 4 59748 5 69
182 59325 70 3 59818 423 493
145 59760 57 3 59875 58 115
976 59399 72 3 59947 476 548
429 58369 74 4 60021 1578 1652
49 59987 54 4 60075 34 88
215 60070 60 1 60135 5 65
97 60088 53 4 60188 47 100
301 60031 63 3 60251 157 220
568 60195 58 4 60309 56 114
616 60256 63 2 60372 53 116
887 60352 45 4 60417 20 65
354 60319 60 3 60477 98 158
901 60396 61 4 60538 81 142
307 60381 61 2 60599 157 218
42 60556 41 4 60640 43 84
691 60328 63 3 60703 312 375
132 60679 47 3 60750 24 71
849 60539 65 4 60815 211 276
299 60088 66 3 60881 727 793
770 60147 68 4 60949 734 802
974 60054 78 4 61027 895 973
533 60987 68 3 61095 40 108
724 61079 48 3 61143 16 64
478 61097 57 3 61200 46 103
634 59323 79 3 61279 1877 1956
679 61252 32 4 61311 27 59
953 45513 80 4 61391 15798 15878
140 61382 66 4 61457 9 75
910 44553 80 4 61537 16904 16984
757 61475 42 4 61579 62 104
136 46926 80 4 61659 14653 14733
521 61656 64 4 61723 3 67
422 61688 43 3 61766 35 78
540 61733 24 4 61790 33 57
814 61741 35 2 61825 49 84
335 61691 61 4 61886 134 195
983 55801 80 3 61966 6085 6165
848 61887 46 4 62012 79 125
370 61917 58 3 62070 95 153
33 62018 25 3 62095 52 77
878 62053 52 4 62147 42 94
674 40794 80 2 62227 21353 21433
278 62173 65 3 62292 54 119
394 62257 38 4 62330 35 73
234 62319 57 3 62387 11 68
569 57887 80 2 62467 4500 4580
167 62444 68 3 62535 23 91
444 62404 80 4 62615 131 211
316 62579 66 2 62681 36 102
291 62645 33 2 62714 36 69
594 62631 65 3 62779 83 148
794 62597 68 3 62847 182 250
704 62786 61 2 62908 61 122
796 62828 68 2 62976 80 148
708 62937 63 4 63039 39 102
156 62835 74 3 63113 204 278
126 42337 81 4 63194 20776 20857
404 63149 40 3 63234 45 85
692 63214 43 1 63277 20 63
773 61654 81 4 63358 1623 1704
804 50936 81 3 63439 12422 12503
180 63369 44 2 63483 70 114
595 63370 68 3 63551 113 181
466 63462 73 4 63624 89 162
666 63560 74 1 63698 64 138
786 63698 34 4 63732 0 34
631 63723 49 3 63781 9 58
464 63696 51 3 63832 85 136
610 63786 61 3 63893 46 107
369 63802 63 1 63956 91 154
711 63787 67 4 64023 169 236
374 63728 73 1 64096 295 368
462 64028 50 3 64146 68 118
447 64115 61 2 64207 31 92
646 63894 74 2 64281 313 387
341 63862 79 3 64360 419 498
801 64333 47 3 64407 27 74
548 64390 64 4 64471 17 81
502 64462 63 1 64534 9 72
47 64506 68 4 64602 28 96
411 64572 62 4 64664 30 92
986 51020 81 2 64745 13644 13725
644 57539 82 4 64827 7206 7288
240 64767 65 1 64892 60 125
996 64760 67 4 64959 132 199
836 60803 82 4 65041 4156 4238
482 64985 71 2 65112 56 127
534 65040 77 3 65189 72 149
886 50188 82 4 65271 15001 15083
281 64395 82 4 65353 876 958
555 65310 45 3 65398 43 88
699 56068 82 4 65480 9330 9412
702 65468 65 1 65545 12 77
417 65482 44 4 65589 63 107
690 65563 74 2 65663 26 100
362 49505 82 4 65745 16158 16240
250 65712 64 3 65809 33 97
630 64996 82 3 65891 813 895
508 49465 82 1 65973 16426 16508
205 65896 59 4 66032 77 136
355 49886 83 3 66115 16146 16229
144 66045 61 4 66176 70 131
859 66154 64 4 66240 22 86
415 66187 38 4 66278 53 91
802 66205 61 4 66339 73 134
758 66259 69 4 66408 80 149
862 66406 43 3 66451 2 45
605 66379 69 4 66520 72 141
958 66512 46 1 66566 8 54
402 66545 56 3 66622 21 77
168 66589 55 3 66677 33 88
927 66648 61 3 66738 29 90
105 66617 78 2 66816 121 199
109 66204 80 4 66896 612 692
378 66863 64 4 66960 33 97
62 66927 60 4 67020 33 93
282 67002 75 3 67095 18 93
111 56445 84 4 67179 10650 10734
582 67108 76 4 67255 71 147
626 62738 85 4 67340 4517 4602
683 67278 39 4 67379 62 101
360 67306 61 4 67440 73 134
506 67438 53 3 67493 2 55
216 67439 62 2 67555 54 116
725 67406 70 3 67625 149 219
800 67001 85 4 67710 624 709
178 67658 33 3 67743 52 85
658 67735 33 3 67776 8 41
294 67726 37 1 67813 50 87
166 43586 85 2 67898 24227 24312
902 67881 39 3 67937 17 56
323 67822 40 1 67977 115 155
592 67974 29 4 68006 3 32
430 67986 64 3 68070 20 84
654 68003 64 3 68134 67 131
661 67929 66 2 68200 205 271
470 68060 67 2 68267 140 207
81 68097 68 4 68335 170 238
243 68278 48 4 68383 57 105
807 68273 63 2 68446 110 173
277 68411 48 2 68494 35 83
473 68039 77 2 68571 455 532
509 48353 86 4 68657 20218 20304
35 68598 49 2 68706 59 108
85 68626 61 4 68767 80 141
169 68744 39 3 68806 23 62
579 68727 46 3 68852 79 125
371 68813 54 4 68906 39 93
607 68609 69 4 68975 297 366
98 68825 77 2 69052 150 227
297 68996 33 4 69085 56 89
752 68981 49 2 69134 104 153
248 69054 51 4 69185 80 131
10 69073 78 3 69263 112 190
561 69208 74 3 69337 55 129
366 69288 73 2 69410 49 122
516 69338 66 1 69476 72 138
189 67496 86 4 69562 1980 2066
952 41890 86 3 69648 27672 27758
357 69614 51 1 69699 34 85
597 69671 58 4 69757 28 86
707 50247 86 3 69843 19510 19596
356 69821 46 2 69889 22 68
527 69861 52 4 69941 28 80
871 69916 57 2 69998 25 82
693 45472 86 3 70084 24526 24612
386 63850 87 4 70171 6234 6321
40 70124 78 4 70249 47 125
617 70217 50 3 70299 32 82
560 50251 87 3 70386 20048 20135
648 70354 73 4 70459 32 105
828 70459 53 4 70512 0 53
348 44839 87 3 70599 25673 25760
717 70595 46 4 70645 4 50
697 70562 60 2 70705 83 143
94 70647 20 4 70725 58 78
63 70588 64 2 70789 137 201
710 70748 63 2 70852 41 104
962 70655 80 1 70932 197 277
553 70891 48 3 70980 41 89
435 70901 64 4 71044 79 143
485 71021 44 1 71088 23 67
17 71008 71 1 71159 80 151
469 71120 53 3 71212 39 92
272 71089 64 2 71276 123 187
719 71085 76 1 71352 191 267
306 71099 81 3 71433 253 334
740 70798 86 3 71519 635 721
317 46528 87 2 71606 24991 25078
918 71600 37 4 71643 6 43
613 71525 68 1 71711 118 186
286 71679 50 3 71761 32 82
162 71743 83 3 71844 18 101
232 71829 55 3 71899 15 70
123 71895 48 2 71947 4 52
23 71918 47 1 71994 29 76
179 71936 61 1 72055 58 119
113 72027 50 2 72105 28 78
68 72018 63 1 72168 87 150
904 72113 62 3 72230 55 117
584 72184 59 2 72289 46 105
603 72280 84 3 72373 9 93
729 72351 53 3 72426 22 75
14 72426 66 2 72492 0 66
102 49692 87 2 72579 22800 22887
160 72576 57 2 72636 3 60
11 72600 41 3 72677 36 77
923 72673 52 2 72729 4 56
314 72665 63 2 72792 64 127
486 44797 88 1 72880 27995 28083
920 43103 89 3 72969 29777 29866
434 55597 89 2 73058 17372 17461
931 73027 78 4 73136 31 109
18 43896 90 4 73226 29240 29330
183 71747 90 4 73316 1479 1569
877 46318 91 3 73407 26998 27089
818 73365 61 2 73468 42 103
906 73409 51 3 73519 59 110
41 73458 78 1 73597 61 139
917 58299 93 3 73690 15298 15391
954 73631 79 4 73769 59 138
439 73702 39 3 73808 67 106
980 62817 95 3 73903 10991 11086
437 73896 48 3 73951 7 55
155 73865 62 4 74013 86 148
172 73979 45 3 74058 34 79
187 74031 63 2 74121 27 90
779 66593 95 1 74216 7528 7623
914 70664 96 1 74312 3552 3648
809 74304 60 3 74372 8 68
513 74234 79 4 74451 138 217
995 48397 97 2 74548 26054 26151
943 71147 98 4 74646 3401 3499
971 74584 42 1 74688 62 104
588 74662 47 4 74735 26 73
196 74651 53 4 74788 84 137
6 74713 53 3 74841 75 128
349 74648 61 4 74902 193 254
570 74675 62 3 74964 227 289
621 74941 41 4 75005 23 64
827 74737 63 3 75068 268 331
755 74867 66 4 75134 201 267
945 75082 33 2 75167 52 85
731 75119 87 1 75254 48 135
978 75178 66 1 75320 76 142
247 75292 82 4 75402 28 110
742 42272 98 1 75500 33130 33228
750 46394 99 4 75599 29106 29205
400 75555 60 4 75659 44 104
200 75616 61 4 75720 43 104
788 75510 62 3 75782 210 272
576 75531 64 4 75846 251 315
955 75607 65 4 75911 239 304
684 75860 60 4 75971 51 111
760 75660 69 3 76040 311 380
137 75979 62 4 76102 61 123
207 75658 74 2 76176 444 518
715 76109 59 4 76235 67 126
549 76186 48 3 76283 49 97
709 76252 54 4 76337 31 85
868 76278 65 2 76402 59 124
636 76392 38 4 76440 10 48
625 75923 75 4 76515 517 592
612 75612 76 4 76591 903 979
88 76585 55 2 76646 6 61
124 76641 68 2 76714 5 73
944 76085 79 1 76793 629 708
268 76777 54 4 76847 16 70
93 76816 70 3 76917 31 101
776 48399 100 4 77017 28518 28618
884 76935 54 1 77071 82 136
853 76987 59 3 77130 84 143
324 77083 52 1 77182 47 99
925 77090 55 3 77237 92 147
850 77147 66 4 77303 90 156
854 41020 100 4 77403 36283 36383
845 77343 48 2 77451 60 108
681 77389 58 4 77509 62 120
926 77474 37 4 77546 35 72
25 77389 66 2 77612 157 223
882 77559 63 3 77675 53 116
472 77578 83 4 77758 97 180
712 54441 100 4 77858 23317 23417
496 57815 100 3 77958 20043 20143
261 48112 100 2 78058 29846 29946
110 77996 54 2 78112 62 116
641 51750 100 1 78212 26362 26462
525 66947 100 1 78312 11265 11365
456 43569 100 1 78412 34743 34843
56 78439 56 2 78495 0 56
353 78561 56 4 78617 0 56
537 78655 67 2 78722 0 67
883 78888 61 4 78949 0 61
350 78925 62 4 79011 24 86
864 79066 81 3 79147 0 81
198 79137 57 2 79204 10 67
596 79365 57 3 79422 0 57
591 79865 58 4 79923 0 58
903 80344 53 1 80397 0 53
638 80644 62 2 80706 0 62
866 80773 44 3 80817 0 44
367 80809 33 2 80850 8 41
254 81001 55 3 81056 0 55
714 81115 36 1 81151 0 36
122 81359 81 4 81440 0 81
746 81622 63 4 81685 0 63
790 81736 66 1 81802 0 66
346 81838 56 2 81894 0 56
45 81901 61 4 81962 0 61
682 82095 44 1 82139 0 44
405 82431 46 2 82477 0 46
628 82861 35 4 82896 0 35
322 82861 45 4 82941 35 80
380 83103 34 4 83137 0 34
387 83307 69 3 83376 0 69
606 83675 44 4 83719 0 44
816 83702 73 4 83792 17 90
465 83870 67 4 83937 0 67
1 83925 85 4 84022 12 97
663 83974 71 1 84093 48 119
940 84117 63 2 84180 0 63
392 84869 77 3 84946 0 77
87 84883 69 1 85015 63 132
997 84965 53 4 85068 50 103
720 85170 75 1 85245 0 75
531 85191 79 3 85324 54 133
377 85447 62 4 85509 0 62
993 85461 85 3 85594 48 133
236 86029 52 4 86081 0 52
177 86163 30 4 86193 0 30
115 86898 67 2 86965 0 67
210 87074 78 4 87152 0 78
476 87603 57 3 87660 0 57
230 88089 73 3 88162 0 73
505 88136 81 4 88243 26 107
635 88373 69 4 88442 0 69
229 88513 62 3 88575 0 62
614 88958 44 2 89002 0 44
574 89034 81 4 89115 0 81
735 89185 80 3 89265 0 80
930 89228 60 4 89325 37 97
544 89214 66 3 89391 111 177
777 89806 58 4 89864 0 58
173 89988 69 4 90057 0 69
919 90482 61 3 90543 0 61
718 91355 62 3 91417 0 62
545 91383 35 3 91452 34 69
153 91654 58 1 91712 0 58
830 92110 53 3 92163 0 53
264 93052 60 2 93112 0 60
271 93278 28 1 93306 0 28
253 93462 63 4 93525 0 63
433 93686 37 2 93723 0 37
79 94749 58 4 94807 0 58
242 94832 60 4 94892 0 60
851 95025 50 1 95075 0 50
270 95089 50 3 95139 0 50
325 95438 49 4 95487 0 49
448 95982 48 2 96030 0 48
964 97601 53 4 97654 0 53
461 99161 76 2 99237 0 76
888 99324 87 3 99411 0 87
37 99707 53 3 99760 0 53
741 99874 43 4 99917 0 43
799 100000 20 2 100020 0 20
412 100000 37 4 100057 20 57
406 100000 48 4 100105 57 105
643 100000 56 3 100161 105 161
670 100000 58 4 100219 161 219
273 100000 65 4 100284 219 284
873 100000 66 2 100350 284 350
280 100000 72 4 100422 350 422
