100295 1000 3726 3653
973 0 39 4 39 0 39
682 0 59 2 98 39 98
582 0 80 1 178 98 178
838 0 90 3 268 178 268
303 0 100 4 368 268 368
207 713 57 4 770 0 57
986 2842 67 4 2909 0 67
699 2877 84 3 2993 32 116
190 3932 78 2 4010 0 78
326 5234 82 2 5316 0 82
746 5248 80 4 5396 68 148
858 5852 88 3 5940 0 88
562 6514 66 1 6580 0 66
213 6993 79 2 7072 0 79
338 7563 92 3 7655 0 92
857 7980 76 4 8056 0 76
608 8254 96 1 8350 0 96
771 8395 57 4 8452 0 57
645 8455 50 4 8505 0 50
371 9599 75 1 9674 0 75
678 10005 59 3 10064 0 59
412 10063 90 3 10154 1 91
759 10070 76 3 10230 84 160
776 10116 96 3 10326 114 210
124 10295 94 3 10420 31 125
469 10678 94 4 10772 0 94
937 11199 89 1 11288 0 89
224 11208 30 4 11318 80 110
683 11312 76 2 11394 6 82
635 11723 99 2 11822 0 99
398 11751 61 4 11883 71 132
546 11987 75 4 12062 0 75
392 12403 72 4 12475 0 72
219 12440 51 4 12526 35 86
913 12625 99 1 12724 0 99
369 13109 64 1 13173 0 64
773 13452 100 3 13552 0 100
779 13475 90 2 13642 77 167
364 14555 84 2 14639 0 84
324 14787 68 4 14855 0 68
737 14827 93 1 14948 28 121
607 14879 83 4 15031 69 152
113 15038 62 3 15100 0 62
787 15065 77 4 15177 35 112
626 15231 65 4 15296 0 65
544 16209 98 3 16307 0 98
686 16738 85 4 16823 0 85
709 17365 75 3 17440 0 75
329 17551 98 2 17649 0 98
721 17633 54 3 17703 16 70
819 17593 82 4 17785 110 192
842 17778 75 1 17860 7 82
554 18271 72 2 18343 0 72
636 18330 65 2 18408 13 78
728 18290 86 4 18494 118 204
893 18743 51 4 18794 0 51
490 18764 82 4 18876 30 112
70 18838 42 3 18918 38 80
500 18906 49 4 18967 12 61
596 18755 82 2 19049 212 294
535 18912 84 2 19133 137 221
905 18748 89 4 19222 385 474
40 19307 35 2 19342 0 35
359 19606 72 4 19678 0 72
257 19844 62 4 19906 0 62
240 19925 79 2 20004 0 79
915 20193 85 4 20278 0 85
735 20560 67 4 20627 0 67
252 20750 61 3 20811 0 61
916 20907 99 4 21006 0 99
204 20935 46 3 21052 71 117
297 21022 51 1 21103 30 81
310 21097 83 4 21186 6 89
133 21430 97 3 21527 0 97
446 21492 99 3 21626 35 134
30 21555 37 3 21663 71 108
443 21625 66 2 21729 38 104
574 21549 92 4 21821 180 272
481 21916 97 3 22013 0 97
419 21968 93 2 22106 45 138
740 22058 50 2 22156 48 98
299 22082 89 4 22245 74 163
458 22281 89 4 22370 0 89
75 22303 100 1 22470 67 167
225 22427 70 3 22540 43 113
211 22527 57 3 22597 13 70
471 22568 89 4 22686 29 118
141 22734 99 4 22833 0 99
772 22829 84 4 22917 4 88
703 22964 97 4 23061 0 97
463 22999 66 4 23127 62 128
963 23432 77 2 23509 0 77
530 23460 55 4 23564 49 104
376 23540 83 3 23647 24 107
816 23567 43 1 23690 80 123
56 23876 75 1 23951 0 75
129 23951 95 4 24046 0 95
389 24074 71 4 24145 0 71
524 24218 97 4 24315 0 97
663 24243 71 2 24386 72 143
354 24339 55 4 24441 47 102
550 24427 58 3 24499 14 72
919 24442 82 4 24581 57 139
130 24410 84 2 24665 171 255
255 24641 73 3 24738 24 97
750 24716 45 3 24783 22 67
987 24671 63 2 24846 112 175
48 24714 69 4 24915 132 201
161 24851 75 2 24990 64 139
833 24976 59 3 25049 14 73
496 24951 62 4 25111 98 160
880 24610 86 4 25197 501 587
775 25065 86 3 25283 132 218
183 25258 51 2 25334 25 76
903 25315 57 2 25391 19 76
896 25382 54 2 25445 9 63
482 25327 60 1 25505 118 178
311 25354 77 4 25582 151 228
553 24807 91 4 25673 775 866
327 25655 52 1 25725 18 70
387 25780 82 1 25862 0 82
434 25884 55 4 25939 0 55
595 26088 76 4 26164 0 76
116 26149 59 4 26223 15 74
611 26142 64 4 26287 81 145
38 26327 63 4 26390 0 63
695 26442 55 4 26497 0 55
5 26495 71 3 26568 2 73
55 26488 93 4 26661 80 173
960 26652 60 2 26721 9 69
517 26709 70 4 26791 12 82
294 26620 76 2 26867 171 247
270 26856 61 4 26928 11 72
956 26627 100 4 27028 301 401
643 27135 56 4 27191 0 56
428 27174 81 2 27272 17 98
968 27208 77 3 27349 64 141
238 27278 63 4 27412 71 134
515 27373 79 4 27491 39 118
909 27488 69 2 27560 3 72
832 27455 77 3 27637 105 182
78 27471 87 4 27724 166 253
726 27643 45 3 27769 81 126
812 27701 73 3 27842 68 141
640 27838 64 1 27906 4 68
95 27172 87 2 27993 734 821
829 27993 57 4 28050 0 57
704 27959 60 4 28110 91 151
245 28077 45 2 28155 33 78
690 28034 81 1 28236 121 202
308 28206 41 4 28277 30 71
287 28184 81 3 28358 93 174
24 28229 88 4 28446 129 217
508 27947 89 4 28535 499 588
63 28476 48 4 28583 59 107
810 28522 61 4 28644 61 122
138 28529 63 4 28707 115 178
105 28641 71 4 28778 66 137
182 27289 91 4 28869 1489 1580
906 28455 98 1 28967 414 512
328 28757 99 2 29066 210 309
785 29018 56 1 29122 48 104
179 29098 83 3 29205 24 107
139 29286 70 2 29356 0 70
742 29297 73 3 29429 59 132
218 29402 77 3 29506 27 104
64 29495 70 4 29576 11 81
416 29484 82 3 29658 92 174
325 29699 47 4 29746 0 47
256 29882 68 4 29950 0 68
335 29986 61 3 30047 0 61
751 30020 78 4 30125 27 105
483 30054 74 3 30199 71 145
403 30164 58 3 30257 35 93
332 30113 98 3 30355 144 242
954 30323 100 2 30455 32 132
191 30455 86 3 30541 0 86
169 30591 63 4 30654 0 63
184 30677 88 3 30765 0 88
777 30887 66 4 30953 0 66
203 31249 81 3 31330 0 81
244 31762 82 3 31844 0 82
820 31831 68 4 31912 13 81
462 31810 96 3 32008 102 198
266 32083 60 1 32143 0 60
284 32110 98 2 32241 33 131
878 32149 97 3 32338 92 189
835 32287 76 2 32414 51 127
534 32376 31 3 32445 38 69
680 32413 68 4 32513 32 100
533 32456 57 3 32570 57 114
566 32588 64 4 32652 0 64
694 32709 90 2 32799 0 90
646 32831 61 2 32892 0 61
414 32843 67 3 32959 49 116
449 32942 74 3 33033 17 91
891 33062 40 3 33102 0 40
658 33103 73 4 33176 0 73
21 33157 66 2 33242 19 85
621 33224 62 2 33304 18 80
889 33261 34 4 33338 43 77
528 33235 72 1 33410 103 175
230 33317 97 3 33507 93 190
486 33457 54 3 33561 50 104
745 33517 88 2 33649 44 132
811 33598 76 4 33725 51 127
81 33721 67 2 33792 4 71
765 33423 90 4 33882 369 459
827 33795 37 2 33919 87 124
938 33812 52 1 33971 107 159
242 33796 61 3 34032 175 236
969 34018 63 1 34095 14 77
148 33954 71 4 34166 141 212
951 33847 73 4 34239 319 392
888 34064 81 2 34320 175 256
998 34250 73 1 34393 70 143
409 34344 49 3 34442 49 98
315 34413 64 3 34506 29 93
37 34483 70 3 34576 23 93
461 34419 72 4 34648 157 229
514 34330 80 1 34728 318 398
296 34719 79 2 34807 9 88
432 34775 56 4 34863 32 88
944 34801 80 4 34943 62 142
424 34884 78 1 35021 59 137
126 34993 81 3 35102 28 109
967 34974 83 3 35185 128 211
251 35180 54 4 35239 5 59
404 35235 67 4 35306 4 71
497 35251 72 2 35378 55 127
383 35361 48 3 35426 17 65
892 35348 66 4 35492 78 144
755 35191 77 3 35569 301 378
523 35420 82 4 35651 149 231
209 35606 69 4 35720 45 114
739 35707 53 3 35773 13 66
62 35508 84 3 35857 265 349
590 35843 39 3 35896 14 53
801 35839 71 2 35967 57 128
373 35238 86 4 36053 729 815
561 35749 92 3 36145 304 396
14 33986 93 3 36238 2159 2252
940 35352 93 2 36331 886 979
788 36262 53 1 36384 69 122
66 36314 62 2 36446 70 132
173 36284 78 1 36524 162 240
68 35592 97 3 36621 932 1029
860 36590 44 4 36665 31 75
88 36645 35 4 36700 20 55
731 36659 72 4 36772 41 113
418 36738 56 2 36828 34 90
933 36530 73 4 36901 298 371
272 36892 79 3 36980 9 88
26 36966 31 4 37011 14 45
995 36632 79 2 37090 379 458
547 36632 87 3 37177 458 545
455 37120 55 4 37232 57 112
267 37228 56 4 37288 4 60
3 36590 87 2 37375 698 785
286 37124 94 3 37469 251 345
762 37443 73 4 37542 26 99
948 37524 46 2 37588 18 64
399 37408 79 3 37667 180 259
672 37590 59 4 37726 77 136
477 37695 69 2 37795 31 100
250 37779 82 2 37877 16 98
536 37869 85 2 37962 8 93
226 37937 41 1 38003 25 66
930 38000 47 4 38050 3 50
268 37899 70 4 38120 151 221
763 37940 78 1 38198 180 258
103 38153 40 4 38238 45 85
978 37892 83 4 38321 346 429
415 37701 86 2 38407 620 706
729 38153 88 2 38495 254 342
794 38455 64 4 38559 40 104
783 38427 66 4 38625 132 198
971 38618 46 3 38671 7 53
502 38449 93 2 38764 222 315
269 38704 65 4 38829 60 125
800 38815 71 2 38900 14 85
923 38894 44 3 38944 6 50
348 38850 51 4 38995 94 145
312 38843 51 3 39046 152 203
152 38983 53 4 39099 63 116
456 38860 60 3 39159 239 299
433 38948 70 2 39229 211 281
155 39200 60 4 39289 29 89
717 38888 73 4 39362 401 474
492 38721 84 1 39446 641 725
69 38734 88 3 39534 712 800
50 39449 92 3 39626 85 177
675 39587 77 3 39703 39 116
132 39656 77 2 39780 47 124
295 39747 77 4 39857 33 110
281 39748 82 4 39939 109 191
982 39935 73 3 40012 4 77
931 39814 87 3 40099 198 285
594 39885 89 3 40188 214 303
470 40128 79 4 40267 60 139
234 40235 77 4 40344 32 109
853 40326 62 2 40406 18 80
176 40389 70 2 40476 17 87
961 40441 55 3 40531 35 90
793 40457 61 2 40592 74 135
290 40264 86 4 40678 328 414
874 40634 44 1 40722 44 88
511 40379 87 2 40809 343 430
47 40580 90 2 40899 229 319
216 40849 60 3 40959 50 110
719 39650 91 2 41050 1309 1400
715 41002 55 4 41105 48 103
107 41005 75 3 41180 100 175
154 41112 52 4 41232 68 120
260 41068 89 2 41321 164 253
822 41280 87 4 41408 41 128
629 41361 75 1 41483 47 122
71 41335 89 4 41572 148 237
993 41555 48 2 41620 17 65
357 41614 54 3 41674 6 60
834 41558 63 4 41737 116 179
151 41703 82 3 41819 34 116
43 41618 83 4 41902 201 284
592 41610 88 4 41990 292 380
379 40790 92 4 42082 1200 1292
780 42000 89 3 42171 82 171
397 42146 85 4 42256 25 110
752 42204 68 3 42324 52 120
298 42295 22 3 42346 29 51
840 42269 87 4 42433 77 164
146 42359 71 2 42504 74 145
598 42439 42 2 42546 65 107
839 42508 78 4 42624 38 116
192 42435 90 3 42714 189 279
17 42653 63 3 42777 61 124
997 42065 91 4 42868 712 803
693 41837 93 4 42961 1031 1124
31 42956 82 3 43043 5 87
439 42963 85 4 43128 80 165
349 43099 64 3 43192 29 93
912 43149 56 1 43248 43 99
564 43245 72 3 43320 3 75
395 43218 78 3 43398 102 180
673 43379 43 3 43441 19 62
438 43430 45 2 43486 11 56
353 43339 50 4 43536 147 197
758 43496 39 4 43575 40 79
59 43445 69 3 43644 130 199
917 43182 84 4 43728 462 546
989 43686 61 4 43789 42 103
789 43582 84 3 43873 207 291
831 42993 87 3 43960 880 967
241 43535 87 3 44047 425 512
747 43861 87 3 44134 186 273
333 44131 30 2 44164 3 33
666 44156 38 1 44202 8 46
990 44063 87 3 44289 139 226
925 43366 89 4 44378 923 1012
725 44291 72 2 44450 87 159
36 44414 70 3 44520 36 106
180 44371 73 3 44593 149 222
571 44522 59 2 44652 71 130
109 44621 62 4 44714 31 93
609 44689 73 2 44787 25 98
939 44683 78 2 44865 104 182
309 44842 43 2 44908 23 66
274 44840 46 4 44954 68 114
136 44945 35 3 44989 9 44
57 44902 61 4 45050 87 148
493 44927 64 2 45114 123 187
882 45107 34 3 45148 7 41
259 45101 66 1 45214 47 113
318 44834 69 4 45283 380 449
4 44885 78 3 45361 398 476
970 45301 53 4 45414 60 113
450 45385 44 2 45458 29 73
215 45428 23 4 45481 30 53
467 45308 81 4 45562 173 254
480 45488 55 3 45617 74 129
781 45513 79 1 45696 104 183
73 44377 82 4 45778 1319 1401
782 45251 82 3 45860 527 609
79 45823 74 4 45934 37 111
84 45876 38 2 45972 58 96
955 45889 44 1 46016 83 127
41 45869 69 3 46085 147 216
579 45862 73 3 46158 223 296
959 46047 80 4 46238 111 191
943 46226 73 4 46311 12 85
307 46242 66 1 46377 69 135
337 46328 75 3 46452 49 124
322 46429 41 4 46493 23 64
736 46476 62 1 46555 17 79
861 46337 81 4 46636 218 299
437 46063 81 1 46717 573 654
867 45518 83 3 46800 1199 1282
197 46778 63 3 46863 22 85
118 44629 84 4 46947 2234 2318
351 46917 63 4 47010 30 93
556 47004 58 2 47068 6 64
265 46322 86 4 47154 746 832
172 47106 65 4 47219 48 113
648 47127 68 2 47287 92 160
227 47269 41 1 47328 18 59
472 47110 82 4 47410 218 300
214 47202 85 3 47495 208 293
655 47478 63 3 47558 17 80
158 47501 30 3 47588 57 87
654 46399 86 4 47674 1189 1275
276 47650 81 4 47755 24 105
578 47746 65 4 47820 9 74
591 47735 73 2 47893 85 158
248 47889 54 2 47947 4 58
818 47924 74 3 48021 23 97
20 47662 82 3 48103 359 441
586 46197 87 3 48190 1906 1993
410 48050 89 4 48279 140 229
733 48197 71 3 48350 82 153
753 48350 52 3 48402 0 52
614 45927 89 4 48491 2475 2564
541 48446 57 4 48548 45 102
49 48533 63 2 48611 15 78
208 48366 89 4 48700 245 334
236 48690 67 4 48767 10 77
864 48710 40 4 48807 57 97
868 48760 69 4 48876 47 116
619 48870 51 3 48927 6 57
859 48639 73 4 49000 288 361
918 48879 73 2 49073 121 194
714 49003 43 2 49116 70 113
548 48767 76 4 49192 349 425
847 49192 38 3 49230 0 38
754 48821 79 3 49309 409 488
465 49273 76 1 49385 36 112
134 49373 72 4 49457 12 84
710 49443 63 4 49520 14 77
625 49505 48 2 49568 15 63
254 49557 58 4 49626 11 69
436 49528 80 2 49706 98 178
382 49486 87 4 49793 220 307
288 49756 51 4 49844 37 88
615 49737 75 2 49919 107 182
974 49849 35 4 49954 70 105
539 49915 71 3 50025 39 110
74 49851 81 4 50106 174 255
631 50100 77 4 50183 6 83
106 50042 81 2 50264 141 222
848 50222 41 4 50305 42 83
258 50189 60 1 50365 116 176
647 50360 82 3 50447 5 87
278 50412 60 3 50507 35 95
953 50280 82 2 50589 227 309
836 49729 85 2 50674 860 945
170 50596 57 3 50731 78 135
177 50621 71 4 50802 110 181
345 50659 87 4 50889 143 230
999 50840 72 4 50961 49 121
856 50933 44 1 51005 28 72
174 50967 64 4 51069 38 102
962 49659 87 1 51156 1410 1497
585 51106 40 1 51196 50 90
186 51187 30 3 51226 9 39
464 51128 67 4 51293 98 165
77 51272 59 1 51352 21 80
423 51197 88 3 51440 155 243
388 51395 49 4 51489 45 94
975 51397 63 4 51552 92 155
716 51390 65 3 51617 162 227
52 51468 75 1 51692 149 224
879 51488 77 4 51769 204 281
627 51720 49 3 51818 49 98
275 51761 59 2 51877 57 116
445 51720 76 4 51953 157 233
494 51890 68 1 52021 63 131
845 51732 76 2 52097 289 365
866 52045 59 4 52156 52 111
9 52070 82 2 52238 86 168
720 52194 63 2 52301 44 107
996 52252 51 4 52352 49 100
698 52319 84 3 52436 33 117
99 50737 89 4 52525 1699 1788
760 52489 51 4 52576 36 87
128 52533 76 1 52652 43 119
370 52460 83 1 52735 192 275
898 52727 81 3 52816 8 89
375 52784 54 4 52870 32 86
613 52859 69 4 52939 11 80
194 52929 85 3 53024 10 95
262 52994 33 4 53057 30 63
862 52986 68 2 53125 71 139
189 52991 80 3 53205 134 214
520 53161 22 2 53227 44 66
355 53179 76 4 53303 48 124
27 52491 85 2 53388 812 897
980 53353 61 3 53449 35 96
665 52767 86 3 53535 682 768
895 53237 88 2 53623 298 386
844 53565 49 4 53672 58 107
712 51298 89 4 53761 2374 2463
639 53688 73 1 53834 73 146
108 53834 52 4 53886 0 52
32 50889 89 3 53975 2997 3086
448 53937 56 4 54031 38 94
302 53959 73 1 54104 72 145
749 54090 43 4 54147 14 57
366 54078 89 4 54236 69 158
178 47920 90 4 54326 6316 6406
876 54270 34 4 54360 56 90
334 54296 68 4 54428 64 132
604 54362 47 4 54475 66 113
542 54467 50 4 54525 8 58
380 54284 87 3 54612 241 328
10 54543 86 3 54698 69 155
313 54633 32 4 54730 65 97
229 54718 73 4 54803 12 85
346 54798 84 3 54887 5 89
323 54842 35 3 54922 45 80
945 54857 75 2 54997 65 140
135 54948 74 4 55071 49 123
293 55039 41 4 55112 32 73
589 55056 73 3 55185 56 129
473 54992 80 2 55265 193 273
921 55214 71 3 55336 51 122
795 55266 45 1 55381 70 115
854 55367 53 4 55434 14 67
768 54677 87 1 55521 757 844
501 55469 60 3 55581 52 112
691 55566 44 2 55625 15 59
396 55617 48 2 55673 8 56
233 55540 59 3 55732 133 192
637 55701 26 4 55758 31 57
551 55717 62 3 55820 41 103
670 55773 37 4 55857 47 84
45 55448 64 2 55921 409 473
984 55858 33 3 55954 63 96
846 55902 38 3 55992 52 90
188 55948 62 1 56054 44 106
623 56027 36 4 56090 27 63
6 56051 64 2 56154 39 103
537 55726 68 4 56222 428 496
696 55827 71 3 56293 395 466
965 56279 77 4 56370 14 91
828 56368 59 3 56429 2 61
612 56342 77 3 56506 87 164
805 56447 74 2 56580 59 133
979 55845 78 3 56658 735 813
98 55914 79 3 56737 744 823
830 55914 83 4 56820 823 906
821 56749 40 4 56860 71 111
792 56785 62 2 56922 75 137
159 55658 83 4 57005 1264 1347
552 56793 84 3 57089 212 296
899 57059 48 4 57137 30 78
479 57078 67 4 57204 59 126
784 57094 84 3 57288 110 194
425 56484 86 4 57374 804 890
661 57332 44 2 57418 42 86
577 57292 74 3 57492 126 200
164 57430 70 4 57562 62 132
431 57504 48 4 57610 58 106
674 57564 54 4 57664 46 100
122 57644 56 4 57720 20 76
143 57092 86 4 57806 628 714
435 57436 86 3 57892 370 456
516 57869 40 1 57932 23 63
884 57745 88 4 58020 187 275
202 58015 73 3 58093 5 78
798 55357 88 4 58181 2736 2824
808 46693 90 4 58271 11488 11578
15 58237 40 3 58311 34 74
317 58190 75 2 58386 121 196
11 51996 90 4 58476 6390 6480
513 54808 90 4 58566 3668 3758
76 58538 49 2 58615 28 77
150 58585 61 2 58676 30 91
947 58501 75 4 58751 175 250
442 58700 69 4 58820 51 120
797 58663 87 4 58907 157 244
331 52390 90 4 58997 6517 6607
657 58919 51 4 59048 78 129
304 58941 85 4 59133 107 192
664 58920 86 2 59219 213 299
231 59197 62 3 59281 22 84
988 59173 85 2 59366 108 193
356 59286 60 4 59426 80 140
485 59318 68 2 59494 108 176
687 59464 46 4 59540 30 76
115 59378 81 4 59621 162 243
421 59604 71 3 59692 17 88
1000 59284 89 3 59781 408 497
459 44576 90 4 59871 15205 15295
1 59848 58 4 59929 23 81
632 59823 65 4 59994 106 171
447 59940 70 4 60064 54 124
904 59947 77 3 60141 117 194
168 51130 90 4 60231 9011 9101
181 60176 55 4 60286 55 110
870 60221 73 2 60359 65 138
942 60287 64 2 60423 72 136
212 60387 55 4 60478 36 91
362 60122 90 4 60568 356 446
685 60560 26 4 60594 8 34
378 60485 36 2 60630 109 145
872 60628 65 4 60695 2 67
157 60499 87 4 60782 196 283
911 60774 40 4 60822 8 48
580 60708 82 2 60904 114 196
342 43377 90 3 60994 17527 17617
19 47542 90 3 61084 13452 13542
147 61044 50 2 61134 40 90
572 60999 63 3 61197 135 198
907 61042 83 3 61280 155 238
855 61071 84 3 61364 209 293
23 61351 73 2 61437 13 86
512 61300 75 1 61512 137 212
744 61213 89 3 61601 299 388
887 61563 28 4 61629 38 66
518 61035 90 4 61719 594 684
343 61652 71 3 61790 67 138
620 61660 88 4 61878 130 218
457 58947 90 3 61968 2931 3021
110 54456 90 3 62058 7512 7602
12 61998 54 4 62112 60 114
282 50281 90 2 62202 11831 11921
901 62157 81 2 62283 45 126
567 53421 90 2 62373 8862 8952
994 62350 75 3 62448 23 98
509 62350 79 4 62527 98 177
764 62517 71 1 62598 10 81
727 62528 72 3 62670 70 142
692 62625 38 4 62708 45 83
374 50079 91 4 62799 12629 12720
602 58676 91 4 62890 4123 4214
22 62818 38 2 62928 72 110
340 62831 81 3 63009 97 178
873 47370 91 4 63100 15639 15730
724 56128 91 3 63191 6972 7063
807 51193 91 3 63282 11998 12089
301 52777 91 2 63373 10505 10596
80 63289 76 4 63449 84 160
799 63418 70 4 63519 31 101
8 63469 73 3 63592 50 123
381 63580 65 1 63657 12 77
852 63593 68 3 63725 64 132
411 63628 76 3 63801 97 173
766 63731 67 4 63868 70 137
96 63816 54 4 63922 52 106
200 63916 51 4 63973 6 57
123 63957 52 2 64025 16 68
527 64006 59 4 64084 19 78
545 64045 34 4 64118 39 73
823 64071 56 4 64174 47 103
769 64009 60 4 64234 165 225
506 63709 76 3 64310 525 601
239 64248 60 2 64370 62 122
196 64250 68 4 64438 120 188
723 64415 51 3 64489 23 74
684 64395 60 2 64549 94 154
597 63665 82 4 64631 884 966
273 64616 62 3 64693 15 77
900 64678 58 2 64751 15 73
526 64697 38 2 64789 54 92
804 64556 76 3 64865 233 309
365 64865 80 4 64945 0 80
555 64901 41 1 64986 44 85
393 63943 83 2 65069 1043 1126
519 64721 83 2 65152 348 431
112 65072 70 4 65222 80 150
557 65154 48 4 65270 68 116
560 65209 50 4 65320 61 111
563 65216 74 3 65394 104 178
16 64181 84 2 65478 1213 1297
42 65421 46 4 65524 57 103
280 65412 61 4 65585 112 173
610 63982 84 1 65669 1603 1687
503 65615 61 1 65730 54 115
104 65696 46 4 65776 34 80
390 63371 85 3 65861 2405 2490
510 65280 85 2 65946 581 666
217 65923 41 4 65987 23 64
529 65900 63 4 66050 87 150
222 66037 68 3 66118 13 81
774 65901 74 4 66192 217 291
220 65907 81 3 66273 285 366
127 66231 40 4 66313 42 82
908 66267 64 3 66377 46 110
559 66275 81 4 66458 102 183
885 66378 69 4 66527 80 149
806 66478 51 4 66578 49 100
681 66538 49 1 66627 40 89
34 66626 80 2 66707 1 81
145 65972 84 3 66791 735 819
507 66761 67 1 66858 30 97
890 66802 60 4 66918 56 116
630 66763 68 3 66986 155 223
336 66964 74 2 67060 22 96
198 64679 86 4 67146 2381 2467
171 64554 86 2 67232 2592 2678
350 67154 51 2 67283 78 129
466 67274 61 4 67344 9 70
247 67299 51 2 67395 45 96
863 67311 77 4 67472 84 161
235 67435 23 2 67495 37 60
641 65473 88 4 67583 2022 2110
341 65239 88 3 67671 2344 2432
102 66406 88 2 67759 1265 1353
120 63978 89 4 67848 3781 3870
671 67799 64 4 67912 49 113
221 67863 37 2 67949 49 86
60 67839 70 3 68019 110 180
377 68019 49 2 68068 0 49
206 66117 91 4 68159 1951 2042
786 68123 27 3 68186 36 63
850 68110 89 3 68275 76 165
408 68274 48 4 68323 1 49
617 68309 69 2 68392 14 83
576 68385 81 4 68473 7 88
205 68461 74 4 68547 12 86
495 68513 72 4 68619 34 106
360 68572 63 4 68682 47 110
232 68665 22 1 68704 17 39
440 68626 55 4 68759 78 133
13 68642 59 4 68818 117 176
756 68633 78 2 68896 185 263
166 68780 82 4 68978 116 198
796 68673 89 3 69067 305 394
67 69047 38 4 69105 20 58
581 68994 64 3 69169 111 175
185 69011 90 4 69259 158 248
983 69225 38 3 69297 34 72
92 69248 61 1 69358 49 110
210 69199 80 4 69438 159 239
936 68388 90 1 69528 1050 1140
705 69525 75 3 69603 3 78
972 69498 76 4 69679 105 181
722 69493 91 4 69770 186 277
61 69753 83 3 69853 17 100
386 69835 58 4 69911 18 76
406 69826 77 3 69988 85 162
187 69910 87 4 70075 78 165
417 51558 91 2 70166 18517 18608
914 70092 67 2 70233 74 141
809 70136 84 2 70317 97 181
711 64246 92 4 70409 6071 6163
702 60822 92 4 70501 9587 9679
491 70412 57 2 70558 89 146
669 70542 50 3 70608 16 66
803 70594 52 4 70660 14 66
593 70511 60 3 70720 149 209
928 70526 75 4 70795 194 269
149 70622 84 4 70879 173 257
86 70864 82 4 70961 15 97
422 70918 85 2 71046 43 128
677 55899 92 4 71138 15147 15239
237 69678 92 3 71230 1460 1552
815 58739 92 3 71322 12491 12583
875 71292 70 4 71392 30 100
261 58171 92 3 71484 13221 13313
802 54436 92 3 71576 17048 17140
65 71524 66 2 71642 52 118
29 46722 92 2 71734 24920 25012
163 71686 52 3 71786 48 100
531 71694 68 3 71854 92 160
814 71787 47 4 71901 67 114
616 71818 51 2 71952 83 134
243 71928 59 4 72011 24 83
660 71646 82 4 72093 365 447
843 72045 48 3 72141 48 96
117 72082 73 1 72214 59 132
922 71697 85 4 72299 517 602
605 71692 86 3 72385 607 693
363 67188 93 4 72478 5197 5290
653 72406 72 2 72550 72 144
770 51026 93 4 72643 21524 21617
730 64765 93 4 72736 7878 7971
454 59119 93 4 72829 13617 13710
400 45018 93 4 72922 27811 27904
94 52157 93 4 73015 20765 20858
201 72973 52 3 73067 42 94
83 73062 65 2 73132 5 70
569 73006 76 3 73208 126 202
453 69466 93 3 73301 3742 3835
946 73280 85 3 73386 21 106
402 73315 34 3 73420 71 105
18 54523 93 3 73513 18897 18990
525 73455 88 3 73601 58 146
100 73521 81 4 73682 80 161
977 73571 91 2 73773 111 202
140 65200 93 2 73866 8573 8666
306 54369 93 1 73959 19497 19590
926 61896 94 4 74053 12063 12157
475 61826 94 4 74147 12227 12321
89 74066 65 4 74212 81 146
732 71964 94 4 74306 2248 2342
618 74250 77 4 74383 56 133
228 74365 80 3 74463 18 98
622 63906 94 4 74557 10557 10651
757 55880 94 4 74651 18677 18771
125 74597 85 2 74736 54 139
761 74722 69 1 74805 14 83
407 74708 83 3 74888 97 180
498 47438 94 4 74982 27450 27544
748 47432 94 4 75076 27550 27644
505 75069 66 2 75142 7 73
330 50515 94 4 75236 24627 24721
82 75213 81 1 75317 23 104
841 75244 56 4 75373 73 129
474 75364 73 4 75446 9 82
300 75239 85 4 75531 207 292
767 75523 78 3 75609 8 86
44 47168 94 4 75703 28441 28535
46 75700 35 3 75738 3 38
199 75638 48 3 75786 100 148
522 75666 93 3 75879 120 213
394 75821 77 4 75956 58 135
790 75897 72 1 76028 59 131
588 57132 94 3 76122 18896 18990
697 76057 57 4 76179 65 122
540 76094 69 4 76248 85 154
285 76131 71 4 76319 117 188
688 68819 94 3 76413 7500 7594
957 67411 94 3 76507 9002 9096
54 39447 94 2 76601 37060 37154
521 53849 94 2 76695 22752 22846
319 51704 94 2 76789 24991 25085
7 76732 73 4 76862 57 130
910 51182 94 2 76956 25680 25774
881 65327 94 1 77050 11629 11723
142 40722 94 1 77144 36328 36422
932 44828 95 4 77239 32316 32411
162 42050 95 4 77334 35189 35284
708 77291 37 4 77371 43 80
175 77255 90 4 77461 116 206
167 77434 66 1 77527 27 93
985 59545 95 4 77622 17982 18077
651 77537 94 3 77716 85 179
476 67274 95 4 77811 10442 10537
451 60572 95 4 77906 17239 17334
430 77871 86 1 77992 35 121
941 77964 81 3 78073 28 109
111 77889 87 4 78160 184 271
291 78075 60 4 78220 85 145
817 65361 95 4 78315 12859 12954
33 48158 95 4 78410 30157 30252
444 37377 95 3 78505 41033 41128
950 78453 95 4 78600 52 147
305 78564 80 4 78680 36 116
361 56979 95 3 78775 21701 21796
114 39429 95 2 78870 39346 39441
570 78853 73 2 78943 17 90
676 78890 78 3 79021 53 131
707 78961 57 2 79078 60 117
368 78947 64 3 79142 131 195
964 54308 95 2 79237 24834 24929
634 79166 75 3 79312 71 146
738 61715 95 2 79407 17597 17692
992 54656 95 2 79502 24751 24846
587 42355 95 2 79597 37147 37242
575 79547 84 4 79681 50 134
91 37007 95 2 79776 42674 42769
656 66311 95 1 79871 13465 13560
28 75673 95 1 79966 4198 4293
347 79771 95 1 80061 195 290
659 79980 74 4 80135 81 155
193 49235 96 4 80231 30900 30996
488 46940 96 4 80327 33291 33387
638 80295 87 4 80414 32 119
97 49707 96 4 80510 30707 30803
600 80424 41 4 80551 86 127
644 80516 77 3 80628 35 112
532 54664 96 4 80724 25964 26060
292 77806 96 4 80820 2918 3014
865 52136 96 4 80916 28684 28780
824 44715 96 4 81012 36201 36297
713 78385 96 4 81108 2627 2723
484 41941 96 4 81204 39167 39263
156 80748 96 4 81300 456 552
743 48674 96 2 81396 32626 32722
429 81302 95 4 81491 94 189
851 81456 69 4 81560 35 104
344 81529 73 4 81633 31 104
897 49824 96 2 81729 31809 31905
391 71914 96 1 81825 9815 9911
504 42597 96 1 81921 39228 39324
573 75503 96 1 82017 6418 6514
869 69738 97 4 82114 12279 12376
624 49258 97 4 82211 32856 32953
137 49334 97 4 82308 32877 32974
565 46635 97 4 82405 35673 35770
650 51609 97 4 82502 30796 30893
131 65195 97 3 82599 17307 17404
679 60589 97 3 82696 22010 22107
949 82629 74 3 82770 67 141
826 82621 87 4 82857 149 236
920 72680 97 3 82954 10177 10274
367 82879 93 4 83047 75 168
489 46572 97 3 83144 36475 36572
966 52034 97 3 83241 31110 31207
85 83150 96 2 83337 91 187
981 83304 63 2 83400 33 96
352 83343 41 3 83441 57 98
825 83360 75 3 83516 81 156
420 83477 73 3 83589 39 112
339 83487 82 4 83671 102 184
101 83494 92 4 83763 177 269
935 83705 47 1 83810 58 105
927 44064 97 3 83907 39746 39843
121 35187 97 2 84004 48720 48817
706 50787 97 2 84101 33217 33314
87 34189 97 2 84198 49912 50009
413 84147 39 1 84237 51 90
649 33791 97 2 84334 50446 50543
119 60085 97 1 84431 24249 24346
601 84427 76 3 84507 4 80
667 42765 98 4 84605 41742 41840
991 51691 98 4 84703 32914 33012
249 54670 98 4 84801 30033 30131
791 84763 91 4 84892 38 129
289 84862 48 3 84940 30 78
316 53817 98 4 85038 31123 31221
538 48936 98 4 85136 36102 36200
384 85068 81 2 85217 68 149
165 34019 98 4 85315 51198 51296
700 85303 57 1 85372 12 69
584 85271 70 4 85442 101 171
668 39774 98 4 85540 45668 45766
558 51134 98 4 85638 34406 34504
487 83209 98 3 85736 2429 2527
283 57043 98 3 85834 28693 28791
958 44831 98 3 85932 41003 41101
271 80431 98 3 86030 5501 5599
51 58707 98 2 86128 27323 27421
886 86072 60 3 86188 56 116
976 72583 98 2 86286 13605 13703
195 86228 77 1 86363 58 135
837 39264 98 2 86461 47099 47197
583 37658 98 2 86559 48803 48901
689 59127 98 2 86657 27432 27530
35 34354 98 1 86755 52303 52401
441 42807 99 4 86854 43948 44047
405 86812 50 2 86904 42 92
253 86891 91 3 86995 13 104
321 59882 99 4 87094 27113 27212
549 41758 99 4 87193 45336 45435
924 87137 52 1 87245 56 108
902 87144 56 3 87301 101 157
871 87109 92 3 87393 192 284
929 41507 99 4 87492 45886 45985
223 87481 67 2 87559 11 78
72 61312 99 4 87658 26247 26346
427 54519 99 4 87757 33139 33238
499 35498 99 4 87856 52259 52358
633 87812 96 4 87952 44 140
741 60791 99 4 88051 27161 27260
93 80792 99 4 88150 7259 7358
952 37357 99 4 88249 50793 50892
58 41297 99 3 88348 46952 47051
314 88302 67 2 88415 46 113
320 39823 99 3 88514 48592 48691
849 78200 99 2 88613 10314 10413
90 88561 37 2 88650 52 89
543 35963 99 2 88749 52687 52786
25 59524 99 2 88848 29225 29324
452 88805 63 3 88911 43 106
568 43720 99 1 89010 45191 45290
246 53436 100 4 89110 35574 35674
883 35380 100 4 89210 53730 53830
263 54875 100 4 89310 34335 34435
894 51137 100 3 89410 38173 38273
599 89326 43 4 89453 84 127
2 89411 84 2 89537 42 126
662 69253 100 3 89637 20284 20384
642 53875 100 2 89737 35762 35862
372 66457 100 2 89837 23280 23380
460 90056 60 2 90116 0 60
426 90187 95 3 90282 0 95
401 90352 79 1 90431 0 79
934 90706 84 2 90790 0 84
153 90713 87 2 90877 77 164
39 90962 71 1 91033 0 71
877 91127 44 3 91171 0 44
279 91213 64 3 91277 0 64
264 91325 95 1 91420 0 95
606 92528 51 4 92579 0 51
53 92626 48 4 92674 0 48
358 92942 98 3 93040 0 98
628 93345 63 2 93408 0 63
603 93888 66 2 93954 0 66
652 95540 98 4 95638 0 98
478 95559 95 4 95733 79 174
778 95946 93 4 96039 0 93
468 96376 27 4 96403 0 27
718 97272 51 3 97323 0 51
160 98530 87 4 98617 0 87
277 98611 42 1 98659 6 48
734 99063 95 3 99158 0 95
144 100000 43 4 100043 0 43
701 100000 72 3 100115 43 115
813 100000 84 2 100199 115 199
385 100000 96 3 100295 199 295
