100249 1386 152 106
632 0 24 4 74 50 74
213 0 82 2 106 24 106
130 139 81 4 220 0 81
707 1106 40 4 1146 0 40
698 1736 22 2 1758 0 22
921 3525 53 3 3578 0 53
623 3532 32 2 3610 46 78
221 3829 51 3 3880 0 51
893 4924 44 4 4968 0 44
406 5561 44 2 5605 0 44
270 5698 72 1 5770 0 72
384 5850 88 2 5938 0 88
913 6958 32 3 6990 0 32
149 7392 59 2 7451 0 59
654 7671 24 4 7695 0 24
603 8378 72 3 8450 0 72
587 9025 52 1 9077 0 52
222 9220 89 2 9309 0 89
133 10043 61 4 10104 0 61
436 11130 35 4 11165 0 35
943 11392 59 2 11451 0 59
50 11794 70 1 11864 0 70
19 12206 71 4 12277 0 71
79 12243 34 3 12311 34 68
405 12527 65 4 12592 0 65
196 12633 47 3 12680 0 47
846 12701 41 2 12742 0 41
602 13473 48 2 13521 0 48
588 13702 24 3 13726 0 24
955 13719 41 3 13767 7 48
519 13740 51 4 13818 27 78
624 14382 47 2 14429 0 47
595 14505 30 4 14535 0 30
994 14623 49 3 14672 0 49
124 14772 64 3 14836 0 64
984 14820 89 1 14925 16 105
119 15006 78 3 15084 0 78
699 15245 22 3 15267 0 22
302 15976 38 4 16014 0 38
366 16204 57 4 16261 0 57
34 16230 90 3 16351 31 121
755 16425 27 4 16452 0 27
481 16540 68 4 16608 0 68
335 16546 23 3 16631 62 85
401 16798 81 3 16879 0 81
611 17305 89 2 17394 0 89
967 17352 37 4 17431 42 79
675 17429 25 4 17456 2 27
269 17920 67 4 17987 0 67
517 18103 61 4 18164 0 61
1000 18206 36 4 18242 0 36
648 18856 45 2 18901 0 45
31 19308 30 2 19338 0 30
652 19344 64 4 19408 0 64
178 19366 45 4 19453 42 87
562 19397 29 4 19482 56 85
375 19707 71 4 19778 0 71
543 19854 27 2 19881 0 27
76 20448 31 2 20479 0 31
433 20621 68 4 20689 0 68
255 20664 78 3 20767 25 103
286 21104 51 2 21155 0 51
372 21272 51 3 21323 0 51
168 21477 33 4 21510 0 33
732 21520 46 3 21566 0 46
500 21536 30 2 21596 30 60
229 21618 22 3 21640 0 22
767 21795 21 4 21816 0 21
869 21869 43 4 21912 0 43
710 21937 50 2 21987 0 50
708 21976 52 4 22039 11 63
863 22108 45 1 22153 0 45
231 22267 44 1 22311 0 44
104 22366 44 1 22410 0 44
505 22448 31 4 22479 0 31
873 22508 25 3 22533 0 25
945 22587 69 1 22656 0 69
53 22632 43 1 22699 24 67
928 23070 42 4 23112 0 42
430 23105 71 4 23183 7 78
768 23259 24 2 23283 0 24
107 23286 75 4 23361 0 75
570 23318 35 3 23446 93 128
455 23306 96 2 23492 90 186
961 23363 32 3 23524 129 161
252 23390 71 3 23595 134 205
418 23626 33 4 23659 0 33
899 23674 71 4 23745 0 71
800 23781 68 4 23849 0 68
819 23796 36 4 23885 53 89
495 23800 62 3 23947 85 147
582 23970 44 4 24014 0 44
47 24033 23 4 24056 0 23
838 24190 77 1 24267 0 77
175 24456 37 3 24493 0 37
96 24481 45 2 24538 12 57
775 24984 39 3 25023 0 39
4 25053 95 3 25148 0 95
300 25089 60 4 25208 59 119
555 25231 64 3 25295 0 64
380 25357 38 2 25395 0 38
864 25435 37 4 25472 0 37
271 25487 46 4 25533 0 46
855 25488 61 4 25644 95 156
463 25583 41 4 25685 61 102
615 25522 69 2 25704 113 182
278 25634 49 2 25753 70 119
161 25739 25 3 25778 14 39
996 25786 21 3 25807 0 21
151 25805 29 4 25836 2 31
417 26037 56 2 26093 0 56
904 26065 62 4 26205 78 140
7 26138 31 3 26286 117 148
426 26070 61 3 26297 166 227
659 26137 52 1 26299 110 162
912 26246 23 4 26322 53 76
861 26281 43 3 26365 41 84
966 26483 46 4 26529 0 46
677 26526 24 4 26553 3 27
172 26532 78 4 26631 21 99
917 26595 63 4 26694 36 99
207 26808 45 4 26853 0 45
936 26873 51 4 26924 0 51
331 27175 29 3 27204 0 29
804 27291 22 4 27313 0 22
700 27518 42 3 27560 0 42
720 27736 56 4 27792 0 56
435 27860 55 3 27915 0 55
671 27892 24 4 27939 23 47
16 27970 46 3 28016 0 46
598 28033 47 4 28080 0 47
848 28039 29 4 28109 41 70
727 28091 21 1 28130 18 39
74 28632 28 3 28660 0 28
572 28728 22 1 28750 0 22
17 28851 33 4 28884 0 33
825 28933 55 3 28988 0 55
259 29012 78 4 29090 0 78
504 29033 46 4 29136 57 103
73 29081 34 3 29170 55 89
195 29117 39 4 29209 53 92
152 29203 58 4 29267 6 64
580 29282 46 3 29328 0 46
2 29290 24 3 29352 38 62
214 29339 23 2 29425 63 86
673 29298 58 3 29433 77 135
876 29366 31 2 29464 67 98
672 29404 69 3 29533 60 129
906 29514 50 4 29583 19 69
532 29601 80 4 29681 0 80
446 29644 29 4 29760 87 116
999 29613 84 2 29844 147 231
49 29732 33 1 29877 112 145
93 29735 41 3 29918 142 183
267 29659 78 4 29946 209 287
484 29798 23 4 29969 148 171
690 30155 51 4 30206 0 51
647 30469 67 4 30536 0 67
683 30488 47 2 30583 48 95
187 30564 24 4 30707 119 143
739 30516 74 4 30731 141 215
730 30555 54 2 30735 126 180
153 30746 30 2 30776 0 30
526 30880 59 3 30939 0 59
408 30909 24 4 30963 30 54
810 31103 38 4 31141 0 38
696 31155 40 3 31195 0 40
329 31203 69 3 31272 0 69
758 31362 22 3 31384 0 22
781 31389 38 2 31427 0 38
733 31483 39 3 31522 0 39
550 31531 87 3 31618 0 87
173 31595 28 3 31646 23 51
32 31734 36 2 31770 0 36
789 31740 30 4 31800 30 60
931 31913 67 1 31980 0 67
744 31915 31 4 32011 65 96
964 32297 35 4 32332 0 35
715 32353 44 2 32397 0 44
39 32370 27 3 32424 27 54
854 32484 68 4 32552 0 68
407 32644 31 4 32675 0 31
308 32656 26 4 32701 19 45
858 32747 57 2 32804 0 57
995 32963 36 3 32999 0 36
824 32987 65 3 33164 112 177
797 32989 75 4 33239 175 250
403 32990 71 4 33260 199 270
114 33042 60 3 33270 168 228
441 33266 45 3 33365 54 99
884 33221 73 4 33388 94 167
879 33278 50 4 33438 110 160
631 33361 51 4 33489 77 128
785 33446 79 2 33568 43 122
314 33809 47 3 33856 0 47
903 33851 38 3 33944 55 93
439 33846 80 4 33974 48 128
205 33913 53 1 34027 61 114
935 33986 36 3 34063 41 77
880 34099 29 4 34128 0 29
374 34245 35 3 34280 0 35
298 34255 53 3 34333 25 78
246 34316 34 2 34367 17 51
35 34356 27 3 34394 11 38
604 34525 42 3 34567 0 42
641 34534 60 3 34627 33 93
612 34582 28 3 34655 45 73
249 34609 50 1 34705 46 96
138 34667 94 4 34849 88 182
637 34690 73 3 34872 109 182
282 34773 32 4 34904 99 131
65 34801 25 3 34929 103 128
842 34864 28 4 34957 65 93
285 34928 30 4 34987 29 59
373 34958 92 4 35079 29 121
103 35134 47 4 35181 0 47
687 35170 42 4 35273 61 103
378 35154 75 4 35348 119 194
414 35170 51 4 35349 128 179
770 35390 24 2 35414 0 24
323 35451 40 3 35491 0 40
224 35482 22 4 35563 59 81
926 35457 67 1 35580 56 123
24 35573 34 2 35614 7 41
208 35624 26 2 35650 0 26
266 35659 85 3 35744 0 85
929 35702 20 4 35764 42 62
281 35852 68 2 35920 0 68
112 35947 73 2 36020 0 73
420 36022 26 4 36048 0 26
875 36045 32 3 36130 53 85
533 36033 53 3 36133 47 100
818 36199 64 4 36263 0 64
66 36347 39 4 36386 0 39
979 36376 55 4 36441 10 65
956 36393 27 3 36468 48 75
790 36438 59 3 36527 30 89
512 36554 26 4 36580 0 26
83 36570 37 4 36617 10 47
409 36615 79 3 36696 2 81
428 36651 34 2 36730 45 79
782 36725 32 1 36812 55 87
549 36685 82 3 36844 77 159
118 36888 39 4 36927 0 39
835 37022 37 2 37059 0 37
210 37083 59 4 37142 0 59
681 37087 55 1 37197 55 110
232 37147 56 3 37303 100 156
244 37181 85 4 37388 122 207
747 37207 62 4 37400 131 193
786 37332 45 4 37445 68 113
667 37376 35 4 37480 69 104
712 37522 27 3 37549 0 27
787 37555 49 4 37604 0 49
140 37633 26 3 37659 0 26
454 37651 33 2 37692 8 41
346 37762 31 1 37793 0 31
396 37791 72 3 37865 2 74
988 37853 21 4 37886 12 33
485 37996 76 4 38072 0 76
644 38011 53 3 38125 61 114
242 38116 59 4 38184 9 68
487 38148 26 4 38210 36 62
332 38178 26 2 38236 32 58
923 38226 20 3 38306 60 80
822 38187 76 4 38332 69 145
924 38250 23 2 38355 82 105
902 38357 41 3 38398 0 41
553 38501 52 3 38553 0 52
977 38555 35 4 38590 0 35
351 38648 55 4 38703 0 55
251 38679 31 3 38734 24 55
510 38790 66 4 38856 0 66
181 39169 92 3 39261 0 92
350 39222 32 3 39343 89 121
98 39189 61 1 39354 104 165
953 39262 47 4 39401 92 139
982 39293 44 4 39445 108 152
312 39339 26 4 39471 106 132
122 39463 46 4 39567 58 104
585 39421 68 2 39585 96 164
497 39556 49 3 39684 79 128
58 39551 88 4 39772 133 221
793 39593 37 2 39859 229 266
499 39632 39 3 39998 327 366
688 39563 52 3 40000 385 437
123 39589 66 4 40116 461 527
136 39601 70 4 40136 465 535
740 39900 29 1 40165 236 265
468 39612 98 3 40213 503 601
666 39687 64 3 40277 526 590
760 40002 47 4 40324 275 322
850 39760 66 3 40340 514 580
142 40068 47 3 40387 272 319
305 39929 58 3 40395 408 466
622 40269 28 3 40523 226 254
451 40379 43 4 40566 144 187
444 40388 34 1 40600 178 212
811 40223 67 4 40617 327 394
338 40247 84 3 40651 320 404
262 40508 28 3 40729 193 221
322 40585 27 4 40756 144 171
256 40470 56 4 40762 236 292
885 40693 45 2 40857 119 164
523 40692 51 1 40908 165 216
839 40794 39 2 40947 114 153
102 40717 56 3 40953 180 236
888 40867 65 3 41018 86 151
158 41044 23 3 41067 0 23
247 41067 23 1 41090 0 23
38 41068 21 1 41111 22 43
779 41348 46 4 41394 0 46
143 41350 41 3 41435 44 85
937 41408 28 4 41463 27 55
918 41427 52 2 41515 36 88
165 41480 47 3 41562 35 82
415 41577 26 4 41603 0 26
932 41584 69 4 41672 19 88
69 41611 77 4 41749 61 138
128 41748 62 4 41811 1 63
363 41764 45 4 41856 47 92
520 41887 32 4 41919 0 32
783 41942 38 2 41980 0 38
190 42017 63 4 42080 0 63
394 42084 53 4 42137 0 53
111 42102 52 3 42189 35 87
983 42140 31 4 42220 49 80
219 42188 36 4 42306 82 118
728 42161 69 4 42325 95 164
751 42253 43 2 42368 72 115
310 42327 50 2 42418 41 91
344 42422 41 4 42463 0 41
238 42431 29 4 42492 32 61
467 42484 48 4 42590 58 106
226 42438 64 3 42604 102 166
77 42508 39 3 42643 96 135
498 42671 32 3 42703 0 32
182 42750 50 4 42800 0 50
356 42849 23 4 42872 0 23
849 42868 27 4 42899 4 31
613 42876 47 2 42946 23 70
840 42924 27 2 42973 22 49
459 42966 96 1 43069 7 103
814 43028 29 4 43148 91 120
597 43007 69 4 43167 91 160
686 43076 43 2 43210 91 134
425 43149 43 2 43353 161 204
980 43155 28 4 43381 198 226
421 43191 46 4 43477 240 286
274 43079 59 4 43486 348 407
665 43113 93 4 43529 323 416
469 43158 70 3 43549 321 391
131 43590 61 2 43651 0 61
465 43622 27 4 43678 29 56
318 43700 74 1 43774 0 74
778 43750 32 4 43806 24 56
882 43762 26 1 43832 44 70
784 43794 28 3 43860 38 66
567 43826 22 3 43932 84 106
548 43829 31 2 43963 103 134
946 43834 36 1 43999 129 165
735 43809 65 3 44064 190 255
386 43894 22 2 44086 170 192
539 43848 74 3 44110 188 262
253 44220 21 3 44241 0 21
905 44358 35 4 44393 0 35
404 44384 63 2 44456 9 72
993 44460 42 4 44502 0 42
265 44500 21 3 44523 2 23
220 44526 70 4 44596 0 70
541 44578 48 3 44644 18 66
574 44599 55 2 44749 95 150
167 44630 52 3 44801 119 171
336 44676 59 4 44860 125 184
584 44762 39 3 44899 98 137
971 44801 42 3 44941 98 140
472 44744 78 1 44969 147 225
669 44836 35 3 45054 183 218
197 44845 23 4 45077 209 232
71 44909 30 3 45157 218 248
263 44910 29 4 45186 247 276
753 44944 31 2 45217 242 273
14 44823 60 1 45227 344 404
695 44971 35 3 45262 256 291
301 44858 68 2 45280 354 422
345 45190 30 2 45310 90 120
132 45200 45 2 45355 110 155
218 45207 39 4 45394 148 187
725 45360 34 3 45428 34 68
466 45405 58 3 45486 23 81
245 45438 89 4 45625 98 187
815 45495 26 4 45651 130 156
834 45470 51 3 45702 181 232
542 45591 22 2 45724 111 133
59 45637 47 4 45771 87 134
985 45524 52 2 45773 197 249
639 45706 72 4 45845 67 139
633 45778 35 4 45880 67 102
628 45846 51 3 45981 84 135
470 45909 32 3 46013 72 104
70 45873 53 4 46016 90 143
1 45954 62 2 46078 62 124
309 46044 27 3 46105 34 61
817 46198 30 4 46228 0 30
619 46243 24 4 46267 0 24
389 46359 45 2 46404 0 45
184 46388 25 4 46479 66 91
339 46396 24 4 46503 83 107
895 46399 25 3 46528 104 129
900 46367 56 1 46534 111 167
381 46451 37 3 46571 83 120
464 46676 45 4 46721 0 45
371 46698 25 3 46796 73 98
563 46714 50 4 46846 82 132
593 46697 60 2 46856 99 159
682 46729 49 4 46905 127 176
717 46782 31 4 46936 123 154
625 46930 42 3 47028 56 98
44 46837 79 3 47057 141 220
528 46987 23 2 47080 70 93
950 47046 42 4 47222 134 176
947 47005 51 2 47223 167 218
90 47108 40 2 47263 115 155
198 47113 30 4 47293 150 180
501 47027 78 3 47371 266 344
645 47212 25 4 47396 159 184
171 47228 49 2 47445 168 217
170 47247 44 3 47489 198 242
616 47117 57 3 47496 322 379
883 47356 40 2 47586 190 230
830 47361 38 2 47624 225 263
243 47399 23 4 47647 225 248
27 47305 62 2 47709 342 404
940 47554 43 2 47802 205 248
397 47566 32 1 47834 236 268
610 47601 23 4 47857 233 256
626 47608 33 3 47890 249 282
18 47472 70 3 47960 418 488
489 47651 32 4 47992 309 341
164 47510 52 4 47994 432 484
806 47761 28 1 48022 233 261
689 47885 20 2 48092 187 207
554 47632 62 4 48104 410 472
796 47972 21 4 48225 232 253
393 47877 58 3 48283 348 406
605 48023 41 3 48324 260 301
776 48090 49 1 48473 334 383
646 47934 77 3 48550 539 616
422 48119 27 4 48627 481 508
25 48120 30 3 48657 507 537
491 47972 53 4 48760 735 788
741 47983 68 3 48778 727 795
726 48056 61 1 48889 772 833
228 48089 62 4 48901 750 812
367 48449 45 4 48946 452 497
392 48091 61 3 48957 805 866
942 48524 50 4 49007 433 483
412 48117 51 4 49008 840 891
347 48578 32 4 49090 480 512
948 48120 51 2 49141 970 1021
693 48669 30 4 49221 522 552
163 48146 89 4 49310 1075 1164
513 48244 56 4 49366 1066 1122
731 48314 52 4 49368 1002 1054
52 48857 26 4 49394 511 537
694 48562 94 2 49438 782 876
440 49070 31 3 49519 418 449
337 48627 89 4 49558 842 931
460 48659 75 3 49583 849 924
458 49177 43 4 49726 506 549
670 49215 37 2 49813 561 598
959 48690 77 4 49840 1073 1150
453 49263 38 3 49878 577 615
217 48743 60 3 49888 1085 1145
668 49319 39 3 49927 569 608
761 49357 28 3 49955 570 598
234 49368 26 4 49981 587 613
476 49372 25 3 50006 609 634
569 49377 38 3 50044 629 667
10 49035 61 4 50055 959 1020
773 49468 35 3 50140 637 672
987 49500 46 1 50186 640 686
150 49162 69 4 50205 974 1043
385 49603 29 1 50234 602 631
621 49176 72 2 50256 1008 1080
135 49718 21 3 50377 638 659
203 49205 63 3 50390 1122 1185
651 49750 47 1 50437 640 687
745 50010 50 3 50487 427 477
916 50047 47 3 50534 440 487
456 49456 53 2 50537 1028 1081
333 50090 41 4 50578 447 488
788 50191 33 2 50661 437 470
22 50197 29 3 50690 464 493
91 49647 93 4 50733 993 1086
679 49691 66 2 50749 992 1058
268 50383 38 4 50787 366 404
743 50182 70 4 50907 655 725
60 50607 35 4 50942 300 335
449 50648 20 2 50962 294 314
514 50667 29 4 50991 295 324
257 50669 26 4 51017 322 348
120 50688 26 1 51043 329 355
860 50763 32 4 51075 280 312
427 50540 88 4 51113 485 573
233 50552 71 4 51134 511 582
724 51009 50 3 51234 175 225
685 51058 43 3 51277 176 219
552 51109 43 2 51320 168 211
390 51119 29 1 51349 201 230
958 51005 51 4 51350 294 345
927 51203 88 1 51488 197 285
709 51209 52 4 51540 279 331
376 51378 63 4 51553 112 175
662 51534 44 3 51597 19 63
92 51608 30 4 51638 0 30
211 51654 72 1 51726 0 72
364 51714 35 4 51761 12 47
909 51721 49 2 51810 40 89
193 51789 24 4 51834 21 45
192 51825 38 4 51872 9 47
382 51867 43 1 51915 5 48
674 51896 66 3 51981 19 85
225 52081 66 4 52147 0 66
898 52172 51 4 52223 0 51
802 52174 45 3 52268 49 94
871 52219 28 3 52296 49 77
896 52238 68 3 52364 58 126
525 52389 36 3 52425 0 36
359 52395 32 4 52457 30 62
343 52411 42 4 52499 46 88
544 52436 26 3 52525 63 89
509 52502 59 2 52584 23 82
33 52533 37 2 52621 51 88
352 52551 25 3 52646 70 95
235 52559 25 1 52671 87 112
89 52645 37 1 52758 76 113
827 52585 77 2 52785 123 200
634 52681 38 4 52823 104 142
774 52749 24 3 52897 124 148
558 52801 31 4 52978 146 177
41 52819 22 4 53000 159 181
866 52699 70 4 53020 251 321
276 52848 28 4 53048 172 200
630 52766 56 2 53104 282 338
891 52919 28 2 53132 185 213
951 53009 32 3 53214 173 205
566 53045 24 3 53288 219 243
812 52886 71 4 53309 352 423
303 52956 54 3 53313 303 357
575 53154 22 3 53335 159 181
991 53023 76 3 53361 262 338
746 53251 21 4 53382 110 131
358 53310 21 4 53403 72 93
28 53355 33 4 53436 48 81
306 53357 30 4 53466 79 109
475 53650 28 1 53678 0 28
680 53653 50 3 53728 25 75
729 53676 46 4 53774 52 98
608 53680 47 4 53871 144 191
799 53677 58 3 53879 144 202
757 53837 51 4 53930 42 93
765 53909 83 2 54013 21 104
486 54011 41 4 54104 52 93
411 53937 51 3 54105 117 168
42 54075 25 3 54130 30 55
239 54148 22 1 54170 0 22
353 54193 47 4 54240 0 47
413 54205 58 4 54298 35 93
658 54264 20 4 54368 84 104
620 54269 23 4 54391 99 122
291 54254 75 1 54416 87 162
596 54318 24 4 54440 98 122
638 54353 32 4 54472 87 119
636 54495 39 1 54534 0 39
442 54588 39 1 54627 0 39
939 54618 74 4 54701 9 83
113 54667 27 2 54728 34 61
67 54702 46 3 54774 26 72
482 54752 28 1 54802 22 50
391 54857 32 3 54889 0 32
752 54908 24 3 54932 0 24
853 54926 22 1 54954 6 28
78 54943 46 1 55000 11 57
704 54991 32 3 55032 9 41
254 55015 94 4 55126 17 111
275 55059 40 2 55166 67 107
934 55149 42 3 55258 67 109
535 55107 56 4 55264 101 157
63 55201 20 3 55284 63 83
488 55263 70 2 55354 21 91
294 55301 35 4 55389 53 88
714 55311 35 2 55424 78 113
692 55375 36 4 55460 49 85
976 55406 22 4 55482 54 76
48 55418 30 1 55512 64 94
540 55422 29 2 55541 90 119
176 55450 40 4 55581 91 131
845 55520 41 4 55622 61 102
527 55571 23 2 55695 101 124
201 55563 83 2 55728 82 165
856 55724 22 1 55750 4 26
969 55904 33 2 55937 0 33
832 55961 44 3 56005 0 44
349 56006 34 2 56040 0 34
564 56101 33 4 56134 0 33
998 56152 38 4 56190 0 38
194 56168 40 2 56230 22 62
777 56213 94 4 56324 17 111
478 56262 39 4 56363 62 101
241 56299 31 4 56394 64 95
117 56305 74 3 56468 89 163
851 56466 44 3 56562 52 96
759 56444 60 4 56572 68 128
108 56505 45 4 56617 67 112
968 56510 40 4 56657 107 147
434 56544 41 4 56748 163 204
326 56581 36 3 56784 167 203
180 56651 22 1 56806 133 155
831 56527 84 1 56840 229 313
908 56806 22 4 57012 184 206
212 56727 63 4 57075 285 348
43 56729 63 4 57088 296 359
416 56746 91 2 57179 342 433
95 56823 70 4 57249 356 426
304 57071 43 3 57342 228 271
560 57074 41 4 57383 268 309
189 56907 54 3 57387 426 480
592 56942 56 4 57443 445 501
664 57243 24 3 57467 200 224
576 57044 78 4 57495 373 451
125 57257 28 4 57523 238 266
949 57315 21 4 57544 208 229
320 57317 20 4 57564 227 247
360 57357 41 4 57605 207 248
867 57093 74 4 57629 462 536
530 57439 75 3 57704 190 265
820 57669 44 2 57748 35 79
506 57703 38 4 57786 45 83
713 57763 37 4 57823 23 60
325 57853 43 3 57896 0 43
901 57888 54 2 57950 8 62
579 57915 28 2 57978 35 63
565 57959 33 3 58061 69 102
803 57918 74 3 58085 93 167
938 57990 30 3 58165 145 175
387 57982 68 2 58283 233 301
80 58105 41 4 58324 178 219
334 58149 40 3 58364 175 215
94 58009 54 4 58368 305 359
100 58054 55 3 58423 314 369
15 58300 48 3 58471 123 171
911 58364 38 4 58509 107 145
522 58205 73 4 58532 254 327
981 58383 30 4 58612 199 229
395 58462 31 4 58693 200 231
174 58375 75 3 58718 268 343
801 58433 64 4 58732 235 299
160 58681 45 3 58827 101 146
61 58726 40 2 58867 101 141
260 58643 93 2 58910 174 267
209 58833 87 2 59047 127 214
502 58919 41 4 59088 128 169
134 58921 41 4 59129 167 208
805 58883 97 3 59176 196 293
296 59092 50 3 59226 84 134
321 59100 29 4 59305 176 205
635 59099 65 1 59370 206 271
248 59186 63 4 59383 134 197
82 59326 95 3 59478 57 152
862 59414 25 4 59553 114 139
293 59468 26 4 59579 85 111
144 59402 73 4 59602 127 200
970 59489 48 2 59650 113 161
431 59605 32 2 59682 45 77
609 59616 22 3 59704 66 88
531 59673 35 4 59739 31 66
887 59677 27 4 59766 62 89
29 59721 60 1 59826 45 105
594 59793 28 4 59854 33 61
960 59814 37 4 59891 40 77
471 59824 60 2 59951 67 127
448 59896 29 2 59980 55 84
85 59923 21 2 60051 107 128
978 59936 28 2 60079 115 143
106 59920 82 1 60111 109 191
227 60024 37 4 60148 87 124
3 60063 27 2 60225 135 162
914 60035 61 1 60236 140 201
272 60245 42 3 60287 0 42
915 60343 55 3 60398 0 55
369 60409 33 2 60442 0 33
438 60442 39 3 60581 100 139
952 60434 74 4 60605 97 171
780 60441 59 2 60614 114 173
590 60525 32 4 60646 89 121
941 60630 51 2 60697 16 67
577 60672 40 2 60787 75 115
299 60672 67 4 60854 115 182
146 60767 50 4 60954 137 187
705 60696 55 3 60959 208 263
20 60791 43 4 61002 168 211
141 60763 51 1 61053 239 290
551 60890 36 3 61139 213 249
116 60981 43 3 61232 208 251
490 60842 87 1 61269 340 427
423 60867 81 4 61300 352 433
836 61063 27 3 61327 237 264
963 61071 31 1 61358 256 287
365 61082 25 4 61433 326 351
703 60947 57 3 61440 436 493
649 61348 21 2 61461 92 113
354 61075 66 1 61477 336 402
240 61505 39 4 61544 0 39
515 61510 27 3 61571 34 61
327 61557 29 2 61600 14 43
965 61589 38 4 61638 11 49
617 61636 94 4 61732 2 96
230 61696 28 2 61760 36 64
534 61741 57 4 61817 19 76
660 61846 29 1 61875 0 29
736 61899 56 3 61955 0 56
865 61919 87 1 62092 86 173
432 61972 36 4 62128 120 156
87 61973 24 1 62152 155 179
737 61955 88 4 62190 147 235
443 62193 49 3 62242 0 49
925 62196 35 3 62277 46 81
56 62259 22 3 62349 68 90
410 62218 61 4 62360 81 142
185 62356 59 3 62419 4 63
258 62362 75 4 62494 57 132
511 62708 31 4 62739 0 31
483 62879 38 1 62917 0 38
127 62937 32 4 63019 50 82
68 62937 54 3 63023 32 86
529 63032 51 2 63083 0 51
655 63140 48 1 63188 0 48
559 63203 68 2 63271 0 68
191 63229 25 2 63296 42 67
962 63303 21 2 63324 0 21
126 63400 29 4 63429 0 29
162 63418 30 4 63459 11 41
857 63487 44 1 63531 0 44
46 63491 28 3 63559 40 68
492 63559 41 3 63700 100 141
480 63492 65 3 63715 158 223
37 63513 66 3 63731 152 218
503 63637 21 2 63752 94 115
847 63800 83 2 63883 0 83
826 63811 45 4 63928 72 117
12 63824 28 4 63956 104 132
508 63905 22 3 64028 101 123
348 63919 22 4 64050 109 131
829 63890 54 3 64054 110 164
137 63985 34 4 64088 69 103
402 64026 22 2 64110 62 84
697 64082 24 4 64134 28 52
516 64094 76 2 64210 40 116
618 64172 68 2 64278 38 106
975 64291 51 2 64342 0 51
200 64404 78 3 64482 0 78
398 64549 53 3 64602 0 53
691 64551 23 4 64625 51 74
88 64719 59 3 64778 0 59
40 64754 36 4 64814 24 60
868 64789 25 2 64889 75 100
766 64765 56 2 64895 74 130
545 64834 52 3 64947 61 113
288 64918 31 4 65028 79 110
874 64927 38 2 65066 101 139
86 64937 31 4 65097 129 160
6 64909 66 4 65113 138 204
157 65093 34 3 65247 120 154
794 64959 59 1 65256 238 297
473 65149 22 1 65278 107 129
661 64987 53 3 65281 241 294
36 65216 21 4 65302 65 86
643 65243 39 3 65341 59 98
307 65400 41 2 65441 0 41
518 65417 31 4 65522 74 105
823 65418 32 3 65554 104 136
890 65436 25 3 65579 118 143
493 65416 67 3 65596 113 180
881 65570 40 4 65636 26 66
583 65641 48 2 65689 0 48
718 65673 78 3 65767 16 94
199 65740 70 2 65837 27 97
290 65822 21 4 65858 15 36
377 65907 46 2 65953 0 46
764 66035 67 4 66102 0 67
147 66095 65 2 66167 7 72
313 66249 65 4 66314 0 65
159 66602 71 2 66673 0 71
568 66643 40 4 66713 30 70
642 66651 22 1 66735 62 84
894 66692 48 4 66833 93 141
292 66688 68 4 66901 145 213
341 66733 73 3 67024 218 291
148 66895 36 3 67060 129 165
723 66804 86 2 67096 206 292
340 66949 24 3 67120 147 171
719 66833 71 2 67141 237 308
54 67003 37 3 67178 138 175
749 67064 33 3 67261 164 197
843 67152 50 3 67361 159 209
186 67045 75 3 67436 316 391
101 67075 51 2 67437 311 362
910 67298 38 2 67475 139 177
537 67320 26 4 67551 205 231
316 67163 84 2 67585 338 422
600 67301 67 4 67652 284 351
115 67386 59 1 67711 266 325
437 67493 62 3 67723 168 230
295 67704 37 2 67760 19 56
734 67742 54 4 67814 18 72
328 67816 39 3 67855 0 39
573 67825 29 2 67884 30 59
237 67888 23 3 67911 0 23
452 68091 22 4 68113 0 22
289 68168 92 4 68260 0 92
706 68186 43 3 68303 74 117
21 68338 21 3 68359 0 21
656 68449 29 3 68478 0 29
992 68457 30 4 68508 21 51
997 68606 22 2 68628 0 22
922 68721 63 3 68784 0 63
72 68748 29 4 68813 36 65
261 68925 67 4 68992 0 67
907 69001 57 4 69058 0 57
179 69146 33 3 69179 0 33
64 69169 52 4 69231 10 62
557 69246 41 1 69287 0 41
809 69289 21 2 69310 0 21
702 69435 54 4 69489 0 54
676 69606 31 3 69637 0 31
716 69619 52 4 69689 18 70
283 69729 64 4 69793 0 64
105 69786 26 2 69819 7 33
828 70040 25 3 70065 0 25
833 70238 38 3 70276 0 38
578 70356 35 3 70391 0 35
109 70480 70 3 70550 0 70
792 70500 60 1 70610 50 110
166 70586 57 4 70667 24 81
507 70669 57 4 70726 0 57
9 70671 22 4 70748 55 77
627 70710 46 3 70794 38 84
821 70744 20 1 70814 50 70
206 70762 41 4 70855 52 93
419 70824 23 2 70878 31 54
589 70864 73 3 70951 14 87
772 70910 32 3 70983 41 73
892 70926 26 2 71009 57 83
75 71133 48 4 71181 0 48
844 71140 33 3 71214 41 74
145 71395 24 4 71419 0 24
897 71578 48 4 71676 50 98
223 71578 55 3 71681 48 103
84 71731 60 4 71791 0 60
607 71816 22 3 71838 0 22
494 71822 68 1 71906 16 84
445 71894 49 4 71955 12 61
215 71916 49 2 72004 39 88
97 72066 62 3 72128 0 62
640 72235 55 4 72290 0 55
678 72294 74 3 72368 0 74
750 72311 28 4 72396 57 85
657 72666 28 3 72694 0 28
852 72674 67 4 72811 70 137
538 72681 53 3 72814 80 133
763 72776 27 4 72841 38 65
216 72881 33 4 72914 0 33
571 72910 61 2 72975 4 65
13 73035 37 4 73072 0 37
368 73117 73 4 73190 0 73
400 73120 46 4 73236 70 116
273 73272 64 2 73336 0 64
771 73381 62 3 73443 0 62
872 73473 33 4 73506 0 33
701 73512 30 3 73542 0 30
57 73568 34 4 73602 0 34
721 73670 56 3 73726 0 56
8 73691 36 4 73762 35 71
279 73758 49 3 73811 4 53
297 73906 35 3 73941 0 35
974 73967 23 4 73990 0 23
250 74104 48 4 74152 0 48
521 74145 49 4 74201 7 56
324 74335 21 4 74356 0 21
581 74432 49 3 74481 0 49
989 74496 21 3 74517 0 21
55 74559 63 4 74622 0 63
236 74867 66 3 74933 0 66
841 74871 58 4 75041 112 170
154 74908 54 4 75045 83 137
156 74993 43 4 75088 52 95
457 75050 25 4 75113 38 63
121 75110 26 2 75189 53 79
889 75100 55 1 75194 39 94
81 75303 61 3 75364 0 61
342 75381 21 1 75402 0 21
919 75759 21 2 75780 0 21
742 75771 37 4 75867 59 96
11 75771 62 4 75879 46 108
330 75844 52 4 75931 35 87
447 75889 25 3 75956 42 67
362 76038 22 2 76060 0 22
798 76238 27 4 76265 0 27
756 76305 51 4 76356 0 51
429 76645 58 4 76703 0 58
653 76695 46 4 76749 8 54
99 76714 41 4 76790 35 76
986 76811 42 2 76853 0 42
837 76921 28 2 76949 0 28
591 77021 39 3 77060 0 39
26 77290 55 4 77345 0 55
51 77345 62 4 77407 0 62
954 77391 41 2 77448 16 57
944 77412 34 3 77482 36 70
110 77614 28 4 77642 0 28
183 78144 37 3 78181 0 37
816 78258 23 4 78281 0 23
204 78339 78 4 78417 0 78
177 78532 52 2 78584 0 52
357 79071 46 3 79117 0 46
601 79127 41 4 79168 0 41
379 79398 78 4 79476 0 78
807 79567 75 2 79642 0 75
45 79678 39 4 79717 0 39
383 80378 74 3 80452 0 74
317 80488 22 3 80510 0 22
808 80499 80 2 80590 11 91
461 80781 22 3 80803 0 22
129 80923 27 3 80950 0 27
30 80983 82 3 81065 0 82
930 81145 24 3 81169 0 24
629 81152 54 3 81223 17 71
399 81199 52 2 81275 24 76
599 81238 34 4 81309 37 71
547 82210 40 4 82250 0 40
361 82647 28 4 82675 0 28
561 82833 30 4 82863 0 30
870 83013 49 4 83062 0 49
311 83132 44 3 83176 0 44
62 83167 70 4 83246 9 79
791 83247 37 3 83284 0 37
424 83391 76 4 83467 0 76
479 83510 60 2 83570 0 60
813 83629 40 4 83669 0 40
202 83749 58 4 83807 0 58
650 83965 23 4 83988 0 23
536 83969 21 3 84009 19 40
315 83998 76 3 84085 11 87
920 84489 32 1 84521 0 32
280 84666 26 2 84692 0 26
277 84728 42 3 84770 0 42
795 84794 42 3 84836 0 42
762 84901 59 4 84960 0 59
139 85121 37 2 85158 0 37
606 85170 42 3 85212 0 42
287 85687 67 1 85754 0 67
663 85833 34 2 85867 0 34
546 85949 83 2 86032 0 83
878 86449 77 4 86526 0 77
188 86594 58 4 86652 0 58
556 86838 26 3 86864 0 26
586 87110 92 4 87202 0 92
972 87169 24 2 87226 33 57
769 87875 66 4 87941 0 66
990 87969 21 4 87990 0 21
614 88010 39 1 88049 0 39
319 88102 52 4 88154 0 52
264 88397 23 2 88420 0 23
5 88500 71 2 88571 0 71
711 88977 25 4 89002 0 25
450 89207 25 2 89232 0 25
722 89287 40 4 89327 0 40
355 89419 29 4 89448 0 29
155 89657 20 4 89677 0 20
886 90032 57 4 90089 0 57
684 90689 41 2 90730 0 41
462 91990 36 3 92026 0 36
859 92057 81 2 92138 0 81
933 93044 65 4 93109 0 65
973 93156 83 1 93239 0 83
169 93887 38 3 93925 0 38
370 94161 54 1 94215 0 54
738 94838 35 1 94873 0 35
748 95009 43 4 95052 0 43
388 95486 27 4 95513 0 27
524 96101 21 2 96122 0 21
877 97270 45 3 97315 0 45
474 97393 51 2 97444 0 51
284 99671 90 4 99761 0 90
477 100000 43 3 100143 100 143
496 100000 28 4 100171 143 171
23 100000 56 4 100227 171 227
754 100000 67 4 100244 177 244
957 100000 55 2 100249 194 249
