100477 1000 4266 4192
670 0 69 4 69 0 69
4 812 56 3 868 0 56
356 1159 40 4 1199 0 40
516 1892 99 2 1991 0 99
207 2616 55 3 2671 0 55
239 4055 92 4 4147 0 92
329 4046 96 1 4234 92 188
266 4398 74 4 4472 0 74
876 4605 91 3 4696 0 91
617 7275 77 1 7352 0 77
309 7606 99 3 7705 0 99
688 7767 72 4 7839 0 72
792 8705 81 3 8786 0 81
656 8853 36 3 8889 0 36
776 8892 93 2 8985 0 93
727 9056 90 4 9146 0 90
954 9547 94 4 9641 0 94
764 9751 60 2 9811 0 60
577 10207 68 1 10275 0 68
735 10664 76 3 10740 0 76
67 11122 75 4 11197 0 75
331 11093 86 3 11254 75 161
822 12237 97 3 12334 0 97
594 12478 71 4 12549 0 71
858 12821 67 4 12888 0 67
287 13125 72 2 13197 0 72
969 13272 79 3 13351 0 79
978 13671 63 3 13734 0 63
935 13708 94 4 13828 26 120
292 14308 67 2 14375 0 67
721 14384 27 4 14411 0 27
371 14539 65 4 14604 0 65
341 14830 94 2 14924 0 94
538 15129 39 4 15168 0 39
685 15102 81 1 15222 39 120
786 15736 50 4 15786 0 50
814 15834 91 2 15925 0 91
880 16044 84 3 16128 0 84
342 16374 49 3 16423 0 49
892 17267 47 4 17314 0 47
165 17426 61 3 17487 0 61
707 17364 98 3 17523 61 159
841 17365 99 4 17622 158 257
815 17247 99 1 17651 305 404
284 17693 94 3 17787 0 94
95 17947 44 3 17991 0 44
653 18031 46 2 18077 0 46
151 18602 53 2 18655 0 53
377 18553 98 2 18704 53 151
62 18887 59 2 18946 0 59
827 18963 24 2 18987 0 24
680 19043 85 3 19128 0 85
405 19300 62 1 19362 0 62
715 19420 42 4 19462 0 42
974 19394 78 2 19514 42 120
997 19253 81 3 19516 182 263
1000 19703 93 4 19796 0 93
537 20003 66 3 20069 0 66
34 20846 34 4 20880 0 34
437 20844 57 2 20935 34 91
936 21227 59 2 21286 0 59
832 21498 56 4 21554 0 56
627 21552 65 4 21619 2 67
360 21573 86 4 21705 46 132
289 21747 43 3 21790 0 43
31 21653 93 4 21841 95 188
659 22186 86 3 22272 0 86
194 22295 54 3 22349 0 54
623 22497 75 1 22572 0 75
734 22582 92 3 22674 0 92
873 22558 98 3 22762 106 204
622 22858 80 4 22938 0 80
572 22964 85 1 23049 0 85
752 23012 93 4 23142 37 130
641 23277 29 2 23306 0 29
519 23224 69 2 23322 29 98
835 23178 78 3 23354 98 176
553 23402 69 2 23471 0 69
667 23196 94 3 23517 227 321
262 23540 40 2 23580 0 40
274 23618 35 2 23653 0 35
223 23653 42 4 23695 0 42
712 23523 60 4 23700 117 177
72 23028 98 4 23756 630 728
380 23769 98 3 23867 0 98
429 23941 54 2 23995 0 54
589 23086 99 4 24007 822 921
807 24055 82 3 24137 0 82
133 24142 73 2 24215 0 73
506 24067 90 2 24300 143 233
695 24297 96 2 24396 3 99
502 24518 66 2 24584 0 66
435 24492 95 3 24653 66 161
353 24864 23 3 24887 0 23
791 24966 54 4 25020 0 54
612 25053 43 4 25096 0 43
414 25060 51 4 25147 36 87
833 25183 57 3 25240 0 57
825 25006 70 3 25241 165 235
560 24958 72 4 25305 275 347
757 25356 88 3 25444 0 88
940 25489 66 4 25555 0 66
900 25624 67 4 25691 0 67
980 25519 88 3 25710 103 191
44 25752 73 4 25825 0 73
477 25542 93 3 25876 241 334
496 25181 93 1 25916 642 735
403 25356 93 1 25966 517 610
834 25986 80 4 26066 0 80
427 26105 80 4 26185 0 80
264 26187 65 4 26252 0 65
583 26237 98 3 26350 15 113
684 26380 63 4 26443 0 63
378 26518 57 1 26575 0 57
97 26381 88 4 26588 119 207
413 25917 100 3 26597 580 680
409 26808 84 3 26892 0 84
71 26953 41 4 26994 0 41
808 27131 45 3 27176 0 45
372 27078 69 4 27192 45 114
434 27232 41 1 27273 0 41
887 27131 94 4 27327 102 196
450 27334 31 3 27365 0 31
492 27357 50 2 27415 8 58
646 27483 70 3 27553 0 70
462 27543 72 4 27625 10 82
772 27370 73 2 27630 187 260
963 27732 31 2 27763 0 31
703 27244 95 3 27784 445 540
829 27683 95 3 27844 66 161
469 27732 96 4 27940 112 208
177 27989 82 4 28071 0 82
562 28079 59 4 28138 0 59
692 28085 83 2 28221 53 136
953 28257 64 3 28321 0 64
497 28412 48 2 28460 0 48
270 28351 74 4 28473 48 122
867 28157 84 4 28491 250 334
91 27941 84 3 28519 494 578
534 28570 35 4 28605 0 35
36 27966 87 4 28641 588 675
568 28671 71 4 28742 0 71
615 28582 89 2 28801 130 219
648 28836 70 2 28906 0 70
259 28961 65 1 29026 0 65
621 28982 88 4 29114 44 132
210 29156 58 4 29214 0 58
513 29286 34 4 29320 0 34
556 29253 40 3 29327 34 74
99 29248 44 4 29366 74 118
818 29216 73 4 29407 118 191
848 29134 82 4 29465 249 331
307 29520 52 4 29572 0 52
634 28969 94 2 29591 528 622
643 28063 97 2 29598 1438 1535
853 29619 94 2 29713 0 94
334 28247 97 1 29789 1445 1542
351 29916 37 4 29953 0 37
631 29842 85 4 29964 37 122
864 28156 98 2 30009 1755 1853
614 29079 99 4 30108 930 1029
212 30282 82 1 30364 0 82
714 30520 37 2 30557 0 37
535 30514 55 1 30606 37 92
374 30587 65 3 30671 19 84
395 30640 74 4 30745 31 105
416 30806 37 1 30843 0 37
411 30772 74 4 30883 37 111
773 30693 78 3 30934 163 241
5 30458 79 1 30957 420 499
141 30863 94 1 31051 94 188
16 30755 97 4 31148 296 393
781 31291 61 4 31352 0 61
421 31359 77 1 31436 0 77
760 31443 94 3 31537 0 94
871 31234 95 3 31561 232 327
806 31569 80 3 31649 0 80
78 31665 60 4 31725 0 60
1 31806 94 1 31900 0 94
51 31902 73 3 31975 0 73
426 31952 74 3 32049 23 97
137 31669 96 4 32062 297 393
938 32104 71 2 32175 0 71
532 32080 94 4 32245 71 165
185 31453 96 3 32299 750 846
576 32329 90 2 32419 0 90
124 32492 39 4 32531 0 39
569 32377 91 3 32549 81 172
41 32441 93 4 32642 108 201
10 32702 95 2 32797 0 95
985 32826 37 4 32863 0 37
524 32860 80 3 32943 3 83
418 32952 82 4 33034 0 82
896 33086 55 3 33141 0 55
629 33077 81 4 33213 55 136
731 33066 86 3 33288 136 222
501 32980 86 2 33342 276 362
144 33159 87 3 33429 183 270
778 33443 38 4 33481 0 38
561 32866 91 2 33549 592 683
705 33017 94 4 33643 532 626
725 32327 98 4 33650 1225 1323
388 33736 40 4 33776 0 40
747 33865 42 4 33907 0 42
455 33800 81 4 33923 42 123
355 33867 86 4 34009 56 142
37 34019 34 3 34053 0 34
18 34120 38 3 34158 0 38
196 34104 61 4 34203 38 99
693 34196 72 2 34275 7 79
885 34263 75 3 34350 12 87
925 33760 92 4 34357 505 597
148 34382 49 3 34431 0 49
784 34377 56 4 34482 49 105
294 34379 64 2 34546 103 167
163 34592 42 4 34634 0 42
85 34370 65 2 34646 211 276
370 34470 71 3 34743 202 273
783 34691 71 3 34788 26 97
676 34855 68 4 34923 0 68
665 34495 76 4 34932 361 437
17 34946 51 4 34997 0 51
977 35062 44 4 35106 0 44
106 35055 69 4 35168 44 113
919 35238 58 4 35296 0 58
528 35080 73 3 35299 146 219
314 35191 74 4 35373 108 182
745 35003 80 4 35401 318 398
457 35540 57 4 35597 0 57
881 34686 83 4 35604 835 918
15 34874 83 4 35604 647 730
310 35665 80 1 35745 0 80
104 35163 84 4 35768 521 605
249 35782 39 2 35821 0 39
992 35884 62 4 35946 0 62
219 34690 85 4 35954 1179 1264
844 35526 85 3 36039 428 513
344 36084 27 3 36111 0 27
143 36118 72 3 36190 0 72
330 36206 54 4 36260 0 54
777 36280 50 3 36330 0 50
770 36202 57 2 36363 104 161
689 36077 73 1 36410 260 333
912 36238 85 3 36495 172 257
741 36172 88 4 36583 323 411
910 36601 80 3 36681 0 80
926 36714 56 3 36770 0 56
336 36743 70 3 36840 27 97
53 36649 85 1 36892 158 243
852 36899 86 4 36985 0 86
724 35163 88 1 37010 1759 1847
600 37063 25 4 37088 0 25
366 37045 74 1 37144 25 99
408 37187 55 3 37242 0 55
476 37206 75 4 37317 36 111
847 37281 79 4 37396 36 115
645 36636 90 3 37408 682 772
945 37461 49 2 37510 0 49
192 36907 92 4 37549 550 642
297 37654 88 3 37742 0 88
59 37759 66 4 37825 0 66
942 37922 36 3 37958 0 36
387 37850 77 3 37963 36 113
552 37827 81 3 38021 113 194
624 38026 65 4 38091 0 65
458 38070 78 4 38169 21 99
206 37942 81 1 38245 222 303
81 38325 30 4 38355 0 30
283 38077 84 4 38359 198 282
12 38410 44 3 38454 0 44
990 38365 60 3 38469 44 104
663 38364 77 4 38545 104 181
343 38600 40 4 38640 0 40
823 38576 56 4 38672 40 96
187 38575 57 1 38728 96 153
975 38680 76 4 38804 48 124
138 38841 73 3 38914 0 73
986 38081 86 4 38928 761 847
472 38954 43 4 38997 0 43
639 38122 87 3 39058 849 936
657 38555 88 4 39146 503 591
9 39197 54 2 39251 0 54
683 39300 67 2 39367 0 67
660 39258 79 3 39404 67 146
529 39482 36 4 39518 0 36
691 39466 38 3 39540 36 74
3 39531 83 3 39623 9 92
960 39304 85 3 39646 257 342
209 39677 83 4 39760 0 83
854 39771 67 3 39838 0 67
172 39804 73 2 39911 34 107
164 39161 86 4 39912 665 751
318 37619 91 4 39934 2224 2315
658 39947 92 4 40039 0 92
872 38178 92 3 40118 1848 1940
686 33914 93 3 40128 6121 6214
439 40202 56 1 40258 0 56
125 40297 47 4 40344 0 47
75 40189 88 4 40416 139 227
198 40331 88 4 40468 49 137
402 34682 93 2 40500 5725 5818
949 37571 93 1 40593 2929 3022
737 40668 64 3 40732 0 64
129 40751 89 4 40840 0 89
999 41031 33 4 41064 0 33
101 40963 79 4 41075 33 112
565 41134 66 3 41200 0 66
296 41252 50 2 41302 0 50
349 41375 48 2 41423 0 48
322 41333 54 4 41435 48 102
677 41249 54 3 41455 152 206
26 41449 56 2 41511 6 62
870 41344 59 2 41570 167 226
227 41243 73 3 41637 321 394
369 41640 72 4 41712 0 72
736 41684 83 4 41795 28 111
25 41796 50 3 41846 0 50
637 41860 64 4 41924 0 64
493 41138 84 2 41947 725 809
633 42101 60 3 42161 0 60
971 42032 84 1 42176 60 144
449 42217 45 4 42262 0 45
944 42331 69 3 42400 0 69
79 42447 38 4 42485 0 38
558 42504 64 3 42568 0 64
512 42468 65 3 42614 81 146
937 42420 67 2 42654 167 234
768 42290 79 2 42672 303 382
304 42680 78 1 42758 0 78
713 42780 67 1 42847 0 67
795 42495 80 1 42897 322 402
281 41513 85 4 42912 1314 1399
76 41173 85 4 42913 1655 1740
440 40953 85 3 42929 1891 1976
765 41026 86 2 43015 1903 1989
965 43083 53 3 43136 0 53
884 43174 35 4 43209 0 35
389 43181 57 4 43266 28 85
396 43334 62 4 43396 0 62
261 43277 69 3 43408 62 131
868 43361 77 4 43485 47 124
132 43433 80 4 43565 52 132
195 43151 84 4 43615 380 464
894 43072 86 3 43675 517 603
65 43708 54 2 43762 0 54
202 43678 55 2 43787 54 109
317 43702 81 4 43868 85 166
473 43915 41 2 43956 0 41
701 43958 58 3 44016 0 58
719 43773 86 3 44053 194 280
994 44063 65 4 44128 0 65
499 44238 62 1 44300 0 62
20 44188 71 4 44321 62 133
567 44163 81 1 44377 133 214
57 44427 64 4 44491 0 64
215 44415 86 4 44565 64 150
607 44078 88 4 44580 414 502
740 42075 88 3 44598 2435 2523
467 41818 89 4 44687 2780 2869
213 41039 89 3 44776 3648 3737
247 44800 46 1 44846 0 46
509 43132 89 2 44911 1690 1779
161 44955 56 2 45011 0 56
819 45043 51 4 45094 0 51
303 45095 48 2 45143 0 48
21 45085 64 4 45206 57 121
650 44919 83 1 45221 219 302
228 45261 45 4 45306 0 45
327 45310 48 2 45358 0 48
968 45274 56 3 45410 80 136
907 45495 36 4 45531 0 36
96 45468 40 3 45544 36 76
826 45498 43 2 45587 46 89
453 45586 60 3 45647 1 61
14 45333 60 2 45649 256 316
315 45651 32 4 45683 0 32
173 45368 68 2 45749 313 381
989 45747 70 3 45819 2 72
487 45830 44 4 45874 0 44
422 45813 73 1 45936 50 123
718 45585 85 4 46021 351 436
102 46048 29 3 46077 0 29
584 46061 48 3 46125 16 64
761 45937 85 3 46183 161 246
908 45288 87 3 46270 895 982
536 46322 63 2 46385 0 63
127 46522 43 3 46565 0 43
866 46462 71 1 46576 43 114
956 46309 72 2 46583 202 274
860 46419 72 2 46630 139 211
877 46392 78 4 46708 238 316
976 45023 88 4 46717 1606 1694
929 46792 65 4 46857 0 65
495 46738 67 4 46870 65 132
931 46729 75 2 46936 132 207
235 47079 64 3 47143 0 64
891 47005 78 2 47147 64 142
932 47198 67 4 47295 30 97
357 47235 67 4 47332 30 97
903 47433 66 2 47499 0 66
117 47453 70 4 47569 46 116
510 47580 43 3 47623 0 43
550 47446 73 1 47685 166 239
831 47112 82 3 47689 495 577
126 47155 82 3 47697 460 542
326 45725 88 1 47704 1891 1979
729 47708 62 2 47770 0 62
468 47176 89 2 47855 590 679
201 47887 82 3 47969 0 82
918 47907 84 1 48053 62 146
412 43556 90 4 48103 4457 4547
580 41214 90 2 48283 6979 7069
279 45239 90 2 48283 2954 3044
182 44266 91 3 48374 4017 4108
515 48404 85 1 48489 0 85
574 48515 81 4 48596 0 81
103 48609 72 3 48681 0 72
626 48710 47 3 48757 0 47
801 48828 55 2 48883 0 55
444 48785 69 3 48909 55 124
904 48905 82 4 48991 4 86
119 48521 84 4 49005 400 484
952 49153 51 3 49204 0 51
859 49248 56 4 49304 0 56
328 49316 53 3 49369 0 53
625 49222 58 4 49389 109 167
849 49429 24 3 49453 0 24
888 49475 60 2 49535 0 60
113 49351 62 4 49535 122 184
517 49596 46 1 49642 0 46
794 49347 68 2 49649 234 302
93 49328 69 1 49718 321 390
33 49759 60 1 49819 0 60
508 49855 23 4 49878 0 23
226 49353 72 4 49945 520 592
60 49544 72 4 49945 329 401
720 49157 72 1 49999 770 842
237 50016 51 4 50067 0 51
244 50190 36 4 50226 0 36
748 50130 68 4 50234 36 104
337 50008 72 4 50235 155 227
979 50246 62 2 50308 0 62
972 50345 37 2 50382 0 37
950 50399 33 3 50432 0 33
47 50437 49 3 50486 0 49
152 50416 57 4 50538 65 122
155 50575 43 3 50618 0 43
813 50458 69 4 50650 123 192
74 50386 69 3 50706 251 320
857 49801 74 4 50719 844 918
759 50756 65 4 50821 0 65
157 49566 74 2 50858 1218 1292
365 49082 75 1 50862 1705 1780
581 50218 76 2 50938 644 720
251 50995 49 1 51044 0 49
850 50986 75 2 51110 49 124
606 49902 77 4 51139 1160 1237
348 51140 53 4 51193 0 53
112 51188 62 4 51255 5 67
169 49640 77 3 51331 1614 1691
154 51351 64 2 51415 0 64
590 49536 78 4 51531 1917 1995
706 51547 71 4 51618 0 71
464 51559 72 4 51690 59 131
128 51594 75 3 51765 96 171
86 51403 78 4 51769 288 366
800 49744 79 4 51848 2025 2104
474 51926 31 3 51957 0 31
882 49467 79 3 51958 2412 2491
184 49376 79 1 52037 2582 2661
865 52040 39 3 52079 0 39
548 52104 80 4 52184 0 80
611 52275 71 2 52346 0 71
121 51139 80 3 52387 1168 1248
159 51620 80 3 52387 687 767
917 49212 81 3 52468 3175 3256
11 52505 34 4 52539 0 34
107 50520 81 2 52583 1982 2063
481 52680 55 3 52735 0 55
333 52711 56 4 52791 24 80
484 52807 60 2 52867 0 60
8 52801 67 3 52928 60 127
220 52779 69 2 52987 139 208
28 53002 68 2 53070 0 68
181 53088 51 4 53139 0 51
241 53167 40 1 53207 0 40
863 52909 81 4 53227 237 318
83 53250 61 4 53311 0 61
739 53238 73 4 53372 61 134
812 53351 74 3 53446 21 95
222 51220 82 4 53502 2200 2282
367 52524 82 4 53502 896 978
27 49128 84 4 53586 4374 4458
893 53617 53 4 53670 0 53
661 53620 80 3 53750 50 130
669 49881 84 1 53803 3838 3922
231 53859 53 4 53912 0 53
753 53918 73 4 53991 0 73
485 49793 86 3 54015 4136 4222
243 54158 78 4 54236 0 78
675 54268 72 4 54340 0 72
134 54202 82 3 54390 106 188
240 54236 82 1 54472 154 236
697 54565 35 2 54600 0 35
913 54524 71 1 54630 35 106
260 54688 58 3 54746 0 58
790 54767 45 2 54812 0 45
838 54842 49 2 54891 0 49
135 54767 53 4 54937 117 170
559 54877 53 4 54967 37 90
755 54804 77 2 55044 163 240
543 54575 80 2 55045 390 470
156 54359 83 4 55076 634 717
799 51295 86 2 55105 3724 3810
564 52517 86 2 55105 2502 2588
921 49182 87 1 55192 5923 6010
392 55270 60 2 55330 0 60
254 55282 85 2 55415 48 133
45 55423 70 3 55493 0 70
325 55522 54 4 55576 0 54
489 55595 80 2 55675 0 80
306 55513 81 4 55728 134 215
448 55747 59 3 55806 0 59
702 53239 88 4 55857 2530 2618
428 50001 88 4 55857 5768 5856
995 48937 88 3 55868 6843 6931
278 55909 50 4 55959 0 50
189 55885 72 4 56007 50 122
108 48738 89 4 56168 7341 7430
22 55282 89 4 56168 797 886
386 56196 45 3 56241 0 45
947 56169 61 3 56275 45 106
927 56267 67 3 56342 8 75
782 56356 55 2 56411 0 55
555 56319 73 3 56470 78 151
263 56529 53 2 56582 0 53
301 56479 61 4 56593 53 114
788 56548 74 4 56667 45 119
203 56727 38 3 56765 0 38
308 56728 39 3 56804 37 76
23 56373 74 2 56809 362 436
541 56895 43 3 56938 0 43
875 56935 46 4 56984 3 49
87 57056 54 4 57110 0 54
208 57036 79 2 57169 54 133
313 56614 80 4 57191 497 577
32 56662 80 4 57191 449 529
373 57251 72 4 57323 0 72
180 57202 76 2 57350 72 148
644 57381 39 2 57420 0 39
139 56646 84 4 57462 732 816
830 56758 84 1 57546 704 788
94 57603 36 3 57639 0 36
928 57576 58 4 57670 36 94
889 57699 63 2 57762 0 63
204 57683 81 2 57827 63 144
601 57841 59 3 57900 0 59
230 57975 46 4 58021 0 46
922 57931 50 2 58027 46 96
2 58002 70 3 58097 25 95
160 57760 82 4 58134 292 374
471 58159 69 3 58228 0 69
118 58324 48 4 58372 0 48
579 57773 84 4 58372 515 599
730 58250 84 4 58419 85 169
966 58501 32 1 58533 0 32
500 57993 84 3 58535 458 542
466 58538 77 3 58615 0 77
364 56225 86 3 58655 2344 2430
544 58676 52 3 58728 0 52
546 58778 36 3 58814 0 36
843 58727 62 2 58826 37 99
878 58725 81 4 58907 101 182
105 58879 85 4 58992 28 113
588 57015 86 2 59122 2021 2107
742 58947 86 2 59143 110 196
756 59152 77 4 59229 0 77
114 59241 71 3 59312 0 71
879 59281 79 2 59391 31 110
475 59430 62 4 59492 0 62
642 59011 88 4 59520 421 509
779 59545 54 4 59599 0 54
245 59614 78 4 59692 0 78
193 59522 82 2 59736 132 214
964 59740 60 1 59800 0 60
410 59843 46 3 59889 0 46
56 59857 84 2 59973 32 116
80 60036 33 3 60069 0 33
43 60002 40 3 60075 33 73
951 59990 47 3 60110 73 120
174 60117 41 4 60158 0 41
700 60215 32 2 60247 0 32
346 60205 77 4 60314 32 109
445 60106 85 3 60345 154 239
368 59806 85 2 60376 485 570
916 60446 38 3 60484 0 38
149 60461 55 3 60539 23 78
655 60560 54 2 60614 0 54
486 60545 76 2 60675 54 130
836 56538 88 2 60675 4049 4137
811 51014 89 2 60763 9660 9749
959 54916 89 1 60852 5847 5936
424 60908 57 3 60965 0 57
798 60858 82 1 60997 57 139
460 61063 42 2 61105 0 42
123 60890 83 4 61122 149 232
197 61065 89 4 61211 57 146
199 61269 62 3 61331 0 62
523 61373 70 2 61443 0 70
678 61242 76 3 61450 132 208
225 61315 83 4 61533 135 218
46 61621 39 2 61660 0 39
383 61717 46 3 61763 0 46
749 61751 71 4 61834 12 83
883 61815 72 3 61906 19 91
116 61672 85 3 61946 189 274
539 61980 84 4 62064 0 84
265 59689 90 4 62094 2315 2405
48 54277 90 4 62095 7728 7818
404 61774 90 4 62231 367 457
345 53431 90 4 62253 8732 8822
478 62362 77 3 62439 0 77
711 48624 90 3 62510 13796 13886
598 51916 90 3 62510 10504 10594
522 62652 79 1 62731 0 79
188 62575 86 2 62740 79 165
358 62782 71 4 62853 0 71
941 62969 43 4 63012 0 43
595 62963 69 3 63075 43 112
391 62919 82 4 63113 112 194
599 62809 88 2 63135 238 326
570 62579 89 4 63182 514 603
311 63297 71 1 63368 0 71
218 63380 44 4 63424 0 44
162 63318 79 1 63491 94 173
911 48978 90 2 63491 14423 14513
726 50653 90 2 63491 12748 12838
746 63568 61 4 63629 0 61
363 63587 81 4 63713 45 126
398 63776 52 2 63828 0 52
399 63707 81 4 63843 55 136
100 63907 70 2 63977 0 70
897 63887 81 2 64038 70 151
582 64061 42 3 64103 0 42
352 63661 82 4 64118 375 457
585 63625 82 2 64200 493 575
64 64257 76 4 64333 0 76
415 64175 83 3 64359 101 184
987 64182 85 4 64444 177 262
520 64490 50 4 64540 0 50
613 61880 91 4 64599 2628 2719
839 50873 91 4 64599 13635 13726
205 64610 52 3 64662 0 52
531 64764 83 3 64847 0 83
242 64862 65 3 64927 0 65
708 64876 87 1 65014 51 138
890 48629 91 3 65068 16348 16439
573 54964 91 3 65068 10013 10104
732 65079 80 4 65159 0 80
482 65261 60 2 65321 0 60
856 65207 65 4 65332 60 125
915 65173 70 4 65368 125 195
694 65430 64 4 65494 0 64
470 65616 44 4 65660 0 44
216 65572 58 1 65674 44 102
934 65687 27 4 65714 0 27
84 65642 62 4 65763 59 121
679 65791 58 2 65849 0 58
498 65705 79 1 65900 116 195
272 65695 80 4 65980 205 285
234 66056 56 3 66112 0 56
122 66156 57 1 66213 0 57
285 66098 64 2 66233 71 135
602 66232 76 4 66309 1 77
253 66098 78 4 66387 211 289
507 66440 75 3 66515 0 75
454 66109 79 4 66541 353 432
436 65430 83 3 66553 1040 1123
147 65485 83 3 66553 985 1068
393 66599 70 4 66669 0 70
250 66574 81 1 66725 70 151
988 65343 85 4 66750 1322 1407
461 66010 85 4 66812 717 802
431 66279 88 4 66900 533 621
131 66907 49 3 66956 0 49
775 66970 61 3 67031 0 61
295 67050 48 4 67098 0 48
400 67300 46 3 67346 0 46
837 67261 55 4 67362 46 101
186 67419 43 4 67462 0 43
635 65779 88 3 67466 1599 1687
578 66686 88 3 67466 692 780
171 65781 88 3 67466 1597 1685
605 66789 89 2 67555 677 766
861 67572 79 4 67651 0 79
895 67661 62 3 67723 0 62
723 67752 74 4 67826 0 74
298 67695 84 1 67881 102 186
68 67782 87 4 67968 99 186
232 67692 88 2 68056 276 364
521 67638 91 4 68137 408 499
668 68150 77 1 68227 0 77
587 49655 91 3 68263 18517 18608
153 68365 71 2 68436 0 71
111 68438 62 4 68500 0 62
385 68316 76 4 68525 133 209
810 68528 39 4 68567 0 39
710 68442 86 2 68650 122 208
636 68720 61 4 68781 0 61
652 68835 58 4 68893 0 58
682 68902 55 3 68957 0 55
943 68758 81 2 68975 136 217
150 68939 86 3 69061 36 122
728 69065 36 3 69101 0 36
563 69084 46 2 69147 17 63
982 57605 91 2 69202 11506 11597
549 53282 91 2 69202 15829 15920
224 69209 69 4 69278 0 69
347 69305 84 4 69389 0 84
382 69539 76 2 69615 0 76
324 69471 80 3 69627 76 156
632 69352 90 4 69635 193 283
743 69671 70 3 69741 0 70
288 69240 91 2 69769 438 529
796 63612 91 1 69853 6150 6241
640 69908 67 3 69975 0 67
321 69923 78 4 70053 52 130
671 70064 69 4 70133 0 69
24 70201 51 4 70252 0 51
998 70321 54 3 70375 0 54
738 70213 84 4 70390 93 177
862 44693 92 4 70449 25664 25756
491 46816 92 4 70449 23541 23633
620 70577 62 2 70639 0 62
840 70499 80 4 70641 62 142
221 70472 81 4 70695 142 223
419 60616 92 4 70726 10018 10110
983 70798 45 2 70843 0 45
527 57384 92 4 70901 13425 13517
923 51133 92 4 70955 19730 19822
406 51268 92 4 71020 19660 19752
662 71241 58 4 71299 0 58
681 71297 68 4 71367 2 70
432 71391 43 2 71434 0 43
401 69770 92 3 71465 1603 1695
557 66400 92 3 71465 4973 5065
846 58612 92 3 71465 12761 12853
651 71490 87 4 71577 0 87
687 71723 86 3 71809 0 86
793 56793 92 3 71822 14937 15029
899 53143 92 3 71822 18587 18679
299 71906 65 4 71971 0 65
503 71863 83 2 72011 65 148
441 72037 69 2 72106 0 69
217 72190 86 3 72276 0 86
269 50841 92 3 72309 21376 21468
967 50186 92 3 72309 22031 22123
575 72334 37 3 72371 0 37
443 72480 47 4 72527 0 47
785 72510 75 2 72602 17 92
533 72462 83 3 72667 122 205
996 72691 69 4 72760 0 69
319 72646 86 1 72822 90 176
214 72555 87 2 72909 267 354
869 72988 79 2 73067 0 79
939 72900 88 3 73076 88 176
89 72711 88 2 73164 365 453
252 72576 92 3 73256 588 680
820 66097 93 4 73448 7258 7351
769 49028 93 4 73448 24327 24420
246 58437 93 4 73448 14918 15011
430 73467 66 4 73533 0 66
267 73698 23 3 73721 0 23
170 73662 46 3 73731 23 69
42 73652 52 2 73773 69 121
420 73789 45 4 73834 0 45
300 73612 61 3 73839 166 227
981 73864 70 4 73934 0 70
673 73924 70 2 74004 10 80
780 73674 83 4 74062 305 388
109 74006 89 3 74151 56 145
542 73688 90 2 74241 463 553
142 46079 93 4 74271 28099 28192
630 74360 27 3 74387 0 27
140 74345 46 4 74418 27 73
571 74328 72 4 74473 73 145
456 74297 87 3 74529 145 232
417 74343 89 2 74618 186 275
483 54287 93 4 74621 20241 20334
946 74713 64 1 74777 0 64
146 74755 86 3 74863 22 108
547 74959 85 4 75044 0 85
233 74934 85 2 75104 85 170
447 75177 55 2 75232 0 55
851 74918 91 4 75234 225 316
145 75245 86 3 75331 0 86
902 61459 93 3 75359 13807 13900
566 60129 93 3 75359 15137 15230
452 75389 37 2 75426 0 37
88 75461 52 4 75513 0 52
787 75535 73 4 75608 0 73
821 75567 80 2 75688 41 121
268 57583 93 3 75787 18111 18204
52 49881 93 3 75787 25813 25906
446 75793 71 1 75864 0 71
451 75950 33 3 75983 0 33
7 76032 29 4 76061 0 29
704 76044 56 2 76117 17 73
504 76013 76 3 76174 85 161
423 75907 88 4 76189 194 282
167 75906 91 3 76279 282 373
649 76503 68 2 76571 0 68
277 76517 73 3 76644 54 127
282 76742 38 4 76780 0 38
804 76676 88 2 76802 38 126
376 76824 53 2 76877 0 53
178 76829 90 4 76967 48 138
200 76973 80 2 77053 0 80
526 77104 73 3 77177 0 73
540 77203 69 2 77272 0 69
733 77012 90 4 77285 183 273
672 63319 93 2 77325 13913 14006
490 62686 93 2 77325 14546 14639
110 65565 93 2 77325 11667 11760
290 58878 93 2 77325 18354 18447
354 42596 93 2 77511 34822 34915
425 40968 93 2 77511 36450 36543
305 77539 52 3 77591 0 52
258 77664 35 3 77699 0 35
948 73229 93 1 77784 4462 4555
803 42724 93 1 77784 34967 35060
525 36071 94 4 77859 41694 41788
338 60805 94 4 77997 17098 17192
361 57961 94 4 77997 19942 20036
35 35795 94 4 78048 42159 42253
664 39562 94 4 78099 38443 38537
930 56276 94 4 78183 21813 21907
514 78213 91 3 78304 0 91
618 43355 94 4 78326 34877 34971
280 78391 67 2 78458 0 67
955 78696 77 2 78773 0 77
130 72545 94 3 78846 6207 6301
30 63813 94 3 78846 14939 15033
335 57768 94 3 78846 20984 21078
73 64681 94 3 78846 14071 14165
13 53666 94 3 78940 25180 25274
696 77941 94 2 79034 999 1093
166 58640 94 1 79222 20488 20582
914 51845 94 1 79222 27283 27377
824 79370 44 3 79414 0 44
190 79430 42 2 79472 0 42
236 79465 63 3 79535 7 70
58 79488 82 2 79617 47 129
183 79698 80 4 79778 0 80
248 79802 70 4 79872 0 70
545 79724 86 2 79934 124 210
920 79645 94 4 79975 236 330
191 79983 67 4 80050 0 67
647 79995 92 4 80142 55 147
809 80355 64 2 80419 0 64
320 80329 94 3 80487 64 158
98 34669 95 4 80764 46000 46095
505 74552 95 4 80764 6117 6212
293 78458 95 4 80765 2212 2307
909 64034 95 4 80765 16636 16731
750 45665 95 4 80765 35005 35100
774 48020 95 4 80765 32650 32745
690 54991 95 4 80765 25679 25774
90 51136 95 4 80860 29629 29724
359 80906 93 4 80999 0 93
384 81161 84 3 81245 0 84
54 46523 95 3 81417 34799 34894
592 75248 95 3 81417 6074 6169
273 53667 95 3 81417 27655 27750
316 38501 95 3 81417 42821 42916
438 81433 84 3 81517 0 84
38 81571 86 3 81657 0 86
762 56452 95 2 82062 25515 25610
29 62265 95 2 82062 19702 19797
61 75875 95 2 82062 6092 6187
898 77397 95 2 82062 4570 4665
442 50401 95 2 82062 31566 31661
828 59858 95 1 82157 22204 22299
77 82363 81 1 82444 0 81
407 82477 86 3 82563 0 86
586 82841 52 4 82893 0 52
394 61735 96 4 83047 21216 21312
92 37064 96 4 83048 45888 45984
49 41591 96 4 83048 41361 41457
771 34523 96 4 83048 48429 48525
375 55468 96 4 83048 27484 27580
70 72922 96 4 83048 10030 10126
276 58571 96 4 83048 24381 24477
66 83128 50 3 83178 0 50
763 42395 96 4 83194 40703 40799
350 42104 96 3 83482 41282 41378
845 56905 96 3 83482 26481 26577
286 47244 96 3 83482 36142 36238
175 83636 76 4 83712 0 76
797 83695 94 4 83806 17 111
666 83820 92 3 83912 0 92
312 61875 96 2 83936 21965 22061
961 57024 96 2 83936 26816 26912
610 74049 96 2 84032 9887 9983
511 34090 96 1 84128 49942 50038
906 84191 87 1 84278 0 87
238 42271 97 4 84506 42138 42235
480 61368 97 4 84506 23041 23138
817 58048 97 4 84506 26361 26458
754 84589 34 4 84623 0 34
271 84702 88 3 84790 0 88
593 84630 96 2 84814 88 184
609 84895 66 3 84961 0 66
257 61547 97 4 84984 23340 23437
842 44639 97 4 84984 40248 40345
722 42049 97 4 85081 42935 43032
628 61808 97 3 85178 23273 23370
596 61221 97 2 85372 24054 24151
302 36560 97 2 85372 48715 48812
767 39117 97 2 85469 46255 46352
957 85609 80 1 85689 0 80
984 53858 97 1 85743 31788 31885
699 59585 97 1 85743 26061 26158
275 51177 97 1 85840 34566 34663
698 85946 71 4 86017 0 71
332 86234 62 3 86296 0 62
63 51655 98 4 86463 34710 34808
255 54935 98 4 86463 31430 31528
789 36392 98 4 86463 49973 50071
716 51521 98 4 86463 34844 34942
654 46377 98 4 86463 39988 40086
459 86589 91 4 86680 0 91
6 82640 98 4 86848 4110 4208
494 65926 98 4 86848 20824 20922
229 60673 98 4 86848 26077 26175
115 86856 69 4 86925 0 69
805 86990 60 4 87050 0 60
874 87457 87 3 87544 0 87
991 87631 45 1 87676 0 45
962 78818 98 3 87697 8781 8879
323 64630 98 3 87697 22969 23067
758 51546 98 3 87697 36053 36151
397 50330 98 3 87697 37269 37367
751 37018 98 3 87697 50581 50679
924 44242 98 3 87697 43357 43455
256 87875 46 3 87921 0 46
50 44124 98 2 87939 43717 43815
766 42959 98 2 87939 44882 44980
933 43483 98 1 88135 44554 44652
638 74308 98 1 88135 13729 13827
82 88199 68 2 88267 0 68
488 67854 99 4 88500 20547 20646
381 73242 99 4 88500 15159 15258
39 48272 99 4 88500 40129 40228
136 88601 60 4 88661 0 60
390 38606 99 4 88758 50053 50152
958 45635 99 4 88758 43024 43123
802 40435 99 4 88956 48422 48521
816 38483 99 4 88956 50374 50473
608 41059 99 3 89451 48293 48392
19 43636 99 3 89451 45716 45815
40 44809 99 3 89451 44543 44642
603 39627 99 3 89451 49725 49824
379 58679 99 3 89451 30673 30772
905 89454 56 3 89510 0 56
339 32560 99 3 89537 56878 56977
179 67800 99 3 89703 21804 21903
465 50439 99 3 89733 39195 39294
855 66873 99 3 89817 22845 22944
886 72331 99 2 90114 17684 17783
604 71093 99 2 90114 18922 19021
551 35510 99 2 90114 54505 54604
168 44495 99 2 90312 45718 45817
709 44387 99 2 90312 45826 45925
744 90386 77 4 90463 0 77
616 62144 99 1 90488 28245 28344
674 65700 100 4 90588 24788 24888
993 90644 96 4 90740 0 96
55 73327 100 3 90784 17357 17457
597 90854 90 2 90944 0 90
973 36517 100 2 91074 54457 54557
362 54759 100 2 91074 36215 36315
530 69458 100 1 91174 21616 21716
340 91861 54 2 91915 0 54
619 92183 97 4 92280 0 97
554 92353 36 3 92389 0 36
433 92840 53 4 92893 0 53
901 93957 95 4 94052 0 95
291 94282 36 2 94318 0 36
69 94254 74 2 94364 36 110
518 94614 81 4 94695 0 81
158 96033 93 2 96126 0 93
970 96483 99 2 96582 0 99
717 98790 88 3 98878 0 88
463 100000 43 3 100043 0 43
479 100000 63 4 100106 43 106
211 100000 86 3 100192 106 192
120 100000 87 3 100279 192 279
176 100000 98 3 100377 279 377
591 100000 100 3 100477 377 477
