100569 1000 105 59
53 0 22 3 22 0 22
965 0 26 3 48 22 48
977 0 32 3 80 48 80
432 0 33 4 113 80 113
980 0 57 3 170 113 170
74 0 58 4 228 170 228
27 580 32 3 612 0 32
206 1402 27 2 1429 0 27
174 2163 67 2 2230 0 67
192 3054 67 3 3121 0 67
135 3150 53 4 3203 0 53
658 3535 58 2 3593 0 58
315 3538 73 4 3666 55 128
951 3544 74 4 3740 122 196
934 3890 37 4 3927 0 37
30 5490 52 1 5542 0 52
380 5544 21 3 5565 0 21
348 5530 67 2 5630 33 100
726 5944 24 3 5968 0 24
759 6587 20 2 6607 0 20
393 7204 53 3 7257 0 53
394 7256 77 4 7334 1 78
387 7696 33 3 7729 0 33
122 8961 38 2 8999 0 38
982 9040 40 4 9080 0 40
533 10329 37 1 10366 0 37
779 10531 56 4 10587 0 56
651 10920 47 4 10967 0 47
534 11004 26 4 11030 0 26
426 11479 22 2 11501 0 22
450 11467 39 2 11528 22 61
385 11537 23 2 11560 0 23
241 11795 48 3 11843 0 48
75 11819 55 3 11898 24 79
968 12023 62 1 12085 0 62
41 12093 23 3 12116 0 23
633 12387 32 2 12419 0 32
582 12740 29 2 12769 0 29
155 12950 36 4 12986 0 36
78 12895 66 4 12997 36 102
718 12944 69 4 13066 53 122
666 13999 33 2 14032 0 33
69 14000 58 1 14090 32 90
488 14247 44 1 14291 0 44
103 14255 50 2 14341 36 86
502 14342 21 3 14363 0 21
744 14566 21 3 14587 0 21
772 15191 67 1 15258 0 67
24 15313 40 4 15353 0 40
310 15450 37 3 15487 0 37
90 15536 48 3 15584 0 48
37 15613 27 4 15640 0 27
682 15881 41 4 15922 0 41
847 15982 39 4 16021 0 39
344 16023 61 3 16084 0 61
80 16120 59 2 16179 0 59
780 16220 37 3 16257 0 37
365 16426 37 2 16463 0 37
258 16546 38 1 16584 0 38
762 16812 49 2 16861 0 49
55 17015 21 4 17036 0 21
844 16979 61 4 17061 21 82
687 17152 70 2 17222 0 70
386 17157 71 4 17293 65 136
841 17501 47 4 17548 0 47
577 17596 37 4 17633 0 37
810 18160 44 3 18204 0 44
358 18179 74 4 18278 25 99
198 18354 35 1 18389 0 35
801 18590 57 4 18647 0 57
971 18822 20 3 18842 0 20
20 18915 46 3 18961 0 46
346 18928 48 3 19009 33 81
520 19511 54 3 19565 0 54
338 19604 31 4 19635 0 31
150 19638 24 1 19662 0 24
873 19892 37 1 19929 0 37
636 20037 25 4 20062 0 25
208 20148 45 2 20193 0 45
595 20217 43 4 20260 0 43
660 20135 46 3 20269 88 134
958 20456 21 1 20477 0 21
879 20447 49 2 20517 21 70
407 20825 52 3 20877 0 52
758 20985 38 4 21023 0 38
252 20969 78 4 21085 38 116
353 21089 20 4 21109 0 20
220 21969 26 3 21995 0 26
630 22144 26 4 22170 0 26
672 22277 37 2 22314 0 37
162 22288 71 3 22385 26 97
561 22356 85 3 22470 29 114
265 22814 30 4 22844 0 30
900 22793 55 2 22878 30 85
238 22983 41 3 23024 0 41
854 23014 53 4 23077 10 63
648 23132 28 1 23160 0 28
898 23345 28 4 23373 0 28
709 23511 67 3 23578 0 67
114 23779 35 4 23814 0 35
875 23865 43 4 23908 0 43
454 24039 81 3 24120 0 81
689 24169 49 3 24218 0 49
674 24347 24 4 24371 0 24
106 24355 31 2 24402 16 47
829 24468 28 3 24496 0 28
735 24440 89 1 24557 28 117
235 24661 57 4 24718 0 57
42 24824 25 4 24849 0 25
587 24806 40 4 24871 25 65
178 24893 25 4 24918 0 25
354 25033 22 4 25055 0 22
944 25053 51 2 25106 2 53
123 25230 32 3 25262 0 32
834 25301 50 3 25351 0 50
931 25365 47 3 25412 0 47
368 25522 25 2 25547 0 25
531 25552 43 1 25595 0 43
878 25666 22 4 25688 0 22
52 25650 28 3 25700 22 50
361 25662 51 1 25751 38 89
775 25646 71 4 25818 101 172
408 25808 88 3 25906 10 98
675 26204 23 1 26227 0 23
691 26495 53 4 26548 0 53
405 26596 22 4 26618 0 22
212 26799 65 2 26864 0 65
306 26958 30 3 26988 0 30
109 26919 57 4 27006 30 87
185 27199 46 4 27245 0 46
221 27275 31 1 27306 0 31
143 27273 36 4 27340 31 67
974 27391 35 3 27426 0 35
791 27313 53 3 27428 62 115
566 28096 57 3 28153 0 57
441 28255 22 4 28277 0 22
115 28240 23 1 28285 22 45
104 28209 36 4 28290 45 81
642 28311 31 2 28342 0 31
720 28267 65 4 28386 54 119
190 28418 56 3 28474 0 56
83 28459 57 3 28531 15 72
193 28577 22 2 28599 0 22
631 28411 86 2 28632 135 221
828 28721 47 4 28768 0 47
778 28721 74 3 28842 47 121
487 28850 23 4 28873 0 23
76 28876 21 3 28897 0 21
546 29144 21 2 29165 0 21
826 29170 35 3 29205 0 35
909 29242 27 3 29269 0 27
399 29145 45 2 29272 82 127
960 29207 53 2 29325 65 118
935 29210 58 3 29383 115 173
19 29437 24 3 29461 0 24
468 29556 23 4 29579 0 23
903 29562 24 4 29603 17 41
465 29683 22 2 29705 0 22
113 29728 28 3 29756 0 28
986 29709 39 4 29776 28 67
941 29649 48 4 29786 89 137
230 29615 48 1 29800 137 185
591 29820 24 2 29844 0 24
492 29776 64 2 29888 48 112
416 29956 45 4 30001 0 45
406 29730 75 4 30008 203 278
336 30098 28 3 30126 0 28
13 30160 28 2 30188 0 28
373 30130 82 4 30240 28 110
325 30294 63 4 30357 0 63
337 30362 47 3 30409 0 47
528 30196 85 3 30435 154 239
991 30439 63 4 30502 0 63
752 30549 26 4 30575 0 26
335 30532 27 1 30585 26 53
837 30602 25 2 30627 0 25
850 30522 52 4 30652 78 130
266 30404 94 3 30722 224 318
782 30831 68 3 30899 0 68
411 30959 61 4 31020 0 61
305 31021 44 3 31065 0 44
969 30961 72 3 31136 103 175
340 31253 50 4 31303 0 50
412 31318 36 4 31354 0 36
523 31249 55 3 31390 86 141
146 31223 77 4 31441 141 218
311 31458 23 4 31481 0 23
151 31489 22 4 31511 0 22
619 31480 47 4 31550 23 70
455 31594 56 4 31650 0 56
50 31697 31 4 31728 0 31
21 31660 44 2 31735 31 75
68 31588 87 2 31806 131 218
410 31836 37 1 31873 0 37
765 31973 34 4 32007 0 34
747 32034 23 3 32057 0 23
453 31954 73 3 32084 57 130
26 32114 28 3 32142 0 28
363 32302 53 3 32355 0 53
92 32399 33 2 32432 0 33
462 32452 24 4 32476 0 24
785 32391 47 4 32495 57 104
790 32630 26 4 32656 0 26
896 32702 73 3 32775 0 73
832 32824 62 4 32886 0 62
601 32894 27 4 32921 0 27
676 32930 31 4 32961 0 31
15 32901 45 4 32997 51 96
548 33065 37 3 33102 0 37
43 33215 41 3 33256 0 41
771 33273 40 1 33313 0 40
421 33393 49 4 33442 0 49
987 33464 30 3 33494 0 30
555 33627 25 4 33652 0 25
814 33628 31 4 33683 24 55
789 33707 46 4 33753 0 46
712 33787 24 1 33811 0 24
952 34121 34 3 34155 0 34
282 34289 21 3 34310 0 21
199 34369 44 3 34413 0 44
663 34393 58 2 34471 20 78
118 34474 58 4 34532 0 58
530 34552 37 3 34589 0 37
937 34502 65 3 34634 67 132
940 34626 66 3 34700 8 74
703 34799 23 4 34822 0 23
842 34937 65 3 35002 0 65
727 35043 35 3 35078 0 35
271 34974 73 1 35110 63 136
915 35284 22 3 35306 0 22
459 35233 56 4 35311 22 78
372 35382 46 2 35428 0 46
748 35436 26 4 35462 0 26
740 35330 68 3 35470 72 140
979 35480 46 2 35526 0 46
158 35421 79 2 35595 95 174
769 35603 29 3 35632 0 29
417 35717 51 4 35768 0 51
82 35645 85 3 35781 51 136
281 35812 67 2 35879 0 67
948 35891 42 3 35933 0 42
243 35952 56 4 36008 0 56
134 35900 79 3 36068 89 168
848 36113 62 3 36175 0 62
401 36247 36 2 36283 0 36
978 36220 57 3 36313 36 93
333 36212 92 3 36397 93 185
859 36421 54 3 36475 0 54
489 36598 31 4 36629 0 31
670 36677 35 4 36712 0 35
885 36656 47 4 36738 35 82
578 36599 53 3 36764 112 165
175 36767 25 4 36792 0 25
349 36870 35 4 36905 0 35
583 37011 30 4 37041 0 30
458 37093 26 3 37119 0 26
196 37023 52 4 37119 44 96
259 37248 22 4 37270 0 22
509 37251 32 2 37302 19 51
763 37333 73 2 37406 0 73
501 37409 32 4 37441 0 32
205 37421 71 1 37512 20 91
147 37573 36 2 37609 0 36
946 37629 26 4 37655 0 26
303 37604 39 1 37674 31 70
845 37411 75 4 37688 202 277
203 37538 81 4 37769 150 231
398 37804 45 4 37849 0 45
622 37931 27 1 37958 0 27
688 37910 42 4 37979 27 69
621 37983 36 2 38019 0 36
719 38069 26 3 38095 0 26
972 38140 35 4 38175 0 35
925 38213 21 3 38234 0 21
182 38125 57 4 38238 56 113
541 38244 41 4 38285 0 41
481 38101 65 4 38320 154 219
1 37989 69 4 38333 275 344
286 38634 26 2 38660 0 26
418 38613 51 3 38690 26 77
164 38768 27 2 38795 0 27
827 38742 73 4 38842 27 100
884 38884 36 2 38920 0 36
213 39021 47 2 39068 0 47
58 39079 23 4 39102 0 23
819 38992 53 4 39115 70 123
964 39177 22 3 39199 0 22
448 39210 31 4 39241 0 31
254 39232 37 4 39278 9 46
180 39293 62 4 39355 0 62
729 39390 37 2 39427 0 37
881 39434 36 2 39470 0 36
809 39500 44 3 39544 0 44
764 39561 27 2 39588 0 27
272 39432 51 4 39595 112 163
926 39559 51 4 39641 31 82
249 39650 47 4 39697 0 47
538 39689 61 3 39758 8 69
547 39238 97 4 39791 456 553
552 39836 33 4 39869 0 33
738 39847 41 1 39910 22 63
957 39930 29 3 39959 0 29
705 39848 71 1 40010 91 162
1000 40047 29 4 40076 0 29
483 40103 31 4 40134 0 31
116 40166 23 4 40189 0 23
773 40145 26 3 40194 23 49
662 40130 31 2 40214 53 84
543 40054 42 3 40229 133 175
218 40386 47 3 40433 0 47
289 40449 21 4 40470 0 21
8 40440 52 2 40513 21 73
961 40441 61 3 40574 72 133
746 40592 39 4 40631 0 39
602 40588 50 2 40677 39 89
510 40636 59 4 40736 41 100
815 40481 70 3 40792 241 311
273 40307 90 2 40796 399 489
690 40953 33 3 40986 0 33
921 41034 54 2 41088 0 54
236 40949 70 4 41106 87 157
594 41389 33 2 41422 0 33
467 41430 44 4 41474 0 44
724 41489 33 3 41522 0 33
415 41569 60 2 41629 0 60
447 41393 70 3 41629 166 236
173 41505 70 2 41699 124 194
452 41835 36 3 41871 0 36
184 41871 57 4 41928 0 57
490 41986 21 2 42007 0 21
754 41966 42 4 42029 21 63
849 41812 67 3 42035 156 223
928 42061 38 3 42099 0 38
167 42115 49 1 42164 0 49
710 41801 88 4 42199 310 398
99 42247 54 2 42301 0 54
904 42395 51 4 42446 0 51
998 42423 62 4 42508 23 85
342 42518 34 3 42552 0 34
962 42623 29 4 42652 0 29
895 42600 39 1 42668 29 68
893 42739 47 1 42786 0 47
628 42853 50 2 42903 0 50
526 42923 77 3 43000 0 77
667 43127 47 1 43174 0 47
105 43196 23 2 43219 0 23
984 43190 39 4 43252 23 62
479 43274 28 1 43302 0 28
993 43194 42 3 43322 86 128
989 43324 35 2 43359 0 35
515 43463 39 4 43502 0 39
45 43449 58 3 43546 39 97
617 43559 33 2 43592 0 33
366 43572 52 4 43644 20 72
267 43664 21 4 43685 0 21
297 43556 53 2 43715 106 159
620 43784 40 4 43824 0 40
911 43780 45 3 43865 40 85
883 43872 25 3 43897 0 25
157 43868 33 3 43926 25 58
860 43976 37 4 44013 0 37
865 43941 39 2 44017 37 76
211 44020 35 4 44055 0 35
499 44070 57 2 44127 0 57
129 44147 21 3 44168 0 21
508 44165 28 2 44196 3 31
463 43793 80 2 44220 347 427
343 44261 44 3 44305 0 44
562 44228 44 2 44316 44 88
64 44392 48 4 44441 1 49
916 44439 48 4 44488 1 49
650 44561 46 1 44607 0 46
128 44546 48 3 44640 46 94
821 44415 59 4 44641 167 226
102 44020 85 4 44642 537 622
929 44768 32 3 44800 0 32
868 44857 37 4 44894 0 37
733 44906 29 1 44935 0 29
702 44832 39 4 44937 66 105
597 44780 42 2 44947 125 167
506 44763 48 3 44990 179 227
326 45032 38 4 45070 0 38
152 44983 55 2 45083 45 100
539 45141 43 4 45184 0 43
643 45194 60 3 45254 0 60
287 45112 63 2 45278 103 166
656 44945 65 3 45314 304 369
673 45321 56 4 45377 0 56
299 45390 47 3 45437 0 47
664 44772 65 1 45482 645 710
475 45503 43 1 45546 0 43
268 45570 30 4 45600 0 30
556 45256 66 2 45621 299 365
918 45624 44 2 45668 0 44
153 45729 22 4 45751 0 22
5 45665 65 3 45755 25 90
57 45794 25 4 45819 0 25
389 45797 41 2 45860 22 63
786 45434 69 3 45887 384 453
476 45925 35 4 45960 0 35
629 45964 35 1 45999 0 35
485 45930 42 3 46037 65 107
390 45611 75 2 46074 388 463
669 44740 78 3 46129 1311 1389
356 46143 50 1 46193 0 50
17 46246 31 4 46277 0 31
572 45724 79 3 46289 486 565
560 46336 32 3 46368 0 32
224 46308 41 4 46381 32 73
222 46378 41 2 46422 3 44
579 46392 45 4 46467 30 75
293 46415 49 1 46516 52 101
753 46532 29 4 46561 0 29
161 46530 43 3 46602 29 72
125 46657 51 1 46708 0 51
665 46693 53 4 46761 15 68
262 46622 56 4 46782 104 160
495 46840 30 4 46870 0 30
327 46886 22 4 46908 0 22
604 46920 25 2 46945 0 25
36 46836 43 4 46956 77 120
525 46727 60 4 46962 175 235
781 45604 79 2 46988 1305 1384
970 46374 80 4 47068 614 694
914 47109 42 2 47151 0 42
831 47203 24 3 47227 0 24
686 47233 22 4 47255 0 22
40 47265 50 4 47315 0 50
435 47289 52 4 47367 26 78
474 47395 24 4 47419 0 24
49 47386 45 2 47455 24 69
770 47339 55 4 47491 97 152
988 47181 61 2 47514 272 333
350 47298 71 3 47585 216 287
25 47662 30 3 47692 0 30
341 47679 37 2 47729 13 50
639 47630 52 3 47749 67 119
565 47788 34 4 47822 0 34
623 47811 55 2 47877 11 66
214 47742 56 3 47894 96 152
889 47784 57 4 47951 110 167
7 47969 22 4 47991 0 22
237 47514 75 4 48003 414 489
882 48049 27 2 48076 0 27
355 47141 81 3 48081 859 940
11 48092 32 4 48124 0 32
12 48100 54 3 48178 24 78
301 48100 63 3 48241 78 141
867 48277 27 2 48304 0 27
570 48332 30 4 48362 0 30
605 48378 27 3 48405 0 27
580 48387 38 4 48443 18 56
445 48292 46 1 48445 107 153
767 48304 49 1 48494 141 190
250 48503 48 1 48551 0 48
377 48532 49 3 48600 19 68
603 48602 28 2 48630 0 28
404 48608 29 4 48659 22 51
219 48299 57 3 48705 349 406
352 48720 61 4 48781 0 61
527 48169 66 1 48796 561 627
419 48850 29 4 48879 0 29
913 48896 20 2 48916 0 20
70 48880 24 1 48924 20 44
787 48853 46 3 48969 70 116
14 48808 60 4 48987 119 179
422 47228 84 4 49048 1736 1820
838 44889 91 4 49098 4118 4209
846 49142 34 4 49176 0 34
384 49218 61 1 49279 0 61
745 49327 26 3 49353 0 26
661 49324 39 4 49389 26 65
945 49434 35 4 49469 0 35
120 49391 82 2 49508 35 117
145 49320 94 3 49596 182 276
700 49651 26 4 49677 0 26
62 49643 39 4 49708 26 65
933 49819 28 3 49847 0 28
478 49855 29 2 49884 0 29
156 49797 33 4 49887 57 90
640 49742 58 4 49890 90 148
923 49927 54 2 49981 0 54
85 49822 60 4 50004 122 182
201 50026 56 4 50082 0 56
671 50092 51 4 50143 0 51
645 50146 46 3 50192 0 46
290 50200 31 3 50231 0 31
892 50281 48 4 50329 0 48
698 50377 59 4 50436 0 59
48 50438 27 1 50465 0 27
291 50444 32 4 50497 21 53
981 50309 69 2 50516 138 207
615 50532 40 3 50572 0 40
35 50477 82 3 50638 79 161
139 50684 33 3 50717 0 33
317 50817 23 4 50840 0 23
897 50758 59 4 50840 23 82
87 50916 21 4 50937 0 21
514 50917 27 1 50964 20 47
646 50870 54 1 50972 48 102
339 50787 62 3 51004 155 217
722 51006 37 4 51043 0 37
2 50700 69 4 51069 300 369
439 51109 39 2 51148 0 39
204 50872 72 1 51180 236 308
400 51247 43 3 51290 0 43
907 50942 86 4 51309 281 367
634 51318 63 3 51381 0 63
835 51443 40 2 51483 0 40
163 51513 37 4 51550 0 37
890 51492 78 3 51607 37 115
396 51172 87 4 51614 355 442
278 51802 31 2 51836 3 34
973 51830 31 2 51864 3 34
18 52010 26 3 52036 0 26
33 51979 78 4 52083 26 104
277 52147 29 4 52176 0 29
461 52163 86 4 52262 13 99
89 52476 35 4 52511 0 35
553 52485 37 3 52548 26 63
247 52513 41 3 52589 35 76
294 52540 44 4 52633 49 93
983 52667 26 2 52693 0 26
464 52653 31 4 52710 26 57
240 52743 21 4 52764 0 21
314 52656 59 3 52790 75 134
71 52426 73 3 52793 294 367
511 52803 23 2 52826 0 23
939 52826 26 1 52852 0 26
864 52848 33 3 52885 4 37
10 52845 35 1 52920 40 75
644 52976 28 3 53004 0 28
197 52998 30 3 53034 6 36
505 52955 41 4 53054 58 99
345 53085 43 3 53128 0 43
126 52432 82 4 53134 620 702
97 53187 26 4 53213 0 26
449 53264 22 2 53286 0 22
637 53279 36 4 53322 7 43
322 53335 46 4 53381 0 46
922 53451 30 4 53481 0 30
500 53418 45 2 53493 30 75
256 53527 28 2 53555 0 28
347 53414 48 3 53565 103 151
609 53622 54 2 53676 0 54
679 53508 68 4 53687 111 179
84 53594 69 4 53756 93 162
652 53829 46 3 53875 0 46
985 53796 70 2 53912 46 116
870 53685 72 4 53944 187 259
285 53955 26 1 53981 0 26
950 54000 29 1 54029 0 29
423 53958 43 2 54053 52 95
613 54129 51 4 54180 0 51
641 54188 35 2 54223 0 35
245 54185 49 3 54269 35 84
93 54297 45 2 54342 0 45
862 54373 31 2 54404 0 31
777 54433 29 1 54462 0 29
568 54374 59 1 54492 59 118
794 54208 61 3 54494 225 286
132 54137 64 3 54553 352 416
855 54323 70 4 54623 230 300
544 54656 35 1 54691 0 35
4 54116 73 4 54718 529 602
229 54724 72 3 54796 0 72
927 54839 67 3 54906 0 67
571 54920 36 4 54956 0 36
51 54744 84 4 54983 155 239
136 53903 85 2 54988 1000 1085
681 55031 64 2 55095 0 64
442 55087 79 4 55174 8 87
559 55177 24 3 55201 0 24
63 55259 54 1 55313 0 54
187 55012 91 4 55324 221 312
953 55369 28 2 55397 0 28
331 55404 20 4 55424 0 20
886 55423 23 4 55447 1 24
31 55335 49 3 55469 85 134
992 55386 49 3 55504 69 118
223 55334 51 1 55554 169 220
936 55653 25 3 55678 0 25
484 55647 26 1 55698 25 51
955 55707 26 4 55733 0 26
3 55625 33 2 55735 77 110
654 55747 21 2 55768 0 21
232 55680 36 2 55792 76 112
788 55828 21 3 55849 0 21
351 55766 39 1 55852 47 86
949 55865 34 4 55899 0 34
818 55793 41 4 55927 93 134
798 55594 42 4 55938 302 344
521 55939 32 2 55971 0 32
536 55952 38 4 56009 19 57
141 55727 43 4 56051 281 324
761 56091 22 3 56113 0 22
843 55743 46 4 56119 330 376
312 56131 24 3 56155 0 24
39 55416 54 3 56157 687 741
649 56166 28 2 56194 0 28
742 56158 53 2 56239 28 81
999 56249 23 3 56272 0 23
73 55719 59 2 56320 542 601
444 56361 21 4 56382 0 21
160 56244 60 4 56401 97 157
330 55421 62 3 56463 980 1042
997 56482 32 4 56514 0 32
392 56534 29 3 56563 0 29
808 56618 21 3 56639 0 21
491 56596 26 4 56643 21 47
413 56602 39 3 56682 41 80
29 56719 36 3 56755 0 36
67 56658 39 2 56757 60 99
659 56695 43 4 56800 62 105
321 56530 43 3 56806 233 276
263 56165 63 4 56834 606 669
98 55965 68 2 56902 869 937
264 56934 24 1 56958 0 24
805 56955 26 2 56984 3 29
209 56931 30 2 57011 50 80
107 56988 45 3 57056 23 68
88 57098 28 2 57126 0 28
497 57081 44 2 57153 28 72
172 57098 45 3 57198 55 100
364 57176 57 4 57255 22 79
550 56991 63 2 57293 239 302
784 57355 22 2 57377 0 22
138 57342 26 4 57403 35 61
917 57355 26 4 57416 35 61
470 57307 35 4 57416 74 109
906 57445 38 3 57483 0 38
284 57369 48 3 57502 85 133
260 57516 25 2 57541 0 25
329 57563 31 4 57594 0 31
657 57524 31 3 57603 48 79
516 57575 36 4 57639 28 64
121 57678 20 3 57698 0 20
140 57696 46 1 57744 2 48
22 57528 72 3 57777 177 249
226 57850 47 4 57897 0 47
522 57810 61 2 57918 47 108
280 57932 44 2 57976 0 44
149 57784 64 3 58000 152 216
517 56798 72 2 58008 1138 1210
171 58009 48 2 58057 0 48
861 58069 36 3 58105 0 36
65 58070 41 2 58146 35 76
244 58059 59 2 58195 77 136
409 58201 50 3 58251 0 50
880 58252 31 2 58283 0 31
34 58338 43 3 58381 0 43
632 58401 36 1 58437 0 36
251 55861 78 3 58506 2567 2645
959 58508 69 4 58577 0 69
369 58140 78 3 58577 359 437
466 58626 38 2 58664 0 38
990 58667 21 1 58688 0 21
899 58707 20 4 58727 0 20
133 58621 49 3 58749 79 128
598 58603 53 3 58784 128 181
186 58838 40 4 58878 0 40
910 58891 22 4 58913 0 22
111 58799 70 4 58931 62 132
872 58730 71 3 58987 186 257
434 58995 29 3 59024 0 29
537 59085 25 3 59110 0 25
943 59117 33 1 59150 0 33
558 59171 38 4 59209 0 38
94 59042 59 4 59224 123 182
427 59074 59 4 59256 123 182
142 58897 83 2 59313 333 416
72 58360 94 3 59381 927 1021
694 59416 44 2 59460 0 44
154 59410 47 4 59501 44 91
796 59603 33 2 59636 0 33
357 59687 47 4 59734 0 47
374 59679 49 4 59775 47 96
323 59783 27 4 59810 0 27
593 59589 75 3 59820 156 231
402 59938 33 4 59971 0 33
519 59948 33 2 60004 23 56
797 59913 34 4 60013 66 100
183 59925 40 4 60053 88 128
626 59942 75 4 60128 111 186
737 60135 26 2 60161 0 26
225 60192 21 3 60213 0 21
869 60182 38 4 60241 21 59
23 60294 68 2 60362 0 68
549 60406 24 4 60430 0 24
101 60430 39 3 60469 0 39
469 60458 50 1 60519 11 61
731 60542 49 1 60591 0 49
803 60409 67 4 60635 159 226
721 60311 74 3 60665 280 354
443 60668 21 4 60689 0 21
711 60822 23 4 60845 0 23
233 60834 43 4 60888 11 54
755 60895 27 1 60922 0 27
159 60799 48 3 60940 93 141
328 60743 56 4 60940 141 197
954 60801 56 3 60996 139 195
176 60944 62 3 61058 52 114
963 61106 22 4 61128 0 22
296 61070 46 4 61138 22 68
431 60683 66 3 61138 389 455
428 61225 22 2 61247 0 22
215 61184 54 3 61260 22 76
800 61262 38 3 61300 0 38
811 61186 62 1 61360 112 174
713 61074 67 4 61381 240 307
994 61394 50 3 61444 0 50
624 61531 25 4 61556 0 25
95 61549 27 4 61583 7 34
956 61586 26 3 61612 0 26
804 61485 60 2 61623 78 138
170 61619 67 4 61690 4 71
840 61071 79 4 61715 565 644
496 61753 54 3 61807 0 54
638 61869 29 3 61898 0 29
100 61840 54 2 61923 29 83
793 61875 62 3 61985 48 110
320 62076 20 2 62096 0 20
246 62041 45 4 62106 20 65
584 62062 66 3 62172 44 110
586 62205 50 4 62255 0 50
807 62152 70 3 62292 70 140
749 61909 71 4 62307 327 398
189 61800 73 2 62347 474 547
54 62434 30 1 62464 0 30
606 62037 90 3 62467 340 430
165 62496 78 4 62574 0 78
795 62593 63 4 62656 0 63
227 62931 80 4 63011 0 80
216 62849 86 3 63015 80 166
853 63103 82 4 63185 0 82
79 63157 85 4 63270 28 113
436 63323 43 4 63366 0 43
482 63289 45 3 63377 43 88
714 63389 28 3 63417 0 28
270 63176 90 2 63476 210 300
535 63509 31 4 63540 0 31
179 63479 31 3 63541 31 62
967 63489 45 4 63586 52 97
610 63487 54 2 63640 99 153
942 63642 25 3 63667 0 25
876 63701 40 4 63741 0 40
717 63746 30 4 63776 0 30
715 63808 26 3 63834 0 26
863 63917 24 3 63941 0 24
585 63890 60 1 63974 24 84
806 63992 40 3 64032 0 40
581 64092 34 4 64126 0 34
894 64131 34 4 64165 0 34
966 64089 51 3 64208 68 119
166 64210 32 3 64242 0 32
596 64310 49 1 64359 0 49
168 64413 24 4 64437 0 24
316 64405 30 3 64459 24 54
573 64304 67 4 64474 103 170
379 64206 85 2 64495 204 289
397 64186 92 1 64587 309 401
319 64651 26 4 64677 0 26
685 64817 45 4 64862 0 45
588 64806 59 4 64910 45 104
446 64805 76 3 64985 104 180
112 65059 26 2 65085 0 26
766 65018 48 4 65092 26 74
557 65147 32 3 65179 0 32
257 65184 34 4 65218 0 34
304 65475 32 4 65507 0 32
616 65512 25 4 65537 0 25
332 65623 21 3 65644 0 21
776 65678 46 4 65724 0 46
739 65759 33 3 65792 0 33
792 65787 77 4 65869 5 82
756 65618 77 3 65872 177 254
812 65885 52 2 65937 0 52
734 65985 27 3 66012 0 27
60 65711 83 4 66034 240 323
438 66076 27 3 66103 0 27
242 66110 21 3 66131 0 21
701 66135 39 1 66174 0 39
723 66102 48 2 66211 61 109
295 66224 34 3 66258 0 34
169 66357 52 4 66409 0 52
858 66350 58 3 66460 52 110
148 66433 62 3 66522 27 89
614 66545 29 4 66574 0 29
612 66592 27 4 66619 0 27
611 66763 69 3 66832 0 69
376 66874 26 4 66900 0 26
359 66903 33 1 66936 0 33
680 66960 33 4 66993 0 33
524 66943 45 3 67021 33 78
504 66901 47 3 67059 111 158
239 67077 36 2 67113 0 36
255 66924 54 3 67149 171 225
381 66833 56 4 67163 274 330
822 66964 58 2 67221 199 257
276 67402 23 3 67425 0 23
551 67412 24 2 67449 13 37
309 67431 27 4 67476 18 45
191 67468 28 1 67504 8 36
283 67463 39 1 67543 41 80
414 67608 35 4 67643 0 35
704 67557 74 3 67666 35 109
9 67771 28 2 67799 0 28
743 67743 34 4 67805 28 62
420 67867 38 4 67905 0 38
370 67838 49 4 67925 38 87
697 67829 64 2 67980 87 151
919 67984 22 2 68006 0 22
228 67738 74 4 68047 235 309
820 68093 25 4 68118 0 25
768 68158 20 1 68178 0 20
253 68142 27 4 68189 20 47
383 68102 29 3 68194 63 92
707 68214 34 4 68248 0 34
288 67937 90 3 68272 245 335
503 68297 41 4 68338 0 41
825 68430 39 4 68469 0 39
437 68528 77 4 68605 0 77
684 68530 77 3 68682 75 152
518 68914 32 4 68946 0 32
440 68879 39 2 68950 32 71
891 69001 22 2 69023 0 22
472 69006 54 4 69077 17 71
217 68966 62 3 69104 76 138
932 69153 23 3 69176 0 23
177 69132 37 3 69192 23 60
32 69226 30 3 69256 0 30
66 69276 41 1 69317 0 41
430 69307 86 1 69403 10 96
618 69409 32 3 69441 0 32
207 69471 41 2 69512 0 41
457 69496 43 1 69555 16 59
318 69754 27 2 69781 0 27
127 69752 42 4 69821 27 69
486 69775 49 2 69870 46 95
202 69938 30 3 69968 0 30
378 70005 38 3 70043 0 38
871 69955 41 4 70047 51 92
938 70059 78 4 70137 0 78
839 70153 26 2 70179 0 26
371 70222 54 4 70276 0 54
477 70349 48 3 70397 0 48
460 70414 96 3 70510 0 96
874 70652 37 2 70689 0 37
513 70667 60 4 70749 22 82
728 70601 77 3 70775 97 174
653 70883 33 4 70916 0 33
234 70845 41 3 70919 33 74
683 70834 44 2 70952 74 118
292 70784 76 4 70978 118 194
261 71043 27 4 71070 0 27
334 71287 67 3 71354 0 67
545 71370 34 4 71404 0 34
47 71424 33 4 71457 0 33
6 71520 30 2 71550 0 30
725 71604 26 1 71630 0 26
248 71716 40 4 71756 0 40
61 71855 32 2 71887 0 32
930 71924 41 4 71965 0 41
144 72024 23 2 72047 0 23
996 72178 58 3 72236 0 58
760 72336 27 1 72363 0 27
824 72480 20 3 72500 0 20
307 72600 40 3 72640 0 40
274 72620 56 2 72696 20 76
696 72862 26 4 72888 0 26
108 72943 32 1 72975 0 32
554 73014 28 4 73042 0 28
647 73032 59 2 73101 10 69
308 72970 60 2 73122 92 152
181 73200 49 4 73249 0 49
833 73189 49 2 73287 49 98
625 73188 54 2 73340 98 152
117 73138 63 3 73353 152 215
783 73293 85 4 73438 60 145
375 73693 49 2 73742 0 49
124 73630 66 4 73745 49 115
692 73767 26 2 73793 0 26
388 73833 36 4 73869 0 36
635 73876 34 4 73910 0 34
77 74097 29 4 74126 0 29
830 74292 30 3 74322 0 30
231 74343 21 2 74364 0 21
912 74370 21 3 74391 0 21
836 74492 42 4 74534 0 42
391 74570 79 4 74649 0 79
456 74761 35 3 74796 0 35
706 74848 46 4 74894 0 46
567 74819 48 1 74913 46 94
677 74724 62 3 74915 129 191
599 74791 81 1 74996 124 205
279 75070 28 3 75098 0 28
574 75413 56 4 75469 0 56
59 75364 90 4 75510 56 146
529 75529 63 3 75592 0 63
275 75720 71 4 75791 0 71
564 75795 25 3 75820 0 25
655 75838 22 4 75860 0 22
816 75951 23 4 75974 0 23
425 75900 51 4 75974 23 74
451 75769 76 3 75988 143 219
668 76011 66 3 76077 0 66
110 75876 96 3 76150 178 274
137 76399 56 3 76455 0 56
200 76567 31 3 76598 0 31
91 76657 23 3 76680 0 23
56 76702 70 3 76772 0 70
324 76906 48 2 76954 0 48
532 77028 53 1 77081 0 53
902 77162 26 4 77188 0 26
976 77123 43 2 77192 26 69
360 77134 56 4 77248 58 114
905 77260 49 4 77309 0 49
130 77312 21 4 77333 0 21
741 77331 32 2 77365 2 34
799 77093 66 4 77386 227 293
424 77453 53 4 77506 0 53
975 77474 68 2 77574 32 100
802 77667 58 4 77725 0 58
678 77814 31 4 77845 0 31
887 77801 60 4 77892 31 91
757 77761 71 3 77923 91 162
403 78006 63 3 78069 0 63
908 78104 35 2 78139 0 35
429 78292 32 3 78324 0 32
823 78263 52 4 78347 32 84
298 78277 68 1 78415 70 138
995 78727 27 4 78754 0 27
920 78767 22 4 78789 0 22
901 78908 56 3 78964 0 56
866 78885 64 4 79005 56 120
300 78846 85 2 79051 120 205
857 79099 24 4 79123 0 24
362 79122 79 1 79202 1 80
395 78843 90 2 79241 308 398
732 79246 30 3 79276 0 30
851 79856 43 3 79899 0 43
716 79908 24 2 79932 0 24
96 80075 26 2 80101 0 26
302 80178 32 4 80210 0 32
693 80235 39 4 80274 0 39
699 80226 52 3 80317 39 91
852 80724 21 4 80745 0 21
751 80796 26 4 80822 0 26
382 80761 52 1 80839 26 78
473 81049 61 4 81110 0 61
877 81125 30 4 81155 0 30
627 81262 33 4 81295 0 33
888 81883 52 2 81935 0 52
16 82192 29 1 82221 0 29
708 82803 46 4 82849 0 46
576 82881 26 4 82907 0 26
86 83172 20 4 83192 0 20
600 83352 75 4 83427 0 75
433 83438 38 2 83476 0 38
210 83572 34 3 83606 0 34
736 83776 51 3 83827 0 51
608 84033 32 1 84065 0 32
774 84660 22 3 84682 0 22
750 84857 48 3 84905 0 48
856 85289 47 3 85336 0 47
367 86176 21 3 86197 0 21
188 87162 37 3 87199 0 37
498 87613 28 4 87641 0 28
28 88072 74 4 88146 0 74
313 88187 62 4 88249 0 62
813 88595 37 4 88632 0 37
44 88913 36 4 88949 0 36
575 89512 63 2 89575 0 63
695 89654 35 4 89689 0 35
924 89607 82 4 89724 35 117
607 90327 63 2 90390 0 63
592 91026 61 2 91087 0 61
563 90965 61 1 91087 61 122
493 91206 29 4 91235 0 29
569 91277 44 3 91321 0 44
131 93029 36 2 93065 0 36
590 93277 42 4 93319 0 42
480 93525 21 4 93546 0 21
540 94445 60 3 94505 0 60
81 95248 49 4 95297 0 49
512 95496 68 3 95564 0 68
817 96017 42 2 96059 0 42
947 99309 61 4 99370 0 61
494 99670 60 1 99730 0 60
507 100000 20 4 100020 0 20
730 100000 30 3 100050 20 50
38 100000 38 3 100088 50 88
46 100000 48 1 100136 88 136
471 100000 50 3 100186 136 186
589 100000 55 2 100241 186 241
269 100000 55 1 100296 241 296
195 100000 56 4 100352 296 352
542 100000 58 4 100410 352 410
194 100000 66 4 100476 410 476
119 100000 93 3 100569 476 569
