100427 1000 1252 1191
922 0 50 3 50 0 50
925 0 64 2 114 50 114
470 0 84 4 198 114 198
947 0 87 4 285 198 285
330 627 82 4 709 0 82
202 651 79 4 788 58 137
893 1649 62 4 1711 0 62
766 2420 83 3 2503 0 83
391 3575 20 4 3595 0 20
78 3994 55 4 4049 0 55
58 4749 69 4 4818 0 69
364 4908 60 4 4968 0 60
772 5247 20 3 5267 0 20
95 5352 54 4 5406 0 54
131 6727 50 4 6777 0 50
258 7135 78 3 7213 0 78
919 7418 57 4 7475 0 57
75 7711 83 2 7794 0 83
167 8215 46 3 8261 0 46
408 9206 44 4 9250 0 44
829 10374 68 3 10442 0 68
6 10376 85 3 10527 66 151
266 10857 95 3 10952 0 95
881 11102 50 4 11152 0 50
764 11796 48 4 11844 0 48
395 11883 46 1 11929 0 46
903 11963 43 4 12006 0 43
698 11971 89 4 12095 35 124
904 12105 73 4 12178 0 73
143 12604 74 4 12678 0 74
767 12793 49 4 12842 0 49
479 12911 69 4 12980 0 69
817 12956 42 4 13022 24 66
779 13145 29 1 13174 0 29
810 13330 64 4 13394 0 64
894 13991 41 3 14032 0 41
87 14216 51 3 14267 0 51
270 14482 61 2 14543 0 61
727 14642 47 4 14689 0 47
943 14885 55 1 14940 0 55
984 15346 52 4 15398 0 52
487 15467 53 3 15520 0 53
723 15857 81 3 15938 0 81
729 16001 46 3 16047 0 46
656 16528 83 4 16611 0 83
576 16603 33 2 16644 8 41
858 16559 49 2 16693 85 134
387 16649 51 3 16744 44 95
884 17459 72 4 17531 0 72
556 17643 37 4 17680 0 37
185 17719 36 3 17755 0 36
237 18019 62 4 18081 0 62
940 18053 59 2 18140 28 87
791 18203 42 4 18245 0 42
493 18318 80 4 18398 0 80
752 18390 42 2 18440 8 50
865 18369 47 4 18487 71 118
689 18651 51 2 18702 0 51
190 18675 60 2 18762 27 87
66 19074 74 4 19148 0 74
635 19247 61 3 19308 0 61
776 19441 74 3 19515 0 74
128 19483 70 4 19585 32 102
278 19521 51 4 19636 64 115
737 19651 51 4 19702 0 51
781 19811 58 4 19869 0 58
462 19858 58 2 19927 11 69
365 20122 59 4 20181 0 59
94 20163 81 4 20262 18 99
796 20251 50 4 20312 11 61
348 20208 60 2 20372 104 164
308 20549 99 2 20648 0 99
404 21344 42 2 21386 0 42
792 21420 77 3 21497 0 77
91 21592 46 4 21638 0 46
43 21625 76 4 21714 13 89
183 21754 58 4 21812 0 58
425 21895 46 3 21941 0 46
414 21947 70 3 22017 0 70
484 22470 60 3 22530 0 60
825 22494 72 3 22602 36 108
580 22591 77 1 22679 11 88
60 22835 30 4 22865 0 30
534 22934 71 3 23005 0 71
228 22963 98 4 23103 42 140
496 23207 53 3 23260 0 53
511 23499 70 4 23569 0 70
611 23739 61 4 23800 0 61
598 23779 36 3 23836 21 57
971 23771 62 1 23898 65 127
590 23888 66 4 23964 10 76
645 23824 70 4 24034 140 210
963 23992 43 3 24077 42 85
954 24075 62 4 24139 2 64
680 24151 54 2 24205 0 54
22 24335 38 4 24373 0 38
547 24403 69 2 24472 0 69
693 24542 31 1 24573 0 31
913 24642 41 4 24683 0 41
181 25147 63 2 25210 0 63
800 25195 30 3 25240 15 45
285 25564 54 4 25618 0 54
347 25607 66 3 25684 11 77
529 25647 53 1 25737 37 90
835 25712 53 3 25790 25 78
948 25783 41 4 25831 7 48
939 25849 44 4 25893 0 44
59 25880 85 3 25978 13 98
200 26274 36 4 26310 0 36
350 26373 69 4 26442 0 69
820 26480 68 1 26548 0 68
937 26495 65 4 26613 53 118
549 26487 88 4 26701 126 214
905 26734 47 4 26781 0 47
626 26804 74 3 26878 0 74
164 26902 64 4 26966 0 64
988 26934 39 3 27005 32 71
584 26914 51 1 27056 91 142
103 27081 44 1 27125 0 44
730 27082 44 4 27169 43 87
453 27252 48 3 27300 0 48
431 27298 70 3 27370 2 72
895 27416 69 3 27485 0 69
945 27494 63 2 27557 0 63
994 27566 43 4 27609 0 43
745 27584 56 4 27665 25 81
573 27645 30 4 27695 20 50
86 27687 55 4 27750 8 63
690 27730 57 3 27807 20 77
413 27881 52 4 27933 0 52
23 27961 49 2 28010 0 49
763 28184 65 3 28249 0 65
506 28244 76 2 28325 5 81
847 28309 56 4 28381 16 72
706 28341 81 3 28462 40 121
735 28687 60 3 28747 0 60
982 28732 50 3 28797 15 65
545 28928 46 2 28974 0 46
900 29068 87 4 29155 0 87
563 29103 42 3 29197 52 94
290 29139 73 4 29270 58 131
444 29249 58 4 29328 21 79
780 29347 63 3 29410 0 63
450 29414 72 3 29486 0 72
888 29480 50 3 29536 6 56
901 29492 76 3 29612 44 120
795 29688 54 1 29742 0 54
437 29748 49 3 29797 0 49
227 29830 81 3 29911 0 81
186 29892 68 2 29979 19 87
20 29952 80 2 30059 27 107
426 30074 47 4 30121 0 47
451 30075 52 3 30173 46 98
9 30170 64 4 30237 3 67
750 30434 90 1 30524 0 90
438 30527 71 4 30598 0 71
914 30537 59 2 30657 61 120
587 30669 63 2 30732 0 63
911 30831 60 3 30891 0 60
614 30890 42 3 30933 1 43
831 31061 57 4 31118 0 57
54 31222 70 3 31292 0 70
231 31324 44 3 31368 0 44
400 31577 40 4 31617 0 40
51 31831 47 4 31878 0 47
575 31872 66 4 31944 6 72
191 31923 60 4 32004 21 81
548 32066 65 1 32131 0 65
207 32132 33 2 32165 0 33
837 32132 72 2 32237 33 105
833 32181 72 3 32309 56 128
736 32287 81 2 32390 22 103
514 32314 47 3 32437 76 123
630 32416 50 2 32487 21 71
991 32479 62 4 32549 8 70
564 32499 55 4 32604 50 105
552 32529 57 4 32661 75 132
890 32590 62 4 32723 71 133
121 32145 100 4 32823 578 678
804 32748 51 2 32874 75 126
703 32805 62 3 32936 69 131
629 32823 78 3 33014 113 191
902 32960 52 4 33066 54 106
777 33026 64 2 33130 40 104
747 32941 70 2 33200 189 259
843 33221 27 4 33248 0 27
765 33248 63 4 33311 0 63
561 33307 48 3 33359 4 52
992 33286 55 1 33414 73 128
692 33362 55 2 33469 52 107
216 33340 78 4 33547 129 207
744 33507 64 2 33611 40 104
983 33575 36 3 33647 36 72
784 33551 45 3 33692 96 141
808 33608 58 3 33750 84 142
158 33694 40 3 33790 56 96
857 33753 45 3 33835 37 82
263 33560 60 4 33895 275 335
965 33861 61 3 33956 34 95
233 33625 63 4 34019 331 394
469 33988 38 2 34057 31 69
3 33759 69 3 34126 298 367
974 34063 38 3 34164 63 101
311 33855 75 1 34239 309 384
864 34228 69 2 34308 11 80
148 34292 52 4 34360 16 68
458 33946 76 3 34436 414 490
265 34372 74 2 34510 64 138
862 34495 79 3 34589 15 94
369 33594 82 4 34671 995 1077
711 34596 58 4 34729 75 133
96 34676 54 4 34783 53 107
608 34770 47 1 34830 13 60
707 34729 65 4 34895 101 166
891 34842 53 4 34948 53 106
281 34847 53 4 35001 101 154
848 34707 65 3 35066 294 359
803 35048 35 3 35101 18 53
740 35101 57 3 35158 0 57
883 35111 66 4 35224 47 113
949 34675 69 4 35293 549 618
537 35269 80 2 35373 24 104
217 35371 55 4 35428 2 57
226 35405 43 3 35471 23 66
13 35392 55 3 35526 79 134
57 35376 56 3 35582 150 206
137 35447 59 1 35641 135 194
313 35544 63 2 35704 97 160
117 35656 52 3 35756 48 100
416 35525 64 1 35820 231 295
979 35763 39 4 35859 57 96
872 35819 77 3 35936 40 117
356 35913 53 4 35989 23 76
178 35953 47 3 36036 36 83
424 36014 32 4 36068 22 54
672 36064 48 4 36116 4 52
562 35981 75 3 36191 135 210
927 35957 75 2 36266 234 309
481 35192 81 4 36347 1074 1155
601 36339 35 2 36382 8 43
355 34975 82 4 36464 1407 1489
466 36423 29 1 36493 41 70
809 36450 34 4 36527 43 77
985 36490 52 3 36579 37 89
684 36537 53 2 36632 42 95
806 36622 40 1 36672 10 50
724 36392 60 4 36732 280 340
786 36673 35 4 36767 59 94
210 36711 50 3 36817 56 106
805 36482 71 3 36888 335 406
500 36691 72 4 36960 197 269
762 36894 58 4 37018 66 124
775 37001 62 1 37080 17 79
299 36911 67 3 37147 169 236
412 34700 82 1 37229 2447 2529
62 36703 88 2 37317 526 614
695 37305 47 4 37364 12 59
319 37325 48 4 37412 39 87
637 37347 66 3 37478 65 131
827 37453 65 4 37543 25 90
433 34999 89 2 37632 2544 2633
520 37600 65 4 37697 32 97
499 37650 36 3 37733 47 83
840 37672 41 4 37774 61 102
852 34933 89 1 37863 2841 2930
906 37853 49 1 37912 10 59
196 37882 36 3 37948 30 66
61 37824 59 3 38007 124 183
746 34432 92 4 38099 3575 3667
360 38011 43 4 38142 88 131
915 38132 48 4 38190 10 58
486 38072 65 4 38255 118 183
951 38208 61 2 38316 47 108
144 38197 68 4 38384 119 187
718 38321 69 4 38453 63 132
346 38438 58 4 38511 15 73
615 38020 70 4 38581 491 561
849 38565 41 3 38622 16 57
28 38546 42 4 38664 76 118
815 38528 59 2 38723 136 195
793 38602 88 3 38811 121 209
853 38755 65 2 38876 56 121
77 38141 90 1 38966 735 825
821 38934 45 2 39011 32 77
845 34362 92 4 39103 4649 4741
177 39045 58 4 39161 58 116
542 39134 41 2 39202 27 68
512 39151 60 4 39262 51 111
277 39129 73 2 39335 133 206
448 39296 54 1 39389 39 93
198 39306 65 3 39454 83 148
443 39433 76 2 39530 21 97
836 39468 75 4 39605 62 137
758 39570 47 4 39652 35 82
673 39611 50 4 39702 41 91
830 39596 71 3 39773 106 177
386 39149 85 3 39858 624 709
251 39785 73 4 39931 73 146
211 39913 77 3 40008 18 95
685 39944 65 4 40073 64 129
490 40030 49 4 40122 43 92
681 40083 79 3 40201 39 118
952 40201 33 4 40234 0 33
276 40230 64 4 40298 4 68
653 39883 80 3 40378 415 495
869 40363 62 4 40440 15 77
212 39701 98 3 40538 739 837
222 40534 51 3 40589 4 55
687 40549 31 2 40620 40 71
361 40473 63 4 40683 147 210
19 40515 65 4 40748 168 233
654 40743 48 4 40796 5 53
440 40769 57 3 40853 27 84
659 40821 58 4 40911 32 90
122 40861 28 4 40939 50 78
383 40861 48 2 40987 78 126
339 40981 37 1 41024 6 43
530 40998 57 4 41081 26 83
802 40833 58 4 41139 248 306
333 40709 59 2 41198 430 489
899 41155 62 4 41260 43 105
206 41204 42 4 41302 56 98
114 41299 33 1 41335 3 36
38 41262 56 4 41391 73 129
193 40982 63 2 41454 409 472
354 41200 64 3 41518 254 318
262 41503 27 4 41545 15 42
799 40701 64 2 41609 844 908
31 40508 68 1 41677 1101 1169
171 41614 56 4 41733 63 119
44 41680 64 4 41797 53 117
295 41493 69 2 41866 304 373
581 41084 75 3 41941 782 857
503 41871 52 3 41993 70 122
261 41967 50 1 42043 26 76
773 41876 58 4 42101 167 225
349 42036 68 4 42169 65 133
422 42164 72 4 42241 5 77
666 41429 77 4 42318 812 889
621 42291 53 4 42371 27 80
352 42314 58 4 42429 57 115
282 42388 45 1 42474 41 86
760 42448 61 4 42535 26 87
675 42519 25 3 42560 16 41
399 42403 71 3 42631 157 228
794 42624 52 1 42683 7 59
964 42580 60 4 42743 103 163
969 42708 55 2 42798 35 90
163 42758 70 3 42868 40 110
623 41423 79 3 42947 1445 1524
294 42916 20 4 42967 31 51
676 40998 84 3 43051 1969 2053
641 43040 46 2 43097 11 57
145 42981 47 4 43144 116 163
644 43004 49 4 43193 140 189
717 42984 57 4 43250 209 266
521 43231 65 4 43315 19 84
126 43312 56 2 43371 3 59
467 43366 56 1 43427 5 61
151 43393 66 3 43493 34 100
787 43475 56 3 43549 18 74
316 43523 58 4 43607 26 84
81 43568 61 4 43668 39 100
189 43631 46 1 43714 37 83
933 43522 61 3 43775 192 253
532 43671 67 3 43842 104 171
636 43797 67 2 43909 45 112
704 43867 65 3 43974 42 107
363 43933 56 4 44030 41 97
303 44002 56 2 44086 28 84
749 44069 36 4 44122 17 53
688 43025 70 4 44192 1097 1167
403 44182 55 3 44247 10 65
731 44230 40 2 44287 17 57
632 44254 52 2 44339 33 85
667 44307 39 4 44378 32 71
509 44272 54 3 44432 106 160
309 44416 50 4 44482 16 66
220 44384 57 4 44539 98 155
39 44224 57 3 44596 315 372
280 44560 37 3 44633 36 73
876 44567 41 3 44674 66 107
407 44241 60 4 44734 433 493
423 44729 50 2 44784 5 55
709 44463 62 4 44846 321 383
162 44818 49 3 44895 28 77
378 44879 42 2 44937 16 58
170 44726 64 3 45001 211 275
960 44489 65 4 45066 512 577
464 44529 68 3 45134 537 605
195 45101 68 4 45202 33 101
639 45184 20 4 45222 18 38
256 45207 36 3 45258 15 51
720 45143 49 4 45307 115 164
524 45265 24 1 45331 42 66
253 45329 54 4 45385 2 56
291 45276 55 4 45440 109 164
107 45396 55 2 45495 44 99
935 45277 57 1 45552 218 275
955 45143 61 4 45613 409 470
274 45567 50 1 45663 46 96
289 45621 31 1 45694 42 73
418 45623 47 4 45741 71 118
908 45614 51 4 45792 127 178
596 45538 61 3 45853 254 315
110 45846 59 4 45912 7 66
175 45910 60 3 45972 2 62
896 45389 67 2 46039 583 650
65 45998 53 4 46092 41 94
478 46081 50 4 46142 11 61
554 46125 42 4 46184 17 59
483 43723 71 2 46255 2461 2532
52 46230 72 4 46327 25 97
797 44830 72 2 46399 1497 1569
215 45915 72 1 46471 484 556
674 46410 37 4 46508 61 98
250 46436 45 4 46553 72 117
11 46457 50 4 46603 96 146
230 46515 59 2 46662 88 147
241 46594 60 3 46722 68 128
46 46694 61 2 46783 28 89
557 46771 50 3 46833 12 62
976 46777 56 3 46889 56 112
72 46727 58 4 46947 162 220
975 46785 58 3 47005 162 220
555 46948 58 2 47063 57 115
978 46735 60 3 47123 328 388
42 47074 65 4 47188 49 114
923 46854 66 4 47254 334 400
574 47238 55 3 47309 16 71
757 47097 66 3 47375 212 278
647 47148 71 4 47446 227 298
67 47051 72 4 47518 395 467
866 43251 73 3 47591 4267 4340
721 47535 73 3 47664 56 129
260 42971 73 2 47737 4693 4766
973 47695 63 3 47800 42 105
540 47730 67 4 47867 70 137
372 47779 71 3 47938 88 159
497 47936 65 4 48003 2 67
725 47888 66 4 48069 115 181
435 47278 74 4 48143 791 865
338 45014 74 4 48217 3129 3203
113 48194 52 3 48269 23 75
473 43944 74 3 48343 4325 4399
286 47429 74 3 48417 914 988
359 48381 60 4 48477 36 96
199 48448 48 4 48525 29 77
998 47448 74 3 48599 1077 1151
646 48592 43 4 48642 7 50
297 48553 45 4 48687 89 134
48 48661 52 3 48739 26 78
1000 47034 74 3 48813 1705 1779
628 48778 45 2 48858 35 80
732 48850 20 3 48878 8 28
188 48843 52 2 48930 35 87
25 48863 55 3 48985 67 122
429 48778 63 4 49048 207 270
826 48779 72 4 49120 269 341
18 49119 43 4 49163 1 44
419 49117 44 2 49207 46 90
742 49173 58 4 49265 34 92
340 49256 39 3 49304 9 48
441 49300 32 2 49336 4 36
660 49129 58 2 49394 207 265
841 49379 59 2 49453 15 74
306 49425 46 3 49499 28 74
961 49172 61 3 49560 327 388
41 49498 61 3 49621 62 123
124 49619 52 1 49673 2 54
577 49645 38 4 49711 28 66
397 49626 67 2 49778 85 152
452 49207 68 4 49846 571 639
546 49831 48 2 49894 15 63
522 49327 69 4 49963 567 636
377 49143 69 3 50032 820 889
307 50002 44 1 50076 30 74
591 50004 67 3 50143 72 139
743 49564 72 3 50215 579 651
445 50183 64 3 50279 32 96
860 45254 74 2 50353 5025 5099
663 42983 75 4 50428 7370 7445
15 46431 75 2 50503 3997 4072
880 50490 69 2 50572 13 82
326 44631 77 4 50649 5941 6018
203 50613 52 3 50701 36 88
824 46714 77 4 50778 3987 4064
517 50725 60 2 50838 53 113
35 43770 77 2 50915 7068 7145
331 50893 47 4 50962 22 69
460 50951 60 4 51022 11 71
606 50874 65 4 51087 148 213
16 51066 68 4 51155 21 89
232 51145 36 3 51191 10 46
634 51094 59 1 51250 97 156
245 47827 77 1 51327 3423 3500
928 51299 57 4 51384 28 85
807 51284 64 4 51448 100 164
73 48862 77 1 51525 2586 2663
538 51453 52 2 51577 72 124
924 51527 46 2 51623 50 96
889 51454 56 3 51679 169 225
235 51655 64 4 51743 24 88
682 51726 54 4 51797 17 71
551 51777 54 4 51851 20 74
863 51813 39 2 51890 38 77
990 51491 76 2 51966 399 475
633 51937 20 1 51986 29 49
98 45416 78 4 52064 6570 6648
579 47135 78 3 52142 4929 5007
225 52103 57 4 52199 39 96
572 52088 57 1 52256 111 168
610 52229 73 3 52329 27 100
380 52307 52 2 52381 22 74
434 52350 46 4 52427 31 77
582 52337 58 1 52485 90 148
526 52297 76 2 52561 188 264
327 51084 78 2 52639 1477 1555
334 52579 48 3 52687 60 108
115 52663 52 3 52739 24 76
468 52707 53 4 52792 32 85
463 52592 61 2 52853 200 261
643 52826 61 4 52914 27 88
501 52735 62 3 52976 179 241
618 52923 51 4 53027 53 104
7 52666 66 1 53093 361 427
301 53086 47 4 53140 7 54
550 53051 60 3 53200 89 149
741 52836 74 4 53274 364 438
269 53227 41 4 53315 47 88
388 53260 63 2 53378 55 118
850 53325 66 4 53444 53 119
785 53392 65 3 53509 52 117
284 53478 55 1 53564 31 86
873 53483 58 1 53622 81 139
100 53302 69 3 53691 320 389
219 53639 76 4 53767 52 128
527 53706 54 1 53821 61 115
768 53683 76 4 53897 138 214
968 53860 70 4 53967 37 107
63 53896 71 4 54038 71 142
184 52896 76 3 54114 1142 1218
351 54106 67 4 54181 8 75
892 54177 53 2 54234 4 57
519 54209 53 3 54287 25 78
854 54286 44 1 54331 1 45
970 54293 51 4 54382 38 89
536 54243 57 4 54439 139 196
617 54415 39 3 54478 24 63
389 54253 57 4 54535 225 282
406 54481 54 1 54589 54 108
811 54539 50 4 54639 50 100
456 54619 57 4 54696 20 77
32 54688 44 4 54740 8 52
24 54645 44 1 54784 95 139
700 54727 49 1 54833 57 106
472 54743 60 1 54893 90 150
839 54333 64 4 54957 560 624
392 54910 52 3 55009 47 99
234 54136 66 3 55075 873 939
123 55036 47 4 55122 39 86
649 55069 47 4 55169 53 100
341 55140 55 4 55224 29 84
367 55030 63 3 55287 194 257
625 55238 42 3 55329 49 91
29 55308 51 1 55380 21 72
342 55334 60 3 55440 46 106
236 55420 46 4 55486 20 66
867 55456 58 3 55544 30 88
930 55522 51 4 55595 22 73
489 55425 64 2 55659 170 234
248 55637 63 4 55722 22 85
539 55714 53 3 55775 8 61
104 54575 66 3 55841 1200 1266
428 55365 66 3 55907 476 542
516 55882 21 4 55928 25 46
161 54308 67 4 55995 1620 1687
558 54809 67 2 56062 1186 1253
528 55544 69 3 56131 518 587
997 56102 61 3 56192 29 90
459 56133 56 4 56248 59 115
119 55072 71 3 56319 1176 1247
513 56291 67 3 56386 28 95
957 56351 64 2 56450 35 99
315 56390 49 4 56499 60 109
83 56443 54 4 56553 56 110
798 56475 60 4 56613 78 138
754 56603 34 4 56647 10 44
553 56561 47 3 56694 86 133
74 55059 71 2 56765 1635 1706
76 54518 71 2 56836 2247 2318
127 56003 74 2 56910 833 907
946 55311 75 4 56985 1599 1674
174 54922 76 4 57061 2063 2139
166 56998 39 4 57100 63 102
751 57099 57 1 57157 1 58
788 57045 66 2 57223 112 178
679 57182 54 4 57277 41 95
605 57232 21 3 57298 45 66
194 57202 68 4 57366 96 164
594 57364 31 3 57397 2 33
909 57315 63 2 57460 82 145
712 57443 37 4 57497 17 54
379 57473 37 4 57534 24 61
320 57492 51 3 57585 42 93
816 57381 77 1 57662 204 281
616 57589 29 4 57691 73 102
209 57596 38 2 57729 95 133
17 57624 45 4 57774 105 150
972 57754 54 4 57828 20 74
157 57770 57 4 57885 58 115
566 57795 58 3 57943 90 148
588 57929 63 3 58006 14 77
142 57715 64 3 58070 291 355
415 57590 68 1 58138 480 548
733 58091 42 4 58180 47 89
229 58162 78 4 58258 18 96
159 54148 78 3 58336 4110 4188
56 58333 43 4 58379 3 46
271 58283 44 4 58423 96 140
40 58332 49 4 58472 91 140
814 58462 56 3 58528 10 66
275 55530 79 3 58607 2998 3077
125 58556 67 3 58674 51 118
492 58646 44 1 58718 28 72
449 58549 73 4 58791 169 242
494 58727 60 1 58851 64 124
446 58822 73 3 58924 29 102
967 58828 74 4 58998 96 170
304 58997 46 4 59044 1 47
708 57418 79 3 59123 1626 1705
505 49743 79 3 59202 9380 9459
668 59188 31 4 59233 14 45
314 59183 36 2 59269 50 86
879 59141 69 3 59338 128 197
401 59215 72 2 59410 123 195
726 59253 73 4 59483 157 230
312 59462 70 4 59553 21 91
192 59525 41 4 59594 28 69
89 59573 55 4 59649 21 76
677 59642 41 2 59690 7 48
182 59667 60 4 59750 23 83
631 59146 78 3 59828 604 682
79 46696 79 2 59907 13132 13211
55 59840 38 2 59945 67 105
293 59842 55 4 60000 103 158
851 59921 57 3 60057 79 136
302 60021 41 1 60098 36 77
544 60074 61 1 60159 24 85
870 60126 40 4 60199 33 73
488 60093 65 2 60264 106 171
14 59999 69 3 60333 265 334
701 60313 34 4 60367 20 54
541 55496 80 4 60447 4871 4951
120 60428 59 4 60506 19 78
375 60496 29 4 60535 10 39
801 60517 33 3 60568 18 51
267 60446 60 3 60628 122 182
885 60467 73 3 60701 161 234
993 60410 75 2 60776 291 366
482 60726 36 2 60812 50 86
322 60721 55 3 60867 91 146
305 48375 80 3 60947 12492 12572
719 60934 59 1 61006 13 72
921 60996 57 2 61063 10 67
842 61056 44 2 61107 7 51
138 43898 80 3 61187 17209 17289
936 61149 44 3 61231 38 82
272 61214 53 4 61284 17 70
252 61246 63 1 61347 38 101
861 59439 80 2 61427 1908 1988
129 61418 30 4 61457 9 39
390 61370 64 3 61521 87 151
8 61472 32 4 61553 49 81
310 61397 75 2 61628 156 231
287 55627 81 4 61709 6001 6082
559 44264 81 4 61790 17445 17526
475 61759 21 3 61811 31 52
828 61803 43 3 61854 8 51
604 61829 49 4 61903 25 74
508 61800 64 4 61967 103 167
68 61840 65 3 62032 127 192
1 61981 51 3 62083 51 102
753 61853 77 3 62160 230 307
491 61816 80 2 62240 344 424
99 62173 62 2 62302 67 129
525 62299 66 3 62368 3 69
345 62365 73 3 62441 3 76
442 62425 54 3 62495 16 70
90 62480 43 4 62538 15 58
405 62509 51 4 62589 29 80
789 62552 49 4 62638 37 86
981 62466 54 4 62692 172 226
578 62691 30 4 62722 1 31
844 62482 55 4 62777 240 295
485 62397 58 2 62835 380 438
292 62736 66 1 62901 99 165
254 62543 69 3 62970 358 427
822 62966 65 4 63035 4 69
454 62714 76 3 63111 321 397
761 63095 53 4 63164 16 69
80 63158 47 4 63211 6 53
26 63053 62 2 63273 158 220
583 63248 52 2 63325 25 77
523 63307 37 4 63362 18 55
665 63156 64 2 63426 206 270
156 63367 48 4 63474 59 107
279 63369 49 4 63523 105 154
907 63142 66 4 63589 381 447
53 63549 56 4 63645 40 96
384 63600 58 4 63703 45 103
531 63690 45 2 63748 13 58
165 63365 68 3 63816 383 451
147 63790 49 3 63865 26 75
324 63402 68 2 63933 463 531
420 63922 63 2 63996 11 74
480 63377 69 2 64065 619 688
300 63815 71 1 64136 250 321
109 64088 45 2 64181 48 93
570 64169 46 4 64227 12 58
160 64089 53 1 64280 138 191
897 63332 72 1 64352 948 1020
118 64346 51 2 64403 6 57
439 64318 62 3 64465 85 147
823 64420 39 4 64504 45 84
264 64465 70 3 64574 39 109
699 64306 75 3 64649 268 343
498 64436 76 3 64725 213 289
920 62430 77 4 64802 2295 2372
105 53052 81 4 64883 11750 11831
855 44678 83 4 64966 20205 20288
179 64918 31 4 64997 48 79
929 64973 44 4 65041 24 68
818 45202 83 4 65124 19839 19922
353 65123 68 2 65192 1 69
652 65181 65 4 65257 11 76
430 65232 58 4 65315 25 83
565 65217 63 4 65378 98 161
812 65349 68 2 65446 29 97
956 46657 84 4 65530 18789 18873
136 61635 84 4 65614 3895 3979
288 46047 84 3 65698 19567 19651
374 65639 65 2 65763 59 124
133 65712 72 2 65835 51 123
620 53726 84 3 65919 12109 12193
980 65876 66 1 65985 43 109
683 59905 84 1 66069 6080 6164
455 66008 57 4 66126 61 118
173 66048 60 2 66186 78 138
268 66029 67 3 66253 157 224
607 66247 45 2 66298 6 51
602 66242 53 3 66351 56 109
396 66045 67 3 66418 306 373
402 66100 67 2 66485 318 385
728 66410 78 4 66563 75 153
337 66495 38 4 66601 68 106
176 66498 64 4 66665 103 167
336 66647 43 3 66708 18 61
510 66648 52 4 66760 60 112
447 66682 60 3 66820 78 138
495 66633 61 1 66881 187 248
593 66862 57 4 66938 19 76
155 66890 35 4 66973 48 83
411 66972 39 2 67012 1 40
168 66933 51 3 67063 79 130
782 67032 52 3 67115 31 83
82 67110 20 3 67135 5 25
457 67108 52 4 67187 27 79
97 67155 32 4 67219 32 64
205 67193 27 4 67246 26 53
589 67159 58 1 67304 87 145
887 67059 69 2 67373 245 314
476 67347 47 1 67420 26 73
149 66706 72 4 67492 714 786
846 66642 75 1 67567 850 925
84 67123 79 1 67646 444 523
382 67636 62 4 67708 10 72
373 66656 81 3 67789 1052 1133
27 67746 50 4 67839 43 93
713 49543 84 1 67923 18296 18380
69 67861 37 3 67960 62 99
650 67902 39 2 67999 58 97
325 67861 63 4 68062 138 201
64 68060 53 1 68115 2 55
417 68092 60 3 68175 23 83
571 46175 85 4 68260 22000 22085
938 53556 85 4 68345 14704 14789
366 56710 85 3 68430 11635 11720
2 45713 85 3 68515 22717 22802
705 68500 59 4 68574 15 74
139 45576 85 1 68659 22998 23083
586 68650 73 4 68732 9 82
966 68715 74 4 68806 17 91
859 68780 69 2 68875 26 95
977 57350 86 4 68961 11525 11611
376 55175 86 3 69047 13786 13872
317 68963 48 4 69095 84 132
790 69033 62 2 69157 62 124
996 69110 74 3 69231 47 121
197 69161 64 1 69295 70 134
504 69269 80 3 69375 26 106
648 69359 60 3 69435 16 76
93 52658 86 1 69521 16777 16863
36 69512 49 3 69570 9 58
394 69482 61 3 69631 88 149
662 69583 59 3 69690 48 107
738 69629 61 1 69751 61 122
941 69709 64 4 69815 42 106
213 69797 33 4 69848 18 51
283 69775 44 4 69892 73 117
224 69818 52 4 69944 74 126
152 69908 32 2 69976 36 68
246 69902 37 4 70013 74 111
568 69954 56 4 70069 59 115
875 70050 40 4 70109 19 59
599 70059 56 1 70165 50 106
670 69787 66 4 70231 378 444
88 69743 71 3 70302 488 559
101 66969 87 4 70389 3333 3420
877 70370 49 1 70438 19 68
533 70319 62 2 70500 119 181
638 70387 63 3 70563 113 176
658 70466 67 4 70630 97 164
944 40905 87 1 70717 29725 29812
916 70678 66 3 70783 39 105
343 70720 63 4 70846 63 126
832 70778 68 1 70914 68 136
898 70685 77 3 70991 229 306
362 70952 82 3 71073 39 121
180 71047 49 4 71122 26 75
640 70984 85 4 71207 138 223
85 71170 67 4 71274 37 104
242 71261 40 3 71314 13 53
329 71196 77 2 71391 118 195
214 71354 70 3 71461 37 107
471 71250 79 3 71540 211 290
669 71466 81 3 71621 74 155
298 53918 88 4 71709 17703 17791
774 71693 77 3 71786 16 93
357 71785 37 4 71823 1 38
813 71816 46 1 71869 7 53
208 70312 88 3 71957 1557 1645
642 44960 88 2 72045 26997 27085
878 71988 74 3 72119 57 131
132 72080 72 4 72191 39 111
838 72170 37 1 72228 21 58
71 45215 89 3 72317 27013 27102
771 72287 62 4 72379 30 92
398 72370 68 1 72447 9 77
515 72386 51 3 72498 61 112
108 72482 28 2 72526 16 44
770 72391 56 2 72582 135 191
169 72569 54 2 72636 13 67
871 72395 65 2 72701 241 306
739 72500 75 4 72776 201 276
393 72711 74 3 72850 65 139
221 72642 78 3 72928 208 286
204 44975 89 3 73017 27953 28042
238 72930 46 3 73063 87 133
989 72957 71 3 73134 106 177
34 73121 65 4 73199 13 78
917 73020 80 2 73279 179 259
624 73013 82 3 73361 266 348
609 73352 51 3 73412 9 60
942 73403 42 2 73454 9 51
748 73376 69 2 73523 78 147
697 59300 89 3 73612 14223 14312
694 71320 89 2 73701 2292 2381
432 70419 89 1 73790 3282 3371
368 73734 48 4 73838 56 104
569 73808 79 2 73917 30 109
926 58042 90 4 74007 15875 15965
783 73963 56 4 74063 44 100
49 73944 56 3 74119 119 175
410 67004 90 4 74209 7115 7205
474 74192 39 1 74248 17 56
240 74166 60 4 74308 82 142
50 74240 68 2 74376 68 136
987 63538 91 4 74467 10838 10929
612 74424 56 4 74523 43 99
715 74460 57 3 74580 63 120
882 74572 60 3 74640 8 68
150 74540 61 1 74701 100 161
296 74657 51 4 74752 44 95
33 74492 72 3 74824 260 332
696 56934 91 3 74915 17890 17981
931 74826 57 2 74972 89 146
874 74917 73 1 75045 55 128
502 74997 58 4 75103 48 106
45 40936 93 4 75196 34167 34260
10 75142 73 3 75269 54 127
918 75104 80 3 75349 165 245
932 46932 93 3 75442 28417 28510
239 50624 93 2 75535 24818 24911
543 75502 75 4 75610 33 108
273 56949 94 4 75704 18661 18755
778 75642 76 2 75780 62 138
769 75725 50 1 75830 55 105
421 75765 53 1 75883 65 118
146 75870 70 4 75953 13 83
477 64342 94 3 76047 11611 11705
716 75986 73 4 76120 61 134
934 76052 64 4 76184 68 132
335 76173 59 2 76243 11 70
613 76059 64 4 76307 184 248
595 76219 71 3 76378 88 159
756 76312 74 3 76452 66 140
358 76405 77 3 76529 47 124
759 76420 77 3 76606 109 186
664 76596 39 2 76645 10 49
328 76004 91 4 76736 641 732
381 76168 93 4 76829 568 661
962 49836 95 4 76924 26993 27088
819 64431 96 4 77020 12493 12589
597 40706 96 3 77116 36314 36410
535 77051 66 2 77182 65 131
661 77143 20 1 77202 39 59
999 59901 97 2 77299 17301 17398
135 77249 54 1 77353 50 104
910 77332 64 4 77417 21 85
755 44399 98 4 77515 33018 33116
702 44485 99 3 77614 33030 33129
567 77555 57 3 77671 59 116
102 77577 83 3 77754 94 177
592 77545 85 1 77839 209 294
37 77773 49 2 77888 66 115
12 77765 58 4 77946 123 181
958 55607 100 4 78046 22339 22439
678 78022 55 1 78101 24 79
619 62852 100 4 78201 15249 15349
409 78106 46 4 78247 95 141
111 49649 100 4 78347 28598 28698
912 35428 100 2 78447 42919 43019
627 78433 75 3 78522 14 89
5 78507 57 3 78579 15 72
249 78521 62 3 78641 58 120
370 78463 65 3 78706 178 243
518 78636 74 3 78780 70 144
722 78779 69 3 78849 1 70
691 78805 63 3 78912 44 107
112 78842 64 4 78976 70 134
950 78966 51 4 79027 10 61
600 78870 78 3 79105 157 235
834 78918 80 3 79185 187 267
560 79164 49 4 79234 21 70
714 45097 100 2 79334 34137 34237
868 65603 100 2 79434 13731 13831
141 79878 41 2 79919 0 41
603 79946 71 4 80017 0 71
465 80047 93 4 80140 0 93
686 80556 36 1 80592 0 36
255 80622 53 2 80675 0 53
427 80765 57 2 80822 0 57
710 80814 65 3 80887 8 73
4 81493 48 3 81541 0 48
651 82288 71 2 82359 0 71
153 82316 68 4 82427 43 111
218 82615 76 3 82691 0 76
507 82804 77 4 82881 0 77
953 82869 48 4 82929 12 60
321 82892 61 4 82990 37 98
959 83020 70 3 83090 0 70
223 83101 39 3 83140 0 39
385 83111 82 3 83222 29 111
243 83502 70 2 83572 0 70
657 83963 26 3 83989 0 26
134 84168 63 2 84231 0 63
461 84919 28 4 84947 0 28
47 84923 62 3 85009 24 86
154 85792 71 1 85863 0 71
986 85888 43 4 85931 0 43
116 85998 63 4 86061 0 63
257 86029 78 4 86139 32 110
622 86585 58 3 86643 0 58
734 87127 40 1 87167 0 40
201 87242 35 3 87277 0 35
30 88173 65 3 88238 0 65
247 88254 50 2 88304 0 50
106 89497 57 1 89554 0 57
856 89624 87 4 89711 0 87
344 90589 43 4 90632 0 43
323 90684 62 4 90746 0 62
886 90968 60 4 91028 0 60
671 91038 58 4 91096 0 58
436 91589 57 4 91646 0 57
655 91839 20 3 91859 0 20
21 92039 58 3 92097 0 58
244 92280 71 4 92351 0 71
332 92480 55 1 92535 0 55
70 93324 68 3 93392 0 68
140 95395 57 1 95452 0 57
130 95765 82 4 95847 0 82
371 97525 65 2 97590 0 65
259 99764 74 3 99838 0 74
92 100000 45 3 100045 0 45
318 100000 49 2 100094 45 94
995 100000 66 4 100160 94 160
172 100000 84 2 100244 160 244
187 100000 85 1 100329 244 329
585 100000 98 3 100427 329 427
