100318 1000 4348 4276
680 0 61 2 61 0 61
646 0 71 4 132 61 132
565 0 71 2 203 132 203
234 0 76 4 279 203 279
905 0 82 4 361 279 361
713 0 85 2 446 361 446
174 0 95 2 541 446 541
434 1230 93 1 1323 0 93
730 1637 63 1 1700 0 63
359 2479 82 3 2561 0 82
923 4954 75 2 5029 0 75
372 4906 98 4 5079 75 173
270 6128 80 1 6208 0 80
527 6531 100 4 6631 0 100
413 7151 91 4 7242 0 91
327 7715 40 4 7755 0 40
341 7927 94 4 8021 0 94
661 8050 52 4 8102 0 52
654 8044 79 3 8175 52 131
101 9080 87 3 9167 0 87
647 9219 69 3 9288 0 69
102 9927 81 4 10008 0 81
246 10040 72 3 10112 0 72
537 9884 85 3 10122 153 238
891 11335 60 4 11395 0 60
548 11267 84 1 11411 60 144
669 12177 94 4 12271 0 94
338 12851 94 3 12945 0 94
206 13028 72 4 13100 0 72
655 12913 94 2 13111 104 198
990 13295 80 4 13375 0 80
553 13496 78 1 13574 0 78
758 13726 81 1 13807 0 81
741 13704 99 3 13884 81 180
545 13972 79 2 14051 0 79
888 13727 100 2 14063 236 336
247 14198 54 3 14252 0 54
334 14196 61 3 14311 54 115
58 14323 43 4 14366 0 43
126 14295 91 1 14445 59 150
124 15167 78 1 15245 0 78
146 15668 65 2 15733 0 65
642 15902 54 3 15956 0 54
88 16131 70 4 16201 0 70
84 16514 76 4 16590 0 76
759 16571 84 2 16674 19 103
22 16823 78 3 16901 0 78
760 17023 100 4 17123 0 100
550 17559 55 3 17614 0 55
834 18260 88 3 18348 0 88
869 18455 83 3 18538 0 83
842 18536 89 4 18627 2 91
697 18669 91 3 18760 0 91
142 18872 34 2 18906 0 34
505 18852 76 4 18962 34 110
335 18838 90 2 19038 110 200
201 18809 95 4 19104 200 295
44 19189 53 4 19242 0 53
498 19388 93 3 19481 0 93
878 19489 58 3 19547 0 58
9 19616 54 1 19670 0 54
814 19709 77 4 19786 0 77
388 19932 99 4 20031 0 99
621 20270 59 4 20329 0 59
971 20660 76 3 20736 0 76
289 21229 98 3 21327 0 98
651 21511 83 2 21594 0 83
701 21620 43 3 21663 0 43
420 21849 90 3 21939 0 90
161 22000 60 2 22060 0 60
35 22338 87 3 22425 0 87
321 22546 83 2 22629 0 83
205 22675 35 2 22710 0 35
589 22670 60 2 22765 35 95
357 22796 59 4 22855 0 59
573 22916 66 3 22982 0 66
192 23393 78 4 23471 0 78
801 23527 49 1 23576 0 49
636 23599 68 3 23667 0 68
575 23708 53 4 23761 0 53
720 23757 73 3 23834 4 77
706 23579 74 4 23847 194 268
909 23517 80 3 23914 317 397
695 23763 85 4 23999 151 236
62 24027 77 4 24104 0 77
100 24143 50 3 24193 0 50
797 24006 85 3 24218 127 212
398 24098 85 2 24303 120 205
290 24315 83 3 24398 0 83
32 24438 62 3 24500 0 62
376 24518 76 3 24594 0 76
861 24607 87 3 24694 0 87
588 24429 88 1 24742 225 313
81 23575 93 2 24785 1117 1210
144 24222 94 3 24879 563 657
660 24915 59 4 24974 0 59
596 24955 69 3 25043 19 88
910 25064 59 3 25123 0 59
272 24883 78 2 25148 187 265
851 24624 98 3 25242 520 618
936 25314 80 4 25394 0 80
138 24055 99 2 25421 1267 1366
122 25590 39 3 25629 0 39
745 25541 91 4 25671 39 130
668 25679 68 3 25747 0 68
211 25776 98 4 25874 0 98
749 25965 93 1 26058 0 93
275 26103 41 4 26144 0 41
976 26133 73 4 26217 11 84
935 26217 85 4 26302 0 85
643 26244 86 1 26388 58 144
29 26276 88 3 26476 112 200
92 26573 70 4 26643 0 70
177 26511 87 3 26668 70 157
427 26329 89 3 26722 304 393
940 26723 28 1 26751 0 28
428 26771 82 3 26853 0 82
992 26442 91 3 26923 390 481
18 27017 43 4 27060 0 43
465 26288 96 4 27062 678 774
559 27071 52 4 27123 0 52
508 26236 96 3 27210 878 974
950 27243 59 2 27302 0 59
128 27406 54 3 27460 0 54
180 27326 96 1 27476 54 150
820 27492 52 4 27544 0 52
751 27598 46 3 27644 0 46
723 27682 43 2 27725 0 43
469 27586 100 4 27775 89 189
231 27988 61 4 28049 0 61
217 28091 33 3 28124 0 33
116 28158 29 3 28187 0 29
942 28073 74 3 28209 62 136
996 28298 77 3 28375 0 77
667 28394 53 2 28447 0 53
320 28511 30 3 28541 0 30
665 28524 71 3 28612 17 88
57 28468 72 4 28641 101 173
415 28883 59 2 28942 0 59
985 29082 98 2 29180 0 98
456 29184 80 4 29264 0 80
871 29335 54 4 29389 0 54
591 29409 43 3 29452 0 43
832 29551 46 4 29597 0 46
418 29591 62 3 29659 6 68
256 29614 92 4 29751 45 137
437 29668 96 1 29847 83 179
30 29868 60 3 29928 0 60
609 30099 59 4 30158 0 59
649 30133 67 4 30225 25 92
176 30084 82 2 30292 126 208
225 30422 89 4 30511 0 89
316 30611 64 4 30675 0 64
855 30679 68 2 30747 0 68
269 30805 55 4 30860 0 55
404 30886 39 4 30925 0 39
539 30822 62 4 30961 77 139
310 30854 76 2 31037 107 183
903 30999 79 4 31116 38 117
860 31017 89 4 31205 99 188
156 31215 48 3 31263 0 48
382 30698 91 4 31286 497 588
178 31182 92 4 31378 104 196
323 31436 70 2 31506 0 70
432 31396 74 1 31540 70 144
251 30637 96 4 31614 881 977
349 31778 92 4 31870 0 92
77 31783 96 3 31966 87 183
112 31990 72 3 32062 0 72
908 32057 76 1 32138 5 81
785 32176 41 2 32217 0 41
793 32024 81 3 32260 155 236
189 32304 40 3 32344 0 40
218 32280 45 4 32365 40 85
406 32146 86 3 32431 199 285
186 32457 49 4 32506 0 49
608 32499 68 2 32574 7 75
175 32586 72 3 32658 0 72
453 32727 75 3 32802 0 75
731 32825 49 4 32874 0 49
106 32808 65 4 32922 49 114
66 32857 68 2 32990 65 133
726 33055 51 4 33106 0 51
24 33131 65 2 33196 0 65
614 33200 46 4 33246 0 46
165 33087 71 3 33288 130 201
858 32938 74 4 33297 285 359
89 32936 76 2 33373 361 437
906 33347 78 4 33451 26 104
60 32618 79 2 33455 758 837
790 33034 80 2 33535 421 501
346 33590 42 3 33632 0 42
68 33307 83 3 33660 270 353
927 33468 85 4 33745 192 277
904 33795 38 2 33833 0 38
20 32796 88 4 33871 987 1075
912 33919 56 3 33975 0 56
603 33550 91 4 34018 377 468
830 34016 96 3 34114 2 98
150 32951 96 1 34210 1163 1259
564 34247 53 3 34300 0 53
616 34400 38 4 34438 0 38
533 34385 69 1 34492 38 107
581 34409 70 4 34562 83 153
617 34595 69 3 34664 0 69
807 34660 73 4 34737 4 77
300 34515 78 1 34782 189 267
452 34848 45 2 34893 0 45
607 34917 29 3 34946 0 29
159 34825 52 1 34951 74 126
859 34961 52 4 35013 0 52
977 34805 61 3 35044 178 239
981 34859 69 2 35113 185 254
620 35133 75 4 35208 0 75
145 34996 76 3 35264 192 268
943 35289 29 3 35318 0 29
998 34459 81 4 35351 811 892
319 35357 72 3 35429 0 72
228 35152 85 3 35508 271 356
816 35576 79 2 35655 0 79
17 34851 88 3 35675 736 824
405 35736 32 4 35768 0 32
711 34866 89 1 35796 841 930
961 35883 40 4 35923 0 40
487 35921 61 3 35984 2 63
517 35940 72 4 36056 44 116
737 35948 83 3 36139 108 191
426 35257 93 3 36145 795 888
699 34927 94 3 36239 1218 1312
337 36266 82 4 36348 0 82
16 36385 73 3 36458 0 73
240 36390 75 4 36533 68 143
847 36534 47 4 36581 0 47
40 36689 53 3 36742 0 53
366 36730 65 3 36807 12 77
255 36636 70 2 36824 118 188
773 36395 76 4 36844 373 449
410 36648 77 1 36921 196 273
696 36923 65 4 36988 0 65
351 37006 42 4 37048 0 42
99 36997 49 4 37088 42 91
166 37142 46 2 37188 0 46
753 37191 50 3 37241 0 50
600 37048 65 1 37249 136 201
69 37251 59 3 37310 0 59
258 37353 60 4 37413 0 60
364 37131 69 3 37437 237 306
179 37474 56 1 37530 0 56
703 37189 71 4 37564 304 375
36 37620 71 4 37691 0 71
114 37119 71 1 37706 516 587
51 37182 75 3 37781 524 599
988 36356 79 2 37820 1385 1464
619 36244 82 3 37872 1546 1628
367 37924 57 1 37981 0 57
318 37989 72 3 38061 0 72
480 38072 58 2 38130 0 58
733 37893 76 2 38156 187 263
722 38184 31 1 38215 0 31
907 38166 60 2 38257 31 91
216 38307 55 2 38362 0 55
485 36250 83 3 38364 2031 2114
294 37324 84 3 38448 1040 1124
403 37747 87 1 38535 701 788
468 38557 59 2 38616 0 59
727 38645 67 2 38712 0 67
252 38655 73 2 38785 57 130
28 38820 64 2 38884 0 64
417 38901 57 4 38958 0 57
5 38945 74 3 39032 13 87
917 39073 72 4 39145 0 72
110 39198 24 4 39222 0 24
987 39177 67 4 39268 24 91
331 39294 32 2 39326 0 32
503 39154 70 4 39347 123 193
653 39081 76 4 39414 257 333
750 39415 36 4 39451 0 36
938 38921 76 3 39485 488 564
401 39567 57 2 39624 0 57
499 39560 71 1 39688 57 128
279 39750 59 2 39809 0 59
561 39842 45 3 39887 0 45
271 39914 34 4 39948 0 34
792 39820 50 2 39949 79 129
640 39957 52 3 40009 0 52
633 40062 58 1 40120 0 58
663 39932 66 4 40125 127 193
232 39928 67 4 40192 197 264
893 40254 38 3 40292 0 38
779 40229 52 3 40319 38 90
313 40226 56 2 40372 90 146
580 39564 72 4 40408 772 844
478 39619 72 4 40409 718 790
70 40420 63 4 40483 0 63
721 40526 63 4 40589 0 63
358 40445 63 1 40609 101 164
171 39541 79 4 40658 1038 1117
87 38816 80 4 40661 1765 1845
353 40360 80 3 40741 301 381
105 40810 33 4 40843 0 33
958 40844 52 3 40896 0 52
117 40954 47 3 41001 0 47
460 40907 53 4 41007 47 100
944 41029 31 4 41060 0 31
685 41089 29 4 41118 0 29
429 41010 57 4 41127 60 117
949 40843 69 2 41181 269 338
392 41186 66 3 41252 0 66
766 40945 73 2 41320 302 375
757 41401 75 3 41476 0 75
482 40837 80 4 41555 638 718
876 41269 80 4 41555 206 286
592 39339 80 2 41566 2147 2227
689 41593 65 2 41658 0 65
292 41670 77 3 41747 0 77
999 38816 81 4 41789 2892 2973
449 41810 55 3 41865 0 55
149 41866 60 4 41926 0 60
692 41944 48 1 41992 0 48
881 41914 66 4 42040 60 126
254 42098 44 4 42142 0 44
281 41976 76 4 42160 108 184
396 42061 79 4 42239 99 178
901 42271 72 3 42343 0 72
837 42444 49 3 42493 0 49
833 42367 79 3 42495 49 128
37 42206 82 3 42521 233 315
628 42582 46 1 42628 0 46
295 42579 66 4 42691 46 112
693 41733 83 4 42694 878 961
712 39694 84 4 42778 3000 3084
529 42790 69 3 42859 0 69
21 42882 24 3 42906 0 24
786 43027 55 4 43082 0 55
765 43133 50 4 43183 0 50
250 43091 55 4 43196 50 105
137 38694 86 4 43196 4416 4502
826 40804 86 4 43258 2368 2454
823 41850 86 4 43258 1322 1408
244 43325 57 4 43382 0 57
25 43395 60 1 43455 0 60
423 43601 40 4 43641 0 40
120 43539 63 4 43642 40 103
181 43468 75 3 43646 103 178
53 43692 47 4 43739 0 47
883 43762 54 4 43816 0 54
94 43681 54 3 43836 101 155
265 43851 73 2 43924 0 73
623 43820 78 3 43987 89 167
208 43883 85 3 44072 104 189
982 40996 86 3 44116 3034 3120
563 40306 86 3 44116 3724 3810
520 44171 69 2 44240 0 69
104 44168 72 2 44309 69 141
854 44121 80 4 44342 141 221
118 42857 86 2 44423 1480 1566
629 39695 87 4 44597 4815 4902
506 43569 87 4 44597 941 1028
933 44755 46 3 44801 0 46
314 44817 50 4 44867 0 50
455 44776 57 4 44908 75 132
676 44802 77 4 44985 106 183
7 39623 87 3 45001 5291 5378
743 42878 87 3 45001 2036 2123
136 45043 78 1 45121 0 78
195 44451 87 2 45166 628 715
622 38845 88 4 45254 6321 6409
679 45333 59 2 45392 0 59
472 45450 71 4 45521 0 71
601 45529 53 1 45582 0 53
597 45332 75 4 45590 183 258
688 45593 69 3 45662 0 69
556 45627 70 3 45732 35 105
979 45796 29 1 45825 0 29
459 45678 74 1 45835 83 157
725 45336 77 4 45909 496 573
45 45258 87 4 45922 577 664
739 46048 81 3 46129 0 81
492 46193 74 4 46267 0 74
422 46308 68 4 46376 0 68
421 46410 40 2 46450 0 40
618 46399 70 3 46509 40 110
511 46248 77 2 46522 197 274
681 46644 32 4 46676 0 32
132 46592 84 4 46708 32 116
193 46746 58 3 46804 0 58
637 46803 59 1 46863 1 60
839 46619 84 3 46909 206 290
645 46970 48 4 47018 0 48
952 47030 66 3 47096 0 66
477 46910 73 3 47097 114 187
528 47157 29 3 47186 0 29
972 47123 56 4 47208 29 85
549 47226 48 2 47274 0 48
973 47212 61 3 47321 48 109
443 47318 63 2 47384 3 66
593 47151 64 4 47444 229 293
196 47456 60 1 47516 0 60
841 47532 58 4 47590 0 58
473 47121 74 4 47634 439 513
989 47657 69 1 47726 0 69
652 47543 75 4 47778 160 235
639 47237 76 3 47854 541 617
569 47871 55 3 47926 0 55
966 47971 56 4 48027 0 56
951 48067 34 3 48101 0 34
634 47979 76 1 48137 82 158
714 47749 80 3 48155 326 406
803 48157 48 2 48205 0 48
875 48186 68 3 48273 19 87
285 48296 82 4 48378 0 82
932 48419 74 4 48493 0 74
521 47702 84 1 48511 725 809
852 46830 85 3 48571 1656 1741
577 48648 55 4 48703 0 55
748 48745 53 4 48798 0 53
274 48661 65 3 48821 95 160
268 48624 69 3 48866 173 242
238 48906 30 4 48936 0 30
248 48625 72 4 48968 271 343
984 49032 57 4 49089 0 57
119 48800 76 2 49101 225 301
306 48472 86 3 49134 576 662
11 49234 47 4 49281 0 47
808 49167 75 3 49289 47 122
481 49313 70 4 49383 0 70
931 49415 36 4 49451 0 36
965 49395 47 4 49478 36 83
371 49524 69 3 49593 0 69
716 49594 54 3 49648 0 54
827 49652 64 3 49716 0 64
48 49449 74 4 49739 216 290
754 49799 48 3 49847 0 48
182 49611 76 3 49863 176 252
969 49868 55 4 49923 0 55
42 49965 74 2 50039 0 74
547 50051 36 4 50087 0 36
361 50043 60 4 50139 36 96
79 50160 44 4 50204 0 44
764 49706 77 1 50209 426 503
555 50298 53 4 50351 0 53
729 50236 65 4 50354 53 118
168 50272 76 3 50430 82 158
475 49640 81 3 50484 763 844
767 49803 86 4 50570 681 767
683 50597 66 3 50663 0 66
684 50675 54 4 50729 0 54
96 50647 71 4 50788 70 141
963 50605 82 4 50870 183 265
670 50895 56 4 50951 0 56
155 50997 72 3 51069 0 72
103 50826 83 2 51093 184 267
755 51121 82 3 51203 0 82
862 51038 83 2 51246 125 208
879 51167 84 4 51330 79 163
243 47200 87 4 51433 4146 4233
71 47939 87 4 51434 3408 3495
512 51357 87 4 51495 51 138
307 51591 43 3 51634 0 43
571 51667 34 3 51701 0 34
615 51591 65 1 51733 77 142
298 51562 66 1 51770 142 208
227 51499 81 1 51788 208 289
490 51920 36 4 51956 0 36
946 51892 57 3 51985 36 93
804 52018 66 1 52084 0 66
677 52080 67 1 52151 4 71
83 51863 71 4 52160 226 297
843 49666 87 3 52168 2415 2502
536 44428 88 3 52168 7652 7740
838 44027 88 3 52168 8053 8141
897 40720 88 3 52168 11360 11448
43 52241 48 2 52289 0 48
530 52228 67 4 52343 48 115
365 52278 70 3 52413 65 135
284 52408 77 1 52490 5 82
163 52529 42 4 52571 0 42
27 52615 41 3 52656 0 41
1 52534 57 4 52669 78 135
789 52502 69 4 52711 140 209
644 52749 39 2 52788 0 39
229 52768 47 3 52835 20 67
239 52863 49 3 52912 0 49
659 52803 64 3 52948 81 145
194 52864 70 4 53018 84 154
604 52988 79 3 53097 30 109
916 53120 63 4 53183 0 63
899 52591 80 1 53202 531 611
496 53227 44 2 53271 0 44
682 52347 81 2 53315 887 968
613 53338 61 4 53399 0 61
287 53454 59 2 53513 0 59
39 52756 82 4 53517 679 761
868 53531 27 2 53558 0 27
865 53610 76 3 53686 0 76
348 53691 67 4 53758 0 67
224 53528 77 4 53775 170 247
611 53843 62 4 53905 0 62
497 53909 37 4 53946 0 37
795 54015 48 4 54063 0 48
844 54012 64 3 54124 48 112
821 54120 73 4 54197 4 77
207 53983 76 2 54244 185 261
283 54258 40 4 54298 0 40
584 54214 80 3 54364 70 150
187 54420 54 3 54474 0 54
742 54400 71 4 54525 54 125
384 53919 81 3 54533 533 614
123 54675 36 4 54711 0 36
605 54631 44 4 54711 36 80
534 54591 64 4 54735 80 144
387 54727 65 3 54800 8 73
336 54838 49 4 54887 0 49
46 54901 66 3 54967 0 66
210 54808 73 3 54996 115 188
441 52344 82 3 55054 2628 2710
185 53758 82 3 55077 1237 1319
948 53808 82 3 55093 1203 1285
296 55117 45 2 55162 0 45
448 55118 64 4 55226 44 108
312 55169 65 2 55291 57 122
266 55282 74 1 55365 9 83
322 55098 77 4 55423 248 325
253 52738 83 4 55501 2680 2763
560 55533 65 4 55598 0 65
657 53340 83 1 55649 2226 2309
516 55829 33 4 55862 0 33
115 55816 64 2 55913 33 97
845 55310 84 3 55914 520 604
849 53449 84 3 55914 2381 2465
445 55990 50 2 56040 0 50
524 55926 78 1 56054 50 128
625 56077 56 4 56133 0 56
474 56146 56 1 56202 0 56
805 56093 73 3 56262 96 169
894 52672 87 4 56314 3555 3642
141 56341 56 4 56397 0 56
756 54199 87 3 56457 2171 2258
233 56494 66 4 56560 0 66
379 56579 34 3 56613 0 34
763 56637 28 3 56665 0 28
412 56686 72 4 56758 0 72
131 56488 79 2 56767 200 279
447 56806 51 4 56857 0 51
567 56869 46 1 56915 0 46
884 56871 54 1 56969 44 98
467 56983 55 3 57038 0 55
147 56888 77 3 57101 136 213
964 56786 80 2 57149 283 363
370 57186 49 4 57235 0 49
686 57046 83 4 57281 152 235
975 57332 48 2 57380 0 48
585 57400 47 4 57447 0 47
374 57340 60 1 57487 87 147
856 57302 81 3 57538 155 236
127 57039 85 4 57602 478 563
378 57639 68 4 57707 0 68
411 57695 79 1 57786 12 91
154 57695 83 1 57869 91 174
885 57950 53 4 58003 0 53
872 57887 78 2 58018 53 131
425 57879 80 3 58090 131 211
262 57921 81 1 58171 169 250
82 58184 58 4 58242 0 58
153 58244 51 3 58295 0 51
704 58275 57 2 58352 20 77
504 58381 57 2 58438 0 57
835 58203 64 4 58471 204 268
882 58509 58 4 58567 0 58
541 58619 61 4 58680 0 61
718 58563 71 4 58699 65 136
896 58731 55 4 58786 0 55
377 58727 57 4 58839 55 112
887 58371 72 1 58845 402 474
606 58881 34 4 58915 0 34
831 58528 77 4 58956 351 428
67 58737 78 4 59034 219 297
169 58297 86 4 59120 737 823
880 40213 88 3 59127 18826 18914
978 59181 58 1 59239 0 58
107 54531 88 3 59243 4624 4712
993 47058 88 3 59272 12126 12214
493 50637 88 2 59360 8635 8723
515 59365 58 4 59423 0 58
47 59522 52 3 59574 0 52
91 59578 63 2 59641 0 63
494 59482 80 3 59677 115 195
509 38703 88 1 59701 20910 20998
610 59738 84 4 59822 0 84
836 59858 63 4 59921 0 63
800 59899 69 4 59990 22 91
707 59787 87 1 60041 167 254
98 60062 74 4 60136 0 74
957 59872 88 3 60203 243 331
52 60207 61 4 60268 0 61
551 47246 89 4 60316 12981 13070
664 60371 63 1 60434 0 63
54 60497 63 2 60560 0 63
6 52091 89 3 60620 8440 8529
674 42309 89 3 60620 18222 18311
525 60687 76 4 60763 0 76
419 60789 49 3 60838 0 49
433 60862 35 2 60897 0 35
329 60944 52 2 60996 0 52
500 60992 58 3 61054 4 62
308 60866 66 1 61073 141 207
402 61034 71 3 61144 39 110
780 61123 74 3 61218 21 95
297 61334 65 3 61399 0 65
259 61291 77 2 61433 65 142
162 60805 84 4 61480 591 675
995 61214 84 4 61504 206 290
237 61638 59 1 61697 0 59
277 61748 47 4 61795 0 47
641 61613 79 4 61798 106 185
408 61832 41 3 61873 0 41
113 61127 84 3 61897 686 770
678 61342 84 3 61898 472 556
824 61945 59 3 62004 0 59
762 61925 77 2 62061 59 136
778 61911 84 4 62131 136 220
526 62153 69 3 62222 0 69
991 62288 62 4 62350 0 62
638 62265 66 4 62393 62 128
50 62402 56 2 62458 0 56
595 62433 61 3 62519 25 86
397 62508 71 3 62590 11 82
34 62240 73 3 62629 316 389
263 62711 68 1 62779 0 68
340 62338 84 4 62781 359 443
902 62784 47 3 62831 0 47
486 62858 54 4 62912 0 54
947 62534 84 3 62966 348 432
400 62967 48 2 63015 0 48
819 63078 44 2 63122 0 44
954 63132 44 1 63176 0 44
673 63216 44 4 63260 0 44
344 63195 73 1 63312 44 117
784 63045 82 4 63332 205 287
810 61501 85 4 63333 1747 1832
133 63345 79 3 63424 0 79
672 61038 85 1 63497 2374 2459
738 63554 83 4 63637 0 83
49 63721 72 4 63793 0 72
183 63786 73 1 63866 7 80
709 62446 86 4 63897 1365 1451
632 62612 86 4 63897 1199 1285
10 63994 53 3 64047 0 53
920 64010 66 3 64113 37 103
130 64165 56 4 64221 0 56
264 64265 38 2 64303 0 38
299 64184 63 4 64322 75 138
356 64306 81 3 64403 16 97
430 64500 67 4 64567 0 67
772 61457 87 4 64582 3038 3125
624 61489 87 4 64582 3006 3093
267 63608 87 4 64582 887 974
242 64676 51 1 64727 0 51
705 64620 87 3 64758 51 138
598 63469 88 4 64808 1251 1339
273 64856 57 3 64913 0 57
409 65001 38 3 65039 0 38
236 64954 48 4 65040 38 86
202 64918 64 3 65068 86 150
383 64926 76 3 65144 142 218
817 64929 80 1 65224 215 295
26 65212 81 4 65305 12 93
802 65320 68 4 65388 0 68
302 64084 88 3 65408 1236 1324
552 65580 42 3 65622 0 42
355 44518 89 2 65740 21133 21222
698 54573 89 2 65740 11078 11167
631 60006 89 2 65740 5645 5734
75 63726 89 2 65802 1987 2076
309 49942 89 2 65802 15771 15860
543 36343 90 4 65997 29564 29654
825 66013 59 2 66072 0 59
587 66117 59 2 66176 0 59
630 66258 38 3 66296 0 38
109 66250 58 2 66346 38 96
140 46391 90 4 66415 19934 20024
925 43924 90 4 66415 22401 22491
41 52353 90 4 66415 13972 14062
531 48152 90 4 66415 18173 18263
650 41749 90 3 66505 24666 24756
73 45053 90 2 66685 21542 21632
929 42264 90 2 66685 24331 24421
354 66761 88 3 66849 0 88
627 65018 90 2 66863 1755 1845
479 66884 36 4 66920 0 36
394 66946 44 3 66990 0 44
385 67016 78 3 67094 0 78
464 66899 80 1 67122 143 223
980 67052 83 1 67205 70 153
546 67232 52 1 67284 0 52
796 67312 76 4 67388 0 76
863 59199 90 1 67492 8203 8293
540 47905 90 1 67492 19497 19587
864 67540 55 3 67595 0 55
315 67501 80 3 67636 55 135
582 67644 44 3 67688 0 44
850 67821 27 4 67848 0 27
15 67960 46 4 68006 0 46
439 58918 91 4 68017 9008 9099
776 62371 91 4 68017 5555 5646
184 39629 91 4 68017 28297 28388
293 68136 79 2 68215 0 79
922 43755 91 4 68278 24432 24523
391 51753 91 4 68278 16434 16525
557 68331 40 4 68371 0 40
900 68289 64 2 68393 40 104
369 68301 75 4 68468 92 167
710 68298 76 2 68544 170 246
829 68321 83 2 68627 223 306
602 68481 84 3 68711 146 230
919 68717 65 4 68782 0 65
781 68720 89 1 68871 62 151
491 68933 25 1 68958 0 25
853 49590 91 4 68970 19289 19380
775 69051 67 3 69118 0 67
502 68987 84 3 69138 67 151
303 51482 91 3 69303 17730 17821
108 52061 91 3 69303 17151 17242
436 50583 91 3 69394 18720 18811
994 45583 91 2 69485 23811 23902
574 69535 53 2 69588 0 53
197 69591 76 3 69667 0 76
352 69528 77 3 69734 129 206
857 69757 60 2 69817 0 60
209 69528 82 4 69876 266 348
33 56120 91 1 69924 13713 13804
736 69944 79 4 70023 0 79
719 70066 51 2 70117 0 51
921 70038 78 4 70167 51 129
774 70260 44 3 70304 0 44
566 70206 68 3 70318 44 112
457 70338 86 2 70424 0 86
476 42258 92 4 70606 28256 28348
59 53574 92 4 70606 16940 17032
97 44368 92 4 70606 26146 26238
918 44357 92 4 70790 26341 26433
728 44277 92 4 70790 26421 26513
345 70831 91 3 70922 0 91
170 70951 90 4 71041 0 90
362 63083 92 4 71063 7888 7980
787 71203 41 4 71244 0 41
960 67798 92 3 71288 3398 3490
513 40818 92 3 71288 30378 30470
204 71316 72 1 71388 0 72
798 60207 92 3 71544 11245 11337
324 51609 92 3 71544 19843 19935
214 71584 88 4 71672 0 88
687 71719 30 1 71749 0 30
363 71694 72 4 71796 30 102
458 39127 92 3 71826 32607 32699
708 71907 55 1 71962 0 55
451 59593 92 2 72157 12472 12564
752 53053 92 2 72157 19012 19104
735 52954 92 2 72157 19111 19203
939 72164 80 4 72244 0 80
226 72252 34 4 72286 0 34
495 53386 92 2 72363 18885 18977
55 50233 92 1 72547 22222 22314
717 47906 92 1 72547 24549 24641
489 72565 52 3 72617 0 52
828 72624 48 2 72672 0 48
347 72573 56 4 72721 92 148
690 72737 86 3 72823 0 86
809 72997 49 4 73046 0 49
148 73204 63 4 73267 0 63
740 73165 67 4 73295 63 130
583 73206 67 3 73362 89 156
898 70148 93 4 73407 3166 3259
160 61401 93 4 73407 11913 12006
968 60891 93 4 73407 12423 12516
65 62535 93 4 73407 10779 10872
934 57879 93 4 73500 15528 15621
424 73581 62 4 73643 0 62
222 73513 92 3 73667 62 154
822 73760 72 4 73832 0 72
325 73882 77 4 73959 0 77
471 73954 82 2 74041 5 87
956 74072 51 2 74123 0 51
886 74012 90 3 74182 80 170
4 66844 93 3 74212 7275 7368
12 44251 93 3 74212 29868 29961
78 74338 75 4 74413 0 75
744 49258 93 3 74473 25122 25215
215 63881 93 3 74473 10499 10592
782 74480 29 2 74509 0 29
788 74497 88 2 74597 12 100
326 74639 89 2 74728 0 89
501 38334 93 2 74958 36531 36624
997 52762 93 2 74958 22103 22196
143 48460 93 2 74958 26405 26498
23 74962 68 4 75030 0 68
167 75108 47 4 75155 0 47
590 75129 49 3 75204 26 75
31 75216 74 4 75290 0 74
61 75158 76 4 75354 120 196
395 50757 93 2 75365 24515 24608
648 75442 53 4 75495 0 53
666 75497 52 3 75549 0 52
974 75577 47 3 75624 0 47
715 75566 59 4 75672 47 106
399 75562 62 4 75730 106 168
941 75489 72 4 75787 226 298
928 75479 88 3 75875 308 396
700 55936 93 1 75891 19862 19955
768 75937 73 4 76010 0 73
813 76264 65 2 76329 0 65
56 76448 68 3 76516 0 68
626 76471 79 4 76595 45 124
970 76590 88 3 76683 5 93
191 76729 62 4 76791 0 62
172 76768 68 3 76859 23 91
599 76934 38 3 76972 0 38
416 77047 60 4 77107 0 60
80 77069 60 1 77167 38 98
635 77111 74 1 77241 56 130
572 46449 94 4 77283 30740 30834
691 60360 94 4 77284 16830 16924
257 50005 94 4 77284 27185 27279
746 69530 94 4 77284 7660 7754
554 53620 94 4 77284 23570 23664
276 57181 94 4 77284 20009 20103
151 67325 94 4 77284 9865 9959
522 52076 94 3 77378 25208 25302
461 77382 71 2 77453 0 71
375 77476 40 2 77516 0 40
390 77569 57 4 77626 0 57
342 77538 71 4 77666 57 128
288 77394 84 3 77705 227 311
959 53027 94 2 77795 24674 24768
90 77842 35 4 77877 0 35
454 51272 94 1 77924 26558 26652
173 77952 47 3 77999 0 47
152 77936 61 3 78044 47 108
360 78133 40 4 78173 0 40
373 78064 85 2 78189 40 125
895 78219 93 3 78312 0 93
304 78317 86 2 78403 0 86
911 78465 45 4 78510 0 45
135 78571 41 2 78612 0 41
694 78569 76 3 78686 41 117
129 78608 76 1 78762 78 154
532 78514 91 2 78798 193 284
986 78826 66 4 78892 0 66
955 78907 36 3 78943 0 36
812 78481 94 3 78990 415 509
260 79007 31 4 79038 0 31
734 79136 93 3 79229 0 93
799 37203 95 4 79523 42225 42320
562 66963 95 4 79578 12520 12615
488 63635 95 4 79580 15850 15945
962 75777 95 4 79783 3911 4006
282 61694 95 4 79863 18074 18169
466 55488 95 4 79863 24280 24375
389 70851 95 4 79877 8931 9026
542 79938 43 1 79981 0 43
870 79979 89 4 80070 2 91
873 53054 95 4 80107 26958 27053
470 52173 95 4 80122 27854 27949
190 42200 95 4 80146 37851 37946
544 36644 95 4 80162 43423 43518
134 80302 78 4 80380 0 78
576 80357 89 4 80469 23 112
14 80681 69 2 80750 0 69
121 80755 72 2 80827 0 72
732 80965 89 4 81054 0 89
658 81147 49 4 81196 0 49
3 81205 89 4 81294 0 89
93 59012 95 3 81350 22243 22338
85 45859 95 3 81350 35396 35491
771 49731 95 3 81350 31524 31619
157 42773 95 3 81350 38482 38577
806 66686 95 3 81362 14581 14676
203 43444 95 3 81362 37823 37918
446 44260 95 3 81362 37007 37102
139 57373 95 2 81647 24179 24274
213 72102 95 2 81647 9450 9545
724 50237 95 2 81647 31315 31410
438 81694 59 2 81753 0 59
811 81810 57 3 81867 0 57
568 81891 37 2 81928 0 37
330 81896 65 1 81993 32 97
444 82084 89 4 82173 0 89
702 35744 95 1 82224 46385 46480
407 71499 95 1 82234 10640 10735
63 54651 95 1 82234 27488 27583
261 82261 75 1 82336 0 75
662 82492 57 3 82549 0 57
74 82564 56 3 82620 0 56
913 82445 84 2 82642 113 197
305 82676 62 4 82738 0 62
332 48766 95 1 82758 33897 33992
914 61785 95 1 82758 20878 20973
212 82945 68 3 83013 0 68
223 82882 74 3 83024 68 142
945 54785 96 4 83092 28211 28307
386 38635 96 4 83092 44361 44457
484 83158 75 3 83233 0 75
72 57374 96 4 83359 25889 25985
380 41014 96 4 83359 42249 42345
235 83534 69 3 83603 0 69
866 52830 96 3 83620 30694 30790
440 47534 96 3 83620 35990 36086
769 34237 96 3 83621 49288 49384
558 72016 96 2 83813 11701 11797
350 34755 96 2 83813 48962 49058
200 81333 96 2 83909 2480 2576
840 84015 55 2 84070 0 55
930 84151 58 4 84209 0 58
64 46387 96 1 84214 37731 37827
278 46159 96 1 84214 37959 38055
221 84371 60 4 84431 0 60
747 84546 82 2 84628 0 82
95 84631 93 4 84724 0 93
414 84761 63 4 84824 0 63
158 45381 97 4 84900 39422 39519
19 59365 97 4 84900 25438 25535
535 39075 97 4 84900 45728 45825
286 43483 97 4 84900 41320 41417
1000 58003 97 4 84997 26897 26994
818 55813 97 3 85191 29281 29378
877 42823 97 3 85191 42271 42368
518 85397 26 4 85423 0 26
848 62866 97 2 85605 22642 22739
86 49935 97 2 85605 35573 35670
578 39882 97 2 85605 45626 45723
339 40286 97 2 85605 45222 45319
291 85686 63 4 85749 0 63
328 47307 97 2 85765 38361 38458
462 44403 97 1 85862 41362 41459
514 65601 98 4 85960 20261 20359
671 85968 63 2 86031 0 63
483 65306 98 3 86415 21011 21109
570 43570 98 3 86415 42747 42845
890 34362 98 3 86415 51955 52053
13 52668 98 3 86415 33649 33747
594 46860 98 2 86611 39653 39751
507 38079 98 2 86611 48434 48532
317 86685 71 3 86756 0 71
892 58740 98 2 86780 27942 28040
983 35278 98 1 86976 51600 51698
450 80434 98 1 86976 6444 6542
889 37022 99 4 87174 50053 50152
675 57276 99 4 87174 29799 29898
125 87234 26 4 87260 0 26
381 87393 61 3 87454 0 61
76 87486 52 3 87538 0 52
510 87443 98 2 87604 63 161
612 62148 99 4 87708 25461 25560
301 85514 99 4 87708 2095 2194
442 45899 99 4 87708 41710 41809
199 87712 33 3 87745 0 33
230 87891 84 2 87975 0 84
579 87817 89 1 87990 84 173
8 54460 99 3 88211 33652 33751
220 40499 99 3 88211 47613 47712
924 60169 99 3 88211 27943 28042
761 54285 99 2 88706 34322 34421
188 42109 99 2 88706 46498 46597
538 70815 99 2 88706 17792 17891
915 69212 99 2 88706 19395 19494
280 77433 99 2 88706 11174 11273
815 45077 99 1 88805 43629 43728
343 47350 100 4 89105 41655 41755
435 53985 100 4 89105 35020 35120
311 41607 100 4 89105 47398 47498
791 85785 100 4 89205 3320 3420
794 44970 100 3 89305 44235 44335
846 89513 98 4 89611 0 98
519 61682 100 2 89703 27921 28021
463 53037 100 2 89703 36566 36666
38 41852 100 2 89703 47751 47851
245 39508 100 1 89903 50295 50395
164 42118 100 1 89903 47685 47785
926 89915 88 4 90003 0 88
368 90745 97 3 90842 0 97
111 90729 99 3 90925 97 196
953 91082 83 4 91165 0 83
783 91506 91 2 91597 0 91
656 91972 70 4 92042 0 70
333 92278 91 4 92369 0 91
2 92645 69 4 92714 0 69
770 92606 90 2 92765 69 159
241 93349 50 1 93399 0 50
249 93639 73 4 93712 0 73
523 94094 92 4 94186 0 92
937 94318 83 3 94401 0 83
198 94456 58 4 94514 0 58
874 94627 99 1 94726 0 99
431 97232 77 4 97309 0 77
967 98217 78 4 98295 0 78
393 98300 81 4 98381 0 81
586 100000 64 3 100064 0 64
219 100000 74 4 100138 64 138
777 100000 89 3 100227 138 227
867 100000 91 3 100318 227 318
