100192 1000 125 79
852 0 30 4 30 0 30
212 0 60 2 90 30 90
70 0 43 4 133 90 133
700 0 25 4 158 133 158
136 0 25 4 183 158 183
616 0 55 1 238 183 238
205 0 65 2 303 238 303
61 0 38 2 341 303 341
295 182 22 1 364 160 182
240 899 72 1 971 0 72
442 1199 69 4 1268 0 69
438 1335 31 4 1366 0 31
207 3217 39 2 3256 0 39
326 3798 61 4 3859 0 61
894 5631 77 3 5708 0 77
195 5716 46 2 5762 0 46
178 6991 41 4 7032 0 41
423 9649 52 4 9701 0 52
234 9919 26 3 9945 0 26
44 9934 43 4 9989 12 55
900 10856 52 4 10908 0 52
121 11481 84 3 11565 0 84
233 11676 22 2 11698 0 22
3 11822 82 2 11904 0 82
921 11974 40 2 12014 0 40
137 12060 91 3 12151 0 91
388 12735 35 3 12770 0 35
671 12830 51 3 12881 0 51
394 13337 21 2 13358 0 21
581 13417 31 3 13448 0 31
372 13733 57 4 13790 0 57
199 13788 45 4 13836 3 48
871 14071 20 2 14091 0 20
239 14099 36 3 14135 0 36
674 14801 49 3 14850 0 49
46 14854 32 2 14886 0 32
278 14974 48 4 15022 0 48
548 15054 64 2 15118 0 64
280 15179 53 3 15232 0 53
729 15375 48 4 15423 0 48
898 15696 33 4 15729 0 33
158 16001 54 2 16055 0 54
361 16068 27 4 16095 0 27
844 16213 52 4 16265 0 52
771 16507 76 2 16583 0 76
65 16566 50 3 16634 18 68
899 16819 32 2 16851 0 32
353 16829 53 2 16905 23 76
684 17101 50 4 17151 0 50
192 17196 78 4 17274 0 78
291 17233 29 2 17304 42 71
791 17269 20 2 17324 35 55
925 17371 84 4 17455 0 84
762 17412 21 4 17477 44 65
633 17629 50 4 17679 0 50
191 17681 98 4 17779 0 98
834 17724 26 1 17806 56 82
498 18000 50 3 18050 0 50
761 18091 77 3 18168 0 77
522 18184 52 3 18236 0 52
339 18202 85 2 18322 35 120
322 18285 66 2 18389 38 104
978 18339 50 2 18440 51 101
659 18615 23 2 18638 0 23
775 19009 57 4 19066 0 57
323 19286 68 4 19354 0 68
642 19738 34 4 19772 0 34
337 19779 23 4 19802 0 23
258 19906 43 3 19949 0 43
757 20010 31 2 20041 0 31
383 20037 49 4 20091 5 54
827 20368 36 3 20404 0 36
739 20725 71 3 20796 0 71
354 20843 22 2 20865 0 22
920 21003 52 3 21055 0 52
206 21013 61 3 21117 43 104
380 21022 64 2 21181 95 159
754 21040 31 2 21212 141 172
165 21152 35 4 21248 61 96
1000 21174 50 4 21298 74 124
813 21324 89 3 21413 0 89
759 21587 40 3 21627 0 40
782 21839 42 2 21881 0 42
767 21970 64 3 22034 0 64
712 22026 27 2 22062 9 36
296 22142 67 3 22209 0 67
400 22145 50 1 22260 65 115
816 22216 52 3 22313 45 97
564 22238 45 3 22358 75 120
214 22366 78 1 22444 0 78
931 22367 24 4 22469 78 102
451 22477 26 3 22503 0 26
320 23148 37 1 23185 0 37
645 23247 74 2 23321 0 74
709 23258 38 3 23360 64 102
366 23284 66 1 23426 76 142
721 23351 50 3 23477 76 126
26 23484 36 4 23520 0 36
966 23505 36 2 23557 16 52
90 23667 45 4 23712 0 45
88 23848 84 3 23932 0 84
67 23892 57 3 23990 41 98
444 24051 59 3 24110 0 59
13 24117 45 4 24162 0 45
622 24135 34 2 24197 28 62
967 24141 31 1 24228 56 87
805 24277 42 4 24319 0 42
587 24314 63 4 24383 6 69
298 24397 82 1 24479 0 82
94 24423 50 4 24530 57 107
431 24492 26 4 24557 39 65
525 24592 39 2 24631 0 39
228 24634 41 3 24675 0 41
854 24778 34 4 24812 0 34
572 24894 70 3 24964 0 70
133 24984 44 2 25028 0 44
259 25534 30 4 25564 0 30
553 25659 21 4 25680 0 21
358 25671 38 3 25719 10 48
879 25675 40 3 25759 44 84
509 25700 62 4 25822 60 122
678 25852 73 4 25925 0 73
661 25944 27 4 25971 0 27
19 26006 89 3 26095 0 89
607 26117 59 1 26176 0 59
197 26126 47 2 26224 51 98
130 26222 48 4 26273 3 51
268 26314 49 4 26363 0 49
495 26332 34 3 26398 32 66
640 26793 28 2 26821 0 28
424 26834 72 2 26906 0 72
248 26837 30 4 26937 70 100
947 26869 24 4 26961 68 92
131 26880 54 3 27015 81 135
149 26925 45 3 27061 91 136
408 26925 74 3 27135 136 210
896 27090 47 3 27183 46 93
669 27096 89 1 27272 87 176
122 27230 68 4 27341 43 111
643 27482 64 4 27546 0 64
792 27529 87 2 27634 18 105
331 27750 23 3 27773 0 23
699 27819 22 3 27841 0 22
668 27844 61 2 27905 0 61
21 27905 38 3 27944 1 39
232 27951 42 3 27993 0 42
343 28010 39 1 28049 0 39
389 28071 70 4 28141 0 70
824 28169 35 1 28204 0 35
954 28174 83 4 28288 31 114
749 28274 45 4 28334 15 60
392 28377 84 1 28461 0 84
154 28442 22 4 28484 20 42
346 28517 59 3 28576 0 59
285 28718 61 3 28779 0 61
467 28742 47 2 28827 38 85
648 28850 24 4 28874 0 24
602 28876 28 3 28904 0 28
654 28970 43 4 29013 0 43
478 29006 31 3 29045 8 39
922 29119 38 1 29157 0 38
187 29418 41 2 29459 0 41
55 29433 72 3 29532 27 99
927 29501 70 4 29603 32 102
151 29749 51 4 29800 0 51
229 29832 25 4 29857 0 25
725 29963 47 3 30010 0 47
174 29973 48 1 30059 38 86
97 30059 26 3 30086 1 27
412 30076 36 2 30123 11 47
949 30244 59 4 30303 0 59
188 30337 42 4 30379 0 42
533 30397 22 2 30419 0 22
838 30429 52 3 30481 0 52
601 30463 21 3 30503 19 40
455 30561 22 4 30583 0 22
881 30729 44 1 30773 0 44
727 30746 21 4 30795 28 49
996 30805 74 3 30879 0 74
686 31108 57 4 31165 0 57
976 31289 43 4 31332 0 43
972 31439 59 3 31498 0 59
936 31587 31 4 31618 0 31
692 31645 36 3 31681 0 36
649 31849 74 1 31923 0 74
483 31856 64 2 31988 68 132
449 31915 51 4 32039 73 124
596 32010 44 3 32084 30 74
254 32036 54 1 32138 48 102
52 32196 80 2 32276 0 80
637 32286 47 3 32333 0 47
574 32365 74 4 32439 0 74
865 32508 24 4 32532 0 24
182 32566 21 3 32587 0 21
304 32573 22 2 32610 15 37
230 32719 62 1 32781 0 62
84 32897 58 4 32955 0 58
440 33033 47 4 33080 0 47
385 33037 63 3 33144 44 107
631 33060 48 3 33192 84 132
515 33089 26 2 33219 104 130
944 33097 30 3 33249 122 152
717 33210 23 2 33273 40 63
937 33219 84 2 33357 54 138
437 33430 54 4 33484 0 54
685 33451 23 2 33508 34 57
299 33682 43 3 33725 0 43
327 33739 48 4 33787 0 48
16 33791 58 3 33849 0 58
265 33942 40 4 33982 0 40
663 34063 21 3 34084 0 21
565 34088 27 4 34115 0 27
836 34127 24 3 34151 0 24
419 34242 67 2 34309 0 67
770 34288 65 3 34375 22 87
504 34321 23 4 34399 55 78
422 34666 44 2 34710 0 44
347 34763 20 4 34783 0 20
93 34775 78 3 34862 9 87
959 34839 22 3 34885 24 46
682 34852 69 2 34954 33 102
845 34888 65 1 35020 67 132
903 34888 24 3 35044 132 156
276 34971 32 2 35077 74 106
80 35129 28 4 35157 0 28
371 35217 45 4 35262 0 45
363 35247 55 4 35318 16 71
665 35319 46 1 35365 0 46
595 35420 29 4 35449 0 29
839 35512 23 2 35535 0 23
317 35600 31 2 35631 0 31
217 35714 30 2 35744 0 30
524 35802 23 4 35825 0 23
349 35814 61 3 35887 12 73
539 35846 27 2 35915 42 69
808 35852 37 3 35952 63 100
223 35942 42 1 35995 11 53
448 35973 48 3 36044 23 71
588 36016 28 1 36073 29 57
175 36029 33 2 36106 44 77
348 36103 34 2 36141 4 38
906 36148 34 4 36182 0 34
886 36275 48 4 36323 0 48
707 36296 29 4 36353 28 57
840 36376 64 3 36440 0 64
436 36663 44 3 36707 0 44
530 36752 59 4 36811 0 59
957 36761 22 2 36834 51 73
905 36836 45 1 36881 0 45
991 36845 29 4 36911 37 66
540 36911 76 3 36988 1 77
884 36980 80 3 37069 9 89
140 37001 33 4 37103 69 102
537 37028 20 4 37123 75 95
528 37082 75 3 37199 42 117
224 37088 28 3 37227 111 139
970 37103 42 3 37269 124 166
738 37171 31 4 37301 99 130
330 37206 66 4 37367 95 161
514 37337 27 3 37395 31 58
469 37412 33 4 37445 0 33
463 37586 22 4 37608 0 22
758 37738 44 4 37782 0 44
632 37782 63 4 37846 1 64
58 37796 37 3 37884 51 88
547 37797 52 4 37936 87 139
735 37798 31 3 37967 138 169
718 37868 30 2 37998 100 130
819 37913 37 2 38035 85 122
732 38237 72 1 38309 0 72
817 38305 75 2 38385 5 80
306 38364 24 4 38410 22 46
218 38385 46 3 38456 25 71
744 38394 78 3 38535 63 141
885 38440 24 3 38559 95 119
823 38732 48 4 38780 0 48
940 38828 25 1 38853 0 25
889 38842 27 4 38881 12 39
802 38884 81 3 38965 0 81
378 38910 51 4 39017 56 107
873 38987 44 3 39062 31 75
272 39006 42 1 39104 56 98
935 39039 51 4 39156 66 117
170 39087 70 4 39226 69 139
517 39117 33 4 39260 110 143
185 39426 26 2 39452 0 26
211 39479 79 1 39558 0 79
734 39534 90 3 39649 25 115
742 39540 43 4 39692 109 152
760 39635 62 2 39755 58 120
256 39687 32 1 39787 68 100
38 39793 70 3 39863 0 70
658 39968 35 4 40003 0 35
748 39976 31 3 40035 28 59
965 39995 61 4 40096 40 101
929 40021 65 2 40162 76 141
803 40036 37 1 40199 126 163
670 40137 35 2 40235 63 98
407 40149 46 3 40281 86 132
901 40167 53 4 40334 114 167
580 40200 62 2 40396 134 196
2 40220 43 3 40440 177 220
54 40222 56 3 40496 218 274
479 40240 62 4 40558 256 318
249 40254 22 2 40580 304 326
435 40293 39 1 40619 287 326
277 40353 70 3 40689 266 336
173 40393 50 2 40739 296 346
915 40406 55 4 40795 334 389
851 40440 34 3 40829 355 389
20 40494 24 3 40853 335 359
697 40529 44 2 40897 324 368
877 40553 43 3 40940 344 387
484 40656 64 3 41004 284 348
611 40739 46 3 41050 265 311
862 40744 29 4 41080 307 336
208 40744 23 3 41103 336 359
635 40745 46 1 41149 358 404
51 40946 41 1 41190 203 244
427 40964 47 3 41237 226 273
489 40970 44 3 41281 267 311
562 41013 78 2 41359 268 346
119 41085 42 1 41402 275 317
260 41130 36 2 41438 272 308
604 41217 41 3 41479 221 262
145 41222 51 3 41530 257 308
315 41258 24 4 41554 272 296
476 41434 26 4 41581 121 147
932 41498 52 4 41633 83 135
787 41565 40 3 41674 69 109
379 41574 20 4 41694 100 120
314 41590 32 2 41726 104 136
78 41662 27 4 41754 65 92
253 41727 36 3 41790 27 63
737 41733 30 3 41821 58 88
494 41859 38 2 41897 0 38
128 41877 38 4 41936 21 59
867 41889 62 2 41998 47 109
77 42013 24 3 42037 0 24
252 42071 89 4 42160 0 89
421 42208 70 4 42278 0 70
270 42383 25 4 42408 0 25
430 42461 32 2 42493 0 32
166 42545 22 2 42567 0 22
473 42545 25 3 42592 22 47
335 42580 61 3 42654 13 74
290 42658 27 4 42685 0 27
812 42690 71 4 42761 0 71
667 42765 40 4 42805 0 40
99 42812 49 4 42861 0 49
696 42813 63 2 42925 49 112
690 42880 89 4 43015 46 135
502 42957 21 2 43037 59 80
50 43102 56 4 43158 0 56
420 43116 39 3 43198 43 82
990 43185 21 4 43220 14 35
552 43202 58 4 43279 19 77
653 43223 30 3 43310 57 87
866 43242 32 3 43342 68 100
35 43268 72 2 43414 74 146
492 43327 21 4 43436 88 109
507 43411 25 3 43461 25 50
497 43415 33 2 43494 46 79
977 43443 88 1 43583 52 140
364 43527 70 1 43654 57 127
859 43528 23 3 43677 126 149
569 43535 23 2 43700 142 165
705 43563 39 4 43739 137 176
403 43605 23 3 43763 135 158
850 43658 31 3 43794 105 136
694 43704 45 3 43839 90 135
146 43763 65 3 43905 77 142
895 43850 65 3 43971 56 121
255 43917 25 4 43997 55 80
764 43966 24 1 44021 31 55
168 44030 22 3 44052 0 22
92 44075 31 4 44106 0 31
843 44244 26 3 44270 0 26
157 44253 29 3 44300 18 47
45 44289 62 3 44363 12 74
300 44348 27 3 44391 16 43
941 44407 44 2 44451 0 44
390 44442 42 3 44494 10 52
818 44487 79 3 44574 8 87
875 44524 92 1 44667 51 143
511 44554 28 1 44695 113 141
750 44594 30 2 44726 102 132
943 44659 43 1 44769 67 110
599 44930 58 4 44988 0 58
826 44932 50 3 45039 57 107
666 44965 24 4 45063 74 98
302 44979 22 4 45085 84 106
608 44981 38 4 45123 104 142
219 45095 43 4 45167 29 72
883 45131 21 4 45189 37 58
541 45203 47 4 45250 0 47
76 45206 36 2 45287 45 81
41 45289 22 1 45311 0 22
104 45342 56 1 45398 0 56
215 45560 41 3 45601 0 41
755 45606 64 2 45670 0 64
344 45781 44 4 45825 0 44
381 45907 23 4 45930 0 23
556 46097 52 3 46149 0 52
618 46179 54 2 46233 0 54
861 46193 47 3 46281 41 88
620 46234 39 3 46320 47 86
373 46289 54 3 46375 32 86
312 46292 26 4 46401 83 109
220 46411 81 4 46492 0 81
981 46508 57 3 46565 0 57
171 46531 33 3 46599 35 68
912 46692 57 2 46749 0 57
753 46715 55 2 46805 35 90
307 46737 81 4 46886 68 149
114 46781 52 4 46939 106 158
359 46804 23 3 46962 135 158
720 46835 24 4 46986 127 151
853 46847 43 3 47029 139 182
23 46856 21 2 47050 173 194
75 46925 63 2 47114 126 189
570 46936 69 3 47183 178 247
568 46984 87 2 47270 199 286
743 46993 50 3 47320 277 327
623 47011 37 4 47357 309 346
387 47165 37 3 47395 193 230
913 47240 56 3 47451 155 211
29 47270 36 2 47487 181 217
369 47342 81 4 47568 145 226
924 47366 52 4 47621 203 255
549 47381 50 3 47671 240 290
247 47397 46 4 47717 274 320
458 47474 52 4 47769 243 295
434 47495 21 4 47790 274 295
193 47509 22 4 47812 281 303
952 47511 45 3 47857 301 346
395 47564 33 1 47890 293 326
677 47649 30 2 47921 242 272
983 47670 28 2 47949 251 279
543 47732 25 4 47974 217 242
710 47800 53 3 48027 174 227
814 47811 56 3 48083 216 272
245 47825 84 4 48167 258 342
993 47893 98 3 48266 275 373
695 47979 28 2 48294 287 315
186 47984 29 2 48323 310 339
53 48017 62 2 48385 306 368
908 48246 35 3 48421 140 175
512 48352 25 2 48446 69 94
869 48370 67 4 48513 76 143
745 48420 20 3 48534 94 114
790 48440 53 2 48587 94 147
499 48505 34 4 48621 82 116
496 48522 46 2 48668 100 146
382 48585 52 4 48720 83 135
250 48611 42 4 48762 109 151
454 48719 41 3 48804 44 85
273 48777 29 4 48834 28 57
164 48945 45 4 48990 0 45
848 48964 31 3 49022 27 58
181 48979 57 2 49079 43 100
100 48984 31 3 49110 95 126
529 48997 33 4 49144 114 147
916 49026 29 3 49173 118 147
141 49103 20 4 49193 70 90
471 49117 20 3 49214 77 97
406 49126 24 2 49238 88 112
951 49233 20 4 49259 6 26
621 49289 30 2 49319 0 30
627 49292 32 2 49352 28 60
554 49292 37 2 49389 60 97
731 49383 26 4 49416 7 33
519 49383 23 2 49439 33 56
713 49432 66 2 49506 8 74
139 49453 76 4 49583 54 130
647 49563 44 3 49628 21 65
961 49566 26 3 49654 62 88
310 49674 27 3 49701 0 27
774 49720 26 1 49746 0 26
177 49728 53 3 49800 19 72
605 49751 26 3 49827 50 76
615 49764 22 2 49849 63 85
619 49805 45 4 49895 45 90
630 49880 48 3 49944 16 64
39 50022 38 4 50060 0 38
804 50063 21 4 50084 0 21
683 50144 35 4 50179 0 35
57 50188 27 1 50215 0 27
457 50206 59 4 50275 10 69
108 50221 38 4 50314 55 93
129 50277 61 3 50376 38 99
402 50364 42 2 50419 13 55
902 50389 27 2 50447 31 58
409 50417 54 2 50501 30 84
566 50418 33 3 50534 83 116
998 50508 47 4 50582 27 74
81 50563 29 4 50612 20 49
634 50578 52 2 50664 34 86
521 50595 76 3 50741 70 146
741 50640 93 4 50834 101 194
176 50662 52 3 50886 172 224
849 50728 53 2 50940 159 212
672 50756 39 4 50979 184 223
351 50821 35 4 51014 158 193
987 50878 21 2 51035 136 157
660 50896 26 4 51062 140 166
79 50952 48 1 51110 110 158
578 50954 55 2 51165 156 211
897 50965 64 3 51229 200 264
313 50979 23 3 51252 250 273
795 50985 53 4 51305 267 320
161 51047 35 4 51341 259 294
510 51078 43 1 51384 263 306
190 51108 83 4 51467 276 359
763 51141 67 4 51534 326 393
472 51164 51 3 51585 370 421
934 51184 81 1 51666 401 482
415 51219 53 3 51719 447 500
18 51230 69 3 51788 489 558
155 51267 60 4 51848 521 581
86 51317 43 2 51892 532 575
882 51377 26 2 51918 515 541
115 51480 76 3 51994 438 514
919 51490 28 4 52022 504 532
765 51491 74 1 52096 531 605
856 51491 48 4 52144 605 653
950 51497 32 3 52176 647 679
995 51629 36 3 52212 547 583
786 51633 39 3 52251 579 618
159 51698 31 3 52282 553 584
152 51708 28 4 52310 574 602
711 51716 52 4 52362 594 646
401 51737 22 3 52384 625 647
153 51811 94 3 52478 573 667
251 51815 59 4 52537 663 722
85 51847 36 3 52573 690 726
342 52022 30 4 52604 552 582
657 52066 33 3 52637 538 571
275 52109 54 1 52691 528 582
636 52152 30 4 52721 539 569
855 52199 85 2 52806 522 607
305 52245 20 3 52826 561 581
443 52290 75 4 52901 536 611
4 52429 25 3 52926 472 497
583 52503 57 4 52983 423 480
874 52508 33 4 53016 475 508
460 52516 47 3 53063 500 547
287 52578 54 4 53118 486 540
24 52781 28 3 53146 337 365
286 52915 37 2 53183 231 268
579 53040 63 3 53246 143 206
561 53085 49 4 53296 162 211
169 53112 71 2 53367 184 255
857 53168 50 4 53417 199 249
911 53204 61 2 53478 213 274
459 53287 51 1 53530 192 243
118 53361 80 1 53610 169 249
244 53404 66 4 53676 206 272
780 53418 28 3 53704 258 286
560 53456 36 4 53740 248 284
606 53483 78 4 53819 258 336
196 53491 70 2 53889 328 398
64 53514 25 2 53914 375 400
821 53636 22 3 53936 278 300
384 53646 83 2 54019 290 373
14 53705 28 2 54047 314 342
626 53791 58 3 54106 257 315
822 53794 77 4 54183 312 389
163 53953 40 3 54223 230 270
63 53956 70 4 54293 267 337
311 54003 39 1 54332 290 329
960 54005 42 4 54374 327 369
95 54058 50 4 54425 317 367
868 54147 27 2 54452 278 305
221 54233 44 4 54496 219 263
837 54266 25 3 54521 230 255
246 54363 95 3 54616 158 253
486 54386 32 1 54649 231 263
518 54484 82 2 54731 165 247
673 54494 29 3 54760 237 266
982 54531 44 2 54804 229 273
747 54558 65 3 54869 246 311
693 54617 59 4 54928 252 311
138 54708 64 2 54993 221 285
688 54746 24 3 55017 247 271
542 54836 54 2 55071 181 235
612 54942 23 4 55095 130 153
365 54967 31 1 55126 128 159
266 54975 40 4 55166 151 191
464 55017 31 2 55197 149 180
571 55031 26 4 55223 166 192
316 55047 61 3 55284 176 237
878 55133 39 3 55324 152 191
31 55172 90 4 55414 152 242
203 55202 28 3 55442 212 240
892 55208 30 2 55472 234 264
474 55218 58 4 55530 254 312
106 55432 33 3 55564 99 132
610 55579 20 4 55599 0 20
452 55580 62 3 55662 20 82
405 55623 37 4 55700 40 77
500 55624 43 2 55743 76 119
505 55632 69 1 55812 111 180
597 55705 28 3 55841 108 136
465 55708 24 4 55865 133 157
321 55722 24 4 55889 143 167
831 55848 24 4 55914 42 66
324 55891 51 4 55966 24 75
36 55919 35 4 56002 48 83
261 55925 55 3 56057 77 132
25 55977 55 3 56113 81 136
12 56147 29 4 56176 0 29
124 56245 81 4 56326 0 81
638 56260 72 3 56399 67 139
289 56386 36 3 56436 14 50
56 56398 29 4 56465 38 67
470 56445 73 4 56539 21 94
708 56489 38 3 56578 51 89
22 56527 28 1 56606 51 79
948 56620 37 3 56657 0 37
485 56651 72 3 56730 7 79
235 56681 65 3 56796 50 115
772 56706 30 1 56826 90 120
147 56778 28 2 56855 49 77
433 56807 73 4 56928 48 121
876 56969 51 2 57020 0 51
194 56970 79 3 57100 51 130
391 57058 70 2 57171 43 113
27 57102 30 3 57202 70 100
117 57142 44 3 57246 60 104
82 57318 23 3 57341 0 23
274 57356 29 4 57385 0 29
768 57357 62 4 57448 29 91
103 57390 39 4 57488 59 98
73 57395 29 2 57517 93 122
520 57422 22 3 57539 95 117
6 57478 45 4 57585 62 107
870 57533 35 2 57620 52 87
979 57559 28 4 57649 62 90
968 57606 38 2 57687 43 81
835 57628 52 4 57740 60 112
493 57723 38 2 57779 18 56
628 57751 40 4 57820 29 69
797 57755 65 4 57885 65 130
918 57802 44 3 57930 84 128
42 57850 55 2 57985 80 135
150 57976 89 2 58075 10 99
425 58140 25 2 58165 0 25
532 58146 66 3 58232 20 86
222 58175 29 3 58262 58 87
241 58342 48 1 58390 0 48
999 58376 47 4 58438 15 62
281 58378 29 3 58467 60 89
651 58403 51 2 58519 65 116
801 58433 56 1 58575 86 142
462 58493 29 4 58605 83 112
28 58565 21 2 58626 40 61
475 58580 36 3 58663 47 83
872 58623 52 2 58715 40 92
49 58667 47 3 58763 49 96
887 58683 20 2 58783 80 100
30 58723 38 3 58822 61 99
33 58773 38 2 58860 49 87
575 58774 53 4 58913 86 139
523 58778 76 1 58989 135 211
810 58802 74 2 59064 188 262
112 58936 40 1 59104 128 168
516 59006 54 4 59159 99 153
715 59098 49 4 59208 61 110
7 59170 73 4 59282 39 112
681 59173 71 4 59353 109 180
788 59185 57 2 59410 168 225
526 59215 45 4 59456 196 241
545 59274 66 4 59522 182 248
809 59275 33 4 59555 247 280
160 59278 91 3 59646 277 368
594 59327 44 2 59690 319 363
590 59337 37 4 59727 353 390
964 59450 83 4 59811 278 361
706 59514 33 2 59844 297 330
332 59529 34 4 59878 315 349
183 59600 38 4 59916 278 316
162 59648 88 3 60004 268 356
841 59771 59 3 60064 234 293
689 59788 45 4 60109 276 321
236 59876 35 2 60144 233 268
746 59934 49 4 60193 210 259
68 60024 41 3 60235 170 211
559 60029 32 1 60267 206 238
582 60032 20 2 60287 235 255
910 60099 49 4 60336 188 237
842 60282 64 4 60401 55 119
832 60290 58 4 60459 111 169
352 60443 34 4 60494 17 51
830 60515 37 1 60552 0 37
675 60724 24 4 60748 0 24
189 60725 34 2 60783 24 58
701 60809 53 3 60862 0 53
994 61003 68 3 61071 0 68
204 61073 37 2 61110 0 37
396 61126 69 3 61195 0 69
974 61134 27 4 61223 62 89
904 61169 40 4 61263 54 94
413 61177 26 3 61289 86 112
946 61217 24 3 61314 73 97
410 61249 42 3 61356 65 107
127 61257 36 3 61392 99 135
971 61282 70 3 61462 110 180
172 61294 66 3 61529 169 235
923 61294 23 4 61552 235 258
294 61345 26 4 61578 207 233
501 61462 46 3 61624 116 162
555 61486 42 4 61667 139 181
156 61526 60 4 61727 141 201
815 61599 24 4 61751 128 152
404 61613 57 4 61808 138 195
301 61755 24 4 61833 54 78
584 61766 71 3 61904 67 138
714 61785 57 3 61961 119 176
639 61803 24 2 61985 158 182
96 61810 76 4 62062 176 252
551 61947 32 4 62094 115 147
105 61968 58 3 62152 126 184
481 62024 35 4 62188 129 164
563 62039 21 2 62209 149 170
328 62054 60 3 62269 155 215
933 62072 67 4 62336 197 264
269 62294 47 3 62384 43 90
143 62363 34 4 62419 22 56
864 62377 76 4 62495 42 118
468 62430 50 3 62546 66 116
1 62472 42 2 62588 74 116
890 62501 42 2 62631 88 130
350 62536 37 4 62668 95 132
225 62619 36 2 62705 50 86
703 62644 77 3 62782 61 138
148 62692 38 4 62821 91 129
144 62735 37 4 62858 86 123
319 62749 33 2 62891 109 142
988 62771 77 2 62968 120 197
416 62848 92 4 63061 121 213
411 62856 21 2 63082 205 226
113 62919 30 2 63112 163 193
891 62922 40 4 63152 190 230
776 62949 24 4 63176 203 227
62 62989 36 1 63213 188 224
825 62999 24 3 63237 214 238
362 63130 46 4 63283 107 153
135 63304 42 3 63346 0 42
126 63314 21 2 63368 33 54
71 63382 59 4 63441 0 59
47 63409 36 4 63478 33 69
702 63440 71 3 63549 38 109
807 63687 44 4 63731 0 44
985 63714 66 2 63798 18 84
417 63728 58 1 63856 70 128
368 63828 33 1 63890 29 62
418 63999 24 3 64023 0 24
544 64036 55 3 64091 0 55
110 64076 29 1 64121 16 45
928 64109 63 3 64185 13 76
184 64199 66 1 64265 0 66
777 64276 34 3 64310 0 34
167 64308 20 3 64331 3 23
284 64343 64 2 64407 0 64
799 64345 68 2 64476 63 131
89 64471 21 3 64498 6 27
288 64563 32 4 64595 0 32
60 64571 81 4 64677 25 106
309 64623 26 4 64704 55 81
783 64682 27 4 64732 23 50
37 64946 79 3 65025 0 79
546 65010 48 4 65074 16 64
142 65146 40 3 65186 0 40
360 65195 46 4 65241 0 46
123 65331 62 1 65393 0 62
938 65352 59 4 65453 42 101
506 65423 49 4 65503 31 80
428 65769 74 4 65843 0 74
942 65872 46 4 65918 0 46
909 65950 24 4 65974 0 24
356 65951 41 2 66016 24 65
917 66011 24 3 66041 6 30
374 66020 27 1 66069 22 49
333 66090 57 4 66147 0 57
527 66098 77 4 66225 50 127
992 66142 69 2 66294 83 152
798 66166 36 3 66331 129 165
87 66190 29 2 66360 141 170
793 66228 52 4 66412 132 184
8 66251 28 2 66440 161 189
779 66350 61 2 66502 91 152
958 66379 24 2 66526 123 147
613 66472 32 3 66559 55 87
376 66496 36 1 66595 63 99
216 66500 26 4 66621 95 121
34 66534 24 2 66646 88 112
446 66572 33 2 66679 74 107
109 66595 42 4 66721 84 126
650 66738 22 1 66760 0 22
719 66743 26 2 66787 18 44
213 66941 22 3 66963 0 22
132 66958 56 4 67020 6 62
769 67151 31 4 67182 0 31
267 67167 41 2 67224 16 57
538 67309 63 4 67372 0 63
461 67377 34 1 67411 0 34
59 67387 35 2 67447 25 60
955 67439 22 1 67470 9 31
609 67652 33 1 67685 0 33
227 67766 35 4 67801 0 35
680 67789 28 4 67830 13 41
536 67827 51 4 67882 4 55
655 67896 73 4 67969 0 73
414 67912 42 4 68012 58 100
789 67996 31 2 68044 17 48
794 68056 26 4 68082 0 26
577 68238 72 1 68310 0 72
292 68241 85 4 68396 70 155
989 68245 49 3 68445 151 200
120 68315 46 4 68492 131 177
963 68548 38 3 68586 0 38
730 68615 28 3 68643 0 28
833 68704 81 3 68785 0 81
728 68784 71 3 68857 2 73
262 68975 29 3 69004 0 29
984 69023 84 2 69107 0 84
550 69104 72 4 69180 4 76
679 69290 33 4 69323 0 33
600 69318 52 3 69376 6 58
242 69412 22 3 69434 0 22
491 69454 60 4 69514 0 60
398 69532 90 2 69622 0 90
664 69778 45 3 69823 0 45
179 69787 50 4 69874 37 87
863 69868 68 2 69943 7 75
907 69928 30 3 69974 16 46
341 69979 67 1 70046 0 67
800 69984 58 4 70105 63 121
102 70015 84 2 70189 90 174
125 70102 24 4 70214 88 112
751 70175 42 2 70256 39 81
336 70202 38 3 70295 55 93
340 70264 24 4 70320 32 56
283 70318 70 1 70391 3 73
740 70339 28 2 70420 53 81
202 70352 61 4 70481 68 129
17 70591 52 4 70643 0 52
591 70680 63 3 70743 0 63
716 70686 30 3 70774 58 88
107 70789 66 2 70855 0 66
263 70825 22 4 70878 31 53
617 70881 28 2 70909 0 28
829 70936 59 1 70995 0 59
318 71000 63 4 71063 0 63
386 71011 30 3 71094 53 83
726 71085 33 4 71128 10 43
329 71145 25 2 71170 0 25
766 71587 67 4 71654 0 67
271 71683 43 4 71726 0 43
201 71723 36 2 71763 4 40
257 72048 62 2 72110 0 62
756 72099 84 3 72195 12 96
860 72194 24 3 72220 2 26
687 72351 23 4 72374 0 23
778 72395 43 4 72438 0 43
198 72529 32 1 72561 0 32
535 72561 29 4 72591 1 30
806 72595 78 3 72673 0 78
573 72631 32 2 72706 43 75
98 72797 44 2 72841 0 44
598 72860 28 3 72888 0 28
297 72877 78 3 72967 12 90
585 72984 35 4 73019 0 35
439 73045 37 3 73082 0 37
375 73097 83 3 73180 0 83
66 73312 32 2 73344 0 32
888 73541 55 4 73596 0 55
629 73549 32 4 73629 48 80
180 73618 24 4 73654 12 36
603 73670 70 4 73740 0 70
134 73709 81 3 73822 32 113
969 73743 61 2 73884 80 141
15 74010 62 3 74072 0 62
698 74151 53 4 74204 0 53
567 74492 46 1 74538 0 46
83 74561 27 3 74588 0 27
74 74567 45 2 74634 22 67
445 74595 21 2 74656 40 61
243 74715 22 4 74737 0 22
722 75023 56 2 75079 0 56
111 75337 53 1 75390 0 53
592 75348 23 2 75414 43 66
589 75361 83 2 75497 53 136
781 75524 23 1 75547 0 23
736 75577 54 3 75631 0 54
303 75858 41 3 75899 0 41
209 75900 23 2 75923 0 23
456 75915 35 2 75959 9 44
210 76011 48 3 76059 0 48
956 76012 80 2 76140 48 128
704 76222 88 4 76310 0 88
116 76290 43 4 76354 21 64
986 76306 78 3 76432 48 126
980 76377 45 1 76478 56 101
480 76525 25 3 76550 0 25
231 76743 54 2 76797 0 54
656 76845 76 2 76921 0 76
237 76854 54 4 76976 68 122
662 77041 24 4 77065 0 24
796 77188 75 3 77263 0 75
377 77240 44 2 77308 24 68
953 77244 36 2 77344 64 100
200 77350 32 3 77382 0 32
820 77444 85 1 77529 0 85
724 77460 43 1 77573 70 113
945 77681 49 3 77730 0 49
325 77698 61 3 77792 33 94
926 77772 20 4 77813 21 41
367 77791 21 2 77834 22 43
466 77870 24 2 77894 0 24
733 77950 23 3 77973 0 23
586 77971 29 3 78003 3 32
973 78343 35 1 78378 0 35
975 78639 77 2 78716 0 77
477 79032 37 4 79069 0 37
593 79192 29 2 79221 0 29
399 79317 57 1 79374 0 57
846 79358 68 1 79443 17 85
487 79376 50 4 79494 68 118
72 79453 33 3 79528 42 75
624 79520 24 4 79553 9 33
858 79606 49 4 79655 0 49
939 79634 23 3 79679 22 45
426 80089 23 1 80112 0 23
43 80691 52 1 80743 0 52
773 80823 29 4 80852 0 29
508 81502 67 4 81569 0 67
513 81527 67 2 81637 43 110
226 81774 36 4 81810 0 36
101 81838 43 2 81881 0 43
91 82020 70 3 82090 0 70
930 82293 41 3 82334 0 41
893 82357 39 1 82396 0 39
279 83005 29 4 83034 0 29
238 83035 48 4 83083 0 48
393 83264 21 3 83285 0 21
644 84107 45 4 84152 0 45
641 84417 28 3 84445 0 28
441 84508 25 3 84533 0 25
264 85011 21 3 85032 0 21
334 85087 30 2 85117 0 30
490 85166 78 3 85244 0 78
914 85253 42 2 85295 0 42
9 85478 28 1 85506 0 28
534 85998 30 3 86028 0 30
576 86421 20 3 86441 0 20
785 86426 29 3 86471 16 45
357 86938 40 2 86978 0 40
429 87454 33 2 87487 0 33
503 87677 29 4 87706 0 29
828 88290 61 3 88351 0 61
282 88546 61 3 88607 0 61
338 89122 21 2 89143 0 21
450 89163 41 3 89204 0 41
293 89243 27 1 89270 0 27
614 90147 42 4 90189 0 42
997 90232 20 4 90252 0 20
723 90439 59 3 90498 0 59
370 90866 36 2 90902 0 36
355 91032 53 1 91085 0 53
652 91295 26 3 91321 0 26
5 91317 79 2 91401 5 84
676 91639 44 1 91683 0 44
784 91916 49 4 91965 0 49
962 91974 44 3 92018 0 44
488 92298 32 2 92330 0 32
345 92448 26 3 92474 0 26
557 92511 69 2 92580 0 69
558 92628 25 1 92653 0 25
752 92822 48 4 92870 0 48
40 93325 25 3 93350 0 25
308 93651 51 3 93702 0 51
847 93915 28 4 93943 0 28
482 94586 78 4 94664 0 78
646 94795 57 2 94852 0 57
48 95010 26 4 95036 0 26
625 95275 34 2 95309 0 34
32 95604 44 4 95648 0 44
531 96026 72 1 96098 0 72
11 96448 21 4 96469 0 21
397 96499 80 4 96579 0 80
880 96954 22 4 96976 0 22
432 97890 63 4 97953 0 63
69 99579 29 3 99608 0 29
453 100000 30 4 100030 0 30
10 100000 45 3 100075 30 75
447 100000 34 2 100109 75 109
811 100000 46 2 100155 109 155
691 100000 37 3 100192 155 192
