96932 1000 101 54
102 33 25 2 58 0 25
589 161 39 1 200 0 39
847 184 50 2 250 16 66
434 259 52 4 311 0 52
406 353 25 2 378 0 25
706 347 31 4 403 25 56
624 404 24 4 428 0 24
157 375 39 4 466 52 91
277 508 21 1 529 0 21
751 376 43 2 530 111 154
191 423 55 3 585 107 162
604 485 68 1 653 100 168
597 731 26 3 757 0 26
836 715 43 4 784 26 69
791 702 49 4 820 69 118
7 832 25 4 857 0 25
288 838 53 3 910 19 72
362 945 29 4 974 0 29
712 908 60 4 999 31 91
325 491 69 4 1007 447 516
969 1038 30 3 1068 0 30
377 1091 85 4 1176 0 85
783 505 86 2 1208 617 703
941 1262 47 3 1309 0 47
614 1331 23 1 1354 0 23
557 1230 62 4 1362 70 132
250 1386 49 4 1435 0 49
828 1465 31 4 1496 0 31
184 1460 51 4 1542 31 82
889 1616 27 4 1643 0 27
243 1724 44 3 1768 0 44
195 1781 31 2 1812 0 31
653 1938 31 2 1969 0 31
173 1884 56 4 1971 31 87
671 1838 58 3 1983 87 145
448 1871 67 4 2050 112 179
408 2099 30 3 2129 0 30
31 2053 56 4 2139 30 86
884 1743 67 2 2164 354 421
581 2173 25 3 2198 0 25
161 2237 41 3 2278 0 41
666 2247 55 3 2333 31 86
688 2398 28 3 2426 0 28
66 2348 61 4 2437 28 89
978 2177 66 2 2449 206 272
649 2483 55 2 2538 0 55
796 2573 51 4 2624 0 51
701 2630 23 3 2653 0 23
309 2749 34 4 2783 0 34
944 2717 35 4 2786 34 69
947 2698 46 2 2813 69 115
392 2592 55 3 2817 170 225
481 2719 55 2 2872 98 153
667 2578 57 2 2929 294 351
488 2471 62 4 2944 411 473
728 2968 40 2 3008 0 40
295 2220 68 2 3030 742 810
467 3105 45 4 3150 0 45
873 3205 23 4 3228 0 23
675 3225 38 4 3266 3 41
668 3127 62 4 3273 84 146
972 2891 83 1 3281 307 390
550 3320 24 4 3344 0 24
386 3384 47 4 3431 0 47
782 3370 56 3 3473 47 103
278 3554 40 3 3594 0 40
747 3556 55 2 3649 38 93
471 3443 82 4 3650 125 207
493 3666 28 2 3694 0 28
4 3752 43 3 3795 0 43
655 3947 32 4 3979 0 32
925 3972 52 2 4031 7 59
943 4059 28 3 4087 0 28
563 3929 53 2 4094 112 165
222 4139 29 4 4168 0 29
39 4135 33 2 4197 29 62
359 4139 40 3 4237 58 98
92 4199 41 4 4278 38 79
216 4250 45 1 4323 28 73
339 4372 28 2 4400 0 28
110 4360 33 4 4421 28 61
438 4137 52 2 4436 247 299
373 4464 32 4 4496 0 32
136 4524 44 3 4568 0 44
364 4563 45 2 4613 5 50
509 4242 60 1 4617 315 375
357 3946 61 3 4637 630 691
768 4640 36 4 4676 0 36
621 4654 55 3 4731 22 77
15 4750 48 1 4798 0 48
210 4296 62 3 4838 480 542
534 4889 21 3 4910 0 21
98 4920 21 2 4941 0 21
181 4922 28 4 4969 19 47
813 4999 65 2 5064 0 65
35 4972 70 4 5107 65 135
27 5112 49 4 5161 0 49
961 4785 82 4 5174 307 389
942 5188 41 3 5229 0 41
766 5245 33 4 5278 0 33
46 5263 39 3 5317 15 54
208 5328 30 3 5358 0 30
918 5364 36 1 5400 0 36
154 5295 46 4 5429 88 134
425 5212 56 3 5469 201 257
308 5489 32 2 5521 0 32
703 5614 39 2 5653 0 39
169 5657 23 2 5680 0 23
205 5575 45 1 5682 62 107
586 5734 23 3 5757 0 23
968 5762 41 4 5803 0 41
300 5675 57 1 5803 71 128
986 5559 59 4 5846 228 287
591 5376 67 3 5855 412 479
716 5735 70 3 5925 120 190
361 5956 23 4 5979 0 23
47 5965 39 3 6018 14 53
886 5937 44 4 6043 62 106
596 5963 80 4 6123 80 160
378 6252 26 3 6278 0 26
798 6266 28 4 6306 12 40
954 4456 83 3 6317 1778 1861
870 5136 83 3 6317 1098 1181
575 6345 31 3 6376 0 31
755 6416 26 3 6442 0 26
907 6350 64 3 6466 52 116
924 6432 79 4 6545 34 113
739 6583 54 4 6637 0 54
287 6575 57 4 6686 54 111
927 4610 84 2 6712 2018 2102
899 6843 20 4 6863 0 20
748 6847 34 4 6905 24 58
606 6889 34 4 6931 8 42
61 6814 54 4 6956 88 142
562 6746 69 1 6957 142 211
266 6996 30 2 7026 0 30
387 7057 36 3 7093 0 36
950 7098 25 4 7123 0 25
771 7085 54 3 7172 33 87
19 6793 76 4 7178 309 385
83 7356 52 3 7408 0 52
227 7339 62 3 7453 52 114
220 7276 83 4 7473 114 197
825 7488 32 3 7520 0 32
347 7212 89 2 7530 229 318
602 7549 43 3 7592 0 43
734 7621 23 4 7644 0 23
619 7645 29 1 7674 0 29
926 7701 20 4 7721 0 20
992 7656 38 4 7750 56 94
180 7695 38 4 7770 37 75
551 7706 44 4 7814 64 108
399 7845 41 4 7886 0 41
674 7918 40 4 7958 0 40
776 7901 47 3 7988 40 87
646 7788 52 3 7994 154 206
914 8060 46 2 8106 0 46
799 8132 98 4 8230 0 98
527 8299 28 4 8327 0 28
579 8265 41 3 8334 28 69
971 8315 91 4 8425 19 110
632 8479 46 2 8525 0 46
684 8604 26 2 8630 0 26
470 8620 43 4 8673 10 53
949 8581 70 2 8720 69 139
935 8505 79 3 8743 159 238
95 8747 21 4 8768 0 21
217 8771 44 3 8815 0 44
678 8866 27 2 8893 0 27
554 8903 26 2 8929 0 26
424 8904 27 2 8956 25 52
394 8965 24 4 8989 0 24
165 9004 35 4 9039 0 35
352 8879 42 4 9047 126 168
934 9088 33 2 9121 0 33
745 8958 63 2 9143 122 185
778 9202 24 3 9226 0 24
255 9007 65 4 9232 160 225
521 9346 24 4 9370 0 24
1 9317 38 2 9379 24 62
911 9380 27 3 9407 0 27
162 9284 40 3 9413 89 129
879 9379 54 4 9467 34 88
187 8894 67 4 9482 521 588
682 9100 69 3 9551 382 451
913 8886 95 3 9646 665 760
960 9654 25 4 9679 0 25
390 9697 45 2 9742 0 45
442 9751 41 3 9792 0 41
433 9867 54 3 9921 0 54
998 9953 27 4 9980 0 27
736 9910 80 3 10028 38 118
26 10060 41 4 10101 0 41
363 10104 39 2 10143 0 39
171 10087 51 2 10191 53 104
787 10038 59 3 10228 131 190
981 10229 42 2 10271 0 42
476 10232 56 2 10327 39 95
402 10401 27 3 10428 0 27
104 10363 39 4 10429 27 66
677 10348 47 1 10461 66 113
9 10425 51 2 10512 36 87
328 10060 63 4 10553 430 493
650 10058 66 4 10619 495 561
478 10267 70 4 10689 352 422
976 10719 24 2 10743 0 24
199 10761 55 3 10816 0 55
200 10839 20 1 10859 0 20
643 10880 40 4 10920 0 40
651 10836 42 2 10938 60 102
356 10818 47 4 10967 102 149
84 11031 27 4 11058 0 27
198 10998 62 4 11087 27 89
975 11090 37 2 11127 0 37
293 11183 52 3 11235 0 52
625 10997 76 3 11251 178 254
332 10078 83 2 11254 1093 1176
753 11262 28 3 11290 0 28
246 11356 25 4 11381 0 25
539 11412 25 3 11437 0 25
740 11467 41 4 11508 0 41
453 11527 33 3 11560 0 33
209 11532 40 4 11600 28 68
489 11608 31 2 11639 0 31
282 11470 44 4 11656 142 186
224 11698 53 2 11751 0 53
866 11803 35 4 11838 0 35
159 11863 27 3 11890 0 27
422 11794 41 3 11897 62 103
566 11923 48 3 11971 0 48
790 11845 50 4 11995 100 150
627 12027 43 2 12070 0 43
192 12093 28 3 12121 0 28
317 12027 56 1 12154 71 127
464 12016 62 4 12205 127 189
235 11703 64 2 12205 438 502
141 12291 24 4 12315 0 24
256 12311 42 2 12357 4 46
792 12393 37 4 12430 0 37
360 12400 39 2 12469 30 69
692 12381 56 4 12513 76 132
254 12523 21 4 12544 0 21
49 12565 41 4 12606 0 41
696 12540 59 3 12644 45 104
977 12760 32 4 12792 0 32
494 12725 41 4 12836 70 111
54 12727 41 4 12839 71 112
202 12741 50 2 12889 98 148
170 12665 64 4 12893 164 228
160 12324 65 4 12903 514 579
568 12549 84 4 12987 354 438
229 11813 87 3 12988 1088 1175
272 13003 22 1 13025 0 22
963 13033 27 2 13060 0 27
312 13073 47 4 13120 0 47
43 13130 21 3 13151 0 21
857 13196 47 2 13243 0 47
318 13156 53 4 13256 47 100
370 13260 35 4 13295 0 35
340 13357 45 3 13402 0 45
263 13333 51 1 13429 45 96
166 13374 53 4 13482 55 108
393 13498 70 2 13568 0 70
297 13613 24 4 13637 0 24
330 13580 58 4 13662 24 82
512 13274 74 2 13670 322 396
178 13258 76 4 13744 410 486
952 13770 30 4 13800 0 30
371 13801 57 4 13858 0 57
513 13911 88 2 13999 0 88
213 14198 29 3 14227 0 29
490 14303 30 4 14333 0 30
486 14264 49 4 14343 30 79
14 14306 60 3 14403 37 97
13 14447 28 3 14475 0 28
441 14455 63 4 14538 20 83
932 14628 29 4 14657 0 29
197 14591 50 2 14670 29 79
343 14571 51 4 14701 79 130
121 14580 62 1 14763 121 183
451 14784 47 3 14831 0 47
827 14487 63 3 14840 290 353
658 14638 82 4 14922 202 284
838 14863 83 3 15005 59 142
327 15063 56 2 15119 0 56
629 15142 36 4 15178 0 36
875 15143 37 1 15215 35 72
542 15262 24 4 15286 0 24
869 15245 34 1 15303 24 58
498 15250 35 4 15338 53 88
57 15236 38 4 15367 93 131
695 15252 45 2 15412 115 160
473 15415 57 4 15472 0 57
545 15476 35 3 15511 0 35
829 15521 33 2 15554 0 33
285 15563 22 4 15585 0 22
100 15588 44 4 15632 0 44
189 15473 46 1 15653 134 180
284 15250 59 4 15708 399 458
680 15763 20 2 15783 0 20
988 15760 21 4 15801 20 41
107 15743 21 2 15805 41 62
647 15828 45 2 15873 0 45
3 15906 27 2 15933 0 27
484 15964 21 1 15985 0 21
823 15934 47 1 16002 21 68
585 16051 29 4 16080 0 29
196 16051 41 4 16121 29 70
786 15961 52 4 16124 111 163
761 16124 52 1 16176 0 52
313 15850 53 3 16195 292 345
414 16209 23 3 16232 0 23
41 16196 35 4 16254 23 58
841 16268 24 3 16292 0 24
840 16093 64 4 16341 184 248
896 15805 64 1 16382 513 577
974 15733 65 4 16437 639 704
461 16504 46 4 16550 0 46
895 16416 67 3 16550 67 134
685 16572 56 2 16628 0 56
236 15713 78 3 16664 873 951
244 16706 79 4 16785 0 79
603 15987 79 2 16822 756 835
806 16863 65 4 16928 0 65
81 16941 38 4 16979 0 38
664 15607 88 2 17008 1313 1401
615 17030 29 4 17059 0 29
600 17015 30 4 17074 29 59
70 17107 30 4 17137 0 30
129 17016 39 2 17143 88 127
660 17044 54 3 17197 99 153
315 17219 41 3 17260 0 41
702 17219 68 3 17328 41 109
204 17341 26 4 17367 0 26
631 17351 35 4 17402 16 51
273 17387 41 2 17443 15 56
240 17495 26 1 17521 0 26
45 17498 31 3 17552 23 54
883 17477 44 2 17578 57 101
610 17420 63 3 17607 124 187
553 17626 26 4 17652 0 26
718 17637 29 4 17681 15 44
275 17021 71 2 17698 606 677
286 17705 23 1 17728 0 23
21 17709 27 4 17755 19 46
436 17797 49 2 17846 0 49
663 17782 69 1 17900 49 118
528 17908 25 2 17933 0 25
775 17382 76 3 17967 509 585
612 18012 47 3 18059 0 47
735 18101 22 3 18123 0 22
503 18086 39 1 18147 22 61
322 17524 84 1 18159 551 635
905 18193 30 3 18223 0 30
705 18256 53 3 18309 0 53
179 18295 69 4 18378 14 83
334 18382 21 1 18403 0 21
214 18432 42 2 18474 0 42
867 18447 55 2 18529 27 82
904 18333 71 1 18567 163 234
201 17408 88 4 18588 1092 1180
726 18613 48 4 18661 0 48
496 18693 36 4 18729 0 36
331 18738 22 4 18760 0 22
52 18603 55 3 18764 106 161
403 18602 66 4 18829 161 227
570 18922 54 3 18976 0 54
997 18921 68 2 19043 54 122
816 19097 24 4 19121 0 24
608 19127 24 4 19151 0 24
68 19217 22 4 19239 0 22
743 19217 32 2 19271 22 54
59 19236 43 3 19314 35 78
593 19368 33 3 19401 0 33
910 19377 34 4 19435 24 58
722 19356 41 4 19464 67 108
920 19492 43 1 19535 0 43
955 19468 64 2 19575 43 107
119 19604 26 4 19630 0 26
398 19635 32 4 19667 0 32
30 19712 36 4 19748 0 36
151 19751 25 4 19776 0 25
797 19690 79 1 19830 61 140
142 19571 93 2 19866 202 295
633 19871 70 3 19941 0 70
881 19996 47 2 20043 0 47
93 19533 93 1 20076 450 543
348 20291 51 3 20342 0 51
469 20404 32 4 20436 0 32
428 20453 25 3 20478 0 25
894 20458 50 2 20528 20 70
133 20582 20 4 20602 0 20
697 20445 65 2 20605 95 160
426 20687 55 2 20742 0 55
672 20468 88 3 20748 192 280
6 20877 64 1 20941 0 64
569 21069 24 3 21093 0 24
269 21208 50 3 21258 0 50
559 21135 81 3 21266 50 131
520 21353 37 3 21390 0 37
113 21415 36 4 21451 0 36
487 21422 40 3 21491 29 69
416 21362 71 3 21537 104 175
694 21576 44 4 21620 0 44
238 21540 48 2 21632 44 92
258 21607 51 4 21683 25 76
544 21735 23 2 21758 0 23
725 21871 28 2 21899 0 28
807 21892 39 4 21938 7 46
87 21969 65 3 22034 0 65
174 22113 62 3 22175 0 62
723 22438 24 4 22462 0 24
381 22483 35 2 22518 0 35
333 22410 83 4 22552 59 142
785 22578 27 3 22605 0 27
853 22626 25 3 22651 0 25
676 22667 21 3 22688 0 21
773 22702 29 4 22731 0 29
423 22738 37 4 22775 0 37
8 22797 21 3 22818 0 21
302 22839 27 1 22866 0 27
648 22915 45 3 22960 0 45
132 22978 31 3 23009 0 31
922 22962 40 4 23033 31 71
11 23041 24 4 23065 0 24
549 23035 27 4 23086 24 51
65 22863 62 4 23095 170 232
526 23096 29 3 23125 0 29
645 23224 29 2 23253 0 29
802 23194 54 2 23277 29 83
382 23326 37 2 23363 0 37
301 23183 62 1 23365 120 182
892 23379 92 4 23471 0 92
85 23489 22 3 23511 0 22
912 23095 98 3 23518 325 423
319 23590 44 4 23634 0 44
877 23697 56 2 23753 0 56
874 23847 34 3 23881 0 34
310 23921 49 1 23970 0 49
902 23980 34 4 24014 0 34
417 24028 38 3 24066 0 38
384 24097 51 4 24148 0 51
531 24384 79 4 24463 0 79
38 24508 32 3 24540 0 32
518 24547 56 4 24603 0 56
480 24464 57 1 24609 88 145
103 24530 79 4 24688 79 158
230 24752 28 4 24780 0 28
572 24972 49 3 25021 0 49
321 24906 74 2 25029 49 123
262 25071 24 3 25095 0 24
937 25041 55 4 25120 24 79
903 25231 30 4 25261 0 30
991 25192 42 4 25264 30 72
980 25164 51 1 25287 72 123
190 25291 29 3 25320 0 29
880 25308 34 4 25354 12 46
443 25359 34 2 25393 0 34
595 25234 56 4 25440 150 206
844 25504 22 4 25526 0 22
225 25559 24 4 25583 0 24
28 25491 50 4 25587 46 96
99 25648 32 4 25680 0 32
226 25657 55 3 25735 23 78
413 25507 69 2 25743 167 236
683 25301 71 3 25763 391 462
73 25776 48 4 25824 0 48
577 25805 64 4 25888 19 83
618 25916 28 2 25944 0 28
994 25892 53 4 25973 28 81
497 25989 30 1 26019 0 30
78 25144 71 2 26037 822 893
69 26098 42 4 26140 0 42
106 25277 72 3 26151 802 874
354 24921 75 4 26190 1194 1269
856 26218 33 3 26251 0 33
172 25918 79 4 26302 305 384
109 26322 30 3 26352 0 30
863 26438 64 4 26502 0 64
367 26503 46 4 26549 0 46
831 26388 66 3 26564 110 176
375 26590 43 4 26633 0 43
241 26644 25 3 26669 0 25
578 25640 96 2 26672 936 1032
76 26700 45 4 26745 0 45
253 26802 62 3 26864 0 62
153 26869 59 2 26928 0 59
871 27025 36 4 27061 0 36
900 26982 56 4 27074 36 92
989 27087 43 4 27130 0 43
185 26986 67 4 27184 131 198
259 27203 28 2 27231 0 28
661 27282 26 2 27308 0 26
826 27359 29 3 27388 0 29
727 27363 34 1 27422 25 59
122 27306 54 4 27425 65 119
897 27446 26 3 27472 0 26
580 27425 75 2 27526 26 101
584 27581 38 4 27619 0 38
415 27621 29 4 27650 0 29
822 27533 57 2 27657 67 124
832 27681 44 4 27725 0 44
532 27729 34 4 27763 0 34
350 27773 25 3 27798 0 25
12 27754 34 3 27822 34 68
850 27804 41 4 27863 18 59
492 27656 71 4 27906 179 250
17 27969 30 4 27999 0 30
951 28034 63 3 28097 0 63
211 28191 31 3 28222 0 31
270 28255 58 2 28313 0 58
561 28331 42 4 28373 0 42
372 28376 32 4 28408 0 32
482 28521 57 1 28578 0 57
839 28685 36 3 28721 0 36
427 28716 46 4 28767 5 51
582 28631 54 2 28767 82 136
731 28810 27 3 28837 0 27
514 28793 39 1 28859 27 66
711 28812 44 4 28903 47 91
762 28927 61 4 28988 0 61
882 28630 90 3 29027 307 397
858 28700 94 3 29121 327 421
212 29201 38 2 29239 0 38
379 29186 64 1 29288 38 102
233 29338 21 2 29359 0 21
411 29326 31 4 29378 21 52
401 29263 66 3 29406 77 143
908 29451 62 3 29513 0 62
146 29312 73 4 29541 156 229
812 29444 78 3 29619 97 175
860 29834 25 3 29859 0 25
400 29926 27 4 29953 0 27
55 29901 41 2 29969 27 68
541 29935 59 4 30028 34 93
744 29870 82 4 30079 127 209
143 30184 62 1 30246 0 62
681 30252 24 4 30276 0 24
547 30333 51 3 30384 0 51
772 30398 42 4 30440 0 42
274 30291 87 4 30471 93 180
846 30531 26 3 30557 0 26
872 30602 40 4 30642 0 40
64 30689 46 4 30735 0 46
885 30649 55 4 30750 46 101
738 30773 46 2 30819 0 46
391 30883 53 3 30936 0 53
245 30938 21 4 30959 0 21
298 31149 59 4 31208 0 59
800 31276 42 4 31318 0 42
965 31311 69 3 31387 7 76
125 31389 46 3 31435 0 46
640 31126 94 3 31436 216 310
891 31486 21 2 31507 0 21
852 31484 22 2 31527 21 43
477 31719 21 3 31740 0 21
101 31717 25 4 31763 21 46
203 31816 40 2 31856 0 40
276 31774 81 3 31895 40 121
921 31899 40 2 31939 0 40
764 31781 88 4 32023 154 242
548 32084 80 3 32164 0 80
588 32216 21 3 32237 0 21
306 32378 42 4 32420 0 42
232 32488 41 4 32529 0 41
616 32648 40 4 32688 0 40
984 32617 75 3 32732 40 115
945 32740 23 2 32763 0 23
323 32744 29 1 32792 19 48
709 32908 25 2 32933 0 25
763 32965 58 2 33023 0 58
303 33029 32 4 33061 0 32
439 33089 46 4 33135 0 46
80 33136 37 3 33173 0 37
754 33239 40 3 33279 0 40
507 33249 42 3 33321 30 72
42 33355 30 4 33385 0 30
933 33334 38 2 33402 30 68
252 33422 32 3 33454 0 32
594 33237 78 3 33497 182 260
982 33534 42 3 33576 0 42
407 33592 37 4 33629 0 37
483 33629 38 4 33667 0 38
519 33646 40 3 33707 21 61
710 33647 63 3 33770 60 123
349 33837 59 3 33896 0 59
36 33710 83 3 33912 119 202
898 33946 32 4 33978 0 32
77 33985 79 4 34064 0 79
58 34208 25 4 34233 0 25
206 34194 62 4 34281 25 87
888 34284 43 3 34327 0 43
183 34375 24 3 34399 0 24
560 34503 23 4 34526 0 23
721 34486 44 2 34553 23 67
445 34584 26 2 34610 0 26
344 34619 25 1 34644 0 25
71 34526 85 3 34689 78 163
820 34782 36 2 34818 0 36
529 34842 34 4 34876 0 34
472 34760 58 3 34888 70 128
326 34907 35 4 34942 0 35
592 34988 74 4 35062 0 74
760 35074 33 4 35107 0 33
533 35082 36 4 35143 25 61
801 34963 76 4 35182 143 219
338 35196 23 1 35219 0 23
32 34877 81 3 35246 288 369
769 35357 65 4 35422 0 65
793 35546 68 4 35614 0 68
662 35637 29 4 35666 0 29
139 35714 22 3 35736 0 22
194 35784 38 4 35822 0 38
843 35795 48 2 35870 27 75
574 35728 60 4 35882 94 154
164 35960 68 3 36028 0 68
811 35978 69 4 36097 50 119
564 36313 24 4 36337 0 24
444 36300 39 3 36363 24 63
397 36370 23 4 36393 0 23
641 36335 42 1 36428 51 93
53 36311 53 3 36481 117 170
134 36494 32 3 36526 0 32
23 36533 39 4 36572 0 39
341 36507 84 3 36649 58 142
138 36849 48 3 36897 0 48
446 36950 60 2 37010 0 60
946 37144 35 3 37179 0 35
590 37186 21 4 37207 0 21
939 37235 49 3 37284 0 49
817 37120 59 2 37284 105 164
248 37364 24 4 37388 0 24
454 37342 27 4 37393 24 51
940 37190 62 4 37397 145 207
505 37239 62 3 37459 158 220
345 37411 64 4 37523 48 112
936 37555 24 2 37579 0 24
223 37606 37 2 37643 0 37
118 37606 38 2 37681 37 75
140 37204 65 3 37687 418 483
720 37091 67 3 37725 567 634
979 37787 43 4 37830 0 43
251 37344 73 3 37841 424 497
750 37845 39 4 37884 0 39
124 37996 30 3 38026 0 30
281 37983 45 3 38058 30 75
63 38098 59 3 38157 0 59
654 38259 50 4 38309 0 50
501 38486 61 2 38547 0 61
789 38525 63 1 38610 22 85
719 38540 72 1 38682 70 142
149 38709 41 3 38750 0 41
292 38908 28 2 38936 0 28
887 38933 58 2 38994 3 61
280 39073 29 1 39102 0 29
239 39174 28 2 39202 0 28
385 39174 47 2 39249 28 75
876 39228 52 2 39301 21 73
730 39561 62 3 39623 0 62
152 39586 75 3 39698 37 112
389 39704 34 4 39738 0 34
37 39723 35 1 39773 15 50
459 39481 86 1 39773 206 292
849 39879 52 4 39931 0 52
485 39856 53 2 39961 52 105
628 40225 62 4 40287 0 62
156 40306 26 4 40332 0 26
337 40344 62 4 40406 0 62
112 40578 55 4 40633 0 55
60 40659 34 4 40693 0 34
845 40675 54 2 40747 18 72
299 40985 78 4 41063 0 78
864 41097 83 3 41180 0 83
126 41245 27 4 41272 0 27
985 41205 47 3 41279 27 74
717 41355 52 1 41407 0 52
638 41473 50 1 41523 0 50
405 41364 80 3 41537 93 173
636 41633 66 3 41699 0 66
462 41881 67 2 41948 0 67
995 41970 47 3 42017 0 47
724 42027 73 2 42100 0 73
409 42328 37 3 42365 0 37
96 42432 24 4 42456 0 24
40 42459 52 3 42511 0 52
938 42544 58 4 42602 0 58
556 42488 73 3 42642 81 154
962 42678 96 4 42774 0 96
499 42863 28 3 42891 0 28
693 42981 21 3 43002 0 21
795 43016 58 4 43074 0 58
466 43137 46 3 43183 0 46
948 43246 27 1 43273 0 27
708 43327 26 3 43353 0 26
324 43314 51 4 43391 26 77
830 43395 38 1 43433 0 38
758 43500 24 3 43524 0 24
447 43720 67 3 43787 0 67
617 43873 30 4 43903 0 30
75 43889 51 2 43954 14 65
44 43990 35 3 44025 0 35
999 44061 58 3 44119 0 58
810 43986 64 4 44143 93 157
388 44186 32 1 44218 0 32
431 44398 36 4 44434 0 36
781 44371 62 2 44469 36 98
108 44555 35 4 44590 0 35
193 44591 41 4 44632 0 41
546 44800 30 4 44830 0 30
155 44848 21 2 44869 0 21
687 44846 61 3 44928 21 82
729 44991 22 1 45013 0 22
901 44956 53 4 45031 22 75
366 45038 22 2 45060 0 22
779 45062 28 4 45090 0 28
449 45056 33 4 45121 32 65
865 45101 34 2 45155 20 54
430 45117 36 4 45191 38 74
123 45046 45 4 45236 145 190
5 45055 47 2 45283 181 228
450 45351 22 4 45373 0 22
609 45354 75 4 45448 19 94
630 45827 24 4 45851 0 24
565 45804 28 1 45856 24 52
737 45865 57 3 45922 0 57
506 45995 63 3 46058 0 63
805 46098 35 3 46133 0 35
67 46198 30 4 46228 0 30
351 46157 45 4 46232 30 75
91 46272 44 3 46316 0 44
33 46463 57 4 46532 12 69
990 46508 57 4 46577 12 69
890 46675 23 4 46698 0 23
404 46679 53 2 46751 19 72
851 46829 50 4 46879 0 50
74 47024 21 2 47045 0 21
510 47049 28 4 47077 0 28
314 46969 59 3 47077 49 108
305 47439 46 4 47485 0 46
218 47545 27 2 47572 0 27
752 47531 45 3 47603 27 72
576 47612 49 2 47661 0 49
24 47641 50 3 47711 20 70
956 47728 50 2 47778 0 50
741 47806 48 4 47854 0 48
421 47778 58 3 47884 48 106
689 47892 49 3 47941 0 49
804 47910 53 2 47994 31 84
601 47542 61 4 48021 418 479
756 48049 44 2 48093 0 44
16 48138 27 4 48165 0 27
127 48242 20 4 48262 0 20
859 48216 50 4 48286 20 70
10 48325 33 4 48358 0 33
929 48267 81 2 48400 52 133
837 48464 24 4 48488 0 24
307 48446 75 4 48545 24 99
383 48606 53 3 48659 0 53
818 48751 73 4 48824 0 73
620 48885 66 2 48951 0 66
455 48956 45 2 49001 0 45
815 49028 35 3 49063 0 35
116 49408 47 2 49455 0 47
336 49590 85 4 49675 0 85
607 49709 32 2 49741 0 32
794 49694 38 4 49764 32 70
639 49703 53 2 49817 61 114
893 49977 30 3 50007 0 30
279 49950 71 2 50051 30 101
508 50159 63 4 50222 0 63
523 50345 54 3 50399 0 54
148 50736 28 4 50764 0 28
117 50806 49 4 50855 0 49
707 50893 72 4 50965 0 72
257 50995 28 4 51023 0 28
504 51086 46 4 51132 0 46
29 51027 79 4 51152 46 125
158 51383 52 3 51435 0 52
634 51569 33 3 51602 0 33
291 51631 26 2 51657 0 26
665 51541 59 4 51659 59 118
22 51500 64 4 51682 118 182
819 51736 26 2 51762 0 26
105 51775 30 2 51805 0 30
916 51739 32 4 51824 53 85
186 51726 50 2 51864 88 138
365 51835 65 1 51929 29 94
587 52260 97 4 52357 0 97
231 52513 34 4 52547 0 34
524 52526 43 2 52590 21 64
605 52719 53 4 52772 0 53
809 52986 21 2 53007 0 21
704 53017 26 3 53043 0 26
699 52915 83 2 53045 47 130
770 53104 49 3 53153 0 49
114 53197 53 1 53250 0 53
147 53246 63 4 53313 4 67
759 53351 48 4 53399 0 48
714 53395 58 1 53457 4 62
463 53516 20 4 53536 0 20
435 53612 27 4 53639 0 27
691 54048 36 4 54084 0 36
163 54493 45 4 54538 0 45
491 54525 58 2 54596 13 71
833 54743 85 4 54828 0 85
517 54941 34 4 54975 0 34
583 55011 32 3 55043 0 32
131 55235 33 4 55268 0 33
656 55349 36 4 55385 0 36
242 55448 24 3 55472 0 24
418 55568 27 4 55595 0 27
540 55699 53 4 55752 0 53
89 55847 59 2 55906 0 59
380 56016 54 4 56070 0 54
928 56090 42 1 56132 0 42
543 56136 53 4 56189 0 53
642 56036 62 4 56227 129 191
368 56038 72 4 56299 189 261
320 56393 53 3 56446 0 53
458 56474 21 2 56495 0 21
732 56667 28 1 56695 0 28
342 56699 31 3 56730 0 31
495 56837 45 4 56882 0 45
536 56973 44 1 57017 0 44
861 57029 26 3 57055 0 26
264 57305 30 4 57335 0 30
511 57442 28 3 57470 0 28
626 57488 23 2 57511 0 23
698 57760 38 4 57798 0 38
673 57921 61 4 57982 0 61
854 57990 81 4 58071 0 81
906 58119 25 4 58144 0 25
765 58483 29 2 58512 0 29
535 58547 78 4 58625 0 78
167 58835 57 2 58892 0 57
247 58828 72 3 58957 57 129
358 59328 22 4 59350 0 22
465 59366 29 4 59395 0 29
967 59371 31 4 59426 24 55
567 59298 51 1 59431 82 133
814 59522 52 3 59574 0 52
283 59597 34 3 59631 0 34
613 59659 27 4 59686 0 27
784 59669 46 3 59732 17 63
474 59603 86 3 59790 101 187
437 59557 97 3 59864 210 307
290 59990 34 3 60024 0 34
177 59965 74 4 60073 34 108
175 60474 95 3 60569 0 95
917 60593 54 2 60647 0 54
475 60750 45 3 60795 0 45
774 60711 47 3 60803 45 92
296 60667 72 1 60831 92 164
432 61075 46 4 61121 0 46
90 61122 59 2 61181 0 59
111 61465 44 2 61509 0 44
598 61518 24 4 61542 0 24
176 61549 21 4 61570 0 21
396 61617 32 4 61649 0 32
742 61576 66 1 61674 32 98
931 61719 40 4 61759 0 40
48 61924 59 2 61983 0 59
168 61996 40 4 62036 0 40
2 62048 23 3 62071 0 23
1000 62111 60 4 62171 0 60
456 62385 67 3 62452 0 67
82 62608 30 4 62638 0 30
25 62810 61 3 62871 0 61
715 63125 21 3 63146 0 21
530 63074 90 1 63185 21 111
515 63310 47 4 63357 0 47
834 63303 65 2 63415 47 112
94 63547 39 2 63586 0 39
679 63618 22 3 63640 0 22
686 63634 32 4 63672 6 38
355 63597 49 4 63700 54 103
652 63835 32 3 63867 0 32
144 63807 44 1 63883 32 76
659 63742 67 3 63885 76 143
429 63940 29 4 63969 0 29
207 64119 35 4 64154 0 35
265 64120 35 1 64189 34 69
623 64530 81 4 64611 0 81
115 64828 66 3 64894 0 66
346 64869 82 2 64976 25 107
88 65284 34 3 65318 0 34
953 65773 34 3 65807 0 34
120 65772 70 4 65876 34 104
420 66418 69 2 66487 0 69
268 66564 63 4 66627 0 63
964 66646 28 3 66674 0 28
412 66702 21 4 66723 0 21
599 66825 50 2 66875 0 50
395 66919 23 1 66942 0 23
571 67657 46 3 67703 0 46
552 67626 78 3 67750 46 124
260 67812 22 4 67834 0 22
353 67851 44 2 67895 0 44
855 67927 27 2 67954 0 27
72 68098 42 4 68140 0 42
670 68161 56 4 68217 0 56
311 68090 71 4 68259 98 169
468 68088 88 4 68345 169 257
97 68375 45 4 68420 0 45
261 68919 53 2 68972 0 53
746 68872 64 2 68989 53 117
713 69147 38 4 69185 0 38
700 69437 23 3 69460 0 23
868 69642 23 2 69665 0 23
525 69584 64 2 69671 23 87
440 69777 47 2 69824 0 47
294 69830 30 4 69860 0 30
516 69933 58 1 69991 0 58
20 70061 50 4 70111 0 50
788 70278 57 4 70335 0 57
644 70342 38 4 70380 0 38
502 70472 33 3 70505 0 33
304 70803 43 4 70846 0 43
777 70873 47 3 70920 0 47
622 71173 21 2 71194 0 21
915 71204 33 3 71237 0 33
316 71542 32 2 71574 0 32
987 72051 33 1 72084 0 33
50 72101 29 4 72130 0 29
780 72142 26 3 72168 0 26
219 72028 52 1 72168 88 140
460 71994 57 4 72191 140 197
878 72203 63 1 72266 0 63
376 72308 46 3 72354 0 46
234 72191 68 2 72368 109 177
182 72380 56 3 72436 0 56
135 72556 24 4 72580 0 24
919 72645 46 3 72691 0 46
555 72565 72 4 72698 61 133
522 73014 28 1 73042 0 28
145 73103 27 4 73130 0 27
930 73163 29 4 73192 0 29
993 73353 54 4 73407 0 54
289 73649 35 4 73684 0 35
611 73679 57 4 73741 5 62
56 73748 46 2 73794 0 46
34 73927 43 2 73970 0 43
410 73985 31 4 74016 0 31
733 73920 82 4 74076 74 156
237 74991 43 4 75034 0 43
973 75506 42 3 75548 0 42
452 75651 77 4 75728 0 77
966 75958 47 4 76005 0 47
573 76010 25 4 76035 0 25
215 76179 36 3 76215 0 36
150 76535 54 3 76589 0 54
51 76903 33 4 76936 0 33
558 76951 38 2 76989 0 38
130 77261 39 2 77300 0 39
690 77382 41 3 77423 0 41
18 77715 35 3 77750 0 35
959 77892 40 4 77932 0 40
749 78154 59 1 78213 0 59
228 78318 72 4 78390 0 72
657 78787 45 4 78832 0 45
62 79244 44 3 79288 0 44
479 79494 85 3 79579 0 85
335 79613 32 3 79645 0 32
757 79777 37 4 79814 0 37
824 80431 31 2 80462 0 31
374 81226 62 4 81288 0 62
996 81307 49 3 81356 0 49
862 81465 32 3 81497 0 32
821 81946 26 3 81972 0 26
835 82710 60 4 82770 0 60
221 82929 32 1 82961 0 32
909 82930 45 2 83006 31 76
767 83153 62 2 83215 0 62
538 83298 28 3 83326 0 28
500 83577 33 2 83610 0 33
923 83970 32 3 84002 0 32
970 84682 33 4 84715 0 33
537 84859 37 1 84896 0 37
137 86250 75 3 86325 0 75
808 86673 40 4 86713 0 40
635 87748 57 4 87805 0 57
848 87976 56 3 88032 0 56
842 88536 31 4 88567 0 31
128 89131 57 2 89188 0 57
803 89197 27 1 89224 0 27
669 89141 76 3 89291 74 150
329 89174 86 3 89377 117 203
957 90220 33 4 90253 0 33
249 90246 41 2 90294 7 48
267 91044 31 4 91075 0 31
637 91007 57 3 91095 31 88
983 92221 44 4 92265 0 44
79 92589 65 3 92654 0 65
86 92989 58 2 93047 0 58
369 93683 60 4 93743 0 60
188 93747 26 2 93773 0 26
457 94613 29 3 94642 0 29
958 94980 25 4 95005 0 25
271 95562 44 2 95606 0 44
419 96846 86 3 96932 0 86
