96010 1000 2656 2582
8 5 86 3 91 0 86
614 19 40 2 131 72 112
713 46 63 4 194 85 148
727 140 70 4 264 54 124
243 188 71 3 335 76 147
572 292 84 4 419 43 127
881 109 89 2 508 310 399
386 507 57 3 565 1 58
343 455 66 4 631 110 176
665 587 91 4 722 44 135
784 649 83 2 805 73 156
147 730 89 4 894 75 164
897 824 52 3 946 70 122
168 7 92 3 1038 939 1031
6 341 93 4 1131 697 790
344 1052 78 3 1209 79 157
733 1191 66 4 1275 18 84
759 1231 84 3 1359 44 128
697 1321 27 4 1386 38 65
40 1321 67 3 1453 65 132
78 1398 57 4 1510 55 112
493 1329 68 4 1578 181 249
117 1445 82 4 1660 133 215
577 1433 82 3 1742 227 309
832 1337 85 3 1827 405 490
645 1512 89 4 1916 315 404
874 1834 76 2 1992 82 158
845 1686 90 4 2082 306 396
430 2071 50 3 2132 11 61
148 2081 70 2 2202 51 121
962 2146 24 2 2226 56 80
226 2207 49 3 2275 19 68
912 2214 60 4 2335 61 121
496 2171 64 3 2399 164 228
43 1615 90 3 2489 784 874
739 2423 75 1 2564 66 141
506 2543 50 3 2614 21 71
238 2499 53 3 2667 115 168
578 2636 76 2 2743 31 107
269 2705 57 4 2800 38 95
275 2711 62 4 2862 89 151
828 2813 69 4 2931 49 118
341 2902 33 2 2964 29 62
663 2867 42 3 3006 97 139
505 2872 67 2 3073 134 201
10 2602 81 1 3154 471 552
462 3099 81 1 3235 55 136
257 2859 85 2 3320 376 461
969 2696 86 4 3406 624 710
347 3328 42 3 3448 78 120
391 3357 79 2 3527 91 170
582 3479 51 4 3578 48 99
23 3446 80 4 3658 132 212
934 3651 50 3 3708 7 57
359 3594 56 4 3764 114 170
894 3753 41 3 3805 11 52
623 3781 47 2 3852 24 71
199 3735 53 3 3905 117 170
286 3739 71 4 3976 166 237
816 3964 37 3 4013 12 49
754 3984 69 4 4082 29 98
717 3942 69 1 4151 140 209
954 3918 83 3 4234 233 316
46 4167 52 4 4286 67 119
470 4163 55 2 4341 123 178
196 3160 88 3 4429 1181 1269
662 4380 32 4 4461 49 81
106 1176 90 2 4551 3285 3375
686 3913 91 2 4642 638 729
502 4623 40 3 4682 19 59
588 4626 57 3 4739 56 113
190 4653 76 2 4815 86 162
757 4775 77 3 4892 40 117
849 4831 74 4 4966 61 135
56 4819 82 4 5048 147 229
406 5010 68 2 5116 38 106
38 5097 91 2 5207 19 110
945 5124 44 4 5251 83 127
523 5127 62 2 5313 124 186
324 5223 69 3 5382 90 159
276 5339 64 3 5446 43 107
813 5221 74 4 5520 225 299
304 5511 64 4 5584 9 73
27 5545 22 2 5606 39 61
864 5366 81 3 5687 240 321
738 5367 82 3 5769 320 402
877 5752 61 2 5830 17 78
264 5802 72 4 5902 28 100
249 5880 71 4 5973 22 93
655 5953 81 4 6054 20 101
956 5975 54 4 6108 79 133
154 6053 79 4 6187 55 134
15 6121 81 3 6268 66 147
795 6218 39 2 6307 50 89
330 6240 56 3 6363 67 123
799 5244 84 1 6447 1119 1203
993 6367 51 3 6498 80 131
100 5730 85 2 6583 768 853
512 5867 88 3 6671 716 804
361 6657 60 3 6731 14 74
921 5224 89 4 6820 1507 1596
584 6743 86 4 6906 77 163
669 6606 91 2 6997 300 391
240 6943 60 4 7057 54 114
530 2999 92 4 7149 4058 4150
679 7146 39 3 7188 3 42
20 7109 86 3 7274 79 165
202 7234 71 2 7345 40 111
682 7201 79 2 7424 144 223
632 7424 49 2 7473 0 49
377 7246 84 2 7557 227 311
549 7529 83 1 7640 28 111
778 7197 88 4 7728 443 531
367 7693 81 1 7809 35 116
543 7752 28 4 7837 57 85
847 7834 37 3 7874 3 40
465 7372 91 4 7965 502 593
830 7924 32 4 7997 41 73
205 7876 82 2 8079 121 203
222 8001 35 4 8114 78 113
919 8049 90 4 8204 65 155
580 8189 75 2 8279 15 90
351 8005 90 3 8369 274 364
434 8293 83 4 8452 76 159
268 8440 75 2 8527 12 87
595 8309 87 3 8614 218 305
539 8550 44 3 8658 64 108
200 4379 92 3 8750 4279 4371
45 8735 86 2 8836 15 101
571 8779 64 4 8900 57 121
755 8766 69 3 8969 134 203
455 4238 92 2 9061 4731 4823
552 6705 93 2 9154 2356 2449
447 9124 29 2 9183 30 59
752 2140 93 2 9276 7043 7136
891 9230 36 3 9312 46 82
714 9192 46 3 9358 120 166
381 1207 93 1 9451 8151 8244
350 9382 47 1 9498 69 116
517 9397 72 1 9570 101 173
725 9435 79 3 9649 135 214
356 9580 71 4 9720 69 140
924 9639 75 2 9795 81 156
138 9394 84 1 9879 401 485
888 9541 85 4 9964 338 423
741 9934 48 3 10012 30 78
274 10010 66 4 10078 2 68
292 9698 90 4 10168 380 470
834 9705 90 3 10258 463 553
544 10204 68 2 10326 54 122
730 9439 93 3 10419 887 980
770 9070 94 3 10513 1349 1443
115 10471 33 3 10546 42 75
54 10544 64 3 10610 2 66
81 10526 68 4 10678 84 152
331 10545 68 3 10746 133 201
223 10703 32 4 10778 43 75
248 10651 76 4 10854 127 203
92 10597 79 4 10933 257 336
915 10430 87 2 11020 503 590
949 11015 82 4 11102 5 87
437 11041 71 2 11173 61 132
743 11141 65 3 11238 32 97
532 11199 57 1 11295 39 96
930 10879 88 2 11383 416 504
800 11353 51 2 11434 30 81
788 11407 66 2 11500 27 93
507 11297 73 2 11573 203 276
826 11341 86 1 11659 232 318
723 11586 61 1 11720 73 134
999 10507 89 3 11809 1213 1302
436 11709 91 4 11900 100 191
497 10454 94 4 11994 1446 1540
449 11926 36 1 12030 68 104
469 12025 70 4 12100 5 75
781 11998 92 4 12192 102 194
110 12121 76 3 12268 71 147
410 12195 54 4 12322 73 127
426 12208 63 4 12385 114 177
802 12364 48 3 12433 21 69
780 12384 67 2 12500 49 116
609 12471 58 3 12558 29 87
746 12442 67 4 12625 116 183
21 12395 79 3 12704 230 309
596 12631 54 2 12758 73 127
820 12214 87 3 12845 544 631
305 12599 89 4 12934 246 335
402 12906 40 4 12974 28 68
610 12921 64 3 13038 53 117
794 12853 85 3 13123 185 270
861 13044 37 4 13160 79 116
782 13110 43 1 13203 50 93
581 12868 89 4 13292 335 424
172 13205 39 4 13331 87 126
134 13283 40 4 13371 48 88
79 13233 84 3 13455 138 222
553 13394 64 2 13519 61 125
893 13487 52 4 13571 32 84
363 13389 81 3 13652 182 263
821 13632 76 3 13728 20 96
60 13603 82 3 13810 125 207
851 13750 30 4 13840 60 90
317 13808 64 2 13904 32 96
151 13855 45 4 13949 49 94
923 13372 83 4 14032 577 660
916 13762 88 3 14120 270 358
825 14086 69 4 14189 34 103
494 12257 91 3 14280 1932 2023
850 14213 92 2 14372 67 159
393 13907 93 3 14465 465 558
395 14437 57 4 14522 28 85
457 14480 69 3 14591 42 111
75 14531 85 1 14676 60 145
197 14618 84 4 14760 58 142
86 14731 26 3 14786 29 55
913 14776 65 4 14851 10 75
423 12328 94 4 14945 2523 2617
719 2352 94 3 15039 12593 12687
745 14990 73 2 15112 49 122
294 15106 45 3 15157 6 51
1000 15122 88 3 15245 35 123
464 15220 49 1 15294 25 74
693 12854 94 1 15388 2440 2534
11 15372 82 1 15470 16 98
300 15438 87 2 15557 32 119
526 15545 63 3 15620 12 75
612 15484 93 4 15713 136 229
277 15681 92 2 15805 32 124
7 7638 95 4 15900 8167 8262
809 15868 84 3 15984 32 116
128 15948 68 4 16052 36 104
121 6305 95 3 16147 9747 9842
591 16082 46 4 16193 65 111
468 16169 54 2 16247 24 78
352 16214 52 3 16299 33 85
473 16268 67 3 16366 31 98
890 16362 80 3 16446 4 84
966 16227 82 3 16528 219 301
288 16465 37 3 16565 63 100
791 16486 87 3 16652 79 166
293 16632 68 2 16720 20 88
30 16578 77 2 16797 142 219
654 16666 95 4 16892 131 226
692 16873 69 3 16961 19 88
245 16893 56 3 17017 68 124
529 16971 26 3 17043 46 72
817 16880 81 2 17124 163 244
793 16818 92 2 17216 306 398
841 4399 95 3 17311 12817 12912
761 17308 75 4 17386 3 78
958 17385 53 1 17439 1 54
25 17414 49 3 17488 25 74
42 17466 58 4 17546 22 80
3 17447 61 4 17607 99 160
146 17330 64 4 17671 277 341
170 17218 88 1 17759 453 541
285 17701 72 4 17831 58 130
289 17743 76 3 17907 88 164
981 17877 87 2 17994 30 117
642 17927 86 3 18080 67 153
412 12322 95 3 18175 5758 5853
383 18125 80 4 18255 50 130
933 18193 69 3 18324 62 131
764 18294 61 3 18385 30 91
397 18216 72 4 18457 169 241
670 18420 55 4 18512 37 92
129 18483 44 4 18556 29 73
798 18495 58 2 18614 61 119
19 18557 66 2 18680 57 123
418 18671 66 4 18746 9 75
388 18600 74 2 18820 146 220
357 18797 71 1 18891 23 94
254 18350 76 4 18967 541 617
600 18698 85 1 19052 269 354
790 18918 87 1 19139 134 221
209 19133 36 3 19175 6 42
456 19135 68 2 19243 40 108
885 19078 80 4 19323 165 245
372 19312 70 3 19393 11 81
328 19096 80 2 19473 297 377
833 19469 34 4 19507 4 38
109 19424 60 4 19567 83 143
559 19550 79 2 19646 17 96
963 19237 82 2 19728 409 491
629 19653 81 3 19809 75 156
515 19796 70 4 19879 13 83
932 19231 85 3 19964 648 733
237 19887 73 2 20037 77 150
270 19996 42 4 20079 41 83
528 20019 71 3 20150 60 131
626 20056 71 2 20221 94 165
385 20015 78 1 20299 206 284
957 19900 83 1 20382 399 482
806 20315 56 4 20438 67 123
355 18546 88 4 20526 1892 1980
908 20518 66 4 20592 8 74
884 20551 86 1 20678 41 127
267 18647 89 4 20767 2031 2120
80 19605 89 1 20856 1162 1251
256 20842 80 4 20936 14 94
840 18382 89 1 21025 2554 2643
570 20462 91 4 21116 563 654
574 21065 39 4 21155 51 90
334 21045 66 4 21221 110 176
299 21176 69 4 21290 45 114
822 21223 69 4 21359 67 136
935 21358 48 4 21407 1 49
690 21354 56 4 21463 53 109
875 21319 62 3 21525 144 206
653 21470 52 4 21577 55 107
66 21564 51 2 21628 13 64
892 21448 66 3 21694 180 246
736 21419 77 2 21771 275 352
797 21711 62 4 21833 60 122
107 21252 81 3 21914 581 662
896 21898 82 3 21996 16 98
519 19057 91 3 22087 2939 3030
644 19355 92 4 22179 2732 2824
721 22162 43 2 22222 17 60
207 22161 79 4 22301 61 140
175 22239 47 4 22348 62 109
991 22313 44 4 22392 35 79
811 22364 75 2 22467 28 103
296 22259 79 4 22546 208 287
597 22482 82 1 22628 64 146
136 22592 67 2 22695 36 103
911 18679 92 1 22787 4016 4108
379 20867 94 3 22881 1920 2014
122 22667 94 3 22975 214 308
461 10639 95 3 23070 12336 12431
389 5305 95 2 23165 17765 17860
44 23076 82 4 23247 89 171
740 2429 95 2 23342 20818 20913
32 12889 95 2 23437 10453 10548
804 23377 35 4 23472 60 95
297 15676 95 2 23567 7796 7891
836 23506 83 3 23650 61 144
996 23605 55 3 23705 45 100
534 23479 83 2 23788 226 309
722 23743 37 4 23825 45 82
384 23742 54 4 23879 83 137
586 23853 86 4 23965 26 112
598 23846 92 2 24057 119 211
409 24024 45 2 24102 33 78
837 9794 95 2 24197 14308 14403
4 24192 49 3 24246 5 54
142 24138 52 3 24298 108 160
242 24202 77 3 24375 96 173
565 24135 79 4 24454 240 319
262 24432 53 1 24507 22 75
808 24452 69 4 24576 55 124
408 24450 71 3 24647 126 197
889 24641 42 4 24689 6 48
290 24686 58 3 24747 3 61
140 24741 39 2 24786 6 45
480 24404 72 4 24858 382 454
326 24546 81 3 24939 312 393
886 24489 87 3 25026 450 537
342 24961 55 2 25081 65 120
55 25032 78 3 25159 49 127
984 24980 80 2 25239 179 259
509 25167 81 4 25320 72 153
635 25312 34 2 25354 8 42
239 24744 88 2 25442 610 698
696 25395 68 3 25510 47 115
989 25470 64 3 25574 40 104
995 25541 58 2 25632 33 91
375 25529 78 3 25710 103 181
970 25636 72 1 25782 74 146
880 25605 85 3 25867 177 262
34 25833 49 3 25916 34 83
982 25798 76 2 25992 118 194
338 24978 91 4 26083 1014 1105
705 26069 72 3 26155 14 86
922 26060 90 3 26245 95 185
180 24723 92 4 26337 1522 1614
905 19919 95 1 26432 6418 6513
203 26379 80 4 26512 53 133
961 26480 64 2 26576 32 96
476 26457 69 3 26645 119 188
910 26558 86 4 26731 87 173
18 14635 95 1 26826 12096 12191
319 26804 63 4 26889 22 85
422 26733 70 4 26959 156 226
977 26892 69 4 27028 67 136
419 27002 39 4 27067 26 65
548 26980 83 3 27150 87 170
371 27070 86 4 27236 80 166
471 27185 29 2 27265 51 80
69 27232 68 4 27333 33 101
985 27284 91 3 27424 49 140
178 27392 70 3 27494 32 102
707 27492 62 3 27556 2 64
907 27431 73 4 27629 125 198
737 27453 81 4 27710 176 257
448 27700 55 4 27765 10 65
282 27750 79 1 27844 15 94
132 27813 31 3 27875 31 62
639 27798 69 3 27944 77 146
120 27109 95 4 28039 835 930
460 27890 95 2 28134 149 244
187 28046 37 3 28171 88 125
988 28119 54 4 28225 52 106
475 28047 78 2 28303 178 256
82 28289 66 2 28369 14 80
189 28364 51 3 28420 5 56
403 28304 61 4 28481 116 177
364 28214 80 4 28561 267 347
320 28493 45 2 28606 68 113
734 28591 48 4 28654 15 63
454 28497 69 4 28723 157 226
489 28713 48 1 28771 10 58
975 28689 57 3 28828 82 139
680 28300 84 3 28912 528 612
895 28868 73 4 28985 44 117
67 28948 22 3 29007 37 59
803 28959 75 4 29082 48 123
487 29075 50 4 29132 7 57
831 29071 70 4 29202 61 131
867 29169 61 4 29263 33 94
348 29235 38 3 29301 28 66
641 29057 70 1 29371 244 314
664 29262 83 4 29454 109 192
374 29410 78 4 29532 44 122
77 29521 40 3 29572 11 51
369 29086 84 4 29656 486 570
64 29635 39 3 29695 21 60
684 29231 85 4 29780 464 549
161 28719 86 3 29866 1061 1147
768 28542 88 3 29954 1324 1412
311 29900 56 3 30010 54 110
380 29947 84 4 30094 63 147
401 30041 74 3 30168 53 127
279 29213 90 2 30258 955 1045
13 30205 64 3 30322 53 117
902 30198 75 4 30397 124 199
399 30264 80 2 30477 133 213
445 28351 91 1 30568 2126 2217
674 30497 52 2 30620 71 123
271 30606 59 3 30679 14 73
622 30659 87 4 30766 20 107
648 30710 70 4 30836 56 126
453 30778 90 4 30926 58 148
29 30881 39 4 30965 45 84
486 30846 88 3 31053 119 207
177 31048 68 4 31121 5 73
302 31090 86 3 31207 31 117
862 31159 69 2 31276 48 117
540 31209 71 3 31347 67 138
965 31117 89 4 31436 230 319
535 31369 85 4 31521 67 152
706 31438 70 3 31591 83 153
838 31575 76 3 31667 16 92
9 31641 39 2 31706 26 65
675 31641 44 4 31750 65 109
442 30998 90 4 31840 752 842
938 29734 93 4 31933 2106 2199
438 31924 62 2 31995 9 71
724 31937 66 4 32061 58 124
630 31975 88 2 32149 86 174
339 32099 83 4 32232 50 133
689 28074 93 3 32325 4158 4251
124 29723 95 4 32420 2602 2697
765 32355 34 3 32454 65 99
903 31097 95 4 32549 1357 1452
968 31048 95 3 32644 1501 1596
192 32625 60 3 32704 19 79
150 26356 95 1 32799 6348 6443
298 32712 42 4 32841 87 129
579 32795 85 4 32926 46 131
272 32857 75 2 33001 69 144
678 32884 87 3 33088 117 204
872 30852 96 3 33184 2236 2332
801 33156 55 3 33239 28 83
49 33185 43 1 33282 54 97
427 33257 29 1 33311 25 54
336 33287 74 4 33385 24 98
524 33364 44 3 33429 21 65
12 33106 81 4 33510 323 404
68 33481 68 1 33578 29 97
810 33228 90 2 33668 350 440
89 33612 41 2 33709 56 97
973 33612 67 4 33776 97 164
615 33761 90 3 33866 15 105
751 33865 60 4 33926 1 61
474 33144 94 2 34020 782 876
479 34003 83 3 34103 17 100
779 34102 60 3 34163 1 61
501 33268 95 3 34258 895 990
98 33752 95 1 34353 506 601
191 34334 51 4 34404 19 70
925 27802 96 3 34500 6602 6698
920 34423 29 4 34529 77 106
278 34427 40 4 34569 102 142
467 4886 96 3 34665 29683 29779
990 34630 81 2 34746 35 116
656 34677 80 4 34826 69 149
940 34787 81 1 34907 39 120
87 34849 75 2 34982 58 133
536 34694 89 4 35071 288 377
358 35018 70 2 35141 53 123
634 35002 90 3 35231 139 229
671 35099 91 4 35322 132 223
241 35173 91 2 35413 149 240
898 35377 84 3 35497 36 120
633 35488 88 3 35585 9 97
987 35217 93 4 35678 368 461
673 35666 63 4 35741 12 75
928 35587 86 3 35827 154 240
24 35743 80 4 35907 84 164
560 35869 33 2 35940 38 71
194 35783 86 3 36026 157 243
711 35359 95 2 36121 667 762
805 36090 48 2 36169 31 79
783 36097 59 4 36228 72 131
776 36056 73 3 36301 172 245
281 36230 33 2 36334 71 104
774 36265 60 4 36394 69 129
218 36337 66 2 36460 57 123
936 36242 76 4 36536 218 294
93 36499 51 4 36587 37 88
691 36482 73 3 36660 105 178
621 36099 93 3 36753 561 654
1 36696 85 2 36838 57 142
312 26991 96 3 36934 9847 9943
566 36841 76 4 37010 93 169
373 36894 93 2 37103 116 209
444 35257 96 3 37199 1846 1942
952 17314 96 3 37295 19885 19981
677 37213 71 4 37366 82 153
668 37304 81 4 37447 62 143
747 37446 50 3 37497 1 51
26 1129 96 3 37593 36368 36464
854 9561 96 2 37689 28032 28128
113 34025 96 2 37785 3664 3760
250 3836 96 2 37881 33949 34045
266 11064 96 1 37977 26817 26913
163 7472 96 1 38073 30505 30601
883 38011 65 1 38138 62 127
335 38136 66 2 38204 2 68
953 38137 82 3 38286 67 149
927 38239 75 4 38361 47 122
763 38235 94 3 38455 126 220
980 38421 50 4 38505 34 84
309 38456 67 4 38572 49 116
843 38447 67 3 38639 125 192
35 38632 36 3 38675 7 43
221 38470 67 2 38742 205 272
857 38735 39 1 38781 7 46
127 38416 81 4 38862 365 446
562 38800 64 2 38926 62 126
114 38873 68 3 38994 53 121
313 38896 69 3 39063 98 167
983 38946 77 4 39140 117 194
291 39115 43 4 39183 25 68
557 39114 81 1 39264 69 150
688 38400 91 2 39355 864 955
573 39171 91 2 39446 184 275
224 39435 35 4 39481 11 46
88 38929 92 3 39573 552 644
213 38572 94 3 39667 1001 1095
602 29721 97 4 39764 9946 10043
900 39720 49 4 39813 44 93
216 39785 77 2 39890 28 105
315 39782 94 3 39984 108 202
498 26879 97 4 40081 13105 13202
143 27800 97 4 40178 12281 12378
978 24238 97 4 40275 15940 16037
660 23672 97 4 40372 16603 16700
484 40343 36 4 40408 29 65
131 16403 97 4 40505 24005 24102
325 40498 55 4 40560 7 62
819 40441 92 4 40652 119 211
640 2283 97 4 40749 38369 38466
918 40685 66 3 40815 64 130
856 40784 60 3 40875 31 91
700 40759 68 4 40943 116 184
301 40735 68 1 41011 208 276
195 40996 41 2 41052 15 56
546 521 97 4 41149 40531 40628
703 41141 77 4 41226 8 85
514 41182 48 4 41274 44 92
852 41245 37 4 41311 29 66
948 41247 37 4 41348 64 101
126 41178 68 4 41416 170 238
390 41388 47 4 41463 28 75
926 41438 67 3 41530 25 92
322 41467 66 4 41596 63 129
777 41270 77 3 41673 326 403
159 41528 80 4 41753 145 225
96 41309 87 4 41840 444 531
792 41128 89 4 41929 712 801
508 41866 59 4 41988 63 122
451 41866 88 3 42076 122 210
396 41778 89 3 42165 298 387
756 42106 60 3 42225 59 119
762 41641 93 3 42318 584 677
193 42057 94 4 42412 261 355
22 42394 75 4 42487 18 93
643 42415 85 4 42572 72 157
52 41969 94 2 42666 603 697
545 42281 96 4 42762 385 481
167 42715 73 4 42835 47 120
710 42816 83 2 42918 19 102
428 42847 48 2 42966 71 119
593 42877 88 3 43054 89 177
955 42669 90 4 43144 385 475
28 42726 93 2 43237 418 511
766 3487 97 4 43334 39750 39847
212 35709 97 4 43431 7625 7722
184 43342 71 4 43502 89 160
753 43424 72 1 43574 78 150
718 43394 74 3 43648 180 254
522 43346 76 3 43724 302 378
750 43559 89 4 43813 165 254
807 18475 97 3 43910 25338 25435
105 20486 97 3 44007 23424 23521
102 44003 96 4 44103 4 100
547 44057 66 3 44169 46 112
94 44127 83 4 44252 42 125
731 44054 86 3 44338 198 284
229 44262 48 4 44386 76 124
233 44280 69 4 44455 106 175
446 44234 96 4 44551 221 317
533 44492 74 4 44625 59 133
882 44484 88 1 44713 141 229
370 44697 88 4 44801 16 104
116 44684 89 3 44890 117 206
188 44823 57 4 44947 67 124
967 44835 76 3 45023 112 188
601 44993 67 4 45090 30 97
443 44941 76 1 45166 149 225
181 44898 78 4 45244 268 346
450 45169 59 3 45303 75 134
244 45218 73 4 45376 85 158
606 45334 70 4 45446 42 112
769 45385 60 4 45506 61 121
16 45397 71 3 45577 109 180
429 45565 79 4 45656 12 91
83 45571 87 4 45743 85 172
346 45670 85 1 45828 73 158
57 45747 50 4 45878 81 131
219 45480 92 4 45970 398 490
568 45885 88 3 46058 85 173
160 44536 95 3 46153 1522 1617
108 40144 97 3 46250 6009 6106
603 46187 84 3 46334 63 147
477 46284 78 3 46412 50 128
85 46349 78 3 46490 63 141
118 46341 83 3 46573 149 232
685 46564 51 3 46624 9 60
295 988 97 3 46721 45636 45733
230 46680 54 4 46775 41 95
415 46631 64 4 46839 144 208
65 46800 84 2 46923 39 123
618 4632 97 3 47020 42291 42388
287 46930 93 2 47113 90 183
758 47036 96 1 47209 77 173
472 47205 73 4 47282 4 77
411 47205 79 4 47361 77 156
651 47341 61 2 47422 20 81
796 47414 42 4 47464 8 50
310 47139 88 4 47552 325 413
235 47477 82 3 47634 75 157
382 47633 70 1 47704 1 71
72 47622 74 4 47778 82 156
659 4737 97 3 47875 43041 43138
541 47813 83 1 47958 62 145
729 327 97 3 48055 47631 47728
173 47994 49 4 48104 61 110
201 48030 81 3 48185 74 155
125 47984 88 4 48273 201 289
458 48056 91 1 48364 217 308
63 48345 26 2 48390 19 45
417 48363 51 2 48441 27 78
899 48411 55 2 48496 30 85
931 48426 77 4 48573 70 147
687 48400 82 3 48655 173 255
979 48115 96 4 48751 540 636
525 48717 88 3 48839 34 122
824 48774 88 3 48927 65 153
853 48674 91 2 49018 253 344
164 48737 92 3 49110 281 373
848 24644 97 2 49207 24466 24563
558 22543 97 2 49304 26664 26761
974 3441 98 4 49402 45863 45961
879 25318 98 4 49500 24084 24182
157 49470 94 2 49594 30 124
95 40690 98 4 49692 8904 9002
873 25705 98 4 49790 23987 24085
303 49734 49 3 49839 56 105
964 25386 98 4 49937 24453 24551
842 49868 56 3 49993 69 125
215 24437 98 4 50091 25556 25654
887 17612 98 4 50189 32479 32577
2 50108 92 4 50281 81 173
815 50207 36 1 50317 74 110
39 41048 98 4 50415 9269 9367
141 35651 98 3 50513 14764 14862
145 50445 55 2 50568 68 123
554 19698 98 3 50666 30870 30968
405 50643 49 4 50715 23 72
236 22457 98 3 50813 28258 28356
698 50749 57 2 50870 64 121
481 43183 98 3 50968 7687 7785
620 50902 87 2 51055 66 153
316 22278 98 3 51153 28777 28875
217 51147 41 4 51194 6 47
914 51156 59 4 51253 38 97
510 51121 87 2 51340 132 219
353 40620 98 3 51438 10720 10818
252 51424 93 4 51531 14 107
767 40507 98 2 51629 11024 11122
619 284 98 2 51727 51345 51443
511 51699 91 3 51818 28 119
491 51732 78 4 51896 86 164
439 51842 40 3 51936 54 94
227 50569 98 2 52034 1367 1465
166 51985 89 4 52123 49 138
368 13313 98 2 52221 38810 38908
327 52149 96 4 52317 72 168
551 52269 75 3 52392 48 123
585 52319 61 3 52453 73 134
306 31564 98 2 52551 20889 20987
76 52479 51 4 52602 72 123
575 52528 57 4 52659 74 131
901 52644 89 2 52748 15 104
998 52589 96 4 52844 159 255
772 52750 72 3 52916 94 166
253 52522 98 3 53014 394 492
504 53007 63 3 53077 7 70
878 557 98 1 53175 52520 52618
5 53099 69 4 53244 76 145
208 53085 75 4 53319 159 234
362 53317 77 2 53396 2 79
179 53331 64 3 53460 65 129
354 53385 92 4 53552 75 167
36 53491 90 3 53642 61 151
947 53561 71 4 53713 81 152
542 53591 91 3 53804 122 213
360 53762 43 4 53847 42 85
839 53773 97 3 53944 74 171
261 53876 73 2 54017 68 141
204 53374 98 2 54115 643 741
152 31825 99 4 54214 22290 22389
787 54137 84 2 54298 77 161
74 52678 99 4 54397 1620 1719
228 54397 76 4 54473 0 76
211 7434 99 4 54572 47039 47138
937 54478 60 3 54632 94 154
760 54629 89 1 54721 3 92
863 54656 57 4 54778 65 122
50 54685 57 4 54835 93 150
823 54753 94 3 54929 82 176
378 54905 75 1 55004 24 99
283 54967 83 4 55087 37 120
149 55030 64 1 55151 57 121
735 54926 91 3 55242 225 316
260 54543 95 3 55337 699 794
156 3563 99 4 55436 51774 51873
90 55378 45 4 55481 58 103
590 24114 99 4 55580 31367 31466
531 55561 43 3 55623 19 62
516 55607 76 4 55699 16 92
70 55553 79 4 55778 146 225
365 55763 53 2 55831 15 68
702 55823 27 1 55858 8 35
944 55767 57 3 55915 91 148
349 55770 69 4 55984 145 214
658 55975 59 4 56043 9 68
564 55808 79 3 56122 235 314
939 56060 44 2 56166 62 106
58 55993 80 4 56246 173 253
681 55881 84 4 56330 365 449
561 56249 60 4 56390 81 141
284 56362 44 4 56434 28 72
594 56407 37 3 56471 27 64
231 56368 49 4 56520 103 152
321 56161 84 4 56604 359 443
650 56535 41 1 56645 69 110
646 56575 52 4 56697 70 122
789 55785 86 3 56783 912 998
943 56356 89 3 56872 427 516
435 56790 74 4 56946 82 156
865 55629 90 4 57036 1317 1407
137 56868 91 4 57127 168 259
694 56179 91 2 57218 948 1039
520 55521 91 1 57309 1697 1788
337 56718 92 1 57401 591 683
133 57319 42 3 57443 82 124
607 57387 52 3 57495 56 108
413 57371 53 4 57548 124 177
871 30005 99 4 57647 27543 27642
155 46302 99 4 57746 11345 11444
198 57675 77 4 57823 71 148
859 55191 99 4 57922 2632 2731
521 30288 99 4 58021 27634 27733
104 554 99 4 58120 57467 57566
868 58094 47 4 58167 26 73
130 58079 94 4 58261 88 182
994 38918 99 3 58360 19343 19442
387 58266 76 2 58436 94 170
210 13544 99 3 58535 44892 44991
518 58471 53 4 58588 64 117
165 58588 53 3 58641 0 53
683 58637 59 3 58700 4 63
48 58546 78 2 58778 154 232
425 58532 91 4 58869 246 337
550 58837 85 1 58954 32 117
997 1622 99 3 59053 57332 57431
527 59033 92 4 59145 20 112
992 59095 44 3 59189 50 94
827 59101 77 4 59266 88 165
589 14500 99 3 59365 44766 44865
459 14633 99 3 59464 44732 44831
103 59444 85 3 59549 20 105
858 59540 60 4 59609 9 69
345 59518 71 3 59680 91 162
599 59460 92 3 59772 220 312
649 26929 99 3 59871 32843 32942
812 59827 37 4 59908 44 81
112 40106 99 2 60007 19802 19901
695 9753 99 2 60106 50254 50353
176 4000 99 2 60205 56106 56205
17 30974 100 4 60305 29231 29331
866 60242 26 2 60331 63 89
214 47209 100 4 60431 13122 13222
904 60362 71 4 60502 69 140
699 6442 100 4 60602 54060 54160
844 6761 100 4 60702 53841 53941
47 10772 100 4 60802 49930 50030
818 49876 100 3 60902 10926 11026
333 60844 99 4 61001 58 157
720 60176 100 3 61101 825 925
917 25813 100 3 61201 35288 35388
483 61123 95 4 61296 78 173
906 61177 95 4 61391 119 214
748 61340 79 3 61470 51 130
666 13862 100 3 61570 47608 47708
91 61486 34 3 61604 84 118
652 61478 96 4 61700 126 222
971 14124 100 2 61800 47576 47676
625 61789 91 3 61891 11 102
876 61818 73 4 61964 73 146
608 61840 77 4 62041 124 201
41 62003 44 2 62085 38 82
726 39063 100 2 62185 23022 23122
972 62240 75 3 62315 0 75
400 62289 63 1 62378 26 89
478 62255 85 3 62463 123 208
708 62457 70 3 62533 6 76
829 62494 65 3 62598 39 104
986 62314 98 3 62696 284 382
492 62777 78 3 62855 0 78
482 62780 57 4 62912 75 132
123 62875 41 4 62953 37 78
499 62789 95 4 63048 164 259
62 63162 49 3 63211 0 49
701 63300 99 3 63399 0 99
394 63348 59 3 63458 51 110
53 63741 87 4 63828 0 87
712 63865 74 4 63939 0 74
556 64197 75 1 64272 0 75
909 64299 98 4 64397 0 98
538 64479 100 3 64579 0 100
424 64657 78 1 64735 0 78
392 64921 91 4 65012 0 91
265 65072 59 3 65131 0 59
314 65088 46 4 65177 43 89
258 65168 90 3 65267 9 99
631 65559 66 1 65625 0 66
636 65716 77 3 65793 0 77
749 65843 92 2 65935 0 92
490 65994 77 3 66071 0 77
466 66024 80 2 66151 47 127
709 66049 93 4 66244 102 195
715 66328 99 3 66427 0 99
744 66402 83 3 66510 25 108
624 66447 58 3 66568 63 121
785 66505 96 1 66664 63 159
716 66648 90 4 66754 16 106
704 66871 79 4 66950 0 79
576 67162 59 1 67221 0 59
323 67225 60 2 67285 0 60
421 67360 56 3 67416 0 56
247 67775 85 1 67860 0 85
416 67934 30 2 67964 0 30
432 68014 53 2 68067 0 53
99 68179 79 2 68258 0 79
951 68434 97 3 68531 0 97
786 68552 56 3 68608 0 56
946 68876 92 4 68968 0 92
84 68925 48 4 69016 43 91
119 68915 91 2 69107 101 192
139 69036 81 4 69188 71 152
97 69755 94 3 69849 0 94
463 69820 50 2 69899 29 79
587 69825 81 2 69980 74 155
567 69851 87 3 70067 129 216
869 69871 95 4 70162 196 291
185 70107 66 3 70228 55 121
976 70105 83 4 70311 123 206
332 70172 85 4 70396 139 224
376 70338 80 3 70476 58 138
318 70328 89 3 70565 148 237
182 70054 98 4 70663 511 609
280 70762 53 3 70815 0 53
452 70956 71 4 71027 0 71
563 71062 78 2 71140 0 78
513 71114 36 4 71176 26 62
742 71074 74 2 71250 102 176
307 71230 83 2 71333 20 103
732 71118 89 3 71422 215 304
398 71367 65 4 71487 55 120
495 71350 87 3 71574 137 224
158 71537 95 4 71669 37 132
676 71599 59 2 71728 70 129
661 71180 98 3 71826 548 646
37 72103 26 2 72129 0 26
440 72390 97 4 72487 0 97
153 72483 70 4 72557 4 74
929 72740 64 2 72804 0 64
232 72882 92 2 72974 0 92
773 73200 69 3 73269 0 69
251 73266 85 3 73354 3 88
329 73257 86 1 73440 97 183
942 74326 98 3 74424 0 98
959 74711 47 4 74758 0 47
71 75160 70 2 75230 0 70
771 75396 95 1 75491 0 95
814 75731 59 1 75790 0 59
407 75828 29 4 75857 0 29
611 75842 48 1 75905 15 63
627 76132 70 4 76202 0 70
657 76142 79 4 76281 60 139
637 76404 84 3 76488 0 84
628 76718 71 4 76789 0 71
647 76989 59 4 77048 0 59
59 77040 75 3 77123 8 83
500 77053 91 4 77214 70 161
537 77304 93 2 77397 0 93
433 77422 76 4 77498 0 76
503 77475 50 1 77548 23 73
135 78220 64 4 78284 0 64
31 78538 78 2 78616 0 78
485 78588 96 2 78712 28 124
186 78872 99 4 78971 0 99
431 78912 76 2 79047 59 135
488 79083 31 4 79114 0 31
225 79415 62 3 79477 0 62
101 79579 80 2 79659 0 80
617 79755 45 3 79800 0 45
835 80269 87 4 80356 0 87
61 80271 31 1 80387 85 116
51 80289 96 4 80483 98 194
592 80457 43 2 80526 26 69
441 80647 84 2 80731 0 84
420 80731 33 1 80764 0 33
220 80858 48 3 80906 0 48
183 80941 69 2 81010 0 69
171 81136 97 3 81233 0 97
613 81649 93 3 81742 0 93
870 81730 50 3 81792 12 62
555 81807 99 4 81906 0 99
728 81837 92 2 81998 69 161
308 82044 83 3 82127 0 83
206 82053 43 4 82170 74 117
672 82298 68 4 82366 0 68
604 82344 58 4 82424 22 80
259 82557 51 4 82608 0 51
263 82595 98 2 82706 13 111
33 82808 51 4 82859 0 51
404 83379 84 2 83463 0 84
860 83384 92 3 83555 79 171
414 83919 82 4 84001 0 82
855 84199 88 2 84287 0 88
846 84230 48 4 84335 57 105
950 84280 80 4 84415 55 135
174 84233 97 3 84512 182 279
941 84632 59 2 84691 0 59
111 84801 62 3 84863 0 62
340 85108 95 4 85203 0 95
960 85336 65 4 85401 0 65
255 85961 75 2 86036 0 75
638 86281 49 3 86330 0 49
616 86409 46 2 86455 0 46
14 86958 77 4 87035 0 77
775 87210 74 2 87284 0 74
246 87653 89 3 87742 0 89
144 89204 69 2 89273 0 69
273 89916 66 4 89982 0 66
569 90298 94 3 90392 0 94
366 91094 81 1 91175 0 81
73 91576 95 3 91671 0 95
234 92454 73 4 92527 0 73
667 92510 81 4 92608 17 98
583 92607 97 2 92705 1 98
605 94522 86 2 94608 0 86
162 94572 74 4 94682 36 110
169 95954 56 4 96010 0 56
