99134 1000 539 479
554 41 53 2 94 0 53
877 101 49 2 150 0 49
594 37 57 4 196 102 159
259 228 56 4 284 0 56
361 40 61 2 313 212 273
647 318 49 4 367 0 49
244 415 47 2 462 0 47
302 107 65 3 474 302 367
338 538 51 2 589 0 51
768 515 54 4 620 51 105
829 488 63 2 656 105 168
14 104 65 2 707 538 603
36 751 56 2 807 0 56
691 812 47 2 859 0 47
91 833 55 4 914 26 81
940 829 56 4 970 85 141
595 999 33 1 1032 0 33
96 1041 28 4 1069 0 28
612 1064 61 3 1130 5 66
72 811 62 4 1153 280 342
537 393 68 4 1173 712 780
906 1177 58 2 1235 0 58
475 1294 52 2 1346 0 52
765 575 75 1 1358 708 783
197 1432 63 2 1495 0 63
617 1451 67 4 1562 44 111
309 1362 70 2 1562 130 200
22 1635 58 4 1693 0 58
444 1578 62 4 1698 58 120
806 1723 47 1 1770 0 47
788 1752 53 3 1823 18 71
318 1832 31 4 1863 0 31
579 1850 60 3 1923 13 73
650 1779 67 3 1981 135 202
287 1991 60 4 2051 0 60
749 1885 71 4 2112 156 227
246 2052 73 4 2185 60 133
13 1928 74 3 2259 257 331
813 1390 75 4 2293 828 903
349 2367 48 3 2415 0 48
118 2355 61 2 2464 48 109
933 1194 77 3 2475 1204 1281
393 2500 46 2 2546 0 46
134 2548 33 3 2581 0 33
500 2619 58 4 2677 0 58
630 2679 51 4 2730 0 51
38 2527 65 4 2753 161 226
69 2801 61 4 2862 0 61
465 464 78 4 2867 2325 2403
25 2868 58 1 2926 0 58
692 2334 78 3 3003 591 669
740 1985 79 4 3082 1018 1097
350 3136 26 3 3162 0 26
71 3134 64 2 3224 26 90
861 3265 41 2 3306 0 41
253 3362 55 4 3417 0 55
73 3292 62 4 3423 69 131
341 3502 57 4 3559 0 57
160 3570 57 4 3627 0 57
460 3463 59 4 3636 114 173
441 3638 48 3 3686 0 48
937 3442 62 3 3725 221 283
449 3310 63 3 3769 396 459
851 3519 70 3 3839 250 320
731 3150 73 2 3871 648 721
304 3829 77 2 3948 42 119
555 3984 48 4 4032 0 48
308 4054 54 2 4108 0 54
156 4081 68 4 4176 27 95
996 4207 65 1 4272 0 65
734 4021 70 4 4289 198 268
265 4111 75 4 4364 178 253
546 4371 40 4 4411 0 40
951 4489 53 3 4542 0 53
4 4479 56 4 4588 53 109
229 4630 44 2 4674 0 44
948 4632 51 4 4725 42 93
600 4602 58 2 4755 95 153
326 4452 59 4 4773 262 321
175 4447 61 3 4829 321 382
989 4878 62 4 4940 0 62
88 4759 62 3 4953 132 194
110 4610 63 4 5016 343 406
763 4734 66 2 5082 282 348
423 4738 74 3 5156 344 418
176 4350 78 3 5191 763 841
866 5202 58 4 5260 0 58
634 5321 68 2 5389 0 68
716 5291 78 4 5437 68 146
504 5487 48 4 5535 0 48
151 5594 43 1 5637 0 43
615 5543 53 3 5639 43 96
458 5592 57 4 5696 47 104
783 5465 65 3 5731 201 266
988 5816 42 4 5858 0 42
213 5806 49 4 5897 42 91
236 5874 53 3 5950 23 76
295 5971 40 3 6011 0 40
180 6036 52 1 6088 0 52
926 5940 57 3 6099 102 159
123 5872 59 4 6158 227 286
551 5773 59 3 6184 352 411
624 6246 37 4 6283 0 37
572 6196 52 3 6285 37 89
730 6149 60 3 6333 124 184
917 6361 38 4 6399 0 38
209 6337 58 2 6433 38 96
40 5758 61 3 6475 656 717
902 6090 66 2 6541 385 451
825 6549 49 1 6598 0 49
416 6621 46 3 6667 0 46
548 6542 67 4 6704 95 162
86 5947 67 2 6770 756 823
785 6664 69 4 6839 106 175
896 6861 56 4 6917 0 56
597 6885 63 4 6980 32 95
47 7002 53 1 7055 0 53
931 7151 51 4 7202 0 51
836 7141 57 4 7249 51 108
587 7082 64 3 7254 108 172
335 6278 71 3 7254 905 976
112 7400 37 4 7437 0 37
663 7343 53 3 7466 70 123
848 7363 53 3 7486 70 123
436 7298 58 4 7499 143 201
494 7534 49 4 7583 0 49
762 7385 60 3 7608 163 223
406 5594 71 2 7608 1943 2014
61 7644 64 2 7708 0 64
394 7334 72 4 7744 338 410
532 7710 74 4 7818 34 108
167 7262 77 4 7895 556 633
434 5730 78 4 7973 2165 2243
840 5117 79 3 7992 2796 2875
322 8003 56 3 8059 0 56
824 8119 38 4 8157 0 38
330 8112 47 2 8197 38 85
343 8229 59 1 8288 0 59
697 8114 61 3 8317 142 203
611 8219 62 1 8379 98 160
189 8420 56 2 8476 0 56
653 8491 66 2 8557 0 66
545 8233 69 3 8570 268 337
517 8604 63 1 8667 0 63
342 8700 40 1 8740 0 40
28 8723 58 1 8798 17 75
590 8402 73 2 8804 329 402
388 8857 48 4 8905 0 48
368 8860 61 3 8966 45 106
425 8969 25 4 8994 0 25
262 8993 56 3 9050 1 57
904 8610 77 3 9071 384 461
369 9075 58 3 9133 0 58
631 9140 43 4 9183 0 43
639 9193 54 2 9247 0 54
585 9306 28 4 9334 0 28
254 9217 63 2 9338 58 121
623 9417 55 2 9472 0 55
720 9448 60 4 9532 24 84
113 9390 64 3 9569 115 179
986 9616 58 2 9674 0 58
30 9449 65 2 9692 178 243
759 9616 71 4 9763 76 147
331 9143 73 3 9774 558 631
711 9600 74 2 9848 174 248
826 9874 42 4 9916 0 42
811 9966 46 4 10012 0 46
582 9902 50 4 10012 60 110
185 10036 44 1 10080 0 44
261 9946 55 4 10111 110 165
528 10201 23 4 10224 0 23
430 9896 58 4 10250 296 354
271 9938 58 4 10250 254 312
81 10026 59 3 10309 224 283
276 10395 35 1 10430 0 35
725 10357 60 1 10452 35 95
33 10392 61 3 10513 60 121
422 10056 62 2 10527 409 471
599 10594 67 2 10661 0 67
392 10422 68 3 10662 172 240
387 10687 52 3 10739 0 52
834 10684 52 1 10788 52 104
921 10465 76 4 10842 301 377
132 10846 56 2 10902 0 56
370 9855 76 2 10955 1024 1100
908 11018 56 2 11074 0 56
478 10995 58 3 11109 56 114
104 11133 20 2 11153 0 20
751 11136 55 4 11208 17 72
310 11232 66 4 11298 0 66
710 11035 72 2 11322 215 287
74 9802 77 4 11352 1473 1550
801 8220 78 4 11419 3121 3199
172 5945 79 3 11424 5400 5479
58 1069 80 4 11496 10347 10427
700 1449 80 4 11496 9967 10047
128 11501 76 2 11577 0 76
880 11618 61 2 11679 0 61
609 11714 23 2 11737 0 23
999 10325 81 2 11737 1331 1412
676 762 81 1 11818 10975 11056
987 11837 62 4 11899 0 62
328 11903 40 1 11943 0 40
752 5775 82 4 12002 6145 6227
842 12006 66 3 12072 0 66
493 12132 59 4 12191 0 59
827 12207 51 4 12258 0 51
448 12053 81 4 12263 129 210
251 12365 43 2 12408 0 43
975 12409 54 3 12463 0 54
797 12424 57 3 12520 39 96
147 12525 53 4 12578 0 53
480 12739 38 1 12777 0 38
985 12722 51 3 12811 38 89
819 12674 57 2 12820 89 146
915 12776 64 3 12884 44 108
690 12912 28 3 12940 0 28
542 12964 42 2 13006 0 42
721 12985 50 3 13056 21 71
976 13011 51 2 13107 45 96
401 13084 53 1 13160 23 76
411 12681 68 4 13176 427 495
280 13187 33 1 13220 0 33
592 12392 70 4 13245 783 853
336 12463 70 4 13247 714 784
300 13271 23 4 13294 0 23
103 13249 25 3 13297 23 48
708 13249 57 4 13354 48 105
505 13271 69 3 13423 83 152
1000 13312 71 3 13494 111 182
803 13537 56 3 13593 0 56
178 13507 64 3 13661 90 154
602 13558 64 3 13691 69 133
298 13698 20 1 13718 0 20
260 13741 58 3 13799 0 58
497 13700 59 1 13835 76 135
70 13848 59 3 13907 0 59
781 13620 67 1 13954 267 334
186 13895 70 4 14024 59 129
779 14034 28 3 14062 0 28
39 14120 62 2 14182 0 62
402 13712 71 3 14185 402 473
105 12969 71 2 14241 1201 1272
878 12586 78 4 14319 1655 1733
24 14376 41 4 14417 0 41
957 14388 51 3 14468 29 80
119 14521 48 3 14569 0 48
741 14465 58 2 14574 51 109
397 14620 57 3 14677 0 57
219 14531 60 3 14691 100 160
42 14532 63 2 14754 159 222
149 14494 67 4 14821 260 327
206 14539 68 3 14889 282 350
82 14963 61 4 15024 0 61
290 14934 69 4 15064 61 130
651 15068 48 2 15116 0 48
798 15124 50 2 15174 0 50
538 15235 34 4 15269 0 34
426 15181 55 3 15270 34 89
503 15289 51 3 15340 0 51
998 15320 61 2 15401 20 81
672 15073 66 2 15433 294 360
363 14456 70 4 15524 998 1068
685 14796 70 4 15524 658 728
143 15576 57 3 15633 0 57
584 15561 61 3 15679 57 118
577 14801 71 4 15713 841 912
358 15774 39 2 15813 0 39
858 15780 51 4 15864 33 84
972 15736 53 3 15879 90 143
65 15917 41 4 15958 0 41
385 15789 67 4 15987 131 198
45 14684 71 1 16035 1280 1351
344 14651 73 2 16108 1384 1457
965 16164 54 4 16218 0 54
769 16235 53 4 16288 0 53
79 16328 45 2 16373 0 45
922 16364 47 3 16420 9 56
424 16292 51 3 16435 92 143
723 16464 55 2 16519 0 55
215 16438 57 4 16550 55 112
345 16295 75 1 16622 252 327
562 15891 77 2 16622 654 731
619 14071 78 1 16643 2494 2572
233 16698 50 3 16748 0 50
299 16766 76 4 16842 0 76
44 16799 76 1 16918 43 119
707 16963 42 3 17005 0 42
874 16962 54 4 17058 42 96
670 17097 24 3 17121 0 24
405 17058 71 3 17153 24 95
668 17154 42 2 17196 0 42
323 17208 45 1 17253 0 45
901 17154 46 4 17287 87 133
491 16924 72 2 17320 324 396
892 17349 53 4 17402 0 53
610 17364 57 4 17459 38 95
54 17386 61 2 17520 73 134
855 17511 62 4 17582 9 71
509 17600 35 4 17635 0 35
950 17592 70 3 17697 35 105
179 17318 74 3 17732 340 414
964 17227 77 2 17809 505 582
709 13695 79 4 17809 4035 4114
339 17837 62 4 17899 0 62
60 18028 45 4 18073 0 45
252 18009 52 1 18106 45 97
667 18085 65 2 18171 21 86
812 18175 44 1 18219 0 44
654 18206 66 3 18285 13 79
514 18159 74 4 18355 122 196
450 18085 76 3 18431 270 346
177 17181 81 2 18455 1193 1274
616 17182 81 2 18455 1192 1273
288 18525 55 3 18580 0 55
466 18577 78 2 18658 3 81
662 18669 53 2 18722 0 53
913 13161 81 2 18722 5480 5561
446 18780 20 4 18800 0 20
154 18778 71 1 18869 20 91
380 18882 46 4 18928 0 46
581 18915 77 2 19005 13 90
713 15517 82 3 19018 3419 3501
364 19024 58 3 19082 0 58
63 11830 83 4 19136 7223 7306
492 3146 83 4 19136 15907 15990
164 19180 35 2 19215 0 35
217 19163 39 3 19237 35 74
202 19245 68 1 19313 0 68
875 19328 43 4 19371 0 43
115 17442 84 2 19405 1879 1963
165 19433 44 3 19477 0 44
698 19537 50 4 19587 0 50
296 19602 34 2 19636 0 34
596 19627 51 2 19687 9 60
746 19502 74 3 19711 135 209
362 19783 50 2 19833 0 50
658 19740 63 4 19853 50 113
472 19920 54 2 19974 0 54
495 19950 56 3 20030 24 80
242 20056 54 4 20110 0 54
410 20107 61 4 20171 3 64
775 20001 64 1 20209 144 208
294 20278 31 4 20309 0 31
682 20154 69 4 20309 86 155
620 19827 77 2 20319 415 492
439 19904 78 2 20397 415 493
556 20398 32 3 20430 0 32
248 19436 79 4 20454 939 1018
111 20472 46 2 20518 0 46
941 19829 85 4 20585 671 756
567 20665 58 3 20723 0 58
743 3488 85 1 20785 17212 17297
799 8778 85 1 20785 11922 12007
267 20791 25 4 20816 0 25
864 20872 36 4 20908 0 36
351 20922 43 2 20965 0 43
228 20823 49 4 20998 126 175
867 20825 49 4 21000 126 175
445 20857 49 3 21049 143 192
384 20805 60 2 21102 237 297
256 21107 49 1 21156 0 49
407 20884 72 1 21223 267 339
122 238 86 3 21303 20979 21065
573 21377 26 2 21403 0 26
838 21343 37 2 21406 26 63
732 21334 65 4 21462 63 128
550 10663 86 2 21517 10768 10854
815 3129 88 4 21605 18388 18476
453 21731 50 3 21781 0 50
714 21767 66 1 21847 14 80
498 7688 89 3 21899 14122 14211
929 16336 89 3 21899 5474 5563
216 21931 59 4 21990 0 59
510 22034 40 1 22074 0 40
109 21986 61 3 22091 44 105
90 22098 58 2 22156 0 58
949 21932 67 2 22216 217 284
429 22001 80 2 22296 215 295
319 22319 59 2 22378 0 59
677 22448 56 2 22504 0 56
187 22509 43 3 22552 0 43
199 22554 44 3 22598 0 44
257 22505 64 2 22656 87 151
675 1292 90 4 22710 21328 21418
10 15686 90 4 22710 6934 7024
238 22760 81 4 22841 0 81
131 19025 90 2 22881 3766 3856
823 22990 37 4 23027 0 37
155 22958 48 3 23043 37 85
269 23059 47 3 23106 0 47
479 23143 37 4 23180 0 37
758 23142 53 3 23232 37 90
995 22950 61 3 23233 222 283
839 23249 55 4 23304 0 55
784 22917 64 4 23319 338 402
348 23254 64 3 23383 65 129
661 23370 69 4 23452 13 82
291 23485 44 2 23529 0 44
529 23561 45 4 23606 0 45
678 23190 70 3 23611 351 421
148 23678 63 4 23741 0 63
887 23210 71 1 23745 464 535
544 23811 49 2 23860 0 49
67 23765 51 4 23865 49 100
27 23772 73 4 23938 93 166
225 23965 50 4 24015 0 50
231 23278 74 1 24042 690 764
315 24128 60 3 24188 0 60
909 24061 67 3 24188 60 127
87 24075 67 1 24255 113 180
208 24200 74 4 24329 55 129
636 24347 71 3 24418 0 71
657 4333 91 4 24436 20012 20103
93 10867 92 4 24528 13569 13661
52 24541 48 4 24589 0 48
968 24596 39 3 24635 0 39
990 24643 80 3 24723 0 80
789 24796 68 3 24864 0 68
643 24882 27 3 24909 0 27
947 24743 76 3 24914 95 171
196 24653 81 4 24975 241 322
57 25098 52 3 25150 0 52
84 25164 79 4 25243 0 79
603 25038 80 3 25249 131 211
133 24649 86 3 25272 537 623
240 25320 33 3 25353 0 33
499 25302 51 2 25386 33 84
150 25352 58 3 25444 34 92
748 25481 40 3 25521 0 40
977 25465 52 1 25557 40 92
695 25584 61 3 25645 0 61
642 25352 64 4 25661 245 309
320 25648 84 2 25745 13 97
191 23385 93 2 25780 2302 2395
646 25793 59 2 25852 0 59
816 25884 53 3 25937 0 53
776 25795 59 1 25964 110 169
726 25812 61 3 26025 152 213
152 25847 66 4 26091 178 244
337 26031 70 4 26161 60 130
327 26239 70 2 26309 0 70
468 26052 80 1 26311 179 259
928 26355 76 4 26431 0 76
381 10215 94 4 26468 16159 16253
9 26490 56 4 26546 0 56
124 15708 95 3 26619 10816 10911
724 26661 60 1 26721 0 60
992 26715 61 2 26782 6 67
306 26656 66 4 26843 121 187
482 26844 54 4 26898 0 54
787 26927 34 1 26961 0 34
791 26702 70 4 27001 229 299
223 27005 56 2 27061 0 56
461 27043 59 2 27120 18 77
398 27212 55 1 27267 0 55
285 27221 60 3 27327 46 106
930 27170 62 3 27347 115 177
944 26751 72 2 27365 542 614
159 27383 54 3 27437 0 54
897 27037 87 3 27506 382 469
757 27518 46 2 27564 0 46
116 27590 58 4 27648 0 58
870 27609 71 2 27719 39 110
224 27819 54 1 27873 0 54
520 27838 57 2 27930 35 92
876 27954 55 4 28009 0 55
32 28013 49 1 28062 0 49
303 27947 57 1 28108 104 161
659 27759 78 2 28109 272 350
686 27589 84 3 28152 479 563
569 28165 51 2 28216 0 51
293 17190 95 2 28224 10939 11034
137 28383 44 4 28427 0 44
843 28437 45 4 28482 0 45
889 28459 47 3 28529 23 70
756 28349 53 4 28538 136 189
146 28389 60 4 28598 149 209
1 28778 35 2 28813 0 35
905 28748 54 4 28837 35 89
413 28662 57 4 28856 137 194
367 28672 57 4 28865 136 193
214 28877 34 2 28911 0 34
557 28848 58 4 28957 51 109
886 28421 68 3 28961 472 540
284 28980 62 1 29042 0 62
171 28995 66 4 29108 47 113
777 28349 71 4 29160 740 811
8 28340 73 3 29224 811 884
382 28891 74 3 29298 333 407
578 28328 74 1 29360 958 1032
873 28417 77 4 29437 943 1020
56 29452 55 2 29507 0 55
561 29560 60 4 29620 0 60
389 29371 80 2 29632 181 261
372 29665 69 3 29734 0 69
168 29711 74 2 29808 23 97
192 29804 75 4 29883 4 79
420 29917 64 4 29981 0 64
354 30037 64 1 30101 0 64
527 29975 70 3 30115 70 140
810 29779 78 3 30159 302 380
872 29661 83 4 30238 494 577
541 30244 48 1 30292 0 48
773 30338 61 4 30399 0 61
99 30427 72 4 30499 0 72
648 21993 96 4 30573 8484 8580
353 26662 96 4 30574 3816 3912
942 22255 96 4 30574 8223 8319
547 30696 48 3 30744 0 48
564 30719 58 3 30802 25 83
854 30657 70 1 30833 106 176
981 30673 84 2 30917 160 244
924 11379 99 4 30933 19455 19554
853 30966 63 3 31029 0 63
117 31095 40 4 31135 0 40
247 31099 44 2 31179 36 80
679 31052 77 2 31213 84 161
452 31230 60 4 31290 0 60
396 31305 48 4 31353 0 48
378 31407 48 3 31455 0 48
220 31424 60 4 31515 31 91
628 31318 61 3 31522 143 204
626 31581 57 2 31638 0 57
959 31683 40 4 31723 0 40
377 31741 28 1 31769 0 28
476 31648 74 4 31790 68 142
279 31411 75 4 31796 310 385
841 30982 79 4 31820 759 838
515 31839 24 4 31863 0 24
857 31914 50 1 31964 0 50
474 31959 55 4 32019 5 60
135 32047 47 4 32094 0 47
463 32085 52 2 32146 9 61
77 32098 55 4 32201 48 103
106 32205 40 3 32245 0 40
266 31896 59 2 32254 299 358
432 32259 58 3 32317 0 58
559 32375 62 2 32437 0 62
618 32349 64 3 32475 62 126
205 32503 63 2 32566 0 63
687 32590 54 2 32644 0 54
454 32450 70 4 32662 142 212
574 32214 73 4 32698 411 484
210 31172 80 1 32726 1474 1554
571 32730 38 2 32768 0 38
560 32803 56 4 32859 0 56
807 32844 74 2 32933 15 89
227 32962 70 1 33032 0 70
997 31766 81 4 33045 1198 1279
516 12637 99 3 33111 20375 20474
275 22765 100 4 33211 10346 10446
352 27897 100 3 33311 5314 5414
742 33379 75 4 33454 0 75
379 17315 100 1 33486 16071 16171
346 33530 51 3 33581 0 51
598 33567 62 3 33643 14 76
558 33722 61 3 33783 0 61
738 33991 47 3 34038 0 47
49 33916 87 1 34050 47 134
540 33980 94 1 34144 70 164
580 34205 28 2 34233 0 28
126 34203 60 2 34291 28 88
443 34182 61 4 34358 115 176
95 34402 20 3 34422 0 20
891 34370 51 3 34441 20 71
821 34304 61 4 34463 98 159
649 34155 67 3 34503 281 348
833 34535 45 1 34580 0 45
85 34532 47 4 34624 45 92
365 34628 66 3 34694 0 66
139 34707 39 4 34746 0 39
62 34807 41 3 34848 0 41
845 34742 62 2 34849 45 107
173 34826 73 3 34922 23 96
808 34345 83 4 34959 531 614
796 34992 48 1 35040 0 48
835 35034 56 2 35096 6 62
533 35045 70 4 35166 51 121
703 35198 31 4 35229 0 31
2 35227 61 1 35290 2 63
98 35364 50 2 35414 0 50
688 35325 54 3 35429 50 104
718 35302 60 4 35466 104 164
591 35422 87 4 35553 44 131
94 34665 91 4 35567 811 902
97 35622 50 4 35672 0 50
305 35569 81 1 35700 50 131
153 35884 36 4 35920 0 36
127 35824 65 3 35925 36 101
907 35796 67 2 35964 101 168
235 36016 57 4 36073 0 57
589 35817 86 3 36107 204 290
641 36144 54 3 36198 0 54
831 35796 87 4 36248 365 452
883 36396 40 4 36467 31 71
912 36405 40 4 36476 31 71
440 36538 20 3 36558 0 20
536 36514 53 3 36587 20 73
837 36578 76 2 36663 9 85
961 36554 82 4 36745 109 191
622 36948 65 4 37013 0 65
41 37091 26 4 37117 0 26
307 37075 61 2 37162 26 87
608 36989 72 1 37172 111 183
535 37264 53 4 37317 0 53
859 37235 72 4 37360 53 125
627 37019 82 2 37379 278 360
357 37382 62 4 37444 0 62
258 37308 83 2 37524 133 216
12 37630 32 4 37662 0 32
195 37675 34 3 37709 0 34
689 37782 63 1 37845 0 63
483 38029 54 4 38083 0 54
706 37969 61 2 38084 54 115
412 38140 34 1 38174 0 34
237 38154 52 4 38226 20 72
471 38021 68 2 38238 149 217
212 38329 40 3 38369 0 40
882 38412 44 1 38456 0 44
991 38323 68 2 38475 84 152
190 38403 83 1 38558 72 155
409 38162 90 1 38563 311 401
487 38611 53 3 38664 0 53
753 38670 36 2 38706 0 36
973 38654 55 4 38755 46 101
747 38804 53 1 38857 0 53
903 38885 44 1 38929 0 44
766 38862 55 4 38961 44 99
356 38855 66 4 39022 101 167
473 39046 50 3 39096 0 50
16 39105 70 3 39175 0 70
447 39198 26 3 39224 0 26
408 39199 70 2 39294 25 95
138 38866 75 4 39313 372 447
249 39339 59 4 39398 0 59
919 39424 52 4 39476 0 52
549 39458 74 3 39550 18 92
593 39306 76 4 39574 192 268
673 39580 56 1 39636 0 56
665 39628 64 1 39700 8 72
321 39704 60 4 39764 0 60
846 39791 43 3 39834 0 43
76 39732 65 4 39872 75 140
457 39991 44 1 40035 0 44
640 39946 48 3 40038 44 92
281 39982 68 2 40106 56 124
680 39274 88 3 40110 748 836
575 38664 94 4 40155 1397 1491
59 40311 57 4 40368 0 57
477 40345 61 4 40429 23 84
553 40503 55 1 40558 0 55
660 40850 61 4 40911 0 61
780 40959 47 4 41006 0 47
920 41009 32 4 41041 0 32
719 41020 69 3 41110 21 90
470 41114 50 3 41164 0 50
856 41154 53 3 41217 10 63
955 41222 43 1 41265 0 43
800 40886 71 4 41276 319 390
442 40944 88 4 41364 332 420
486 40761 96 3 41371 514 610
507 41619 47 3 41666 0 47
316 41695 52 4 41747 0 52
526 41640 53 3 41771 78 131
34 41841 68 2 41909 0 68
828 41778 73 4 41919 68 141
15 41970 41 1 42011 0 41
26 42156 62 3 42218 0 62
107 42272 20 1 42292 0 20
329 42272 51 4 42343 20 71
274 42370 49 2 42419 0 49
289 42422 55 2 42477 0 55
683 42440 85 1 42562 37 122
605 42777 52 1 42829 0 52
694 42825 58 3 42887 4 62
865 42881 77 3 42964 6 83
136 43065 56 1 43121 0 56
570 43159 65 1 43224 0 65
334 43121 66 3 43252 65 131
760 43385 83 3 43468 0 83
669 43553 43 3 43596 0 43
144 43633 41 4 43674 0 41
200 43680 52 1 43732 0 52
652 43754 58 3 43812 0 58
264 43849 50 2 43899 0 50
804 43930 74 2 44004 0 74
198 44058 34 3 44092 0 34
770 43876 85 4 44092 131 216
243 44270 43 3 44313 0 43
739 44287 58 4 44371 26 84
18 44425 55 4 44480 0 55
701 44459 65 4 44545 21 86
226 44499 68 4 44613 46 114
277 44769 46 3 44815 0 46
314 44852 59 4 44911 0 59
607 45115 67 4 45182 0 67
390 45111 79 1 45257 67 146
263 45433 61 3 45494 0 61
771 45423 74 3 45558 61 135
794 45560 65 4 45625 0 65
481 45646 64 4 45710 0 64
534 45733 47 2 45780 0 47
278 45711 53 3 45811 47 100
899 45847 86 1 45933 0 86
809 46059 63 1 46122 0 63
371 46109 65 3 46187 13 78
29 46046 70 3 46244 128 198
914 46315 54 3 46369 0 54
566 46199 75 2 46373 99 174
963 46678 60 2 46738 0 60
355 46889 27 3 46916 0 27
900 46937 50 3 46987 0 50
501 46974 74 3 47061 13 87
613 47171 63 2 47234 0 63
211 47297 77 4 47374 0 77
645 47301 80 2 47454 73 153
255 47513 42 4 47555 0 42
664 47577 42 4 47619 0 42
881 47605 56 2 47675 14 70
129 47645 61 1 47736 30 91
793 47564 62 3 47785 159 221
890 47799 61 3 47860 0 61
530 47840 69 1 47929 20 89
954 47813 72 4 48001 116 188
761 48072 75 2 48147 0 75
932 48184 82 4 48266 0 82
431 48686 46 4 48732 0 46
386 48632 66 4 48744 46 112
207 48806 67 2 48873 0 67
513 49020 57 3 49077 0 57
311 49261 45 4 49306 0 45
888 49229 52 4 49326 45 97
141 49319 58 4 49384 7 65
635 49469 53 4 49522 0 53
960 49555 64 2 49619 0 64
286 49603 70 3 49689 16 86
539 49693 71 3 49764 0 71
100 49856 45 3 49901 0 45
438 49919 56 3 49975 0 56
3 49905 58 3 50019 56 114
774 49876 70 2 50085 139 209
373 50150 62 3 50212 0 62
978 50064 72 4 50219 83 155
943 50281 60 2 50341 0 60
66 50459 51 2 50510 0 51
181 50672 40 3 50712 0 40
201 50703 69 3 50781 9 78
722 50622 85 4 50816 109 194
934 50826 82 4 50908 0 82
956 50938 63 3 51001 0 63
301 50977 64 3 51065 24 88
297 51079 54 4 51133 0 54
496 51184 54 1 51238 0 54
750 51148 73 3 51275 54 127
632 51282 53 2 51335 0 53
511 51315 70 4 51405 20 90
114 51439 62 2 51501 0 62
850 51468 69 2 51570 33 102
778 51251 76 4 51605 278 354
35 51067 83 2 51661 511 594
53 51666 80 4 51746 0 80
736 51811 48 3 51859 0 48
395 51750 75 2 51873 48 123
414 51883 72 1 51955 0 72
48 50636 86 3 51980 1258 1344
969 52070 44 2 52114 0 44
158 52204 71 3 52275 0 71
64 52278 37 1 52315 0 37
313 52463 29 3 52492 0 29
814 52761 58 4 52819 0 58
375 52873 58 4 52931 0 58
733 52999 51 4 53050 0 51
704 53034 58 4 53108 16 74
893 52964 63 3 53136 109 172
80 53138 58 3 53196 0 58
935 53070 64 1 53258 124 188
970 53259 47 2 53306 0 47
744 53534 57 3 53591 0 57
588 53822 65 3 53887 0 65
879 53853 67 4 53954 34 101
604 53981 40 4 54021 0 40
817 53900 74 4 54068 94 168
268 54076 69 4 54145 0 69
404 54025 93 3 54230 112 205
772 54236 46 3 54282 0 46
844 54328 33 3 54361 0 33
967 54364 64 4 54428 0 64
945 54242 72 3 54451 137 209
895 54493 62 1 54555 0 62
427 54902 91 4 54993 0 91
860 55025 44 3 55069 0 44
790 55057 62 3 55131 12 74
437 55249 43 2 55292 0 43
50 55215 68 2 55326 43 111
702 55494 67 1 55561 0 67
512 55618 70 2 55688 0 70
174 55717 61 3 55778 0 61
11 55824 46 1 55870 0 46
767 55902 25 4 55927 0 25
518 56028 70 3 56098 0 70
764 56149 51 2 56200 0 51
666 56220 96 4 56316 0 96
188 56428 56 4 56484 0 56
786 56725 86 4 56811 0 86
916 56861 22 1 56883 0 22
522 56820 55 4 56897 22 77
962 57114 46 2 57160 0 46
601 57088 57 3 57191 46 103
130 57078 58 3 57239 103 161
958 57338 63 3 57401 0 63
583 57612 71 1 57683 0 71
102 57839 44 4 57883 0 44
455 57790 62 4 57896 44 106
727 58050 59 2 58109 0 59
754 58059 64 4 58173 50 114
484 58227 52 2 58279 0 52
121 58124 67 4 58292 101 168
862 57978 72 4 58292 242 314
333 58348 86 4 58434 0 86
543 58494 50 4 58544 0 50
273 58444 73 2 58567 50 123
332 58596 49 4 58645 0 49
490 58657 100 4 58757 0 100
485 58797 68 3 58865 0 68
222 59026 82 2 59108 0 82
182 59155 48 3 59203 0 48
519 59289 65 4 59354 0 65
655 59629 81 3 59710 0 81
451 59814 42 3 59856 0 42
340 59924 70 4 59994 0 70
871 60000 54 3 60054 0 54
142 59897 70 3 60091 124 194
418 60252 41 4 60293 0 41
221 60227 45 3 60313 41 86
674 60180 69 4 60335 86 155
717 60255 70 4 60405 80 150
982 60411 49 2 60460 0 49
923 60473 79 3 60552 0 79
755 60598 60 4 60658 0 60
745 60419 86 4 60685 180 266
324 60717 53 2 60770 0 53
938 60234 86 1 60818 498 584
979 61009 64 4 61073 0 64
383 60974 90 3 61128 64 154
89 61255 48 4 61303 0 48
78 61365 43 2 61408 0 43
403 61312 76 4 61431 43 119
832 61581 52 2 61633 0 52
502 61969 74 1 62043 0 74
966 62203 47 4 62250 0 47
984 62155 53 2 62255 47 100
782 62119 54 2 62273 100 154
637 62318 64 4 62382 0 64
614 62565 50 4 62615 0 50
805 62702 63 4 62765 0 63
568 62619 100 4 62782 63 163
157 63169 79 3 63248 0 79
433 63289 71 4 63360 0 71
531 63599 53 4 63652 0 53
974 63786 53 3 63839 0 53
729 63900 44 4 63944 0 44
421 63876 48 1 63968 44 92
869 63815 74 4 64005 116 190
456 64031 62 4 64093 0 62
75 64071 71 4 64164 22 93
46 64250 65 4 64315 0 65
312 64210 79 4 64354 65 144
699 64328 86 3 64440 26 112
5 64647 41 3 64688 0 41
489 64671 42 4 64730 17 59
120 64605 54 4 64742 83 137
101 64998 60 1 65058 0 60
366 65077 56 1 65133 0 56
464 65104 66 4 65199 29 95
868 65174 74 4 65273 25 99
822 65014 75 3 65329 240 315
283 65428 51 4 65479 0 51
506 65889 61 4 65950 0 61
633 65830 62 1 65953 61 123
360 65981 53 3 66034 0 53
19 65934 67 4 66073 72 139
936 66152 77 3 66229 0 77
428 65936 84 3 66234 214 298
203 66440 48 4 66488 0 48
621 66568 48 3 66616 0 48
952 66576 68 3 66684 40 108
20 66810 31 1 66841 0 31
376 66780 67 4 66878 31 98
993 67048 70 4 67118 0 70
728 67361 44 4 67405 0 44
918 67454 38 4 67492 0 38
43 67662 57 3 67719 0 57
435 67724 45 3 67769 0 45
419 67804 71 2 67875 0 71
234 67759 76 3 67916 81 157
17 67718 76 1 67987 193 269
565 68017 56 3 68073 0 56
469 68079 74 4 68153 0 74
145 68227 37 4 68264 0 37
23 68195 54 3 68286 37 91
374 68324 57 3 68381 0 57
239 68649 53 4 68702 0 53
735 68609 55 3 68717 53 108
818 68695 84 3 68801 22 106
849 68819 46 2 68865 0 46
693 68853 53 3 68918 12 65
317 68949 57 2 69006 0 57
894 68902 69 4 69044 73 142
576 69341 49 3 69390 0 49
270 69313 66 4 69428 49 115
184 69698 35 2 69733 0 35
638 69650 54 3 69739 35 89
325 70087 40 4 70127 0 40
292 70164 77 4 70241 0 77
863 70313 64 3 70377 0 64
467 70350 71 4 70448 27 98
399 70449 37 4 70486 0 37
684 70774 58 4 70832 0 58
415 70887 59 3 70946 0 59
953 70980 53 3 71033 0 53
971 71110 32 3 71142 0 32
6 71358 64 2 71422 0 64
218 71702 60 2 71762 0 60
204 71768 60 3 71828 0 60
994 71843 62 3 71905 0 62
980 71833 65 4 71960 62 127
884 72145 61 2 72206 0 61
508 72244 61 4 72305 0 61
625 72334 67 3 72401 0 67
715 72547 49 2 72596 0 49
820 72469 78 3 72596 49 127
161 72988 78 1 73066 0 78
163 73162 41 4 73203 0 41
125 73200 50 4 73253 3 53
488 73337 77 4 73414 0 77
656 73441 59 3 73500 0 59
347 73737 90 3 73827 0 90
629 74340 49 4 74389 0 49
847 74290 86 2 74425 49 135
400 74469 65 4 74534 0 65
241 74639 65 3 74704 0 65
462 75345 51 2 75396 0 51
671 75554 56 4 75610 0 56
7 75549 85 2 75690 56 141
525 75758 32 1 75790 0 32
946 75724 70 1 75826 32 102
802 76055 92 4 76147 0 92
37 76887 51 4 76938 0 51
737 76980 31 4 77011 0 31
606 77203 57 4 77260 0 57
417 78057 49 4 78106 0 49
644 78258 72 3 78330 0 72
852 78977 49 4 79026 0 49
459 79481 54 2 79535 0 54
170 79697 65 1 79762 0 65
681 79892 40 3 79932 0 40
911 79857 84 4 79981 40 124
162 80491 89 3 80580 0 89
696 80654 68 1 80722 0 68
194 80905 38 4 80943 0 38
83 80986 60 1 81046 0 60
183 80894 67 3 81059 98 165
250 81181 53 4 81234 0 53
521 81287 81 4 81368 0 81
68 81805 69 2 81874 0 69
939 82173 77 1 82250 0 77
282 82482 42 2 82524 0 42
232 82401 82 2 82525 42 124
552 82887 85 3 82972 0 85
51 83296 53 4 83349 0 53
193 83634 77 3 83711 0 77
983 83982 49 2 84031 0 49
166 83952 60 4 84061 49 109
272 84226 33 4 84259 0 33
830 84353 55 2 84408 0 55
31 84707 39 4 84746 0 39
795 84800 58 4 84858 0 58
586 85061 33 2 85094 0 33
108 85736 42 4 85778 0 42
391 86269 55 1 86324 0 55
169 86428 54 4 86482 0 54
21 86380 63 3 86497 54 117
927 86617 37 3 86654 0 37
523 86661 43 2 86704 0 43
898 86770 76 3 86846 0 76
230 86982 57 2 87039 0 57
910 87530 51 4 87581 0 51
925 87487 59 2 87597 51 110
712 88125 73 4 88198 0 73
563 88351 57 1 88408 0 57
359 88489 64 3 88553 0 64
140 89470 45 1 89515 0 45
55 90252 66 4 90318 0 66
705 90884 45 2 90929 0 45
524 91231 76 2 91307 0 76
92 92656 44 4 92700 0 44
245 93311 62 1 93373 0 62
792 95113 57 2 95170 0 57
885 99055 79 3 99134 0 79
