98320 1000 104 58
255 69 23 1 92 0 23
208 233 34 4 267 0 34
957 270 25 1 295 0 25
582 274 32 3 327 21 53
699 358 25 1 383 0 25
153 281 44 2 396 71 115
207 409 36 3 445 0 36
203 447 57 4 504 0 57
761 536 28 4 564 0 28
374 567 50 3 617 0 50
168 515 55 3 648 78 133
145 557 57 1 705 91 148
817 273 59 2 738 406 465
307 631 70 4 808 107 177
101 837 24 3 861 0 24
679 829 46 4 899 24 70
378 943 21 4 964 0 21
44 909 53 4 983 21 74
969 866 55 2 1028 107 162
337 1054 35 4 1089 0 35
792 1048 56 2 1139 35 91
706 1142 44 1 1186 0 44
64 1167 53 3 1239 19 72
486 719 73 4 1268 476 549
49 1323 64 3 1387 0 64
932 1221 76 4 1408 111 187
108 1523 27 4 1550 0 27
745 1552 21 3 1573 0 21
114 1488 48 2 1584 48 96
926 1604 24 4 1628 0 24
879 1616 37 2 1665 12 49
512 1677 37 2 1714 0 37
738 1737 37 4 1774 0 37
522 1656 42 4 1781 83 125
515 1829 25 1 1854 0 25
386 1838 32 1 1886 16 48
615 1809 46 4 1912 57 103
272 1654 50 3 1934 230 280
575 1485 64 4 1975 426 490
54 1977 23 4 2000 0 23
477 1993 58 4 2058 7 65
832 2125 50 2 2175 0 50
295 1875 79 2 2185 231 310
591 2273 57 1 2330 0 57
354 2359 24 3 2383 0 24
542 2399 24 2 2423 0 24
858 2444 31 4 2475 0 31
636 2471 32 3 2507 4 36
485 2511 36 3 2547 0 36
391 2485 39 4 2582 58 97
728 2424 40 4 2602 138 178
762 2377 43 2 2628 208 251
958 2678 29 1 2707 0 29
912 2657 51 1 2737 29 80
514 2517 60 4 2768 191 251
965 2798 22 3 2820 0 22
468 2824 22 1 2846 0 22
751 2820 24 1 2866 22 46
330 2852 38 4 2904 14 52
80 2885 57 2 2961 19 76
87 2326 60 3 2962 576 636
629 2967 39 4 3006 0 39
400 3024 28 3 3052 0 28
430 3113 24 2 3137 0 24
446 3114 30 4 3167 23 53
835 3098 31 4 3183 54 85
749 3106 43 4 3226 77 120
100 3045 52 4 3232 135 187
273 3246 37 4 3283 0 37
628 3260 41 4 3324 23 64
171 3269 57 3 3381 55 112
62 3389 32 2 3421 0 32
947 2257 63 3 3423 1103 1166
232 2236 65 4 3467 1166 1231
693 3504 31 2 3535 0 31
395 3479 32 4 3542 31 63
711 2681 69 2 3599 849 918
33 3626 37 2 3663 0 37
52 3600 51 4 3688 37 88
388 2664 73 4 3760 1023 1096
596 3813 36 4 3849 0 36
426 3798 43 1 3877 36 79
56 3803 59 4 3936 74 133
780 3987 44 4 4031 0 44
427 4040 24 2 4064 0 24
398 4179 26 4 4205 0 26
833 4150 46 3 4222 26 72
600 4118 54 3 4244 72 126
230 4072 60 4 4258 126 186
469 4274 45 3 4319 0 45
45 4331 61 4 4392 0 61
741 4415 34 4 4449 0 34
373 4421 37 4 4486 28 65
877 4446 43 3 4533 44 87
414 4547 34 2 4581 0 34
765 4591 29 3 4620 0 29
195 4525 43 3 4635 67 110
439 4468 47 3 4682 167 214
1000 4736 22 4 4758 0 22
329 4713 29 3 4764 22 51
444 4751 34 4 4798 13 47
666 4585 51 2 4818 182 233
312 4847 31 3 4894 16 47
927 4862 31 3 4909 16 47
766 4612 54 2 4934 268 322
76 5003 23 4 5026 0 23
296 4987 29 4 5039 23 52
249 4961 33 2 5046 52 85
271 4343 62 4 5058 653 715
538 5074 50 4 5124 0 50
867 4002 64 2 5127 1061 1125
236 3843 68 4 5144 1233 1301
393 5166 21 3 5187 0 21
55 5159 40 3 5220 21 61
777 4143 70 4 5275 1062 1132
170 5374 25 3 5399 0 25
94 5352 41 3 5418 25 66
466 5405 64 4 5482 13 77
603 5289 68 3 5487 130 198
790 5501 55 1 5556 0 55
90 4517 73 2 5601 1011 1084
794 5619 21 2 5640 0 21
284 3128 74 3 5695 2493 2567
259 3974 74 3 5732 1684 1758
527 5761 40 3 5801 0 40
733 3156 76 1 5848 2616 2692
109 5923 32 2 5955 0 32
574 5885 64 4 5981 32 96
420 6039 38 3 6077 0 38
840 5887 66 2 6085 132 198
644 3956 81 3 6129 2092 2173
503 6149 42 3 6191 0 42
277 6176 46 3 6237 15 61
893 3521 83 4 6300 2696 2779
544 6306 24 4 6330 0 24
35 6335 33 4 6368 0 33
422 6326 52 3 6415 37 89
866 6432 49 1 6481 0 49
132 6500 30 1 6530 0 30
334 6541 36 4 6577 0 36
19 5135 87 2 6611 1389 1476
799 6620 30 2 6650 0 30
327 6803 78 2 6881 0 78
125 6960 21 4 6981 0 21
266 6964 28 4 7009 17 45
223 7072 36 3 7108 0 36
793 7039 43 3 7118 36 79
458 7010 44 4 7133 79 123
789 7137 28 1 7165 0 28
340 7222 34 4 7256 0 34
358 7203 35 4 7272 34 69
989 6969 55 4 7284 260 315
120 7330 59 3 7389 0 59
402 7314 67 4 7440 59 126
838 7454 21 3 7475 0 21
501 7311 79 2 7537 147 226
616 7682 32 3 7714 0 32
924 7771 38 2 7809 0 38
567 7836 47 4 7883 0 47
128 7876 48 3 7931 7 55
752 7962 52 2 8014 0 52
907 7962 53 4 8067 52 105
6 7955 66 3 8126 105 171
384 7770 71 3 8145 304 375
436 8157 53 3 8257 47 100
473 8163 53 3 8263 47 100
730 8270 45 3 8315 0 45
613 8326 21 4 8347 0 21
946 8324 22 4 8367 21 43
166 8317 23 4 8383 43 66
676 8384 20 2 8404 0 20
539 8432 21 1 8453 0 21
438 8352 39 4 8463 72 111
156 8468 24 4 8492 0 24
570 8278 77 4 8562 207 284
97 8602 51 1 8653 0 51
519 7910 97 4 8691 684 781
599 8706 57 3 8763 0 57
531 8786 23 3 8809 0 23
26 8835 21 4 8856 0 21
923 8856 24 4 8880 0 24
829 8872 29 3 8909 8 37
48 8830 33 4 8937 74 107
855 8750 86 4 8979 143 229
658 9138 31 4 9169 0 31
662 9242 22 4 9264 0 22
165 9227 29 2 9278 22 51
622 9357 67 4 9424 0 67
463 9497 29 3 9526 0 29
656 9472 71 3 9572 29 100
28 9784 35 2 9819 0 35
880 9899 43 1 9942 0 43
895 9988 68 4 10056 0 68
14 10238 50 4 10288 0 50
36 10324 51 2 10375 0 51
196 10235 55 2 10391 101 156
823 10520 31 3 10551 0 31
694 10586 73 4 10659 0 73
624 10661 74 2 10735 0 74
925 10760 24 3 10784 0 24
982 10543 75 1 10797 179 254
684 10571 90 3 10887 226 316
169 10993 29 4 11022 0 29
548 11023 63 2 11086 0 63
690 10924 88 3 11104 92 180
825 10619 91 2 11158 448 539
253 11159 33 4 11192 0 33
348 11229 42 4 11271 0 42
344 11302 23 3 11325 0 23
214 11333 26 4 11359 0 26
99 11317 34 3 11385 34 68
901 11369 37 3 11422 16 53
60 11277 45 4 11442 120 165
980 11495 22 4 11517 0 22
13 11296 73 3 11537 168 241
962 11649 21 4 11670 0 21
285 11690 26 4 11716 0 26
859 11816 42 2 11858 0 42
287 11826 43 1 11901 32 75
572 11909 43 4 11952 0 43
585 11960 21 4 11981 0 21
904 12015 35 2 12050 0 35
579 12068 54 3 12122 0 54
769 11923 62 2 12124 139 201
865 11845 87 3 12203 271 358
819 12252 23 4 12275 0 23
417 12281 26 1 12307 0 26
210 12268 62 2 12363 33 95
112 12491 30 4 12521 0 30
634 12500 35 1 12556 21 56
107 12444 64 4 12573 65 129
474 12600 47 3 12647 0 47
103 12488 74 4 12694 132 206
954 12368 77 4 12695 250 327
498 12755 26 3 12781 0 26
98 12338 87 4 12803 378 465
359 12815 45 3 12860 0 45
451 12936 23 4 12959 0 23
12 12476 91 4 12962 395 486
79 13025 41 1 13066 0 41
241 13030 44 3 13110 36 80
381 13078 57 4 13167 32 89
353 13238 35 4 13273 0 35
731 13281 27 1 13308 0 27
433 13377 20 3 13397 0 20
546 13357 31 2 13408 20 51
302 13372 33 3 13441 36 69
68 13468 39 3 13507 0 39
183 13519 23 4 13542 0 23
633 13516 29 4 13568 23 52
559 13535 30 1 13598 33 63
305 13604 49 2 13653 0 49
276 13661 73 3 13734 0 73
740 13632 81 4 13807 94 175
449 13843 43 4 13886 0 43
122 13391 87 2 13895 417 504
956 13904 38 2 13942 0 38
240 13917 50 3 13992 25 75
452 14014 48 4 14062 0 48
16 14097 34 4 14131 0 34
717 14155 37 1 14192 0 37
364 14129 43 2 14211 39 82
664 13925 64 1 14218 229 293
964 14301 22 3 14323 0 22
82 14289 30 1 14341 22 52
888 14372 32 4 14404 0 32
500 14298 32 2 14405 75 107
118 14447 24 2 14471 0 24
898 14357 62 2 14491 72 134
265 13949 74 1 14494 471 545
568 14568 21 4 14589 0 21
263 14630 49 3 14679 0 49
489 14611 78 4 14738 49 127
21 14896 41 1 14937 0 41
447 14856 78 3 14975 41 119
135 15070 55 3 15125 0 55
309 15185 44 2 15229 0 44
162 15144 51 2 15239 44 95
389 15248 30 4 15278 0 30
883 15254 39 4 15317 24 63
533 15326 22 3 15348 0 22
723 15196 67 4 15397 134 201
999 15444 43 4 15487 0 43
129 15494 45 2 15539 0 45
172 15546 35 4 15581 0 35
164 15677 20 4 15697 0 20
715 15644 46 3 15710 20 66
53 15620 47 3 15733 66 113
597 15443 69 1 15748 236 305
280 15826 55 3 15881 0 55
136 15788 74 4 15917 55 129
193 16080 22 4 16102 0 22
750 16046 53 4 16121 22 75
902 16153 58 4 16211 0 58
401 16209 81 3 16292 2 83
155 16318 34 4 16352 0 34
812 16535 21 3 16556 0 21
148 16534 46 3 16601 21 67
670 16699 45 3 16744 0 45
59 16754 29 4 16783 0 29
261 16797 21 3 16818 0 21
635 16798 35 3 16853 20 55
612 16793 47 4 16896 56 103
513 16886 50 4 16946 10 60
995 17064 22 4 17086 0 22
269 17185 43 3 17228 0 43
184 17339 58 4 17397 0 58
495 17306 76 3 17440 58 134
442 17397 97 3 17537 43 140
937 17547 40 4 17587 0 40
178 17642 30 3 17672 0 30
646 17664 71 2 17743 8 79
289 17785 27 4 17812 0 27
716 18023 25 1 18048 0 25
478 18179 49 1 18228 0 49
92 18238 37 4 18275 0 37
983 18244 38 4 18313 31 69
714 18358 29 4 18387 0 29
455 18394 48 3 18442 0 48
894 18241 53 4 18443 149 202
493 18461 37 2 18498 0 37
729 18537 21 4 18558 0 21
91 18460 60 2 18578 58 118
772 18590 35 1 18625 0 35
856 18432 67 3 18663 164 231
499 18675 32 4 18707 0 32
418 18682 42 4 18749 25 67
227 18516 74 4 18811 221 295
566 18833 50 3 18883 0 50
18 18849 55 3 18938 34 89
217 18874 63 1 19001 64 127
857 18863 64 1 19065 138 202
220 19076 40 4 19116 0 40
800 18234 83 3 19162 845 928
197 19174 31 4 19205 0 31
580 18546 85 3 19278 647 732
311 19362 26 4 19388 0 26
760 19426 43 2 19469 0 43
78 19664 29 4 19693 0 29
177 19691 35 2 19728 2 37
366 19746 62 4 19808 0 62
618 19670 64 4 19854 120 184
534 19694 64 2 19918 160 224
594 19957 22 1 19979 0 22
782 19673 80 4 20020 267 347
696 20115 20 3 20135 0 20
471 20171 59 1 20230 0 59
975 20260 52 3 20312 0 52
973 20209 63 4 20345 73 136
352 20361 43 1 20404 0 43
222 20258 63 3 20451 130 193
111 20323 74 3 20525 128 202
945 20074 82 3 20530 374 456
144 20722 24 4 20746 0 24
968 20795 26 4 20821 0 26
69 20782 36 4 20844 26 62
985 20728 40 3 20848 80 120
659 20658 74 3 20858 126 200
620 20965 46 4 21011 0 46
25 21030 47 3 21077 0 47
933 21100 31 2 21131 0 31
341 20993 48 4 21137 96 144
669 21183 29 2 21212 0 29
663 21151 35 2 21215 29 64
722 21240 31 4 21271 0 31
377 21255 34 2 21305 16 50
654 21181 44 4 21324 99 143
875 21211 72 3 21396 113 185
454 21186 75 4 21471 210 285
83 21521 41 2 21562 0 41
262 21524 46 2 21608 38 84
435 21635 25 4 21660 0 25
583 21687 26 4 21713 0 26
803 21682 39 4 21747 26 65
320 21610 66 4 21766 90 156
149 21171 75 2 21789 543 618
692 21739 80 2 21869 50 130
942 21460 81 3 21950 409 490
32 22030 37 4 22067 0 37
2 22132 24 2 22156 0 24
464 22167 26 4 22193 0 26
668 22147 40 1 22222 35 75
951 22108 46 4 22244 90 136
369 22030 62 2 22265 173 235
318 21262 82 2 22267 923 1005
274 22355 31 2 22386 0 31
382 22420 41 3 22461 0 41
917 22499 32 3 22531 0 32
943 22561 66 4 22627 0 66
306 22773 37 2 22810 0 37
704 22732 48 3 22817 37 85
661 22701 49 4 22835 85 134
528 22953 38 1 22991 0 38
351 23226 22 4 23248 0 22
368 23341 24 3 23365 0 24
383 23360 25 4 23390 5 30
744 23408 39 3 23447 0 39
930 23347 39 2 23468 82 121
58 23398 41 2 23509 70 111
671 23526 29 2 23555 0 29
205 23404 47 4 23585 134 181
963 23296 48 3 23588 244 292
437 23393 63 3 23651 195 258
411 23672 34 2 23706 0 34
219 23701 54 2 23760 5 59
569 23319 70 4 23809 420 490
678 23815 78 4 23893 0 78
949 23903 59 2 23962 0 59
641 23999 36 4 24035 0 36
194 24045 27 3 24072 0 27
934 24075 49 2 24124 0 49
476 24156 41 4 24197 0 41
27 24186 46 4 24243 11 57
630 24280 27 2 24307 0 27
480 24269 39 2 24335 27 66
607 24269 40 4 24375 66 106
140 24321 47 3 24422 54 101
675 24180 58 4 24454 216 274
260 24280 61 1 24515 174 235
688 24537 23 3 24560 0 23
806 24617 22 2 24639 0 22
550 24657 50 4 24707 0 50
8 24581 62 4 24715 72 134
681 24162 64 1 24736 510 574
336 24519 66 4 24802 217 283
944 24821 39 4 24860 0 39
290 24946 28 2 24974 0 28
720 24990 26 3 25016 0 26
376 24959 43 3 25043 41 84
441 25059 40 4 25099 0 40
719 25110 24 4 25134 0 24
710 24999 76 1 25183 108 184
850 25137 92 2 25275 46 138
940 25307 78 4 25385 0 78
421 25413 32 4 25445 0 32
992 25392 62 3 25486 32 94
188 25492 23 3 25515 0 23
175 25511 24 2 25539 4 28
286 25552 27 4 25579 0 27
928 25595 39 4 25634 0 39
127 25560 69 4 25687 58 127
1 25739 28 4 25767 0 28
235 25802 64 2 25866 0 64
708 25790 72 3 25926 64 136
234 25948 62 3 26010 0 62
365 26032 55 4 26087 0 55
914 25961 67 2 26132 104 171
915 26077 77 4 26209 55 132
604 26255 21 2 26276 0 21
115 26262 43 4 26319 14 57
511 26332 39 3 26371 0 39
779 26327 75 4 26441 39 114
742 26667 35 4 26702 0 35
882 26745 23 4 26768 0 23
106 26690 47 3 26772 35 82
504 26809 30 2 26839 0 30
758 26854 66 4 26920 0 66
404 27007 38 4 27045 0 38
826 27057 24 4 27081 0 24
518 27089 22 3 27111 0 22
63 27075 34 1 27137 28 62
589 27062 37 2 27174 75 112
431 27004 40 3 27199 155 195
959 27295 21 1 27316 0 21
267 27279 39 4 27339 21 60
640 27229 50 3 27339 60 110
913 27342 22 4 27364 0 22
268 27153 60 1 27391 178 238
20 26938 74 1 27399 387 461
778 27357 77 2 27476 42 119
57 27511 29 3 27540 0 29
467 27560 27 2 27587 0 27
848 27631 32 3 27663 0 32
40 27706 33 3 27739 0 33
110 27742 24 4 27766 0 24
152 27945 23 1 27968 0 23
258 28035 20 3 28055 0 20
626 28101 63 3 28164 0 63
972 28194 26 4 28220 0 26
167 28302 29 4 28331 0 29
313 28376 39 3 28415 0 39
701 28332 49 4 28420 39 88
228 28489 63 3 28552 0 63
291 28608 30 3 28638 0 30
508 28599 72 3 28701 30 102
921 28519 82 4 28736 135 217
323 28943 43 3 28986 0 43
625 29054 32 4 29086 0 32
820 29115 20 4 29135 0 20
275 29055 36 4 29142 51 87
10 29083 53 4 29195 59 112
300 29202 23 3 29225 0 23
324 29172 59 1 29277 46 105
201 29302 33 3 29335 0 33
739 29378 28 4 29406 0 28
346 29411 43 3 29454 0 43
610 29333 50 2 29456 73 123
316 29460 51 3 29511 0 51
608 29454 56 3 29563 53 109
189 29416 57 3 29620 147 204
709 29514 62 3 29682 106 168
520 29200 62 1 29719 457 519
95 29136 73 1 29792 583 656
322 29809 23 4 29832 0 23
294 29843 39 4 29882 0 39
42 29860 80 3 29962 22 102
549 30230 21 3 30251 0 21
332 30239 33 1 30284 12 45
609 30295 71 4 30366 0 71
781 30559 21 3 30580 0 21
869 30653 28 4 30681 0 28
906 30779 43 3 30822 0 43
3 30891 45 4 30936 0 45
123 31091 36 4 31127 0 36
179 31115 62 4 31189 12 74
158 31219 32 4 31251 0 32
479 31196 59 3 31287 32 91
502 31289 63 3 31352 0 63
753 31019 83 4 31354 252 335
621 31530 48 1 31578 0 48
198 31478 56 2 31582 48 104
424 31618 66 1 31684 0 66
392 31688 44 4 31732 0 44
541 31909 42 3 31951 0 42
910 32046 43 1 32089 0 43
863 32181 29 3 32210 0 29
104 32140 59 4 32228 29 88
413 32232 46 2 32278 0 46
756 32038 65 4 32280 177 242
243 32057 66 4 32346 223 289
147 32407 47 1 32454 0 47
71 32548 72 2 32620 0 72
226 32668 22 3 32690 0 22
876 32808 78 2 32886 0 78
556 32892 61 3 32953 0 61
638 33018 56 3 33074 0 56
224 33065 61 1 33135 9 70
617 33264 26 1 33290 0 26
361 33310 27 4 33337 0 27
7 33228 73 1 33354 53 126
347 33412 67 1 33479 0 67
448 33577 34 4 33611 0 34
571 33514 81 3 33629 34 115
563 33721 51 4 33772 0 51
428 33756 73 1 33845 16 89
481 33945 51 1 33996 0 51
113 34077 42 2 34119 0 42
873 33989 91 3 34129 49 140
734 34181 56 1 34237 0 56
288 34246 66 3 34312 0 66
423 34386 50 4 34477 41 91
482 34395 50 4 34486 41 91
815 34553 43 4 34596 0 43
804 34568 74 1 34670 28 102
686 34803 30 4 34833 0 30
517 34860 30 3 34890 0 30
375 35092 25 3 35117 0 25
185 35125 25 2 35150 0 25
990 35124 26 4 35175 25 51
899 35180 27 1 35207 0 27
860 35145 31 1 35233 57 88
573 35206 44 3 35277 27 71
700 35278 21 4 35299 0 21
845 35310 49 4 35359 0 49
460 35388 33 1 35421 0 33
11 35363 40 4 35436 33 73
960 35328 50 4 35482 104 154
239 35200 66 2 35536 270 336
292 35732 33 4 35765 0 33
233 35908 38 3 35946 0 38
23 36258 26 4 36284 0 26
242 36489 37 4 36526 0 37
974 36782 38 1 36820 0 38
335 36974 68 3 37042 0 68
770 37050 52 4 37102 0 52
491 37217 52 4 37269 0 52
299 37282 32 2 37314 0 32
181 37302 37 4 37351 12 49
530 37345 39 1 37390 6 45
796 37447 51 3 37498 0 51
74 37586 89 3 37675 0 89
191 37793 52 4 37845 0 52
279 37872 47 3 37919 0 47
979 38010 27 3 38037 0 27
645 37941 69 4 38037 27 96
415 38137 86 3 38223 0 86
246 38230 31 4 38261 0 31
619 38245 58 3 38319 16 74
326 38323 21 4 38344 0 21
331 38565 58 1 38623 0 58
407 38846 35 3 38881 0 35
642 38823 56 2 38914 35 91
864 38967 53 2 39020 0 53
221 39078 27 2 39105 0 27
29 39125 27 3 39152 0 27
524 39176 30 4 39206 0 30
774 39333 66 3 39399 0 66
843 39416 48 3 39464 0 48
85 39503 41 3 39544 0 41
397 39573 24 1 39597 0 24
687 39547 50 3 39621 24 74
39 39830 22 2 39852 0 22
768 39842 32 4 39884 10 42
881 39872 42 2 39926 12 54
367 39982 28 4 40010 0 28
601 39972 41 4 40041 28 69
174 40042 22 3 40064 0 22
416 39838 70 2 40087 179 249
587 40130 38 3 40168 0 38
141 40139 41 2 40209 29 70
545 39987 80 4 40246 179 259
916 40253 32 3 40285 0 32
737 40372 24 3 40396 0 24
598 40325 58 4 40407 24 82
606 40448 26 1 40474 0 26
695 40451 44 2 40518 23 67
31 40562 50 2 40612 0 50
724 40476 52 2 40620 92 144
785 40429 77 3 40678 172 249
211 40225 83 2 40692 384 467
540 40799 39 3 40838 0 39
475 40853 22 3 40875 0 22
317 40818 68 3 40928 42 110
338 40755 69 2 40953 129 198
30 40974 39 2 41013 0 39
814 41282 42 4 41324 0 42
150 41280 44 3 41366 42 86
298 41350 54 2 41420 16 70
496 41446 57 2 41503 0 57
182 41526 35 4 41561 0 35
967 41551 45 4 41606 10 55
505 41467 65 4 41648 116 181
160 41674 47 4 41721 0 47
488 41771 31 4 41802 0 31
813 41849 37 3 41914 28 65
824 41858 37 3 41923 28 65
532 41963 35 1 41998 0 35
51 42006 30 2 42036 0 30
931 42008 53 2 42089 28 81
987 41831 76 4 42099 192 268
849 42106 35 4 42141 0 35
215 42150 41 4 42191 0 41
440 42224 35 3 42259 0 35
456 42300 35 4 42335 0 35
547 42257 70 3 42364 37 107
525 42272 71 3 42435 92 163
726 42459 51 3 42510 0 51
176 42584 38 4 42622 0 38
886 42716 43 4 42759 0 43
577 42846 29 3 42875 0 29
173 42892 47 2 42939 0 47
425 42970 23 3 42993 0 23
988 43067 28 2 43095 0 28
146 43207 32 4 43239 0 32
578 43209 34 4 43273 30 64
385 43484 55 3 43539 0 55
34 43770 51 2 43821 0 51
315 43846 22 3 43868 0 22
795 43914 52 2 43966 0 52
24 43904 63 2 44019 52 115
878 43879 69 3 44063 115 184
897 44133 37 2 44170 0 37
576 44203 27 3 44230 0 27
206 44256 36 2 44292 0 36
748 44433 44 3 44477 0 44
434 44539 27 3 44566 0 27
754 44592 58 2 44650 0 58
647 44654 22 3 44676 0 22
851 44515 77 4 44699 107 184
834 44706 21 3 44727 0 21
595 44795 67 3 44862 0 67
84 44896 38 1 44934 0 38
387 44911 40 3 44974 23 63
77 44944 42 3 45016 30 72
9 44933 45 3 45061 83 128
408 45108 30 3 45138 0 30
65 45033 52 4 45143 58 110
564 44801 73 2 45182 308 381
301 45221 38 3 45259 0 38
637 45220 94 2 45352 38 132
310 45461 26 1 45487 0 26
154 45489 25 4 45514 0 25
653 45529 51 3 45580 0 51
872 45461 57 4 45620 102 159
213 45388 77 3 45624 159 236
891 45713 28 4 45741 0 28
557 46017 85 2 46102 0 85
870 46127 38 4 46165 0 38
270 46194 23 4 46217 0 23
952 46119 42 4 46222 61 103
712 46134 56 4 46278 88 144
264 46220 93 4 46371 58 151
238 46493 45 4 46538 0 45
88 46512 63 3 46601 26 89
282 46662 40 4 46702 0 40
360 46615 64 3 46719 40 104
773 46840 34 4 46874 0 34
703 46855 54 1 46928 19 73
896 46940 47 4 46987 0 47
134 46925 58 1 47033 50 108
984 47166 34 1 47200 0 34
786 47300 26 3 47326 0 26
443 47233 75 3 47334 26 101
186 47215 79 3 47395 101 180
218 47506 22 3 47528 0 22
920 47671 33 3 47704 0 33
204 47709 60 4 47769 0 60
764 47634 82 4 47809 93 175
229 47821 31 4 47852 0 31
362 47858 41 4 47899 0 41
743 47854 48 1 47943 41 89
319 47947 27 2 47974 0 27
905 48184 85 3 48269 0 85
776 48292 79 4 48371 0 79
890 48428 23 3 48451 0 23
225 48510 57 4 48567 0 57
677 48594 23 2 48617 0 23
202 48607 24 4 48641 10 34
788 48663 53 3 48716 0 53
811 48732 98 4 48830 0 98
47 48856 73 3 48929 0 73
5 48967 21 4 48988 0 21
955 49072 20 3 49092 0 20
643 49074 41 3 49133 18 59
535 49177 32 4 49209 0 32
650 49089 46 2 49211 76 122
683 49223 42 4 49265 0 42
465 49096 49 3 49302 157 206
137 49413 29 1 49442 0 29
632 49386 50 4 49465 29 79
938 49478 24 4 49502 0 24
698 49604 30 4 49634 0 30
130 49621 42 4 49676 13 55
529 49778 79 3 49857 0 79
248 49860 36 4 49896 0 36
911 49904 65 4 49969 0 65
143 50015 52 4 50067 0 52
81 50191 69 1 50260 0 69
827 50268 28 4 50296 0 28
405 50168 72 2 50337 97 169
523 50363 48 2 50411 0 48
680 50402 65 3 50476 9 74
124 50535 47 4 50582 0 47
808 50236 90 3 50587 261 351
303 50635 33 3 50668 0 33
981 50774 31 3 50805 0 31
836 50747 33 4 50811 31 64
257 50720 69 4 50853 64 133
66 50742 81 4 50934 111 192
757 50884 81 3 51015 50 131
665 51266 31 2 51297 0 31
4 51293 52 2 51349 4 56
492 51387 22 2 51409 0 22
611 51356 55 1 51433 22 77
561 51299 63 4 51489 127 190
50 51300 66 4 51555 189 255
256 51683 38 3 51721 0 38
900 51775 24 2 51799 0 24
842 51798 34 2 51833 1 35
581 51986 46 4 52032 0 46
552 52008 50 3 52082 24 74
131 51982 66 3 52144 96 162
592 52272 70 3 52342 0 70
43 52230 77 4 52377 70 147
672 52187 79 4 52413 147 226
887 52463 51 2 52514 0 51
590 52454 53 4 52558 51 104
667 52638 24 1 52662 0 24
553 52757 21 3 52778 0 21
526 52748 24 4 52793 21 45
151 52832 53 3 52885 0 53
816 53084 57 4 53141 0 57
759 53283 22 4 53305 0 22
844 53233 69 4 53324 22 91
705 53375 49 2 53424 0 49
649 53427 69 2 53496 0 69
551 53596 53 3 53649 0 53
308 53564 87 4 53704 53 140
157 53737 43 4 53780 0 43
231 53751 56 2 53836 29 85
586 53894 54 4 53948 0 54
396 54059 43 2 54102 0 43
371 54229 26 3 54255 0 26
41 54209 35 4 54270 26 61
736 54448 55 4 54503 0 55
936 54536 49 4 54585 0 49
117 54624 32 3 54656 0 32
370 54523 62 1 54666 81 143
237 54688 30 3 54718 0 30
685 55006 33 4 55039 0 33
487 55257 39 4 55296 0 39
61 55204 76 4 55319 39 115
903 55320 49 3 55369 0 49
763 55402 28 3 55430 0 28
721 55437 22 2 55459 0 22
506 55527 53 4 55580 0 53
735 55553 66 3 55646 27 93
349 55429 83 4 55654 142 225
655 55747 23 1 55770 0 23
560 56132 38 3 56170 0 38
461 56619 37 4 56656 0 37
403 56825 27 4 56852 0 27
702 56897 63 1 56960 0 63
831 57137 53 2 57190 0 53
254 57182 62 2 57252 8 70
457 57281 25 4 57306 0 25
727 57282 74 2 57380 24 98
689 57440 49 4 57489 0 49
345 57575 46 4 57621 0 46
159 57662 40 4 57702 0 40
163 57669 44 3 57746 33 77
459 57933 45 4 57978 0 45
588 58081 62 1 58143 0 62
996 58213 25 4 58238 0 25
892 58168 56 3 58249 25 81
839 58369 50 4 58419 0 50
885 58585 26 4 58611 0 26
470 58533 68 2 58627 26 94
784 58686 33 4 58719 0 33
96 58670 35 3 58738 33 68
37 58749 48 4 58797 0 48
209 58734 89 4 58875 52 141
409 58903 37 2 58940 0 37
854 59043 86 3 59129 0 86
614 59193 51 4 59244 0 51
853 59296 26 3 59322 0 26
484 59405 56 3 59461 0 56
818 59731 39 4 59770 0 39
697 59819 39 2 59858 0 39
862 59902 55 3 59957 0 55
961 59959 50 3 60009 0 50
809 60282 29 2 60311 0 29
357 60391 42 4 60433 0 42
38 60400 46 1 60479 33 79
797 60480 22 3 60502 0 22
908 60524 28 4 60552 0 28
252 60429 63 4 60592 100 163
516 60669 31 2 60700 0 31
333 60482 80 1 60703 141 221
707 60710 21 3 60731 0 21
953 60806 40 3 60846 0 40
874 61160 23 4 61183 0 23
977 61174 26 3 61209 9 35
250 61160 39 3 61248 49 88
212 61128 46 4 61262 88 134
494 61289 37 4 61326 0 37
755 61452 44 4 61496 0 44
871 61632 28 2 61660 0 28
67 61922 43 4 61965 0 43
244 62394 32 4 62426 0 32
304 62509 31 3 62540 0 31
673 62628 32 2 62660 0 32
394 62650 41 4 62701 10 51
138 62902 20 3 62922 0 20
846 62912 55 4 62977 10 65
584 63143 45 1 63188 0 45
283 63317 46 2 63363 0 46
991 63388 87 3 63475 0 87
199 63556 27 3 63583 0 27
245 63666 44 2 63710 0 44
747 63685 67 1 63777 25 92
297 63654 82 2 63847 111 193
994 63913 42 4 63955 0 42
558 63994 91 2 64085 0 91
941 64184 31 4 64215 0 31
72 64592 91 3 64683 0 91
180 65007 36 4 65043 0 36
660 65044 27 3 65071 0 27
321 64964 59 2 65086 63 122
918 65147 38 4 65185 0 38
342 65362 28 4 65390 0 28
406 65640 48 2 65688 0 48
631 66238 30 1 66268 0 30
102 66242 46 3 66314 26 72
142 66310 65 4 66379 4 69
732 66434 40 3 66474 0 40
251 66432 64 3 66536 40 104
116 66700 20 4 66720 0 20
623 67038 28 3 67066 0 28
412 67373 48 4 67421 0 48
73 67512 58 4 67570 0 58
432 67688 43 2 67731 0 43
86 67684 60 4 67787 43 103
830 67884 21 3 67905 0 21
339 67928 53 3 67981 0 53
507 67876 83 1 68033 74 157
293 68178 26 4 68204 0 26
775 68371 21 4 68392 0 21
602 68691 22 4 68713 0 22
46 68722 65 4 68787 0 65
200 68841 25 1 68866 0 25
939 68716 95 3 68901 90 185
372 68962 39 2 69001 0 39
725 68957 57 2 69053 39 96
70 69304 32 4 69336 0 32
986 69313 52 4 69388 23 75
343 69625 34 3 69659 0 34
281 69843 83 3 69926 0 83
22 69985 45 4 70030 0 45
997 69983 68 2 70096 45 113
15 70146 54 1 70200 0 54
837 70411 52 4 70463 0 52
190 70628 21 4 70649 0 21
133 70661 23 4 70684 0 23
543 70646 39 2 70711 26 65
380 70877 28 3 70905 0 28
350 70844 33 3 70905 28 61
971 70850 66 2 70971 55 121
247 70998 51 3 71049 0 51
521 71212 69 4 71281 0 69
390 71395 22 4 71417 0 22
791 71516 77 3 71593 0 77
161 71784 40 4 71824 0 40
802 71961 30 4 71991 0 30
822 72011 24 2 72035 0 24
93 71918 64 2 72036 54 118
821 72113 47 4 72160 0 47
379 72245 89 3 72334 0 89
593 72372 21 2 72393 0 21
801 72451 33 4 72484 0 33
787 72379 78 4 72504 47 125
909 72780 54 1 72834 0 54
657 73000 23 4 73023 0 23
472 73019 24 2 73047 4 28
841 73322 28 4 73350 0 28
978 73536 86 4 73622 0 86
627 73744 60 4 73804 0 60
355 73896 66 3 73962 0 66
682 74008 49 2 74057 0 49
562 74100 59 4 74159 0 59
121 74276 42 4 74318 0 42
713 74503 27 4 74530 0 27
805 74552 39 4 74591 0 39
105 74673 47 4 74720 0 47
410 74840 44 4 74884 0 44
852 74857 48 1 74932 27 75
970 75255 30 2 75285 0 30
648 75440 60 2 75500 0 60
771 76006 48 3 76054 0 48
216 76149 28 3 76177 0 28
929 76601 26 1 76627 0 26
652 76641 25 3 76666 0 25
325 76761 79 3 76840 0 79
767 77182 28 2 77210 0 28
868 77144 53 4 77225 28 81
399 77529 47 1 77576 0 47
445 77650 24 2 77674 0 24
314 78167 50 2 78217 0 50
847 78731 62 3 78793 0 62
356 78960 53 3 79013 0 53
966 79097 32 3 79129 0 32
450 79170 49 4 79219 0 49
462 79135 50 4 79234 49 99
828 79444 54 4 79498 0 54
674 79874 43 3 79917 0 43
718 79903 51 4 79968 14 65
935 80040 58 3 80098 0 58
993 80976 70 3 81046 0 70
490 81062 29 2 81091 0 29
429 81178 66 4 81244 0 66
192 81493 58 4 81551 0 58
555 81553 37 1 81590 0 37
861 81755 52 3 81807 0 52
639 82082 59 4 82141 0 59
187 82556 27 4 82583 0 27
17 83444 49 4 83493 0 49
537 83666 22 3 83688 0 22
998 83956 30 3 83986 0 30
976 83914 60 4 84004 30 90
798 84376 28 4 84404 0 28
691 84315 82 4 84425 28 110
889 85016 56 4 85072 0 56
278 85198 51 2 85249 0 51
139 85439 85 2 85524 0 85
126 85567 36 3 85603 0 36
554 86180 41 4 86221 0 41
948 86239 28 4 86267 0 28
919 86241 89 4 86356 26 115
884 87198 26 2 87224 0 26
497 87197 85 2 87308 26 111
950 87665 28 3 87693 0 28
363 87899 38 3 87937 0 38
483 88021 39 2 88060 0 39
453 88381 36 2 88417 0 36
783 88408 80 2 88497 9 89
651 88797 85 4 88882 0 85
119 89913 28 4 89941 0 28
746 90971 42 4 91013 0 42
510 91247 31 4 91278 0 31
75 91504 42 3 91546 0 42
807 91760 26 3 91786 0 26
419 91940 79 1 92019 0 79
328 92491 34 4 92525 0 34
565 92566 30 1 92596 0 30
605 92887 38 3 92925 0 38
509 93466 65 4 93531 0 65
89 93826 28 2 93854 0 28
922 94245 49 4 94294 0 49
536 95504 69 4 95573 0 69
810 98234 86 2 98320 0 86
