96440 1000 1219 1158
543 24 59 4 83 0 59
107 29 67 1 151 55 122
693 73 56 3 207 78 134
640 111 82 2 290 97 179
224 128 55 3 345 162 217
241 143 51 3 396 202 253
403 149 40 4 436 247 287
481 291 48 4 485 146 194
848 328 42 4 527 157 199
343 396 78 3 605 131 209
725 401 39 3 644 204 243
644 422 69 3 713 222 291
374 479 96 4 810 235 331
773 511 48 4 858 299 347
499 527 70 4 928 331 401
316 529 20 3 948 399 419
170 627 60 3 1008 321 381
645 741 50 4 1059 268 318
602 767 65 4 1124 292 357
263 782 69 4 1193 342 411
71 834 82 3 1275 359 441
923 838 64 3 1339 437 501
1000 943 29 2 1368 396 425
950 956 52 2 1420 412 464
660 1031 50 4 1471 390 440
612 1255 71 3 1542 216 287
434 1290 71 2 1613 252 323
616 1324 59 3 1672 289 348
817 1330 41 4 1713 342 383
471 1463 76 4 1790 251 327
198 1483 55 3 1845 307 362
608 1501 46 2 1891 344 390
921 1505 36 2 1927 386 422
197 1564 87 3 2014 363 450
280 1574 71 2 2085 440 511
837 1697 75 2 2160 388 463
420 1718 61 3 2222 443 504
565 1741 55 3 2277 481 536
297 1842 66 2 2343 435 501
870 1906 61 4 2404 437 498
857 2055 43 2 2447 349 392
99 2130 60 2 2507 317 377
815 2132 38 2 2545 375 413
378 2316 42 2 2588 230 272
118 2322 75 3 2663 266 341
724 2323 46 4 2709 340 386
283 2337 60 1 2769 372 432
727 2407 49 2 2818 362 411
975 2449 100 4 2918 369 469
351 2480 40 4 2958 438 478
461 2492 59 3 3017 466 525
567 2603 65 3 3083 415 480
978 2663 78 3 3161 420 498
967 2708 64 3 3225 453 517
542 2721 73 1 3298 504 577
556 2733 58 4 3356 565 623
452 2737 39 2 3395 619 658
522 2750 46 4 3441 645 691
912 2757 58 3 3499 684 742
93 2770 48 3 3547 729 777
185 2828 44 4 3591 719 763
155 2917 68 4 3659 674 742
482 2972 90 3 3749 687 777
710 2979 37 2 3786 770 807
577 3003 75 4 3861 783 858
449 3083 46 3 3908 779 825
774 3171 62 4 3970 737 799
394 3215 69 2 4039 755 824
528 3294 57 4 4096 745 802
184 3300 50 4 4146 796 846
957 3344 68 1 4214 802 870
246 3344 58 2 4272 870 928
514 3381 49 1 4321 891 940
226 3405 63 2 4384 916 979
625 3564 63 4 4447 820 883
603 3609 88 3 4535 838 926
876 3758 79 3 4614 777 856
524 3889 87 4 4702 726 813
315 3926 63 2 4765 776 839
242 3935 41 3 4806 830 871
72 3944 73 1 4879 862 935
650 3967 60 1 4939 912 972
278 4071 85 2 5024 868 953
717 4071 100 4 5124 953 1053
469 4098 53 1 5177 1026 1079
444 4192 67 3 5244 985 1052
139 4225 54 3 5298 1019 1073
2 4313 59 4 5357 985 1044
112 4329 47 4 5404 1028 1075
371 4331 37 3 5441 1073 1110
740 4346 64 3 5505 1095 1159
951 4356 57 4 5562 1149 1206
636 4440 43 3 5605 1122 1165
665 4467 75 4 5680 1138 1213
744 4495 53 3 5733 1185 1238
924 4530 72 4 5805 1203 1275
477 4531 78 2 5883 1274 1352
799 4581 59 3 5942 1302 1361
290 4587 82 4 6024 1355 1437
623 4656 59 2 6084 1369 1428
946 4675 61 3 6145 1409 1470
265 4704 57 4 6202 1441 1498
235 4769 37 3 6239 1433 1470
647 4785 69 2 6308 1454 1523
407 4802 79 3 6387 1506 1585
827 4950 73 3 6460 1437 1510
919 5041 52 4 6512 1419 1471
715 5042 45 4 6557 1470 1515
192 5084 53 4 6610 1473 1526
473 5146 47 4 6657 1464 1511
361 5147 45 3 6702 1510 1555
935 5166 79 2 6781 1536 1615
124 5182 59 4 6840 1599 1658
196 5199 66 4 6906 1641 1707
948 5213 23 4 6929 1693 1716
701 5261 89 2 7018 1668 1757
723 5350 68 1 7086 1668 1736
432 5371 64 3 7150 1715 1779
80 5438 65 4 7215 1712 1777
519 5452 48 3 7263 1763 1811
114 5677 71 2 7334 1586 1657
76 5693 67 4 7401 1641 1708
31 5738 42 3 7443 1663 1705
939 5770 51 2 7494 1673 1724
120 5853 65 4 7559 1641 1706
26 5891 73 1 7632 1668 1741
632 5904 33 3 7665 1728 1761
872 5911 55 4 7720 1754 1809
336 5941 34 4 7754 1779 1813
906 5962 77 3 7831 1792 1869
16 5976 45 1 7876 1855 1900
554 5983 51 3 7927 1893 1944
974 6027 67 4 7995 1901 1968
610 6081 40 4 8035 1914 1954
880 6087 71 2 8106 1948 2019
21 6122 58 3 8164 1984 2042
24 6180 75 3 8239 1984 2059
538 6402 33 4 8272 1837 1870
639 6456 54 4 8326 1816 1870
961 6512 49 3 8375 1814 1863
780 6515 71 3 8446 1860 1931
829 6666 62 1 8508 1780 1842
97 6667 58 4 8566 1841 1899
787 6736 81 2 8647 1830 1911
42 7027 87 4 8734 1620 1707
993 7069 60 3 8794 1665 1725
430 7117 49 4 8843 1677 1726
70 7169 69 4 8912 1674 1743
11 7240 78 1 8990 1672 1750
143 7280 48 4 9038 1710 1758
288 7397 64 4 9102 1641 1705
32 7480 47 4 9149 1622 1669
144 7542 48 4 9197 1607 1655
446 7573 94 1 9291 1624 1718
604 7648 39 2 9330 1643 1682
816 7721 63 4 9393 1609 1672
66 7778 86 2 9479 1615 1701
762 7779 96 4 9575 1700 1796
445 7825 57 1 9632 1750 1807
60 7827 40 4 9672 1805 1845
30 7971 57 3 9730 1702 1759
622 8127 65 1 9795 1603 1668
850 8237 32 3 9827 1558 1590
157 8299 53 4 9880 1528 1581
718 8301 59 3 9939 1579 1638
268 8303 51 3 9990 1636 1687
335 8330 83 3 10073 1660 1743
841 8369 51 2 10124 1704 1755
493 8422 66 4 10190 1702 1768
5 8430 54 2 10244 1760 1814
355 8454 42 3 10286 1790 1832
916 8459 70 3 10356 1827 1897
654 8578 51 3 10407 1778 1829
885 8699 72 2 10479 1708 1780
234 8715 84 4 10563 1764 1848
480 8745 41 4 10604 1818 1859
527 8834 63 4 10667 1770 1833
889 8846 89 2 10756 1821 1910
123 8896 64 3 10820 1860 1924
7 9052 51 4 10871 1768 1819
575 9068 49 1 10920 1803 1852
399 9106 59 2 10979 1814 1873
821 9271 92 4 11071 1708 1800
953 9402 42 1 11113 1669 1711
413 9442 37 3 11150 1671 1708
738 9469 58 4 11208 1681 1739
733 9536 49 3 11257 1672 1721
101 9717 87 4 11345 1541 1628
747 9739 59 2 11404 1606 1665
363 9804 75 3 11479 1600 1675
497 9836 85 3 11564 1643 1728
406 9857 36 3 11600 1707 1743
983 9875 53 3 11653 1725 1778
587 9878 45 2 11698 1775 1820
550 9892 85 3 11783 1806 1891
307 9978 78 2 11861 1805 1883
419 10006 53 3 11914 1855 1908
713 10027 87 2 12001 1887 1974
160 10028 61 2 12062 1973 2034
84 10120 35 4 12097 1942 1977
8 10127 72 2 12169 1970 2042
178 10143 37 3 12206 2026 2063
595 10209 59 4 12265 1997 2056
154 10227 60 4 12325 2038 2098
896 10274 69 4 12394 2051 2120
593 10288 57 2 12451 2106 2163
207 10329 84 4 12535 2122 2206
996 10357 68 1 12603 2178 2246
915 10420 62 4 12665 2183 2245
729 10421 27 4 12692 2244 2271
965 10469 51 2 12743 2223 2274
426 10538 66 4 12809 2205 2271
683 10551 62 4 12871 2258 2320
391 10670 72 2 12943 2201 2273
50 10694 50 3 12993 2249 2299
228 10746 70 1 13063 2247 2317
250 10830 44 3 13107 2233 2277
376 10862 72 3 13179 2245 2317
761 10895 51 1 13230 2284 2335
347 10972 20 1 13250 2258 2278
91 11029 78 2 13328 2221 2299
217 11030 36 4 13364 2298 2334
537 11101 74 2 13438 2263 2337
393 11140 44 2 13482 2298 2342
82 11177 27 2 13509 2305 2332
125 11268 85 2 13595 2242 2327
252 11437 43 4 13638 2158 2201
785 11489 62 2 13700 2149 2211
49 11607 48 4 13748 2093 2141
194 11635 63 1 13811 2113 2176
386 11713 49 2 13860 2098 2147
53 11747 58 2 13918 2113 2171
682 11781 51 4 13969 2137 2188
694 11787 70 2 14039 2182 2252
711 11824 58 4 14097 2215 2273
590 11827 68 4 14165 2270 2338
681 11840 71 3 14236 2325 2396
4 11921 75 3 14311 2315 2390
439 11923 77 1 14388 2388 2465
456 11995 61 2 14449 2393 2454
930 12004 64 3 14513 2445 2509
765 12182 57 4 14570 2331 2388
74 12233 60 4 14630 2337 2397
658 12300 59 3 14689 2330 2389
341 12307 58 3 14747 2382 2440
487 12324 80 3 14827 2423 2503
164 12392 82 4 14909 2435 2517
691 12441 77 4 14986 2468 2545
293 12519 54 4 15040 2467 2521
629 12632 41 4 15081 2408 2449
149 12707 89 2 15170 2374 2463
992 12857 43 2 15213 2313 2356
839 12888 33 3 15246 2325 2358
431 12923 26 3 15272 2323 2349
688 12943 70 2 15342 2329 2399
333 12964 59 2 15401 2378 2437
3 13028 37 3 15438 2373 2410
806 13047 92 2 15530 2391 2483
375 13069 40 2 15570 2461 2501
825 13079 60 4 15630 2491 2551
568 13087 80 3 15710 2543 2623
807 13128 66 3 15776 2582 2648
137 13224 75 4 15851 2552 2627
853 13225 63 4 15914 2626 2689
564 13279 47 3 15961 2635 2682
574 13314 57 4 16018 2647 2704
215 13346 68 3 16086 2672 2740
779 13408 66 3 16152 2678 2744
579 13411 54 2 16206 2741 2795
561 13443 92 1 16298 2763 2855
652 13506 49 4 16347 2792 2841
702 13568 42 3 16390 2780 2822
354 13573 73 4 16463 2817 2890
552 13616 74 1 16537 2847 2921
90 13617 66 4 16603 2920 2986
255 13728 39 1 16642 2875 2914
236 13884 31 3 16673 2758 2789
627 13981 49 4 16722 2692 2741
555 14024 67 2 16789 2698 2765
358 14040 92 1 16881 2749 2841
35 14048 52 4 16933 2833 2885
662 14051 83 2 17016 2882 2965
714 14115 42 3 17058 2901 2943
173 14116 46 3 17104 2942 2988
483 14162 57 3 17161 2942 2999
651 14379 57 1 17218 2782 2839
869 14382 83 4 17301 2836 2919
34 14446 64 1 17365 2855 2919
387 14523 60 4 17425 2842 2902
167 14585 41 4 17466 2840 2881
936 14651 57 4 17523 2815 2872
104 14683 67 3 17590 2840 2907
19 14687 65 4 17655 2903 2968
239 14717 36 2 17691 2938 2974
459 14744 54 3 17745 2947 3001
732 14932 56 4 17801 2813 2869
12 14992 62 3 17863 2809 2871
36 15068 50 3 17913 2795 2845
332 15112 60 2 17973 2801 2861
455 15206 48 2 18021 2767 2815
303 15259 31 2 18052 2762 2793
218 15262 50 4 18102 2790 2840
845 15336 66 4 18168 2766 2832
854 15363 75 4 18243 2805 2880
824 15489 51 3 18294 2754 2805
152 15567 51 4 18345 2727 2778
745 15630 68 1 18413 2715 2783
476 15650 62 4 18475 2763 2825
458 15737 56 2 18531 2738 2794
563 15789 58 3 18589 2742 2800
492 15792 73 4 18662 2797 2870
25 15830 64 2 18726 2832 2896
970 15858 56 4 18782 2868 2924
914 15873 57 4 18839 2909 2966
321 15927 61 4 18900 2912 2973
532 15953 93 4 18993 2947 3040
121 15975 81 3 19074 3018 3099
63 16012 54 4 19128 3062 3116
673 16078 66 4 19194 3050 3116
918 16087 59 4 19253 3107 3166
489 16105 67 3 19320 3148 3215
41 16123 84 4 19404 3197 3281
900 16185 51 2 19455 3219 3270
190 16198 57 3 19512 3257 3314
188 16234 64 4 19576 3278 3342
401 16254 68 4 19644 3322 3390
894 16266 63 3 19707 3378 3441
720 16275 81 3 19788 3432 3513
249 16362 74 2 19863 3427 3501
472 16396 53 4 19916 3467 3520
362 16409 45 3 19961 3507 3552
530 16452 42 4 20003 3509 3551
586 16498 59 4 20062 3505 3564
913 16592 39 3 20101 3470 3509
193 16655 71 2 20172 3446 3517
496 16682 68 4 20240 3490 3558
509 16770 63 4 20303 3470 3533
14 16798 41 3 20344 3505 3546
491 16816 45 4 20389 3528 3573
501 17090 56 2 20445 3299 3355
405 17157 59 4 20504 3288 3347
588 17232 67 1 20571 3272 3339
966 17251 38 4 20609 3320 3358
22 17275 55 4 20664 3334 3389
339 17286 50 2 20714 3378 3428
878 17391 42 4 20756 3323 3365
892 17510 88 2 20844 3246 3334
279 17570 65 2 20909 3274 3339
437 17584 61 1 20970 3325 3386
410 17607 59 3 21029 3363 3422
589 17618 50 2 21079 3411 3461
576 17629 62 2 21141 3450 3512
772 17751 54 3 21195 3390 3444
513 17761 50 2 21245 3434 3484
460 17791 64 2 21309 3454 3518
606 17801 69 4 21378 3508 3577
737 17829 60 4 21438 3549 3609
13 17873 53 4 21491 3565 3618
211 17899 70 4 21561 3592 3662
997 17974 41 1 21602 3587 3628
751 18042 38 3 21640 3560 3598
578 18114 55 2 21695 3526 3581
467 18136 70 3 21765 3559 3629
985 18231 79 1 21844 3534 3613
907 18318 79 3 21923 3526 3605
886 18319 50 2 21973 3604 3654
764 18406 68 3 22041 3567 3635
396 18573 58 1 22099 3468 3526
753 18632 57 4 22156 3467 3524
254 18632 52 4 22208 3524 3576
557 18708 55 4 22263 3500 3555
836 18744 75 4 22338 3519 3594
672 18843 31 4 22369 3495 3526
412 19039 94 4 22463 3330 3424
730 19130 61 2 22524 3333 3394
392 19204 62 4 22586 3320 3382
768 19216 42 4 22628 3370 3412
266 19262 49 3 22677 3366 3415
484 19317 67 4 22744 3360 3427
517 19317 56 2 22800 3427 3483
466 19348 62 3 22862 3452 3514
559 19531 63 3 22925 3331 3394
810 19616 58 3 22983 3309 3367
141 19631 48 4 23031 3352 3400
145 19648 34 2 23065 3383 3417
47 19887 70 1 23136 3179 3249
844 19910 50 2 23186 3226 3276
251 19932 57 2 23243 3254 3311
373 19933 69 4 23312 3310 3379
425 20059 86 3 23398 3253 3339
689 20169 53 2 23451 3229 3282
349 20281 66 2 23517 3170 3236
861 20298 74 2 23591 3219 3293
849 20306 55 3 23646 3285 3340
540 20466 23 1 23669 3180 3203
370 20623 40 3 23709 3046 3086
273 20648 67 3 23776 3061 3128
98 20724 70 3 23846 3052 3122
558 20769 20 2 23866 3077 3097
926 20773 65 1 23931 3093 3158
757 20786 46 3 23977 3145 3191
398 20835 52 4 24029 3142 3194
229 20993 77 1 24106 3036 3113
191 21014 44 4 24150 3092 3136
177 21076 42 4 24192 3074 3116
833 21078 61 2 24253 3114 3175
231 21146 69 3 24322 3107 3176
294 21292 72 3 24394 3030 3102
984 21499 90 3 24484 2895 2985
929 21517 38 4 24522 2967 3005
977 21625 48 4 24570 2897 2945
904 21681 87 4 24657 2889 2976
15 21694 57 4 24714 2963 3020
214 21723 37 4 24751 2991 3028
465 21975 47 2 24798 2776 2823
100 21993 26 3 24824 2805 2831
748 22009 76 4 24900 2815 2891
838 22085 62 4 24962 2815 2877
357 22476 35 3 24997 2486 2521
28 22544 48 4 25045 2453 2501
562 22545 76 2 25121 2500 2576
365 22569 67 4 25188 2552 2619
220 22630 53 2 25241 2558 2611
119 22684 56 4 25297 2557 2613
186 22802 58 4 25355 2495 2553
275 22860 52 3 25407 2495 2547
653 23063 61 4 25468 2344 2405
223 23251 61 2 25530 2218 2279
200 23260 41 3 25571 2270 2311
770 23385 76 2 25647 2186 2262
520 23394 70 2 25717 2253 2323
731 23451 55 1 25772 2266 2321
964 23480 65 1 25837 2292 2357
175 23499 50 4 25887 2338 2388
89 23542 74 2 25961 2345 2419
879 23747 66 4 26027 2214 2280
299 23758 72 4 26099 2269 2341
475 23765 44 4 26143 2334 2378
969 23775 73 3 26216 2368 2441
901 23845 72 2 26288 2371 2443
243 23874 37 4 26325 2414 2451
687 23940 36 2 26361 2385 2421
87 24029 41 4 26402 2332 2373
183 24046 92 1 26494 2356 2448
582 24121 51 2 26545 2373 2424
867 24150 45 4 26590 2395 2440
756 24152 50 3 26640 2438 2488
240 24190 68 3 26708 2450 2518
705 24289 40 2 26748 2419 2459
863 24348 62 3 26810 2400 2462
322 24397 38 3 26848 2413 2451
92 24416 65 3 26913 2432 2497
440 24432 66 4 26979 2481 2547
648 24620 67 3 27046 2359 2426
423 25081 68 2 27114 1965 2033
790 25115 77 3 27191 1999 2076
54 25149 71 4 27262 2042 2113
679 25313 64 4 27326 1949 2013
304 25448 41 4 27367 1878 1919
306 25484 56 4 27424 1884 1940
986 25543 49 3 27473 1881 1930
742 25557 61 4 27534 1916 1977
835 25560 61 2 27595 1974 2035
917 25685 90 4 27685 1910 2000
569 25704 46 1 27731 1981 2027
881 25705 29 4 27760 2026 2055
296 25770 61 4 27821 1990 2051
546 25799 85 3 27906 2022 2107
270 25840 53 4 27959 2066 2119
353 25900 78 4 28037 2059 2137
274 25959 65 4 28102 2078 2143
94 25978 57 4 28159 2124 2181
348 26049 67 4 28226 2110 2177
369 26162 93 3 28319 2064 2157
135 26194 38 4 28357 2125 2163
181 26277 56 4 28413 2080 2136
549 26288 55 3 28468 2125 2180
891 26359 70 4 28538 2109 2179
327 26406 70 4 28608 2132 2202
708 26507 56 4 28664 2101 2157
631 26531 74 2 28738 2133 2207
805 26538 68 4 28806 2200 2268
342 26835 38 2 28844 1971 2009
409 26852 82 1 28926 1992 2074
938 26881 56 2 28982 2045 2101
581 26952 85 2 29067 2030 2115
781 26958 37 3 29104 2109 2146
843 26986 68 4 29172 2118 2186
314 27031 60 3 29232 2141 2201
755 27097 41 3 29273 2135 2176
809 27101 65 2 29338 2172 2237
85 27130 60 4 29398 2208 2268
643 27171 81 3 29479 2227 2308
596 27253 63 4 29542 2226 2289
495 27307 93 4 29635 2235 2328
515 27360 46 4 29681 2275 2321
619 27371 72 4 29754 2311 2383
257 27405 45 4 29799 2349 2394
763 27410 62 4 29861 2389 2451
451 27458 63 3 29924 2403 2466
330 27479 68 4 29992 2445 2513
267 27623 76 3 30068 2369 2445
75 27719 22 2 30090 2349 2371
776 27806 52 4 30142 2284 2336
237 27904 66 2 30208 2238 2304
129 27945 43 3 30251 2263 2306
438 28168 57 4 30308 2083 2140
778 28366 81 4 30389 1942 2023
535 28421 84 4 30473 1968 2052
676 28449 44 4 30517 2024 2068
210 28559 53 1 30570 1958 2011
384 28729 72 4 30642 1841 1913
221 28814 63 4 30705 1828 1891
470 28847 44 3 30749 1858 1902
57 28944 54 3 30803 1805 1859
864 29177 46 3 30849 1626 1672
462 29199 50 2 30899 1650 1700
671 29202 45 3 30944 1697 1742
450 29224 68 4 31012 1720 1788
858 29309 25 4 31037 1703 1728
168 29411 90 3 31127 1626 1716
726 29434 89 4 31216 1693 1782
397 29603 35 3 31251 1613 1648
258 29616 70 2 31321 1635 1705
78 29645 72 1 31393 1676 1748
436 29702 65 4 31459 1692 1757
621 29788 48 3 31507 1671 1719
525 29895 79 3 31586 1612 1691
427 29978 38 4 31624 1608 1646
868 30021 46 3 31670 1603 1649
979 30324 65 1 31735 1346 1411
709 30333 58 4 31793 1402 1460
269 30375 37 3 31830 1418 1455
598 30390 43 3 31873 1440 1483
247 30511 35 3 31908 1362 1397
646 30571 28 4 31936 1337 1365
468 30703 40 4 31976 1233 1273
201 30903 28 3 32004 1073 1101
786 30982 31 4 32035 1022 1053
163 31019 67 3 32102 1016 1083
615 31173 59 1 32161 929 988
388 31175 68 3 32229 986 1054
585 31254 59 4 32288 975 1034
40 31260 94 3 32382 1028 1122
796 31264 75 4 32457 1118 1193
859 31332 53 3 32510 1125 1178
667 31337 66 4 32576 1173 1239
148 31359 45 4 32621 1217 1262
663 31537 69 4 32691 1085 1154
159 31624 38 3 32729 1067 1105
890 31639 54 4 32783 1090 1144
766 31703 79 4 32862 1080 1159
675 31936 54 3 32916 926 980
287 31972 59 4 32975 944 1003
187 31989 81 2 33056 986 1067
366 32036 48 3 33104 1020 1068
814 32140 63 4 33167 964 1027
791 32196 60 4 33227 971 1031
345 32243 94 1 33321 984 1078
395 32304 79 4 33400 1017 1096
454 32386 63 2 33463 1014 1077
508 32446 77 1 33540 1017 1094
108 32799 88 4 33629 742 830
416 32869 48 4 33677 760 808
536 32981 48 3 33725 696 744
153 33008 67 4 33792 717 784
949 33165 85 3 33877 627 712
834 33183 81 2 33958 694 775
842 33278 71 2 34029 680 751
23 33291 26 2 34055 738 764
77 33302 80 3 34135 753 833
81 33320 56 3 34191 815 871
903 33519 65 2 34256 672 737
111 33932 43 4 34300 325 368
573 33965 72 4 34372 335 407
206 33996 69 2 34441 376 445
380 34064 81 4 34522 377 458
256 34084 46 1 34568 438 484
281 34095 70 1 34638 473 543
10 34139 20 3 34658 499 519
128 34306 89 3 34748 353 442
678 34436 28 3 34776 312 340
59 34466 33 4 34809 310 343
37 34574 60 4 34869 235 295
942 34621 46 3 34915 248 294
828 34677 52 3 34968 239 291
238 34780 71 4 35039 188 259
212 34918 77 3 35117 122 199
601 35063 34 3 35152 55 89
133 35142 54 2 35207 11 65
943 35223 62 2 35285 0 62
504 35331 73 3 35404 0 73
216 35350 82 4 35487 55 137
637 35396 42 4 35529 91 133
429 35438 48 4 35578 92 140
721 35501 71 2 35649 77 148
887 35525 28 1 35677 124 152
79 35541 67 1 35745 137 204
597 35684 60 1 35806 62 122
346 35732 63 4 35869 74 137
67 35936 100 3 36036 0 100
329 36154 65 1 36219 0 65
142 36205 49 4 36269 15 64
758 36684 35 4 36719 0 35
286 36838 37 3 36875 0 37
404 37031 33 1 37064 0 33
424 37089 67 4 37156 0 67
485 37099 51 4 37208 58 109
259 37135 79 2 37287 73 152
971 37159 77 2 37365 129 206
195 37175 64 4 37429 190 254
956 37254 26 2 37455 175 201
488 37297 74 4 37530 159 233
117 37358 66 3 37596 172 238
998 37381 72 4 37668 215 287
875 37415 70 4 37738 253 323
52 37669 49 1 37788 70 119
819 37685 48 3 37836 103 151
902 37728 64 3 37900 108 172
905 37785 50 4 37951 116 166
262 37830 67 4 38018 121 188
666 37915 100 4 38119 104 204
39 38028 61 2 38181 92 153
51 38079 60 3 38241 102 162
230 38110 78 2 38319 131 209
769 38151 52 4 38372 169 221
607 38224 51 2 38423 148 199
448 38227 32 4 38455 196 228
271 38250 54 2 38509 205 259
968 38312 64 3 38573 197 261
722 38399 79 4 38653 175 254
402 38450 67 2 38720 203 270
408 38532 38 3 38758 188 226
728 38533 52 3 38810 225 277
367 38667 41 1 38852 144 185
219 38717 82 2 38934 135 217
789 38776 55 4 38989 158 213
390 38858 60 2 39050 132 192
925 38890 53 1 39103 160 213
225 39063 79 4 39183 41 120
735 39085 96 2 39279 98 194
29 39187 45 4 39325 93 138
808 39220 56 1 39381 105 161
415 39369 46 2 39428 13 59
932 39433 46 4 39479 0 46
389 39468 53 1 39533 12 65
980 39537 49 3 39586 0 49
995 39872 60 2 39932 0 60
379 39967 73 2 40040 0 73
866 40029 43 4 40084 12 55
999 40077 69 3 40154 8 77
494 40084 73 3 40227 70 143
910 40116 66 4 40294 112 178
541 40151 60 3 40354 143 203
609 40153 20 2 40374 201 221
510 40231 51 4 40426 144 195
533 40431 66 4 40497 0 66
317 40503 46 3 40549 0 46
920 40787 90 1 40877 0 90
826 40798 61 4 40939 80 141
385 40925 29 2 40969 15 44
46 40983 85 2 41068 0 85
989 41053 57 3 41126 16 73
261 41112 80 4 41207 15 95
670 41187 37 3 41245 21 58
162 41202 82 2 41327 43 125
441 41292 100 4 41428 36 136
127 41420 49 4 41478 9 58
113 41525 79 4 41604 0 79
855 41529 80 1 41685 76 156
893 41544 30 4 41715 141 171
852 41553 58 4 41773 162 220
754 41614 46 4 41820 160 206
312 41657 52 4 41872 163 215
43 41780 85 2 41958 93 178
110 41825 69 2 42027 133 202
6 41859 53 4 42080 168 221
320 41867 47 3 42127 213 260
531 41927 38 2 42166 201 239
706 41977 56 4 42222 189 245
703 41984 45 3 42267 238 283
310 42040 34 4 42301 227 261
572 42111 53 4 42354 190 243
642 42257 58 4 42413 98 156
800 42305 70 1 42483 108 178
801 42305 67 3 42550 178 245
208 42430 44 4 42595 121 165
417 42633 64 3 42697 0 64
158 42665 56 4 42754 33 89
897 43077 89 4 43166 0 89
103 43084 65 1 43232 83 148
442 43209 46 4 43279 24 70
309 43263 59 4 43339 17 76
474 43364 93 3 43457 0 93
464 43367 45 3 43503 91 136
877 43379 94 4 43597 124 218
505 43550 56 4 43654 48 104
871 43692 37 4 43729 0 37
189 43736 84 4 43820 0 84
277 43741 81 4 43902 80 161
804 43910 52 2 43962 0 52
171 43926 66 3 44029 37 103
324 43965 68 2 44098 65 133
771 43973 69 4 44167 125 194
172 44097 63 3 44231 71 134
169 44104 74 3 44305 127 201
202 44156 68 3 44373 149 217
933 44232 70 3 44444 142 212
973 44256 57 4 44501 188 245
797 44458 99 3 44601 44 143
109 44533 36 2 44638 69 105
138 44539 47 4 44685 99 146
690 44615 56 3 44742 71 127
44 44793 46 3 44839 0 46
566 44887 68 3 44955 0 68
677 44917 44 4 45000 39 83
55 45036 85 4 45121 0 85
166 45422 65 4 45487 0 65
331 45507 62 4 45569 0 62
976 45659 70 3 45729 0 70
931 45682 32 3 45762 48 80
823 45996 75 4 46071 0 75
788 46072 71 2 46143 0 71
743 46155 61 2 46216 0 61
668 46317 50 3 46367 0 50
941 46634 80 2 46714 0 80
64 46643 81 3 46796 72 153
551 46798 51 2 46849 0 51
511 46912 77 4 46989 0 77
381 47008 55 4 47063 0 55
759 47022 37 1 47101 42 79
865 47116 54 4 47170 0 54
48 47257 77 4 47334 0 77
840 47369 62 3 47431 0 62
130 47389 49 4 47481 43 92
122 47609 26 4 47635 0 26
846 47703 59 3 47762 0 59
356 47722 53 3 47816 41 94
411 47835 60 3 47895 0 60
372 47906 57 1 47963 0 57
571 48047 58 2 48105 0 58
96 48239 51 3 48290 0 51
62 48270 30 2 48321 21 51
282 48362 66 3 48428 0 66
325 48378 82 1 48511 51 133
106 48421 56 4 48567 90 146
58 48608 57 4 48665 0 57
611 48611 69 3 48735 55 124
847 48666 51 4 48786 69 120
502 48851 64 4 48915 0 64
289 48970 54 4 49024 0 54
521 49251 51 1 49302 0 51
68 49343 75 2 49418 0 75
414 49634 33 2 49667 0 33
209 49710 48 4 49758 0 48
981 49740 69 3 49828 19 88
350 49947 92 1 50039 0 92
777 49986 74 3 50114 54 128
600 50227 53 4 50280 0 53
213 50419 55 3 50474 0 55
539 50463 42 4 50517 12 54
95 50686 70 4 50756 0 70
433 50708 84 4 50841 49 133
507 50711 84 1 50925 130 214
624 50749 58 3 50983 176 234
958 50976 51 3 51035 8 59
793 51288 82 3 51370 0 82
782 51765 50 3 51815 0 50
20 51931 63 3 51994 0 63
634 51998 69 4 52067 0 69
620 52328 43 1 52371 0 43
18 52625 56 4 52681 0 56
359 52771 91 3 52862 0 91
377 52851 74 3 52937 12 86
704 52900 67 1 53005 38 105
83 52914 36 3 53041 91 127
523 53209 82 3 53291 0 82
126 53223 50 3 53342 69 119
570 53302 50 4 53393 41 91
972 53339 38 3 53431 54 92
862 53749 66 3 53815 0 66
150 53955 83 1 54038 0 83
699 53989 77 3 54116 50 127
115 54029 79 4 54195 87 166
712 54255 67 3 54322 0 67
959 54376 35 2 54411 0 35
418 54381 90 4 54502 31 121
284 54469 78 3 54581 34 112
161 54517 77 3 54659 65 142
544 54527 62 2 54721 132 194
526 54657 75 2 54797 65 140
382 54808 70 4 54878 0 70
506 54911 78 3 54989 0 78
741 54948 65 1 55055 42 107
298 55062 69 1 55131 0 69
952 55087 82 3 55214 45 127
898 55092 48 3 55262 122 170
661 55298 73 4 55371 0 73
199 55420 57 4 55477 0 57
987 55664 77 4 55741 0 77
291 55674 83 2 55825 68 151
136 55786 36 4 55862 40 76
463 56021 51 2 56072 0 51
784 56085 32 3 56117 0 32
686 56111 70 3 56188 7 77
697 56152 61 3 56250 37 98
88 56184 62 3 56312 66 128
545 56186 54 3 56366 126 180
813 56322 48 3 56415 45 93
696 56387 65 3 56481 29 94
954 56546 62 3 56608 0 62
707 56624 55 3 56679 0 55
179 56733 76 4 56809 0 76
883 56862 36 4 56898 0 36
486 57251 53 4 57304 0 53
368 57329 68 3 57397 0 68
775 57335 56 4 57454 63 119
340 57342 62 4 57516 112 174
628 57436 45 4 57562 81 126
680 57803 59 2 57862 0 59
264 58171 45 3 58216 0 45
500 58255 61 3 58316 0 61
716 58262 85 2 58402 55 140
69 58326 74 3 58477 77 151
478 58483 66 4 58549 0 66
33 58552 70 4 58622 0 70
285 58657 48 3 58705 0 48
927 58675 45 2 58751 31 76
301 58882 65 4 58947 0 65
547 58902 49 3 58997 46 95
132 58961 68 4 59066 37 105
116 59022 56 2 59123 45 101
428 59082 60 2 59184 42 102
630 59143 59 3 59244 42 101
204 59255 87 4 59342 0 87
156 59429 60 3 59489 0 60
182 59727 45 2 59772 0 45
922 59807 35 4 59842 0 35
895 59905 62 3 59967 0 62
479 59926 76 4 60044 42 118
613 60044 55 2 60100 1 56
991 60310 58 4 60368 0 58
830 60414 71 3 60485 0 71
548 60769 67 4 60836 0 67
657 60848 66 3 60914 0 66
882 60867 70 3 60985 48 118
27 60871 45 3 61030 114 159
334 60898 86 3 61116 132 218
338 60952 65 4 61182 165 230
831 61234 79 4 61313 0 79
203 61376 64 4 61440 0 64
38 61449 50 2 61499 0 50
899 61500 63 4 61563 0 63
955 61590 53 4 61643 0 53
674 61599 66 3 61710 45 111
937 61602 56 2 61766 108 164
988 61633 53 4 61819 133 186
1 61758 54 4 61874 62 116
323 61935 31 4 61966 0 31
982 62057 53 4 62110 0 53
592 62668 55 1 62723 0 55
812 62857 56 3 62913 0 56
685 62979 85 4 63064 0 85
176 63082 100 4 63182 0 100
61 63196 67 3 63263 0 67
614 63198 94 2 63358 66 160
909 63400 58 4 63458 0 58
641 63669 61 1 63730 0 61
749 63849 46 4 63895 0 46
783 63879 72 4 63968 17 89
272 63940 60 2 64029 29 89
302 64052 68 3 64120 0 68
105 64123 62 4 64185 0 62
649 64186 64 3 64250 0 64
818 64210 76 4 64327 41 117
698 64221 54 4 64381 106 160
319 64274 54 2 64436 108 162
960 64388 44 2 64481 49 93
227 64556 48 4 64604 0 48
580 64819 35 1 64854 0 35
292 64902 100 4 65002 0 100
360 65300 61 4 65361 0 61
990 65350 71 4 65433 12 83
798 65577 46 3 65623 0 46
447 65643 66 3 65709 0 66
328 65925 35 4 65960 0 35
911 66111 52 4 66163 0 52
739 66112 76 2 66240 52 128
802 66255 56 1 66311 0 56
65 66338 30 4 66368 0 30
599 66569 81 2 66650 0 81
151 66615 69 4 66720 36 105
498 66791 32 4 66823 0 32
503 66980 57 4 67037 0 57
746 67238 60 4 67298 0 60
86 67262 51 1 67350 37 88
313 67368 62 4 67430 0 62
457 67386 56 4 67487 45 101
318 67415 60 4 67547 72 132
147 67855 67 3 67922 0 67
792 68028 30 3 68058 0 30
695 68141 27 3 68168 0 27
435 68268 99 3 68367 0 99
734 68431 74 1 68505 0 74
822 68569 68 3 68637 0 68
684 68672 58 4 68730 0 58
443 68684 23 2 68754 47 70
873 68703 78 4 68832 51 129
669 68841 70 2 68911 0 70
934 68968 52 2 69020 0 52
140 69025 59 2 69084 0 59
664 69250 60 3 69310 0 60
963 69272 50 4 69361 39 89
311 69280 90 3 69451 81 171
73 69322 57 4 69509 130 187
453 69458 63 4 69573 52 115
245 69787 40 4 69827 0 40
244 69817 78 4 69906 11 89
752 70038 67 3 70105 0 67
659 70150 68 2 70218 0 68
794 70395 55 4 70450 0 55
803 70698 50 4 70748 0 50
421 70886 51 3 70937 0 51
874 71021 66 4 71087 0 66
553 71037 52 3 71140 51 103
400 71405 27 1 71432 0 27
344 71414 76 4 71509 19 95
146 71557 53 4 71610 0 53
947 71732 54 2 71786 0 54
17 72164 59 3 72223 0 59
832 72187 60 3 72284 37 97
591 72382 48 2 72430 0 48
583 72621 76 4 72697 0 76
134 73162 36 4 73198 0 36
276 73198 62 2 73261 1 63
560 73503 86 2 73589 0 86
165 73618 75 4 73693 0 75
222 73756 56 4 73812 0 56
260 74034 59 4 74093 0 59
516 74301 92 3 74393 0 92
928 74333 26 4 74420 61 87
364 74641 37 1 74678 0 37
205 74742 72 4 74814 0 72
232 74757 50 3 74865 58 108
945 74885 100 4 74985 0 100
337 74937 64 2 75050 49 113
656 75239 100 3 75339 0 100
811 75336 69 4 75409 4 73
253 75689 73 2 75762 0 73
9 75904 95 1 75999 0 95
767 76044 79 4 76123 0 79
617 76120 76 4 76200 4 80
56 76311 71 3 76382 0 71
944 76365 73 4 76456 18 91
529 76389 66 2 76523 68 134
180 76435 61 2 76584 88 149
635 77131 72 1 77203 0 72
490 77237 70 3 77307 0 70
994 77525 51 3 77576 0 51
383 77535 63 3 77640 42 105
305 78080 73 2 78153 0 73
534 78298 64 4 78362 0 64
908 79746 79 1 79825 0 79
851 79767 30 4 79856 59 89
584 79855 57 4 79914 2 59
860 80054 66 3 80120 0 66
45 80465 54 3 80519 0 54
655 80598 65 4 80663 0 65
512 80662 52 2 80716 2 54
308 81853 67 2 81920 0 67
760 82005 51 4 82056 0 51
750 82091 71 3 82162 0 71
233 82533 69 4 82602 0 69
326 82651 58 4 82709 0 58
633 82677 39 1 82749 33 72
131 82994 50 4 83044 0 50
352 83364 59 2 83423 0 59
518 83516 72 4 83588 0 72
888 84693 50 2 84743 0 50
638 85251 57 4 85308 0 57
962 85353 70 3 85423 0 70
295 86203 66 1 86269 0 66
300 86935 51 3 86986 0 51
884 87123 61 2 87184 0 61
422 87705 88 2 87793 0 88
594 87792 67 4 87861 2 69
719 88238 68 2 88306 0 68
736 89071 52 1 89123 0 52
248 89113 94 2 89218 11 105
795 89353 60 4 89413 0 60
174 89804 50 3 89854 0 50
102 90264 41 2 90305 0 41
700 90415 75 2 90490 0 75
820 92995 68 3 93063 0 68
856 93297 54 3 93351 0 54
605 93439 52 4 93491 0 52
626 93853 67 4 93920 0 67
940 93857 79 4 94000 64 143
692 95247 62 4 95309 0 62
618 96374 66 1 96440 0 66
