97662 1000 256 196
409 32 71 2 103 0 71
557 378 62 1 440 0 62
285 456 54 4 510 0 54
63 347 64 3 527 116 180
297 439 65 4 592 88 153
744 597 34 4 631 0 34
958 627 49 2 680 4 53
275 709 31 3 740 0 31
673 644 55 2 766 67 122
267 669 60 4 826 97 157
223 337 75 4 886 474 549
428 910 59 4 969 0 59
655 984 36 1 1020 0 36
61 1047 66 1 1113 0 66
369 1117 34 3 1151 0 34
345 1194 49 3 1243 0 49
302 1162 52 4 1263 49 101
354 982 74 2 1293 237 311
15 1312 56 2 1368 0 56
889 1406 56 2 1462 0 56
510 1467 55 1 1522 0 55
731 1328 67 4 1546 151 218
47 1549 44 1 1593 0 44
996 1638 48 3 1686 0 48
296 1580 59 2 1700 61 120
805 1604 61 1 1761 96 157
333 1623 63 4 1824 138 201
211 1140 76 3 1878 662 738
660 1915 70 3 1985 0 70
718 625 77 2 1988 1286 1363
191 2068 58 4 2126 0 58
479 2060 81 4 2199 58 139
516 2201 72 4 2273 0 72
765 2312 20 4 2332 0 20
695 2283 37 3 2340 20 57
837 2326 53 3 2393 14 67
871 2441 40 2 2481 0 40
5 2276 57 2 2483 150 207
206 2327 59 2 2542 156 215
437 2438 61 3 2603 104 165
661 2606 52 3 2658 0 52
197 2632 58 3 2716 26 84
867 2774 49 3 2823 0 49
411 2790 65 2 2888 33 98
583 2872 73 1 2961 16 89
112 2964 64 2 3028 0 64
517 3038 47 4 3085 0 47
255 3035 48 4 3130 47 95
764 2418 74 3 3133 641 715
515 3188 54 2 3242 0 54
680 3257 50 3 3307 0 50
773 3331 48 4 3379 0 48
80 3351 56 3 3435 28 84
554 3469 38 4 3507 0 38
903 3296 66 4 3515 153 219
860 3573 48 3 3621 0 48
948 3301 69 4 3632 262 331
486 3686 60 4 3746 0 60
687 3593 69 1 3761 99 168
604 3802 40 2 3842 0 40
92 3843 50 3 3893 0 50
34 3561 72 1 3923 290 362
919 3323 73 4 3996 600 673
232 3143 74 3 4010 793 867
316 4061 27 4 4088 0 27
286 4120 43 4 4163 0 43
652 4065 69 4 4200 66 135
12 4148 75 1 4275 52 127
970 4276 76 2 4352 0 76
751 3128 77 4 4367 1162 1239
850 4401 47 2 4448 0 47
644 4517 65 3 4582 0 65
151 4463 69 4 4597 65 134
740 3132 78 3 4626 1416 1494
789 4723 42 3 4765 0 42
876 4667 57 3 4766 42 99
466 4769 67 4 4836 0 67
69 2350 79 2 4871 2442 2521
462 4931 49 2 4980 0 49
877 4875 59 3 4983 49 108
432 5052 31 2 5083 0 31
245 5019 45 3 5136 72 117
699 5023 45 3 5140 72 117
978 5029 49 4 5189 111 160
166 5103 51 4 5240 86 137
321 5170 62 4 5302 70 132
709 5276 64 4 5366 26 90
444 5257 65 4 5431 109 174
430 5507 47 2 5554 0 47
801 5463 54 2 5564 47 101
582 5565 41 4 5606 0 41
702 5661 48 3 5709 0 48
839 5472 60 3 5713 181 241
146 5397 65 3 5746 284 349
549 5691 65 2 5811 55 120
571 5825 54 4 5879 0 54
334 5049 71 2 5936 816 887
222 3142 82 3 5978 2754 2836
253 1158 83 3 5984 4743 4826
503 5997 63 4 6060 0 63
831 6117 43 3 6160 0 43
228 6073 62 3 6178 43 105
350 6181 73 4 6254 0 73
465 6157 77 2 6328 94 171
595 6341 61 3 6402 0 61
647 4249 84 4 6447 2114 2198
210 6511 64 3 6575 0 64
7 6483 67 1 6614 64 131
866 2878 87 4 6665 3700 3787
914 6708 55 2 6763 0 55
367 6825 64 4 6889 0 64
825 6762 71 3 6898 65 136
26 6820 77 1 6975 78 155
4 7051 33 4 7084 0 33
833 7037 47 4 7117 33 80
170 7014 83 3 7177 80 163
992 7178 55 4 7233 0 55
705 7179 69 4 7302 54 123
114 7372 42 4 7414 0 42
930 7363 50 2 7455 42 92
523 7339 58 3 7489 92 150
572 7182 71 3 7523 270 341
984 6882 86 4 7569 601 687
382 7602 58 2 7660 0 58
19 7724 56 3 7780 0 56
501 7686 70 4 7812 56 126
189 7820 67 4 7887 0 67
693 7969 35 3 8004 0 35
729 7966 55 4 8056 35 90
240 7985 55 3 8111 71 126
541 8071 56 3 8167 40 96
175 8184 77 3 8279 18 95
981 8286 61 2 8347 0 61
628 8243 77 3 8399 79 156
638 3175 88 4 8415 5152 5240
743 3242 88 4 8415 5085 5173
696 8418 62 3 8480 0 62
385 7667 88 4 8519 764 852
538 8547 48 3 8595 0 48
665 8622 67 4 8689 0 67
268 8608 78 3 8753 67 145
790 8784 53 3 8837 0 53
529 8760 62 4 8875 53 115
617 8884 56 4 8940 0 56
266 8876 70 3 9002 56 126
199 8815 75 4 9076 186 261
852 8770 81 3 9157 306 387
353 9194 38 4 9232 0 38
835 9217 67 3 9299 15 82
217 9284 67 2 9366 15 82
360 4892 88 3 9369 4389 4477
761 9438 22 3 9460 0 22
455 9458 43 4 9503 2 45
418 9422 56 3 9543 65 121
337 9384 60 2 9565 121 181
925 9633 60 4 9693 0 60
915 9412 75 3 9700 213 288
48 9735 59 4 9794 0 59
383 3497 96 4 9840 6247 6343
945 9919 64 3 9983 0 64
980 9860 78 4 10002 64 142
656 10064 48 2 10112 0 48
817 10115 53 1 10168 0 53
601 10130 68 3 10236 38 106
533 10314 52 2 10366 0 52
975 10172 84 3 10372 116 200
221 10381 37 4 10418 0 37
280 10390 38 3 10456 28 66
431 10386 42 2 10498 70 112
756 10520 48 2 10568 0 48
816 10501 52 1 10601 48 100
928 10648 44 3 10692 0 44
585 10705 30 4 10735 0 30
966 10642 51 1 10767 74 125
784 10574 55 4 10781 152 207
969 10811 62 3 10873 0 62
35 10770 64 3 10907 73 137
259 10912 69 4 10981 0 69
885 10993 37 3 11030 0 37
402 11070 54 4 11124 0 54
416 11018 55 4 11139 66 121
32 11159 56 2 11215 0 56
110 11153 69 2 11278 56 125
559 11287 39 4 11326 0 39
848 10494 74 4 11357 789 863
389 11403 33 4 11436 0 33
591 10688 80 4 11470 702 782
125 11497 31 2 11528 0 31
548 11508 42 3 11570 20 62
126 11474 53 3 11600 73 126
168 11614 53 4 11667 0 53
566 11556 54 3 11707 97 151
201 11506 66 3 11773 201 267
863 11780 60 4 11840 0 60
435 11689 67 3 11900 144 211
577 11965 32 2 11997 0 32
88 12002 31 2 12033 0 31
762 11516 70 3 12033 447 517
314 12035 51 1 12086 0 51
912 12058 61 3 12147 28 89
83 12087 61 2 12208 60 121
651 12343 56 3 12399 0 56
62 12322 67 2 12445 56 123
511 12475 58 3 12533 0 58
257 12559 49 4 12608 0 49
282 12645 52 4 12697 0 52
274 12596 63 2 12723 64 127
403 12492 67 2 12764 205 272
330 12291 78 4 12781 412 490
265 12832 49 1 12881 0 49
436 12886 79 4 12965 0 79
785 12666 83 2 12992 243 326
14 12157 84 4 12993 752 836
513 12691 88 2 13081 302 390
924 10440 90 2 13165 2635 2725
637 13184 42 3 13226 0 42
281 13238 41 3 13279 0 41
955 12365 100 3 13348 883 983
590 13504 49 1 13553 0 49
714 13461 50 4 13560 49 99
135 13603 27 3 13630 0 27
82 13644 60 1 13704 0 60
707 13670 85 1 13789 34 119
972 13827 42 3 13869 0 42
36 13872 56 3 13928 0 56
384 13962 61 3 14023 0 61
91 14129 30 3 14159 0 30
580 14075 55 4 14160 30 85
235 14210 40 2 14250 0 40
425 14207 51 3 14298 40 91
735 14193 54 2 14338 91 145
798 14320 58 4 14396 18 76
167 14171 62 2 14436 203 265
811 14173 63 3 14499 263 326
480 14510 57 3 14567 0 57
230 14612 61 4 14673 0 61
364 14520 63 1 14691 108 171
90 14337 66 2 14746 343 409
152 14378 66 1 14812 368 434
663 14935 31 4 14966 0 31
24 14877 60 4 14968 31 91
324 14335 69 4 14972 568 637
741 14043 70 4 15026 913 983
31 14256 70 4 15069 743 813
105 14505 71 4 15140 564 635
843 14318 71 3 15211 822 893
399 15219 66 4 15285 0 66
224 14609 75 3 15352 668 743
349 15106 87 1 15439 246 333
723 15516 36 2 15552 0 36
542 15583 62 4 15645 0 62
94 15571 67 2 15700 62 129
711 15774 48 2 15822 0 48
619 15723 76 2 15847 48 124
959 15931 43 2 15974 0 43
380 15969 82 3 16056 5 87
340 16083 67 3 16150 0 67
292 16184 33 4 16217 0 33
300 16151 49 4 16233 33 82
122 16284 26 2 16310 0 26
33 16273 36 2 16335 26 62
13 16163 61 4 16356 132 193
612 16323 64 2 16420 33 97
630 16501 55 1 16556 0 55
186 16584 46 4 16630 0 46
376 16475 64 3 16640 101 165
688 16655 30 1 16685 0 30
347 16730 57 4 16787 0 57
726 16818 44 1 16862 0 44
606 16793 56 3 16893 44 100
627 16646 64 3 16897 187 251
679 16832 65 4 16962 65 130
766 16967 43 3 17010 0 43
949 17043 58 4 17101 0 58
198 16809 65 1 17128 254 319
338 17197 38 2 17235 0 38
248 16894 70 3 17236 272 342
25 17016 72 4 17308 220 292
207 16339 72 2 17319 908 980
847 17330 57 4 17387 0 57
772 17411 38 2 17449 0 38
887 17390 42 4 17470 38 80
953 17494 68 4 17562 0 68
66 17252 76 4 17600 272 348
140 17634 53 1 17687 0 53
803 16804 80 2 17733 849 929
412 16118 84 3 17816 1614 1698
144 17821 53 3 17874 0 53
406 17926 46 2 17972 0 46
813 17835 62 2 17982 85 147
650 16558 84 1 18061 1419 1503
671 16944 93 3 18154 1117 1210
875 18155 69 1 18224 0 69
377 18250 66 4 18316 0 66
72 18322 45 4 18367 0 45
859 18419 44 3 18463 0 44
795 18320 55 4 18464 89 144
779 18454 59 3 18523 10 69
946 18549 38 3 18587 0 38
109 18247 66 3 18620 307 373
973 18389 67 1 18687 231 298
961 18168 77 4 18741 496 573
998 18777 35 4 18812 0 35
18 18861 25 3 18886 0 25
331 18971 57 3 19028 0 57
659 18936 65 4 19058 57 122
287 19047 65 2 19123 11 76
30 18882 73 3 19146 191 264
427 16306 93 2 19153 2754 2847
474 19197 51 4 19248 0 51
747 19321 54 3 19375 0 54
352 19364 72 4 19447 11 83
840 19251 87 4 19464 126 213
954 19481 34 3 19515 0 34
315 19539 54 3 19593 0 54
550 19504 65 3 19634 65 130
724 19668 42 4 19710 0 42
594 19520 75 4 19751 156 231
42 19773 40 3 19813 0 40
844 19884 30 4 19914 0 30
214 19842 56 4 19928 30 86
50 19782 62 2 19961 117 179
323 16870 94 2 19969 3005 3099
858 19984 55 2 20039 0 55
531 20019 56 3 20095 20 76
641 20144 43 3 20187 0 43
1 20114 53 3 20233 66 119
832 20155 53 3 20263 55 108
73 20265 62 2 20327 0 62
753 20326 63 3 20390 1 64
148 20429 58 2 20487 0 58
725 20056 69 4 20496 371 440
913 20546 20 4 20566 0 20
697 20239 70 4 20586 277 347
979 20594 39 2 20633 0 39
250 20642 47 4 20689 0 47
502 20483 75 1 20747 189 264
490 20760 32 3 20792 0 32
508 20899 48 2 20947 0 48
770 20879 56 4 20983 48 104
320 20871 60 1 21035 104 164
410 20815 72 1 21051 164 236
920 20422 76 3 21091 593 669
301 21167 51 4 21218 0 51
205 21120 57 1 21228 51 108
976 21251 44 4 21295 0 44
188 21329 53 3 21406 24 77
963 21358 53 3 21435 24 77
156 21308 63 3 21477 106 169
668 20695 79 1 21491 717 796
664 20424 80 4 21588 1084 1164
636 21652 35 1 21687 0 35
366 21670 45 3 21732 17 62
782 21649 47 1 21776 80 127
940 21780 28 4 21808 0 28
556 21788 29 3 21837 20 49
67 21759 51 3 21884 74 125
873 21751 56 4 21940 133 189
339 21998 48 3 22046 0 48
544 22056 51 3 22107 0 51
908 22086 58 4 22165 21 79
85 22110 58 3 22223 55 113
336 21980 63 4 22258 215 278
426 22417 43 1 22460 0 43
768 22427 50 4 22510 33 83
626 22359 62 2 22514 93 155
10 22312 66 4 22533 155 221
119 22583 41 3 22624 0 41
154 22681 37 3 22718 0 37
467 22756 31 1 22787 0 31
819 22704 50 4 22799 45 95
793 22816 45 3 22861 0 45
891 22718 68 4 22912 126 194
239 22573 69 4 22914 272 341
862 21647 72 1 22921 1202 1274
75 21841 72 1 22922 1009 1081
759 22944 45 3 22989 0 45
657 22994 46 1 23040 0 46
142 23096 37 4 23133 0 37
662 23106 42 4 23175 27 69
888 23228 60 4 23288 0 60
244 23103 65 4 23300 132 197
804 22976 73 3 23312 263 336
181 22819 75 4 23365 471 546
108 21662 78 1 23443 1703 1781
519 21554 80 4 23447 1813 1893
564 23067 83 3 23530 380 463
165 23577 56 2 23633 0 56
447 23617 79 3 23712 16 95
746 23762 41 2 23803 0 41
552 23799 44 3 23847 4 48
247 23741 50 2 23876 85 135
139 23772 52 4 23928 104 156
273 23902 57 1 23985 26 83
936 24030 20 4 24050 0 20
84 23775 58 4 24063 230 288
584 23971 65 1 24128 92 157
648 23924 73 4 24201 204 277
792 23590 82 4 24254 582 664
927 22103 84 3 24291 2104 2188
869 22289 85 2 24376 2002 2087
890 20212 87 4 24463 4164 4251
328 23435 88 4 24551 1028 1116
854 24593 55 2 24648 0 55
450 21098 89 3 24695 3508 3597
658 24703 51 4 24754 0 51
738 24766 46 3 24812 0 46
264 24792 50 3 24862 20 70
216 24703 55 4 24905 147 202
133 24779 57 4 24962 126 183
55 24709 59 2 25021 253 312
932 25052 42 4 25094 0 42
799 24713 61 4 25124 350 411
722 25149 50 2 25199 0 50
233 25137 59 4 25246 50 109
684 24967 62 3 25295 266 328
814 25271 62 2 25357 24 86
988 25438 26 3 25464 0 26
454 25430 38 4 25494 26 64
846 25421 51 2 25536 64 115
45 25032 64 3 25537 441 505
629 25494 64 3 25600 42 106
834 25665 29 4 25694 0 29
997 25642 60 3 25731 29 89
195 25742 56 4 25798 0 56
184 25438 64 1 25809 307 371
76 25728 68 3 25877 81 149
371 25890 32 2 25922 0 32
400 25987 42 3 26029 0 42
669 25946 43 4 26031 42 85
841 26010 47 2 26078 21 68
745 25880 56 3 26100 164 220
826 26113 40 1 26153 0 40
856 26161 48 4 26209 0 48
27 26077 56 2 26244 111 167
77 25900 58 3 26302 344 402
306 26323 50 3 26373 0 50
327 26362 69 2 26442 11 80
618 26474 30 1 26504 0 30
355 24802 70 2 26518 1646 1716
989 26528 56 3 26584 0 56
748 25115 70 1 26644 1459 1529
631 25233 73 3 26717 1411 1484
698 25600 75 3 26792 1117 1192
727 25294 78 4 26870 1498 1576
249 26938 77 4 27015 0 77
415 26065 79 4 27105 961 1040
506 25593 79 4 27105 1433 1512
592 25771 81 3 27186 1334 1415
497 27259 63 4 27322 0 63
419 27214 65 4 27342 63 128
473 27209 72 4 27409 128 200
783 27457 57 1 27514 0 57
916 27516 56 3 27572 0 56
730 27584 60 4 27644 0 60
362 27441 65 2 27679 173 238
482 27417 70 4 27725 238 308
624 27833 46 2 27879 0 46
261 27772 74 4 27892 46 120
464 25114 83 4 27897 2700 2783
258 27953 65 4 28018 0 65
413 28072 64 4 28136 0 64
808 27995 73 4 28155 87 160
143 28124 76 4 28231 31 107
442 28029 78 2 28309 202 280
351 28324 50 3 28374 0 50
97 26897 83 3 28386 1406 1489
838 28469 50 2 28519 0 50
393 28426 61 4 28537 50 111
120 28570 53 4 28623 0 53
941 28408 63 4 28635 164 227
910 28710 28 4 28738 0 28
492 28674 39 3 28741 28 67
487 28771 48 2 28819 0 48
100 28678 52 4 28841 111 163
960 28859 30 4 28889 0 30
974 28773 52 2 28923 98 150
312 28620 70 4 28954 264 334
589 28766 72 4 29026 188 260
755 29055 44 1 29099 0 44
901 29097 62 3 29161 2 64
493 28219 85 1 29195 891 976
102 27625 86 3 29281 1570 1656
262 29303 64 4 29367 0 64
495 29420 71 1 29491 0 71
588 29455 78 3 29569 36 114
778 29558 79 1 29648 11 90
341 29652 67 2 29719 0 67
882 26654 88 3 29728 2986 3074
423 22107 92 4 29812 7613 7705
68 29898 53 2 29951 0 53
605 29955 56 4 30011 0 56
93 30035 45 1 30080 0 45
391 30115 40 4 30155 0 40
440 30156 45 4 30201 0 45
408 30042 55 4 30220 123 178
823 29991 57 3 30253 205 262
614 29874 60 4 30285 351 411
781 30348 58 4 30406 0 58
128 30040 64 2 30407 303 367
200 30465 23 3 30488 0 23
41 29920 66 4 30496 510 576
498 29991 66 3 30562 505 571
326 29983 67 2 30629 579 646
137 30638 54 4 30692 0 54
158 30645 63 2 30755 47 110
700 30738 76 4 30831 17 93
433 30877 63 3 30940 0 63
987 30766 79 4 30973 128 207
396 30510 84 3 31048 454 538
322 31138 49 4 31187 0 49
897 31123 50 3 31222 49 99
849 31104 60 1 31263 99 159
670 31082 63 3 31304 159 222
404 31411 24 4 31435 0 24
134 31365 53 4 31442 24 77
190 31318 63 2 31458 77 140
149 31127 77 4 31521 317 394
44 31502 85 4 31606 19 104
622 28125 97 4 31607 3385 3482
710 31624 81 4 31705 0 81
179 23025 98 4 31786 8663 8761
632 31836 47 4 31883 0 47
715 31859 82 3 31965 24 106
443 23853 100 2 32015 8062 8162
277 32078 59 3 32137 0 59
342 32054 75 3 32188 59 134
522 32330 41 3 32371 0 41
187 32389 60 1 32449 0 60
203 32356 69 3 32551 126 195
691 32425 69 3 32569 75 144
971 32487 72 2 32641 82 154
899 32676 65 4 32741 0 65
921 32750 71 2 32821 0 71
118 32840 68 2 32908 0 68
881 32999 49 4 33048 0 49
918 32845 100 3 33157 212 312
935 32842 100 3 33157 215 315
251 33231 63 4 33294 0 63
853 33183 69 3 33315 63 132
386 33551 61 3 33612 0 61
127 33707 80 1 33787 0 80
842 33725 85 3 33872 62 147
155 33940 50 4 33990 0 50
299 34005 48 4 34053 0 48
325 33900 60 4 34058 98 158
488 34066 64 4 34130 0 64
284 34131 37 3 34168 0 37
880 34204 61 3 34265 0 61
219 34168 64 3 34293 61 125
468 34219 67 4 34360 74 141
346 34006 84 4 34435 345 429
504 34569 28 2 34597 0 28
904 34568 60 3 34656 28 88
675 34534 68 4 34690 88 156
737 34736 64 3 34800 0 64
545 34524 76 4 34820 220 296
845 34012 92 3 34823 719 811
937 35115 45 2 35160 0 45
943 35162 41 4 35203 0 41
598 35178 46 4 35249 25 71
780 35066 61 3 35259 132 193
957 35056 63 3 35312 193 256
307 35411 54 4 35465 0 54
767 35511 49 2 35560 0 49
597 35582 31 3 35613 0 31
54 35570 45 2 35646 31 76
512 35468 71 2 35664 125 196
645 35699 67 4 35766 0 67
968 35613 74 2 35805 118 192
115 35889 58 4 35947 0 58
478 35885 61 2 36004 58 119
451 36022 60 2 36082 0 60
208 35892 79 3 36143 172 251
872 35756 80 4 36143 307 387
429 35870 85 1 36228 273 358
878 36277 57 3 36334 0 57
3 36256 68 3 36381 57 125
931 36468 47 2 36515 0 47
922 36451 90 1 36588 47 137
610 36648 52 2 36700 0 52
524 36590 70 4 36712 52 122
441 36718 63 3 36781 0 63
682 36380 95 3 36798 323 418
397 36991 35 2 37026 0 35
22 37068 41 3 37109 0 41
99 37053 47 3 37141 41 88
445 36982 48 4 37153 123 171
797 37014 48 3 37201 139 187
162 37065 53 2 37254 136 189
643 37289 23 4 37312 0 23
821 37322 41 3 37363 0 41
269 37293 54 3 37407 60 114
407 37033 78 1 37450 339 417
204 37509 55 3 37564 0 55
16 37613 58 4 37671 0 58
757 37683 60 4 37743 0 60
417 37508 67 4 37748 173 240
822 37505 69 4 37814 240 309
471 37846 52 2 37898 0 52
500 37896 57 1 37955 2 59
907 37603 77 4 38000 320 397
379 38018 56 4 38074 0 56
95 36970 86 4 38075 1019 1105
950 37100 87 2 38162 975 1062
123 37114 91 4 38253 1048 1139
883 38346 57 4 38403 0 57
176 38333 64 1 38454 57 121
791 38633 46 4 38679 0 46
448 38610 55 4 38711 46 101
573 38621 68 3 38779 90 158
719 38821 37 3 38858 0 37
600 38822 53 4 38911 36 89
716 39005 46 4 39051 0 46
898 38979 57 4 39082 46 103
539 38869 68 2 39082 145 213
574 38587 82 3 39099 430 512
81 39193 54 3 39247 0 54
460 39130 71 4 39255 54 125
939 39114 76 4 39315 125 201
23 39416 55 2 39471 0 55
405 39477 53 2 39530 0 53
750 39581 55 4 39636 0 55
58 39502 66 4 39651 83 149
485 39675 37 4 39712 0 37
107 39594 86 2 39774 94 180
332 39596 97 4 39871 178 275
101 39914 54 2 39968 0 54
132 40060 63 1 40123 0 63
540 40153 65 4 40218 0 65
390 40230 51 3 40281 0 51
38 40062 70 3 40309 177 247
98 40376 46 4 40422 0 46
534 40366 52 3 40464 46 98
861 40465 31 3 40496 0 31
686 40348 60 4 40537 129 189
815 40540 50 3 40590 0 50
929 40615 44 2 40659 0 44
681 40646 48 4 40707 13 61
812 40716 26 3 40742 0 26
499 40773 53 1 40826 0 53
40 40720 59 2 40854 75 134
446 40393 60 3 40877 424 484
70 40915 47 4 40962 0 47
909 40942 69 4 41031 20 89
892 41055 45 4 41100 0 45
527 40633 70 4 41108 405 475
220 41174 30 2 41204 0 30
229 41151 43 2 41224 30 73
526 41160 61 4 41285 64 125
704 41279 62 3 41347 6 68
739 40574 71 1 41375 730 801
293 40148 77 4 41413 1188 1265
911 41460 36 2 41496 0 36
276 41521 43 4 41564 0 43
956 40980 79 2 41571 512 591
701 41665 49 4 41714 0 49
732 41605 80 4 41734 49 129
456 40452 89 3 41789 1248 1337
17 41809 59 4 41868 0 59
365 42004 47 4 42051 0 47
593 42051 47 3 42098 0 47
967 42176 39 2 42215 0 39
21 42280 65 2 42345 0 65
164 42229 66 4 42360 65 131
562 42295 68 2 42428 65 133
104 42440 63 1 42503 0 63
28 42133 75 4 42509 301 376
999 42571 51 3 42622 0 51
507 42529 62 4 42642 51 113
476 42653 38 2 42691 0 38
769 42754 62 4 42816 0 62
990 42635 78 1 42820 107 185
57 42166 81 2 42881 634 715
283 42295 89 4 42970 586 675
802 42978 46 4 43024 0 46
309 42224 95 2 43111 792 887
243 43425 34 2 43459 0 34
902 43370 59 4 43463 34 93
609 43661 52 4 43713 0 52
713 43723 55 2 43778 0 55
452 43615 58 3 43780 107 165
59 43789 34 1 43823 0 34
575 43704 61 4 43875 110 171
886 43711 67 4 43942 164 231
303 43962 53 4 44015 0 53
567 43607 74 4 44061 380 454
900 44116 57 3 44173 0 57
124 44239 59 4 44298 0 59
933 44309 20 4 44329 0 20
754 44345 31 3 44376 0 31
830 44374 37 4 44413 2 39
894 44384 64 2 44477 29 93
734 44576 57 2 44633 0 57
234 44669 50 1 44719 0 50
53 44589 67 3 44750 94 161
568 44804 53 2 44857 0 53
667 44747 69 3 44872 56 125
489 45045 46 2 45091 0 46
623 45043 51 3 45140 46 97
29 45128 53 2 45193 12 65
414 45200 53 4 45253 0 53
138 45225 55 1 45308 28 83
192 45349 51 4 45400 0 51
236 45150 56 2 45408 202 258
96 45428 53 3 45481 0 53
150 45395 60 1 45521 66 126
712 45443 66 4 45587 78 144
453 45610 63 3 45673 0 63
733 45615 66 4 45739 58 124
776 45756 52 4 45808 0 52
388 45189 73 3 45841 579 652
153 45870 36 2 45906 0 36
136 45938 48 2 45986 0 48
178 45222 82 2 46007 703 785
620 46050 40 3 46090 0 40
373 45158 100 3 46147 889 989
635 46151 44 3 46195 0 44
477 46184 65 4 46260 11 76
546 46235 67 2 46327 25 92
37 46622 53 3 46675 0 53
720 46730 34 3 46764 0 34
183 46751 64 3 46828 13 77
982 46858 33 2 46891 0 33
509 46812 68 4 46929 49 117
459 46911 75 2 47004 18 93
824 47012 53 2 47065 0 53
654 47086 59 4 47145 0 59
551 47192 41 2 47233 0 41
613 47283 42 4 47325 0 42
56 47278 48 2 47368 42 90
401 47192 70 1 47393 131 201
231 47548 32 4 47580 0 32
760 47679 33 1 47712 0 33
983 47647 69 3 47749 33 102
395 47817 59 2 47876 0 59
215 47661 90 4 47898 147 237
703 47921 45 4 47966 0 45
690 48327 43 4 48370 0 43
952 48311 95 2 48449 43 138
917 48481 53 3 48534 0 53
893 48507 64 3 48598 27 91
237 48530 68 2 48666 68 136
870 48458 73 1 48716 185 258
706 48884 66 2 48950 0 66
807 49007 59 1 49066 0 59
458 49077 52 3 49129 0 52
496 49112 53 4 49182 17 70
771 49089 60 4 49242 93 153
420 49291 57 3 49348 0 57
145 49096 61 4 49360 203 264
962 49401 47 3 49448 0 47
52 49504 42 4 49546 0 42
603 49455 57 4 49554 42 99
174 49329 61 1 49567 177 238
180 49130 67 4 49634 437 504
543 49686 36 2 49722 0 36
787 49250 70 2 49740 420 490
43 49750 42 4 49792 0 42
116 49813 58 2 49871 0 58
20 49913 49 3 49962 0 49
864 49886 61 3 49996 49 110
677 49964 100 3 50096 32 132
634 50330 53 2 50383 0 53
254 50409 45 2 50454 0 45
587 50371 75 3 50503 57 132
794 50548 62 3 50610 0 62
11 50516 68 4 50646 62 130
263 51018 51 4 51069 0 51
717 51146 33 4 51179 0 33
905 51218 46 3 51264 0 46
252 51227 50 3 51314 37 87
196 51152 55 1 51330 123 178
295 51520 60 4 51580 0 60
227 51487 63 1 51610 60 123
2 51760 44 3 51804 0 44
375 51873 50 3 51923 0 50
318 51767 51 4 51955 137 188
865 51772 51 4 51956 133 184
381 52078 35 4 52113 0 35
392 52148 90 4 52238 0 90
777 52086 91 3 52294 117 208
942 52636 49 4 52685 0 49
78 52820 36 2 52856 0 36
131 52790 72 2 52898 36 108
788 52912 78 2 52990 0 78
439 53142 62 4 53204 0 62
505 53299 70 3 53369 0 70
857 53373 52 1 53425 0 52
800 53413 53 3 53478 12 65
374 53397 61 3 53539 81 142
260 53291 74 2 53601 236 310
294 53360 80 1 53681 241 321
602 53717 70 2 53787 0 70
169 53800 47 4 53847 0 47
483 53797 69 3 53913 47 116
708 54015 61 3 54076 0 61
977 54004 74 3 54139 61 135
65 54184 48 2 54232 0 48
103 54259 77 4 54336 0 77
514 54097 80 4 54344 167 247
358 54296 81 3 54425 48 129
633 54435 66 2 54501 0 66
348 54611 67 4 54678 0 67
173 54565 72 3 54704 67 139
129 54304 83 3 54713 326 409
278 54179 83 2 54796 534 617
177 54995 46 3 55041 0 46
172 55036 60 4 55101 5 65
182 54940 63 4 55109 106 169
565 55190 56 4 55246 0 56
581 55236 64 4 55310 10 74
194 55259 71 4 55381 51 122
640 55177 73 4 55441 191 264
569 55238 89 4 55530 203 292
758 55883 51 4 55934 0 51
742 55850 76 3 55977 51 127
938 56073 33 3 56106 0 33
827 56118 62 3 56180 0 62
49 56084 74 4 56242 84 158
111 56304 49 4 56353 0 49
642 56243 95 4 56387 49 144
820 56517 39 4 56556 0 39
923 56450 68 2 56557 39 107
828 56682 79 2 56761 0 79
372 56898 57 4 56955 0 57
906 57357 68 2 57425 0 68
947 57746 57 3 57803 0 57
457 57781 64 3 57867 22 86
449 57973 66 3 58039 0 66
272 58044 65 4 58109 0 65
608 58178 57 2 58235 0 57
809 58230 83 3 58318 5 88
246 58325 54 1 58379 0 54
796 58357 61 1 58440 22 83
934 58702 83 2 58785 0 83
305 58815 51 3 58866 0 51
683 59049 70 3 59119 0 70
558 59349 49 3 59398 0 49
370 59302 56 3 59407 49 105
8 59376 85 4 59492 31 116
836 59286 88 2 59564 190 278
855 59666 69 1 59735 0 69
985 60131 42 4 60173 0 42
64 60159 63 3 60236 14 77
472 60145 81 1 60317 91 172
213 60356 59 4 60415 0 59
786 60329 62 2 60450 59 121
752 60742 42 4 60784 0 42
874 60808 67 4 60875 0 67
202 61061 55 4 61116 0 55
368 61165 46 1 61211 0 46
576 61122 54 2 61222 46 100
157 61300 36 2 61336 0 36
475 61342 88 4 61430 0 88
291 61456 59 3 61515 0 59
528 61437 73 3 61569 59 132
674 61674 57 4 61731 0 57
728 61607 69 4 61733 57 126
995 61697 71 2 61804 36 107
926 61825 59 1 61884 0 59
313 61763 93 4 61956 100 193
398 62036 20 3 62056 0 20
298 62014 60 3 62094 20 80
87 62181 59 4 62240 0 59
225 62333 49 2 62382 0 49
6 62435 58 4 62493 0 58
378 62444 60 2 62553 49 109
212 62334 62 3 62562 166 228
639 62480 62 1 62624 82 144
532 62695 87 2 62782 0 87
9 62646 98 3 62831 87 185
469 62905 42 3 62947 0 42
308 62940 61 4 63008 7 68
290 62928 67 2 63075 80 147
141 62483 100 4 63079 496 596
288 63230 68 3 63298 0 68
238 63341 71 1 63412 0 71
357 63466 54 4 63520 0 54
121 63581 85 4 63666 0 85
868 63761 32 4 63793 0 32
421 63750 77 4 63859 32 109
672 63925 40 2 63965 0 40
106 63964 53 4 64018 1 54
599 64045 27 3 64072 0 27
649 64058 54 3 64126 14 68
242 64101 58 4 64184 25 83
185 63962 79 2 64236 195 274
491 64116 84 1 64320 120 204
494 64361 60 2 64421 0 60
163 64585 99 4 64684 0 99
536 64876 69 2 64945 0 69
344 65098 45 4 65143 0 45
537 65047 60 2 65152 45 105
810 65369 33 2 65402 0 33
86 65451 62 4 65513 0 62
653 65396 80 4 65544 68 148
356 65618 61 4 65679 0 61
470 65981 38 4 66019 0 38
60 66139 69 4 66208 0 69
226 66218 47 1 66265 0 47
74 66762 72 2 66834 0 72
579 66883 80 1 66963 0 80
806 67110 78 4 67188 0 78
851 67233 61 4 67294 0 61
130 67300 55 4 67355 0 55
270 67343 68 1 67423 12 80
685 67451 43 4 67494 0 43
422 67201 99 3 67527 227 326
51 68026 48 4 68074 0 48
241 68208 55 4 68263 0 55
555 68450 70 4 68520 0 70
117 68701 49 3 68750 0 49
310 68816 64 2 68880 0 64
361 68881 34 2 68915 0 34
335 69035 64 4 69099 0 64
749 69173 63 3 69236 0 63
879 69136 70 4 69269 63 133
147 69009 75 4 69281 197 272
721 69336 44 2 69380 0 44
993 69396 44 4 69440 0 44
520 69868 75 3 69943 0 75
113 70116 70 3 70186 0 70
209 70301 52 3 70353 0 52
607 70567 57 3 70624 0 57
39 70495 80 3 70632 57 137
363 70674 55 4 70729 0 55
736 70782 68 4 70850 0 68
884 70827 74 2 70924 23 97
774 71090 57 1 71147 0 57
763 71044 65 3 71166 57 122
79 71090 80 4 71246 76 156
951 71424 76 3 71500 0 76
271 71906 42 4 71948 0 42
965 72397 53 1 72450 0 53
621 72671 69 3 72740 0 69
160 72879 51 4 72930 0 51
530 72930 80 1 73010 0 80
518 73152 58 2 73210 0 58
578 73491 64 3 73555 0 64
615 73586 44 3 73630 0 44
611 73547 79 2 73678 52 131
394 74154 48 4 74202 0 48
521 74318 73 2 74391 0 73
343 74661 55 1 74716 0 55
359 75023 42 4 75065 0 42
46 75065 45 2 75110 0 45
964 75132 53 2 75185 0 53
304 76080 59 4 76139 0 59
666 76719 60 3 76779 0 60
775 76819 60 3 76879 0 60
563 76978 44 3 77022 0 44
689 77409 100 3 77509 0 100
329 77895 57 3 77952 0 57
289 78076 85 3 78161 0 85
596 78184 37 3 78221 0 37
646 78885 32 2 78917 0 32
560 78959 71 3 79030 0 71
387 79056 39 1 79095 0 39
159 78933 80 3 79123 110 190
525 79158 60 1 79218 0 60
694 79352 69 4 79421 0 69
616 79316 79 4 79464 69 148
994 79640 51 4 79691 0 51
218 79629 52 3 79732 51 103
438 79916 65 4 79981 0 65
319 80039 45 3 80084 0 45
279 79988 81 4 80114 45 126
461 81396 88 3 81484 0 88
171 81965 31 3 81996 0 31
434 82055 62 2 82117 0 62
547 82150 73 4 82223 0 73
256 82358 61 3 82419 0 61
89 83045 45 2 83090 0 45
570 84926 58 3 84984 0 58
535 85235 67 2 85302 0 67
944 85618 64 1 85682 0 64
896 85730 73 4 85803 0 73
829 85810 52 3 85862 0 52
895 86245 51 1 86296 0 51
625 87188 69 4 87257 0 69
561 87481 58 4 87539 0 58
818 87540 61 4 87601 0 61
676 88435 57 2 88492 0 57
161 88573 52 1 88625 0 52
1000 88613 64 4 88689 12 76
986 89907 59 1 89966 0 59
193 89969 49 4 90018 0 49
481 90042 91 3 90133 0 91
71 90266 62 4 90328 0 62
678 90414 70 2 90484 0 70
991 90596 68 2 90664 0 68
463 91414 72 4 91486 0 72
424 91782 44 2 91826 0 44
692 92698 40 4 92738 0 40
553 92662 68 4 92770 40 108
484 92786 71 2 92857 0 71
586 93825 56 3 93881 0 56
317 96155 73 4 96228 0 73
311 97619 43 3 97662 0 43
