98352 1000 3960 3886
49 140 75 3 215 0 75
537 205 86 3 301 10 96
639 269 99 4 400 32 131
458 305 74 4 474 95 169
82 404 65 4 539 70 135
377 397 89 3 628 142 231
9 583 84 1 712 45 129
552 709 87 2 799 3 90
256 455 90 3 889 344 434
439 860 49 3 938 29 78
115 848 71 2 1009 90 161
661 935 79 4 1088 74 153
931 1036 79 4 1167 52 131
266 996 83 4 1250 171 254
870 1237 69 1 1319 13 82
620 1308 68 3 1387 11 79
389 1331 63 3 1450 56 119
719 1383 76 3 1526 67 143
528 1061 83 4 1609 465 548
130 1579 59 2 1668 30 89
946 1654 58 3 1726 14 72
837 1547 68 4 1794 179 247
855 1682 70 2 1864 112 182
118 1612 74 2 1938 252 326
196 1626 80 4 2018 312 392
327 1980 73 3 2091 38 111
830 2086 44 2 2135 5 49
715 1078 86 4 2221 1057 1143
577 2150 72 3 2293 71 143
17 1104 86 3 2379 1189 1275
525 897 86 2 2465 1482 1568
592 2237 87 4 2552 228 315
791 2513 44 4 2596 39 83
752 2526 64 3 2660 70 134
444 2608 50 3 2710 52 102
240 2673 42 2 2752 37 79
945 2712 49 1 2801 40 89
275 2779 44 4 2845 22 66
988 2677 63 3 2908 168 231
355 2892 66 2 2974 16 82
529 2534 72 2 3046 440 512
690 2557 75 3 3121 489 564
629 3090 67 1 3188 31 98
5 3187 60 3 3248 1 61
428 2878 77 4 3325 370 447
401 3260 54 3 3379 65 119
720 3371 67 4 3446 8 75
809 2504 84 2 3530 942 1026
591 3512 78 3 3608 18 96
636 3538 27 4 3635 70 97
477 3550 65 4 3700 85 150
623 3651 61 4 3761 49 110
136 3463 78 2 3839 298 376
153 2726 86 3 3925 1113 1199
650 1179 87 4 4012 2746 2833
841 2060 89 3 4101 1952 2041
688 2367 90 2 4191 1734 1824
290 4134 84 4 4275 57 141
854 4193 35 4 4310 82 117
774 4192 70 4 4380 118 188
438 4216 80 2 4460 164 244
354 4256 90 4 4550 204 294
89 4500 62 4 4612 50 112
263 4593 58 4 4670 19 77
500 4560 70 4 4740 110 180
6 4567 75 3 4815 173 248
183 4510 81 3 4896 305 386
184 4854 56 4 4952 42 98
773 4848 66 4 5018 104 170
11 4941 75 3 5093 77 152
116 5031 47 3 5140 62 109
73 5115 35 4 5175 25 60
768 5142 41 1 5216 33 74
407 5155 82 3 5298 61 143
679 5279 77 2 5375 19 96
956 5308 24 2 5399 67 91
947 5293 78 4 5477 106 184
904 5464 42 1 5519 13 55
3 5449 47 3 5566 70 117
366 5400 65 4 5631 166 231
412 5438 65 2 5696 193 258
668 5348 80 4 5776 348 428
374 5775 85 2 5861 1 86
544 5854 67 4 5928 7 74
705 5882 25 4 5953 46 71
582 5846 67 2 6020 107 174
708 5971 71 3 6091 49 120
496 5869 81 1 6172 222 303
249 6098 63 4 6235 74 137
799 6192 72 4 6307 43 115
586 6249 72 4 6379 58 130
996 4529 87 4 6466 1850 1937
509 5256 88 4 6554 1210 1298
67 6523 57 3 6611 31 88
440 6543 64 3 6675 68 132
173 6490 74 3 6749 185 259
385 6702 45 4 6794 47 92
317 6765 47 3 6841 29 76
950 6702 55 4 6896 139 194
788 6758 67 2 6963 138 205
632 6666 76 4 7039 297 373
166 6714 83 4 7122 325 408
697 7058 55 2 7177 64 119
710 7106 75 2 7252 71 146
478 7095 80 2 7332 157 237
178 7260 63 4 7395 72 135
765 7304 69 3 7464 91 160
609 7451 77 4 7541 13 90
804 7504 72 2 7613 37 109
807 7463 82 4 7695 150 232
247 6602 84 3 7779 1093 1177
475 7724 44 4 7823 55 99
437 7762 55 3 7878 61 116
344 7784 59 2 7937 94 153
973 7885 30 4 7967 52 82
129 7812 69 4 8036 155 224
465 7932 75 3 8111 104 179
457 8074 59 3 8170 37 96
87 8059 72 3 8242 111 183
899 8208 63 3 8305 34 97
584 8167 82 1 8387 138 220
662 8376 43 4 8430 11 54
746 8316 71 4 8501 114 185
521 8433 52 3 8553 68 120
70 8337 79 1 8632 216 295
211 6914 84 3 8716 1718 1802
851 8686 68 2 8784 30 98
205 8745 72 2 8856 39 111
596 8709 77 4 8933 147 224
709 6698 85 3 9018 2235 2320
215 8980 40 2 9058 38 78
924 7270 85 3 9143 1788 1873
189 6743 86 4 9229 2400 2486
448 9166 54 4 9283 63 117
384 9237 57 4 9340 46 103
285 9313 44 4 9384 27 71
604 9262 72 3 9456 122 194
236 9391 72 3 9528 65 137
822 9498 65 3 9593 30 95
274 7619 86 3 9679 1974 2060
659 9222 86 1 9765 457 543
737 9746 78 4 9843 19 97
133 7953 87 3 9930 1890 1977
568 9876 76 3 10006 54 130
432 9989 49 3 10055 17 66
665 9934 73 3 10128 121 194
117 10125 68 2 10196 3 71
226 10086 82 2 10278 110 192
35 10232 60 4 10338 46 106
815 10247 60 1 10398 91 151
874 5104 88 4 10486 5294 5382
781 10433 84 4 10570 53 137
310 9643 88 4 10658 927 1015
939 10215 88 3 10746 443 531
701 10672 86 2 10832 74 160
113 8640 88 3 10920 2192 2280
252 10835 82 4 11002 85 167
866 10277 89 4 11091 725 814
486 11024 88 1 11179 67 155
621 5952 89 3 11268 5227 5316
135 11252 48 2 11316 16 64
343 11203 62 3 11378 113 175
578 11358 24 1 11402 20 44
483 11185 74 3 11476 217 291
775 11456 80 1 11556 20 100
255 11504 42 3 11598 52 94
744 11500 76 4 11674 98 174
258 11207 81 4 11755 467 548
742 10926 89 3 11844 829 918
4 11758 32 4 11876 86 118
413 11784 45 2 11921 92 137
761 9071 89 3 12010 2850 2939
847 11981 85 3 12095 29 114
994 6190 89 2 12184 5905 5994
941 12161 78 3 12262 23 101
818 12228 69 1 12331 34 103
523 12304 68 4 12399 27 95
434 9114 89 2 12488 3285 3374
90 12468 60 1 12548 20 80
860 12485 61 2 12609 63 124
446 7917 89 2 12698 4692 4781
311 5185 90 4 12788 7513 7603
337 12760 77 2 12865 28 105
937 12835 65 1 12930 30 95
743 12878 88 4 13018 52 140
406 12958 38 4 13056 60 98
812 13009 73 3 13129 47 120
728 13126 88 4 13217 3 91
891 5118 90 4 13307 8099 8189
180 13306 42 2 13349 1 43
75 12364 90 4 13439 985 1075
716 9052 90 3 13529 4387 4477
504 13469 79 4 13608 60 139
514 9930 90 2 13698 3678 3768
918 13692 80 4 13778 6 86
92 2310 90 2 13868 11468 11558
684 13803 63 1 13931 65 128
510 13845 84 2 14015 86 170
527 6131 91 3 14106 7884 7975
814 9746 91 3 14197 4360 4451
246 14152 88 4 14285 45 133
261 14223 87 2 14372 62 149
961 14309 26 2 14398 63 89
793 14369 82 3 14480 29 111
342 14300 89 4 14569 180 269
957 14501 39 4 14608 68 107
466 14501 60 4 14668 107 167
700 13914 91 3 14759 754 845
669 14743 83 4 14842 16 99
693 14819 71 3 14913 23 94
420 14856 56 4 14969 57 113
657 14932 71 1 15040 37 108
694 14899 76 3 15116 141 217
191 14641 91 3 15207 475 566
383 15203 65 1 15272 4 69
210 15214 27 4 15299 58 85
403 15232 35 4 15334 67 102
876 15316 40 3 15374 18 58
214 15338 61 2 15435 36 97
627 4889 91 3 15526 10546 10637
66 15500 69 3 15595 26 95
903 15554 41 4 15636 41 82
507 15479 90 4 15726 157 247
842 15692 47 1 15773 34 81
864 15750 82 1 15855 23 105
162 5060 91 3 15946 10795 10886
831 15934 89 2 16035 12 101
910 16028 53 3 16088 7 60
410 16082 65 4 16153 6 71
167 15951 76 2 16229 202 278
497 7902 91 3 16320 8327 8418
204 16281 52 2 16372 39 91
199 16298 78 4 16450 74 152
341 16345 91 4 16541 105 196
968 16525 48 3 16589 16 64
601 13784 91 1 16680 2805 2896
456 16645 71 3 16751 35 106
124 16748 59 4 16810 3 62
868 16788 88 4 16898 22 110
617 16812 47 2 16945 86 133
863 16877 74 2 17019 68 142
147 16935 76 3 17095 84 160
408 17036 45 4 17140 59 104
667 17058 84 3 17224 82 166
676 17210 80 4 17304 14 94
150 17122 84 3 17388 182 266
734 16690 89 4 17477 698 787
484 17457 38 4 17515 20 58
423 17465 58 2 17573 50 108
404 17558 27 2 17600 15 42
314 17490 61 3 17661 110 171
169 17545 74 4 17735 116 190
109 17682 32 1 17767 53 85
756 17610 88 4 17855 157 245
402 17846 84 3 17939 9 93
333 17884 72 4 18011 55 127
770 17945 65 4 18076 66 131
558 6818 91 1 18167 11258 11349
76 18103 41 2 18208 64 105
358 17232 92 4 18300 976 1068
753 18215 60 3 18360 85 145
159 18313 60 3 18420 47 107
539 18406 87 3 18507 14 101
18 18466 75 4 18582 41 116
666 18523 62 3 18644 59 121
393 18493 85 4 18729 151 236
144 14254 92 4 18821 4475 4567
838 15835 92 3 18913 2986 3078
208 18848 82 3 18995 65 147
494 18939 68 4 19063 56 124
977 18945 80 3 19143 118 198
817 18943 85 3 19228 200 285
194 18827 88 3 19316 401 489
900 19306 74 3 19390 10 84
892 19343 40 2 19430 47 87
418 19329 73 4 19503 101 174
986 19470 60 4 19563 33 93
976 19478 72 4 19635 85 157
323 19571 53 3 19688 64 117
48 19680 64 4 19752 8 72
271 19728 78 3 19830 24 102
923 19771 68 4 19898 59 127
425 19256 81 2 19979 642 723
88 19975 32 4 20011 4 36
283 19919 59 1 20070 92 151
382 19924 63 4 20133 146 209
371 19932 68 4 20201 201 269
332 19559 84 4 20285 642 726
22 19480 89 3 20374 805 894
884 20358 39 3 20413 16 55
663 20360 51 4 20464 53 104
618 20353 88 3 20552 111 199
322 20113 89 3 20641 439 528
505 20618 44 4 20685 23 67
13 20643 81 2 20766 42 123
360 20760 45 1 20811 6 51
777 20782 35 4 20846 29 64
867 20832 71 4 20917 14 85
516 20667 86 3 21003 250 336
878 19227 90 4 21093 1776 1866
858 21004 86 1 21179 89 175
232 21117 69 1 21248 62 131
997 21223 43 4 21291 25 68
875 21221 78 4 21369 70 148
561 21113 82 2 21451 256 338
579 21383 64 3 21515 68 132
739 21497 86 1 21601 18 104
551 21577 54 3 21655 24 78
736 21654 58 4 21713 1 59
993 21689 84 4 21797 24 108
506 21614 87 3 21884 183 270
100 21811 22 3 21906 73 95
213 21836 34 4 21940 70 104
640 19000 90 3 22030 2940 3030
137 22000 31 3 22061 30 61
491 22049 40 4 22101 12 52
980 22085 43 4 22144 16 59
443 22024 80 3 22224 120 200
813 21990 85 4 22309 234 319
145 22251 65 3 22374 58 123
908 22225 66 4 22440 149 215
678 22251 83 2 22523 189 272
556 22515 50 4 22573 8 58
560 22491 68 3 22641 82 150
522 22594 62 2 22703 47 109
45 22567 70 1 22773 136 206
898 22732 74 3 22847 41 115
597 22842 30 4 22877 5 35
732 22791 61 2 22938 86 147
223 22623 75 3 23013 315 390
158 22980 45 3 23058 33 78
29 22996 49 3 23107 62 111
237 22990 74 4 23181 117 191
442 23138 66 4 23247 43 109
826 23197 60 4 23307 50 110
600 23303 30 4 23337 4 34
433 23189 78 4 23415 148 226
545 23341 81 3 23496 74 155
36 23429 80 3 23576 67 147
451 23391 82 4 23658 185 267
581 23589 67 3 23725 69 136
606 23702 59 4 23784 23 82
481 22231 85 4 23869 1553 1638
131 23862 72 1 23941 7 79
176 23524 85 4 24026 417 502
63 23438 86 4 24112 588 674
958 24036 70 3 24182 76 146
188 24155 81 4 24263 27 108
565 24262 79 4 24342 1 80
111 22281 86 4 24428 2061 2147
289 22672 86 4 24514 1756 1842
979 24471 69 4 24583 43 112
727 24515 47 4 24630 68 115
911 24454 71 4 24701 176 247
696 24029 87 2 24788 672 759
207 23663 88 4 24876 1125 1213
922 24855 35 2 24911 21 56
967 24905 54 1 24965 6 60
165 24396 89 1 25054 569 658
646 25030 56 4 25110 24 80
378 25109 71 1 25181 1 72
291 25142 50 4 25231 39 89
832 25154 59 4 25290 77 136
607 22863 90 4 25380 2427 2517
712 23953 91 2 25471 1427 1518
380 23063 92 4 25563 2408 2500
895 23864 92 3 25655 1699 1791
301 25573 50 3 25705 82 132
148 25630 91 4 25796 75 166
7 25732 70 4 25866 64 134
816 16374 92 3 25958 9492 9584
8 25936 76 3 26034 22 98
381 25995 80 4 26114 39 119
24 26034 91 4 26205 80 171
152 26152 33 4 26238 53 86
55 26133 65 2 26303 105 170
396 25779 92 3 26395 524 616
590 22992 92 2 26487 3403 3495
132 26432 47 4 26534 55 102
707 26474 83 2 26617 60 143
455 26487 89 4 26706 130 219
394 5089 92 2 26798 21617 21709
951 26752 71 2 26869 46 117
588 26816 68 3 26937 53 121
107 26931 78 2 27015 6 84
819 26805 80 4 27095 210 290
254 27016 51 3 27146 79 130
257 27065 68 2 27214 81 149
810 27054 75 2 27289 160 235
634 27035 82 4 27371 254 336
772 27295 76 1 27447 76 152
278 27373 68 3 27515 74 142
14 11403 93 4 27608 16112 16205
975 27542 61 1 27669 66 127
123 27585 88 4 27757 84 172
644 27724 50 4 27807 33 83
110 27802 72 3 27879 5 77
827 27715 76 2 27955 164 240
31 27893 29 3 27984 62 91
265 27930 76 4 28060 54 130
647 27975 82 2 28142 85 167
859 28127 72 2 28214 15 87
347 28157 73 3 28287 57 130
369 28181 82 2 28369 106 188
495 28366 83 4 28452 3 86
498 28406 60 4 28512 46 106
397 27771 89 3 28601 741 830
872 27887 92 4 28693 714 806
624 18341 93 4 28786 10352 10445
671 28786 62 4 28848 0 62
912 28843 33 4 28881 5 38
101 6357 93 4 28974 22524 22617
820 28894 47 3 29021 80 127
469 20580 93 4 29114 8441 8534
648 29067 88 1 29202 47 135
531 19221 93 4 29295 9981 10074
518 29275 62 4 29357 20 82
126 29228 70 3 29427 129 199
26 18074 93 3 29520 11353 11446
143 29454 62 1 29582 66 128
340 29569 67 2 29649 13 80
297 29646 62 3 29711 3 65
112 29711 75 4 29786 0 75
532 29774 53 4 29839 12 65
79 29572 80 2 29919 267 347
672 29439 89 3 30008 480 569
645 29986 35 3 30043 22 57
526 29856 89 3 30132 187 276
414 30105 71 4 30203 27 98
238 29915 91 3 30294 288 379
735 23618 93 3 30387 6676 6769
69 30377 82 4 30469 10 92
615 30439 54 4 30523 30 84
203 30362 86 2 30609 161 247
242 30594 48 3 30657 15 63
227 16090 93 3 30750 14567 14660
264 30744 86 4 30836 6 92
320 30802 47 1 30883 34 81
488 30841 39 3 30922 42 81
206 30759 67 2 30989 163 230
359 30898 79 3 31068 91 170
574 30997 45 2 31113 71 116
292 31092 51 3 31164 21 72
480 30763 82 3 31246 401 483
391 31007 83 4 31329 239 322
896 29610 93 3 31422 1719 1812
653 31422 51 3 31473 0 51
880 31404 93 4 31566 69 162
571 30871 93 2 31659 695 788
885 3380 93 2 31752 28279 28372
47 31681 27 2 31779 71 98
10 31685 43 2 31822 94 137
802 31668 65 3 31887 154 219
745 31849 40 1 31927 38 78
972 31837 67 4 31994 90 157
741 31980 67 4 32061 14 81
106 31995 49 4 32110 66 115
154 32014 73 2 32183 96 169
350 32161 43 4 32226 22 65
399 32195 55 4 32281 31 86
450 32206 81 2 32362 75 156
91 31874 93 4 32455 488 581
499 25672 93 1 32548 6783 6876
824 32540 59 3 32607 8 67
114 32490 72 2 32679 117 189
564 32669 46 4 32725 10 56
865 32693 60 4 32785 32 92
201 32469 74 1 32859 316 390
538 32835 68 2 32927 24 92
409 32700 75 2 33002 227 302
127 32893 78 4 33080 109 187
61 33073 50 4 33130 7 57
284 32534 79 3 33209 596 675
595 33160 59 3 33268 49 108
543 33268 79 1 33347 0 79
221 33293 80 2 33427 54 134
305 32793 86 3 33513 634 720
611 33494 80 4 33593 19 99
192 33521 61 2 33654 72 133
989 33582 65 2 33719 72 137
160 33304 86 3 33805 415 501
829 32987 87 3 33892 818 905
471 33887 55 4 33947 5 60
216 33678 88 4 34035 269 357
345 34009 69 3 34104 26 95
825 32624 89 4 34193 1480 1569
122 18523 93 1 34286 15670 15763
1 17357 94 4 34380 16929 17023
315 34365 66 3 34446 15 81
202 34319 81 4 34527 127 208
524 34469 54 3 34581 58 112
794 34580 41 3 34622 1 42
102 34455 70 4 34692 167 237
319 34334 83 1 34775 358 441
633 34731 80 4 34855 44 124
222 34606 93 3 34948 249 342
749 34927 92 3 35040 21 113
229 34363 93 2 35133 677 770
33 35082 81 4 35214 51 132
795 14134 94 4 35308 21080 21174
51 35292 90 1 35398 16 106
231 26934 94 4 35492 8464 8558
782 32579 94 4 35586 2913 3007
260 32647 94 4 35680 2939 3033
789 35602 37 3 35717 78 115
803 24159 94 4 35811 11558 11652
689 25962 94 4 35905 9849 9943
792 35858 33 3 35938 47 80
800 35920 46 4 35984 18 64
550 10179 94 4 36078 25805 25899
177 19924 94 4 36172 16154 16248
43 36102 89 3 36261 70 159
53 36230 36 4 36297 31 67
877 36248 67 2 36364 49 116
942 36315 74 3 36438 49 123
769 36377 57 1 36495 61 118
610 36351 80 2 36575 144 224
368 30873 94 3 36669 5702 5796
398 36632 54 4 36723 37 91
277 36678 37 4 36760 45 82
503 36753 59 4 36819 7 66
965 21590 94 3 36913 15229 15323
766 36898 28 1 36941 15 43
119 36866 62 4 37003 75 137
460 36944 78 4 37081 59 137
557 37040 53 4 37134 41 94
935 37111 79 4 37213 23 102
21 36844 81 4 37294 369 450
348 37222 51 2 37345 72 123
575 6703 94 3 37439 30642 30736
372 16859 94 2 37533 20580 20674
599 37457 63 4 37596 76 139
724 37510 75 4 37671 86 161
932 37619 41 4 37712 52 93
77 37494 79 4 37791 218 297
431 37742 77 1 37868 49 126
751 37579 81 4 37949 289 370
540 37855 91 4 38040 94 185
587 37774 93 1 38133 266 359
198 38116 79 3 38212 17 96
335 38118 85 3 38297 94 179
862 38235 83 4 38380 62 145
81 38304 25 2 38405 76 101
151 38312 58 4 38463 93 151
95 38432 64 4 38527 31 95
670 38416 93 4 38620 111 204
680 38573 60 4 38680 47 107
426 27400 94 2 38774 11280 11374
682 38732 80 3 38854 42 122
687 38712 91 2 38945 142 233
953 30533 94 2 39039 8412 8506
779 9159 94 2 39133 29880 29974
58 20760 94 2 39227 18373 18467
276 39220 55 4 39282 7 62
103 21096 94 2 39376 18186 18280
771 19745 94 2 39470 19631 19725
916 590 94 2 39564 38880 38974
619 39561 61 3 39625 3 64
750 39498 89 1 39714 127 216
652 33641 95 4 39809 6073 6168
959 39804 84 2 39893 5 89
517 39873 81 4 39974 20 101
280 39907 53 3 40027 67 120
156 39929 75 3 40102 98 173
353 40075 79 4 40181 27 106
262 40112 44 4 40225 69 113
630 4361 95 4 40320 35864 35959
108 40316 64 4 40384 4 68
664 30787 95 4 40479 9597 9692
559 40451 60 2 40539 28 88
888 40467 87 3 40626 72 159
713 40556 78 4 40704 70 148
605 40649 57 3 40761 55 112
331 10517 95 4 40856 30244 30339
309 40797 83 3 40939 59 142
760 773 95 4 41034 40166 40261
651 36975 95 4 41129 4059 4154
346 9286 95 4 41224 31843 31938
268 41165 54 3 41278 59 113
233 41185 80 1 41358 93 173
121 40211 95 4 41453 1147 1242
461 41429 59 4 41512 24 83
721 41468 43 4 41555 44 87
462 41539 76 4 41631 16 92
755 41552 80 1 41711 79 159
553 41655 84 2 41795 56 140
883 41450 89 4 41884 345 434
686 41856 30 4 41914 28 58
429 41799 49 2 41963 115 164
681 41807 54 3 42017 156 210
86 42005 67 3 42084 12 79
949 41928 70 4 42154 156 226
730 41972 82 3 42236 182 264
300 42022 89 1 42325 214 303
873 42251 89 4 42414 74 163
190 42017 94 4 42508 397 491
969 21173 95 4 42603 21335 21430
187 42564 50 1 42653 39 89
685 19774 95 4 42748 22879 22974
871 8207 95 4 42843 34541 34636
992 20933 95 4 42938 21910 22005
747 25802 95 4 43033 17136 17231
901 42958 63 3 43096 75 138
925 43072 45 4 43141 24 69
840 43095 56 4 43197 46 102
762 43187 91 4 43288 10 101
563 12736 95 3 43383 30552 30647
436 33073 95 1 43478 10310 10405
27 43409 93 4 43571 69 162
20 11972 96 4 43667 31599 31695
882 3423 96 4 43763 40244 40340
259 43761 67 1 43830 2 69
699 43814 74 2 43904 16 90
603 43757 89 4 43993 147 236
635 24370 96 4 44089 19623 19719
161 44066 90 4 44179 23 113
59 44107 92 2 44271 72 164
325 43061 96 4 44367 1210 1306
642 44312 22 4 44389 55 77
386 10032 96 3 44485 34357 34453
805 33688 96 3 44581 10797 10893
934 44501 29 4 44610 80 109
482 44598 87 3 44697 12 99
492 40937 96 3 44793 3760 3856
985 44733 54 4 44847 60 114
370 11256 96 2 44943 33591 33687
193 44939 90 2 45033 4 94
473 44860 91 4 45124 173 264
776 17412 96 2 45220 27712 27808
179 45181 96 4 45316 39 135
288 45258 69 4 45385 58 127
767 23488 96 2 45481 21897 21993
138 45435 77 4 45558 46 123
93 45550 70 4 45628 8 78
853 12510 96 2 45724 33118 33214
758 45697 77 4 45801 27 104
703 9135 96 2 45897 36666 36762
182 11438 96 1 45993 34459 34555
140 45950 83 3 46076 43 126
954 46072 42 3 46118 4 46
614 46041 78 3 46196 77 155
74 46163 66 2 46262 33 99
778 46198 73 4 46335 64 137
940 46086 90 1 46425 249 339
357 46336 70 3 46495 89 159
711 46372 90 1 46585 123 213
534 46574 62 4 46647 11 73
56 46455 96 2 46743 192 288
52 20520 96 1 46839 26223 26319
30 46821 85 4 46924 18 103
861 18546 97 4 47021 28378 28475
533 47015 76 3 47097 6 82
321 47075 72 3 47169 22 94
163 47065 94 3 47263 104 198
726 47191 42 3 47305 72 114
97 47259 75 4 47380 46 121
302 47328 80 4 47460 52 132
44 47433 74 3 47534 27 101
19 47407 86 2 47620 127 213
464 47487 89 1 47709 133 222
134 47499 91 3 47800 210 301
16 47773 57 2 47857 27 84
419 47773 68 1 47925 84 152
104 47879 53 4 47978 46 99
250 47876 64 2 48042 102 166
628 47726 69 1 48111 316 385
608 47847 75 1 48186 264 339
913 47955 89 1 48275 231 320
245 48204 51 3 48326 71 122
467 47238 96 4 48422 1088 1184
501 48378 69 4 48491 44 113
570 16123 97 4 48588 32368 32465
417 48508 92 3 48680 80 172
50 18458 97 4 48777 30222 30319
234 42611 97 4 48874 6166 6263
72 48860 79 4 48953 14 93
593 48909 84 3 49037 44 128
546 45114 97 4 49134 3923 4020
32 49051 90 4 49224 83 173
675 12830 97 4 49321 36394 36491
944 49227 59 2 49380 94 153
468 49372 63 4 49443 8 71
970 49250 69 4 49512 193 262
186 49371 77 4 49589 141 218
836 49541 83 1 49672 48 131
702 49242 85 3 49757 430 515
422 49705 75 4 49832 52 127
921 49354 91 4 49923 478 569
387 49885 55 3 49978 38 93
307 49849 64 4 50042 129 193
364 49872 78 2 50120 170 248
808 50060 57 4 50177 60 117
906 49844 82 4 50259 333 415
15 49989 87 4 50346 270 357
98 50316 51 2 50397 30 81
798 50374 31 4 50428 23 54
326 35725 97 4 50525 14703 14800
295 50497 91 2 50616 28 119
801 50540 66 4 50682 76 142
638 50537 92 4 50774 145 237
641 50485 95 2 50869 289 384
181 50793 70 4 50939 76 146
998 50874 44 1 50983 65 109
890 50974 47 1 51030 9 56
463 51026 60 2 51090 4 64
926 51090 52 1 51142 0 52
294 51060 72 4 51214 82 154
170 50978 77 2 51291 236 313
28 51076 82 3 51373 215 297
38 51271 92 3 51465 102 194
34 51427 55 3 51520 38 93
846 51480 59 2 51579 40 99
583 51538 83 2 51662 41 124
536 51608 81 4 51743 54 135
80 51013 93 3 51836 730 823
365 51757 71 3 51907 79 150
562 51856 87 1 51994 51 138
983 51961 89 4 52083 33 122
96 52021 72 3 52155 62 134
329 26137 97 3 52252 26018 26115
833 45283 97 3 52349 6969 7066
453 25128 97 3 52446 27221 27318
421 41485 97 3 52543 10961 11058
328 17699 97 2 52640 34844 34941
649 595 97 2 52737 52045 52142
698 52706 87 3 52824 31 118
209 39709 97 2 52921 13115 13212
572 22164 97 2 53018 30757 30854
893 52967 79 4 53097 51 130
905 53084 35 2 53132 13 48
219 53105 64 4 53196 27 91
395 53011 88 4 53284 185 273
955 53219 71 4 53355 65 136
37 53233 75 2 53430 122 197
351 53361 62 2 53492 69 131
230 53077 93 4 53585 415 508
655 52984 94 3 53679 601 695
889 53660 91 4 53770 19 110
844 16887 97 1 53867 36883 36980
200 53845 64 1 53931 22 86
445 53819 80 4 54011 112 192
598 53939 85 1 54096 72 157
94 53985 93 3 54189 111 204
966 54119 78 4 54267 70 148
352 37328 97 1 54364 16939 17036
625 42052 97 1 54461 12312 12409
984 54383 54 4 54515 78 132
704 54468 95 4 54610 47 142
282 6255 98 4 54708 48355 48453
821 54695 79 3 54787 13 92
392 54636 91 3 54878 151 242
907 54846 33 4 54911 32 65
293 54856 80 4 54991 55 135
849 54868 84 4 55075 123 207
535 54867 86 2 55161 208 294
25 55124 80 2 55241 37 117
881 55222 67 1 55308 19 86
963 54792 88 4 55396 516 604
613 55358 40 4 55436 38 78
887 55353 71 1 55507 83 154
917 55458 69 2 55576 49 118
430 55559 55 2 55631 17 72
930 3181 98 4 55729 52450 52548
376 55703 76 3 55805 26 102
512 33554 98 4 55903 22251 22349
759 21624 98 4 56001 34279 34377
784 34703 98 4 56099 21298 21396
447 55512 98 4 56197 587 685
312 56145 44 4 56241 52 96
879 38010 98 4 56339 18231 18329
313 56269 91 2 56430 70 161
424 42291 98 4 56528 14139 14237
897 14376 98 4 56626 42152 42250
936 56596 97 1 56723 30 127
12 1403 98 3 56821 55320 55418
573 56780 27 4 56848 41 68
390 56831 97 3 56945 17 114
349 22964 98 3 57043 33981 34079
852 57011 30 4 57073 32 62
125 57054 97 4 57170 19 116
435 55966 98 3 57268 1204 1302
42 17894 98 3 57366 39374 39472
174 57357 52 3 57418 9 61
616 57400 47 4 57465 18 65
459 14017 98 3 57563 43448 43546
172 57533 50 4 57613 30 80
722 29153 98 3 57711 28460 28558
149 57644 57 4 57768 67 124
691 57694 88 4 57856 74 162
785 57816 92 4 57948 40 132
239 17573 98 3 58046 40375 40473
589 58018 55 2 58101 28 83
643 58039 87 3 58188 62 149
835 58023 90 4 58278 165 255
441 26371 98 3 58376 31907 32005
631 25981 98 2 58474 32395 32493
508 40293 98 1 58572 18181 18279
267 58488 53 4 58625 84 137
549 58519 76 1 58701 106 182
336 58537 78 3 58779 164 242
269 46785 99 4 58878 11994 12093
542 15546 99 4 58977 43332 43431
519 58934 98 3 59075 43 141
470 58991 44 4 59119 84 128
585 21800 99 4 59218 37319 37418
388 59182 92 3 59310 36 128
185 10632 99 4 59409 48678 48777
39 59322 92 2 59501 87 179
948 59444 54 4 59555 57 111
85 59526 47 3 59602 29 76
902 59602 88 4 59690 0 88
248 10161 99 4 59789 49529 49628
41 59770 80 3 59869 19 99
427 59817 62 3 59931 52 114
914 50132 99 4 60030 9799 9898
228 19905 99 4 60129 40125 40224
547 4754 99 4 60228 55375 55474
843 45272 99 4 60327 14956 15055
296 6641 99 4 60426 53686 53785
683 24213 99 3 60525 36213 36312
520 8121 99 3 60624 52404 52503
298 60531 26 4 60650 93 119
738 60529 31 3 60681 121 152
99 60553 53 3 60734 128 181
511 60628 77 4 60811 106 183
449 26652 99 3 60910 34159 34258
318 29480 99 3 61009 31430 31529
60 60988 41 3 61050 21 62
569 1527 99 3 61149 59523 59622
338 61058 75 4 61224 91 166
856 7457 99 3 61323 53767 53866
139 766 99 3 61422 60557 60656
105 61419 53 4 61475 3 56
487 26907 99 3 61574 34568 34667
962 29744 99 2 61673 31830 31929
692 24776 99 2 61772 36897 36996
763 8428 99 2 61871 53344 53443
217 4687 99 2 61970 57184 57283
489 48885 99 2 62069 13085 13184
308 62033 59 4 62128 36 95
515 61992 89 4 62217 136 225
823 41344 99 1 62316 20873 20972
171 35776 99 1 62415 26540 26639
706 17707 100 4 62515 44708 44808
978 62443 34 3 62549 72 106
806 62478 51 3 62600 71 122
654 62457 68 3 62668 143 211
270 62597 94 4 62762 71 165
472 62682 84 4 62846 80 164
279 3077 100 3 62946 59769 59869
225 13085 100 3 63046 49861 49961
243 63019 51 3 63097 27 78
218 63048 50 4 63147 49 99
253 63068 83 4 63230 79 162
974 6206 100 3 63330 57024 57124
677 63317 42 3 63372 13 55
783 63238 84 4 63456 134 218
251 205 100 3 63556 63251 63351
971 63463 75 3 63631 93 168
71 63600 78 4 63709 31 109
330 63631 81 4 63790 78 159
411 3281 100 3 63890 60509 60609
786 44153 100 3 63990 19737 19837
995 63986 57 4 64047 4 61
729 63945 71 4 64118 102 173
490 64106 63 4 64181 12 75
919 63926 71 3 64252 255 326
915 64121 78 1 64330 131 209
982 64057 97 2 64427 273 370
555 64161 100 3 64527 266 366
1000 64519 60 4 64587 8 68
567 64587 48 3 64635 0 48
566 64505 87 3 64722 130 217
999 277 100 1 64822 64445 64545
714 12013 100 1 64922 52809 52909
40 64908 85 2 65007 14 99
141 64954 80 2 65087 53 133
241 65428 39 4 65467 0 39
612 65652 87 2 65739 0 87
594 65668 60 2 65799 71 131
235 65736 64 4 65863 63 127
304 65680 69 4 65932 183 252
723 65802 73 1 66005 130 203
981 65906 89 4 66094 99 188
839 66057 78 4 66172 37 115
733 66165 28 3 66200 7 35
658 66164 28 1 66228 36 64
485 66177 68 3 66296 51 119
212 66196 79 4 66375 100 179
195 66006 82 4 66457 369 451
637 66107 92 2 66549 350 442
952 66596 91 4 66687 0 91
869 66836 95 4 66931 0 95
361 67022 86 1 67108 0 86
224 67497 47 2 67544 0 47
306 68035 79 2 68114 0 79
416 68210 35 4 68245 0 35
828 68485 97 1 68582 0 97
674 68607 75 1 68682 0 75
502 68646 68 2 68750 36 104
580 69124 64 4 69188 0 64
927 69455 63 2 69518 0 63
530 69490 60 4 69578 28 88
339 69501 96 1 69674 77 173
886 69764 69 1 69833 0 69
695 69831 90 3 69923 2 92
324 69846 75 4 69998 77 152
796 69970 52 2 70050 28 80
548 69798 94 4 70144 252 346
928 70355 84 3 70439 0 84
797 70372 86 3 70525 67 153
157 70542 99 4 70641 0 99
493 70737 98 2 70835 0 98
78 70757 41 4 70876 78 119
65 71127 64 3 71191 0 64
987 71307 59 4 71366 0 59
541 71382 91 4 71473 0 91
479 71441 79 3 71552 32 111
287 71782 46 4 71828 0 46
272 72278 97 3 72375 0 97
120 72294 85 3 72460 81 166
452 72411 70 3 72530 49 119
938 72593 58 4 72651 0 58
845 72741 89 4 72830 0 89
790 72957 94 3 73051 0 94
356 73384 37 4 73421 0 37
857 73415 52 2 73473 6 58
920 73650 90 2 73740 0 90
303 73750 56 2 73806 0 56
513 73864 98 4 73962 0 98
2 73996 39 2 74035 0 39
850 74458 92 2 74550 0 92
83 74634 99 3 74733 0 99
725 74742 80 4 74822 0 80
660 75105 97 3 75202 0 97
787 75280 75 3 75355 0 75
146 75427 48 3 75475 0 48
316 75518 79 3 75597 0 79
929 75945 92 3 76037 0 92
281 75966 67 4 76104 71 138
964 76070 90 2 76194 34 124
379 76136 84 4 76278 58 142
286 76210 66 3 76344 68 134
244 76138 97 4 76441 206 303
454 76455 85 3 76540 0 85
622 76718 87 2 76805 0 87
164 76835 88 3 76923 0 88
375 76930 67 4 76997 0 67
62 77107 45 1 77152 0 45
168 77122 43 4 77195 30 73
626 77336 96 4 77432 0 96
373 77354 84 3 77516 78 162
273 77508 89 4 77605 8 97
909 77489 96 3 77701 116 212
748 78705 68 4 78773 0 68
811 79122 80 2 79202 0 80
894 79166 79 3 79281 36 115
764 79346 79 3 79425 0 79
155 79706 68 4 79774 0 68
128 80001 97 4 80098 0 97
740 80760 69 4 80829 0 69
220 81002 72 3 81074 0 72
57 81146 81 2 81227 0 81
175 81176 67 4 81294 51 118
718 81180 78 3 81372 114 192
554 82012 93 3 82105 0 93
400 82321 79 2 82400 0 79
576 82459 31 3 82490 0 31
405 82990 73 2 83063 0 73
84 83062 96 1 83159 1 97
990 83241 54 2 83295 0 54
754 83732 87 4 83819 0 87
834 84375 96 3 84471 0 96
363 84710 80 4 84790 0 80
780 84984 78 2 85062 0 78
415 84996 91 4 85153 66 157
362 85069 66 3 85219 84 150
46 85211 68 2 85287 8 76
299 85342 73 4 85415 0 73
68 85762 78 4 85840 0 78
731 86039 77 4 86116 0 77
933 86368 80 3 86448 0 80
991 86899 76 4 86975 0 76
717 86937 54 4 87029 38 92
54 87589 97 3 87686 0 97
367 87833 66 4 87899 0 66
602 88234 51 4 88285 0 51
848 88716 75 3 88791 0 75
142 88879 70 4 88949 0 70
197 89280 95 4 89375 0 95
476 89325 65 4 89440 50 115
64 89884 60 3 89944 0 60
23 90465 91 3 90556 0 91
673 91515 99 4 91614 0 99
943 92243 57 4 92300 0 57
334 93079 97 2 93176 0 97
960 94087 86 4 94173 0 86
656 95785 87 3 95872 0 87
757 97336 99 3 97435 0 99
474 98267 85 3 98352 0 85
