96396 1737 787 727
710 24 76 4 100 0 76
757 51 62 4 212 99 161
219 141 43 3 355 171 214
593 52 62 4 367 253 315
888 114 65 4 382 203 268
201 120 68 4 450 262 330
355 300 41 3 491 150 191
722 254 63 2 604 287 350
303 358 60 3 664 246 306
785 525 50 3 814 239 289
13 373 59 2 823 391 450
556 560 37 4 860 263 300
803 414 68 4 878 396 464
683 493 79 2 957 385 464
932 495 84 3 991 412 496
800 605 53 4 1244 586 639
271 962 37 2 1331 332 369
138 728 59 3 1340 553 612
61 736 62 3 1352 554 616
99 858 61 4 1413 494 555
748 858 68 1 1431 505 573
540 866 87 1 1668 715 802
965 1196 36 4 1704 472 508
754 921 90 2 1744 733 823
77 1070 61 2 1905 774 835
856 1149 55 2 2010 806 861
407 1166 69 3 2029 794 863
232 1482 38 4 2067 547 585
567 1181 70 3 2137 886 956
479 1567 46 3 2183 570 616
496 1574 49 3 2232 609 658
94 1187 57 3 2239 995 1052
975 1607 50 4 2289 632 682
759 1253 61 4 2350 1036 1097
127 1271 54 3 2354 1029 1083
863 1349 87 4 2391 955 1042
364 1392 59 2 2400 949 1008
849 1396 55 3 2455 1004 1059
259 2031 36 3 2541 474 510
97 1521 57 4 2548 970 1027
503 1703 79 4 2677 895 974
985 1928 72 2 2749 749 821
446 2411 46 3 2795 338 384
598 1958 51 3 2796 787 838
60 2462 49 4 2845 334 383
368 2521 41 4 2936 374 415
779 2176 70 3 2956 710 780
892 2553 44 4 3000 403 447
241 2260 68 2 3018 690 758
59 2321 52 4 3020 647 699
292 2503 67 3 3087 517 584
992 2770 81 4 3368 517 598
480 2871 59 4 3377 447 506
16 2908 78 3 3405 419 497
669 2974 52 2 3507 481 533
599 2997 75 4 3532 460 535
494 3015 72 2 3654 567 639
919 3327 32 2 3686 327 359
952 3143 71 3 3857 643 714
90 3164 64 3 3871 643 707
875 3269 61 4 4032 702 763
240 3278 75 4 4107 754 829
522 3362 87 3 4194 745 832
489 3383 65 4 4259 811 876
359 3391 76 4 4335 868 944
868 3485 55 4 4390 850 905
804 3488 72 3 4462 902 974
961 3531 70 4 4532 931 1001
35 3579 76 3 4558 903 979
247 4095 43 4 4701 563 606
692 3640 56 3 4707 1011 1067
33 3688 57 3 4764 1019 1076
943 3765 55 4 4819 999 1054
546 3800 77 4 4896 1019 1096
655 3917 62 2 4958 979 1041
374 3959 67 1 5025 999 1066
603 4063 62 4 5087 962 1024
566 4092 88 3 5125 945 1033
183 4622 30 2 5155 503 533
507 4697 43 4 5348 608 651
202 4135 65 3 5413 1213 1278
592 4221 89 3 5552 1242 1331
326 4302 71 4 5573 1200 1271
862 4382 67 3 5640 1191 1258
799 4394 57 1 5697 1246 1303
859 4490 59 4 5756 1207 1266
808 5039 45 3 5801 717 762
69 5152 38 4 5939 749 787
890 4628 57 2 5946 1261 1318
169 4628 80 3 6026 1318 1398
815 4668 79 4 6055 1308 1387
81 4705 72 4 6177 1400 1472
776 4738 67 2 6294 1489 1556
251 4754 71 2 6315 1490 1561
189 5526 46 2 6361 789 835
354 4850 65 3 6426 1511 1576
908 4910 77 3 6453 1466 1543
361 5666 48 4 6551 837 885
239 4961 55 3 6606 1590 1645
901 5146 55 4 6711 1510 1565
306 5151 65 3 6726 1510 1575
563 5865 37 3 6813 911 948
385 5180 72 1 6885 1633 1705
227 6013 28 3 6963 922 950
910 6054 20 4 7033 959 979
821 5337 73 4 7056 1646 1719
404 5339 59 3 7065 1667 1726
244 6153 46 4 7211 1012 1058
235 5384 73 2 7234 1777 1850
902 5411 66 4 7300 1823 1889
850 5555 56 3 7406 1795 1851
1 5663 64 2 7520 1793 1857
783 5690 60 3 7530 1780 1840
482 5723 51 4 7531 1757 1808
700 5767 52 2 7583 1764 1816
944 5852 74 4 7607 1681 1755
694 5935 68 3 7775 1772 1840
696 5958 83 3 7808 1767 1850
581 6946 35 1 7843 862 897
739 6019 56 2 7849 1774 1830
74 7031 38 3 8037 968 1006
490 6106 81 4 8068 1881 1962
431 6129 72 3 8140 1939 2011
542 6206 78 4 8318 2034 2112
744 6286 69 2 8387 2032 2101
845 6314 80 3 8567 2173 2253
530 6427 81 2 8598 2090 2171
913 6445 68 2 8766 2253 2321
175 6615 52 4 8868 2201 2253
464 6758 79 2 8897 2060 2139
418 7640 47 3 8994 1307 1354
236 6762 61 4 9005 2182 2243
378 6810 84 2 9089 2195 2279
498 7780 28 4 9217 1409 1437
15 7009 60 4 9277 2208 2268
533 7864 30 3 9357 1463 1493
485 7016 93 2 9400 2291 2384
680 7023 78 2 9478 2377 2455
693 7114 52 4 9480 2314 2366
108 7118 51 4 9481 2312 2363
792 8166 30 4 9511 1315 1345
767 8172 44 4 9555 1339 1383
211 7137 57 4 9562 2368 2425
415 7227 56 3 9618 2335 2391
14 7235 64 3 9632 2333 2397
706 7310 63 2 9645 2272 2335
531 8388 40 4 9685 1257 1297
133 7325 57 2 9692 2310 2367
70 8441 43 3 9735 1251 1294
31 8453 46 3 9781 1282 1328
811 7342 72 4 9803 2389 2461
686 8574 33 4 9936 1329 1362
314 8577 34 4 9970 1359 1393
102 7412 52 2 9972 2508 2560
182 7432 69 3 10041 2540 2609
847 7440 66 1 10057 2551 2617
798 7493 68 4 10075 2514 2582
242 7493 61 3 10086 2532 2593
217 7620 61 4 10197 2516 2577
679 7665 70 4 10317 2582 2652
447 7743 69 3 10336 2524 2593
215 9132 40 2 10376 1204 1244
760 7761 63 4 10439 2615 2678
993 7837 54 2 10443 2552 2606
104 7861 67 1 10460 2532 2599
997 7907 66 4 10626 2653 2719
64 8234 62 2 10788 2492 2554
300 8512 73 2 11061 2476 2549
515 8545 80 3 11191 2566 2646
775 9875 34 3 11225 1316 1350
765 8600 56 1 11281 2625 2681
562 10083 29 2 11360 1248 1277
631 8847 75 3 11435 2513 2588
978 8875 69 4 11454 2510 2579
218 8945 60 4 11464 2459 2519
670 8955 58 3 11472 2459 2517
287 10362 43 2 11565 1160 1203
380 9135 56 2 11571 2380 2436
492 10386 29 4 11600 1185 1214
146 9301 52 4 11652 2299 2351
899 9322 79 2 11731 2330 2409
998 9359 77 1 11758 2322 2399
797 9441 59 3 11817 2317 2376
349 10646 41 4 11858 1171 1212
832 9518 62 3 11920 2340 2402
302 10693 49 3 11969 1227 1276
956 9539 63 4 12032 2430 2493
484 9586 58 2 12040 2396 2454
307 9637 84 1 12124 2403 2487
256 9718 67 3 12141 2356 2423
62 9746 55 2 12146 2345 2400
742 9771 58 2 12154 2325 2383
771 11048 42 4 12246 1156 1198
71 9808 53 3 12249 2388 2441
904 9834 57 2 12306 2415 2472
299 9877 65 3 12321 2379 2444
652 10059 59 4 12380 2262 2321
568 11297 41 2 12421 1083 1124
477 10083 54 1 12425 2288 2342
91 10307 62 2 12637 2268 2330
73 10444 60 4 12747 2243 2303
979 10473 58 4 12755 2224 2282
82 10625 55 4 12910 2230 2285
344 11787 42 3 12952 1123 1165
828 10646 54 3 13006 2306 2360
610 10715 55 2 13061 2291 2346
827 10798 65 1 13076 2213 2278
506 12094 46 3 13222 1082 1128
327 10999 77 2 13249 2173 2250
630 11091 59 2 13258 2108 2167
222 12271 43 4 13351 1037 1080
22 11269 79 2 13380 2032 2111
791 12388 35 4 13465 1042 1077
649 11373 71 4 13536 2092 2163
658 11408 62 3 13548 2078 2140
857 12521 42 3 13640 1077 1119
912 11432 77 1 13667 2158 2235
977 11442 52 4 13669 2175 2227
101 12578 40 4 13709 1091 1131
967 11576 65 4 13774 2133 2198
162 11596 60 3 13784 2128 2188
23 11704 58 1 13842 2080 2138
273 11728 58 3 13950 2164 2222
193 12850 36 2 13986 1100 1136
688 11752 73 3 14009 2184 2257
43 11805 85 4 14044 2154 2239
118 12990 44 3 14088 1054 1098
137 11913 77 3 14115 2125 2202
511 12075 57 4 14172 2040 2097
588 13096 48 4 14220 1076 1124
521 12093 84 3 14254 2077 2161
976 12253 68 2 14422 2101 2169
284 12325 67 3 14439 2047 2114
276 13400 48 2 14487 1039 1087
499 12417 70 1 14557 2070 2140
938 12489 54 4 14611 2068 2122
951 13651 40 2 14751 1060 1100
704 12591 67 1 14768 2110 2177
633 12737 58 2 14826 2031 2089
500 13827 47 1 14923 1049 1096
208 12765 91 4 14964 2108 2199
166 13851 46 3 15010 1113 1159
365 12782 52 2 15012 2178 2230
747 13056 52 3 15064 1956 2008
524 13206 53 1 15167 1908 1961
347 13239 74 4 15191 1878 1952
103 13253 75 3 15216 1888 1963
106 14380 35 3 15251 836 871
336 14460 33 2 15334 841 874
331 13440 51 3 15385 1894 1945
607 14553 48 4 15433 832 880
651 13477 61 3 15444 1906 1967
58 13560 85 4 15529 1884 1969
576 13566 54 3 15583 1963 2017
441 13758 88 1 15671 1825 1913
392 13811 53 3 15724 1860 1913
433 14049 59 2 15883 1775 1834
128 14160 54 3 15937 1723 1777
197 15110 49 4 16086 927 976
68 14239 59 2 16095 1797 1856
402 14406 52 3 16147 1689 1741
953 14476 53 3 16300 1771 1824
456 15436 40 3 16440 964 1004
353 14572 81 2 16471 1818 1899
525 14646 73 4 16594 1875 1948
577 14703 72 3 16616 1841 1913
268 14823 56 4 16672 1793 1849
455 14840 93 4 16765 1832 1925
158 14886 59 2 16774 1829 1888
400 14932 65 1 16839 1842 1907
308 15043 79 4 16918 1796 1875
512 15887 44 4 16962 1031 1075
702 15080 60 4 16972 1832 1892
152 15956 43 4 17065 1066 1109
884 15965 40 3 17105 1100 1140
766 15088 66 2 17121 1967 2033
508 15161 55 2 17176 1960 2015
93 15284 73 3 17299 1942 2015
257 15300 73 3 17472 2099 2172
916 15309 96 3 17568 2163 2259
230 15348 52 4 17570 2170 2222
596 16344 39 2 17609 1226 1265
340 15366 73 2 17632 2193 2266
613 16377 35 4 17717 1305 1340
729 15500 90 4 17857 2267 2357
585 15529 59 4 17866 2278 2337
269 16539 32 4 17898 1327 1359
36 15590 55 3 18003 2358 2413
718 15701 71 1 18074 2302 2373
398 15800 88 3 18112 2224 2312
185 15863 56 2 18118 2199 2255
39 16872 50 1 18218 1296 1346
184 15944 70 3 18288 2274 2344
412 16078 67 3 18405 2260 2327
595 17124 32 3 18437 1281 1313
262 16130 65 1 18452 2257 2322
295 16135 74 2 18676 2467 2541
501 16155 52 4 18678 2471 2523
900 16176 74 4 18802 2552 2626
141 16193 70 4 18822 2559 2629
57 16213 80 4 18952 2659 2739
949 17548 50 4 19052 1454 1504
816 17570 43 3 19195 1582 1625
297 16356 58 3 19253 2839 2897
701 17640 31 1 19284 1613 1644
120 17656 42 2 19326 1628 1670
629 16386 51 4 19327 2890 2941
852 16420 62 3 19389 2907 2969
806 16552 77 4 19566 2937 3014
245 16598 71 4 19587 2918 2989
154 16646 74 4 19611 2891 2965
168 18117 32 4 19643 1494 1526
833 16871 73 1 19666 2722 2795
756 18174 42 3 19758 1542 1584
46 18178 41 4 19799 1580 1621
48 18192 50 4 19899 1657 1707
160 16895 79 2 19928 2954 3033
963 17038 59 1 19937 2840 2899
80 17116 57 2 19994 2821 2878
922 17187 57 3 20101 2857 2914
280 17200 94 1 20145 2851 2945
721 18534 42 1 20187 1611 1653
666 17203 64 1 20201 2934 2998
668 17210 56 3 20257 2991 3047
405 17309 75 2 20282 2898 2973
274 17315 76 3 20308 2917 2993
551 18732 20 4 20328 1576 1596
608 17448 62 3 20340 2830 2892
824 18865 49 3 20389 1475 1524
420 17457 53 3 20492 2982 3035
935 18904 50 4 20542 1588 1638
413 17539 76 3 20618 3003 3079
157 19001 43 4 20661 1617 1660
517 17550 56 3 20667 3061 3117
465 17551 63 2 20780 3166 3229
372 17593 51 3 20781 3137 3188
89 17749 61 4 20792 2982 3043
667 19383 50 2 20842 1409 1459
320 17793 93 3 20935 3049 3142
177 19403 34 3 21019 1582 1616
968 17805 75 3 21044 3164 3239
176 17892 51 4 21045 3102 3153
605 18161 55 4 21100 2884 2939
773 18191 75 2 21175 2909 2984
350 18290 73 4 21198 2835 2908
26 18378 74 4 21222 2770 2844
440 18433 58 4 21230 2739 2797
290 18555 62 1 21242 2625 2687
565 18867 54 3 21396 2475 2529
929 18871 68 3 21464 2525 2593
589 18931 62 3 21476 2483 2545
583 20653 49 4 21525 823 872
745 19062 55 3 21530 2413 2468
837 19078 57 2 21537 2402 2459
246 20772 49 3 21586 765 814
879 19384 62 1 21648 2202 2264
224 20887 28 4 21676 761 789
5 19401 66 2 21742 2275 2341
130 20966 48 4 21840 826 874
238 20979 47 3 21887 861 908
72 19615 56 4 21893 2222 2278
858 19687 56 4 21899 2156 2212
317 20219 59 3 22008 1730 1789
457 20351 61 4 22019 1607 1668
872 20352 51 4 22020 1617 1668
644 20397 75 4 22095 1623 1698
399 21508 44 4 22189 637 681
190 20792 70 3 22209 1347 1417
486 20910 59 4 22318 1349 1408
575 20952 72 4 22440 1416 1488
678 21203 64 2 22554 1287 1351
67 21220 94 2 22598 1284 1378
705 21386 66 2 22614 1162 1228
332 21408 56 4 22670 1206 1262
362 21613 69 4 22689 1007 1076
578 21616 100 2 22739 1023 1123
195 21689 62 3 22751 1000 1062
996 21715 56 4 22857 1086 1142
557 21860 59 3 22866 947 1006
794 21883 70 2 22936 983 1053
870 22536 38 3 22974 400 438
261 22022 86 2 23010 902 988
20 22354 73 2 23033 606 679
87 22781 46 4 23079 252 298
983 22356 54 3 23083 673 727
841 22475 88 1 23171 608 696
231 22966 39 3 23260 255 294
312 22862 74 4 23434 498 572
582 22884 56 4 23440 500 556
32 23256 50 4 23640 334 384
45 23033 80 4 23670 557 637
234 23040 56 3 23676 580 636
250 23079 66 3 23792 647 713
281 23430 38 1 23930 462 500
543 23193 57 3 23937 687 744
676 23478 20 4 24007 509 529
4 23202 53 2 24010 755 808
617 23515 50 3 24060 495 545
571 23539 41 4 24201 621 662
836 23221 62 4 24213 930 992
363 23329 88 3 24351 934 1022
212 23700 23 3 24374 651 674
587 23335 60 4 24434 1039 1099
597 23367 58 4 24592 1167 1225
237 23369 54 3 24596 1173 1227
520 23911 50 3 24646 685 735
19 23470 64 4 24710 1176 1240
746 23997 45 4 24755 713 758
987 23520 62 1 24817 1235 1297
110 23530 61 4 24828 1237 1298
914 24136 42 4 24870 692 734
732 23556 57 3 24927 1314 1371
782 23595 81 4 25008 1332 1413
880 24313 44 3 25152 795 839
641 24347 43 3 25245 855 898
893 23717 60 3 25255 1478 1538
131 23755 71 4 25276 1450 1521
151 23782 75 3 25301 1444 1519
891 23787 61 2 25312 1464 1525
650 24597 46 4 25408 765 811
636 23927 52 4 25460 1481 1533
403 24004 57 3 25467 1406 1463
460 24181 78 2 25595 1336 1414
277 24239 57 3 25602 1306 1363
341 24268 52 4 25654 1334 1386
111 25022 47 3 25701 632 679
186 24313 52 4 25703 1338 1390
689 24328 74 2 25777 1375 1449
305 24597 70 2 25897 1230 1300
920 25351 43 2 25940 546 589
377 25408 41 4 25981 532 573
982 24624 51 2 25982 1307 1358
474 24781 51 3 25983 1151 1202
475 24855 61 1 26044 1128 1189
225 24988 54 4 26048 1006 1060
640 25675 50 4 26098 373 423
313 25132 60 2 26108 916 976
772 25169 65 3 26123 889 954
736 25307 52 3 26125 766 818
370 25503 59 4 26234 672 731
831 26009 47 1 26331 275 322
463 26112 50 3 26481 319 369
358 26123 44 2 26525 358 402
98 25943 52 4 26527 532 584
3 25946 61 4 26588 581 642
964 26181 46 4 26634 407 453
100 26230 41 3 26775 504 545
554 26003 66 4 26791 722 788
129 26036 81 2 26822 705 786
390 26040 52 3 26824 732 784
454 26134 59 4 26983 790 849
395 26629 41 2 27074 404 445
156 26196 57 3 27081 828 885
382 26220 51 3 27082 811 862
528 26419 73 2 27205 713 786
564 26462 76 3 27231 693 769
422 26510 73 4 27254 671 744
346 26626 76 3 27330 628 704
781 26737 51 3 27331 543 594
393 26820 61 2 27342 461 522
883 27222 35 2 27477 220 255
784 26962 78 4 27555 515 593
789 27133 68 1 27573 372 440
348 27219 60 1 27583 304 364
476 27473 50 4 27633 110 160
435 27229 85 4 27668 354 439
855 27536 75 4 27793 182 257
267 27664 52 3 27845 129 181
733 27765 44 4 27939 130 174
386 27687 52 4 27941 202 254
321 27746 68 4 27959 145 213
986 27857 65 1 28024 102 167
472 28088 20 2 28108 0 20
478 28174 72 4 28246 0 72
876 28183 40 4 28286 63 103
123 28214 68 4 28404 122 190
659 28307 48 4 28452 97 145
66 28245 77 4 28529 207 284
950 28330 61 2 28590 199 260
282 28479 25 4 28615 111 136
258 28367 57 4 28672 248 305
342 28527 70 3 28742 145 215
709 28552 61 4 28753 140 201
423 28794 52 2 28846 0 52
770 28820 44 4 28890 26 70
221 28866 76 3 28966 24 100
905 28896 52 2 29018 70 122
989 29099 56 2 29155 0 56
416 29185 46 2 29231 0 46
449 29253 44 2 29297 0 44
122 29264 79 3 29376 33 112
96 29474 59 3 29533 0 59
493 29683 53 3 29736 0 53
526 29762 49 4 29811 0 49
698 29802 53 3 29864 9 62
351 29820 58 4 29922 44 102
634 29935 77 3 30012 0 77
737 29937 58 4 30070 75 133
802 30044 77 3 30147 26 103
725 30219 100 3 30319 0 100
54 30231 60 4 30379 88 148
301 30350 42 4 30521 129 171
205 30324 62 3 30533 147 209
819 30340 100 3 30683 243 343
115 30382 62 4 30695 251 313
751 30429 76 3 30721 216 292
194 30609 64 2 30885 212 276
149 30610 57 1 30892 225 282
642 30670 81 3 30923 172 253
143 30874 51 2 30974 49 100
812 30975 71 4 31046 0 71
778 31016 45 2 31141 80 125
934 30994 69 4 31160 97 166
381 31114 70 4 31230 46 116
930 31164 63 4 31293 66 129
749 31246 82 2 31475 147 229
24 31336 34 4 31509 139 173
728 31265 91 4 31550 194 285
915 31266 65 3 31565 234 299
909 31568 44 3 31612 0 44
664 31571 73 3 31685 41 114
990 31707 91 4 31798 0 91
948 31843 72 3 31915 0 72
602 31882 56 2 31971 33 89
580 31991 30 2 32021 0 30
712 32119 32 2 32151 0 32
844 32207 39 4 32246 0 39
675 32270 71 2 32341 0 71
854 32303 77 1 32418 38 115
871 32411 47 3 32465 7 54
939 32430 26 1 32541 85 111
570 32447 49 3 32590 94 143
657 32427 77 3 32617 113 190
818 32474 49 4 32666 143 192
448 32573 44 3 32710 93 137
144 32674 78 3 32788 36 114
647 32736 52 4 32840 52 104
717 32823 59 1 32899 17 76
388 33154 60 3 33214 0 60
394 33228 55 1 33283 0 55
646 33278 43 3 33326 5 48
495 33284 44 3 33370 42 86
419 33391 62 1 33453 0 62
55 33429 64 2 33517 24 88
988 33478 60 2 33627 89 149
877 33482 67 3 33644 95 162
147 33691 55 4 33746 0 55
88 33886 49 4 33935 0 49
425 33895 68 3 34003 40 108
278 34062 72 4 34134 0 72
467 34065 45 4 34179 69 114
731 34100 26 4 34205 79 105
973 34124 73 2 34328 131 204
411 34195 76 4 34354 83 159
621 34265 76 3 34480 139 215
461 34272 56 2 34536 208 264
984 34368 78 1 34564 118 196
609 34567 62 4 34629 0 62
140 34621 96 3 34725 8 104
936 34659 47 4 34822 116 163
639 34643 59 1 34831 129 188
44 34818 70 4 34901 13 83
645 35011 73 3 35084 0 73
453 35056 61 3 35145 28 89
822 35116 49 4 35244 79 128
601 35107 52 3 35246 87 139
969 35162 53 4 35349 134 187
505 35279 43 1 35392 70 113
470 35234 71 4 35413 108 179
628 35384 43 3 35506 79 122
622 35323 69 4 35525 133 202
379 35437 74 4 35849 338 412
878 35439 90 3 35939 410 500
213 35596 34 4 35973 343 377
572 35447 79 2 36002 476 555
604 35448 89 1 36041 504 593
150 35699 25 3 36066 342 367
671 35456 58 2 36074 560 618
790 35500 60 3 36084 524 584
473 35554 62 4 36096 480 542
549 35868 23 4 36119 228 251
623 35928 31 2 36150 191 222
866 35978 73 3 36273 222 295
896 36167 40 3 36313 106 146
889 36094 90 3 36353 169 259
672 36236 44 1 36397 117 161
509 36273 59 3 36506 174 233
626 36294 71 2 36527 162 233
260 36523 27 3 36554 4 31
544 36628 71 4 36699 0 71
75 36705 55 2 36760 0 55
206 36732 57 4 36817 28 85
843 36779 70 2 36887 38 108
573 36886 28 4 36965 51 79
518 36876 70 4 36985 39 109
714 37090 60 1 37150 0 60
931 37217 68 4 37285 0 68
663 37231 43 4 37378 104 147
648 37260 44 2 37422 118 162
333 37222 58 4 37430 150 208
375 37351 69 1 37549 129 198
921 37434 45 2 37594 115 160
163 37367 58 3 37752 327 385
660 37481 20 3 37772 271 291
270 37439 61 4 37883 383 444
148 37473 59 4 37892 360 419
124 37475 86 3 37928 367 453
18 37751 49 3 37977 177 226
199 37537 57 1 37984 390 447
529 37574 72 4 38006 360 432
894 37879 54 3 38160 227 281
113 38011 45 4 38205 149 194
591 37894 59 3 38364 411 470
136 38072 49 3 38413 292 341
192 37912 59 1 38422 451 510
853 38107 44 4 38466 315 359
713 38151 43 4 38559 365 408
584 38035 83 2 38592 474 557
252 38043 81 4 38623 499 580
65 38049 89 3 38712 574 663
970 38128 63 4 38775 584 647
298 38258 69 4 38844 517 586
316 38675 30 2 38874 169 199
471 38405 75 4 38899 419 494
279 38612 59 1 38908 237 296
882 38891 47 3 38955 17 64
730 39134 75 4 39209 0 75
126 39184 65 3 39274 25 90
959 39456 69 1 39525 0 69
85 39491 49 4 39574 34 83
191 39550 58 1 39632 24 82
842 39583 49 2 39681 49 98
643 39622 45 3 39726 59 104
918 39651 53 3 39779 75 128
409 39771 46 4 39825 8 54
947 39819 39 3 39864 6 45
814 39819 37 3 39901 45 82
682 39846 83 3 40084 155 238
743 39864 100 3 40234 270 370
851 39897 55 2 40239 287 342
139 39927 62 4 40301 312 374
401 39936 87 3 40338 315 402
339 40080 72 4 40510 358 430
615 40182 56 3 40516 278 334
243 40209 75 2 40591 307 382
865 40227 74 3 40615 314 388
727 40361 63 2 40628 204 267
203 40534 49 4 40677 94 143
945 40544 63 1 40840 233 296
272 40547 75 4 40865 243 318
95 40639 61 4 40876 176 237
962 40822 69 3 40945 54 123
719 41017 83 4 41100 0 83
439 41026 44 1 41194 124 168
112 41025 51 4 41195 119 170
552 41162 55 4 41250 33 88
427 41227 67 4 41317 23 90
255 41271 74 2 41391 46 120
414 41353 54 4 41495 88 142
188 41388 62 4 41507 57 119
697 41506 69 1 41576 1 70
838 41734 58 2 41792 0 58
788 41787 88 4 41880 5 93
614 42052 57 4 42109 0 57
458 42186 61 1 42247 0 61
159 42406 93 4 42499 0 93
840 42553 47 4 42600 0 47
6 42596 38 1 42688 54 92
928 42588 67 1 42705 50 117
547 42605 57 1 42762 100 157
430 42758 51 4 42813 4 55
360 43113 48 3 43161 0 48
758 43240 68 3 43308 0 68
813 43364 64 4 43428 0 64
579 43581 84 3 43665 0 84
809 43667 49 2 43716 0 49
826 43701 39 4 43805 65 104
310 43688 69 1 43824 67 136
777 43842 76 2 43918 0 76
825 43999 76 4 44075 0 76
421 44156 61 4 44217 0 61
618 44202 65 3 44282 15 80
923 44376 81 4 44457 0 81
548 44574 76 3 44650 0 76
995 44636 98 1 44748 14 112
874 44756 48 4 44804 0 48
164 44940 47 4 44987 0 47
226 45066 41 4 45107 0 41
264 45147 61 3 45208 0 61
860 45267 69 4 45336 0 69
600 45360 29 4 45389 0 29
38 45396 39 4 45435 0 39
958 45407 20 4 45455 28 48
752 45467 61 4 45528 0 61
514 45622 86 4 45708 0 86
653 45641 63 4 45771 67 130
954 45970 56 4 46026 0 56
933 45972 51 2 46077 54 105
795 46040 75 4 46152 37 112
864 46292 49 4 46341 0 49
322 46390 73 4 46463 0 73
319 46528 66 4 46594 0 66
681 46867 61 2 46928 0 61
510 46943 64 4 47007 0 64
174 47029 87 2 47116 0 87
715 47088 34 4 47250 128 162
170 47075 56 2 47256 125 181
204 47078 75 4 47281 128 203
254 47279 64 3 47345 2 66
699 47325 85 1 47430 20 105
220 47389 52 1 47482 41 93
444 47470 73 1 47555 12 85
76 47722 71 4 47793 0 71
121 47749 58 4 47951 144 202
293 47757 100 1 48001 144 244
200 47769 68 4 48069 232 300
764 47923 45 3 48164 196 241
895 47867 57 4 48171 247 304
249 47923 55 3 48176 198 253
329 48168 82 2 48308 58 140
708 48169 57 1 48315 89 146
438 48261 40 2 48455 154 194
586 48235 74 2 48479 170 244
974 48241 74 4 48503 188 262
228 48473 79 2 48632 80 159
275 48495 70 3 48652 87 157
569 48674 61 4 48735 0 61
561 48721 73 2 48808 14 87
328 48821 62 4 48883 0 62
665 48873 44 2 48927 10 54
926 48954 61 2 49015 0 61
538 49076 65 3 49141 0 65
941 49193 53 4 49246 0 53
537 49215 60 2 49306 31 91
28 49591 46 4 49637 0 46
753 49754 54 4 49808 0 54
30 49790 77 1 49885 18 95
288 49866 50 2 49985 69 119
624 49840 54 4 50039 145 199
481 49882 89 4 50078 107 196
383 50103 44 2 50147 0 44
535 50174 90 1 50264 0 90
135 50190 37 4 50301 74 111
691 50213 59 4 50410 138 197
266 50239 75 3 50535 221 296
523 50306 67 3 50552 179 246
906 50324 61 3 50563 178 239
179 50493 59 2 50672 120 179
180 50567 42 3 50714 105 147
335 50569 37 3 50751 145 182
437 50546 92 2 50843 205 297
834 50599 67 4 50860 194 261
940 50760 51 1 50961 150 201
966 50846 55 3 50966 65 120
555 51077 70 2 51147 0 70
687 51151 86 3 51237 0 86
21 51777 46 2 51823 0 46
846 51869 56 3 51925 0 56
37 51878 43 4 51968 47 90
2 52183 55 3 52238 0 55
674 52227 20 3 52258 11 31
590 52228 75 3 52383 80 155
47 52297 43 4 52476 136 179
389 52241 80 3 52556 235 315
132 52296 57 2 52563 210 267
334 52300 62 3 52575 213 275
165 52850 76 4 52926 0 76
550 52859 30 4 52956 67 97
207 52869 100 3 53056 87 187
594 52957 56 3 53112 99 155
673 53099 80 4 53242 63 143
356 53107 71 2 53263 85 156
999 53353 80 4 53433 0 80
167 53673 73 1 53746 0 73
957 53873 63 4 53936 0 63
541 53930 81 4 54017 6 87
616 54175 57 2 54232 0 57
367 54180 25 3 54257 52 77
296 54343 56 1 54399 0 56
50 54438 93 4 54531 0 93
369 54461 20 3 54601 120 140
925 54460 66 2 54667 141 207
539 54530 57 3 54674 87 144
7 54662 38 2 54762 62 100
907 54656 69 4 54781 56 125
635 54704 44 3 54825 77 121
502 54824 48 3 54873 1 49
198 54941 48 3 54989 0 48
424 55110 60 2 55170 0 60
483 55130 81 2 55251 40 121
285 55948 70 2 56018 0 70
352 56161 61 4 56222 0 61
286 56243 66 4 56309 0 66
823 56334 70 4 56404 0 70
10 56505 56 1 56561 0 56
119 56506 39 4 56600 55 94
223 56533 88 4 56688 67 155
27 56761 58 4 56819 0 58
632 56800 53 4 56872 19 72
469 56870 54 1 56926 2 56
434 56877 51 4 57027 99 150
545 56922 74 4 57051 55 129
294 57402 94 3 57496 0 94
991 57474 60 4 57556 22 82
707 57808 83 4 57891 0 83
291 57815 90 4 57981 76 166
513 58434 52 4 58486 0 52
384 58444 46 4 58532 42 88
442 58860 48 2 58908 0 48
516 58918 47 4 58965 0 47
173 58919 54 4 59019 46 100
625 59075 37 4 59112 0 37
532 59093 53 4 59165 19 72
955 59666 66 2 59732 0 66
763 59779 65 4 59844 0 65
619 59825 50 2 59944 69 119
606 59805 63 1 59957 89 152
376 59899 48 4 60005 58 106
84 59904 44 4 60049 101 145
716 60002 60 4 60109 47 107
637 60113 39 4 60152 0 39
17 60265 86 4 60351 0 86
417 60318 68 3 60419 33 101
79 60370 49 2 60468 49 98
620 60400 34 4 60552 118 152
52 60383 55 3 60607 169 224
161 60412 83 3 60640 145 228
560 60606 90 4 60730 34 124
740 60675 46 2 60776 55 101
142 60779 67 2 60846 0 67
410 61174 62 1 61236 0 62
155 61439 64 2 61503 0 64
387 61521 54 4 61575 0 54
462 61563 43 3 61668 62 105
491 61546 53 2 61671 72 125
196 61626 64 3 61785 95 159
92 61709 47 4 61832 76 123
980 61649 52 4 61834 133 185
343 61929 84 4 62013 0 84
330 61975 81 4 62094 38 119
519 62029 35 2 62129 65 100
735 62092 40 4 62219 87 127
366 62073 68 4 62237 96 164
309 62202 71 3 62358 85 156
684 62205 68 4 62376 103 171
810 62603 45 4 62648 0 45
536 62771 64 3 62835 0 64
611 62844 61 2 62905 0 61
116 62888 35 3 62940 17 52
432 62905 71 4 63011 35 106
994 62941 71 4 63182 170 241
304 62949 67 3 63199 183 250
801 63006 64 4 63213 143 207
946 63114 33 1 63246 99 132
178 63121 71 3 63367 175 246
134 63155 65 3 63432 212 277
786 63353 37 2 63469 79 116
807 63291 54 3 63523 178 232
233 63363 54 3 63527 110 164
248 63808 65 4 63873 0 65
787 63865 45 4 63918 8 53
8 63909 71 2 63989 9 80
171 64225 61 2 64286 0 61
40 64581 58 4 64639 0 58
755 64649 71 3 64720 0 71
885 65206 43 4 65249 0 43
29 65523 50 3 65573 0 50
654 65677 28 2 65705 0 28
450 65794 52 4 65846 0 52
172 65879 56 1 65935 0 56
9 65893 63 2 65998 42 105
397 65936 65 4 66063 62 127
445 66247 71 4 66318 0 71
898 66393 68 3 66461 0 68
153 66596 52 2 66648 0 52
452 66632 43 1 66691 16 59
937 66645 86 4 66777 46 132
897 66722 39 4 66816 55 94
769 66902 72 2 66974 0 72
695 66920 20 4 66994 54 74
488 67019 75 1 67094 0 75
283 67026 75 1 67169 68 143
504 67498 67 4 67565 0 67
848 67649 58 4 67707 0 58
942 67667 44 1 67751 40 84
51 67936 65 4 68001 0 65
886 68006 48 2 68054 0 48
429 68035 60 4 68114 19 79
117 68103 64 3 68178 11 75
724 68117 36 2 68214 61 97
459 68208 43 3 68307 56 99
325 68134 52 2 68309 123 175
337 68398 71 4 68469 0 71
229 68442 71 4 68540 27 98
34 68558 39 3 68597 0 39
1000 68740 77 1 68817 0 77
443 69050 57 4 69107 0 57
867 69238 52 4 69290 0 52
911 69316 66 2 69382 0 66
830 69319 44 4 69426 63 107
214 69372 39 2 69465 54 93
209 69438 56 1 69521 27 83
887 69552 51 2 69603 0 51
805 69589 65 4 69718 64 129
558 69599 84 3 69752 69 153
796 69769 69 2 69838 0 69
406 70363 58 2 70421 0 58
553 70784 54 4 70838 0 54
720 71011 71 3 71082 0 71
63 71087 54 3 71141 0 54
574 71157 20 4 71177 0 20
497 71167 50 4 71227 10 60
187 71373 65 4 71438 0 65
25 71753 57 4 71810 0 57
315 71788 68 2 71878 22 90
981 72156 38 4 72194 0 38
881 72635 56 3 72691 0 56
49 72991 72 3 73063 0 72
662 73371 55 2 73426 0 55
468 73473 43 1 73516 0 43
125 73511 53 3 73569 5 58
345 73711 54 1 73765 0 54
972 73967 79 4 74046 0 79
534 74063 61 4 74124 0 61
487 74130 65 4 74195 0 65
960 74286 76 4 74362 0 76
917 74543 65 2 74608 0 65
869 74865 60 1 74925 0 60
145 75058 65 3 75123 0 65
408 75072 53 2 75326 201 254
428 75072 61 4 75337 204 265
466 75086 92 4 75379 201 293
734 75097 65 3 75394 232 297
357 75534 49 2 75583 0 49
373 75543 57 3 75640 40 97
436 75820 78 1 75898 0 78
677 75919 59 4 75978 0 59
265 75942 82 2 76110 86 168
768 75973 59 2 76119 87 146
761 76090 39 2 76158 29 68
289 76476 45 4 76521 0 45
627 76703 55 1 76758 0 55
971 76738 90 2 76848 20 110
762 76850 51 4 76901 0 51
86 77190 41 3 77231 0 41
873 77533 81 2 77614 0 81
661 77597 95 4 77709 17 112
181 78076 49 2 78125 0 49
726 78148 89 4 78237 0 89
559 78175 92 4 78329 62 154
817 78350 75 3 78425 0 75
114 78410 83 2 78508 15 98
396 78524 74 3 78598 0 74
109 78594 38 4 78636 4 42
750 78995 56 4 79051 0 56
780 79182 69 2 79251 0 69
612 79511 58 1 79569 0 58
263 79886 69 3 79955 0 69
793 80062 73 4 80135 0 73
738 80195 58 4 80253 0 58
78 80560 84 3 80644 0 84
924 80869 99 3 80968 0 99
11 80975 43 3 81018 0 43
318 81027 59 3 81086 0 59
53 81326 55 4 81381 0 55
861 81545 71 3 81616 0 71
311 81876 71 2 81947 0 71
391 81938 71 4 82018 9 80
839 82496 58 4 82554 0 58
451 82516 40 3 82594 38 78
338 83331 72 4 83403 0 72
426 83793 84 4 83877 0 84
324 83816 59 1 83936 61 120
323 84028 65 3 84093 0 65
820 84131 44 4 84175 0 44
42 84249 50 4 84299 0 50
210 84362 62 4 84424 0 62
371 84518 27 1 84545 0 27
723 84633 59 3 84692 0 59
690 85111 54 4 85165 0 54
903 85169 66 4 85235 0 66
105 85547 75 3 85622 0 75
741 85880 87 2 85967 0 87
638 86303 58 4 86361 0 58
656 86915 54 4 86969 0 54
835 86955 73 3 87042 14 87
527 87351 58 2 87409 0 58
685 87933 79 3 88012 0 79
56 88120 66 1 88186 0 66
774 88786 60 3 88846 0 60
927 89116 54 4 89170 0 54
711 90498 73 3 90571 0 73
703 91461 50 1 91511 0 50
253 91823 74 4 91897 0 74
41 92267 82 3 92349 0 82
829 93306 61 2 93367 0 61
83 93644 57 3 93701 0 57
216 94867 48 4 94915 0 48
107 95852 62 2 95914 0 62
12 96339 57 3 96396 0 57
