98320 1000 116 70
255 69 23 1 92 0 23
208 233 34 4 267 0 34
957 270 25 1 295 0 25
817 273 59 2 355 23 82
582 274 32 3 387 81 113
153 281 44 2 431 106 150
699 358 25 1 457 74 99
207 409 36 3 493 48 84
203 447 57 4 551 47 104
168 515 55 3 607 37 92
761 536 28 4 635 71 99
145 557 57 1 693 79 136
374 567 50 3 743 126 176
307 631 70 4 813 112 182
486 719 73 4 887 95 168
679 829 46 4 934 59 105
101 837 24 3 958 97 121
969 866 55 2 1013 92 147
44 909 53 4 1067 105 158
378 943 21 4 1088 124 145
792 1048 56 2 1145 41 97
337 1054 35 4 1180 91 126
706 1142 44 1 1225 39 83
64 1167 53 3 1278 58 111
932 1221 76 4 1355 58 134
49 1323 64 3 1420 33 97
575 1485 64 4 1549 0 64
114 1488 48 2 1598 62 110
108 1523 27 4 1625 75 102
745 1552 21 3 1647 74 95
926 1604 24 4 1671 43 67
879 1616 37 2 1708 55 92
272 1654 50 3 1759 55 105
522 1656 42 4 1801 103 145
512 1677 37 2 1838 124 161
738 1737 37 4 1876 102 139
615 1809 46 4 1922 67 113
515 1829 25 1 1947 93 118
386 1838 32 1 1979 109 141
295 1875 79 2 2059 105 184
54 1977 23 4 2082 82 105
477 1993 58 4 2141 90 148
832 2125 50 2 2192 17 67
232 2236 65 4 2301 0 65
947 2257 63 3 2365 45 108
591 2273 57 1 2422 92 149
87 2326 60 3 2483 97 157
354 2359 24 3 2507 124 148
762 2377 43 2 2550 130 173
542 2399 24 2 2574 151 175
728 2424 40 4 2615 151 191
858 2444 31 4 2646 171 202
636 2471 32 3 2678 175 207
391 2485 39 4 2717 193 232
485 2511 36 3 2753 206 242
514 2517 60 4 2813 236 296
912 2657 51 1 2865 157 208
388 2664 73 4 2938 201 274
958 2678 29 1 2967 260 289
711 2681 69 2 3036 286 355
965 2798 22 3 3058 238 260
751 2820 24 1 3083 239 263
468 2824 22 1 3105 259 281
330 2852 38 4 3143 253 291
80 2885 57 2 3200 258 315
629 2967 39 4 3239 233 272
400 3024 28 3 3267 215 243
100 3045 52 4 3319 222 274
835 3098 31 4 3351 222 253
749 3106 43 4 3394 245 288
430 3113 24 2 3418 281 305
446 3114 30 4 3448 304 334
284 3128 74 3 3522 320 394
733 3156 76 1 3598 366 442
273 3246 37 4 3635 352 389
628 3260 41 4 3676 375 416
171 3269 57 3 3733 407 464
62 3389 32 2 3766 345 377
395 3479 32 4 3798 287 319
693 3504 31 2 3829 294 325
893 3521 83 4 3912 308 391
52 3600 51 4 3963 312 363
33 3626 37 2 4000 337 374
426 3798 43 1 4044 203 246
56 3803 59 4 4103 241 300
596 3813 36 4 4139 290 326
236 3843 68 4 4207 296 364
644 3956 81 3 4288 251 332
259 3974 74 3 4362 314 388
780 3987 44 4 4406 375 419
867 4002 64 2 4471 405 469
427 4040 24 2 4495 431 455
230 4072 60 4 4555 423 483
600 4118 54 3 4609 437 491
777 4143 70 4 4679 466 536
833 4150 46 3 4725 529 575
398 4179 26 4 4751 546 572
469 4274 45 3 4796 477 522
45 4331 61 4 4857 465 526
271 4343 62 4 4919 514 576
741 4415 34 4 4954 505 539
373 4421 37 4 4991 533 570
877 4446 43 3 5034 545 588
439 4468 47 3 5081 566 613
90 4517 73 2 5154 564 637
195 4525 43 3 5197 629 672
414 4547 34 2 5231 650 684
666 4585 51 2 5282 646 697
765 4591 29 3 5311 691 720
766 4612 54 2 5365 699 753
329 4713 29 3 5394 652 681
1000 4736 22 4 5416 658 680
444 4751 34 4 5450 665 699
312 4847 31 3 5481 603 634
927 4862 31 3 5512 619 650
249 4961 33 2 5546 552 585
296 4987 29 4 5575 559 588
76 5003 23 4 5598 572 595
538 5074 50 4 5648 524 574
19 5135 87 2 5735 513 600
55 5159 40 3 5775 576 616
393 5166 21 3 5796 609 630
603 5289 68 3 5864 507 575
94 5352 41 3 5905 512 553
170 5374 25 3 5930 531 556
466 5405 64 4 5994 525 589
790 5501 55 1 6049 493 548
794 5619 21 2 6071 431 452
527 5761 40 3 6111 310 350
574 5885 64 4 6175 226 290
840 5887 66 2 6241 288 354
109 5923 32 2 6273 318 350
420 6039 38 3 6311 234 272
503 6149 42 3 6354 163 205
277 6176 46 3 6400 178 224
544 6306 24 4 6424 94 118
422 6326 52 3 6477 99 151
35 6335 33 4 6510 142 175
866 6432 49 1 6560 79 128
132 6500 30 1 6590 60 90
334 6541 36 4 6627 50 86
799 6620 30 2 6658 8 38
327 6803 78 2 6881 0 78
125 6960 21 4 6981 0 21
266 6964 28 4 7010 18 46
989 6969 55 4 7065 41 96
458 7010 44 4 7110 56 100
793 7039 43 3 7153 71 114
223 7072 36 3 7190 82 118
789 7137 28 1 7218 53 81
358 7203 35 4 7254 16 51
340 7222 34 4 7289 33 67
501 7311 79 2 7390 0 79
402 7314 67 4 7458 77 144
120 7330 59 3 7517 128 187
838 7454 21 3 7539 64 85
616 7682 32 3 7714 0 32
384 7770 71 3 7841 0 71
924 7771 38 2 7880 71 109
567 7836 47 4 7927 44 91
128 7876 48 3 7976 52 100
519 7910 97 4 8073 66 163
6 7955 66 3 8140 119 185
907 7962 53 4 8193 178 231
752 7962 52 2 8245 231 283
436 8157 53 3 8299 89 142
473 8163 53 3 8352 136 189
730 8270 45 3 8398 83 128
570 8278 77 4 8475 120 197
166 8317 23 4 8498 158 181
946 8324 22 4 8520 174 196
613 8326 21 4 8541 194 215
438 8352 39 4 8580 189 228
676 8384 20 2 8601 197 217
539 8432 21 1 8622 169 190
156 8468 24 4 8646 154 178
97 8602 51 1 8698 45 96
599 8706 57 3 8763 0 57
855 8750 86 4 8850 14 100
531 8786 23 3 8874 65 88
48 8830 33 4 8907 44 77
26 8835 21 4 8928 72 93
923 8856 24 4 8953 73 97
829 8872 29 3 8982 81 110
658 9138 31 4 9169 0 31
165 9227 29 2 9256 0 29
662 9242 22 4 9279 15 37
622 9357 67 4 9424 0 67
656 9472 71 3 9543 0 71
463 9497 29 3 9573 47 76
28 9784 35 2 9819 0 35
880 9899 43 1 9942 0 43
895 9988 68 4 10056 0 68
196 10235 55 2 10290 0 55
14 10238 50 4 10341 53 103
36 10324 51 2 10393 18 69
823 10520 31 3 10551 0 31
982 10543 75 1 10627 9 84
684 10571 90 3 10718 57 147
694 10586 73 4 10791 132 205
825 10619 91 2 10882 172 263
624 10661 74 2 10957 222 296
925 10760 24 3 10981 197 221
690 10924 88 3 11070 58 146
169 10993 29 4 11100 78 107
548 11023 63 2 11163 77 140
253 11159 33 4 11197 5 38
348 11229 42 4 11271 0 42
60 11277 45 4 11322 0 45
13 11296 73 3 11396 27 100
344 11302 23 3 11419 94 117
99 11317 34 3 11453 102 136
214 11333 26 4 11480 121 147
901 11369 37 3 11517 111 148
980 11495 22 4 11540 23 45
962 11649 21 4 11670 0 21
285 11690 26 4 11716 0 26
859 11816 42 2 11858 0 42
287 11826 43 1 11902 33 76
865 11845 87 3 11989 57 144
572 11909 43 4 12033 81 124
769 11923 62 2 12095 110 172
585 11960 21 4 12116 135 156
904 12015 35 2 12152 102 137
579 12068 54 3 12206 84 138
819 12252 23 4 12275 0 23
210 12268 62 2 12338 8 70
417 12281 26 1 12365 58 84
98 12338 87 4 12452 27 114
954 12368 77 4 12530 85 162
107 12444 64 4 12594 86 150
12 12476 91 4 12686 119 210
103 12488 74 4 12760 198 272
112 12491 30 4 12790 269 299
634 12500 35 1 12825 290 325
474 12600 47 3 12873 226 273
498 12755 26 3 12899 118 144
359 12815 45 3 12944 84 129
451 12936 23 4 12968 9 32
79 13025 41 1 13066 0 41
241 13030 44 3 13111 37 81
381 13078 57 4 13169 34 91
353 13238 35 4 13273 0 35
731 13281 27 1 13308 0 27
546 13357 31 2 13388 0 31
302 13372 33 3 13422 17 50
433 13377 20 3 13442 45 65
122 13391 87 2 13530 52 139
68 13468 39 3 13570 63 102
633 13516 29 4 13599 54 83
183 13519 23 4 13622 80 103
559 13535 30 1 13653 88 118
305 13604 49 2 13702 49 98
740 13632 81 4 13784 71 152
276 13661 73 3 13857 123 196
449 13843 43 4 13901 15 58
956 13904 38 2 13942 0 38
240 13917 50 3 13993 26 76
664 13925 64 1 14057 68 132
265 13949 74 1 14132 109 183
452 14014 48 4 14180 118 166
16 14097 34 4 14215 84 118
364 14129 43 2 14258 86 129
717 14155 37 1 14295 103 140
82 14289 30 1 14326 7 37
500 14298 32 2 14359 29 61
964 14301 22 3 14381 58 80
898 14357 62 2 14444 25 87
888 14372 32 4 14476 72 104
118 14447 24 2 14501 30 54
568 14568 21 4 14589 0 21
489 14611 78 4 14689 0 78
263 14630 49 3 14739 60 109
447 14856 78 3 14934 0 78
21 14896 41 1 14976 39 80
135 15070 55 3 15125 0 55
162 15144 51 2 15195 0 51
309 15185 44 2 15240 11 55
723 15196 67 4 15307 44 111
389 15248 30 4 15338 60 90
883 15254 39 4 15377 84 123
533 15326 22 3 15400 52 74
597 15443 69 1 15512 0 69
999 15444 43 4 15556 69 112
129 15494 45 2 15601 62 107
172 15546 35 4 15637 56 91
53 15620 47 3 15685 18 65
715 15644 46 3 15732 42 88
164 15677 20 4 15752 55 75
136 15788 74 4 15862 0 74
280 15826 55 3 15918 37 92
750 16046 53 4 16099 0 53
193 16080 22 4 16122 20 42
902 16153 58 4 16211 0 58
401 16209 81 3 16293 3 84
155 16318 34 4 16352 0 34
148 16534 46 3 16580 0 46
812 16535 21 3 16602 46 67
670 16699 45 3 16744 0 45
59 16754 29 4 16783 0 29
612 16793 47 4 16840 0 47
261 16797 21 3 16862 44 65
635 16798 35 3 16897 64 99
513 16886 50 4 16948 12 62
995 17064 22 4 17086 0 22
269 17185 43 3 17228 0 43
495 17306 76 3 17382 0 76
184 17339 58 4 17441 44 102
442 17397 97 3 17539 45 142
937 17547 40 4 17587 0 40
178 17642 30 3 17672 0 30
646 17664 71 2 17744 9 80
289 17785 27 4 17812 0 27
716 18023 25 1 18048 0 25
478 18179 49 1 18228 0 49
800 18234 83 3 18317 0 83
92 18238 37 4 18355 80 117
894 18241 53 4 18408 114 167
983 18244 38 4 18446 164 202
714 18358 29 4 18476 89 118
455 18394 48 3 18524 82 130
856 18432 67 3 18591 92 159
91 18460 60 2 18652 132 192
493 18461 37 2 18689 191 228
227 18516 74 4 18763 173 247
729 18537 21 4 18784 226 247
580 18546 85 3 18869 238 323
772 18590 35 1 18904 279 314
499 18675 32 4 18937 230 262
418 18682 42 4 18979 255 297
566 18833 50 3 19029 146 196
18 18849 55 3 19084 180 235
857 18863 64 1 19148 221 285
217 18874 63 1 19211 274 337
220 19076 40 4 19252 136 176
197 19174 31 4 19283 78 109
311 19362 26 4 19388 0 26
760 19426 43 2 19469 0 43
78 19664 29 4 19693 0 29
618 19670 64 4 19758 24 88
782 19673 80 4 19838 85 165
177 19691 35 2 19873 147 182
534 19694 64 2 19937 179 243
366 19746 62 4 20000 192 254
594 19957 22 1 20023 44 66
945 20074 82 3 20156 0 82
696 20115 20 3 20177 42 62
471 20171 59 1 20237 7 66
973 20209 63 4 20301 29 92
222 20258 63 3 20365 44 107
975 20260 52 3 20417 105 157
111 20323 74 3 20492 95 169
352 20361 43 1 20535 131 174
659 20658 74 3 20732 0 74
144 20722 24 4 20757 11 35
985 20728 40 3 20797 29 69
69 20782 36 4 20834 16 52
968 20795 26 4 20860 39 65
620 20965 46 4 21011 0 46
341 20993 48 4 21060 19 67
25 21030 47 3 21108 31 78
933 21100 31 2 21140 9 40
663 21151 35 2 21186 0 35
149 21171 75 2 21262 16 91
654 21181 44 4 21306 81 125
669 21183 29 2 21335 123 152
454 21186 75 4 21410 149 224
875 21211 72 3 21483 200 272
722 21240 31 4 21514 243 274
377 21255 34 2 21548 259 293
318 21262 82 2 21630 286 368
942 21460 81 3 21712 171 252
83 21521 41 2 21753 191 232
262 21524 46 2 21799 229 275
320 21610 66 4 21865 189 255
435 21635 25 4 21891 231 256
803 21682 39 4 21930 209 248
583 21687 26 4 21956 243 269
692 21739 80 2 22036 217 297
369 22030 62 2 22099 7 69
32 22030 37 4 22136 69 106
951 22108 46 4 22183 29 75
2 22132 24 2 22207 51 75
668 22147 40 1 22248 61 101
464 22167 26 4 22274 81 107
274 22355 31 2 22386 0 31
382 22420 41 3 22461 0 41
917 22499 32 3 22531 0 32
943 22561 66 4 22627 0 66
661 22701 49 4 22750 0 49
704 22732 48 3 22799 19 67
306 22773 37 2 22837 27 64
528 22953 38 1 22991 0 38
351 23226 22 4 23248 0 22
963 23296 48 3 23344 0 48
569 23319 70 4 23415 26 96
368 23341 24 3 23439 74 98
930 23347 39 2 23479 93 132
383 23360 25 4 23504 119 144
437 23393 63 3 23567 111 174
58 23398 41 2 23608 169 210
205 23404 47 4 23655 204 251
744 23408 39 3 23694 247 286
671 23526 29 2 23724 169 198
411 23672 34 2 23758 52 86
219 23701 54 2 23813 58 112
678 23815 78 4 23893 0 78
949 23903 59 2 23962 0 59
641 23999 36 4 24035 0 36
194 24045 27 3 24072 0 27
934 24075 49 2 24124 0 49
476 24156 41 4 24197 0 41
681 24162 64 1 24262 36 100
675 24180 58 4 24320 82 140
27 24186 46 4 24366 134 180
607 24269 40 4 24407 98 138
480 24269 39 2 24446 138 177
630 24280 27 2 24473 166 193
260 24280 61 1 24534 193 254
140 24321 47 3 24581 213 260
336 24519 66 4 24648 63 129
688 24537 23 3 24671 111 134
8 24581 62 4 24733 90 152
806 24617 22 2 24756 117 139
550 24657 50 4 24806 99 149
944 24821 39 4 24860 0 39
290 24946 28 2 24974 0 28
376 24959 43 3 25018 16 59
720 24990 26 3 25045 29 55
710 24999 76 1 25121 46 122
441 25059 40 4 25162 63 103
719 25110 24 4 25186 52 76
850 25137 92 2 25279 50 142
940 25307 78 4 25385 0 78
992 25392 62 3 25454 0 62
421 25413 32 4 25487 42 74
188 25492 23 3 25515 0 23
175 25511 24 2 25540 5 29
286 25552 27 4 25579 0 27
127 25560 69 4 25649 20 89
928 25595 39 4 25689 55 94
1 25739 28 4 25767 0 28
708 25790 72 3 25862 0 72
235 25802 64 2 25927 61 125
234 25948 62 3 26010 0 62
914 25961 67 2 26078 50 117
365 26032 55 4 26134 47 102
915 26077 77 4 26211 57 134
604 26255 21 2 26276 0 21
115 26262 43 4 26320 15 58
779 26327 75 4 26402 0 75
511 26332 39 3 26442 71 110
742 26667 35 4 26702 0 35
106 26690 47 3 26750 13 60
882 26745 23 4 26774 6 29
504 26809 30 2 26839 0 30
758 26854 66 4 26920 0 66
20 26938 74 1 27012 0 74
431 27004 40 3 27053 9 49
404 27007 38 4 27091 46 84
826 27057 24 4 27116 35 59
589 27062 37 2 27153 54 91
63 27075 34 1 27187 78 112
518 27089 22 3 27209 98 120
268 27153 60 1 27270 57 117
640 27229 50 3 27321 42 92
267 27279 39 4 27361 43 82
959 27295 21 1 27382 66 87
913 27342 22 4 27405 41 63
778 27357 77 2 27482 48 125
57 27511 29 3 27540 0 29
467 27560 27 2 27587 0 27
848 27631 32 3 27663 0 32
40 27706 33 3 27739 0 33
110 27742 24 4 27766 0 24
152 27945 23 1 27968 0 23
258 28035 20 3 28055 0 20
626 28101 63 3 28164 0 63
972 28194 26 4 28220 0 26
167 28302 29 4 28331 0 29
701 28332 49 4 28381 0 49
313 28376 39 3 28421 6 45
228 28489 63 3 28552 0 63
921 28519 82 4 28635 34 116
508 28599 72 3 28708 37 109
291 28608 30 3 28738 100 130
323 28943 43 3 28986 0 43
625 29054 32 4 29086 0 32
275 29055 36 4 29123 32 68
10 29083 53 4 29176 40 93
820 29115 20 4 29197 62 82
95 29136 73 1 29270 61 134
324 29172 59 1 29329 98 157
520 29200 62 1 29392 130 192
300 29202 23 3 29415 190 213
201 29302 33 3 29448 113 146
610 29333 50 2 29499 116 166
739 29378 28 4 29527 121 149
346 29411 43 3 29570 116 159
189 29416 57 3 29627 154 211
608 29454 56 3 29684 174 230
316 29460 51 3 29735 224 275
709 29514 62 3 29797 221 283
322 29809 23 4 29832 0 23
294 29843 39 4 29882 0 39
42 29860 80 3 29963 23 103
549 30230 21 3 30251 0 21
332 30239 33 1 30285 13 46
609 30295 71 4 30366 0 71
781 30559 21 3 30580 0 21
869 30653 28 4 30681 0 28
906 30779 43 3 30822 0 43
3 30891 45 4 30936 0 45
753 31019 83 4 31102 0 83
123 31091 36 4 31139 12 48
179 31115 62 4 31202 25 87
479 31196 59 3 31262 7 66
158 31219 32 4 31295 44 76
502 31289 63 3 31359 7 70
198 31478 56 2 31534 0 56
621 31530 48 1 31583 5 53
424 31618 66 1 31684 0 66
392 31688 44 4 31732 0 44
541 31909 42 3 31951 0 42
756 32038 65 4 32103 0 65
910 32046 43 1 32147 58 101
243 32057 66 4 32213 90 156
104 32140 59 4 32273 74 133
863 32181 29 3 32302 92 121
413 32232 46 2 32349 71 117
147 32407 47 1 32454 0 47
71 32548 72 2 32620 0 72
226 32668 22 3 32690 0 22
876 32808 78 2 32886 0 78
556 32892 61 3 32953 0 61
638 33018 56 3 33074 0 56
224 33065 61 1 33136 10 71
7 33228 73 1 33301 0 73
617 33264 26 1 33328 38 64
361 33310 27 4 33356 19 46
347 33412 67 1 33479 0 67
571 33514 81 3 33595 0 81
448 33577 34 4 33630 19 53
563 33721 51 4 33772 0 51
428 33756 73 1 33846 17 90
481 33945 51 1 33996 0 51
873 33989 91 3 34088 8 99
113 34077 42 2 34131 12 54
734 34181 56 1 34237 0 56
288 34246 66 3 34312 0 66
423 34386 50 4 34436 0 50
482 34395 50 4 34487 42 92
815 34553 43 4 34596 0 43
804 34568 74 1 34671 29 103
686 34803 30 4 34833 0 30
517 34860 30 3 34890 0 30
375 35092 25 3 35117 0 25
990 35124 26 4 35150 0 26
185 35125 25 2 35176 26 51
860 35145 31 1 35207 31 62
899 35180 27 1 35235 28 55
239 35200 66 2 35301 35 101
573 35206 44 3 35345 95 139
700 35278 21 4 35367 68 89
845 35310 49 4 35416 57 106
960 35328 50 4 35466 88 138
11 35363 40 4 35507 104 144
460 35388 33 1 35540 119 152
292 35732 33 4 35765 0 33
233 35908 38 3 35946 0 38
23 36258 26 4 36284 0 26
242 36489 37 4 36526 0 37
974 36782 38 1 36820 0 38
335 36974 68 3 37042 0 68
770 37050 52 4 37102 0 52
491 37217 52 4 37269 0 52
299 37282 32 2 37314 0 32
181 37302 37 4 37352 13 50
530 37345 39 1 37392 8 47
796 37447 51 3 37498 0 51
74 37586 89 3 37675 0 89
191 37793 52 4 37845 0 52
279 37872 47 3 37919 0 47
645 37941 69 4 38010 0 69
979 38010 27 3 38038 1 28
415 38137 86 3 38223 0 86
246 38230 31 4 38261 0 31
619 38245 58 3 38320 17 75
326 38323 21 4 38344 0 21
331 38565 58 1 38623 0 58
642 38823 56 2 38879 0 56
407 38846 35 3 38915 34 69
864 38967 53 2 39020 0 53
221 39078 27 2 39105 0 27
29 39125 27 3 39152 0 27
524 39176 30 4 39206 0 30
774 39333 66 3 39399 0 66
843 39416 48 3 39464 0 48
85 39503 41 3 39544 0 41
687 39547 50 3 39597 0 50
397 39573 24 1 39622 25 49
39 39830 22 2 39852 0 22
416 39838 70 2 39923 15 85
768 39842 32 4 39955 81 113
881 39872 42 2 39998 84 126
601 39972 41 4 40040 27 68
367 39982 28 4 40068 58 86
545 39987 80 4 40148 81 161
174 40042 22 3 40171 107 129
587 40130 38 3 40209 41 79
141 40139 41 2 40250 70 111
211 40225 83 2 40334 26 109
916 40253 32 3 40367 82 114
598 40325 58 4 40425 42 100
737 40372 24 3 40450 54 78
785 40429 77 3 40528 22 99
606 40448 26 1 40554 80 106
695 40451 44 2 40598 103 147
724 40476 52 2 40651 123 175
31 40562 50 2 40701 89 139
338 40755 69 2 40824 0 69
540 40799 39 3 40864 26 65
317 40818 68 3 40932 46 114
475 40853 22 3 40955 80 102
30 40974 39 2 41013 0 39
150 41280 44 3 41324 0 44
814 41282 42 4 41367 43 85
298 41350 54 2 41422 18 72
496 41446 57 2 41503 0 57
505 41467 65 4 41569 37 102
182 41526 35 4 41605 44 79
967 41551 45 4 41650 54 99
160 41674 47 4 41721 0 47
488 41771 31 4 41802 0 31
987 41831 76 4 41907 0 76
813 41849 37 3 41945 59 96
824 41858 37 3 41982 87 124
532 41963 35 1 42018 20 55
51 42006 30 2 42049 13 43
931 42008 53 2 42102 41 94
849 42106 35 4 42141 0 35
215 42150 41 4 42191 0 41
440 42224 35 3 42259 0 35
547 42257 70 3 42330 3 73
525 42272 71 3 42402 59 130
456 42300 35 4 42437 102 137
726 42459 51 3 42510 0 51
176 42584 38 4 42622 0 38
886 42716 43 4 42759 0 43
577 42846 29 3 42875 0 29
173 42892 47 2 42939 0 47
425 42970 23 3 42993 0 23
988 43067 28 2 43095 0 28
146 43207 32 4 43239 0 32
578 43209 34 4 43274 31 65
385 43484 55 3 43539 0 55
34 43770 51 2 43821 0 51
315 43846 22 3 43868 0 22
878 43879 69 3 43948 0 69
24 43904 63 2 44012 45 108
795 43914 52 2 44064 98 150
897 44133 37 2 44170 0 37
576 44203 27 3 44230 0 27
206 44256 36 2 44292 0 36
748 44433 44 3 44477 0 44
851 44515 77 4 44592 0 77
434 44539 27 3 44620 54 81
754 44592 58 2 44678 28 86
647 44654 22 3 44701 25 47
834 44706 21 3 44727 0 21
595 44795 67 3 44862 0 67
564 44801 73 2 44936 62 135
84 44896 38 1 44975 41 79
387 44911 40 3 45015 64 104
9 44933 45 3 45060 82 127
77 44944 42 3 45103 117 159
65 45033 52 4 45155 70 122
408 45108 30 3 45186 48 78
637 45220 94 2 45314 0 94
301 45221 38 3 45353 94 132
213 45388 77 3 45465 0 77
872 45461 57 4 45523 5 62
310 45461 26 1 45549 62 88
154 45489 25 4 45575 61 86
653 45529 51 3 45626 46 97
891 45713 28 4 45741 0 28
557 46017 85 2 46102 0 85
952 46119 42 4 46161 0 42
870 46127 38 4 46200 35 73
712 46134 56 4 46256 66 122
270 46194 23 4 46280 63 86
264 46220 93 4 46373 60 153
238 46493 45 4 46538 0 45
88 46512 63 3 46602 27 90
360 46615 64 3 46679 0 64
282 46662 40 4 46720 18 58
773 46840 34 4 46874 0 34
703 46855 54 1 46929 20 74
134 46925 58 1 46988 5 63
896 46940 47 4 47036 49 96
984 47166 34 1 47200 0 34
186 47215 79 3 47294 0 79
443 47233 75 3 47370 62 137
786 47300 26 3 47397 71 97
218 47506 22 3 47528 0 22
764 47634 82 4 47716 0 82
920 47671 33 3 47750 46 79
204 47709 60 4 47810 41 101
229 47821 31 4 47852 0 31
743 47854 48 1 47902 0 48
362 47858 41 4 47944 45 86
319 47947 27 2 47974 0 27
905 48184 85 3 48269 0 85
776 48292 79 4 48371 0 79
890 48428 23 3 48451 0 23
225 48510 57 4 48567 0 57
677 48594 23 2 48617 0 23
202 48607 24 4 48642 11 35
788 48663 53 3 48716 0 53
811 48732 98 4 48830 0 98
47 48856 73 3 48929 0 73
5 48967 21 4 48988 0 21
955 49072 20 3 49092 0 20
643 49074 41 3 49134 19 60
650 49089 46 2 49180 45 91
465 49096 49 3 49230 85 134
535 49177 32 4 49262 53 85
683 49223 42 4 49305 40 82
632 49386 50 4 49436 0 50
137 49413 29 1 49466 24 53
938 49478 24 4 49502 0 24
698 49604 30 4 49634 0 30
130 49621 42 4 49677 14 56
529 49778 79 3 49857 0 79
248 49860 36 4 49896 0 36
911 49904 65 4 49969 0 65
143 50015 52 4 50067 0 52
405 50168 72 2 50240 0 72
81 50191 69 1 50310 50 119
808 50236 90 3 50400 74 164
827 50268 28 4 50429 133 161
523 50363 48 2 50477 66 114
680 50402 65 3 50543 76 141
124 50535 47 4 50591 9 56
303 50635 33 3 50668 0 33
257 50720 69 4 50789 0 69
66 50742 81 4 50871 48 129
836 50747 33 4 50904 124 157
981 50774 31 3 50935 130 161
757 50884 81 3 51017 52 133
665 51266 31 2 51297 0 31
4 51293 52 2 51350 5 57
561 51299 63 4 51414 52 115
50 51300 66 4 51480 114 180
611 51356 55 1 51536 125 180
492 51387 22 2 51558 149 171
256 51683 38 3 51721 0 38
900 51775 24 2 51799 0 24
842 51798 34 2 51834 2 36
131 51982 66 3 52048 0 66
581 51986 46 4 52095 63 109
552 52008 50 3 52145 87 137
672 52187 79 4 52266 0 79
43 52230 77 4 52344 37 114
592 52272 70 3 52415 73 143
590 52454 53 4 52507 0 53
887 52463 51 2 52559 45 96
667 52638 24 1 52662 0 24
526 52748 24 4 52772 0 24
553 52757 21 3 52794 16 37
151 52832 53 3 52885 0 53
816 53084 57 4 53141 0 57
844 53233 69 4 53302 0 69
759 53283 22 4 53325 20 42
705 53375 49 2 53424 0 49
649 53427 69 2 53496 0 69
308 53564 87 4 53651 0 87
551 53596 53 3 53705 56 109
157 53737 43 4 53780 0 43
231 53751 56 2 53837 30 86
586 53894 54 4 53948 0 54
396 54059 43 2 54102 0 43
41 54209 35 4 54244 0 35
371 54229 26 3 54271 16 42
736 54448 55 4 54503 0 55
370 54523 62 1 54585 0 62
936 54536 49 4 54635 50 99
117 54624 32 3 54668 12 44
237 54688 30 3 54718 0 30
685 55006 33 4 55039 0 33
61 55204 76 4 55280 0 76
487 55257 39 4 55320 24 63
903 55320 49 3 55370 1 50
763 55402 28 3 55430 0 28
349 55429 83 4 55514 2 85
721 55437 22 2 55537 78 100
506 55527 53 4 55591 11 64
735 55553 66 3 55658 39 105
655 55747 23 1 55770 0 23
560 56132 38 3 56170 0 38
461 56619 37 4 56656 0 37
403 56825 27 4 56852 0 27
702 56897 63 1 56960 0 63
831 57137 53 2 57190 0 53
254 57182 62 2 57253 9 71
457 57281 25 4 57306 0 25
727 57282 74 2 57381 25 99
689 57440 49 4 57489 0 49
345 57575 46 4 57621 0 46
159 57662 40 4 57702 0 40
163 57669 44 3 57747 34 78
459 57933 45 4 57978 0 45
588 58081 62 1 58143 0 62
892 58168 56 3 58224 0 56
996 58213 25 4 58250 12 37
839 58369 50 4 58419 0 50
470 58533 68 2 58601 0 68
885 58585 26 4 58628 17 43
96 58670 35 3 58705 0 35
784 58686 33 4 58739 20 53
209 58734 89 4 58829 6 95
37 58749 48 4 58878 81 129
409 58903 37 2 58940 0 37
854 59043 86 3 59129 0 86
614 59193 51 4 59244 0 51
853 59296 26 3 59322 0 26
484 59405 56 3 59461 0 56
818 59731 39 4 59770 0 39
697 59819 39 2 59858 0 39
862 59902 55 3 59957 0 55
961 59959 50 3 60009 0 50
809 60282 29 2 60311 0 29
357 60391 42 4 60433 0 42
38 60400 46 1 60480 34 80
252 60429 63 4 60543 51 114
797 60480 22 3 60566 64 86
333 60482 80 1 60646 84 164
908 60524 28 4 60674 122 150
516 60669 31 2 60706 6 37
707 60710 21 3 60731 0 21
953 60806 40 3 60846 0 40
212 61128 46 4 61174 0 46
874 61160 23 4 61198 15 38
250 61160 39 3 61237 38 77
977 61174 26 3 61263 63 89
494 61289 37 4 61326 0 37
755 61452 44 4 61496 0 44
871 61632 28 2 61660 0 28
67 61922 43 4 61965 0 43
244 62394 32 4 62426 0 32
304 62509 31 3 62540 0 31
673 62628 32 2 62660 0 32
394 62650 41 4 62702 11 52
138 62902 20 3 62922 0 20
846 62912 55 4 62978 11 66
584 63143 45 1 63188 0 45
283 63317 46 2 63363 0 46
991 63388 87 3 63475 0 87
199 63556 27 3 63583 0 27
297 63654 82 2 63736 0 82
245 63666 44 2 63781 71 115
747 63685 67 1 63848 96 163
994 63913 42 4 63955 0 42
558 63994 91 2 64085 0 91
941 64184 31 4 64215 0 31
72 64592 91 3 64683 0 91
321 64964 59 2 65023 0 59
180 65007 36 4 65060 17 53
660 65044 27 3 65088 17 44
918 65147 38 4 65185 0 38
342 65362 28 4 65390 0 28
406 65640 48 2 65688 0 48
631 66238 30 1 66268 0 30
102 66242 46 3 66315 27 73
142 66310 65 4 66381 6 71
251 66432 64 3 66496 0 64
732 66434 40 3 66537 63 103
116 66700 20 4 66720 0 20
623 67038 28 3 67066 0 28
412 67373 48 4 67421 0 48
73 67512 58 4 67570 0 58
86 67684 60 4 67744 0 60
432 67688 43 2 67788 57 100
507 67876 83 1 67959 0 83
830 67884 21 3 67981 76 97
339 67928 53 3 68034 53 106
293 68178 26 4 68204 0 26
775 68371 21 4 68392 0 21
602 68691 22 4 68713 0 22
939 68716 95 3 68811 0 95
46 68722 65 4 68877 90 155
200 68841 25 1 68903 37 62
725 68957 57 2 69014 0 57
372 68962 39 2 69054 53 92
70 69304 32 4 69336 0 32
986 69313 52 4 69389 24 76
343 69625 34 3 69659 0 34
281 69843 83 3 69926 0 83
997 69983 68 2 70051 0 68
22 69985 45 4 70097 67 112
15 70146 54 1 70200 0 54
837 70411 52 4 70463 0 52
190 70628 21 4 70649 0 21
543 70646 39 2 70689 4 43
133 70661 23 4 70713 29 52
350 70844 33 3 70877 0 33
971 70850 66 2 70944 28 94
380 70877 28 3 70972 67 95
247 70998 51 3 71049 0 51
521 71212 69 4 71281 0 69
390 71395 22 4 71417 0 22
791 71516 77 3 71593 0 77
161 71784 40 4 71824 0 40
93 71918 64 2 71982 0 64
802 71961 30 4 72013 22 52
822 72011 24 2 72038 3 27
821 72113 47 4 72160 0 47
379 72245 89 3 72334 0 89
593 72372 21 2 72393 0 21
787 72379 78 4 72472 15 93
801 72451 33 4 72506 22 55
909 72780 54 1 72834 0 54
657 73000 23 4 73023 0 23
472 73019 24 2 73048 5 29
841 73322 28 4 73350 0 28
978 73536 86 4 73622 0 86
627 73744 60 4 73804 0 60
355 73896 66 3 73962 0 66
682 74008 49 2 74057 0 49
562 74100 59 4 74159 0 59
121 74276 42 4 74318 0 42
713 74503 27 4 74530 0 27
805 74552 39 4 74591 0 39
105 74673 47 4 74720 0 47
410 74840 44 4 74884 0 44
852 74857 48 1 74933 28 76
970 75255 30 2 75285 0 30
648 75440 60 2 75500 0 60
771 76006 48 3 76054 0 48
216 76149 28 3 76177 0 28
929 76601 26 1 76627 0 26
652 76641 25 3 76666 0 25
325 76761 79 3 76840 0 79
868 77144 53 4 77197 0 53
767 77182 28 2 77226 16 44
399 77529 47 1 77576 0 47
445 77650 24 2 77674 0 24
314 78167 50 2 78217 0 50
847 78731 62 3 78793 0 62
356 78960 53 3 79013 0 53
966 79097 32 3 79129 0 32
462 79135 50 4 79185 0 50
450 79170 49 4 79235 16 65
828 79444 54 4 79498 0 54
674 79874 43 3 79917 0 43
718 79903 51 4 79969 15 66
935 80040 58 3 80098 0 58
993 80976 70 3 81046 0 70
490 81062 29 2 81091 0 29
429 81178 66 4 81244 0 66
192 81493 58 4 81551 0 58
555 81553 37 1 81590 0 37
861 81755 52 3 81807 0 52
639 82082 59 4 82141 0 59
187 82556 27 4 82583 0 27
17 83444 49 4 83493 0 49
537 83666 22 3 83688 0 22
976 83914 60 4 83974 0 60
998 83956 30 3 84005 19 49
691 84315 82 4 84397 0 82
798 84376 28 4 84426 22 50
889 85016 56 4 85072 0 56
278 85198 51 2 85249 0 51
139 85439 85 2 85524 0 85
126 85567 36 3 85603 0 36
554 86180 41 4 86221 0 41
948 86239 28 4 86267 0 28
919 86241 89 4 86357 27 116
497 87197 85 2 87282 0 85
884 87198 26 2 87309 85 111
950 87665 28 3 87693 0 28
363 87899 38 3 87937 0 38
483 88021 39 2 88060 0 39
453 88381 36 2 88417 0 36
783 88408 80 2 88498 10 90
651 88797 85 4 88882 0 85
119 89913 28 4 89941 0 28
746 90971 42 4 91013 0 42
510 91247 31 4 91278 0 31
75 91504 42 3 91546 0 42
807 91760 26 3 91786 0 26
419 91940 79 1 92019 0 79
328 92491 34 4 92525 0 34
565 92566 30 1 92596 0 30
605 92887 38 3 92925 0 38
509 93466 65 4 93531 0 65
89 93826 28 2 93854 0 28
922 94245 49 4 94294 0 49
536 95504 69 4 95573 0 69
810 98234 86 2 98320 0 86
