97932 1849 6214 6141
913 181 94 1 275 0 94
398 221 94 3 519 204 298
842 258 58 4 527 211 269
711 352 35 4 562 175 210
684 269 90 2 702 343 433
50 271 98 3 750 381 479
539 357 90 4 790 343 433
604 366 87 3 877 424 511
74 725 49 3 976 202 251
408 568 98 1 1024 358 456
884 866 35 3 1209 308 343
142 693 69 4 1278 516 585
896 808 73 4 1451 570 643
390 813 90 4 1491 588 678
962 816 85 4 1576 675 760
743 1193 31 2 1707 483 514
860 872 89 3 1796 835 924
18 879 86 2 1832 867 953
554 982 88 4 1970 900 988
299 1023 53 3 2023 947 1000
885 1116 82 3 2155 957 1039
490 1160 63 4 2218 995 1058
274 1170 80 3 2248 998 1078
587 1676 33 2 2431 722 755
53 1196 99 4 2480 1185 1284
558 1312 84 3 2514 1118 1202
328 1323 92 4 2556 1141 1233
101 1350 81 4 2687 1256 1337
136 1987 46 3 2783 750 796
389 1427 79 4 2812 1306 1385
222 1452 80 3 2892 1360 1440
108 1547 77 2 3069 1445 1522
387 1665 84 1 3203 1454 1538
522 1667 92 4 3295 1536 1628
673 1674 99 2 3444 1671 1770
146 2541 48 3 3542 953 1001
738 1923 96 3 3688 1669 1765
183 1938 90 3 3728 1700 1790
938 1976 54 1 3882 1852 1906
291 2777 50 4 4032 1205 1255
654 2059 95 1 4127 1973 2068
68 2105 74 4 4201 2022 2096
699 2113 93 1 4244 2038 2131
877 2951 43 1 4287 1293 1336
848 2124 61 1 4348 2163 2224
305 2185 76 4 4474 2213 2289
120 2242 97 2 4571 2232 2329
89 2298 66 3 4737 2373 2439
283 2312 59 3 4846 2475 2534
630 2319 75 3 4871 2477 2552
370 2382 68 4 4989 2539 2607
268 2552 98 3 5087 2437 2535
803 2553 94 3 5231 2584 2678
804 3658 39 3 5320 1623 1662
34 2624 87 2 5357 2646 2733
236 2626 95 4 5402 2681 2776
468 3807 31 3 5683 1845 1876
965 2663 88 1 5721 2970 3058
814 2689 58 3 5729 2982 3040
692 2717 62 3 5791 3012 3074
135 2801 75 2 5916 3040 3115
894 2840 81 3 6147 3226 3307
282 2951 64 4 6511 3496 3560
339 4299 28 4 6539 2212 2240
476 3021 55 3 6594 3518 3573
746 3032 95 3 6639 3512 3607
313 3085 66 1 6655 3504 3570
248 3138 85 4 6740 3517 3602
319 4617 48 2 6788 2123 2171
104 3178 61 2 6799 3560 3621
941 3179 73 3 6822 3570 3643
251 3261 91 4 6963 3611 3702
266 3278 72 2 7035 3685 3757
669 3355 81 2 7066 3630 3711
302 3432 88 2 7104 3584 3672
627 3496 86 4 7140 3558 3644
967 3550 91 3 7181 3540 3631
156 5132 39 4 7270 2099 2138
876 3569 63 3 7283 3651 3714
649 5176 39 4 7322 2107 2146
197 3605 62 3 7384 3717 3779
720 5314 45 3 7479 2120 2165
616 5402 48 2 7627 2177 2225
102 3786 76 4 7653 3791 3867
514 3789 86 4 7789 3914 4000
231 3791 56 2 7845 3998 4054
989 3799 93 4 7938 4046 4139
560 3800 72 3 8010 4138 4210
424 3893 87 3 8147 4167 4254
72 3982 79 3 8276 4215 4294
696 4013 94 4 8320 4213 4307
457 5881 47 4 8417 2489 2536
107 4060 86 2 8503 4357 4443
5 4097 66 2 8619 4456 4522
888 4102 51 4 8620 4467 4518
24 4125 75 4 8645 4445 4520
601 6088 34 4 8679 2557 2591
752 6108 39 3 8768 2621 2660
154 4144 77 2 8845 4624 4701
392 4188 61 3 9006 4757 4818
431 4200 63 3 9019 4756 4819
992 4214 99 4 9068 4755 4854
689 4227 96 4 9114 4791 4887
758 4234 79 2 9193 4880 4959
701 4258 88 4 9231 4885 4973
67 4341 66 3 9297 4890 4956
257 4496 95 3 9392 4801 4896
230 6803 43 3 9435 2589 2632
397 6818 40 4 9475 2617 2657
492 4672 65 4 9490 4753 4818
922 4737 95 3 9585 4753 4848
31 6876 50 2 9635 2709 2759
811 4777 64 4 9699 4858 4922
407 5107 56 2 10005 4842 4898
763 7287 36 4 10091 2768 2804
591 5224 68 1 10109 4817 4885
906 5253 52 3 10161 4856 4908
751 5340 83 3 10194 4771 4854
354 5350 84 2 10228 4794 4878
64 5407 99 4 10427 4921 5020
588 5443 100 4 10527 4984 5084
620 5460 87 2 10614 5067 5154
956 7796 50 4 10664 2818 2868
348 5530 70 1 10734 5134 5204
458 5570 66 4 10850 5214 5280
301 5645 70 4 10870 5155 5225
680 5681 94 2 10964 5189 5283
318 5749 78 1 11042 5215 5293
383 5769 97 1 11189 5323 5420
905 8312 24 4 11313 2977 3001
924 5849 66 1 11329 5414 5480
300 5911 55 2 11384 5418 5473
931 8461 49 1 11533 3023 3072
262 5920 62 3 11595 5613 5675
289 5950 86 4 11631 5595 5681
820 6100 86 4 11717 5531 5617
823 6115 85 4 11802 5602 5687
123 6159 94 3 11946 5693 5787
2 6166 59 3 12055 5830 5889
173 6182 76 4 12131 5873 5949
91 6367 97 4 12278 5814 5911
263 6525 83 4 12361 5753 5836
602 6599 95 4 12456 5762 5857
382 6844 88 4 12744 5812 5900
253 6888 84 3 12928 5956 6040
573 7006 77 1 12955 5872 5949
403 7034 98 1 13003 5871 5969
229 7061 86 1 13139 5992 6078
452 7094 64 3 13253 6095 6159
662 9852 35 2 13288 3401 3436
775 9860 36 3 13324 3428 3464
770 7122 92 4 13416 6202 6294
118 7139 85 3 13501 6277 6362
585 7251 64 4 13565 6250 6314
678 10026 44 3 13609 3539 3583
9 7335 81 2 13690 6274 6355
824 7550 84 3 13724 6090 6174
161 7553 77 4 13801 6171 6248
221 7614 88 4 13839 6137 6225
335 7671 61 1 13900 6168 6229
685 7737 90 2 13940 6113 6203
610 7807 91 4 14081 6183 6274
88 7855 92 4 14373 6426 6518
790 10735 34 3 14407 3638 3672
511 7871 64 4 14471 6536 6600
709 8047 98 2 14669 6524 6622
337 10896 45 4 14764 3823 3868
572 8136 83 4 14897 6678 6761
190 8170 93 4 14940 6677 6770
4 8195 55 4 14945 6695 6750
381 8209 75 3 15020 6736 6811
317 8263 97 2 15067 6707 6804
245 11285 45 4 15112 3782 3827
590 8335 97 3 15159 6727 6824
995 8438 61 4 15270 6771 6832
157 8459 89 4 15359 6811 6900
345 8490 87 3 15446 6869 6956
647 8560 53 3 15549 6936 6989
43 8755 62 2 15561 6744 6806
419 8808 68 3 15679 6803 6871
538 8832 61 4 15690 6797 6858
125 8854 59 3 15799 6886 6945
168 8893 89 4 15938 6956 7045
928 8924 60 1 15998 7014 7074
217 8969 59 4 16057 7029 7088
357 9084 59 4 16066 6923 6982
338 9142 91 4 16157 6924 7015
264 12324 37 2 16194 3833 3870
917 9258 88 4 16232 6886 6974
718 9302 78 4 16260 6880 6958
51 9392 67 2 16377 6918 6985
942 9392 82 4 16409 6935 7017
619 12592 37 3 16446 3817 3854
762 9421 72 3 16518 7025 7097
61 9439 99 4 16567 7029 7128
893 12739 39 2 16606 3828 3867
247 9511 79 1 16635 7045 7124
872 9554 73 2 16708 7081 7154
777 9623 98 2 16806 7085 7183
963 12926 31 4 16887 3930 3961
664 9753 96 3 16933 7084 7180
164 9757 99 3 17082 7226 7325
124 13113 40 4 17122 3969 4009
703 9805 95 3 17167 7267 7362
71 9832 92 2 17309 7385 7477
756 9866 80 3 17439 7493 7573
509 9919 79 4 17518 7520 7599
105 9991 84 1 17552 7477 7561
425 10088 53 2 17555 7414 7467
862 10252 53 3 17708 7403 7456
567 13753 39 1 17747 3955 3994
421 10388 59 2 17906 7459 7518
192 13917 35 4 17991 4039 4074
278 10537 95 4 18036 7404 7499
265 10545 79 4 18115 7491 7570
267 10688 53 3 18118 7377 7430
849 10696 82 2 18300 7522 7604
593 10698 68 2 18418 7652 7720
81 10715 56 4 18424 7653 7709
486 10717 82 4 18456 7657 7739
972 10744 51 4 18607 7812 7863
430 10786 83 3 18690 7821 7904
97 10816 96 3 18786 7874 7970
226 10864 66 3 18852 7922 7988
534 10883 97 3 18899 7919 8016
153 10915 84 4 19033 8034 8118
172 10963 90 4 19123 8070 8160
901 11158 68 1 19291 8065 8133
857 15016 40 3 19381 4325 4365
396 11345 97 4 19728 8286 8383
952 11377 53 2 19731 8301 8354
320 11427 93 4 19874 8354 8447
44 11464 54 2 19878 8360 8414
575 11595 85 4 19963 8283 8368
484 11622 89 4 20002 8291 8380
621 11743 89 3 20041 8209 8298
243 11790 98 2 20089 8201 8299
205 11857 82 3 20171 8232 8314
605 11872 74 1 20195 8249 8323
420 11967 84 3 20229 8178 8262
740 15821 36 4 20265 4408 4444
343 11974 100 4 20315 8241 8341
742 12012 88 1 20403 8303 8391
432 12079 78 3 20481 8324 8402
603 12259 97 1 20528 8172 8269
254 12458 78 4 20806 8270 8348
26 12464 92 4 20948 8392 8484
841 16424 39 3 21087 4624 4663
636 12606 78 3 21115 8431 8509
366 16471 50 4 21165 4644 4694
704 16590 41 4 21256 4625 4666
249 12775 92 4 21298 8431 8523
981 16640 30 4 21328 4658 4688
781 12817 82 2 21360 8461 8543
583 12873 56 4 21366 8437 8493
615 13032 78 2 21394 8284 8362
341 13048 92 3 21536 8396 8488
798 13166 94 2 21730 8470 8564
545 13176 93 2 21773 8504 8597
802 13271 94 2 21967 8602 8696
927 13273 88 3 22005 8644 8732
132 13349 93 4 22198 8756 8849
147 13656 100 3 22298 8542 8642
702 13676 95 3 22393 8622 8717
512 13703 72 4 22465 8690 8762
252 13753 84 3 22549 8712 8796
912 13792 52 1 22551 8707 8759
69 13833 98 4 22699 8768 8866
10 13907 85 2 22734 8742 8827
638 13961 53 4 22837 8823 8876
744 14102 94 4 22931 8735 8829
793 14103 89 4 23070 8878 8967
239 14113 98 3 23118 8907 9005
949 14133 62 4 23180 8985 9047
646 14161 87 2 23267 9019 9106
271 14346 97 4 23514 9071 9168
30 18473 45 4 23609 5091 5136
312 14354 63 4 23622 9205 9268
706 14375 61 3 23733 9297 9358
77 14446 100 4 23983 9437 9537
978 14521 61 4 24044 9462 9523
634 14533 91 3 24085 9461 9552
908 14731 76 3 24111 9304 9380
150 18914 33 1 24194 5247 5280
505 14735 59 2 24253 9459 9518
566 14804 99 3 24352 9449 9548
202 19117 37 4 24389 5235 5272
971 14827 74 3 24413 9512 9586
189 14845 93 4 24456 9518 9611
914 14851 74 3 24530 9605 9679
754 14952 98 1 24578 9528 9626
716 15063 74 4 24602 9465 9539
355 15071 91 3 24693 9531 9622
878 15104 83 2 24776 9589 9672
698 15106 81 4 24807 9620 9701
729 15107 81 1 24988 9800 9881
562 15152 59 4 25047 9836 9895
378 15224 89 4 25186 9873 9962
599 15254 87 3 25323 9982 10069
968 15362 73 3 25346 9911 9984
163 15642 76 3 25522 9804 9880
474 15915 85 2 25557 9557 9642
269 15958 74 4 25581 9549 9623
747 20443 43 4 25824 5338 5381
138 16072 52 3 25876 9752 9804
119 16085 89 4 25915 9741 9830
87 16141 89 1 25954 9724 9813
563 16160 94 3 25998 9744 9838
346 16176 89 4 26037 9772 9861
179 20753 35 4 26072 5284 5319
204 16281 53 4 26075 9741 9794
238 16283 64 3 26189 9842 9906
489 16340 92 3 26231 9799 9891
656 20979 26 1 26257 5252 5278
838 16342 97 2 26404 9965 10062
691 21072 49 3 26553 5432 5481
795 16515 79 4 26582 9988 10067
42 16948 72 2 26854 9834 9906
435 16981 86 4 26940 9873 9959
446 17050 64 4 26954 9840 9904
557 17120 72 2 27026 9834 9906
13 17132 70 4 27146 9944 10014
783 17237 81 4 27177 9859 9940
964 17241 94 4 27271 9936 10030
498 17286 65 2 27336 9985 10050
827 17380 90 3 27426 9956 10046
462 17403 98 2 27474 9973 10071
276 17416 53 4 27477 10008 10061
200 17543 96 4 27573 9934 10030
414 17578 96 3 27719 10045 10141
767 22325 48 4 27817 5444 5492
569 22370 42 4 27859 5447 5489
412 17635 52 4 27961 10274 10326
800 17696 61 4 27972 10215 10276
578 17806 99 4 28021 10116 10215
973 22565 49 3 28120 5506 5555
660 17841 90 3 28160 10229 10319
843 22606 21 3 28181 5554 5575
485 17933 65 4 28296 10298 10363
916 18015 95 3 28391 10281 10376
294 18069 91 3 28432 10272 10363
600 18128 71 3 28453 10254 10325
937 18147 86 3 28489 10256 10342
49 18277 58 2 28647 10312 10370
487 18307 98 3 28745 10340 10438
347 18420 69 3 28814 10325 10394
796 18426 67 3 28831 10338 10405
969 18435 94 3 28975 10446 10540
970 18436 80 3 29055 10539 10619
715 18463 89 3 29094 10542 10631
213 18531 60 2 29154 10563 10623
753 18547 74 1 29178 10557 10631
160 18558 71 4 29199 10570 10641
275 18560 95 4 29344 10689 10784
663 18578 74 4 29468 10816 10890
385 18598 91 3 29709 11020 11111
945 18690 91 2 29800 11019 11110
657 18910 52 2 29852 10890 10942
80 18941 85 4 29987 10961 11046
481 19030 63 1 30100 11007 11070
110 19202 100 4 30250 10948 11048
683 19430 77 4 30327 10820 10897
719 19473 89 3 30366 10804 10893
137 24724 35 4 30551 5792 5827
437 19553 85 1 30586 10948 11033
303 19574 94 4 30630 10962 11056
83 19577 88 2 30668 11003 11091
433 19585 73 3 30841 11183 11256
732 19632 79 2 30920 11209 11288
311 19708 99 4 30969 11162 11261
745 19767 87 1 31056 11202 11289
208 19775 55 1 31111 11281 11336
694 19888 78 2 31289 11323 11401
350 19942 63 2 31352 11347 11410
622 20075 51 1 31353 11227 11278
980 25580 36 4 31489 5873 5909
826 20404 87 3 31526 11035 11122
637 20407 90 3 31616 11119 11209
404 20418 67 4 31633 11148 11215
780 20431 82 3 31715 11202 11284
188 20524 75 4 31840 11241 11316
726 20844 60 4 32000 11096 11156
577 20846 68 4 32018 11104 11172
765 26158 44 3 32062 5860 5904
932 20980 84 4 32096 11032 11116
568 20991 55 4 32201 11155 11210
478 21055 73 1 32224 11096 11169
116 21059 77 1 32251 11115 11192
768 21220 89 4 32290 10981 11070
90 26600 50 4 32340 5690 5740
379 21229 73 4 32363 11061 11134
513 21300 66 1 32379 11013 11079
825 21332 96 3 32475 11047 11143
413 21335 81 3 32606 11190 11271
832 21432 59 3 32615 11124 11183
736 21552 86 3 32751 11113 11199
531 21614 59 4 32760 11087 11146
676 27052 47 2 32807 5708 5755
632 27073 37 2 32844 5734 5771
442 21632 92 4 32886 11162 11254
218 21793 61 4 33047 11193 11254
658 21857 69 2 33066 11140 11209
216 21901 70 4 33086 11115 11185
532 27386 43 3 33129 5700 5743
441 27419 25 1 33154 5710 5735
958 22117 84 3 33188 10987 11071
290 22205 99 4 33337 11033 11132
705 22211 67 3 33354 11076 11143
438 22310 58 1 33412 11044 11102
589 22384 91 2 33503 11028 11119
488 22393 97 4 33550 11060 11157
220 22554 82 2 33682 11046 11128
86 28084 39 1 33771 5648 5687
400 22641 93 2 33864 11130 11223
70 22657 59 4 33873 11157 11216
847 22782 92 4 33915 11041 11133
140 28321 45 4 33960 5594 5639
653 28349 45 4 34005 5611 5656
863 22996 56 4 34111 11059 11115
597 23029 90 2 34201 11082 11172
493 23104 76 2 34277 11097 11173
987 23126 98 3 34375 11151 11249
113 28709 40 2 34415 5666 5706
929 23213 69 4 34484 11202 11271
624 23331 81 3 34515 11103 11184
7 23340 72 3 34587 11175 11247
608 23415 61 3 34748 11272 11333
844 23549 51 2 34799 11199 11250
65 29165 43 4 34942 5734 5777
659 23746 85 4 34977 11146 11231
536 23761 59 1 35036 11216 11275
957 23797 77 3 35213 11339 11416
935 23802 95 4 35258 11361 11456
819 23851 94 4 35352 11407 11501
180 23866 70 4 35472 11536 11606
902 29568 42 4 35564 5954 5996
737 23868 100 2 35614 11646 11746
801 29601 41 4 35655 6013 6054
996 23878 65 3 35670 11727 11792
821 23952 69 4 35689 11668 11737
845 23992 96 2 35785 11697 11793
991 24165 89 2 35924 11670 11759
66 24173 53 3 35927 11701 11754
11 24240 74 4 35951 11637 11711
129 24253 86 4 35987 11648 11734
900 24310 77 4 36014 11627 11704
369 24364 97 2 36061 11600 11697
854 24525 92 4 36203 11586 11678
977 24705 77 3 36230 11448 11525
643 24718 67 4 36297 11512 11579
297 24720 83 2 36380 11577 11660
998 24953 93 4 36573 11527 11620
947 24968 51 2 36674 11655 11706
528 24987 93 1 36717 11637 11730
943 25023 92 3 36809 11694 11786
855 25148 94 3 36853 11611 11705
273 25227 59 1 36912 11626 11685
516 25243 81 4 36943 11619 11700
374 25283 88 4 37031 11660 11748
559 25304 82 2 37113 11727 11809
314 25360 78 3 37191 11753 11831
805 25480 56 3 37197 11661 11717
828 31361 41 2 37238 5836 5877
866 25512 63 4 37251 11676 11739
309 25626 67 2 37268 11575 11642
994 25714 98 3 37566 11754 11852
576 31689 44 3 37610 5877 5921
480 25732 87 3 37647 11828 11915
871 25775 51 4 37648 11822 11873
595 25873 84 3 37682 11725 11809
28 25909 88 4 37720 11723 11811
206 25930 88 4 37758 11740 11828
759 26301 96 3 37904 11507 11603
316 26304 75 2 37929 11550 11625
806 26719 66 2 37995 11210 11276
897 26748 56 1 38001 11197 11253
453 32492 50 4 38051 5509 5559
797 32498 40 3 38091 5553 5593
739 26780 88 4 38129 11261 11349
598 26862 74 1 38253 11317 11391
959 26868 68 2 38271 11335 11403
479 27110 98 3 38469 11261 11359
285 27149 63 2 38632 11420 11483
936 27152 83 4 38715 11480 11563
54 27500 57 1 38722 11165 11222
733 27570 58 1 38780 11152 11210
57 27659 85 2 38815 11071 11156
985 27812 96 2 38861 10953 11049
23 27958 72 4 39083 11053 11125
127 27972 72 4 39105 11061 11133
223 28073 83 1 39188 11032 11115
661 28104 83 4 39371 11184 11267
96 28457 98 2 39569 11014 11112
391 28478 64 4 39583 11041 11105
94 28509 83 4 39716 11124 11207
92 34174 46 4 39762 5542 5588
284 28574 91 3 39803 11138 11229
582 34222 34 3 39887 5631 5665
166 28594 84 3 39921 11243 11327
126 28715 78 4 40199 11406 11484
158 28878 74 2 40223 11271 11345
165 28904 85 3 40258 11269 11354
112 28917 94 4 40302 11291 11385
46 28970 90 4 40342 11282 11372
1 28987 94 1 40386 11305 11399
141 29126 97 3 40433 11210 11307
167 29131 58 4 40441 11252 11310
944 34934 48 4 40489 5507 5555
930 29244 86 4 40525 11195 11281
169 29267 70 1 40645 11308 11378
84 29321 54 4 40649 11274 11328
874 29323 92 4 40741 11326 11418
73 29423 84 3 40775 11268 11352
570 29470 93 3 40868 11305 11398
679 35367 46 4 40914 5501 5547
449 29514 96 3 40960 11350 11446
47 29535 76 3 40986 11375 11451
15 29733 99 4 41035 11203 11302
586 35699 34 4 41069 5336 5370
175 29839 53 2 41172 11280 11333
16 29852 64 1 41236 11320 11384
395 30163 99 4 41485 11223 11322
455 30205 87 1 41522 11230 11317
364 30386 54 4 41526 11086 11140
145 30447 89 4 41565 11029 11118
503 30497 51 4 41616 11068 11119
953 30547 67 3 41683 11069 11136
38 30609 73 4 41706 11024 11097
997 30676 84 4 41790 11030 11114
760 30707 73 2 41813 11033 11106
334 30773 98 4 41911 11040 11138
748 36777 38 4 41949 5134 5172
631 31021 93 4 41992 10878 10971
808 31142 98 4 42040 10800 10898
812 31207 63 1 42053 10783 10846
547 37053 44 2 42097 5000 5044
592 31266 55 3 42102 10781 10836
233 31540 76 3 42128 10512 10588
363 31560 81 3 42259 10618 10699
675 31564 61 3 42320 10695 10756
712 31577 73 3 42343 10693 10766
227 31613 78 4 42421 10730 10808
234 31985 87 2 42608 10536 10623
241 32062 87 4 42695 10546 10633
645 32230 83 1 42778 10465 10548
919 32593 97 4 42825 10135 10232
771 32606 94 3 42919 10219 10313
976 32747 57 4 42976 10172 10229
552 32793 71 3 42997 10133 10204
178 32815 79 3 43026 10132 10211
550 32891 65 2 43091 10135 10200
529 32920 57 4 43198 10221 10278
611 32935 68 2 43216 10213 10281
986 32962 97 3 43263 10204 10301
139 33218 65 3 43378 10095 10160
837 33440 82 4 43410 9888 9970
451 33481 63 4 43423 9879 9942
520 33543 82 4 43455 9830 9912
194 33543 71 2 43476 9862 9933
336 33664 53 3 43529 9812 9865
323 33696 98 3 43627 9833 9931
651 33697 83 4 43660 9880 9963
527 33745 80 1 43740 9915 9995
307 33805 91 4 43781 9885 9976
56 33822 67 1 43948 10059 10126
501 33976 99 4 43997 9922 10021
523 39540 42 4 44039 4457 4499
199 34100 87 2 44076 9889 9976
344 34108 61 4 44087 9918 9979
526 39794 43 1 44180 4343 4386
859 34207 87 4 44217 9923 10010
464 39817 35 3 44252 4400 4435
287 34297 61 4 44413 10055 10116
580 34303 97 1 44510 10110 10207
596 34305 88 4 44548 10155 10243
186 34329 58 4 44656 10269 10327
131 34383 97 2 44753 10273 10370
461 40413 38 4 44891 4440 4478
966 34992 92 1 44933 9849 9941
975 35036 54 4 44987 9897 9951
144 35097 56 4 45093 9940 9996
761 35276 65 2 45158 9817 9882
8 35708 71 3 45279 9500 9571
272 35753 88 3 45317 9476 9564
879 35802 73 3 45390 9515 9588
510 41210 45 4 45435 4180 4225
612 35856 93 4 45478 9529 9622
834 35867 59 4 45537 9611 9670
671 35882 86 3 45673 9705 9791
687 36032 99 3 45722 9591 9690
224 36371 78 4 45950 9501 9579
342 36397 80 3 46030 9553 9633
416 36562 65 3 46095 9468 9533
544 36679 91 4 46136 9366 9457
130 37276 86 4 46372 9010 9096
799 37289 97 4 46469 9083 9180
785 37322 61 3 46480 9097 9158
475 37419 87 1 46517 9011 9098
984 37513 76 4 46543 8954 9030
155 37666 98 4 46591 8827 8925
722 42473 50 2 46641 4118 4168
540 42475 44 4 46685 4166 4210
788 37668 85 2 46720 8967 9052
561 37779 81 4 46851 8991 9072
873 37823 95 4 46946 9028 9123
852 38144 73 3 47019 8802 8875
201 42897 48 3 47117 4172 4220
772 38191 69 4 47136 8876 8945
402 42976 43 1 47179 4160 4203
25 42995 47 2 47226 4184 4231
422 38459 70 2 47246 8717 8787
279 38496 75 4 47471 8900 8975
830 38504 90 4 47511 8917 9007
117 38665 87 1 47598 8846 8933
713 43275 35 2 47633 4323 4358
725 38678 79 4 47662 8905 8984
401 39058 74 1 47786 8654 8728
757 39156 56 4 47842 8630 8686
623 39285 99 4 47891 8507 8606
298 43670 30 2 47971 4271 4301
356 43682 42 4 48013 4289 4331
974 39385 71 4 48134 8678 8749
614 39387 65 4 48149 8697 8762
37 43869 37 2 48186 4280 4317
553 39404 71 4 48207 8732 8803
846 39670 71 3 48428 8687 8758
36 39854 90 1 48718 8774 8864
427 39877 96 3 48764 8791 8887
39 39910 54 3 48768 8804 8858
982 44384 35 4 48803 4384 4419
209 39927 52 1 48805 8826 8878
19 40067 90 2 48895 8738 8828
867 40070 92 2 48937 8775 8867
519 40093 51 3 48938 8794 8845
607 40153 60 4 48998 8785 8845
822 40263 74 2 49022 8685 8759
835 40529 98 4 49120 8493 8591
776 40585 98 4 49168 8485 8583
556 40586 89 2 49207 8532 8621
360 40654 90 2 49297 8553 8643
920 45152 42 2 49389 4195 4237
78 40858 67 1 49406 8481 8548
377 45174 44 2 49450 4232 4276
469 41008 89 4 49539 8442 8531
787 41120 72 2 49561 8369 8441
681 41237 90 3 49751 8424 8514
979 41316 58 4 49809 8435 8493
454 41318 75 4 49834 8441 8516
784 45712 24 1 49908 4172 4196
535 41394 79 2 49937 8464 8543
626 41445 97 2 49984 8442 8539
62 41527 68 3 50002 8407 8475
911 41532 86 3 50088 8470 8556
177 41580 72 3 50110 8458 8530
686 41625 57 2 50167 8485 8542
983 41896 81 4 50198 8221 8302
159 41904 96 2 50244 8244 8340
193 41917 83 4 50277 8277 8360
365 42009 85 4 50312 8218 8303
755 42152 62 3 50424 8210 8272
333 42526 78 1 50602 7998 8076
240 42602 65 1 50667 8000 8065
351 42681 74 3 50691 7936 8010
933 42772 94 4 50785 7919 8013
286 42844 95 4 50880 7941 8036
571 47228 50 4 51080 3802 3852
296 43030 64 3 51094 8000 8064
151 43042 80 3 51124 8002 8082
497 43056 55 4 51129 8018 8073
308 43081 100 3 51179 7998 8098
447 43235 89 2 51418 8094 8183
829 43351 58 3 51426 8017 8075
426 43473 59 2 51435 7903 7962
537 43513 98 4 51483 7872 7970
371 43665 73 4 51506 7768 7841
210 47897 32 2 51538 3609 3641
807 43693 66 1 51554 7795 7861
903 43723 87 4 51591 7781 7868
946 48075 50 2 51641 3516 3566
670 43987 77 4 51718 7654 7731
456 43993 61 3 51779 7725 7786
258 48258 44 4 51823 3521 3565
114 48289 43 3 51916 3584 3627
327 44032 88 2 51954 7834 7922
260 44035 59 3 51963 7869 7928
250 48388 42 1 52005 3575 3617
376 44106 81 3 52036 7849 7930
14 44151 96 4 52182 7935 8031
22 44164 88 4 52220 7968 8056
340 44195 81 3 52301 8025 8106
515 44214 84 4 52385 8087 8171
483 44524 94 2 52529 7911 8005
810 44743 99 3 52628 7786 7885
277 44925 56 1 52634 7653 7709
882 45062 89 4 52773 7622 7711
182 45149 81 3 52954 7724 7805
815 49439 33 4 53037 3565 3598
373 45188 83 4 53070 7799 7882
548 45355 72 2 53192 7765 7837
707 45398 87 3 53229 7744 7831
181 45444 98 4 53327 7785 7883
816 49703 45 4 53372 3624 3669
399 45530 64 2 53436 7842 7906
813 45659 88 4 53524 7777 7865
375 45826 79 3 53703 7798 7877
109 45965 69 3 53772 7738 7807
766 50274 37 4 53859 3548 3585
618 46298 79 3 53888 7511 7590
923 46337 97 3 54035 7601 7698
325 46483 56 4 54041 7502 7558
170 46643 94 2 54135 7398 7492
858 46661 63 2 54148 7424 7487
321 50528 40 2 54188 3620 3660
52 46754 69 1 54207 7384 7453
388 50684 41 2 54348 3623 3664
115 46891 76 1 54374 7407 7483
655 46989 72 1 54396 7335 7407
134 47098 76 2 54422 7248 7324
856 47113 74 2 54546 7359 7433
749 47174 52 1 54598 7372 7424
633 47435 95 4 54743 7213 7308
909 51188 45 3 54788 3555 3600
349 51188 41 4 54829 3600 3641
411 47446 82 2 54961 7433 7515
682 47475 99 1 55010 7436 7535
372 47501 75 3 55035 7459 7534
17 51500 40 3 55175 3635 3675
386 48138 58 4 55333 7137 7195
195 48235 97 1 55380 7048 7145
948 48265 85 4 55465 7115 7200
506 52029 41 2 55506 3436 3477
881 48434 86 3 55542 7022 7108
63 48475 91 4 55583 7017 7108
495 48549 81 4 55614 6984 7065
324 48619 65 3 55629 6945 7010
939 48648 96 3 55725 6981 7077
29 52392 50 2 55775 3333 3383
880 48659 98 2 55823 7066 7164
1000 48911 52 3 55925 6962 7014
609 49067 92 3 56017 6858 6950
628 49189 92 3 56109 6828 6920
232 49216 62 4 56171 6893 6955
184 49252 63 4 56184 6869 6932
925 49292 99 3 56233 6842 6941
246 52916 34 2 56267 3317 3351
352 49413 64 2 56331 6854 6918
853 49497 91 2 56372 6784 6875
606 49508 91 3 56413 6814 6905
870 49627 87 3 56450 6736 6823
406 49728 62 1 56512 6722 6784
270 49803 70 2 56582 6709 6779
460 53464 33 4 56615 3118 3151
677 49853 99 3 56714 6762 6861
730 49898 90 2 56754 6766 6856
55 49905 96 1 56900 6899 6995
668 50076 83 4 57033 6874 6957
162 50164 94 3 57177 6919 7013
100 50337 52 3 57179 6790 6842
839 50357 66 3 57245 6822 6888
405 50464 73 3 57268 6731 6804
988 54108 45 2 57313 3160 3205
851 50617 95 4 57408 6696 6791
899 50628 94 3 57502 6780 6874
889 50917 80 4 57582 6585 6665
367 50927 93 1 57675 6655 6748
629 50954 97 2 57772 6721 6818
779 51016 91 3 57813 6706 6797
174 51074 87 2 57900 6739 6826
524 54671 36 3 57936 3229 3265
500 54760 42 1 57978 3176 3218
295 51211 99 3 58127 6817 6916
12 51223 65 4 58142 6854 6919
439 51391 87 3 58279 6801 6888
836 51495 96 3 58325 6734 6830
724 51529 55 4 58380 6796 6851
714 51543 79 3 58459 6837 6916
20 51597 84 4 58493 6812 6896
214 51778 52 4 58495 6665 6717
955 52316 92 2 58537 6129 6221
875 52455 76 1 58713 6182 6258
380 52509 51 4 58714 6154 6205
306 52532 75 1 58739 6132 6207
794 52657 72 2 58811 6082 6154
541 52720 69 2 58830 6041 6110
491 52928 84 3 58864 5852 5936
310 53326 65 2 58929 5538 5603
543 53386 71 4 58950 5493 5564
359 56562 40 2 59040 2438 2478
187 53465 84 2 59074 5525 5609
833 53583 78 2 59102 5441 5519
79 53585 55 3 59157 5517 5572
817 56806 45 4 59202 2351 2396
331 53635 96 2 59298 5567 5663
782 53660 94 3 59342 5588 5682
652 53734 52 2 59344 5558 5610
530 53753 69 2 59413 5591 5660
926 53925 73 4 59436 5438 5511
584 57192 35 4 59521 2294 2329
358 54203 62 3 59583 5318 5380
892 54214 74 3 59807 5519 5593
470 54406 88 3 59895 5401 5489
708 54461 58 2 59953 5434 5492
41 54473 53 3 60006 5480 5533
332 54614 57 2 60013 5342 5399
579 54786 98 4 60111 5227 5325
934 54786 84 2 60145 5275 5359
904 54949 66 3 60211 5196 5262
436 54968 92 4 60253 5193 5285
667 58228 28 4 60281 2025 2053
789 55143 58 4 60289 5088 5146
565 55194 96 3 60385 5095 5191
697 55673 82 4 60517 4762 4844
225 55726 86 1 60553 4741 4827
950 55779 99 3 60602 4724 4823
143 55949 71 3 60623 4603 4674
778 58770 49 3 60672 1853 1902
791 56406 84 4 60706 4216 4300
48 56520 81 4 60737 4136 4217
459 56789 92 3 60779 3898 3990
865 56823 62 3 60791 3906 3968
508 57064 66 3 60807 3677 3743
315 57188 70 4 60927 3669 3739
394 57281 67 3 60944 3596 3663
533 59573 32 4 60976 1371 1403
895 57321 64 4 61040 3655 3719
76 57336 56 4 61046 3654 3710
990 57337 93 3 61089 3659 3752
75 57359 53 4 61092 3680 3733
82 57436 67 4 61109 3606 3673
831 57560 81 4 61190 3549 3630
32 57612 91 4 61231 3528 3619
818 57898 88 4 61319 3333 3421
518 58139 93 1 61462 3230 3323
149 58349 87 1 61549 3113 3200
641 58440 54 4 61603 3109 3163
60 58494 55 2 61658 3109 3164
951 59405 94 4 61902 2403 2497
466 59425 91 2 61943 2427 2518
281 59574 88 2 61981 2319 2407
883 59824 87 2 62018 2107 2194
471 59991 59 2 62027 1977 2036
674 60017 97 4 62174 2060 2157
185 60104 86 4 62260 2070 2156
564 60201 92 4 62352 2059 2151
99 60292 67 4 62369 2010 2077
915 60399 93 4 62412 1920 2013
384 60494 84 4 62546 1968 2052
85 60671 88 4 62584 1825 1913
176 60721 63 1 62597 1813 1876
710 60740 97 2 62644 1807 1904
235 61277 80 4 62674 1317 1397
417 61294 72 3 62696 1330 1402
549 61346 54 4 62750 1350 1404
329 61405 86 3 62786 1295 1381
891 61606 73 4 62909 1230 1303
326 61627 75 4 62984 1282 1357
525 62654 46 2 63080 380 426
244 62123 92 4 63122 907 999
211 62400 70 2 63142 672 742
393 62411 90 4 63182 681 771
864 62435 92 1 63274 747 839
869 62640 61 2 63285 584 645
95 62902 77 3 63312 333 410
774 63290 37 4 63349 22 59
723 63354 64 4 63418 0 64
792 63356 66 3 63484 62 128
613 63511 58 3 63569 0 58
93 63866 67 3 63933 0 67
648 63943 28 3 63971 0 28
122 63992 72 2 64064 0 72
773 64000 59 3 64123 64 123
410 64165 69 2 64234 0 69
741 64198 73 2 64307 36 109
907 64417 75 3 64492 0 75
423 64430 74 4 64616 112 186
642 64462 85 2 64651 104 189
918 64842 63 3 64905 0 63
693 64908 33 4 64941 0 33
502 64945 48 3 64993 0 48
207 65290 91 2 65381 0 91
215 65393 74 3 65467 0 74
353 65574 82 3 65706 50 132
473 65574 70 3 65726 82 152
148 65654 87 3 65863 122 209
764 65711 94 3 65907 102 196
750 65976 93 3 66069 0 93
496 66349 55 3 66404 0 55
769 66371 48 4 66452 33 81
695 66759 60 3 66819 0 60
494 66824 23 3 66847 0 23
472 66992 73 3 67065 0 73
463 67043 72 3 67137 22 94
665 67267 64 4 67331 0 64
237 67395 92 2 67487 0 92
728 67675 87 4 67762 0 87
58 67893 41 1 67934 0 41
467 67907 67 2 68001 27 94
212 68075 78 3 68153 0 78
35 68128 44 2 68197 25 69
330 68140 37 4 68234 57 94
617 68286 68 4 68354 0 68
128 68306 75 4 68429 48 123
106 68526 60 4 68586 0 60
293 68627 71 4 68698 0 71
521 69061 97 3 69158 0 97
448 69444 78 3 69522 0 78
477 69497 90 4 69612 25 115
887 69715 74 3 69789 0 74
45 70167 93 3 70260 0 93
635 70446 72 4 70518 0 72
809 70479 70 2 70588 39 109
551 70804 92 4 70896 0 92
121 70841 77 2 70973 55 132
700 71300 59 1 71359 0 59
98 71485 58 2 71543 0 58
690 71673 27 2 71700 0 27
594 71678 64 4 71814 72 136
886 71691 93 2 71857 73 166
735 71926 91 4 72017 0 91
786 71978 63 4 72130 89 152
465 72003 82 4 72212 127 209
280 72035 74 4 72236 127 201
721 72603 82 2 72685 0 82
409 72709 99 4 72808 0 99
688 73322 44 4 73366 0 44
840 73391 67 2 73458 0 67
482 73394 41 4 73499 64 105
850 73766 78 4 73844 0 78
868 73845 88 4 73933 0 88
21 74320 81 3 74401 0 81
940 74703 58 3 74761 0 58
581 75191 51 3 75242 0 51
40 75239 82 3 75324 3 85
727 75291 47 3 75371 33 80
27 76276 78 3 76354 0 78
507 76710 84 4 76794 0 84
103 76819 81 3 76900 0 81
219 76886 83 4 76983 14 97
542 76915 98 4 77131 118 216
429 76962 88 4 77219 169 257
625 76988 73 2 77242 181 254
361 77356 99 3 77455 0 99
255 77648 86 3 77734 0 86
152 77673 56 4 77840 111 167
428 77688 93 4 77933 152 245
288 77784 70 3 77953 99 169
890 78089 94 4 78183 0 94
504 78611 62 1 78673 0 62
198 78672 88 4 78761 1 89
362 79100 44 1 79144 0 44
368 79117 62 1 79206 27 89
418 79712 59 3 79771 0 59
960 79730 79 1 79850 41 120
6 79911 80 4 79991 0 80
415 79926 80 1 80071 65 145
133 80217 96 3 80313 0 96
954 80332 52 4 80384 0 52
731 80413 70 2 80483 0 70
256 80516 98 2 80614 0 98
261 81075 68 3 81143 0 68
734 81091 99 4 81242 52 151
650 81233 87 4 81329 9 96
999 81684 61 2 81745 0 61
242 81765 54 3 81819 0 54
171 82511 69 3 82580 0 69
191 83386 66 2 83452 0 66
322 83412 50 2 83502 40 90
717 83524 93 3 83617 0 93
993 84010 81 1 84091 0 81
111 84091 30 3 84121 0 30
961 84717 81 2 84798 0 81
499 85132 64 4 85196 0 64
259 85454 79 4 85533 0 79
3 85505 41 3 85574 28 69
450 85548 96 4 85670 26 122
440 85600 50 4 85720 70 120
921 85699 86 4 85856 71 157
203 85711 100 4 85906 95 195
666 85830 88 2 85994 76 164
196 86323 70 1 86393 0 70
644 86345 73 4 86466 48 121
228 86515 78 2 86593 0 78
304 86642 94 2 86736 0 94
434 86765 79 3 86844 0 79
574 87553 69 4 87622 0 69
898 87656 78 4 87734 0 78
443 87792 86 4 87878 0 86
640 88404 80 2 88484 0 80
546 88527 78 3 88605 0 78
444 88654 68 3 88722 0 68
555 88891 97 3 88988 0 97
59 89360 86 1 89446 0 86
33 92489 30 4 92519 0 30
292 92723 31 2 92754 0 31
910 93527 56 2 93583 0 56
445 93962 77 3 94039 0 77
672 94091 82 4 94173 0 82
861 94172 44 2 94217 1 45
517 95638 85 2 95723 0 85
639 97887 45 4 97932 0 45
