98851 1000 856 796
722 38 45 2 83 0 45
991 32 63 4 140 45 108
145 202 42 4 244 0 42
96 196 45 3 283 42 87
38 301 41 2 342 0 41
192 392 40 3 432 0 40
311 368 56 2 464 40 96
999 224 60 3 480 196 256
704 496 53 3 549 0 53
816 617 45 3 662 0 45
467 614 47 4 706 45 92
193 711 42 4 753 0 42
897 644 52 2 800 104 156
525 780 59 3 859 20 79
612 717 63 4 922 142 205
663 946 39 4 985 0 39
236 1003 52 4 1055 0 52
920 289 68 4 1067 710 778
811 291 68 4 1068 709 777
382 1105 27 2 1132 0 27
259 753 69 1 1164 342 411
777 1233 63 4 1296 0 63
802 236 70 4 1297 991 1061
849 1307 38 2 1345 0 38
526 1354 56 2 1410 0 56
258 1418 55 4 1473 0 55
343 1427 66 1 1539 46 112
138 1580 37 4 1617 0 37
144 1573 68 4 1678 37 105
975 1643 71 4 1749 35 106
555 1044 72 4 1760 644 716
919 330 73 2 1833 1430 1503
883 1843 66 4 1909 0 66
676 1924 54 4 1978 0 54
937 1916 56 4 2026 54 110
478 1914 60 4 2084 110 170
283 2093 58 2 2151 0 58
574 2177 59 3 2236 0 59
803 1910 60 3 2257 287 347
940 1979 61 4 2318 278 339
741 2091 67 4 2385 227 294
766 1688 74 4 2448 686 760
248 2477 57 4 2534 0 57
408 1066 75 4 2580 1439 1514
280 1095 75 3 2655 1485 1560
289 2703 34 3 2737 0 34
969 2704 52 4 2789 33 85
60 2790 68 2 2858 0 68
14 1006 76 2 2885 1803 1879
79 2429 77 4 2962 456 533
295 3032 52 4 3084 0 52
209 3112 36 4 3148 0 36
29 3014 58 3 3160 88 146
485 3078 67 3 3227 82 149
296 3230 49 3 3279 0 49
417 2965 74 3 3301 262 336
235 3337 72 4 3409 0 72
828 3095 76 3 3449 278 354
633 16 78 2 3452 3358 3436
972 3469 52 4 3521 0 52
513 3536 66 3 3602 0 66
853 1532 78 1 3648 2038 2116
95 927 79 3 3727 2721 2800
351 3768 45 3 3813 0 45
344 3839 64 3 3903 0 64
15 4040 27 1 4067 0 27
270 4017 54 3 4098 27 81
435 4125 55 1 4180 0 55
160 4223 49 4 4272 0 49
939 4277 55 3 4332 0 55
523 4162 57 3 4341 122 179
179 4297 61 3 4402 44 105
956 4410 43 4 4453 0 43
673 4481 48 4 4529 0 48
784 4445 63 4 4564 56 119
935 4186 67 3 4623 370 437
547 4131 67 2 4690 492 559
499 4753 47 3 4800 0 47
212 4823 20 2 4843 0 20
639 4740 50 3 4857 67 117
989 4802 50 1 4907 55 105
155 4807 53 2 4960 100 153
50 4889 57 4 5017 71 128
835 5040 39 3 5079 0 39
783 5081 37 2 5118 0 37
793 5037 61 4 5174 76 137
918 5184 28 3 5212 0 28
267 5264 54 2 5318 0 54
309 5283 56 2 5374 35 91
501 5199 59 4 5388 130 189
785 5396 27 4 5423 0 27
472 5412 48 3 5471 11 59
700 5296 59 4 5515 160 219
914 5275 63 1 5578 240 303
459 5584 45 4 5629 0 45
721 4719 67 4 5639 853 920
926 5352 69 4 5708 287 356
836 5907 42 4 5949 0 42
577 5867 45 2 5954 42 87
154 5826 53 4 5966 87 140
598 5987 45 4 6032 0 45
822 5976 51 3 6072 45 96
591 6095 56 4 6151 0 56
535 6188 43 1 6231 0 43
963 6295 48 2 6343 0 48
726 6262 49 2 6359 48 97
141 6215 52 2 6380 113 165
198 6158 59 2 6409 192 251
85 6424 46 3 6470 0 46
470 6259 60 2 6515 196 256
961 6551 38 1 6589 0 38
442 6569 57 4 6646 20 77
401 6268 61 1 6671 342 403
303 6681 28 4 6709 0 28
727 6741 39 4 6780 0 39
869 6519 62 4 6800 219 281
867 6294 62 2 6862 506 568
632 5810 63 2 6869 996 1059
960 6574 65 3 6934 295 360
976 6672 66 4 7000 262 328
306 5763 67 4 7020 1190 1257
230 6060 67 1 7087 960 1027
21 7096 30 2 7126 0 30
433 7154 56 3 7210 0 56
288 7242 45 2 7287 0 45
393 7269 56 2 7343 18 74
396 7323 60 3 7403 20 80
603 7186 63 4 7434 185 248
419 7463 61 3 7524 0 61
428 7558 42 4 7600 0 42
871 7602 44 2 7646 0 44
500 7634 50 2 7696 12 62
851 7682 51 4 7747 14 65
275 7771 36 4 7807 0 36
823 7584 55 3 7836 197 252
885 7200 64 4 7837 573 637
461 7659 64 2 7901 178 242
101 7905 65 2 7970 0 65
161 7992 36 2 8028 0 36
680 8046 41 4 8087 0 41
505 8090 50 3 8140 0 50
72 8014 62 2 8181 105 167
133 8188 42 4 8230 0 42
414 8220 56 2 8286 10 66
337 7895 66 2 8319 358 424
815 8327 60 4 8387 0 60
965 8445 43 3 8488 0 43
688 8421 50 2 8514 43 93
773 8408 60 3 8561 93 153
427 8383 61 3 8601 157 218
406 8653 52 3 8705 0 52
409 8668 59 4 8764 37 96
454 8676 60 2 8824 88 148
891 8763 63 4 8887 61 124
817 8710 65 1 8952 177 242
946 7774 67 4 8959 1118 1185
583 8972 60 3 9032 0 60
400 6593 68 4 9050 2389 2457
319 9069 47 2 9116 0 47
703 9136 62 4 9198 0 62
415 8561 68 3 9227 598 666
174 9383 59 4 9442 0 59
671 9328 60 3 9447 59 119
54 9441 63 4 9510 6 69
37 9281 67 1 9530 182 249
225 8126 68 1 9544 1350 1418
455 9547 37 3 9584 0 37
239 8712 69 4 9650 869 938
797 9687 58 1 9745 0 58
114 6843 71 2 9779 2865 2936
692 5000 73 2 9797 4724 4797
630 4008 73 1 9805 5724 5797
952 9880 65 4 9945 0 65
440 3975 74 4 9953 5904 5978
471 5437 74 4 10017 4506 4580
870 4698 74 4 10059 5287 5361
622 3871 77 3 10070 6122 6199
781 10071 65 3 10136 0 65
390 10154 66 2 10220 0 66
388 10195 73 3 10293 25 98
950 10336 31 3 10367 0 31
324 10397 44 3 10441 0 44
962 10309 63 1 10447 75 138
685 9048 77 3 10483 1358 1435
188 9460 77 2 10560 1023 1100
153 10598 37 4 10635 0 37
488 10736 33 4 10769 0 33
738 10708 38 4 10779 33 71
345 10747 55 4 10834 32 87
893 10703 60 1 10889 126 186
8 10606 72 2 10893 215 287
474 10899 39 4 10938 0 39
201 4224 77 1 10971 6670 6747
770 2246 79 2 10983 8658 8737
905 11058 61 3 11119 0 61
585 11132 46 2 11178 0 46
795 11219 47 2 11266 0 47
191 11231 56 3 11322 35 91
693 11368 52 2 11420 0 52
512 11410 54 4 11474 10 64
681 11334 58 4 11498 106 164
929 11422 60 2 11558 76 136
559 11559 38 3 11597 0 38
955 11672 58 4 11730 0 58
796 11613 61 3 11732 58 119
460 11287 62 3 11765 416 478
546 11712 66 4 11831 53 119
169 11861 56 4 11917 0 56
644 11924 39 4 11963 0 39
47 11405 69 4 11995 521 590
560 11963 69 2 12064 32 101
679 11885 71 4 12135 179 250
932 12220 38 3 12258 0 38
569 12259 46 2 12305 0 46
66 12354 50 3 12404 0 50
81 12257 55 3 12409 97 152
391 12443 51 3 12494 0 51
733 12469 54 3 12548 25 79
298 12353 58 4 12572 161 219
252 12622 44 2 12666 0 44
205 12598 50 3 12692 44 94
452 12206 58 2 12710 446 504
553 12754 55 4 12809 0 55
57 12436 63 3 12828 329 392
353 12861 62 1 12923 0 62
338 12925 55 3 12980 0 55
292 13002 58 4 13060 0 58
384 12927 58 2 13096 111 169
841 12250 65 2 13126 811 876
342 11705 72 4 13199 1422 1494
412 11273 72 4 13199 1854 1926
55 13269 32 2 13301 0 32
635 13215 67 1 13314 32 99
691 11405 73 2 13371 1893 1966
469 13381 47 3 13428 0 47
504 13469 49 4 13518 0 49
687 13525 37 1 13562 0 37
82 13582 54 4 13636 0 54
613 13614 59 4 13695 22 81
243 13527 65 3 13740 148 213
747 12440 74 4 13756 1242 1316
909 13772 42 1 13814 0 42
502 12739 75 4 13873 1059 1134
808 11042 75 2 13878 2761 2836
80 13917 41 3 13958 0 41
616 13973 53 4 14026 0 53
261 14087 30 4 14117 0 30
218 14073 49 4 14152 30 79
418 13992 58 2 14163 113 171
448 14209 55 3 14264 0 55
821 14313 59 3 14372 0 59
515 14254 60 2 14383 69 129
40 14091 64 1 14401 246 310
647 14284 67 3 14468 117 184
445 14528 52 4 14580 0 52
652 14598 35 3 14633 0 35
541 14652 40 3 14692 0 40
186 14550 53 4 14708 105 158
3 14610 57 4 14765 98 155
294 14795 34 2 14829 0 34
530 14802 46 1 14875 27 73
399 14625 59 4 14904 220 279
260 14919 51 4 14970 0 51
528 14997 59 3 15056 0 59
942 14594 61 3 15075 420 481
607 14724 63 4 15138 351 414
724 15206 62 2 15268 0 62
281 15315 37 1 15352 0 37
468 15213 63 4 15368 92 155
475 15286 68 4 15436 82 150
906 15056 69 4 15437 312 381
263 14243 69 1 15446 1134 1203
556 15468 63 4 15531 0 63
386 15595 40 2 15635 0 40
31 15580 52 4 15672 40 92
477 15677 43 3 15720 0 43
424 15676 43 1 15762 43 86
7 15783 20 4 15803 0 20
159 15724 46 3 15828 58 104
907 15652 58 3 15882 172 230
944 14174 74 4 15885 1637 1711
484 15901 53 4 15954 0 53
760 15892 66 3 16011 53 119
590 15891 66 2 16076 119 185
720 16101 56 2 16157 0 56
438 16158 50 2 16208 0 50
988 16154 60 1 16267 53 113
643 16155 65 2 16332 112 177
490 15374 75 3 16376 927 1002
190 16462 37 4 16499 0 37
682 16416 49 2 16502 37 86
171 16515 55 3 16570 0 55
126 13455 78 4 16589 3056 3134
659 16591 51 4 16642 0 51
158 16595 53 3 16729 81 134
786 16661 53 3 16748 34 87
660 16664 64 2 16812 84 148
302 15889 78 4 16918 951 1029
689 16129 78 4 16918 711 789
105 16981 28 1 17009 0 28
300 16954 66 3 17048 28 94
240 17077 47 4 17124 0 47
221 17135 41 3 17176 0 41
677 17113 53 3 17218 52 105
170 16943 70 4 17248 235 305
642 16966 75 3 17323 282 357
548 17359 21 4 17380 0 21
237 17399 61 4 17460 0 61
609 17019 76 3 17481 386 462
758 17567 38 2 17605 0 38
596 17534 46 4 17618 38 84
519 12849 79 4 17619 4691 4770
981 17626 28 3 17654 0 28
487 1934 80 3 17668 15654 15734
305 17767 53 2 17820 0 53
323 17730 56 4 17839 53 109
563 17670 68 4 17847 109 177
776 17906 47 3 17953 0 47
705 17967 42 2 18009 0 42
135 17943 54 4 18049 52 106
984 18064 36 2 18100 0 36
873 18101 47 4 18148 0 47
712 17973 60 4 18192 159 219
103 18082 62 2 18254 110 172
508 18319 54 3 18373 0 54
899 18282 63 4 18399 54 117
597 18106 72 4 18443 265 337
806 18518 49 3 18567 0 49
568 18484 57 3 18590 49 106
284 18548 65 4 18655 42 107
653 18584 65 1 18720 71 136
640 18240 73 4 18752 439 512
888 18090 74 3 18826 662 736
782 18453 74 2 18900 373 447
520 18914 58 2 18972 0 58
127 18959 75 3 19047 13 88
778 19116 61 4 19177 0 61
18 2584 80 2 19193 16529 16609
413 14938 80 2 19193 4175 4255
698 19246 61 3 19307 0 61
674 19239 65 4 19365 61 126
102 19380 65 4 19445 0 65
799 19204 68 3 19463 191 259
756 19390 70 4 19533 73 143
626 19416 77 3 19610 117 194
540 19688 39 2 19727 0 39
358 19668 62 3 19769 39 101
196 19781 41 1 19822 0 41
494 4632 81 4 19822 15109 15190
629 19890 38 3 19928 0 38
178 19869 62 3 19969 38 100
765 19944 68 3 20037 25 93
878 20139 62 4 20201 0 62
25 20125 64 4 20251 62 126
562 20320 69 4 20389 0 69
287 20219 71 2 20391 101 172
614 19841 75 3 20397 481 556
544 19959 75 3 20425 391 466
394 19886 76 4 20501 539 615
896 20577 62 3 20639 0 62
336 20689 54 4 20743 0 54
392 20590 68 4 20761 103 171
13 20218 76 3 20761 467 543
380 20805 47 3 20852 0 47
199 20806 52 3 20904 46 98
325 20762 71 3 20932 99 170
637 20995 70 3 21065 0 70
290 20473 78 4 21079 528 606
58 15582 82 4 21142 5478 5560
957 21171 66 2 21237 0 66
925 21244 60 3 21304 0 60
180 21344 54 3 21398 0 54
83 21387 62 2 21460 11 73
794 21335 64 4 21515 116 180
349 21519 67 3 21586 0 67
538 21778 49 3 21827 0 49
77 21739 51 4 21839 49 100
115 21703 71 1 21874 100 171
150 21644 81 3 21896 171 252
859 21980 40 4 22020 0 40
593 21946 40 3 22026 40 80
91 21923 56 4 22059 80 136
615 11899 82 3 22067 10086 10168
62 15997 82 3 22067 5988 6070
994 18751 82 2 22149 3316 3398
731 22186 45 4 22231 0 45
52 22280 33 2 22313 0 33
256 22205 50 3 22314 59 109
894 22334 60 2 22394 0 60
759 22183 74 2 22445 188 262
402 22453 48 4 22501 0 48
381 22648 66 4 22714 0 66
755 22732 47 2 22779 0 47
936 22722 54 4 22823 47 101
371 22839 20 2 22859 0 20
578 22904 36 4 22940 0 36
605 22912 39 4 22979 28 67
163 22876 45 2 22996 75 120
370 23048 31 1 23079 0 31
729 22870 58 2 23079 151 209
173 23115 64 2 23179 0 64
829 22800 64 1 23180 316 380
251 22861 65 3 23245 319 384
820 23269 64 2 23333 0 64
503 22646 67 3 23366 653 720
272 23416 45 1 23461 0 45
745 23331 68 3 23479 80 148
985 23532 41 4 23573 0 41
623 22835 71 4 23591 685 756
921 23625 64 4 23689 0 64
993 23690 45 2 23735 0 45
318 2878 83 4 23762 20801 20884
686 10937 83 4 23762 12742 12825
210 13295 83 4 23762 10384 10467
903 19542 83 2 23845 4220 4303
924 23738 84 3 23929 107 191
838 24000 32 1 24032 0 32
837 24051 20 4 24071 0 20
207 24114 35 3 24149 0 35
715 24165 48 2 24213 0 48
41 24098 61 3 24242 83 144
892 23988 76 3 24260 196 272
378 24263 71 1 24334 0 71
996 24351 40 1 24391 0 40
228 24402 57 2 24459 0 57
554 24410 60 3 24519 49 109
887 24340 65 2 24562 157 222
669 24337 66 3 24625 222 288
746 24614 66 2 24691 11 77
125 24742 49 3 24791 0 49
232 24745 64 4 24855 46 110
104 24611 69 4 24873 193 262
405 24508 71 3 24944 365 436
321 25069 20 2 25089 0 20
422 25022 61 1 25103 20 81
732 25112 72 3 25184 0 72
326 24977 73 2 25203 153 226
889 24555 76 1 25246 615 691
812 25297 63 3 25360 0 63
580 24580 77 3 25386 729 806
902 25445 57 4 25502 0 57
172 24915 80 3 25523 528 608
579 23666 84 1 25626 1876 1960
771 15387 84 1 25626 10155 10239
250 5964 85 4 25711 19662 19747
522 25734 61 4 25795 0 61
928 25764 70 4 25865 31 101
672 25833 81 1 25946 32 113
12 25948 62 4 26010 0 62
662 26024 33 1 26057 0 33
432 26027 48 3 26105 30 78
426 26117 59 4 26176 0 59
974 993 85 3 26295 25217 25302
451 13358 85 3 26295 12852 12937
539 8749 85 2 26380 17546 17631
363 26414 34 1 26448 0 34
211 9558 85 1 26499 16856 16941
518 26559 82 3 26641 0 82
307 7636 86 4 26667 18945 19031
329 26668 64 3 26732 0 64
941 26825 54 3 26879 0 54
385 26896 49 3 26945 0 49
264 26779 80 3 26962 103 183
177 26469 87 3 27001 445 532
749 22347 87 2 27088 4654 4741
387 27130 48 4 27178 0 48
39 27150 58 4 27236 28 86
365 27288 49 1 27337 0 49
374 27222 65 3 27350 63 128
266 27266 77 2 27427 84 161
763 27452 44 4 27496 0 44
998 3373 88 4 27517 24056 24144
933 27543 58 3 27601 0 58
780 3585 88 3 27663 23990 24078
453 27749 69 4 27818 0 69
56 27905 52 4 27957 0 52
690 27876 63 4 27991 52 115
801 27781 79 4 28012 152 231
217 28081 49 4 28130 0 49
551 28032 50 4 28131 49 99
168 28164 70 4 28234 0 70
466 28187 71 3 28305 47 118
532 27966 82 4 28334 286 368
335 28343 24 2 28367 0 24
917 28416 50 4 28466 0 50
638 28345 67 3 28484 72 139
536 28431 73 3 28557 53 126
166 28335 79 4 28628 214 293
589 6878 88 2 28629 21663 21751
187 28711 50 4 28761 0 50
978 28664 51 4 28765 50 101
587 28706 51 2 28816 59 110
197 28675 75 3 28891 141 216
128 28930 55 3 28985 0 55
845 28950 73 3 29058 35 108
162 29064 45 4 29109 0 45
768 29191 50 3 29241 0 50
995 29265 55 3 29320 0 55
754 29243 58 4 29356 55 113
120 29227 58 3 29412 127 185
923 29222 68 3 29480 190 258
879 29536 68 3 29604 0 68
112 29287 70 4 29688 331 401
509 29439 70 4 29688 179 249
238 29070 83 1 29689 536 619
602 29737 63 3 29800 0 63
550 29762 71 4 29871 38 109
850 29739 76 4 29947 132 208
866 29916 77 2 30024 31 108
194 29828 79 4 30103 196 275
774 29816 87 3 30190 287 374
769 30209 52 2 30261 0 52
980 30269 53 2 30322 0 53
735 30387 56 3 30443 0 56
339 30289 74 2 30452 89 163
611 30469 77 4 30546 0 77
231 30648 47 4 30695 0 47
24 30588 77 3 30712 47 124
757 30717 68 3 30813 28 96
479 30817 59 4 30876 0 59
970 30907 58 4 30965 0 58
524 30983 39 4 31022 0 39
327 30827 66 3 31039 146 212
601 30757 68 3 31075 250 318
627 30227 78 3 31081 776 854
761 31145 62 4 31207 0 62
979 30813 79 4 31222 330 409
744 30420 79 3 31301 802 881
498 29648 87 1 31321 1586 1673
610 31358 71 4 31429 0 71
516 31483 40 4 31523 0 40
74 31395 81 2 31550 74 155
51 29199 88 3 31601 2314 2402
30 4655 89 4 31610 26866 26955
719 31647 67 3 31714 0 67
617 31786 32 1 31818 0 32
736 31825 39 4 31864 0 39
375 31739 60 3 31870 71 131
84 31687 84 2 31929 158 242
347 20090 89 3 31981 11802 11891
437 32027 52 4 32079 0 52
185 32001 52 2 32105 52 104
322 32095 70 4 32175 10 80
111 32182 65 4 32247 0 65
151 32259 46 4 32305 0 46
483 32289 46 3 32351 16 62
152 32356 53 3 32409 0 53
863 32000 72 3 32456 384 456
458 32504 39 4 32543 0 39
826 32568 55 4 32623 0 55
588 32360 81 2 32631 190 271
986 32667 48 3 32715 0 48
567 32652 79 2 32779 48 127
36 32789 34 4 32823 0 34
22 32882 59 4 32941 0 59
88 32872 68 2 32999 59 127
834 32806 72 3 33022 144 216
694 33075 52 4 33127 0 52
286 32870 81 3 33155 204 285
710 13504 91 3 33287 19692 19783
840 17289 91 3 33287 15907 15998
99 33311 69 4 33380 0 69
830 33446 36 1 33482 0 36
143 33449 42 3 33524 33 75
594 33635 45 4 33680 0 45
678 33599 52 4 33696 45 97
465 33544 57 4 33698 97 154
517 33730 58 4 33788 0 58
872 33743 58 3 33846 45 103
506 33656 59 4 33873 158 217
473 33771 60 2 33933 102 162
877 33619 64 4 33997 314 378
665 33588 65 4 34062 409 474
631 33611 68 2 34130 451 519
507 34161 23 4 34184 0 23
954 33877 71 4 34224 276 347
423 34273 42 3 34315 0 42
655 34279 56 4 34371 36 92
389 33460 72 3 34374 842 914
572 34405 61 4 34466 0 61
317 34595 20 4 34615 0 20
664 34578 56 4 34654 20 76
620 34563 56 1 34695 76 132
934 33844 74 4 34713 795 869
315 34356 74 4 34715 285 359
967 33686 91 4 34806 1029 1120
645 19685 93 3 34809 15031 15124
649 10474 93 1 34902 24335 24428
951 35005 70 3 35075 0 70
19 35117 63 4 35180 0 63
49 25738 96 4 35227 9393 9489
534 32275 96 4 35227 2856 2952
675 35276 72 2 35348 0 72
16 35369 48 1 35417 0 48
45 35431 64 3 35495 0 64
233 35367 78 2 35557 112 190
592 3954 97 3 35586 31535 31632
92 35656 80 1 35736 0 80
293 35760 48 2 35808 0 48
46 35737 62 3 35847 48 110
71 36007 39 2 36046 0 39
147 35969 69 4 36077 39 108
254 35947 76 4 36131 108 184
750 2946 97 1 36154 33111 33208
397 15114 97 1 36154 20943 21040
223 36201 60 2 36261 0 60
63 36281 39 4 36320 0 39
340 36350 65 3 36415 0 65
862 36505 55 3 36560 0 55
107 36449 57 3 36561 55 112
876 36326 67 2 36570 177 244
439 36230 70 4 36614 314 384
367 36638 46 4 36684 0 46
847 36615 77 1 36738 46 123
584 8557 98 4 36886 28231 28329
491 14360 98 4 36886 22428 22526
421 26269 99 3 36985 10617 10716
827 9593 100 2 37085 27392 27492
916 37087 56 4 37143 0 56
434 37130 75 4 37218 13 88
9 37303 49 2 37352 0 49
819 37338 59 4 37411 14 73
818 37326 60 3 37471 85 145
852 37482 50 4 37532 0 50
912 37250 66 3 37548 232 298
566 37388 66 3 37600 146 212
886 37548 67 3 37667 52 119
450 37117 84 1 37719 518 602
167 37723 55 2 37778 0 55
890 37841 40 2 37881 0 40
361 37803 43 1 37886 40 83
297 37832 63 3 37949 54 117
898 37991 60 4 38051 0 60
857 37770 74 3 38058 214 288
341 38066 70 4 38136 0 70
599 37839 81 2 38209 289 370
332 38247 47 2 38294 0 47
462 38326 48 2 38374 0 48
809 37595 85 3 38385 705 790
561 31095 100 1 38483 7288 7388
457 38498 55 1 38553 0 55
5 38687 34 3 38721 0 34
89 38624 64 4 38722 34 98
366 38854 44 1 38898 0 44
249 38910 78 1 38988 0 78
904 39061 44 4 39105 0 44
641 39151 46 3 39197 0 46
843 39236 38 3 39274 0 38
931 39262 40 3 39314 12 52
983 39168 64 3 39339 107 171
966 39425 94 4 39519 0 94
549 39530 83 2 39613 0 83
429 39919 52 2 39971 0 52
748 40024 77 4 40101 0 77
355 40292 38 3 40330 0 38
529 40375 51 2 40426 0 51
723 40430 42 4 40472 0 42
299 40444 52 2 40524 28 80
790 40354 56 3 40555 145 201
657 40593 43 2 40636 0 43
958 40599 63 4 40699 37 100
208 40508 73 4 40734 153 226
463 40780 41 2 40821 0 41
742 40741 56 4 40838 41 97
310 40261 75 4 40873 537 612
350 40900 43 2 40943 0 43
464 40585 75 4 40969 309 384
369 41023 53 4 41076 0 53
552 41035 68 4 41144 41 109
496 41161 61 3 41222 0 61
32 41243 40 4 41283 0 40
915 41368 35 2 41403 0 35
64 41344 88 3 41467 35 123
953 41755 60 4 41815 0 60
395 41826 54 4 41880 0 54
176 41913 35 2 41948 0 35
489 42023 46 2 42069 0 46
357 42078 52 3 42130 0 52
805 42054 57 3 42178 67 124
17 41966 68 4 42189 155 223
882 42244 42 4 42286 0 42
20 42226 55 2 42323 42 97
696 42198 81 1 42376 97 178
276 42402 41 3 42443 0 41
48 42691 97 4 42788 0 97
595 42996 32 3 43028 0 32
1000 43092 33 2 43125 0 33
697 43139 46 4 43185 0 46
860 43076 72 2 43227 79 151
751 43311 58 1 43369 0 58
213 43299 69 4 43426 58 127
304 43541 51 4 43592 0 51
646 43500 60 4 43611 51 111
308 43416 81 3 43618 121 202
558 43281 82 4 43682 319 401
410 43641 89 4 43771 41 130
740 43912 47 2 43959 0 47
65 44063 40 4 44103 0 40
839 44121 71 3 44192 0 71
775 44300 57 3 44357 0 57
314 44548 51 4 44599 0 51
753 44470 82 2 44603 51 133
699 44689 58 2 44747 0 58
667 45015 39 3 45054 0 39
425 45034 89 3 45143 20 109
106 45201 43 4 45244 0 43
481 45258 45 4 45303 0 45
943 45338 51 4 45389 0 51
480 45380 52 3 45441 9 61
149 45356 62 3 45503 85 147
449 45322 64 3 45551 165 229
575 45205 70 2 45588 313 383
832 45500 78 4 45666 88 166
658 45247 82 4 45748 419 501
625 45763 58 3 45821 0 58
492 45942 65 2 46007 0 65
407 45857 100 3 46022 65 165
831 46328 67 4 46395 0 67
814 46541 44 4 46585 0 44
411 46669 86 2 46755 0 86
203 46851 39 4 46890 0 39
316 46907 48 4 46955 0 48
113 46964 43 4 47007 0 43
28 46842 64 3 47036 130 194
246 47056 73 3 47129 0 73
600 46930 74 3 47183 179 253
734 47095 83 3 47266 88 171
709 47295 56 4 47351 0 56
711 47304 82 1 47433 47 129
930 46890 94 4 47498 514 608
182 47551 66 3 47617 0 66
136 47772 39 3 47811 0 39
124 47768 46 2 47853 39 85
416 47723 70 4 47878 85 155
97 47929 48 4 47977 0 48
33 48127 56 4 48183 0 56
271 48164 70 3 48253 19 89
533 48057 73 3 48256 126 199
880 48328 69 2 48397 0 69
110 48354 70 3 48467 43 113
650 48564 20 4 48584 0 20
537 48643 30 1 48673 0 30
373 48653 57 4 48730 20 77
604 49064 38 3 49102 0 38
6 49060 48 2 49146 38 86
334 49297 91 3 49388 0 91
90 49394 57 4 49451 0 57
139 49471 59 2 49530 0 59
444 49462 62 3 49583 59 121
61 49561 64 4 49647 22 86
206 49474 68 4 49715 173 241
362 49908 59 4 49967 0 59
901 50018 65 4 50083 0 65
2 49962 72 3 50104 70 142
441 50227 53 2 50280 0 53
565 50354 71 3 50425 0 71
997 50422 88 2 50513 3 91
356 50564 67 4 50631 0 67
222 50720 48 3 50768 0 48
216 50821 56 1 50877 0 56
247 50756 77 3 50901 68 145
331 51058 21 1 51079 0 21
973 51201 46 3 51247 0 46
320 51380 66 4 51446 0 66
291 51458 65 2 51523 0 65
116 51344 71 4 51546 131 202
59 51677 63 1 51740 0 63
184 51651 79 4 51793 63 142
123 51864 74 2 51938 0 74
42 51771 80 4 51947 96 176
244 51961 47 3 52008 0 47
364 52035 68 2 52103 0 68
130 52054 70 3 52173 49 119
242 52397 43 3 52440 0 43
791 52554 39 3 52593 0 39
571 52613 56 4 52669 0 56
971 52710 52 4 52762 0 52
255 52801 31 4 52832 0 31
788 52733 56 2 52849 60 116
226 52553 68 3 52855 234 302
219 53070 60 2 53130 0 60
858 53121 64 3 53194 9 73
146 53203 61 1 53264 0 61
621 53068 78 4 53331 185 263
634 53453 62 3 53515 0 62
140 53516 65 2 53581 0 65
70 53772 61 2 53833 0 61
118 53704 85 2 53850 61 146
947 53914 66 2 53980 0 66
964 54110 80 3 54190 0 80
557 54233 85 4 54318 0 85
100 54420 56 4 54476 0 56
11 54526 42 3 54568 0 42
668 54599 37 3 54636 0 37
134 54983 53 3 55036 0 53
215 54937 62 3 55052 53 115
200 54922 66 1 55103 115 181
148 55322 53 4 55375 0 53
482 55611 64 4 55675 0 64
265 55562 71 3 55697 64 135
346 56258 62 3 56320 0 62
117 56351 66 4 56417 0 66
608 56456 67 4 56523 0 67
521 56651 69 3 56720 0 69
447 56750 58 4 56808 0 58
683 56836 61 4 56897 0 61
654 56832 67 3 56960 61 128
824 56653 100 4 57006 253 353
119 57218 32 3 57250 0 32
44 57200 56 4 57288 32 88
456 57314 72 3 57386 0 72
352 57487 49 3 57536 0 49
245 57607 31 4 57638 0 31
398 57554 59 4 57644 31 90
312 57548 82 2 57720 90 172
436 57771 81 1 57852 0 81
53 57893 75 1 57968 0 75
195 58160 57 2 58217 0 57
87 58487 81 3 58568 0 81
328 58893 48 3 58941 0 48
767 58825 68 3 58941 48 116
69 58988 40 3 59028 0 40
651 59000 68 4 59096 28 96
900 59043 69 2 59165 53 122
848 58809 79 4 59181 293 372
368 59228 63 3 59291 0 63
376 59284 79 3 59370 7 86
864 59392 49 4 59441 0 49
865 59490 35 2 59525 0 35
725 59467 48 3 59550 35 83
278 59505 56 2 59606 45 101
713 59447 70 2 59656 139 209
772 59670 46 4 59716 0 46
132 59658 62 4 59766 46 108
948 59440 78 2 59836 318 396
224 59893 58 4 59951 0 58
913 60410 40 4 60450 0 40
377 60517 54 4 60571 0 54
156 60645 38 1 60683 0 38
108 61024 45 3 61069 0 45
666 61014 67 4 61126 45 112
86 61380 55 3 61435 0 55
75 61327 64 2 61446 55 119
78 61524 58 4 61582 0 58
895 61692 75 3 61767 0 75
122 61747 78 4 61845 20 98
514 61979 54 2 62033 0 54
792 62284 38 4 62322 0 38
927 62425 59 4 62484 0 59
430 62577 49 4 62626 0 49
98 62630 50 4 62680 0 50
884 62574 73 4 62746 99 172
76 62622 77 2 62823 124 201
701 62519 84 3 62852 249 333
739 62927 45 3 62972 0 45
716 63043 46 4 63089 0 46
684 63003 52 4 63101 46 98
446 63095 65 4 63166 6 71
109 63209 53 2 63262 0 53
670 63020 92 3 63311 199 291
129 62869 96 4 63318 353 449
67 63558 62 2 63620 0 62
987 63561 69 1 63689 59 128
702 63788 48 3 63836 0 48
234 63874 69 4 63943 0 69
476 63957 76 3 64033 0 76
1 64340 38 1 64378 0 38
798 64329 52 3 64419 38 90
383 64655 41 3 64696 0 41
372 64893 78 4 64971 0 78
204 65045 49 4 65094 0 49
624 65134 50 2 65184 0 50
420 65358 70 4 65428 0 70
531 65891 21 2 65912 0 21
379 66003 67 3 66070 0 67
268 66483 34 2 66517 0 34
175 66751 34 1 66785 0 34
714 66830 44 1 66874 0 44
404 66994 69 4 67063 0 69
707 67088 61 4 67149 0 61
737 67236 46 2 67282 0 46
800 67367 57 4 67424 0 57
959 68063 38 3 68101 0 38
229 68198 35 2 68233 0 35
854 68177 47 4 68259 35 82
779 68141 63 4 68286 82 145
661 68363 45 1 68408 0 45
861 68498 37 4 68535 0 37
301 68659 59 4 68749 31 90
486 68687 59 4 68777 31 90
34 68784 38 2 68822 0 38
844 68856 57 3 68913 0 57
214 69121 39 4 69160 0 39
527 69117 40 3 69196 39 79
43 69289 45 4 69334 0 45
787 69236 55 4 69336 45 100
606 69157 66 3 69362 139 205
990 69331 69 4 69431 31 100
94 69386 75 2 69506 45 120
706 69088 85 4 69562 389 474
10 69925 68 3 69993 0 68
157 70188 73 2 70261 0 73
945 70901 66 4 70967 0 66
810 71201 62 3 71263 0 62
189 71343 44 3 71387 0 44
582 71392 41 4 71433 0 41
333 71407 46 3 71479 26 72
121 71489 66 4 71555 0 66
262 71386 67 3 71607 154 221
708 71648 37 4 71685 0 37
431 71460 68 3 71712 184 252
27 71878 50 4 71928 0 50
922 72240 54 2 72294 0 54
992 72508 51 2 72559 0 51
718 72575 67 2 72642 0 67
511 72800 83 2 72883 0 83
330 72961 38 3 72999 0 38
26 73040 68 3 73108 0 68
813 73511 56 4 73567 0 56
510 73625 42 4 73667 0 42
137 74356 58 3 74414 0 58
257 74666 48 4 74714 0 48
202 75201 65 2 75266 0 65
648 75376 42 2 75418 0 42
495 75480 50 4 75530 0 50
717 75530 74 3 75604 0 74
938 75758 61 3 75819 0 61
313 75739 78 4 75878 61 139
982 75954 59 3 76013 0 59
183 75902 65 4 76026 59 124
273 76266 73 4 76339 0 73
165 76493 38 3 76531 0 38
564 76593 56 4 76649 0 56
908 76705 63 2 76768 0 63
359 76620 77 3 76789 92 169
68 77174 67 3 77241 0 67
4 77406 71 3 77477 0 71
586 77524 71 2 77595 0 71
282 77596 56 4 77652 0 56
131 78037 26 3 78063 0 26
764 77955 85 3 78066 26 111
542 78107 51 4 78158 0 51
142 78213 38 2 78251 0 38
576 78286 39 3 78325 0 39
656 78324 56 4 78381 1 57
360 78380 73 4 78454 1 74
619 78516 51 4 78567 0 51
241 78664 33 3 78697 0 33
842 79097 57 4 79154 0 57
789 79043 80 4 79180 57 137
875 79277 26 2 79303 0 26
825 79467 63 4 79530 0 63
73 79569 59 3 79628 0 59
911 79851 64 3 79915 0 64
543 80088 34 3 80122 0 34
274 80687 60 4 80747 0 60
573 80723 77 2 80824 24 101
253 80872 93 4 80965 0 93
833 81092 66 1 81158 0 66
269 81618 42 1 81660 0 42
636 82203 60 3 82263 0 60
354 82570 63 4 82633 0 63
846 82752 52 4 82804 0 52
855 83213 56 2 83269 0 56
752 83213 57 3 83326 56 113
279 83358 45 3 83403 0 45
618 83611 79 1 83690 0 79
23 83725 100 4 83825 0 100
881 84104 73 3 84177 0 73
968 84475 77 4 84552 0 77
35 84701 52 1 84753 0 52
220 84768 78 4 84846 0 78
285 85110 42 4 85152 0 42
910 85599 77 3 85676 0 77
628 85799 65 2 85864 0 65
403 85947 46 4 85993 0 46
743 86198 61 4 86259 0 61
728 86332 72 3 86404 0 72
443 86453 55 2 86508 0 55
804 86524 60 1 86584 0 60
730 86801 60 4 86861 0 60
807 87571 52 2 87623 0 52
949 87538 56 2 87646 52 108
277 87537 86 2 87731 108 194
695 87783 62 4 87845 0 62
227 89670 30 4 89700 0 30
868 89728 69 2 89797 0 69
164 89917 96 3 90013 0 96
497 90043 57 2 90100 0 57
581 90219 47 4 90266 0 47
856 90703 72 3 90775 0 72
181 90691 75 2 90838 72 147
93 91189 71 3 91260 0 71
570 93550 94 3 93644 0 94
493 93954 63 4 94017 0 63
762 94159 34 4 94193 0 34
545 94137 61 4 94232 34 95
348 94733 48 4 94781 0 48
874 95076 64 4 95140 0 64
977 98800 51 2 98851 0 51
