96010 1846 4784 4711
8 5 86 3 91 0 86
614 19 40 2 181 122 162
168 7 92 3 273 174 266
713 46 63 4 386 277 340
881 109 89 2 475 277 366
727 140 70 4 595 385 455
243 188 71 3 716 457 528
619 284 98 2 814 432 530
572 292 84 4 948 572 656
729 327 97 3 1145 721 818
6 341 93 4 1188 754 847
343 455 66 4 1254 733 799
386 507 57 3 1311 747 804
546 521 97 4 1408 790 887
104 554 99 4 1457 804 903
878 557 98 1 1555 900 998
665 587 91 4 1596 918 1009
784 649 83 2 1779 1047 1130
147 730 89 4 1968 1149 1238
897 824 52 3 1970 1094 1146
697 1321 27 4 1997 649 676
295 988 97 3 2344 1259 1356
344 1052 78 3 2422 1292 1370
26 1129 96 3 2568 1343 1439
106 1176 90 2 2658 1392 1482
733 1191 66 4 2674 1417 1483
381 1207 93 1 2717 1417 1510
759 1231 84 3 2801 1486 1570
40 1321 67 3 2818 1430 1497
493 1329 68 4 2836 1439 1507
430 2071 50 3 2886 765 815
832 1337 85 3 2971 1549 1634
962 2146 24 2 3045 875 899
78 1398 57 4 3052 1597 1654
577 1433 82 3 3134 1619 1701
226 2207 49 3 3183 927 976
117 1445 82 4 3265 1738 1820
645 1512 89 4 3354 1753 1842
43 1615 90 3 3444 1739 1829
997 1622 99 3 3593 1872 1971
506 2543 50 3 3693 1100 1150
845 1686 90 4 3733 1957 2047
874 1834 76 2 4009 2099 2175
663 2867 42 3 4151 1242 1284
148 2081 70 2 4221 2070 2140
341 2902 33 2 4254 1319 1352
752 2140 93 2 4297 2064 2157
496 2171 64 3 4361 2126 2190
912 2214 60 4 4471 2197 2257
640 2283 97 4 4518 2138 2235
347 3328 42 3 4560 1190 1232
719 2352 94 3 4604 2158 2252
739 2423 75 1 4729 2231 2306
740 2429 95 2 4924 2400 2495
238 2499 53 3 4977 2425 2478
934 3651 50 3 5077 1376 1426
10 2602 81 1 5108 2425 2506
894 3753 41 3 5249 1455 1496
623 3781 47 2 5296 1468 1515
578 2636 76 2 5322 2610 2686
969 2696 86 4 5358 2576 2662
269 2705 57 4 5415 2653 2710
275 2711 62 4 5527 2754 2816
816 3964 37 3 5614 1613 1650
828 2813 69 4 5733 2851 2920
257 2859 85 2 5768 2824 2909
505 2872 67 2 5785 2846 2913
530 2999 92 4 5977 2886 2978
462 3099 81 1 6008 2828 2909
662 4380 32 4 6090 1678 1710
196 3160 88 3 6178 2930 3018
391 3357 79 2 6207 2771 2850
502 4623 40 3 6247 1584 1624
974 3441 98 4 6445 2906 3004
23 3446 80 4 6475 2949 3029
582 3479 51 4 6576 3046 3097
766 3487 97 4 6673 3089 3186
156 3563 99 4 6822 3160 3259
359 3594 56 4 6828 3178 3234
199 3735 53 3 6931 3143 3196
945 5124 44 4 6975 1807 1851
286 3739 71 4 7046 3236 3307
250 3836 96 2 7392 3460 3556
686 3913 91 2 7533 3529 3620
954 3918 83 3 7566 3565 3648
717 3942 69 1 7635 3624 3693
27 5545 22 2 7657 2090 2112
754 3984 69 4 7676 3623 3692
176 4000 99 2 7725 3626 3725
470 4163 55 2 7830 3612 3667
46 4167 52 4 7882 3663 3715
455 4238 92 2 8024 3694 3786
200 4379 92 3 8166 3695 3787
841 4399 95 3 8261 3767 3862
795 6218 39 2 8350 2093 2132
588 4626 57 3 8407 3724 3781
618 4632 97 3 8454 3725 3822
190 4653 76 2 8530 3801 3877
659 4737 97 3 8677 3843 3940
757 4775 77 3 8704 3852 3929
56 4819 82 4 8736 3835 3917
849 4831 74 4 8860 3955 4029
467 4886 96 3 8956 3974 4070
406 5010 68 2 9074 3996 4064
38 5097 91 2 9115 3927 4018
523 5127 62 2 9177 3988 4050
813 5221 74 4 9201 3906 3980
324 5223 69 3 9220 3928 3997
679 7146 39 3 9309 2124 2163
921 5224 89 4 9348 4035 4124
799 5244 84 1 9382 4054 4138
389 5305 95 2 9627 4227 4322
276 5339 64 3 9641 4238 4302
864 5366 81 3 9722 4275 4356
632 7424 49 2 9771 2298 2347
738 5367 82 3 9853 4404 4486
304 5511 64 4 9967 4392 4456
100 5730 85 2 10102 4287 4372
543 7752 28 4 10130 2350 2378
877 5752 61 2 10141 4328 4389
264 5802 72 4 10163 4289 4361
847 7834 37 3 10200 2329 2366
512 5867 88 3 10288 4333 4421
830 7924 32 4 10320 2364 2396
249 5880 71 4 10341 4390 4461
222 8001 35 4 10376 2340 2375
655 5953 81 4 10457 4423 4504
956 5975 54 4 10511 4482 4536
154 6053 79 4 10540 4408 4487
15 6121 81 3 10621 4419 4500
330 6240 56 3 10727 4431 4487
121 6305 95 3 10822 4422 4517
993 6367 51 3 10823 4405 4456
539 8550 44 3 10867 2273 2317
699 6442 100 4 10917 4375 4475
669 6606 91 2 11008 4311 4402
361 6657 60 3 11118 4401 4461
552 6705 93 2 11161 4363 4456
584 6743 86 4 11197 4368 4454
844 6761 100 4 11247 4386 4486
240 6943 60 4 11307 4304 4364
447 9124 29 2 11336 2183 2212
714 9192 46 3 11382 2144 2190
20 7109 86 3 11418 4223 4309
891 9230 36 3 11454 2188 2224
350 9382 47 1 11501 2072 2119
778 7197 88 4 11539 4254 4342
682 7201 79 2 11668 4388 4467
202 7234 71 2 11789 4484 4555
377 7246 84 2 11823 4493 4577
465 7372 91 4 12064 4601 4692
211 7434 99 4 12263 4730 4829
163 7472 96 1 12359 4791 4887
549 7529 83 1 12392 4780 4863
741 9934 48 3 12440 2458 2506
7 7638 95 4 12485 4752 4847
367 7693 81 1 12566 4792 4873
205 7876 82 2 12598 4640 4722
351 8005 90 3 12688 4593 4683
919 8049 90 4 12828 4689 4779
115 10471 33 3 12861 2357 2390
580 8189 75 2 12986 4722 4797
434 8293 83 4 13169 4793 4876
595 8309 87 3 13306 4910 4997
223 10703 32 4 13338 2603 2635
268 8440 75 2 13363 4848 4923
45 8735 86 2 13499 4678 4764
755 8766 69 3 13518 4683 4752
571 8779 64 4 13632 4789 4853
770 9070 94 3 13826 4662 4756
138 9394 84 1 14060 4582 4666
517 9397 72 1 14132 4663 4735
725 9435 79 3 14161 4647 4726
730 9439 93 3 14254 4722 4815
888 9541 85 4 14289 4663 4748
854 9561 96 2 14335 4678 4774
356 9580 71 4 14356 4705 4776
449 11926 36 1 14392 2430 2466
924 9639 75 2 14417 4703 4778
292 9698 90 4 14557 4769 4859
834 9705 90 3 14597 4802 4892
695 9753 99 2 14696 4844 4943
837 9794 95 2 14941 5052 5147
802 12364 48 3 15089 2677 2725
274 10010 66 4 15305 5229 5295
544 10204 68 2 15323 5051 5119
915 10430 87 2 15460 4943 5030
497 10454 94 4 15504 4956 5050
999 10507 89 3 15643 5047 5136
402 12906 40 4 15783 2837 2877
81 10526 68 4 15801 5207 5275
54 10544 64 3 15865 5257 5321
331 10545 68 3 15883 5270 5338
861 13044 37 4 15920 2839 2876
92 10597 79 4 15949 5273 5352
782 13110 43 1 15992 2839 2882
461 10639 95 3 16037 5303 5398
172 13205 39 4 16076 2832 2871
248 10651 76 4 16102 5375 5451
134 13283 40 4 16192 2869 2909
47 10772 100 4 16292 5420 5520
930 10879 88 2 16480 5513 5601
949 11015 82 4 16562 5465 5547
437 11041 71 2 16633 5521 5592
266 11064 96 1 16779 5619 5715
743 11141 65 3 16794 5588 5653
532 11199 57 1 16801 5545 5602
851 13750 30 4 16831 3051 3081
507 11297 73 2 16954 5584 5657
151 13855 45 4 16999 3099 3144
826 11341 86 1 17085 5658 5744
800 11353 51 2 17136 5732 5783
788 11407 66 2 17152 5679 5745
723 11586 61 1 17163 5516 5577
436 11709 91 4 17304 5504 5595
781 11998 92 4 17396 5306 5398
469 12025 70 4 17466 5371 5441
110 12121 76 3 17642 5445 5521
410 12195 54 4 17796 5547 5601
86 14731 26 3 17822 3065 3091
426 12208 63 4 17835 5564 5627
820 12214 87 3 17922 5621 5708
494 12257 91 3 17963 5615 5706
412 12322 95 3 18008 5591 5686
423 12328 94 4 18102 5680 5774
780 12384 67 2 18119 5668 5735
294 15106 45 3 18164 3013 3058
21 12395 79 3 18243 5769 5848
746 12442 67 4 18260 5751 5818
464 15220 49 1 18309 3040 3089
609 12471 58 3 18317 5788 5846
305 12599 89 4 18356 5668 5757
596 12631 54 2 18410 5725 5779
794 12853 85 3 18545 5607 5692
693 12854 94 1 18639 5691 5785
581 12868 89 4 18678 5721 5810
32 12889 95 2 18823 5839 5934
610 12921 64 3 18837 5852 5916
591 16082 46 4 18983 2855 2901
79 13233 84 3 19017 5700 5784
368 13313 98 2 19115 5704 5802
923 13372 83 4 19298 5843 5926
363 13389 81 3 19329 5859 5940
553 13394 64 2 19393 5935 5999
288 16465 37 3 19480 2978 3015
893 13487 52 4 19482 5943 5995
210 13544 99 3 19581 5938 6037
60 13603 82 3 19713 6028 6110
821 13632 76 3 19789 6081 6157
916 13762 88 3 19877 6027 6115
317 13808 64 2 19991 6119 6183
529 16971 26 3 20067 3070 3096
666 13862 100 3 20117 6155 6255
393 13907 93 3 20160 6160 6253
825 14086 69 4 20179 6024 6093
971 14124 100 2 20229 6005 6105
850 14213 92 2 20321 6016 6108
395 14437 57 4 20528 6034 6091
25 17414 49 3 20577 3114 3163
457 14480 69 3 20696 6147 6216
589 14500 99 3 20745 6146 6245
75 14531 85 1 20780 6164 6249
197 14618 84 4 20864 6162 6246
459 14633 99 3 20913 6181 6280
18 14635 95 1 21008 6278 6373
913 14776 65 4 21073 6232 6297
745 14990 73 2 21196 6133 6206
1000 15122 88 3 21284 6074 6162
11 15372 82 1 21516 6062 6144
300 15438 87 2 21603 6078 6165
612 15484 93 4 21696 6119 6212
129 18483 44 4 21790 3263 3307
526 15545 63 3 21853 6245 6308
297 15676 95 2 22148 6377 6472
277 15681 92 2 22290 6517 6609
809 15868 84 3 22374 6422 6506
128 15948 68 4 22392 6376 6444
468 16169 54 2 22446 6223 6277
352 16214 52 3 22598 6332 6384
209 19133 36 3 22634 3465 3501
966 16227 82 3 22716 6407 6489
473 16268 67 3 22733 6398 6465
890 16362 80 3 22913 6471 6551
131 16403 97 4 23010 6510 6607
833 19469 34 4 23094 3591 3625
791 16486 87 3 23131 6558 6645
30 16578 77 2 23208 6553 6630
293 16632 68 2 23276 6576 6644
654 16666 95 4 23421 6660 6755
793 16818 92 2 23463 6553 6645
692 16873 69 3 23532 6590 6659
817 16880 81 2 23713 6752 6833
245 16893 56 3 23719 6770 6826
270 19996 42 4 23761 3723 3765
170 17218 88 1 23949 6643 6731
761 17308 75 4 24024 6641 6716
952 17314 96 3 24070 6660 6756
146 17330 64 4 24084 6690 6754
958 17385 53 1 24137 6699 6752
3 17447 61 4 24298 6790 6851
42 17466 58 4 24306 6782 6840
887 17612 98 4 24354 6644 6742
285 17701 72 4 24476 6703 6775
289 17743 76 3 24502 6683 6759
574 21065 39 4 24591 3487 3526
981 17877 87 2 24628 6664 6751
642 17927 86 3 24664 6651 6737
383 18125 80 4 24744 6539 6619
933 18193 69 3 24863 6601 6670
397 18216 72 4 24935 6647 6719
935 21358 48 4 25033 3627 3675
764 18294 61 3 25044 6689 6750
254 18350 76 4 25120 6694 6770
840 18382 89 1 25259 6788 6877
670 18420 55 4 25314 6839 6894
807 18475 97 3 25361 6789 6886
798 18495 58 2 25419 6866 6924
355 18546 88 4 25457 6823 6911
19 18557 66 2 25523 6900 6966
388 18600 74 2 25547 6873 6947
267 18647 89 4 25586 6850 6939
418 18671 66 4 25602 6865 6931
911 18679 92 1 25644 6873 6965
721 22162 43 2 25737 3532 3575
600 18698 85 1 25772 6989 7074
175 22239 47 4 25819 3533 3580
357 18797 71 1 25940 7072 7143
991 22313 44 4 25984 3627 3671
790 18918 87 1 26071 7066 7153
519 19057 91 3 26112 6964 7055
885 19078 80 4 26242 7084 7164
328 19096 80 2 26322 7146 7226
456 19135 68 2 26390 7187 7255
932 19231 85 3 26475 7159 7244
963 19237 82 2 26507 7188 7270
372 19312 70 3 26527 7145 7215
644 19355 92 4 26569 7122 7214
109 19424 60 4 26579 7095 7155
559 19550 79 2 26658 7029 7108
80 19605 89 1 26697 7003 7092
629 19653 81 3 26728 6994 7075
554 19698 98 3 26776 6980 7078
804 23377 35 4 26811 3399 3434
515 19796 70 4 26831 6965 7035
237 19887 73 2 26954 6994 7067
957 19900 83 1 26987 7004 7087
905 19919 95 1 27082 7068 7163
722 23743 37 4 27219 3439 3476
385 20015 78 1 27247 7154 7232
528 20019 71 3 27268 7178 7249
626 20056 71 2 27389 7262 7333
806 20315 56 4 27395 7024 7080
409 24024 45 2 27440 3371 3416
570 20462 91 4 27481 6928 7019
105 20486 97 3 27628 7045 7142
908 20518 66 4 27694 7110 7176
4 24192 49 3 27743 3502 3551
884 20551 86 1 27829 7192 7278
256 20842 80 4 27909 6987 7067
379 20867 94 3 28003 7042 7136
334 21045 66 4 28269 7158 7224
889 24641 42 4 28361 3678 3720
299 21176 69 4 28430 7185 7254
140 24741 39 2 28569 3789 3828
822 21223 69 4 28638 7346 7415
107 21252 81 3 28669 7336 7417
875 21319 62 3 28681 7300 7362
690 21354 56 4 28687 7277 7333
736 21419 77 2 28914 7418 7495
892 21448 66 3 28930 7416 7482
653 21470 52 4 28982 7460 7512
66 21564 51 2 28983 7368 7419
635 25312 34 2 29017 3671 3705
797 21711 62 4 29079 7306 7368
896 21898 82 3 29211 7231 7313
207 22161 79 4 29490 7250 7329
296 22259 79 4 29669 7331 7410
34 25833 49 3 29718 3836 3885
316 22278 98 3 29766 7390 7488
811 22364 75 2 29791 7352 7427
236 22457 98 3 29939 7384 7482
597 22482 82 1 29971 7407 7489
558 22543 97 2 30018 7378 7475
136 22592 67 2 30035 7376 7443
122 22667 94 3 30179 7418 7512
44 23076 82 4 30361 7203 7285
534 23479 83 2 30494 6932 7015
836 23506 83 3 30577 6988 7071
996 23605 55 3 30732 7072 7127
419 27002 39 4 30821 3780 3819
660 23672 97 4 30918 7149 7246
384 23742 54 4 30972 7176 7230
471 27185 29 2 31001 3787 3816
598 23846 92 2 31093 7155 7247
586 23853 86 4 31179 7240 7326
590 24114 99 4 31378 7165 7264
565 24135 79 4 31457 7243 7322
142 24138 52 3 31459 7269 7321
242 24202 77 3 31536 7257 7334
132 27813 31 3 31767 3923 3954
978 24238 97 4 31814 7479 7576
480 24404 72 4 31886 7410 7482
262 24432 53 1 31889 7404 7457
187 28046 37 3 31926 3843 3880
215 24437 98 4 32024 7489 7587
408 24450 71 3 32095 7574 7645
808 24452 69 4 32164 7643 7712
886 24489 87 3 32201 7625 7712
326 24546 81 3 32282 7655 7736
848 24644 97 2 32529 7788 7885
290 24686 58 3 32587 7843 7901
180 24723 92 4 32629 7814 7906
320 28493 45 2 32674 4136 4181
239 24744 88 2 32812 7980 8068
734 28591 48 4 32860 4221 4269
342 24961 55 2 32865 7849 7904
489 28713 48 1 32963 4202 4250
338 24978 91 4 33054 7985 8076
984 24980 80 2 33084 8024 8104
55 25032 78 3 33112 8002 8080
509 25167 81 4 33193 7945 8026
67 28948 22 3 33215 4245 4267
879 25318 98 4 33313 7897 7995
487 29075 50 4 33463 4338 4388
964 25386 98 4 33511 8027 8125
696 25395 68 3 33579 8116 8184
989 25470 64 3 33643 8109 8173
348 29235 38 3 33781 4508 4546
375 25529 78 3 33809 8202 8280
995 25541 58 2 33867 8268 8326
880 25605 85 3 33902 8212 8297
970 25636 72 1 33974 8266 8338
873 25705 98 4 34022 8219 8317
77 29521 40 3 34062 4501 4541
982 25798 76 2 34088 8214 8290
917 25813 100 3 34138 8225 8325
64 29635 39 3 34177 4503 4542
922 26060 90 3 34367 8217 8307
705 26069 72 3 34389 8248 8320
150 26356 95 1 34584 8133 8228
203 26379 80 4 34664 8205 8285
476 26457 69 3 34683 8157 8226
961 26480 64 2 34797 8253 8317
910 26558 86 4 34883 8239 8325
422 26733 70 4 34953 8150 8220
319 26804 63 4 34966 8099 8162
498 26879 97 4 35013 8037 8134
977 26892 69 4 35082 8121 8190
649 26929 99 3 35181 8153 8252
548 26980 83 3 35264 8201 8284
312 26991 96 3 35360 8273 8369
371 27070 86 4 35446 8290 8376
29 30881 39 4 35585 4665 4704
120 27109 95 4 35630 8426 8521
69 27232 68 4 35748 8448 8516
985 27284 91 3 35939 8564 8655
178 27392 70 3 36109 8647 8717
907 27431 73 4 36182 8678 8751
737 27453 81 4 36213 8679 8760
707 27492 62 3 36275 8721 8783
448 27700 55 4 36330 8575 8630
282 27750 79 1 36359 8530 8609
639 27798 69 3 36478 8611 8680
143 27800 97 4 36525 8628 8725
675 31641 44 4 36569 4884 4928
9 31641 39 2 36608 4928 4967
925 27802 96 3 36654 8756 8852
460 27890 95 2 36699 8714 8809
475 28047 78 2 36827 8702 8780
689 28074 93 3 36970 8803 8896
988 28119 54 4 36974 8801 8855
364 28214 80 4 37054 8760 8840
82 28289 66 2 37070 8715 8781
680 28300 84 3 37104 8720 8804
765 32355 34 3 37138 4749 4783
403 28304 61 4 37149 8784 8845
445 28351 91 1 37190 8748 8839
189 28364 51 3 37191 8776 8827
454 28497 69 4 37260 8694 8763
298 32712 42 4 37302 4548 4590
768 28542 88 3 37340 8710 8798
975 28689 57 3 37447 8701 8758
161 28719 86 3 37533 8728 8814
895 28868 73 4 37606 8665 8738
49 33185 43 1 37749 4521 4564
803 28959 75 4 37774 8740 8815
427 33257 29 1 37853 4567 4596
641 29057 70 1 37973 8846 8916
831 29071 70 4 37993 8852 8922
524 33364 44 3 38037 4629 4673
369 29086 84 4 38121 8951 9035
867 29169 61 4 38132 8902 8963
89 33612 41 2 38173 4520 4561
279 29213 90 2 38263 8960 9050
684 29231 85 4 38298 8982 9067
664 29262 83 4 38431 9086 9169
374 29410 78 4 38509 9021 9099
602 29721 97 4 38706 8888 8985
124 29723 95 4 38751 8933 9028
938 29734 93 4 38794 8967 9060
311 29900 56 3 38850 8894 8950
920 34423 29 4 38879 4427 4456
278 34427 40 4 38919 4452 4492
380 29947 84 4 38953 8922 9006
871 30005 99 4 39002 8898 8997
401 30041 74 3 39026 8911 8985
902 30198 75 4 39151 8878 8953
13 30205 64 3 39215 8946 9010
399 30264 80 2 39295 8951 9031
521 30288 99 4 39394 9007 9106
674 30497 52 2 39446 8897 8949
271 30606 59 3 39505 8840 8899
622 30659 87 4 39642 8896 8983
648 30710 70 4 39762 8982 9052
453 30778 90 4 39852 8984 9074
486 30846 88 3 39940 9006 9094
872 30852 96 3 40036 9088 9184
17 30974 100 4 40136 9062 9162
442 30998 90 4 40276 9188 9278
968 31048 95 3 40421 9278 9373
177 31048 68 4 40489 9373 9441
302 31090 86 3 40525 9349 9435
560 35869 33 2 40558 4656 4689
903 31097 95 4 40603 9411 9506
965 31117 89 4 40642 9436 9525
862 31159 69 2 40661 9433 9502
805 36090 48 2 40759 4621 4669
540 31209 71 3 40880 9600 9671
535 31369 85 4 40915 9461 9546
281 36230 33 2 40948 4685 4718
706 31438 70 3 41068 9560 9630
306 31564 98 2 41166 9504 9602
838 31575 76 3 41192 9541 9617
152 31825 99 4 41391 9467 9566
438 31924 62 2 41403 9417 9479
724 31937 66 4 41419 9416 9482
630 31975 88 2 41507 9444 9532
339 32099 83 4 41590 9408 9491
192 32625 60 3 41600 8915 8975
579 32795 85 4 41735 8855 8940
272 32857 75 2 41760 8828 8903
747 37446 50 3 41810 4314 4364
678 32884 87 3 41847 8876 8963
12 33106 81 4 41878 8691 8772
474 33144 94 2 41922 8684 8778
801 33156 55 3 41927 8716 8771
810 33228 90 2 41967 8649 8739
501 33268 95 3 42012 8649 8744
336 33287 74 4 42036 8675 8749
68 33481 68 1 42104 8555 8623
973 33612 67 4 42221 8542 8609
98 33752 95 1 42366 8519 8614
615 33761 90 3 42406 8555 8645
980 38421 50 4 42556 4085 4135
751 33865 60 4 42566 8641 8701
479 34003 83 3 42749 8663 8746
113 34025 96 2 42795 8674 8770
779 34102 60 3 42855 8693 8753
35 38632 36 3 42891 4223 4259
857 38735 39 1 42930 4156 4195
191 34334 51 4 42931 8546 8597
990 34630 81 2 43262 8551 8632
656 34677 80 4 43342 8585 8665
291 39115 43 4 43435 4277 4320
536 34694 89 4 43474 8691 8780
940 34787 81 1 43555 8687 8768
87 34849 75 2 43580 8656 8731
634 35002 90 3 43620 8528 8618
224 39435 35 4 43655 4185 4220
358 35018 70 2 43675 8587 8657
671 35099 91 4 43716 8526 8617
241 35173 91 2 43757 8493 8584
987 35217 93 4 43800 8490 8583
444 35257 96 3 43846 8493 8589
900 39720 49 4 43895 4126 4175
711 35359 95 2 43940 8486 8581
898 35377 84 3 44074 8613 8697
633 35488 88 3 44112 8536 8624
928 35587 86 3 44148 8475 8561
141 35651 98 3 44246 8497 8595
673 35666 63 4 44309 8580 8643
212 35709 97 4 44356 8550 8647
24 35743 80 4 44386 8563 8643
484 40343 36 4 44422 4043 4079
194 35783 86 3 44458 8589 8675
776 36056 73 3 44681 8552 8625
783 36097 59 4 44890 8734 8793
621 36099 93 3 44983 8791 8884
936 36242 76 4 45009 8691 8767
195 40996 41 2 45050 4013 4054
774 36265 60 4 45060 8735 8795
218 36337 66 2 45126 8723 8789
514 41182 48 4 45324 4094 4142
691 36482 73 3 45347 8792 8865
93 36499 51 4 45348 8798 8849
852 41245 37 4 45385 4103 4140
948 41247 37 4 45422 4138 4175
1 36696 85 2 45507 8726 8811
390 41388 47 4 45604 4169 4216
566 36841 76 4 45630 8713 8789
373 36894 93 2 45773 8786 8879
677 37213 71 4 45844 8560 8631
668 37304 81 4 45925 8540 8621
883 38011 65 1 46140 8064 8129
335 38136 66 2 46206 8004 8070
953 38137 82 3 46288 8069 8151
763 38235 94 3 46332 8003 8097
927 38239 75 4 46357 8043 8118
688 38400 91 2 46498 8007 8098
127 38416 81 4 46579 8082 8163
843 38447 67 3 46596 8082 8149
309 38456 67 4 46613 8090 8157
221 38470 67 2 46630 8093 8160
213 38572 94 3 46824 8158 8252
428 42847 48 2 46922 4027 4075
562 38800 64 2 46986 8122 8186
114 38873 68 3 47004 8063 8131
313 38896 69 3 47023 8058 8127
994 38918 99 3 47072 8055 8154
88 38929 92 3 47114 8093 8185
983 38946 77 4 47141 8118 8195
726 39063 100 2 47241 8078 8178
557 39114 81 1 47322 8127 8208
573 39171 91 2 47513 8251 8342
315 39782 94 3 47607 7731 7825
216 39785 77 2 47634 7772 7849
112 40106 99 2 47883 7678 7777
108 40144 97 3 47980 7739 7836
229 44262 48 4 48028 3718 3766
819 40441 92 4 48120 7587 7679
325 40498 55 4 48225 7672 7727
767 40507 98 2 48323 7718 7816
353 40620 98 3 48371 7653 7751
918 40685 66 3 48387 7636 7702
95 40690 98 4 48535 7747 7845
301 40735 68 1 48553 7750 7818
700 40759 68 4 48621 7794 7862
856 40784 60 3 48681 7837 7897
39 41048 98 4 48879 7733 7831
792 41128 89 4 48918 7701 7790
703 41141 77 4 48995 7777 7854
126 41178 68 4 49063 7817 7885
777 41270 77 3 49240 7893 7970
96 41309 87 4 49327 7931 8018
926 41438 67 3 49444 7939 8006
322 41467 66 4 49510 7977 8043
57 45747 50 4 49560 3763 3813
159 41528 80 4 49590 7982 8062
762 41641 93 3 49633 7899 7992
396 41778 89 3 49722 7855 7944
451 41866 88 3 49760 7806 7894
508 41866 59 4 49769 7844 7903
52 41969 94 2 49813 7750 7844
193 42057 94 4 49857 7706 7800
756 42106 60 3 49917 7751 7811
545 42281 96 4 50163 7786 7882
22 42394 75 4 50188 7719 7794
643 42415 85 4 50223 7723 7808
955 42669 90 4 50313 7554 7644
167 42715 73 4 50436 7648 7721
28 42726 93 2 50479 7660 7753
710 42816 83 2 50562 7663 7746
593 42877 88 3 50600 7635 7723
481 43183 98 3 50798 7517 7615
184 43342 71 4 50969 7556 7627
522 43346 76 3 50995 7573 7649
718 43394 74 3 51069 7601 7675
796 47414 42 4 51111 3655 3697
753 43424 72 1 51133 7637 7709
750 43559 89 4 51222 7574 7663
102 44003 96 4 51368 7269 7365
731 44054 86 3 51404 7264 7350
547 44057 66 3 51420 7297 7363
94 44127 83 4 51453 7243 7326
446 44234 96 4 51549 7219 7315
173 47994 49 4 51648 3605 3654
233 44280 69 4 51667 7318 7387
882 44484 88 1 51855 7283 7371
533 44492 74 4 51879 7313 7387
160 44536 95 3 51924 7293 7388
63 48345 26 2 51950 3579 3605
116 44684 89 3 52039 7266 7355
370 44697 88 4 52227 7442 7530
188 44823 57 4 52234 7354 7411
967 44835 76 3 52260 7349 7425
181 44898 78 4 52338 7362 7440
443 44941 76 1 52414 7397 7473
601 44993 67 4 52531 7471 7538
450 45169 59 3 52540 7312 7371
244 45218 73 4 52563 7272 7345
606 45334 70 4 52583 7179 7249
769 45385 60 4 52593 7148 7208
16 45397 71 3 52614 7146 7217
219 45480 92 4 52656 7084 7176
429 45565 79 4 52685 7041 7120
83 45571 87 4 52722 7064 7151
346 45670 85 1 52757 7002 7087
568 45885 88 3 52845 6872 6960
303 49734 49 3 52894 3111 3160
603 46187 84 3 52928 6657 6741
477 46284 78 3 53056 6694 6772
155 46302 99 4 53105 6704 6803
118 46341 83 3 53138 6714 6797
85 46349 78 3 53166 6739 6817
815 50207 36 1 53252 3009 3045
685 46564 51 3 53253 6638 6689
415 46631 64 4 53267 6572 6636
230 46680 54 4 53271 6537 6591
65 46800 84 2 53355 6471 6555
287 46930 93 2 53448 6425 6518
405 50643 49 4 53497 2805 2854
758 47036 96 1 53543 6411 6507
310 47139 88 4 53581 6354 6442
472 47205 73 4 53654 6376 6449
411 47205 79 4 53683 6399 6478
214 47209 100 4 53733 6424 6524
651 47341 61 2 53794 6392 6453
235 47477 82 3 53876 6317 6399
217 51147 41 4 53917 2729 2770
72 47622 74 4 53991 6295 6369
382 47633 70 1 54011 6308 6378
541 47813 83 1 54094 6198 6281
125 47984 88 4 54132 6060 6148
201 48030 81 3 54163 6052 6133
458 48056 91 1 54254 6107 6198
979 48115 96 4 54350 6139 6235
439 51842 40 3 54390 2508 2548
417 48363 51 2 54391 5977 6028
687 48400 82 3 54473 5991 6073
899 48411 55 2 54478 6012 6067
931 48426 77 4 54505 6002 6079
853 48674 91 2 54596 5831 5922
525 48717 88 3 54734 5929 6017
164 48737 92 3 54776 5947 6039
824 48774 88 3 54814 5952 6040
157 49470 94 2 55208 5644 5738
842 49868 56 3 55214 5290 5346
818 49876 100 3 55264 5288 5388
2 50108 92 4 55456 5256 5348
145 50445 55 2 55461 4961 5016
227 50569 98 2 55609 4942 5040
698 50749 57 2 55816 5010 5067
620 50902 87 2 55903 4914 5001
360 53762 43 4 55946 2141 2184
510 51121 87 2 56033 4825 4912
914 51156 59 4 56092 4877 4936
252 51424 93 4 56135 4618 4711
511 51699 91 3 56226 4436 4527
491 51732 78 4 56254 4444 4522
166 51985 89 4 56293 4219 4308
327 52149 96 4 56439 4194 4290
551 52269 75 3 56514 4170 4245
585 52319 61 3 56575 4195 4256
76 52479 51 4 56726 4196 4247
253 52522 98 3 56774 4154 4252
575 52528 57 4 56831 4246 4303
998 52589 96 4 56927 4242 4338
901 52644 89 2 57016 4283 4372
74 52678 99 4 57115 4338 4437
772 52750 72 3 57137 4315 4387
504 53007 63 3 57200 4130 4193
208 53085 75 4 57225 4065 4140
5 53099 69 4 57244 4076 4145
90 55378 45 4 57289 1866 1911
362 53317 77 2 57316 3922 3999
179 53331 64 3 57330 3935 3999
531 55561 43 3 57473 1869 1912
204 53374 98 2 57571 4099 4197
354 53385 92 4 57663 4186 4278
36 53491 90 3 57703 4122 4212
947 53561 71 4 57724 4092 4163
542 53591 91 3 58015 4333 4424
702 55823 27 1 58042 2192 2219
839 53773 97 3 58139 4269 4366
261 53876 73 2 58262 4313 4386
939 56060 44 2 58306 2202 2246
787 54137 84 2 58340 4119 4203
228 54397 76 4 58516 4043 4119
937 54478 60 3 58526 3988 4048
284 56362 44 4 58620 2214 2258
231 56368 49 4 58669 2252 2301
594 56407 37 3 58706 2262 2299
260 54543 95 3 58751 4113 4208
760 54629 89 1 58790 4072 4161
650 56535 41 1 58831 2255 2296
863 54656 57 4 58888 4175 4232
50 54685 57 4 58895 4153 4210
823 54753 94 3 58939 4092 4186
378 54905 75 1 59014 4034 4109
735 54926 91 3 59105 4088 4179
283 54967 83 4 59188 4138 4221
149 55030 64 1 59202 4108 4172
859 55191 99 4 59251 3961 4060
133 57319 42 3 59293 1932 1974
520 55521 91 1 59334 3722 3813
70 55553 79 4 59413 3781 3860
516 55607 76 4 59489 3806 3882
865 55629 90 4 59529 3810 3900
365 55763 53 2 59582 3766 3819
944 55767 57 3 59589 3765 3822
349 55770 69 4 59608 3769 3838
789 55785 86 3 59644 3773 3859
564 55808 79 3 59673 3786 3865
681 55881 84 4 59707 3742 3826
868 58094 47 4 59804 1663 1710
658 55975 59 4 59813 3779 3838
58 55993 80 4 59843 3770 3850
321 56161 84 4 59927 3682 3766
694 56179 91 2 59968 3698 3789
561 56249 60 4 59978 3669 3729
943 56356 89 3 60067 3622 3711
646 56575 52 4 60269 3642 3694
337 56718 92 1 60361 3551 3643
435 56790 74 4 60385 3521 3595
992 59095 44 3 60479 1340 1384
137 56868 91 4 60570 3611 3702
413 57371 53 4 60573 3149 3202
607 57387 52 3 60575 3136 3188
198 57675 77 4 60752 3000 3077
130 58079 94 4 60846 2673 2767
812 59827 37 4 60883 1019 1056
387 58266 76 2 60909 2567 2643
518 58471 53 4 60912 2388 2441
425 58532 91 4 60953 2330 2421
48 58546 78 2 60981 2357 2435
165 58588 53 3 60984 2343 2396
683 58637 59 3 61043 2347 2406
866 60242 26 2 61069 801 827
550 58837 85 1 61104 2182 2267
527 59033 92 4 61196 2071 2163
827 59101 77 4 61223 2045 2122
103 59444 85 3 61258 1729 1814
599 59460 92 3 61300 1748 1840
345 59518 71 3 61321 1732 1803
858 59540 60 4 61331 1731 1791
720 60176 100 3 61431 1155 1255
904 60362 71 4 61452 1019 1090
333 60844 99 4 61601 658 757
483 61123 95 4 61696 478 573
91 61486 34 3 61780 260 294
906 61177 95 4 61825 553 648
748 61340 79 3 61854 435 514
652 61478 96 4 61900 326 422
625 61789 91 3 62091 211 302
876 61818 73 4 62114 223 296
608 61840 77 4 62141 224 301
41 62003 44 2 62185 138 182
972 62240 75 3 62315 0 75
478 62255 85 3 62500 160 245
400 62289 63 1 62513 161 224
986 62314 98 3 62561 149 247
708 62457 70 3 62681 154 224
829 62494 65 3 62696 137 202
492 62777 78 3 62855 0 78
482 62780 57 4 62962 125 182
123 62875 41 4 63003 87 128
499 62789 95 4 63048 164 259
62 63162 49 3 63211 0 49
701 63300 99 3 63399 0 99
394 63348 59 3 63458 51 110
53 63741 87 4 63828 0 87
712 63865 74 4 63939 0 74
556 64197 75 1 64272 0 75
909 64299 98 4 64397 0 98
538 64479 100 3 64579 0 100
424 64657 78 1 64735 0 78
392 64921 91 4 65012 0 91
265 65072 59 3 65131 0 59
314 65088 46 4 65177 43 89
258 65168 90 3 65267 9 99
631 65559 66 1 65625 0 66
636 65716 77 3 65793 0 77
749 65843 92 2 65935 0 92
490 65994 77 3 66071 0 77
466 66024 80 2 66201 97 177
709 66049 93 4 66244 102 195
715 66328 99 3 66427 0 99
744 66402 83 3 66510 25 108
624 66447 58 3 66618 113 171
785 66505 96 1 66664 63 159
716 66648 90 4 66754 16 106
704 66871 79 4 66950 0 79
576 67162 59 1 67221 0 59
323 67225 60 2 67285 0 60
421 67360 56 3 67416 0 56
247 67775 85 1 67860 0 85
416 67934 30 2 67964 0 30
432 68014 53 2 68067 0 53
99 68179 79 2 68258 0 79
951 68434 97 3 68531 0 97
786 68552 56 3 68608 0 56
946 68876 92 4 68968 0 92
84 68925 48 4 69066 93 141
119 68915 91 2 69107 101 192
139 69036 81 4 69188 71 152
97 69755 94 3 69849 0 94
463 69820 50 2 69899 29 79
587 69825 81 2 70080 174 255
567 69851 87 3 70117 179 266
869 69871 95 4 70162 196 291
182 70054 98 4 70360 208 306
976 70105 83 4 70443 255 338
185 70107 66 3 70459 286 352
332 70172 85 4 70594 337 422
318 70328 89 3 70633 216 305
376 70338 80 3 70663 245 325
280 70762 53 3 70815 0 53
452 70956 71 4 71027 0 71
563 71062 78 2 71140 0 78
513 71114 36 4 71226 76 112
742 71074 74 2 71300 152 226
732 71118 89 3 71389 182 271
661 71180 98 3 71487 209 307
307 71230 83 2 71620 307 390
495 71350 87 3 71657 220 307
398 71367 65 4 71722 290 355
158 71537 95 4 71817 185 280
676 71599 59 2 71826 168 227
37 72103 26 2 72129 0 26
440 72390 97 4 72487 0 97
153 72483 70 4 72557 4 74
929 72740 64 2 72804 0 64
232 72882 92 2 72974 0 92
773 73200 69 3 73269 0 69
329 73257 86 1 73405 62 148
251 73266 85 3 73440 89 174
942 74326 98 3 74424 0 98
959 74711 47 4 74758 0 47
71 75160 70 2 75230 0 70
771 75396 95 1 75491 0 95
814 75731 59 1 75790 0 59
407 75828 29 4 75857 0 29
611 75842 48 1 75905 15 63
627 76132 70 4 76202 0 70
657 76142 79 4 76281 60 139
637 76404 84 3 76488 0 84
628 76718 71 4 76789 0 71
647 76989 59 4 77048 0 59
59 77040 75 3 77123 8 83
500 77053 91 4 77214 70 161
537 77304 93 2 77397 0 93
433 77422 76 4 77498 0 76
503 77475 50 1 77548 23 73
135 78220 64 4 78284 0 64
31 78538 78 2 78616 0 78
485 78588 96 2 78712 28 124
186 78872 99 4 78971 0 99
431 78912 76 2 79047 59 135
488 79083 31 4 79114 0 31
225 79415 62 3 79477 0 62
101 79579 80 2 79659 0 80
617 79755 45 3 79800 0 45
835 80269 87 4 80356 0 87
61 80271 31 1 80387 85 116
51 80289 96 4 80483 98 194
592 80457 43 2 80526 26 69
441 80647 84 2 80731 0 84
420 80731 33 1 80764 0 33
220 80858 48 3 80906 0 48
183 80941 69 2 81010 0 69
171 81136 97 3 81233 0 97
613 81649 93 3 81742 0 93
870 81730 50 3 81792 12 62
555 81807 99 4 81906 0 99
728 81837 92 2 81998 69 161
308 82044 83 3 82127 0 83
206 82053 43 4 82170 74 117
672 82298 68 4 82366 0 68
604 82344 58 4 82424 22 80
259 82557 51 4 82608 0 51
263 82595 98 2 82706 13 111
33 82808 51 4 82859 0 51
404 83379 84 2 83463 0 84
860 83384 92 3 83555 79 171
414 83919 82 4 84001 0 82
855 84199 88 2 84287 0 88
846 84230 48 4 84335 57 105
174 84233 97 3 84482 152 249
950 84280 80 4 84512 152 232
941 84632 59 2 84691 0 59
111 84801 62 3 84863 0 62
340 85108 95 4 85203 0 95
960 85336 65 4 85401 0 65
255 85961 75 2 86036 0 75
638 86281 49 3 86330 0 49
616 86409 46 2 86455 0 46
14 86958 77 4 87035 0 77
775 87210 74 2 87284 0 74
246 87653 89 3 87742 0 89
144 89204 69 2 89273 0 69
273 89916 66 4 89982 0 66
569 90298 94 3 90392 0 94
366 91094 81 1 91175 0 81
73 91576 95 3 91671 0 95
234 92454 73 4 92527 0 73
667 92510 81 4 92608 17 98
583 92607 97 2 92705 1 98
605 94522 86 2 94608 0 86
162 94572 74 4 94682 36 110
169 95954 56 4 96010 0 56
