98515 1000 2884 2811
137 102 53 4 155 0 53
197 74 53 3 180 53 106
826 120 70 1 250 60 130
669 276 36 4 312 0 36
17 63 72 4 347 212 284
699 371 34 4 405 0 34
208 386 41 3 446 19 60
628 393 53 3 499 53 106
288 541 54 3 595 0 54
398 469 57 2 610 84 141
747 44 74 3 641 523 597
733 236 77 4 718 405 482
141 389 82 4 800 329 411
290 837 84 3 921 0 84
917 944 85 1 1029 0 85
396 1096 48 3 1144 0 48
433 1146 23 4 1169 0 23
531 1037 64 3 1172 71 135
914 1084 74 3 1246 88 162
662 1257 74 4 1331 0 74
549 1162 81 4 1401 158 239
485 1263 83 1 1484 138 221
179 1178 84 2 1568 306 390
630 1573 53 3 1626 0 53
641 1575 60 4 1686 51 111
979 1611 69 4 1755 75 144
928 1773 41 3 1814 0 41
36 1772 55 4 1868 41 96
79 1690 84 4 1935 161 245
85 1979 59 3 2038 0 59
362 1453 85 3 2074 536 621
55 967 86 4 2152 1099 1185
140 2247 60 3 2307 0 60
751 2212 80 2 2352 60 140
553 2364 77 3 2441 0 77
236 2443 45 4 2488 0 45
278 2463 81 3 2569 25 106
655 2613 76 3 2689 0 76
24 2373 82 4 2725 270 352
3 1785 88 4 2741 868 956
51 2742 80 2 2822 0 80
471 2876 53 1 2929 0 53
676 2946 41 3 2987 0 41
184 2955 57 4 3044 32 89
626 3051 35 3 3086 0 35
192 2038 88 2 3095 969 1057
953 449 90 4 3125 2586 2676
677 3235 54 4 3289 0 54
170 3218 78 3 3350 54 132
105 3382 46 1 3428 0 46
95 3352 80 4 3478 46 126
162 3147 83 2 3488 258 341
332 3228 86 4 3574 260 346
209 3448 86 2 3660 126 212
480 3675 74 4 3749 0 74
337 3822 53 2 3875 0 53
399 3695 84 1 3886 107 191
111 3946 43 4 3989 0 43
289 3948 49 4 4038 41 90
472 4000 65 3 4103 38 103
855 3501 88 2 4116 527 615
809 4183 39 3 4222 0 39
46 3856 89 3 4244 299 388
245 4249 65 1 4314 0 65
685 4397 78 4 4475 0 78
786 4509 47 4 4556 0 47
578 4539 84 2 4640 17 101
438 4698 72 4 4770 0 72
158 4802 47 4 4849 0 47
15 4698 82 4 4899 119 201
875 4962 37 2 4999 0 37
632 4697 83 4 5018 238 321
434 4504 89 4 5045 452 541
343 5126 52 4 5178 0 52
504 5077 53 1 5182 52 105
827 2084 91 4 5202 3027 3118
134 5249 47 1 5296 0 47
270 5323 66 2 5389 0 66
169 5209 68 2 5390 113 181
552 5302 69 3 5459 88 157
47 5328 70 4 5529 131 201
516 5537 49 4 5586 0 49
40 5215 83 1 5661 363 446
415 5262 87 4 5748 399 486
103 5821 73 2 5894 0 73
535 5264 87 3 5908 557 644
910 5222 88 4 5996 686 774
189 6102 61 2 6163 0 61
26 6102 77 1 6240 61 138
345 6247 61 4 6308 0 61
355 6366 57 2 6423 0 57
648 6436 33 4 6469 0 33
927 6191 79 3 6470 200 279
78 6471 78 4 6549 0 78
188 6583 32 4 6615 0 32
675 6395 80 4 6660 185 265
595 6668 69 3 6737 0 69
961 6312 84 3 6813 417 501
777 6028 87 3 6826 711 798
638 6969 47 3 7016 0 47
363 7003 55 3 7071 13 68
916 6927 57 4 7086 102 159
281 7084 68 4 7154 2 70
667 6870 68 2 7165 227 295
210 7205 45 3 7250 0 45
629 6858 83 4 7281 340 423
610 7283 83 1 7366 0 83
886 7473 51 3 7524 0 51
92 7423 60 3 7534 51 111
16 7543 38 4 7581 0 38
469 7455 64 2 7636 117 181
921 7682 66 3 7748 0 66
110 7624 67 1 7769 78 145
201 7782 32 4 7814 0 32
836 7417 69 4 7864 378 447
511 7899 65 1 7964 0 65
587 7856 70 3 7999 73 143
84 7493 83 3 8165 589 672
621 7914 83 3 8165 168 251
909 8243 40 3 8283 0 40
9 8209 60 2 8309 40 100
118 8169 72 3 8341 100 172
643 8325 79 3 8420 16 95
576 7322 86 3 8451 1043 1129
784 8513 69 4 8582 0 69
832 8626 26 2 8652 0 26
780 8720 62 3 8782 0 62
559 8707 73 4 8842 62 135
973 8685 77 2 8897 135 212
903 8935 50 4 8985 0 50
640 8900 54 2 9004 50 104
193 8930 60 4 9064 74 134
590 9097 60 2 9157 0 60
505 9042 61 3 9185 82 143
420 9216 45 3 9261 0 45
101 9080 70 3 9300 150 220
710 9358 70 4 9428 0 70
207 9461 38 3 9499 0 38
987 9378 71 3 9537 88 159
299 9227 74 3 9553 252 326
671 8946 74 2 9627 607 681
82 9629 52 3 9681 0 52
529 9743 55 2 9798 0 55
150 9291 75 3 9809 443 518
627 8776 81 4 9887 1030 1111
869 9959 46 4 10005 0 46
820 10000 62 2 10067 5 67
429 9211 81 3 10076 784 865
689 10082 46 4 10128 0 46
450 9445 83 3 10205 677 760
425 10206 63 2 10269 0 63
122 8768 86 4 10354 1500 1586
541 10356 44 2 10400 0 44
964 10481 49 4 10530 0 49
27 10520 64 3 10594 10 74
752 10486 79 3 10673 108 187
217 10279 87 4 10677 311 398
109 8573 87 3 10687 2027 2114
654 10739 76 4 10815 0 76
76 9651 88 4 10851 1112 1200
319 7577 88 1 10877 3212 3300
461 5597 89 4 10900 5214 5303
432 11039 64 4 11103 0 64
187 11004 81 3 11149 64 145
636 11178 79 3 11257 0 79
865 11284 47 4 11331 0 47
124 6423 89 3 11349 4837 4926
722 8942 89 3 11349 2318 2407
114 9166 89 2 11438 2183 2272
519 11601 64 2 11665 0 64
335 11711 52 3 11763 0 52
796 11679 64 4 11795 52 116
818 11569 69 3 11818 180 249
199 11745 77 4 11895 73 150
738 11956 37 4 11993 0 37
647 12000 61 1 12061 0 61
164 11617 82 4 12075 376 458
904 9514 90 4 12214 2610 2700
309 7048 90 4 12214 5076 5166
163 9956 90 4 12214 2168 2258
293 12220 88 4 12308 0 88
508 12335 69 4 12404 0 69
77 12476 57 1 12533 0 57
593 12428 71 4 12556 57 128
116 12400 76 4 12608 132 208
618 12646 40 2 12686 0 40
577 12635 79 2 12754 40 119
759 12808 85 4 12893 0 85
551 12914 77 4 12991 0 77
539 12767 89 3 13018 162 251
475 9008 90 4 13035 3937 4027
499 9424 90 3 13125 3611 3701
574 9022 90 2 13215 4103 4193
561 13265 83 2 13348 0 83
186 159 91 4 13369 13119 13210
279 4477 91 4 13426 8858 8949
877 6420 91 4 13464 6953 7044
326 13594 37 3 13631 0 37
39 13555 58 4 13650 37 95
741 13650 62 1 13712 0 62
506 13778 77 2 13855 0 77
926 13916 46 2 13962 0 46
837 14000 70 4 14070 0 70
873 13889 76 3 14081 116 192
743 13813 78 2 14125 234 312
988 14138 61 3 14199 0 61
959 13595 85 2 14205 525 610
980 3981 91 3 14206 10134 10225
30 14268 53 4 14321 0 53
706 14225 78 3 14356 53 131
670 14457 31 3 14488 0 31
509 14385 82 2 14498 31 113
314 14268 91 4 14560 201 292
132 13926 91 3 14631 614 705
358 14735 53 4 14788 0 53
424 14706 59 1 14818 53 112
879 14807 86 3 14904 11 97
439 14990 63 1 15053 0 63
160 15077 65 4 15142 0 65
792 15163 36 4 15199 0 36
382 15011 78 2 15232 143 221
850 15246 27 4 15273 0 27
846 15266 56 4 15329 7 63
167 15317 57 4 15386 12 69
955 15413 43 3 15456 0 43
42 15319 57 1 15486 110 167
906 15547 68 3 15615 0 68
853 15526 68 2 15662 68 136
789 15438 69 3 15691 184 253
867 15693 70 4 15763 0 70
711 15579 80 3 15841 182 262
412 15005 83 3 15910 822 905
526 15908 86 1 15996 2 88
43 16039 47 3 16086 0 47
579 16121 62 3 16183 0 62
782 16038 65 2 16212 109 174
929 16164 88 3 16300 48 136
403 15003 89 4 16395 1303 1392
330 16157 89 4 16436 190 279
328 15844 89 2 16525 592 681
536 16563 71 3 16634 0 71
123 16680 49 3 16729 0 49
992 16638 70 4 16757 49 119
151 2117 91 2 16790 14582 14673
287 5635 91 2 16790 11064 11155
634 16827 30 1 16857 0 30
90 8450 91 2 16857 8316 8407
596 16966 70 2 17036 0 70
284 16923 73 3 17066 70 143
354 16965 74 1 17140 101 175
644 17001 86 1 17226 139 225
400 17242 60 3 17302 0 60
4 17365 52 3 17417 0 52
308 17262 65 4 17419 92 157
682 17558 47 3 17605 0 47
939 17518 53 2 17618 47 100
223 17474 58 3 17632 100 158
763 17260 67 4 17644 317 384
453 17439 67 2 17711 205 272
833 17710 76 2 17787 1 77
844 17792 66 2 17858 0 66
935 17886 53 3 17939 0 53
397 17975 38 3 18013 0 38
774 17851 75 4 18024 98 173
736 17832 75 2 18099 192 267
133 17898 77 4 18176 201 278
660 17549 81 3 18252 622 703
294 18295 28 4 18323 0 28
639 18306 57 2 18380 17 74
86 18420 78 3 18498 0 78
678 18501 41 2 18542 0 41
996 18445 80 2 18619 94 174
20 18663 67 3 18730 0 67
847 18342 84 3 18730 304 388
614 18779 36 3 18815 0 36
295 18733 49 4 18818 36 85
348 17645 86 1 18858 1127 1213
686 17483 87 4 18945 1375 1462
575 19020 51 4 19071 0 51
585 19066 59 1 19130 5 64
83 19037 75 4 19205 93 168
600 18683 87 3 19217 447 534
296 19254 51 4 19305 0 51
687 19275 60 3 19365 30 90
958 17487 89 2 19417 1841 1930
336 18254 90 4 19507 1163 1253
117 8852 91 1 19516 10573 10664
651 19528 52 3 19580 0 52
467 19580 63 2 19643 0 63
104 19653 35 3 19688 0 35
147 19700 35 4 19735 0 35
952 19850 37 3 19887 0 37
880 19810 72 4 19919 37 109
258 19946 83 4 20029 0 83
756 5780 92 4 20169 14297 14389
825 6503 92 4 20169 13574 13666
62 16893 92 4 20169 3184 3276
360 20339 81 1 20420 0 81
732 20355 87 2 20507 65 152
173 20512 69 2 20581 0 69
498 13124 92 4 20590 7374 7466
98 12803 92 4 20590 7695 7787
431 20648 83 4 20731 0 83
547 6425 92 3 20765 14248 14340
831 20775 72 2 20847 0 72
672 20923 60 4 20983 0 60
999 20923 65 4 21048 60 125
919 20981 81 2 21129 67 148
994 20963 92 3 21221 166 258
772 15743 92 2 21227 5392 5484
410 21277 38 4 21315 0 38
893 21240 87 4 21365 38 125
897 21519 30 4 21549 0 30
515 21490 35 4 21555 30 65
922 21418 73 4 21556 65 138
221 21339 89 2 21592 164 253
156 21613 54 1 21667 0 54
131 21625 60 1 21727 42 102
802 21798 39 3 21837 0 39
91 21804 51 3 21888 33 84
546 21891 51 4 21942 0 51
791 21737 81 4 21959 141 222
390 21706 81 2 22030 243 324
466 22059 84 2 22143 0 84
731 22017 92 2 22206 97 189
793 21024 92 1 22264 1148 1240
496 22325 65 4 22390 0 65
380 22422 71 2 22493 0 71
891 22335 75 3 22536 126 201
753 1332 93 4 22661 21236 21329
993 10438 93 4 22661 12130 12223
317 19035 93 3 22754 3626 3719
1 22853 65 2 22918 0 65
583 22975 60 1 23035 0 60
775 21560 93 2 23065 1412 1505
35 20327 93 2 23065 2645 2738
266 23217 70 4 23287 0 70
407 23174 73 3 23317 70 143
957 23096 79 1 23318 143 222
443 23212 81 3 23399 106 187
658 23426 77 4 23503 0 77
527 23072 86 3 23538 380 466
267 23503 87 3 23625 35 122
322 23733 32 3 23765 0 32
507 23682 86 1 23800 32 118
482 23194 89 4 23832 549 638
808 23893 58 4 23951 0 58
216 23970 44 4 24014 0 44
619 23897 86 2 24081 98 184
341 24138 66 4 24204 0 66
913 24215 87 3 24302 0 87
479 24059 89 3 24323 175 264
344 24104 90 4 24413 219 309
138 24423 32 1 24455 0 32
665 23677 91 2 24475 707 798
901 24168 93 4 24568 307 400
520 24585 46 4 24631 0 46
230 24621 61 1 24692 10 71
912 24700 55 1 24755 0 55
474 24766 33 3 24799 0 33
67 24851 31 4 24882 0 31
369 24860 54 2 24936 22 76
945 24845 66 3 24996 85 151
884 24660 73 3 25004 271 344
260 25036 69 3 25105 0 69
442 25087 74 4 25179 18 92
598 25004 85 3 25232 143 228
493 25259 89 3 25348 0 89
995 25440 38 3 25478 0 38
739 25493 68 4 25561 0 68
860 25560 70 3 25631 1 71
225 25628 79 2 25710 3 82
448 25719 59 1 25778 0 59
125 25756 73 4 25851 22 95
698 25420 85 2 25892 387 472
56 25709 88 2 25980 183 271
975 26053 68 2 26121 0 68
231 26013 89 2 26170 68 157
176 26178 34 2 26212 0 34
196 26239 64 2 26303 0 64
446 25733 90 2 26325 502 592
604 25311 92 1 26345 942 1034
564 20572 93 1 26480 5815 5908
444 9827 93 1 26480 16560 16653
960 26487 84 4 26571 0 84
386 26635 92 4 26727 0 92
418 26728 70 4 26798 0 70
488 26813 62 3 26875 0 62
454 26924 48 3 26972 0 48
304 22402 94 4 27118 4622 4716
803 22964 94 4 27118 4060 4154
823 15712 94 4 27118 11312 11406
129 27120 56 4 27176 0 56
73 10959 94 4 27268 16215 16309
918 27292 37 2 27329 0 37
229 27363 61 4 27424 0 61
545 18882 94 3 27554 8578 8672
19 5356 94 3 27554 22104 22198
154 16309 94 2 27648 11245 11339
695 27690 56 3 27746 0 56
237 27682 67 2 27805 56 123
305 27805 70 4 27875 0 70
589 27927 40 4 27967 0 40
71 27968 71 3 28039 0 71
845 27879 92 4 28082 111 203
890 28123 38 3 28161 0 38
810 28093 46 1 28177 38 84
435 28105 68 3 28245 72 140
277 28287 88 2 28375 0 88
119 28311 90 4 28465 64 154
620 28191 93 4 28516 232 325
702 28538 63 3 28601 0 63
239 28622 46 3 28668 0 46
12 28688 75 2 28763 0 75
366 28612 87 4 28820 121 208
603 28900 49 3 28949 0 49
931 28907 68 4 29017 42 110
976 29035 43 4 29078 0 43
248 29022 69 2 29134 43 112
458 28858 78 4 29165 229 307
858 28002 93 1 29176 1081 1174
271 29256 47 3 29303 0 47
373 29208 50 4 29305 47 97
681 29307 64 1 29371 0 64
419 29348 87 4 29458 23 110
771 1722 94 1 29574 27758 27852
416 8684 94 1 29574 20796 20890
484 29606 63 3 29669 0 63
532 29618 66 2 29735 51 117
887 29583 91 4 29803 129 220
703 29815 92 4 29907 0 92
801 29919 34 3 29953 0 34
468 29923 80 4 30033 30 110
512 29711 93 2 30102 298 391
5 30171 29 2 30200 0 29
93 28845 95 4 30407 1467 1562
735 26867 95 4 30407 3445 3540
238 1743 95 4 30407 28569 28664
659 30441 88 4 30529 0 88
986 30574 32 4 30606 0 32
938 30531 64 4 30627 32 96
746 30673 88 2 30761 0 88
144 356 95 4 30774 30323 30418
540 30799 70 4 30869 0 70
128 30885 31 4 30916 0 31
734 30957 69 4 31026 0 69
974 30955 74 3 31098 69 143
983 31150 71 4 31221 0 71
459 31052 87 2 31256 117 204
700 31433 85 1 31518 0 85
302 31563 39 2 31602 0 39
649 31536 46 2 31621 39 85
843 31488 86 4 31689 115 201
253 31543 93 3 31782 146 239
45 31802 91 3 31893 0 91
623 31976 62 3 32038 0 62
264 31917 70 2 32049 62 132
694 32132 50 4 32182 0 50
874 32122 75 4 32247 50 125
171 32086 76 4 32287 125 201
447 31577 94 4 32300 629 723
528 29492 95 3 32328 2741 2836
457 28131 95 3 32328 4102 4197
565 6687 95 3 32328 25546 25641
311 32417 72 3 32489 0 72
848 32551 66 4 32617 0 66
668 32500 78 4 32644 66 144
715 22209 95 3 32734 10430 10525
656 1905 95 3 32734 30734 30829
211 32810 68 3 32878 0 68
932 32739 84 1 32891 68 152
696 1165 95 3 32981 31721 31816
727 33054 88 3 33142 0 88
785 33074 91 2 33233 68 159
885 33150 93 4 33326 83 176
972 33093 93 3 33419 233 326
718 33534 69 4 33603 0 69
268 33483 79 3 33631 69 148
200 33638 80 3 33718 0 80
616 33176 93 1 33740 471 564
557 33746 60 2 33806 0 60
680 33798 64 4 33870 8 72
568 33990 75 3 34065 0 75
334 33960 87 1 34122 75 162
477 22730 95 2 34143 11318 11413
172 10210 95 2 34143 23838 23933
257 3016 95 2 34238 31127 31222
143 34268 68 2 34336 0 68
542 34338 83 2 34421 0 83
642 34489 61 4 34550 0 61
352 34254 84 4 34550 212 296
240 34606 44 4 34650 0 44
320 34562 57 2 34663 44 101
2 34580 69 3 34732 83 152
379 34893 40 3 34933 0 40
63 34998 30 4 35028 0 30
683 35030 63 1 35093 0 63
544 34902 77 4 35103 124 201
316 34917 83 3 35186 186 269
14 34913 86 4 35272 273 359
729 24242 96 4 35275 10937 11033
13 29489 96 4 35275 5690 5786
645 35310 29 3 35339 0 29
377 35336 43 4 35382 3 46
282 35350 44 2 35426 32 76
965 35486 74 4 35560 0 74
524 35400 75 4 35575 100 175
492 35600 64 3 35664 0 64
53 35396 81 3 35720 243 324
497 35784 73 4 35857 0 73
864 35796 73 2 35930 61 134
977 35800 80 4 36010 130 210
514 35650 86 3 36032 296 382
594 36048 70 3 36118 0 70
324 36206 65 1 36271 0 65
232 36177 74 4 36316 65 139
310 36109 87 3 36344 148 235
219 36178 92 2 36436 166 258
940 36153 93 4 36529 283 376
748 35427 93 2 36606 1086 1179
567 35290 95 3 36681 1296 1391
607 36774 34 2 36808 0 34
7 36714 69 4 36817 34 103
563 36859 82 1 36941 0 82
863 36986 67 2 37053 0 67
523 36744 91 4 37057 222 313
318 36130 95 2 37119 894 989
510 37252 44 4 37296 0 44
991 37187 66 2 37297 44 110
127 37306 36 4 37342 0 36
108 37315 45 3 37387 27 72
663 37592 62 3 37654 0 62
481 37539 75 3 37676 62 137
781 37465 81 3 37683 137 218
23 37259 93 1 37689 337 430
22 37703 53 3 37756 0 53
937 37757 79 2 37836 0 79
213 37890 80 3 37970 0 80
275 37837 89 4 38006 80 169
33 38093 52 3 38145 0 52
757 38148 84 3 38232 0 84
494 37970 91 3 38233 172 263
666 13979 96 4 38244 24169 24265
436 38314 39 4 38353 0 39
411 37489 96 4 38365 780 876
572 38437 67 2 38504 0 67
94 38508 33 4 38541 0 33
323 38511 67 3 38608 30 97
500 38656 43 3 38699 0 43
430 31134 96 3 38767 7537 7633
1000 23543 96 3 38767 15128 15224
674 38813 90 3 38903 0 90
99 38921 92 2 39013 0 92
805 13339 96 3 39045 25610 25706
146 39078 64 3 39142 0 64
728 39176 25 4 39201 0 25
800 39163 40 2 39228 25 65
760 39107 76 4 39283 100 176
586 39312 54 3 39366 0 54
183 39316 62 4 39428 50 112
365 39361 74 3 39502 67 141
704 39076 80 3 39551 395 475
351 39592 81 4 39673 0 81
371 39670 83 4 39756 3 86
898 39206 83 2 39798 509 592
254 39830 51 3 39881 0 51
449 39888 50 4 39938 0 50
66 39252 92 3 39991 647 739
185 40025 78 1 40103 0 78
315 40129 82 4 40211 0 82
997 39355 94 4 40245 796 890
842 39401 95 2 40340 844 939
165 28608 96 2 40501 11797 11893
368 30503 96 2 40501 9902 9998
650 40530 91 3 40621 0 91
949 16143 96 2 40784 24545 24641
478 13788 96 2 40784 26900 26996
814 40886 54 3 40940 0 54
204 40871 65 3 40990 54 119
145 3202 96 2 40999 37701 37797
615 41062 74 2 41136 0 74
558 41040 86 3 41200 74 160
804 41108 96 4 41296 92 188
942 10413 96 1 41351 30842 30938
59 41400 55 3 41455 0 55
359 41459 91 1 41550 0 91
716 41687 83 1 41770 0 83
178 41709 84 2 41854 61 145
393 35817 97 4 41955 6041 6138
625 38187 97 4 41955 3671 3768
613 32706 97 4 41955 9152 9249
881 42055 68 4 42123 0 68
437 42145 49 3 42194 0 49
259 42095 70 4 42242 77 147
936 42217 73 4 42315 25 98
251 42362 74 3 42436 0 74
18 42066 80 3 42469 323 403
292 42013 84 4 42511 414 498
944 42443 85 4 42596 68 153
60 42621 33 4 42654 0 33
582 42670 28 3 42698 0 28
503 42620 86 4 42767 61 147
61 42565 90 4 42833 178 268
350 42914 35 1 42949 0 35
721 42463 91 3 42959 405 496
606 42174 92 1 43051 785 877
149 42172 96 4 43147 879 975
455 43163 59 1 43222 0 59
44 43302 59 3 43361 0 59
456 43192 82 3 43363 89 171
10 43428 79 4 43507 0 79
452 43178 83 2 43525 264 347
394 43517 89 4 43614 8 97
385 43653 53 3 43706 0 53
256 43705 56 4 43762 1 57
182 43564 91 4 43814 159 250
269 43829 80 3 43909 0 80
168 43420 95 2 44038 523 618
426 43940 95 2 44084 49 144
483 42367 96 2 44164 1701 1797
854 44172 75 2 44247 0 75
705 44280 66 3 44346 0 66
402 44387 73 1 44460 0 73
64 44474 66 4 44540 0 66
29 44395 77 3 44603 131 208
247 44353 82 4 44651 216 298
440 44414 88 4 44739 237 325
155 44825 57 2 44882 0 57
346 44706 90 1 44886 90 180
635 44986 53 3 45039 0 53
956 44911 86 2 45050 53 139
34 44181 91 1 45076 804 895
52 44943 94 4 45170 133 227
384 45185 61 4 45246 0 61
376 45351 49 4 45400 0 49
8 45306 78 4 45433 49 127
372 22464 97 4 45506 22945 23042
859 14108 97 4 45506 31301 31398
819 45522 83 3 45605 0 83
839 45651 50 1 45701 0 50
276 45610 66 2 45726 50 116
228 45639 67 4 45793 87 154
470 45619 81 4 45874 174 255
427 45897 80 3 45977 0 80
261 46026 74 4 46100 0 74
367 45818 81 3 46109 210 291
263 46147 66 2 46213 0 66
280 46168 82 4 46295 45 127
566 45774 85 4 46342 483 568
391 45939 85 2 46427 403 488
181 45991 88 3 46515 436 524
198 46577 36 4 46613 0 36
130 46577 48 3 46661 36 84
684 46743 51 4 46794 0 51
794 46576 84 4 46795 135 219
770 46839 43 2 46882 0 43
242 46823 76 3 46942 43 119
339 46445 90 4 46943 408 498
381 47004 52 4 47056 0 52
768 46958 57 1 47067 52 109
215 45597 90 1 47137 1450 1540
605 47195 83 4 47278 0 83
876 47345 40 1 47385 0 40
246 47292 82 3 47414 40 122
349 47426 45 4 47471 0 45
799 47502 80 3 47582 0 80
180 47296 86 3 47625 243 329
361 47127 91 4 47644 426 517
191 47679 64 3 47743 0 64
451 47781 68 4 47849 0 68
924 47647 72 3 47851 132 204
501 46069 91 3 47939 1779 1870
816 48080 40 3 48120 0 40
811 48121 67 2 48188 0 67
285 48022 72 4 48201 107 179
100 48139 78 2 48279 62 140
11 46939 92 3 48288 1257 1349
249 45782 96 1 48384 2506 2602
652 48410 84 1 48494 0 84
306 48392 86 1 48562 84 170
374 48637 59 4 48696 0 59
990 48665 61 4 48757 31 92
65 48707 73 4 48830 50 123
985 48575 93 4 48861 193 286
32 16504 97 4 48978 32377 32474
203 49067 36 3 49103 0 36
120 49089 74 4 49177 14 88
327 49008 74 3 49192 110 184
96 49271 52 1 49323 0 52
321 49096 80 1 49324 148 228
241 49374 68 3 49442 0 68
750 49159 91 2 49483 233 324
72 49283 92 3 49575 200 292
356 49242 93 4 49668 333 426
963 49672 58 3 49730 0 58
21 49686 78 3 49808 44 122
783 49887 62 2 49949 0 62
633 49962 55 2 50017 0 55
414 49898 76 3 50080 106 182
673 50038 90 3 50170 42 132
821 50230 74 4 50304 0 74
25 49932 93 3 50337 312 405
177 49270 94 3 50348 984 1078
892 50362 86 2 50448 0 86
707 49576 94 2 50528 858 952
50 49629 95 4 50623 899 994
970 50714 68 4 50782 0 68
870 50785 57 3 50842 0 57
409 50755 79 2 50918 84 163
81 50648 80 4 50932 204 284
978 50752 88 4 51020 180 268
889 51021 73 4 51094 0 73
190 51100 57 1 51157 0 57
933 51168 55 2 51223 0 55
530 51152 86 4 51298 60 146
907 51324 59 3 51383 0 59
525 51351 75 3 51458 32 107
491 51469 64 2 51533 0 64
113 51356 78 3 51600 166 244
389 51612 65 3 51677 0 65
220 51715 72 2 51787 0 72
968 51794 82 2 51876 0 82
224 51576 89 4 51908 243 332
856 51554 91 4 51999 354 445
611 50855 94 2 52060 1111 1205
543 52094 52 2 52146 0 52
521 52165 45 4 52210 0 45
462 49720 96 2 52228 2412 2508
195 14291 97 4 52244 37856 37953
830 25094 97 4 52398 27207 27304
560 49678 97 4 52412 2637 2734
834 52469 45 3 52514 0 45
713 52613 76 4 52689 0 76
502 52587 86 2 52749 76 162
463 52569 88 4 52819 162 250
982 52833 53 3 52886 0 53
899 52946 54 4 53000 0 54
762 53096 42 4 53138 0 42
720 53152 87 2 53239 0 87
915 46676 97 3 53331 6558 6655
226 15928 97 3 53331 37306 37403
769 38955 97 3 53331 14279 14376
813 36530 97 3 53331 16704 16801
714 53339 96 3 53435 0 96
709 53451 95 1 53546 0 95
905 53581 42 3 53623 0 42
392 53583 66 1 53689 40 106
599 53724 60 4 53784 0 60
653 53699 89 4 53848 60 149
307 53950 80 3 54030 0 80
657 6864 97 3 54053 47092 47189
998 39749 97 3 54053 14207 14304
693 40586 97 2 54247 13564 13661
840 14805 97 2 54247 39345 39442
883 54332 67 4 54399 0 67
868 54611 55 4 54666 0 55
31 54619 74 2 54740 47 121
871 54692 91 4 54831 48 139
6 30795 98 4 54926 24033 24131
70 52232 98 4 54926 2596 2694
900 24166 98 4 54926 30662 30760
37 10494 98 4 54926 44334 44432
989 54974 68 2 55042 0 68
157 55060 73 2 55133 0 73
822 15156 98 4 55165 39911 40009
631 55312 71 2 55383 0 71
588 55409 96 3 55505 0 96
637 55534 97 4 55631 0 97
608 55802 77 3 55879 0 77
841 43203 98 3 55882 12581 12679
422 51292 98 3 55882 4492 4590
894 15332 98 3 55883 40453 40551
252 55212 98 3 55930 620 718
692 56072 80 3 56152 0 80
908 55984 96 4 56160 80 176
486 56257 83 4 56340 0 83
852 14054 98 3 56353 42201 42299
947 15960 98 3 56353 40295 40393
948 56364 54 3 56418 0 54
464 56394 61 4 56479 24 85
737 56488 85 4 56573 0 85
954 56530 91 2 56664 43 134
89 56712 75 3 56787 0 75
152 5922 98 2 57013 50993 51091
591 16475 98 2 57013 40440 40538
383 24470 98 2 57013 32445 32543
460 57023 89 3 57112 0 89
624 57141 90 3 57231 0 90
570 57262 65 2 57327 0 65
723 57302 84 4 57411 25 109
701 20839 98 1 57537 36600 36698
408 9698 98 1 57537 47741 47839
58 57607 68 1 57675 0 68
690 57873 49 2 57922 0 49
571 43941 99 4 57952 13912 14011
303 54009 99 4 57952 3844 3943
413 41946 99 4 58082 16037 16136
325 58113 73 4 58186 0 73
406 58223 77 2 58300 0 77
518 58227 83 4 58383 73 156
888 58430 67 4 58497 0 67
161 58461 76 1 58573 36 112
227 58397 90 3 58630 143 233
97 58213 90 2 58696 393 483
745 58838 56 4 58894 0 56
969 58789 95 4 58940 56 151
755 58624 96 2 58943 223 319
911 58212 97 3 59039 730 827
612 14919 99 4 59049 44031 44130
353 43525 99 4 59049 15425 15524
817 59064 47 3 59111 0 47
807 59238 71 3 59309 0 71
967 59323 74 4 59397 0 74
68 59206 75 4 59426 145 220
428 59474 63 2 59537 0 63
301 59365 77 1 59566 124 201
950 59521 85 4 59651 45 130
378 59378 94 3 59745 273 367
166 59510 98 2 59843 235 333
971 11163 99 4 59931 48669 48768
88 32344 99 4 59931 27488 27587
234 60068 96 4 60164 0 96
824 40718 99 4 60225 19408 19507
776 55976 99 4 60225 4150 4249
115 60271 45 3 60316 0 45
862 18638 99 4 60369 41632 41731
57 60431 80 3 60511 0 80
602 60716 93 2 60809 0 93
312 51262 99 3 60838 9477 9576
555 8033 99 3 60892 52760 52859
338 46721 99 3 60933 14113 14212
489 60944 80 4 61024 0 80
370 61089 60 3 61149 0 60
388 19697 99 3 61216 41420 41519
233 24509 99 3 61276 36668 36767
548 3022 99 3 61276 58155 58254
153 61283 99 3 61382 0 99
357 61568 58 3 61626 0 58
730 61560 91 4 61709 58 149
829 61786 77 3 61863 0 77
749 61975 82 4 62057 0 82
107 62112 49 1 62161 0 49
255 62119 56 3 62217 42 98
112 62316 41 4 62357 0 41
313 62241 83 4 62365 41 124
923 62104 99 4 62432 229 328
441 45156 99 2 62506 17251 17350
300 25284 99 2 62506 37123 37222
375 26652 99 2 62506 35755 35854
48 46841 99 2 62506 15566 15665
550 12879 99 2 62506 49528 49627
218 62579 44 4 62623 0 44
766 62608 55 2 62678 15 70
121 62593 57 4 62735 85 142
445 62828 82 1 62910 0 82
798 62665 99 2 62916 152 251
778 63095 40 4 63135 0 40
556 63124 78 2 63213 11 89
274 27003 99 1 63258 36156 36255
767 35714 99 1 63258 27445 27544
476 35415 99 1 63258 27744 27843
487 63327 99 3 63426 0 99
80 63489 59 4 63548 0 59
724 63570 60 3 63630 0 60
297 63508 95 4 63703 100 195
387 63727 92 1 63819 0 92
273 63760 94 3 63913 59 153
404 63951 58 2 64009 0 58
513 63993 73 1 64082 16 89
175 9300 100 4 64188 54788 54888
347 60295 100 4 64188 3793 3893
331 3981 100 4 64188 60107 60207
828 40312 100 3 64488 24076 24176
49 23848 100 3 64488 40540 40640
761 32875 100 3 64488 31513 31613
601 7159 100 2 64688 57429 57529
622 24217 100 2 64688 40371 40471
584 65059 55 1 65114 0 55
930 65349 68 3 65417 0 68
661 65542 44 4 65586 0 44
849 65491 71 2 65606 44 115
815 65652 82 4 65734 0 82
395 65748 56 1 65804 0 56
726 65502 85 4 65829 242 327
569 65757 99 4 65928 72 171
857 66264 76 4 66340 0 76
838 66684 32 2 66716 0 32
861 66807 80 2 66887 0 80
719 67104 70 4 67174 0 70
617 67129 71 4 67245 45 116
740 67115 74 3 67319 130 204
851 67334 68 2 67402 0 68
38 67457 73 1 67530 0 73
298 67533 65 2 67598 0 65
691 67609 50 2 67659 0 50
28 67750 31 3 67781 0 31
878 68073 58 4 68131 0 58
806 68172 63 2 68235 0 63
872 68118 96 4 68290 76 172
139 68618 60 3 68678 0 60
646 68769 60 4 68829 0 60
533 69048 91 1 69139 0 91
697 69656 63 2 69719 0 63
812 69634 88 3 69785 63 151
495 69629 100 3 69880 151 251
679 70122 58 2 70180 0 58
235 70161 92 2 70272 19 111
966 70454 79 4 70533 0 79
688 71046 69 3 71115 0 69
951 71157 29 4 71186 0 29
946 71347 47 4 71394 0 47
272 71334 83 2 71464 47 130
787 71263 89 4 71482 130 219
534 71770 67 4 71837 0 67
609 71846 97 4 71943 0 97
573 71970 46 4 72016 0 46
54 72232 78 4 72310 0 78
790 72329 64 4 72393 0 64
75 72330 84 3 72477 63 147
136 72448 91 3 72568 29 120
283 72281 92 3 72641 268 360
148 72642 67 2 72709 0 67
342 72762 55 3 72817 0 55
797 72697 74 2 72838 67 141
962 73068 83 4 73151 0 83
925 73138 86 3 73237 13 99
135 73017 90 1 73276 169 259
202 73287 77 3 73364 0 77
562 73502 71 4 73573 0 71
758 73610 96 2 73706 0 96
581 73962 70 3 74032 0 70
364 74077 66 2 74143 0 66
250 74216 76 4 74292 0 76
206 74121 84 4 74303 98 182
941 74335 29 4 74364 0 29
788 74209 95 4 74427 123 218
896 74520 63 3 74583 0 63
773 74353 98 4 74588 137 235
417 75029 52 2 75081 0 52
490 75499 90 2 75589 0 90
265 75686 86 3 75772 0 86
421 75738 93 2 75865 34 127
538 75960 69 4 76029 0 69
902 76216 99 3 76315 0 99
943 76377 78 4 76455 0 78
291 76488 55 1 76543 0 55
405 76683 65 3 76748 0 65
142 76967 92 4 77059 0 92
205 77120 89 1 77209 0 89
754 77474 36 2 77510 0 36
102 77526 88 2 77614 0 88
597 77707 69 1 77776 0 69
473 77771 72 4 77848 5 77
423 77823 76 3 77924 25 101
340 77731 79 2 78003 193 272
795 78016 65 2 78081 0 65
934 77727 91 2 78159 341 432
554 78173 94 4 78267 0 94
212 77987 96 2 78349 266 362
69 78615 92 4 78707 0 92
712 78715 63 2 78778 0 63
517 78749 86 3 78864 29 115
742 79138 81 4 79219 0 81
244 79253 91 4 79344 0 91
882 79199 92 4 79402 111 203
708 79546 46 2 79592 0 46
664 79606 61 4 79667 0 61
779 79534 67 4 79708 107 174
725 79725 76 3 79801 0 76
194 79554 97 2 79881 230 327
243 79596 98 3 79979 285 383
537 80809 61 4 80870 0 61
835 81332 54 4 81386 0 54
159 81562 67 4 81629 0 67
87 82031 78 3 82109 0 78
764 82321 87 3 82408 0 87
222 82986 100 3 83086 0 100
106 83563 71 2 83634 0 71
981 84605 24 4 84629 0 24
895 85029 50 1 85079 0 50
41 85548 48 3 85596 0 48
866 86480 98 4 86578 0 98
522 86588 61 4 86649 0 61
580 86740 100 1 86840 0 100
74 86881 55 4 86936 0 55
765 87106 32 3 87138 0 32
401 87041 71 4 87144 32 103
286 87216 43 3 87259 0 43
126 87264 46 2 87310 0 46
717 88779 49 4 88828 0 49
744 88776 80 2 88905 49 129
333 89132 99 3 89231 0 99
984 89243 95 2 89338 0 95
465 89930 88 3 90018 0 88
329 90847 64 4 90911 0 64
262 92305 65 1 92370 0 65
592 93438 33 4 93471 0 33
174 94710 70 2 94780 0 70
214 94762 86 4 94866 18 104
920 98458 57 3 98515 0 57
