97662 1731 373 313
409 32 71 2 103 0 71
223 337 75 4 412 0 75
63 347 64 3 526 115 179
557 378 62 1 638 198 260
297 439 65 4 653 149 214
285 456 54 4 657 147 201
744 597 34 4 691 60 94
958 627 49 2 790 114 163
718 625 77 2 917 215 292
275 709 31 3 948 208 239
673 644 55 2 953 254 309
267 669 60 4 963 234 294
428 910 59 4 1022 53 112
655 984 36 1 1108 88 124
354 982 74 2 1132 76 150
369 1117 34 3 1216 65 99
61 1047 66 1 1232 119 185
345 1194 49 3 1431 188 237
211 1140 76 3 1457 241 317
253 1158 83 3 1490 249 332
302 1162 52 4 1592 378 430
15 1312 56 2 1698 330 386
731 1328 67 4 1715 320 387
47 1549 44 1 1759 166 210
889 1406 56 2 1815 353 409
996 1638 48 3 1963 277 325
510 1467 55 1 1968 446 501
296 1580 59 2 1977 338 397
805 1604 61 1 1988 323 384
333 1623 63 4 2001 315 378
660 1915 70 3 2071 86 156
479 2060 81 4 2202 61 142
191 2068 58 4 2210 84 142
516 2201 72 4 2282 9 81
5 2276 57 2 2339 6 63
695 2283 37 3 2376 56 93
765 2312 20 4 2396 64 84
837 2326 53 3 2549 170 223
871 2441 40 2 2689 208 248
206 2327 59 2 2698 312 371
69 2350 79 2 2727 298 377
764 2418 74 3 2751 259 333
437 2438 61 3 2762 263 324
661 2606 52 3 2864 206 258
867 2774 49 3 2913 90 139
197 2632 58 3 2971 281 339
411 2790 65 2 3086 231 296
583 2872 73 1 3159 214 287
866 2878 87 4 3196 231 318
255 3035 48 4 3244 161 209
517 3038 47 4 3291 206 253
112 2964 64 2 3305 277 341
680 3257 50 3 3705 398 448
751 3128 77 4 3832 627 704
773 3331 48 4 3930 551 599
740 3132 78 3 4008 798 876
222 3142 82 3 4040 816 898
232 3143 74 3 4064 847 921
554 3469 38 4 4102 595 633
638 3175 88 4 4190 927 1015
515 3188 54 2 4194 952 1006
860 3573 48 3 4292 671 719
743 3242 88 4 4380 1050 1138
903 3296 66 4 4446 1084 1150
948 3301 69 4 4465 1095 1164
604 3802 40 2 4505 663 703
919 3323 73 4 4528 1132 1205
92 3843 50 3 4578 685 735
80 3351 56 3 4584 1177 1233
316 4061 27 4 4611 523 550
383 3497 96 4 4707 1114 1210
286 4120 43 4 4750 587 630
34 3561 72 1 4822 1189 1261
687 3593 69 1 4941 1279 1348
486 3686 60 4 4951 1205 1265
850 4401 47 2 4998 550 597
652 4065 69 4 5117 983 1052
789 4723 42 3 5209 444 486
12 4148 75 1 5234 1011 1086
647 4249 84 4 5318 985 1069
970 4276 76 2 5344 992 1068
462 4931 49 2 5493 513 562
151 4463 69 4 5512 980 1049
245 5019 45 3 5557 493 538
699 5023 45 3 5602 534 579
978 5029 49 4 5651 573 622
644 4517 65 3 5666 1084 1149
432 5052 31 2 5747 664 695
876 4667 57 3 5804 1080 1137
466 4769 67 4 5871 1035 1102
877 4875 59 3 5980 1046 1105
360 4892 88 3 6018 1038 1126
430 5507 47 2 6215 661 708
582 5565 41 4 6256 650 691
702 5661 48 3 6304 595 643
334 5049 71 2 6325 1205 1276
166 5103 51 4 6376 1222 1273
321 5170 62 4 6388 1156 1218
444 5257 65 4 6453 1131 1196
709 5276 64 4 6467 1127 1191
146 5397 65 3 6532 1070 1135
801 5463 54 2 6536 1019 1073
831 6117 43 3 6629 469 512
839 5472 60 3 6639 1107 1167
549 5691 65 2 6754 998 1063
571 5825 54 4 6808 929 983
503 5997 63 4 6821 761 824
228 6073 62 3 6933 798 860
465 6157 77 2 6960 726 803
350 6181 73 4 6983 729 802
595 6341 61 3 7044 642 703
7 6483 67 1 7161 611 678
210 6511 64 3 7225 650 714
914 6708 55 2 7280 517 572
833 7037 47 4 7377 293 340
825 6762 71 3 7398 565 636
4 7051 33 4 7431 347 380
26 6820 77 1 7458 561 638
367 6825 64 4 7472 583 647
984 6882 86 4 7658 690 776
170 7014 83 3 7691 594 677
930 7363 50 2 7791 378 428
114 7372 42 4 7833 419 461
992 7178 55 4 7838 605 660
705 7179 69 4 7857 609 678
572 7182 71 3 7878 625 696
523 7339 58 3 8036 639 697
382 7602 58 2 8144 484 542
385 7667 88 4 8182 427 515
693 7969 35 3 8267 263 298
501 7686 70 4 8287 531 601
19 7724 56 3 8343 563 619
189 7820 67 4 8410 523 590
729 7966 55 4 8415 394 449
240 7985 55 3 8570 530 585
541 8071 56 3 8576 449 505
175 8184 77 3 8603 342 419
628 8243 77 3 8680 360 437
981 8286 61 2 8691 344 405
538 8547 48 3 8739 144 192
696 8418 62 3 8751 271 333
268 8608 78 3 8879 193 271
665 8622 67 4 9046 357 424
529 8760 62 4 9158 336 398
852 8770 81 3 9239 388 469
790 8784 53 3 9242 405 458
199 8815 75 4 9267 377 452
266 8876 70 3 9287 341 411
617 8884 56 4 9293 353 409
353 9194 38 4 9331 99 137
835 9217 67 3 9448 164 231
217 9284 67 2 9465 114 181
761 9438 22 3 9637 177 199
455 9458 43 4 9680 179 222
337 9384 60 2 9690 246 306
915 9412 75 3 9715 228 303
418 9422 56 3 9721 243 299
925 9633 60 4 9781 88 148
48 9735 59 4 9840 46 105
980 9860 78 4 9938 0 78
945 9919 64 3 10002 19 83
656 10064 48 2 10112 0 48
817 10115 53 1 10168 0 53
601 10130 68 3 10236 38 106
975 10172 84 3 10320 64 148
533 10314 52 2 10372 6 58
221 10381 37 4 10418 0 37
431 10386 42 2 10460 32 74
280 10390 38 3 10498 70 108
924 10440 90 2 10638 108 198
756 10520 48 2 10736 168 216
848 10494 74 4 10760 192 266
816 10501 52 1 10812 259 311
928 10648 44 3 10906 214 258
585 10705 30 4 10986 251 281
784 10574 55 4 10991 362 417
966 10642 51 1 11092 399 450
591 10688 80 4 11122 354 434
35 10770 64 3 11186 352 416
885 10993 37 3 11223 193 230
969 10811 62 3 11285 412 474
259 10912 69 4 11354 373 442
416 11018 55 4 11459 386 441
402 11070 54 4 11463 339 393
559 11287 39 4 11502 176 215
110 11153 69 2 11521 299 368
389 11403 33 4 11554 118 151
32 11159 56 2 11560 345 401
125 11497 31 2 11641 113 144
548 11508 42 3 11733 183 225
126 11474 53 3 11836 309 362
201 11506 66 3 11902 330 396
762 11516 70 3 11972 386 456
566 11556 54 3 12026 416 470
168 11614 53 4 12029 362 415
435 11689 67 3 12046 290 357
577 11965 32 2 12078 81 113
863 11780 60 4 12088 248 308
88 12002 31 2 12119 86 117
314 12035 51 1 12270 184 235
912 12058 61 3 12331 212 273
83 12087 61 2 12342 194 255
14 12157 84 4 12376 135 219
330 12291 78 4 12604 235 313
62 12322 67 2 12621 232 299
651 12343 56 3 12677 278 334
955 12365 100 3 12777 312 412
257 12559 49 4 12826 218 267
511 12475 58 3 12884 351 409
403 12492 67 2 13001 442 509
274 12596 63 2 13064 405 468
265 12832 49 1 13113 232 281
282 12645 52 4 13115 418 470
785 12666 83 2 13198 449 532
513 12691 88 2 13236 457 545
436 12886 79 4 13265 300 379
637 13184 42 3 13307 81 123
281 13238 41 3 13348 69 110
714 13461 50 4 13511 0 50
590 13504 49 1 13560 7 56
135 13603 27 3 13630 0 27
82 13644 60 1 13704 0 60
707 13670 85 1 13789 34 119
972 13827 42 3 13869 0 42
36 13872 56 3 13928 0 56
384 13962 61 3 14023 0 61
741 14043 70 4 14113 0 70
580 14075 55 4 14168 38 93
91 14129 30 3 14198 39 69
167 14171 62 2 14360 127 189
235 14210 40 2 14450 200 240
811 14173 63 3 14463 227 290
735 14193 54 2 14517 270 324
425 14207 51 3 14718 460 511
31 14256 70 4 14788 462 532
843 14318 71 3 14909 520 591
798 14320 58 4 14967 589 647
324 14335 69 4 15086 682 751
90 14337 66 2 15102 699 765
152 14378 66 1 15118 674 740
105 14505 71 4 15139 563 634
480 14510 57 3 15146 579 636
364 14520 63 1 15209 626 689
663 14935 31 4 15240 274 305
224 14609 75 3 15265 581 656
230 14612 61 4 15276 603 664
24 14877 60 4 15336 399 459
349 15106 87 1 15423 230 317
399 15219 66 4 15439 154 220
723 15516 36 2 15552 0 36
94 15571 67 2 15638 0 67
542 15583 62 4 15700 55 117
619 15723 76 2 15799 0 76
711 15774 48 2 15847 25 73
959 15931 43 2 15974 0 43
380 15969 82 3 16056 5 87
340 16083 67 3 16150 0 67
412 16118 84 3 16234 32 116
300 16151 49 4 16283 83 132
292 16184 33 4 16366 149 182
33 16273 36 2 16402 93 129
13 16163 61 4 16413 189 250
122 16284 26 2 16439 129 155
427 16306 93 2 16632 233 326
612 16323 64 2 16696 309 373
207 16339 72 2 16768 357 429
186 16584 46 4 16864 234 280
376 16475 64 3 16878 339 403
688 16655 30 1 16958 273 303
630 16501 55 1 16963 407 462
650 16558 84 1 17047 405 489
726 16818 44 1 17241 379 423
627 16646 64 3 17355 645 709
347 16730 57 4 17462 675 732
766 16967 43 3 17505 495 538
606 16793 56 3 17611 762 818
803 16804 80 2 17641 757 837
198 16809 65 1 17656 782 847
338 17197 38 2 17694 459 497
679 16832 65 4 17709 812 877
323 16870 94 2 17803 839 933
248 16894 70 3 17873 909 979
887 17390 42 4 17915 483 525
671 16944 93 3 17958 921 1014
772 17411 38 2 17996 547 585
25 17016 72 4 18068 980 1052
949 17043 58 4 18076 975 1033
66 17252 76 4 18152 824 900
847 17330 57 4 18159 772 829
406 17926 46 2 18305 333 379
953 17494 68 4 18323 761 829
140 17634 53 1 18326 639 692
144 17821 53 3 18379 505 558
813 17835 62 2 18441 544 606
72 18322 45 4 18636 269 314
875 18155 69 1 18655 431 500
961 18168 77 4 18682 437 514
859 18419 44 3 18776 313 357
109 18247 66 3 18792 479 545
377 18250 66 4 18858 542 608
795 18320 55 4 18863 488 543
946 18549 38 3 18901 314 352
973 18389 67 1 18918 462 529
998 18777 35 4 18953 141 176
779 18454 59 3 18962 449 508
18 18861 25 3 18987 101 126
30 18882 73 3 19160 205 278
659 18936 65 4 19175 174 239
331 18971 57 3 19232 204 261
287 19047 65 2 19247 135 200
474 19197 51 4 19298 50 101
840 19251 87 4 19385 47 134
747 19321 54 3 19489 114 168
352 19364 72 4 19511 75 147
954 19481 34 3 19545 30 64
550 19504 65 3 19710 141 206
594 19520 75 4 19735 140 215
315 19539 54 3 19739 146 200
724 19668 42 4 19781 71 113
42 19773 40 3 19821 8 48
50 19782 62 2 19883 39 101
214 19842 56 4 19939 41 97
844 19884 30 4 19969 55 85
858 19984 55 2 20039 0 55
531 20019 56 3 20095 20 76
725 20056 69 4 20164 39 108
641 20144 43 3 20257 70 113
1 20114 53 3 20310 143 196
832 20155 53 3 20413 205 258
890 20212 87 4 20500 201 288
697 20239 70 4 20570 261 331
73 20265 62 2 20582 255 317
753 20326 63 3 20795 406 469
913 20546 20 4 20815 249 269
920 20422 76 3 20841 343 419
979 20594 39 2 20880 247 286
664 20424 80 4 20910 406 486
250 20642 47 4 20957 268 315
148 20429 58 2 20965 478 536
502 20483 75 1 21040 482 557
490 20760 32 3 21072 280 312
508 20899 48 2 21270 323 371
668 20695 79 1 21299 525 604
410 20815 72 1 21321 434 506
320 20871 60 1 21431 500 560
770 20879 56 4 21487 552 608
976 21251 44 4 21531 236 280
450 21098 89 3 21620 433 522
205 21120 57 1 21727 550 607
301 21167 51 4 21728 510 561
156 21308 63 3 21741 370 433
188 21329 53 3 21794 412 465
782 21649 47 1 21891 195 242
636 21652 35 1 21926 239 274
366 21670 45 3 22021 306 351
963 21358 53 3 22024 613 666
519 21554 80 4 22054 420 500
940 21780 28 4 22182 374 402
556 21788 29 3 22211 394 423
862 21647 72 1 22233 514 586
108 21662 78 1 22311 571 649
339 21998 48 3 22409 363 411
873 21751 56 4 22415 608 664
67 21759 51 3 22566 756 807
75 21841 72 1 22688 775 847
336 21980 63 4 22751 708 771
544 22056 51 3 22852 745 796
426 22417 43 1 22895 435 478
768 22427 50 4 22945 468 518
908 22086 58 4 22953 809 867
927 22103 84 3 22987 800 884
423 22107 92 4 23029 830 922
119 22583 41 3 23120 496 537
85 22110 58 3 23128 960 1018
154 22681 37 3 23165 447 484
869 22289 85 2 23200 826 911
819 22704 50 4 23250 496 546
10 22312 66 4 23316 938 1004
467 22756 31 1 23347 560 591
626 22359 62 2 23359 938 1000
793 22816 45 3 23404 543 588
759 22944 45 3 23499 510 555
657 22994 46 1 23595 555 601
239 22573 69 4 23664 1022 1091
142 23096 37 4 23751 618 655
662 23106 42 4 23843 695 737
891 22718 68 4 23911 1125 1193
181 22819 75 4 23936 1042 1117
804 22976 73 3 24009 960 1033
179 23025 98 4 24157 1034 1132
564 23067 83 3 24240 1090 1173
247 23741 50 2 24290 499 549
244 23103 65 4 24305 1137 1202
746 23762 41 2 24346 543 584
552 23799 44 3 24490 647 691
888 23228 60 4 24500 1212 1272
328 23435 88 4 24688 1165 1253
165 23577 56 2 24744 1111 1167
936 24030 20 4 24764 714 734
792 23590 82 4 24796 1124 1206
447 23617 79 3 24825 1129 1208
139 23772 52 4 24827 1003 1055
84 23775 58 4 24835 1002 1060
443 23853 100 2 24885 932 1032
273 23902 57 1 24892 933 990
648 23924 73 4 24965 968 1041
584 23971 65 1 24980 944 1009
738 24766 46 3 25226 414 460
264 24792 50 3 25326 484 534
854 24593 55 2 25381 733 788
216 24703 55 4 25436 678 733
658 24703 51 4 25437 683 734
932 25052 42 4 25529 435 477
55 24709 59 2 25538 770 829
799 24713 61 4 25649 875 936
722 25149 50 2 25749 550 600
133 24779 57 4 25756 920 977
355 24802 70 2 25926 1054 1124
684 24967 62 3 25938 909 971
454 25430 38 4 26026 558 596
45 25032 64 3 26040 944 1008
988 25438 26 3 26116 652 678
464 25114 83 4 26199 1002 1085
748 25115 70 1 26219 1034 1104
233 25137 59 4 26378 1182 1241
834 25665 29 4 26407 713 742
631 25233 73 3 26530 1224 1297
814 25271 62 2 26592 1259 1321
727 25294 78 4 26620 1248 1326
371 25890 32 2 26702 780 812
846 25421 51 2 26753 1281 1332
669 25946 43 4 26796 807 850
400 25987 42 3 26838 809 851
841 26010 47 2 26885 828 875
184 25438 64 1 26899 1397 1461
826 26113 40 1 27039 886 926
629 25494 64 3 27053 1495 1559
856 26161 48 4 27101 892 940
506 25593 79 4 27130 1458 1537
698 25600 75 3 27155 1480 1555
997 25642 60 3 27165 1463 1523
306 26323 50 3 27215 842 892
76 25728 68 3 27283 1487 1555
195 25742 56 4 27289 1491 1547
618 26474 30 1 27319 815 845
592 25771 81 3 27400 1548 1629
745 25880 56 3 27406 1470 1526
77 25900 58 3 27464 1506 1564
415 26065 79 4 27543 1399 1478
27 26077 56 2 27599 1466 1522
327 26362 69 2 27718 1287 1356
989 26528 56 3 27774 1190 1246
882 26654 88 3 27812 1070 1158
97 26897 83 3 27995 1015 1098
249 26938 77 4 28072 1057 1134
473 27209 72 4 28144 863 935
419 27214 65 4 28209 930 995
497 27259 63 4 28222 900 963
482 27417 70 4 28292 805 875
624 27833 46 2 28338 459 505
362 27441 65 2 28353 847 912
783 27457 57 1 28360 846 903
916 27516 56 3 28466 894 950
730 27584 60 4 28576 932 992
102 27625 86 3 28712 1001 1087
261 27772 74 4 28786 940 1014
351 28324 50 3 28836 462 512
258 27953 65 4 28851 833 898
808 27995 73 4 28924 856 929
442 28029 78 2 29002 895 973
838 28469 50 2 29052 533 583
413 28072 64 4 29066 930 994
143 28124 76 4 29142 942 1018
622 28125 97 4 29239 1017 1114
492 28674 39 3 29278 565 604
910 28710 28 4 29356 618 646
493 28219 85 1 29391 1087 1172
487 28771 48 2 29489 670 718
941 28408 63 4 29552 1081 1144
960 28859 30 4 29582 693 723
393 28426 61 4 29593 1106 1167
755 29055 44 1 29637 538 582
120 28570 53 4 29640 1017 1070
312 28620 70 4 29710 1020 1090
100 28678 52 4 29712 982 1034
589 28766 72 4 29784 946 1018
974 28773 52 2 29886 1061 1113
901 29097 62 3 29948 789 851
262 29303 64 4 30012 645 709
495 29420 71 1 30033 542 613
588 29455 78 3 30061 528 606
778 29558 79 1 30140 503 582
341 29652 67 2 30257 538 605
93 30035 45 1 30502 422 467
614 29874 60 4 30612 678 738
391 30115 40 4 30652 497 537
68 29898 53 2 30655 704 757
440 30156 45 4 30700 499 544
41 29920 66 4 30716 730 796
605 29955 56 4 30722 711 767
326 29983 67 2 30739 689 756
498 29991 66 3 30805 748 814
823 29991 57 3 30812 764 821
200 30465 23 3 30835 347 370
128 30040 64 2 30849 745 809
408 30042 55 4 30904 807 862
781 30348 58 4 31062 656 714
396 30510 84 3 31146 552 636
137 30638 54 4 31200 508 562
158 30645 63 2 31213 505 568
700 30738 76 4 31239 425 501
987 30766 79 4 31268 423 502
897 31123 50 3 31418 245 295
322 31138 49 4 31517 330 379
433 30877 63 3 31530 590 653
670 31082 63 3 31543 398 461
849 31104 60 1 31603 439 499
404 31411 24 4 31677 242 266
149 31127 77 4 31704 500 577
190 31318 63 2 31767 386 449
134 31365 53 4 31770 352 405
44 31502 85 4 31855 268 353
710 31624 81 4 31886 181 262
632 31836 47 4 31933 50 97
715 31859 82 3 32015 74 156
342 32054 75 3 32129 0 75
277 32078 59 3 32188 51 110
522 32330 41 3 32371 0 41
203 32356 69 3 32440 15 84
187 32389 60 1 32550 101 161
691 32425 69 3 32619 125 194
971 32487 72 2 32641 82 154
899 32676 65 4 32741 0 65
921 32750 71 2 32821 0 71
118 32840 68 2 32908 0 68
935 32842 100 3 33058 116 216
918 32845 100 3 33108 163 263
881 32999 49 4 33157 109 158
853 33183 69 3 33252 0 69
251 33231 63 4 33315 21 84
386 33551 61 3 33612 0 61
127 33707 80 1 33787 0 80
842 33725 85 3 33872 62 147
325 33900 60 4 33960 0 60
155 33940 50 4 34010 20 70
299 34005 48 4 34058 5 53
346 34006 84 4 34192 102 186
845 34012 92 3 34284 180 272
284 34131 37 3 34321 153 190
488 34066 64 4 34385 255 319
219 34168 64 3 34499 267 331
880 34204 61 3 34510 245 306
468 34219 67 4 34527 241 308
545 34524 76 4 34603 3 79
504 34569 28 2 34731 134 162
675 34534 68 4 34749 147 215
904 34568 60 3 34759 131 191
737 34736 64 3 34823 23 87
957 35056 63 3 35119 0 63
937 35115 45 2 35214 54 99
780 35066 61 3 35225 98 159
943 35162 41 4 35266 63 104
598 35178 46 4 35312 88 134
307 35411 54 4 35465 0 54
512 35468 71 2 35539 0 71
767 35511 49 2 35588 28 77
54 35570 45 2 35633 18 63
597 35582 31 3 35664 51 82
968 35613 74 2 35738 51 125
645 35699 67 4 35805 39 106
872 35756 80 4 35885 49 129
429 35870 85 1 36020 65 150
478 35885 61 2 36131 185 246
115 35889 58 4 36139 192 250
208 35892 79 3 36218 247 326
451 36022 60 2 36228 146 206
3 36256 68 3 36324 0 68
878 36277 57 3 36381 47 104
682 36380 95 3 36476 1 96
931 36468 47 2 36573 58 105
922 36451 90 1 36613 72 162
524 36590 70 4 36683 23 93
610 36648 52 2 36735 35 87
441 36718 63 3 36798 17 80
95 36970 86 4 37056 0 86
445 36982 48 4 37104 74 122
397 36991 35 2 37139 113 148
797 37014 48 3 37187 125 173
99 37053 47 3 37284 184 231
22 37068 41 3 37375 266 307
407 37033 78 1 37503 392 470
162 37065 53 2 37506 388 441
643 37289 23 4 37529 217 240
821 37322 41 3 37620 257 298
950 37100 87 2 37657 470 557
123 37114 91 4 37698 493 584
269 37293 54 3 37852 505 559
822 37505 69 4 38021 447 516
417 37508 67 4 38038 463 530
204 37509 55 3 38043 479 534
907 37603 77 4 38120 440 517
16 37613 58 4 38178 507 565
757 37683 60 4 38188 445 505
471 37846 52 2 38240 342 394
500 37896 57 1 38247 294 351
379 38018 56 4 38253 179 235
176 38333 64 1 38397 0 64
883 38346 57 4 38454 51 108
574 38587 82 3 38669 0 82
791 38633 46 4 38815 136 182
448 38610 55 4 38820 155 210
573 38621 68 3 38838 149 217
719 38821 37 3 38875 17 54
600 38822 53 4 38978 103 156
539 38869 68 2 38996 59 127
898 38979 57 4 39053 17 74
716 39005 46 4 39099 48 94
939 39114 76 4 39190 0 76
460 39130 71 4 39261 60 131
81 39193 54 3 39315 68 122
23 39416 55 2 39471 0 55
405 39477 53 2 39530 0 53
58 39502 66 4 39596 28 94
750 39581 55 4 39751 115 170
107 39594 86 2 39787 107 193
485 39675 37 4 39824 112 149
332 39596 97 4 39871 178 275
101 39914 54 2 39968 0 54
132 40060 63 1 40123 0 63
38 40062 70 3 40193 61 131
293 40148 77 4 40320 95 172
540 40153 65 4 40385 167 232
390 40230 51 3 40386 105 156
98 40376 46 4 40532 110 156
686 40348 60 4 40542 134 194
534 40366 52 3 40594 176 228
861 40465 31 3 40675 179 210
815 40540 50 3 40725 135 185
446 40393 60 3 40735 282 342
456 40452 89 3 40824 283 372
929 40615 44 2 40868 209 253
681 40646 48 4 40966 272 320
812 40716 26 3 40992 250 276
739 40574 71 1 41063 418 489
527 40633 70 4 41133 430 500
70 40915 47 4 41180 218 265
40 40720 59 2 41289 510 569
892 41055 45 4 41334 234 279
499 40773 53 1 41337 511 564
229 41151 43 2 41380 186 229
220 41174 30 2 41460 256 286
909 40942 69 4 41479 468 537
956 40980 79 2 41508 449 528
526 41160 61 4 41569 348 409
911 41460 36 2 41605 109 145
704 41279 62 3 41617 276 338
276 41521 43 4 41660 96 139
732 41605 80 4 41740 55 135
701 41665 49 4 41789 75 124
17 41809 59 4 41868 0 59
365 42004 47 4 42051 0 47
593 42051 47 3 42098 0 47
28 42133 75 4 42208 0 75
967 42176 39 2 42297 82 121
57 42166 81 2 42328 81 162
309 42224 95 2 42623 304 399
164 42229 66 4 42639 344 410
21 42280 65 2 42654 309 374
562 42295 68 2 42722 359 427
283 42295 89 4 42761 377 466
476 42653 38 2 42949 258 296
104 42440 63 1 42962 459 522
507 42529 62 4 43024 433 495
999 42571 51 3 43025 403 454
990 42635 78 1 43053 340 418
769 42754 62 4 43065 249 311
802 42978 46 4 43111 87 133
902 43370 59 4 43429 0 59
243 43425 34 2 43463 4 38
567 43607 74 4 43681 0 74
452 43615 58 3 43789 116 174
609 43661 52 4 43941 228 280
59 43789 34 1 43975 152 186
575 43704 61 4 43986 221 282
886 43711 67 4 44003 225 292
713 43723 55 2 44008 230 285
303 43962 53 4 44061 46 99
900 44116 57 3 44173 0 57
124 44239 59 4 44298 0 59
933 44309 20 4 44329 0 20
754 44345 31 3 44376 0 31
830 44374 37 4 44413 2 39
894 44384 64 2 44477 29 93
734 44576 57 2 44633 0 57
53 44589 67 3 44700 44 111
234 44669 50 1 44750 31 81
667 44747 69 3 44819 3 72
568 44804 53 2 44872 15 68
623 45043 51 3 45094 0 51
489 45045 46 2 45140 49 95
29 45128 53 2 45193 12 65
236 45150 56 2 45349 143 199
373 45158 100 3 45549 291 391
388 45189 73 3 45572 310 383
414 45200 53 4 45625 372 425
178 45222 82 2 45707 403 485
138 45225 55 1 45812 532 587
192 45349 51 4 45813 413 464
150 45395 60 1 45923 468 528
96 45428 53 3 45926 445 498
712 45443 66 4 45992 483 549
453 45610 63 3 46005 332 395
733 45615 66 4 46021 340 406
153 45870 36 2 46057 151 187
776 45756 52 4 46059 251 303
136 45938 48 2 46107 121 169
620 46050 40 3 46147 57 97
635 46151 44 3 46195 0 44
477 46184 65 4 46260 11 76
546 46235 67 2 46327 25 92
37 46622 53 3 46675 0 53
720 46730 34 3 46764 0 34
183 46751 64 3 46828 13 77
509 46812 68 4 46896 16 84
982 46858 33 2 46929 38 71
459 46911 75 2 47004 18 93
824 47012 53 2 47065 0 53
654 47086 59 4 47145 0 59
551 47192 41 2 47283 50 91
401 47192 70 1 47303 41 111
56 47278 48 2 47351 25 73
613 47283 42 4 47393 68 110
231 47548 32 4 47580 0 32
983 47647 69 3 47716 0 69
760 47679 33 1 47799 87 120
215 47661 90 4 47839 88 178
395 47817 59 2 47898 22 81
703 47921 45 4 47966 0 45
952 48311 95 2 48406 0 95
690 48327 43 4 48449 79 122
870 48458 73 1 48531 0 73
917 48481 53 3 48684 150 203
893 48507 64 3 48698 127 191
237 48530 68 2 48716 118 186
706 48884 66 2 48950 0 66
807 49007 59 1 49066 0 59
458 49077 52 3 49129 0 52
771 49089 60 4 49289 140 200
145 49096 61 4 49350 193 254
496 49112 53 4 49353 188 241
180 49130 67 4 49420 223 290
787 49250 70 2 49540 220 290
962 49401 47 3 49587 139 186
420 49291 57 3 49594 246 303
174 49329 61 1 49655 265 326
52 49504 42 4 49697 151 193
603 49455 57 4 49704 192 249
543 49686 36 2 49740 18 54
43 49750 42 4 49792 0 42
116 49813 58 2 49871 0 58
864 49886 61 3 49947 0 61
20 49913 49 3 49996 34 83
677 49964 100 3 50096 32 132
634 50330 53 2 50383 0 53
587 50371 75 3 50458 12 87
254 50409 45 2 50503 49 94
11 50516 68 4 50584 0 68
794 50548 62 3 50646 36 98
263 51018 51 4 51069 0 51
717 51146 33 4 51179 0 33
196 51152 55 1 51234 27 82
905 51218 46 3 51280 16 62
252 51227 50 3 51330 53 103
227 51487 63 1 51550 0 63
295 51520 60 4 51610 30 90
2 51760 44 3 51804 0 44
318 51767 51 4 51905 87 138
865 51772 51 4 51906 83 134
375 51873 50 3 51956 33 83
381 52078 35 4 52113 0 35
777 52086 91 3 52204 27 118
392 52148 90 4 52294 56 146
942 52636 49 4 52685 0 49
131 52790 72 2 52862 0 72
78 52820 36 2 52898 42 78
788 52912 78 2 52990 0 78
439 53142 62 4 53204 0 62
260 53291 74 2 53365 0 74
505 53299 70 3 53485 116 186
294 53360 80 1 53665 225 305
857 53373 52 1 53667 242 294
374 53397 61 3 53678 220 281
800 53413 53 3 53681 215 268
602 53717 70 2 53787 0 70
483 53797 69 3 53866 0 69
169 53800 47 4 53913 66 113
977 54004 74 3 54078 0 74
708 54015 61 3 54139 63 124
514 54097 80 4 54219 42 122
65 54184 48 2 54317 85 133
278 54179 83 2 54350 88 171
103 54259 77 4 54527 191 268
358 54296 81 3 54558 181 262
129 54304 83 3 54641 254 337
633 54435 66 2 54657 156 222
173 54565 72 3 54779 142 214
348 54611 67 4 54796 118 185
182 54940 63 4 55003 0 63
177 54995 46 3 55049 8 54
172 55036 60 4 55109 13 73
640 55177 73 4 55250 0 73
565 55190 56 4 55406 160 216
581 55236 64 4 55470 170 234
569 55238 89 4 55509 182 271
194 55259 71 4 55530 200 271
742 55850 76 3 55926 0 76
758 55883 51 4 55977 43 94
938 56073 33 3 56106 0 33
49 56084 74 4 56180 22 96
827 56118 62 3 56242 62 124
642 56243 95 4 56338 0 95
111 56304 49 4 56387 34 83
923 56450 68 2 56518 0 68
820 56517 39 4 56557 1 40
828 56682 79 2 56761 0 79
372 56898 57 4 56955 0 57
906 57357 68 2 57425 0 68
947 57746 57 3 57803 0 57
457 57781 64 3 57867 22 86
449 57973 66 3 58039 0 66
272 58044 65 4 58109 0 65
608 58178 57 2 58235 0 57
809 58230 83 3 58318 5 88
246 58325 54 1 58379 0 54
796 58357 61 1 58440 22 83
934 58702 83 2 58785 0 83
305 58815 51 3 58866 0 51
683 59049 70 3 59119 0 70
836 59286 88 2 59374 0 88
558 59349 49 3 59473 75 124
370 59302 56 3 59479 121 177
8 59376 85 4 59564 103 188
855 59666 69 1 59735 0 69
985 60131 42 4 60173 0 42
472 60145 81 1 60304 78 159
64 60159 63 3 60317 95 158
786 60329 62 2 60391 0 62
213 60356 59 4 60450 35 94
752 60742 42 4 60784 0 42
874 60808 67 4 60875 0 67
202 61061 55 4 61116 0 55
576 61122 54 2 61176 0 54
368 61165 46 1 61222 11 57
157 61300 36 2 61336 0 36
475 61342 88 4 61430 0 88
528 61437 73 3 61510 0 73
291 61456 59 3 61569 54 113
728 61607 69 4 61676 0 69
674 61674 57 4 61733 2 59
995 61697 71 2 61804 36 107
313 61763 93 4 61897 41 134
926 61825 59 1 61956 72 131
298 62014 60 3 62074 0 60
398 62036 20 3 62094 38 58
87 62181 59 4 62240 0 59
225 62333 49 2 62382 0 49
212 62334 62 3 62444 48 110
6 62435 58 4 62552 59 117
378 62444 60 2 62662 158 218
639 62480 62 1 62674 132 194
141 62483 100 4 62724 141 241
9 62646 98 3 62872 128 226
532 62695 87 2 62909 127 214
469 62905 42 3 62951 4 46
290 62928 67 2 63068 73 140
308 62940 61 4 63079 78 139
288 63230 68 3 63298 0 68
238 63341 71 1 63412 0 71
357 63466 54 4 63520 0 54
121 63581 85 4 63666 0 85
421 63750 77 4 63827 0 77
868 63761 32 4 63859 66 98
672 63925 40 2 63965 0 40
185 63962 79 2 64094 53 132
106 63964 53 4 64097 80 133
599 64045 27 3 64124 52 79
649 64058 54 3 64278 166 220
242 64101 58 4 64286 127 185
491 64116 84 1 64320 120 204
494 64361 60 2 64421 0 60
163 64585 99 4 64684 0 99
536 64876 69 2 64945 0 69
537 65047 60 2 65107 0 60
344 65098 45 4 65152 9 54
810 65369 33 2 65402 0 33
653 65396 80 4 65482 6 86
86 65451 62 4 65544 31 93
356 65618 61 4 65679 0 61
470 65981 38 4 66019 0 38
60 66139 69 4 66208 0 69
226 66218 47 1 66265 0 47
74 66762 72 2 66834 0 72
579 66883 80 1 66963 0 80
806 67110 78 4 67188 0 78
422 67201 99 3 67300 0 99
851 67233 61 4 67411 117 178
130 67300 55 4 67466 111 166
270 67343 68 1 67484 73 141
685 67451 43 4 67527 33 76
51 68026 48 4 68074 0 48
241 68208 55 4 68263 0 55
555 68450 70 4 68520 0 70
117 68701 49 3 68750 0 49
310 68816 64 2 68880 0 64
361 68881 34 2 68915 0 34
147 69009 75 4 69084 0 75
335 69035 64 4 69148 49 113
879 69136 70 4 69218 12 82
749 69173 63 3 69281 45 108
721 69336 44 2 69380 0 44
993 69396 44 4 69440 0 44
520 69868 75 3 69943 0 75
113 70116 70 3 70186 0 70
209 70301 52 3 70353 0 52
39 70495 80 3 70575 0 80
607 70567 57 3 70632 8 65
363 70674 55 4 70729 0 55
736 70782 68 4 70850 0 68
884 70827 74 2 70924 23 97
763 71044 65 3 71109 0 65
79 71090 80 4 71239 69 149
774 71090 57 1 71246 99 156
951 71424 76 3 71500 0 76
271 71906 42 4 71948 0 42
965 72397 53 1 72450 0 53
621 72671 69 3 72740 0 69
160 72879 51 4 72930 0 51
530 72930 80 1 73010 0 80
518 73152 58 2 73210 0 58
578 73491 64 3 73555 0 64
611 73547 79 2 73634 8 87
615 73586 44 3 73678 48 92
394 74154 48 4 74202 0 48
521 74318 73 2 74391 0 73
343 74661 55 1 74716 0 55
359 75023 42 4 75065 0 42
46 75065 45 2 75110 0 45
964 75132 53 2 75185 0 53
304 76080 59 4 76139 0 59
666 76719 60 3 76779 0 60
775 76819 60 3 76879 0 60
563 76978 44 3 77022 0 44
689 77409 100 3 77509 0 100
329 77895 57 3 77952 0 57
289 78076 85 3 78161 0 85
596 78184 37 3 78221 0 37
646 78885 32 2 78917 0 32
159 78933 80 3 79013 0 80
560 78959 71 3 79084 54 125
387 79056 39 1 79123 28 67
525 79158 60 1 79218 0 60
616 79316 79 4 79395 0 79
694 79352 69 4 79464 43 112
218 79629 52 3 79681 0 52
994 79640 51 4 79732 41 92
438 79916 65 4 79981 0 65
279 79988 81 4 80069 0 81
319 80039 45 3 80114 30 75
461 81396 88 3 81484 0 88
171 81965 31 3 81996 0 31
434 82055 62 2 82117 0 62
547 82150 73 4 82223 0 73
256 82358 61 3 82419 0 61
89 83045 45 2 83090 0 45
570 84926 58 3 84984 0 58
535 85235 67 2 85302 0 67
944 85618 64 1 85682 0 64
896 85730 73 4 85803 0 73
829 85810 52 3 85862 0 52
895 86245 51 1 86296 0 51
625 87188 69 4 87257 0 69
561 87481 58 4 87539 0 58
818 87540 61 4 87601 0 61
676 88435 57 2 88492 0 57
161 88573 52 1 88625 0 52
1000 88613 64 4 88689 12 76
986 89907 59 1 89966 0 59
193 89969 49 4 90018 0 49
481 90042 91 3 90133 0 91
71 90266 62 4 90328 0 62
678 90414 70 2 90484 0 70
991 90596 68 2 90664 0 68
463 91414 72 4 91486 0 72
424 91782 44 2 91826 0 44
553 92662 68 4 92730 0 68
692 92698 40 4 92770 32 72
484 92786 71 2 92857 0 71
586 93825 56 3 93881 0 56
317 96155 73 4 96228 0 73
311 97619 43 3 97662 0 43
