98851 1000 791 731
633 16 78 2 94 0 78
722 38 45 2 139 56 101
991 32 63 4 202 107 170
145 202 42 4 244 0 42
96 196 45 3 289 48 93
999 224 60 3 349 65 125
38 301 41 2 390 48 89
311 368 56 2 446 22 78
192 392 40 3 486 54 94
811 291 68 4 554 195 263
704 496 53 3 607 58 111
920 289 68 4 675 318 386
816 617 45 3 720 58 103
193 711 42 4 762 9 51
467 614 47 4 809 148 195
897 644 52 2 861 165 217
525 780 59 3 920 81 140
612 717 63 4 983 203 266
663 946 39 4 1022 37 76
236 1003 52 4 1074 19 71
259 753 69 1 1143 321 390
382 1105 27 2 1170 38 65
802 236 70 4 1240 934 1004
777 1233 63 4 1303 7 70
555 1044 72 4 1375 259 331
849 1307 38 2 1413 68 106
526 1354 56 2 1469 59 115
258 1418 55 4 1524 51 106
343 1427 66 1 1590 97 163
138 1580 37 4 1627 10 47
144 1573 68 4 1695 54 122
975 1643 71 4 1766 52 123
919 330 73 2 1839 1436 1509
766 1688 74 4 1913 151 225
803 1910 60 3 1973 3 63
676 1924 54 4 2027 49 103
937 1916 56 4 2083 111 167
478 1914 60 4 2143 169 229
283 2093 58 2 2201 50 108
574 2177 59 3 2260 24 83
940 1979 61 4 2321 281 342
883 1843 66 4 2387 478 544
741 2091 67 4 2454 296 363
408 1066 75 4 2529 1388 1463
248 2477 57 4 2586 52 109
280 1095 75 3 2661 1491 1566
14 1006 76 2 2737 1655 1731
289 2703 34 3 2771 34 68
969 2704 52 4 2823 67 119
60 2790 68 2 2891 33 101
79 2429 77 4 2968 462 539
417 2965 74 3 3042 3 77
295 3032 52 4 3094 10 62
29 3014 58 3 3152 80 138
209 3112 36 4 3188 40 76
485 3078 67 3 3255 110 177
296 3230 49 3 3304 25 74
828 3095 76 3 3380 209 285
235 3337 72 4 3452 43 115
853 1532 78 1 3530 1920 1998
972 3469 52 4 3582 61 113
513 3536 66 3 3648 46 112
95 927 79 3 3727 2721 2800
770 2246 79 2 3806 1481 1560
351 3768 45 3 3851 38 83
344 3839 64 3 3915 12 76
622 3871 77 3 3992 44 121
440 3975 74 4 4066 17 91
15 4040 27 1 4093 26 53
270 4017 54 3 4147 76 130
435 4125 55 1 4202 22 77
523 4162 57 3 4259 40 97
160 4223 49 4 4308 36 85
939 4277 55 3 4363 31 86
179 4297 61 3 4424 66 127
956 4410 43 4 4467 14 57
784 4445 63 4 4530 22 85
673 4481 48 4 4578 49 97
935 4186 67 3 4645 392 459
547 4131 67 2 4712 514 581
630 4008 73 1 4785 704 777
499 4753 47 3 4832 32 79
212 4823 20 2 4852 9 29
639 4740 50 3 4902 112 162
989 4802 50 1 4952 100 150
155 4807 53 2 5005 145 198
50 4889 57 4 5062 116 173
835 5040 39 3 5101 22 61
783 5081 37 2 5138 20 57
793 5037 61 4 5199 101 162
918 5184 28 3 5227 15 43
501 5199 59 4 5286 28 87
267 5264 54 2 5340 22 76
309 5283 56 2 5396 57 113
785 5396 27 4 5423 0 27
472 5412 48 3 5471 11 59
700 5296 59 4 5530 175 234
914 5275 63 1 5593 255 318
459 5584 45 4 5638 9 54
721 4719 67 4 5705 919 986
926 5352 69 4 5774 353 422
306 5763 67 4 5841 11 78
154 5826 53 4 5894 15 68
577 5867 45 2 5939 27 72
836 5907 42 4 5981 32 74
822 5976 51 3 6032 5 56
598 5987 45 4 6077 45 90
632 5810 63 2 6140 267 330
591 6095 56 4 6196 45 101
535 6188 43 1 6239 8 51
141 6215 52 2 6291 24 76
726 6262 49 2 6340 29 78
963 6295 48 2 6388 45 93
198 6158 59 2 6447 230 289
85 6424 46 3 6493 23 69
470 6259 60 2 6553 234 294
961 6551 38 1 6591 2 40
442 6569 57 4 6648 22 79
401 6268 61 1 6709 380 441
303 6681 28 4 6737 28 56
869 6519 62 4 6799 218 280
727 6741 39 4 6838 58 97
867 6294 62 2 6900 544 606
960 6574 65 3 6965 326 391
976 6672 66 4 7031 293 359
230 6060 67 1 7098 971 1038
21 7096 30 2 7128 2 32
400 6593 68 4 7196 535 603
433 7154 56 3 7252 42 98
288 7242 45 2 7297 10 55
393 7269 56 2 7353 28 84
396 7323 60 3 7413 30 90
603 7186 63 4 7476 227 290
419 7463 61 3 7537 13 74
885 7200 64 4 7601 337 401
428 7558 42 4 7643 43 85
871 7602 44 2 7687 41 85
500 7634 50 2 7737 53 103
851 7682 51 4 7788 55 106
275 7771 36 4 7824 17 53
823 7584 55 3 7879 240 295
461 7659 64 2 7943 220 284
101 7905 65 2 8008 38 103
161 7992 36 2 8044 16 52
72 8014 62 2 8106 30 92
680 8046 41 4 8147 60 101
505 8090 50 3 8197 57 107
133 8188 42 4 8239 9 51
414 8220 56 2 8295 19 75
337 7895 66 2 8361 400 466
815 8327 60 4 8421 34 94
688 8421 50 2 8471 0 50
965 8445 43 3 8514 26 69
773 8408 60 3 8574 106 166
427 8383 61 3 8635 191 252
946 7774 67 4 8702 861 928
406 8653 52 3 8754 49 101
409 8668 59 4 8813 86 145
454 8676 60 2 8873 137 197
891 8763 63 4 8936 110 173
817 8710 65 1 9001 226 291
583 8972 60 3 9061 29 89
415 8561 68 3 9129 500 568
319 9069 47 2 9176 60 107
703 9136 62 4 9238 40 102
225 8126 68 1 9306 1112 1180
37 9281 67 1 9373 25 92
671 9328 60 3 9433 45 105
174 9383 59 4 9492 50 109
54 9441 63 4 9555 51 114
455 9547 37 3 9592 8 45
239 8712 69 4 9661 880 949
114 6843 71 2 9732 2818 2889
797 9687 58 1 9790 45 103
692 5000 73 2 9863 4790 4863
870 4698 74 4 9937 5165 5239
952 9880 65 4 10002 57 122
471 5437 74 4 10076 4565 4639
781 10071 65 3 10141 5 70
685 9048 77 3 10218 1093 1170
390 10154 66 2 10284 64 130
388 10195 73 3 10357 89 162
950 10336 31 3 10388 21 52
962 10309 63 1 10451 79 142
324 10397 44 3 10495 54 98
188 9460 77 2 10572 1035 1112
201 4224 77 1 10649 6348 6425
153 10598 37 4 10686 51 88
8 10606 72 2 10758 80 152
488 10736 33 4 10791 22 55
738 10708 38 4 10829 83 121
345 10747 55 4 10884 82 137
893 10703 60 1 10944 181 241
474 10899 39 4 10983 45 84
487 1934 80 3 11063 9049 9129
905 11058 61 3 11124 5 66
808 11042 75 2 11199 82 157
585 11132 46 2 11245 67 113
795 11219 47 2 11292 26 73
191 11231 56 3 11348 61 117
681 11334 58 4 11406 14 72
693 11368 52 2 11458 38 90
512 11410 54 4 11512 48 102
929 11422 60 2 11572 90 150
559 11559 38 3 11610 13 51
460 11287 62 3 11672 323 385
955 11672 58 4 11730 0 58
796 11613 61 3 11791 117 178
546 11712 66 4 11857 79 145
47 11405 69 4 11926 452 521
644 11924 39 4 11965 2 41
169 11861 56 4 12021 104 160
560 11963 69 2 12090 58 127
679 11885 71 4 12161 205 276
412 11273 72 4 12233 888 960
932 12220 38 3 12271 13 51
569 12259 46 2 12317 12 58
81 12257 55 3 12372 60 115
66 12354 50 3 12422 18 68
298 12353 58 4 12480 69 127
391 12443 51 3 12531 37 88
733 12469 54 3 12585 62 116
452 12206 58 2 12643 379 437
252 12622 44 2 12687 21 65
205 12598 50 3 12737 89 139
57 12436 63 3 12800 301 364
553 12754 55 4 12855 46 101
841 12250 65 2 12920 605 670
353 12861 62 1 12982 59 121
338 12925 55 3 13037 57 112
292 13002 58 4 13095 35 93
384 12927 58 2 13153 168 226
342 11705 72 4 13225 1448 1520
635 13215 67 1 13292 10 77
55 13269 32 2 13324 23 55
691 11405 73 2 13397 1919 1992
469 13381 47 3 13444 16 63
747 12440 74 4 13518 1004 1078
504 13469 49 4 13567 49 98
687 13525 37 1 13604 42 79
82 13582 54 4 13658 22 76
613 13614 59 4 13717 44 103
243 13527 65 3 13782 190 255
909 13772 42 1 13824 10 52
502 12739 75 4 13899 1085 1160
126 13455 78 4 13977 444 522
80 13917 41 3 14018 60 101
616 13973 53 4 14071 45 98
418 13992 58 2 14129 79 137
261 14087 30 4 14159 42 72
218 14073 49 4 14208 86 135
40 14091 64 1 14272 117 181
448 14209 55 3 14327 63 118
821 14313 59 3 14386 14 73
515 14254 60 2 14446 132 192
647 14284 67 3 14513 162 229
263 14243 69 1 14582 270 339
445 14528 52 4 14634 54 106
652 14598 35 3 14669 36 71
541 14652 40 3 14709 17 57
186 14550 53 4 14762 159 212
3 14610 57 4 14819 152 209
294 14795 34 2 14853 24 58
530 14802 46 1 14899 51 97
399 14625 59 4 14958 274 333
260 14919 51 4 15009 39 90
528 14997 59 3 15068 12 71
942 14594 61 3 15129 474 535
607 14724 63 4 15192 405 468
906 15056 69 4 15261 136 205
724 15206 62 2 15323 55 117
281 15315 37 1 15360 8 45
468 15213 63 4 15423 147 210
475 15286 68 4 15491 137 205
556 15468 63 4 15554 23 86
944 14174 74 4 15628 1380 1454
386 15595 40 2 15668 33 73
31 15580 52 4 15720 88 140
477 15677 43 3 15763 43 86
424 15676 43 1 15806 87 130
7 15783 20 4 15826 23 43
159 15724 46 3 15872 102 148
907 15652 58 3 15930 220 278
484 15901 53 4 15983 29 82
760 15892 66 3 16049 91 157
590 15891 66 2 16115 158 224
720 16101 56 2 16171 14 70
438 16158 50 2 16221 13 63
988 16154 60 1 16281 67 127
643 16155 65 2 16346 126 191
490 15374 75 3 16421 972 1047
682 16416 49 2 16470 5 54
190 16462 37 4 16507 8 45
302 15889 78 4 16585 618 696
171 16515 55 3 16640 70 125
659 16591 51 4 16691 49 100
158 16595 53 3 16744 96 149
786 16661 53 3 16797 83 136
660 16664 64 2 16861 133 197
689 16129 78 4 16939 732 810
519 12849 79 4 17018 4090 4169
105 16981 28 1 17046 37 65
300 16954 66 3 17112 92 158
240 17077 47 4 17159 35 82
221 17135 41 3 17200 24 65
677 17113 53 3 17253 87 140
170 16943 70 4 17323 310 380
642 16966 75 3 17398 357 432
548 17359 21 4 17419 39 60
237 17399 61 4 17480 20 81
609 17019 76 3 17556 461 537
596 17534 46 4 17602 22 68
758 17567 38 2 17640 35 73
981 17626 28 3 17668 14 42
413 14938 80 2 17748 2730 2810
323 17730 56 4 17804 18 74
305 17767 53 2 17857 37 90
563 17670 68 4 17925 187 255
776 17906 47 3 17972 19 66
705 17967 42 2 18014 5 47
135 17943 54 4 18068 71 125
984 18064 36 2 18104 4 40
873 18101 47 4 18151 3 50
712 17973 60 4 18211 178 238
103 18082 62 2 18273 129 191
597 18106 72 4 18345 167 239
508 18319 54 3 18399 26 80
899 18282 63 4 18462 117 180
640 18240 73 4 18535 222 295
806 18518 49 3 18584 17 66
568 18484 57 3 18641 100 157
284 18548 65 4 18706 93 158
653 18584 65 1 18771 122 187
888 18090 74 3 18845 681 755
782 18453 74 2 18919 392 466
520 18914 58 2 18977 5 63
127 18959 75 3 19052 18 93
18 2584 80 2 19132 16468 16548
778 19116 61 4 19193 16 77
494 4632 81 4 19274 14561 14642
698 19246 61 3 19335 28 89
674 19239 65 4 19400 96 161
102 19380 65 4 19465 20 85
799 19204 68 3 19533 261 329
756 19390 70 4 19603 143 213
626 19416 77 3 19680 187 264
358 19668 62 3 19742 12 74
540 19688 39 2 19781 54 93
196 19781 41 1 19822 0 41
58 15582 82 4 19904 4240 4322
629 19890 38 3 19942 14 52
178 19869 62 3 20004 73 135
765 19944 68 3 20072 60 128
614 19841 75 3 20147 231 306
878 20139 62 4 20209 8 70
25 20125 64 4 20273 84 148
287 20219 71 2 20344 54 125
562 20320 69 4 20413 24 93
544 19959 75 3 20488 454 529
394 19886 76 4 20564 602 678
13 20218 76 3 20640 346 422
896 20577 62 3 20702 63 125
336 20689 54 4 20756 13 67
392 20590 68 4 20824 166 234
380 20805 47 3 20871 19 66
199 20806 52 3 20923 65 117
325 20762 71 3 20994 161 232
290 20473 78 4 21072 521 599
637 20995 70 3 21142 77 147
615 11899 82 3 21224 9243 9325
957 21171 66 2 21290 53 119
925 21244 60 3 21350 46 106
180 21344 54 3 21404 6 60
83 21387 62 2 21466 17 79
794 21335 64 4 21530 131 195
349 21519 67 3 21597 11 78
62 15997 82 3 21679 5600 5682
150 21644 81 3 21760 35 116
77 21739 51 4 21811 21 72
538 21778 49 3 21860 33 82
115 21703 71 1 21931 157 228
91 21923 56 4 21987 8 64
859 21980 40 4 22027 7 47
593 21946 40 3 22067 81 121
994 18751 82 2 22149 3316 3398
210 13295 83 4 22232 8854 8937
731 22186 45 4 22277 46 91
256 22205 50 3 22327 72 122
52 22280 33 2 22360 47 80
894 22334 60 2 22420 26 86
759 22183 74 2 22494 237 311
402 22453 48 4 22542 41 89
318 2878 83 4 22625 19664 19747
686 10937 83 4 22708 11688 11771
381 22648 66 4 22774 60 126
755 22732 47 2 22821 42 89
936 22722 54 4 22875 99 153
371 22839 20 2 22895 36 56
163 22876 45 2 22940 19 64
578 22904 36 4 22976 36 72
605 22912 39 4 23015 64 103
729 22870 58 2 23073 145 203
370 23048 31 1 23104 25 56
829 22800 64 1 23168 304 368
173 23115 64 2 23232 53 117
251 22861 65 3 23297 371 436
820 23269 64 2 23361 28 92
503 22646 67 3 23428 715 782
272 23416 45 1 23473 12 57
745 23331 68 3 23541 142 210
985 23532 41 4 23582 9 50
623 22835 71 4 23653 747 818
921 23625 64 4 23717 28 92
993 23690 45 2 23762 27 72
903 19542 83 2 23845 4220 4303
924 23738 84 3 23929 107 191
771 15387 84 1 24013 8542 8626
838 24000 32 1 24045 13 45
892 23988 76 3 24121 57 133
837 24051 20 4 24141 70 90
207 24114 35 3 24176 27 62
715 24165 48 2 24224 11 59
41 24098 61 3 24285 126 187
378 24263 71 1 24356 22 93
996 24351 40 1 24396 5 45
887 24340 65 2 24461 56 121
228 24402 57 2 24518 59 116
554 24410 60 3 24578 108 168
669 24337 66 3 24644 241 307
746 24614 66 2 24710 30 96
104 24611 69 4 24779 99 168
125 24742 49 3 24828 37 86
232 24745 64 4 24892 83 147
405 24508 71 3 24963 384 455
889 24555 76 1 25039 408 484
422 25022 61 1 25100 17 78
321 25069 20 2 25120 31 51
732 25112 72 3 25192 8 80
326 24977 73 2 25265 215 288
580 24580 77 3 25342 685 762
812 25297 63 3 25405 45 108
172 24915 80 3 25485 490 570
902 25445 57 4 25542 40 97
579 23666 84 1 25626 1876 1960
250 5964 85 4 25711 19662 19747
451 13358 85 3 25796 12353 12438
522 25734 61 4 25857 62 123
928 25764 70 4 25927 93 163
672 25833 81 1 26008 94 175
12 25948 62 4 26070 60 122
662 26024 33 1 26103 46 79
432 26027 48 3 26151 76 124
426 26117 59 4 26210 34 93
974 993 85 3 26295 25217 25302
539 8749 85 2 26380 17546 17631
211 9558 85 1 26465 16822 16907
363 26414 34 1 26499 51 85
307 7636 86 4 26585 18863 18949
518 26559 82 3 26667 26 108
177 26469 87 3 26754 198 285
329 26668 64 3 26818 86 150
264 26779 80 3 26898 39 119
385 26896 49 3 26947 2 51
941 26825 54 3 27001 122 176
749 22347 87 2 27088 4654 4741
998 3373 88 4 27176 23715 23803
387 27130 48 4 27224 46 94
39 27150 58 4 27282 74 132
374 27222 65 3 27347 60 125
365 27288 49 1 27396 59 108
266 27266 77 2 27473 130 207
763 27452 44 4 27517 21 65
780 3585 88 3 27605 23932 24020
933 27543 58 3 27663 62 120
589 6878 88 2 27751 20785 20873
453 27749 69 4 27820 2 71
801 27781 79 4 27899 39 118
690 27876 63 4 27962 23 86
56 27905 52 4 28014 57 109
532 27966 82 4 28096 48 130
217 28081 49 4 28145 15 64
551 28032 50 4 28195 113 163
168 28164 70 4 28265 31 101
466 28187 71 3 28336 78 149
166 28335 79 4 28415 1 80
335 28343 24 2 28439 72 96
917 28416 50 4 28489 23 73
638 28345 67 3 28556 144 211
536 28431 73 3 28629 125 198
30 4655 89 4 28718 23974 24063
187 28711 50 4 28768 7 57
978 28664 51 4 28819 104 155
587 28706 51 2 28870 113 164
197 28675 75 3 28945 195 270
128 28930 55 3 29000 15 70
845 28950 73 3 29073 50 123
162 29064 45 4 29118 9 54
238 29070 83 1 29201 48 131
768 29191 50 3 29251 10 60
754 29243 58 4 29309 8 66
995 29265 55 3 29364 44 99
120 29227 58 3 29422 137 195
923 29222 68 3 29490 200 268
112 29287 70 4 29560 203 273
879 29536 68 3 29628 24 92
509 29439 70 4 29698 189 259
498 29648 87 1 29785 50 137
602 29737 63 3 29848 48 111
550 29762 71 4 29919 86 157
850 29739 76 4 29995 180 256
866 29916 77 2 30072 79 156
194 29828 79 4 30151 244 323
774 29816 87 3 30238 335 422
769 30209 52 2 30290 29 81
980 30269 53 2 30343 21 74
339 30289 74 2 30417 54 128
735 30387 56 3 30473 30 86
611 30469 77 4 30550 4 81
627 30227 78 3 30628 323 401
24 30588 77 3 30705 40 117
231 30648 47 4 30752 57 104
757 30717 68 3 30820 35 103
479 30817 59 4 30879 3 62
327 30827 66 3 30945 52 118
970 30907 58 4 31003 38 96
524 30983 39 4 31042 20 59
601 30757 68 3 31110 285 353
979 30813 79 4 31189 297 376
761 31145 62 4 31251 44 106
744 30420 79 3 31330 831 910
51 29199 88 3 31418 2131 2219
610 31358 71 4 31489 60 131
516 31483 40 4 31529 6 46
74 31395 81 2 31610 134 215
347 20090 89 3 31699 11520 11609
719 31647 67 3 31766 52 119
375 31739 60 3 31826 27 87
617 31786 32 1 31858 40 72
736 31825 39 4 31897 33 72
84 31687 84 2 31981 210 294
710 13504 91 3 32072 18477 18568
437 32027 52 4 32124 45 97
185 32001 52 2 32176 123 175
322 32095 70 4 32246 81 151
111 32182 65 4 32311 64 129
151 32259 46 4 32357 52 98
483 32289 46 3 32403 68 114
152 32356 53 3 32456 47 100
863 32000 72 3 32528 456 528
458 32504 39 4 32567 24 63
588 32360 81 2 32648 207 288
826 32568 55 4 32703 80 135
986 32667 48 3 32751 36 84
567 32652 79 2 32830 99 178
36 32789 34 4 32864 41 75
834 32806 72 3 32936 58 130
22 32882 59 4 32995 54 113
88 32872 68 2 33063 123 191
286 32870 81 3 33144 193 274
694 33075 52 4 33196 69 121
840 17289 91 3 33287 15907 15998
645 19685 93 3 33380 13602 13695
99 33311 69 4 33449 69 138
830 33446 36 1 33485 3 39
143 33449 42 3 33527 36 78
389 33460 72 3 33599 67 139
678 33599 52 4 33651 0 52
594 33635 45 4 33696 16 61
465 33544 57 4 33753 152 209
517 33730 58 4 33811 23 81
872 33743 58 3 33869 68 126
506 33656 59 4 33928 213 272
473 33771 60 2 33988 157 217
877 33619 64 4 34052 369 433
665 33588 65 4 34117 464 529
631 33611 68 2 34185 506 574
507 34161 23 4 34208 24 47
954 33877 71 4 34279 331 402
423 34273 42 3 34321 6 48
655 34279 56 4 34377 42 98
934 33844 74 4 34451 533 607
572 34405 61 4 34512 46 107
315 34356 74 4 34586 156 230
664 34578 56 4 34642 8 64
317 34595 20 4 34662 47 67
620 34563 56 1 34718 99 155
967 33686 91 4 34809 1032 1123
649 10474 93 1 34902 24335 24428
49 25738 96 4 34998 9164 9260
534 32275 96 4 35094 2723 2819
951 35005 70 3 35164 89 159
19 35117 63 4 35227 47 110
592 3954 97 3 35324 31273 31370
675 35276 72 2 35396 48 120
16 35369 48 1 35444 27 75
45 35431 64 3 35508 13 77
233 35367 78 2 35586 141 219
397 15114 97 1 35683 20472 20569
92 35656 80 1 35763 27 107
293 35760 48 2 35811 3 51
46 35737 62 3 35873 74 136
750 2946 97 1 35970 32927 33024
147 35969 69 4 36039 1 70
71 36007 39 2 36078 32 71
254 35947 76 4 36154 131 207
584 8557 98 4 36252 27597 27695
223 36201 60 2 36312 51 111
63 36281 39 4 36351 31 70
340 36350 65 3 36416 1 66
876 36326 67 2 36483 90 157
107 36449 57 3 36540 34 91
862 36505 55 3 36595 35 90
439 36230 70 4 36665 365 435
367 36638 46 4 36711 27 73
847 36615 77 1 36788 96 173
491 14360 98 4 36886 22428 22526
421 26269 99 3 36985 10617 10716
827 9593 100 2 37085 27392 27492
561 31095 100 1 37185 5990 6090
916 37087 56 4 37241 98 154
434 37130 75 4 37316 111 186
9 37303 49 2 37365 13 62
819 37338 59 4 37424 27 86
818 37326 60 3 37484 98 158
852 37482 50 4 37534 2 52
912 37250 66 3 37600 284 350
566 37388 66 3 37666 212 278
886 37548 67 3 37733 118 185
167 37723 55 2 37788 10 65
857 37770 74 3 37862 18 92
890 37841 40 2 37902 21 61
361 37803 43 1 37945 99 142
297 37832 63 3 38008 113 176
898 37991 60 4 38068 17 77
341 38066 70 4 38138 2 72
599 37839 81 2 38219 299 380
450 37117 84 1 38303 1102 1186
332 38247 47 2 38350 56 103
462 38326 48 2 38398 24 72
809 37595 85 3 38483 803 888
457 38498 55 1 38553 0 55
89 38624 64 4 38688 0 64
5 38687 34 3 38722 1 35
366 38854 44 1 38898 0 44
249 38910 78 1 38988 0 78
904 39061 44 4 39105 0 44
641 39151 46 3 39197 0 46
983 39168 64 3 39261 29 93
843 39236 38 3 39299 25 63
931 39262 40 3 39339 37 77
966 39425 94 4 39519 0 94
549 39530 83 2 39613 0 83
429 39919 52 2 39971 0 52
748 40024 77 4 40101 0 77
310 40261 75 4 40336 0 75
355 40292 38 3 40374 44 82
790 40354 56 3 40430 20 76
723 40430 42 4 40472 0 42
529 40375 51 2 40523 97 148
299 40444 52 2 40575 79 131
208 40508 73 4 40648 67 140
657 40593 43 2 40691 55 98
958 40599 63 4 40754 92 155
742 40741 56 4 40810 13 69
463 40780 41 2 40851 30 71
464 40585 75 4 40926 266 341
350 40900 43 2 40969 26 69
369 41023 53 4 41076 0 53
552 41035 68 4 41144 41 109
496 41161 61 3 41222 0 61
32 41243 40 4 41283 0 40
64 41344 88 3 41432 0 88
915 41368 35 2 41467 64 99
953 41755 60 4 41815 0 60
395 41826 54 4 41880 0 54
176 41913 35 2 41948 0 35
17 41966 68 4 42034 0 68
489 42023 46 2 42080 11 57
357 42078 52 3 42132 2 54
805 42054 57 3 42189 78 135
696 42198 81 1 42279 0 81
882 42244 42 4 42321 35 77
20 42226 55 2 42376 95 150
276 42402 41 3 42443 0 41
48 42691 97 4 42788 0 97
595 42996 32 3 43028 0 32
860 43076 72 2 43148 0 72
1000 43092 33 2 43181 56 89
697 43139 46 4 43227 42 88
558 43281 82 4 43363 0 82
751 43311 58 1 43421 52 110
213 43299 69 4 43490 122 191
308 43416 81 3 43571 74 155
304 43541 51 4 43622 30 81
646 43500 60 4 43682 122 182
410 43641 89 4 43771 41 130
740 43912 47 2 43959 0 47
65 44063 40 4 44103 0 40
839 44121 71 3 44192 0 71
775 44300 57 3 44357 0 57
753 44470 82 2 44552 0 82
314 44548 51 4 44603 4 55
699 44689 58 2 44747 0 58
667 45015 39 3 45054 0 39
425 45034 89 3 45143 20 109
106 45201 43 4 45244 0 43
575 45205 70 2 45314 39 109
481 45258 45 4 45359 56 101
943 45338 51 4 45410 21 72
480 45380 52 3 45462 30 82
149 45356 62 3 45524 106 168
449 45322 64 3 45588 202 266
832 45500 78 4 45666 88 166
658 45247 82 4 45748 419 501
625 45763 58 3 45821 0 58
407 45857 100 3 45957 0 100
492 45942 65 2 46022 15 80
831 46328 67 4 46395 0 67
814 46541 44 4 46585 0 44
411 46669 86 2 46755 0 86
28 46842 64 3 46906 0 64
203 46851 39 4 46945 55 94
316 46907 48 4 46993 38 86
113 46964 43 4 47036 29 72
600 46930 74 3 47110 106 180
246 47056 73 3 47183 54 127
734 47095 83 3 47266 88 171
930 46890 94 4 47360 376 470
709 47295 56 4 47416 65 121
711 47304 82 1 47498 112 194
182 47551 66 3 47617 0 66
416 47723 70 4 47793 0 70
136 47772 39 3 47832 21 60
124 47768 46 2 47878 64 110
97 47929 48 4 47977 0 48
533 48057 73 3 48130 0 73
33 48127 56 4 48186 3 59
271 48164 70 3 48256 22 92
880 48328 69 2 48397 0 69
110 48354 70 3 48467 43 113
650 48564 20 4 48584 0 20
537 48643 30 1 48673 0 30
373 48653 57 4 48730 20 77
6 49060 48 2 49108 0 48
604 49064 38 3 49146 44 82
334 49297 91 3 49388 0 91
90 49394 57 4 49451 0 57
444 49462 62 3 49524 0 62
139 49471 59 2 49583 53 112
61 49561 64 4 49647 22 86
206 49474 68 4 49715 173 241
362 49908 59 4 49967 0 59
2 49962 72 3 50039 5 77
901 50018 65 4 50104 21 86
441 50227 53 2 50280 0 53
565 50354 71 3 50425 0 71
997 50422 88 2 50513 3 91
356 50564 67 4 50631 0 67
222 50720 48 3 50768 0 48
247 50756 77 3 50845 12 89
216 50821 56 1 50901 24 80
331 51058 21 1 51079 0 21
973 51201 46 3 51247 0 46
116 51344 71 4 51415 0 71
320 51380 66 4 51481 35 101
291 51458 65 2 51546 23 88
184 51651 79 4 51730 0 79
59 51677 63 1 51793 53 116
42 51771 80 4 51873 22 102
123 51864 74 2 51947 9 83
244 51961 47 3 52008 0 47
364 52035 68 2 52103 0 68
130 52054 70 3 52173 49 119
242 52397 43 3 52440 0 43
226 52553 68 3 52621 0 68
791 52554 39 3 52660 67 106
571 52613 56 4 52716 47 103
971 52710 52 4 52768 6 58
788 52733 56 2 52824 35 91
255 52801 31 4 52855 23 54
621 53068 78 4 53146 0 78
219 53070 60 2 53206 76 136
146 53203 61 1 53267 3 64
858 53121 64 3 53331 146 210
634 53453 62 3 53515 0 62
140 53516 65 2 53581 0 65
118 53704 85 2 53789 0 85
70 53772 61 2 53850 17 78
947 53914 66 2 53980 0 66
964 54110 80 3 54190 0 80
557 54233 85 4 54318 0 85
100 54420 56 4 54476 0 56
11 54526 42 3 54568 0 42
668 54599 37 3 54636 0 37
200 54922 66 1 54988 0 66
134 54983 53 3 55041 5 58
215 54937 62 3 55103 104 166
148 55322 53 4 55375 0 53
265 55562 71 3 55633 0 71
482 55611 64 4 55697 22 86
346 56258 62 3 56320 0 62
117 56351 66 4 56417 0 66
608 56456 67 4 56523 0 67
521 56651 69 3 56720 0 69
824 56653 100 4 56820 67 167
447 56750 58 4 56878 70 128
683 56836 61 4 56939 42 103
654 56832 67 3 57006 107 174
44 57200 56 4 57256 0 56
119 57218 32 3 57288 38 70
456 57314 72 3 57386 0 72
352 57487 49 3 57536 0 49
312 57548 82 2 57630 0 82
245 57607 31 4 57661 23 54
398 57554 59 4 57720 107 166
436 57771 81 1 57852 0 81
53 57893 75 1 57968 0 75
195 58160 57 2 58217 0 57
87 58487 81 3 58568 0 81
848 58809 79 4 58888 0 79
767 58825 68 3 58956 63 131
328 58893 48 3 59004 63 111
69 58988 40 3 59044 16 56
651 59000 68 4 59112 44 112
900 59043 69 2 59181 69 138
368 59228 63 3 59291 0 63
376 59284 79 3 59370 7 86
864 59392 49 4 59441 0 49
948 59440 78 2 59519 1 79
865 59490 35 2 59554 29 64
725 59467 48 3 59602 87 135
278 59505 56 2 59658 97 153
132 59658 62 4 59720 0 62
772 59670 46 4 59766 50 96
713 59447 70 2 59836 319 389
224 59893 58 4 59951 0 58
913 60410 40 4 60450 0 40
377 60517 54 4 60571 0 54
156 60645 38 1 60683 0 38
666 61014 67 4 61081 0 67
108 61024 45 3 61126 57 102
75 61327 64 2 61391 0 64
86 61380 55 3 61446 11 66
78 61524 58 4 61582 0 58
895 61692 75 3 61767 0 75
122 61747 78 4 61845 20 98
514 61979 54 2 62033 0 54
792 62284 38 4 62322 0 38
927 62425 59 4 62484 0 59
701 62519 84 3 62603 0 84
430 62577 49 4 62652 26 75
98 62630 50 4 62702 22 72
884 62574 73 4 62775 128 201
76 62622 77 2 62852 153 230
129 62869 96 4 62965 0 96
739 62927 45 3 63010 38 83
684 63003 52 4 63062 7 59
716 63043 46 4 63108 19 65
446 63095 65 4 63173 13 78
670 63020 92 3 63265 153 245
109 63209 53 2 63318 56 109
67 63558 62 2 63620 0 62
987 63561 69 1 63689 59 128
702 63788 48 3 63836 0 48
234 63874 69 4 63943 0 69
476 63957 76 3 64033 0 76
798 64329 52 3 64381 0 52
1 64340 38 1 64419 41 79
383 64655 41 3 64696 0 41
372 64893 78 4 64971 0 78
204 65045 49 4 65094 0 49
624 65134 50 2 65184 0 50
420 65358 70 4 65428 0 70
531 65891 21 2 65912 0 21
379 66003 67 3 66070 0 67
268 66483 34 2 66517 0 34
175 66751 34 1 66785 0 34
714 66830 44 1 66874 0 44
404 66994 69 4 67063 0 69
707 67088 61 4 67149 0 61
737 67236 46 2 67282 0 46
800 67367 57 4 67424 0 57
959 68063 38 3 68101 0 38
779 68141 63 4 68204 0 63
229 68198 35 2 68239 6 41
854 68177 47 4 68286 62 109
661 68363 45 1 68408 0 45
861 68498 37 4 68535 0 37
301 68659 59 4 68718 0 59
486 68687 59 4 68777 31 90
34 68784 38 2 68822 0 38
844 68856 57 3 68913 0 57
706 69088 85 4 69173 0 85
214 69121 39 4 69212 52 91
527 69117 40 3 69252 95 135
787 69236 55 4 69307 16 71
43 69289 45 4 69352 18 63
606 69157 66 3 69418 195 261
990 69331 69 4 69487 87 156
94 69386 75 2 69562 101 176
10 69925 68 3 69993 0 68
157 70188 73 2 70261 0 73
945 70901 66 4 70967 0 66
810 71201 62 3 71263 0 62
189 71343 44 3 71387 0 44
262 71386 67 3 71454 1 68
582 71392 41 4 71495 62 103
333 71407 46 3 71541 88 134
121 71489 66 4 71607 52 118
431 71460 68 3 71675 147 215
708 71648 37 4 71712 27 64
27 71878 50 4 71928 0 50
922 72240 54 2 72294 0 54
992 72508 51 2 72559 0 51
718 72575 67 2 72642 0 67
511 72800 83 2 72883 0 83
330 72961 38 3 72999 0 38
26 73040 68 3 73108 0 68
813 73511 56 4 73567 0 56
510 73625 42 4 73667 0 42
137 74356 58 3 74414 0 58
257 74666 48 4 74714 0 48
202 75201 65 2 75266 0 65
648 75376 42 2 75418 0 42
495 75480 50 4 75530 0 50
717 75530 74 3 75604 0 74
313 75739 78 4 75817 0 78
938 75758 61 3 75878 59 120
183 75902 65 4 75967 0 65
982 75954 59 3 76026 13 72
273 76266 73 4 76339 0 73
165 76493 38 3 76531 0 38
564 76593 56 4 76649 0 56
359 76620 77 3 76726 29 106
908 76705 63 2 76789 21 84
68 77174 67 3 77241 0 67
4 77406 71 3 77477 0 71
586 77524 71 2 77595 0 71
282 77596 56 4 77652 0 56
764 77955 85 3 78040 0 85
131 78037 26 3 78066 3 29
542 78107 51 4 78158 0 51
142 78213 38 2 78251 0 38
576 78286 39 3 78325 0 39
656 78324 56 4 78381 1 57
360 78380 73 4 78454 1 74
619 78516 51 4 78567 0 51
241 78664 33 3 78697 0 33
789 79043 80 4 79123 0 80
842 79097 57 4 79180 26 83
875 79277 26 2 79303 0 26
825 79467 63 4 79530 0 63
73 79569 59 3 79628 0 59
911 79851 64 3 79915 0 64
543 80088 34 3 80122 0 34
274 80687 60 4 80747 0 60
573 80723 77 2 80824 24 101
253 80872 93 4 80965 0 93
833 81092 66 1 81158 0 66
269 81618 42 1 81660 0 42
636 82203 60 3 82263 0 60
354 82570 63 4 82633 0 63
846 82752 52 4 82804 0 52
855 83213 56 2 83269 0 56
752 83213 57 3 83326 56 113
279 83358 45 3 83403 0 45
618 83611 79 1 83690 0 79
23 83725 100 4 83825 0 100
881 84104 73 3 84177 0 73
968 84475 77 4 84552 0 77
35 84701 52 1 84753 0 52
220 84768 78 4 84846 0 78
285 85110 42 4 85152 0 42
910 85599 77 3 85676 0 77
628 85799 65 2 85864 0 65
403 85947 46 4 85993 0 46
743 86198 61 4 86259 0 61
728 86332 72 3 86404 0 72
443 86453 55 2 86508 0 55
804 86524 60 1 86584 0 60
730 86801 60 4 86861 0 60
277 87537 86 2 87623 0 86
807 87571 52 2 87675 52 104
949 87538 56 2 87731 137 193
695 87783 62 4 87845 0 62
227 89670 30 4 89700 0 30
868 89728 69 2 89797 0 69
164 89917 96 3 90013 0 96
497 90043 57 2 90100 0 57
581 90219 47 4 90266 0 47
181 90691 75 2 90766 0 75
856 90703 72 3 90838 63 135
93 91189 71 3 91260 0 71
570 93550 94 3 93644 0 94
493 93954 63 4 94017 0 63
545 94137 61 4 94198 0 61
762 94159 34 4 94232 39 73
348 94733 48 4 94781 0 48
874 95076 64 4 95140 0 64
977 98800 51 2 98851 0 51
