98288 1410 187 140
247 33 49 1 82 0 49
905 51 26 4 108 31 57
20 115 53 2 168 0 53
403 161 54 4 222 7 61
853 237 90 4 327 0 90
556 345 50 3 395 0 50
990 373 83 2 478 22 105
460 461 32 3 510 17 49
447 608 76 3 684 0 76
297 620 32 2 716 64 96
422 654 69 1 785 62 131
590 739 58 4 843 46 104
995 812 38 2 881 31 69
103 860 32 2 913 21 53
522 863 71 2 984 50 121
329 946 49 3 1033 38 87
160 958 75 4 1108 75 150
941 1050 30 3 1188 108 138
82 1039 51 3 1189 99 150
414 1274 75 4 1349 0 75
897 1330 90 2 1439 19 109
661 1492 51 3 1543 0 51
57 1499 25 3 1568 44 69
347 1547 28 3 1596 21 49
782 1551 38 3 1634 45 83
685 1573 41 3 1675 61 102
833 1601 21 4 1696 74 95
768 1606 84 3 1780 90 174
800 1698 37 4 1817 82 119
843 1788 43 4 1910 79 122
918 1789 21 4 1931 121 142
757 1756 57 1 1938 125 182
851 1830 36 3 1974 108 144
360 1885 30 4 2004 89 119
256 1950 63 3 2067 54 117
885 2051 24 2 2141 66 90
453 2015 56 3 2197 126 182
128 2102 31 1 2378 245 276
236 2057 73 1 2501 371 444
537 2158 37 2 2538 343 380
326 2076 71 1 2559 412 483
790 2079 53 3 2562 430 483
437 2296 22 2 2684 366 388
411 2102 84 4 2718 532 616
959 2134 53 3 2821 634 687
931 2411 23 2 2844 410 433
548 2138 67 2 2861 656 723
561 2488 30 2 2891 373 403
229 2261 75 3 2966 630 705
672 2566 35 2 3001 400 435
899 2570 43 1 3044 431 474
988 2284 52 4 3046 710 762
845 2670 36 4 3082 376 412
539 2356 64 1 3096 676 740
84 2375 54 4 3150 721 775
282 2828 48 3 3198 322 370
604 2555 63 4 3211 593 656
888 2908 32 4 3293 353 385
280 2993 21 3 3364 350 371
907 3072 37 3 3401 292 329
335 3084 29 4 3430 317 346
859 2765 74 4 3454 615 689
835 3112 39 2 3493 342 381
260 2900 55 4 3548 593 648
163 2960 73 4 3621 588 661
130 3179 58 4 3729 492 550
364 3537 28 2 3757 192 220
819 3237 69 4 3776 470 539
346 3373 70 3 3796 353 423
330 3467 65 4 3911 379 444
384 3688 37 1 3948 223 260
680 3648 56 4 4054 350 406
799 3802 35 4 4089 252 287
148 3656 75 3 4164 433 508
495 3877 20 4 4184 287 307
706 3713 71 4 4205 421 492
334 3985 42 4 4247 220 262
611 3792 98 2 4295 405 503
168 4012 40 4 4335 283 323
251 3814 65 2 4400 521 586
575 4200 40 1 4490 250 290
361 4201 37 4 4527 289 326
426 4297 26 2 4553 230 256
479 4317 39 3 4592 236 275
944 4033 72 2 4664 559 631
146 4191 64 2 4678 423 487
211 4448 37 3 4815 330 367
836 4514 21 4 4836 301 322
856 4535 26 3 4862 301 327
497 4535 29 3 4891 327 356
281 4325 75 4 4916 516 591
434 4613 36 2 4952 303 339
811 4668 39 4 4991 284 323
622 4425 83 1 5024 516 599
210 4684 28 4 5052 340 368
351 4435 65 4 5117 617 682
435 4791 48 3 5265 426 474
97 4801 25 4 5290 464 489
513 4876 40 4 5330 414 454
786 4906 36 2 5366 424 460
725 4951 25 4 5441 465 490
105 4998 46 3 5487 443 489
998 4726 63 2 5500 711 774
209 5088 34 4 5534 412 446
302 4735 70 4 5554 749 819
535 4759 64 4 5618 795 859
254 5182 23 4 5691 486 509
953 5221 45 3 5736 470 515
265 5294 24 3 5760 442 466
656 4925 84 4 5944 935 1019
903 5398 32 3 5976 546 578
509 5440 39 4 6065 586 625
883 5483 36 4 6101 582 618
713 5497 43 3 6144 604 647
424 5519 42 2 6186 625 667
783 5147 81 4 6217 989 1070
960 5170 62 1 6279 1047 1109
314 5663 27 4 6356 666 693
951 5679 39 4 6395 677 716
518 5708 44 4 6439 687 731
558 5298 78 3 6467 1091 1169
619 5299 60 4 6527 1168 1228
596 5320 58 3 6585 1207 1265
874 5886 48 3 6733 799 847
678 5954 22 4 6755 779 801
193 5401 54 4 6759 1304 1358
703 6003 32 2 6791 756 788
383 6128 42 2 6833 663 705
709 6176 48 3 6881 657 705
456 6186 26 4 6907 695 721
1000 5585 74 4 6931 1272 1346
289 5652 68 1 6949 1229 1297
581 6283 44 1 6993 666 710
915 6302 32 4 7025 691 723
904 6422 49 1 7124 653 702
846 5791 59 1 7133 1283 1342
440 5850 80 1 7163 1233 1313
687 5874 62 4 7175 1239 1301
36 5876 56 3 7181 1249 1305
962 6747 38 3 7269 484 522
640 6911 33 3 7452 508 541
202 6949 30 3 7482 503 533
53 6370 61 4 7493 1062 1123
626 7131 39 4 7582 412 451
540 7133 22 1 7604 449 471
264 6721 70 3 7624 833 903
648 6797 86 3 7660 777 863
623 7295 36 2 7696 365 401
145 6823 81 4 7777 873 954
804 6902 77 3 7804 825 902
710 7377 22 4 7826 427 449
620 7037 88 4 7914 789 877
170 7505 31 2 7945 409 440
287 7565 28 1 8123 530 558
76 7300 53 4 8226 873 926
573 7724 45 4 8271 502 547
310 7728 28 3 8299 543 571
196 7777 43 3 8392 572 615
758 7442 65 3 8407 900 965
157 7881 28 3 8485 576 604
977 7940 43 3 8528 545 588
354 7532 52 3 8530 946 998
461 7993 37 1 8617 587 624
291 7533 75 4 8642 1034 1109
974 7561 56 3 8648 1031 1087
68 7582 89 4 8737 1066 1155
136 8170 30 4 8767 567 597
949 7599 66 3 8783 1118 1184
117 8233 43 2 8826 550 593
749 8287 21 4 8947 639 660
67 7738 61 4 8958 1159 1220
341 8330 47 1 9005 628 675
95 8361 27 4 9032 644 671
464 7845 77 2 9059 1137 1214
937 7984 63 4 9172 1125 1188
515 8598 47 4 9269 624 671
175 8076 73 3 9292 1143 1216
498 8678 46 1 9338 614 660
788 8737 29 4 9367 601 630
40 8762 49 4 9416 605 654
402 8813 31 3 9447 603 634
206 8257 89 3 9486 1140 1229
722 8874 25 4 9561 662 687
328 8272 56 2 9567 1239 1295
183 8878 32 3 9599 689 721
644 8416 59 4 9658 1183 1242
742 8501 70 3 9678 1107 1177
831 9121 39 3 9717 557 596
225 8580 79 1 9746 1087 1166
213 8854 68 3 9814 892 960
708 9572 24 3 9888 292 316
632 9002 93 3 9931 836 929
812 9677 27 1 9958 254 281
854 9323 87 2 10045 635 722
48 9508 61 2 10056 487 548
344 9833 27 4 10083 223 250
273 9719 98 4 10281 464 562
13 9982 42 4 10323 299 341
152 10071 30 1 10403 302 332
141 10075 37 4 10440 328 365
33 9899 88 4 10478 491 579
796 9934 80 4 10508 494 574
784 9957 93 4 10551 501 594
683 10207 35 4 10586 344 379
947 10295 44 4 10780 441 485
543 9996 69 2 10799 734 803
587 10374 38 4 10837 425 463
28 10391 22 4 10859 446 468
890 10526 31 2 10940 383 414
250 10213 68 2 11008 727 795
628 10603 31 4 11039 405 436
975 10630 27 1 11066 409 436
87 10217 62 4 11078 799 861
50 10290 54 2 11082 738 792
547 10716 50 3 11132 366 416
1 10769 21 3 11153 363 384
922 10488 72 3 11175 615 687
681 10876 40 4 11215 299 339
207 10883 45 4 11260 332 377
569 10583 51 3 11261 627 678
696 11139 38 3 11299 122 160
733 11341 84 4 11425 0 84
266 11446 63 4 11509 0 63
348 11451 44 3 11553 58 102
400 11474 26 4 11629 129 155
720 11457 90 4 11669 122 212
423 11568 32 4 11701 101 133
568 11574 48 4 11749 127 175
760 11690 24 4 11773 59 83
430 11748 65 4 11838 25 90
994 11838 72 1 11910 0 72
827 11862 66 4 11976 48 114
562 12004 60 3 12064 0 60
671 12037 78 4 12242 127 205
840 12039 68 3 12260 153 221
580 12125 42 4 12302 135 177
798 12145 45 4 12397 207 252
857 12053 62 4 12409 294 356
649 12125 78 4 12437 234 312
38 12379 61 3 12548 108 169
818 12430 80 1 12578 68 148
139 12523 33 3 12611 55 88
517 12541 31 4 12642 70 101
230 12585 21 4 12663 57 78
982 12616 32 4 12695 47 79
939 12677 31 4 12726 18 49
315 12746 50 4 12796 0 50
311 12775 29 4 12825 21 50
916 12827 40 3 12867 0 40
895 12830 31 4 12898 37 68
715 12925 85 4 13010 0 85
707 12943 47 4 13057 67 114
156 13046 31 4 13088 11 42
171 13210 26 3 13236 0 26
286 13273 49 3 13322 0 49
902 13317 46 4 13368 5 51
739 13319 33 4 13401 49 82
180 13394 21 4 13472 57 78
730 13383 79 3 13501 39 118
858 13406 33 4 13534 95 128
606 13474 54 4 13638 110 164
18 13562 39 3 13677 76 115
774 13581 41 1 13718 96 137
51 13523 66 3 13734 145 211
996 13773 51 3 13824 0 51
751 13913 28 4 13941 0 28
842 14007 43 4 14050 0 43
303 14035 44 4 14144 65 109
228 14041 43 1 14187 103 146
716 14027 68 1 14205 110 178
331 14243 59 2 14302 0 59
219 14301 52 2 14354 1 53
355 14332 84 4 14438 22 106
240 14367 24 3 14462 71 95
866 14414 42 2 14504 48 90
431 14487 51 3 14555 17 68
362 14537 52 4 14607 18 70
970 14572 31 4 14638 35 66
792 14590 52 2 14690 48 100
482 14694 56 1 14750 0 56
47 14731 36 3 14786 19 55
272 14757 43 4 14829 29 72
923 14819 56 2 14885 10 66
35 14883 44 3 14929 2 46
408 15048 34 3 15082 0 34
723 15117 34 4 15151 0 34
342 15155 57 3 15212 0 57
39 15164 70 3 15282 48 118
530 15229 44 4 15326 53 97
32 15271 25 3 15351 55 80
887 15403 29 4 15432 0 29
544 15446 38 4 15484 0 38
741 15500 20 4 15520 0 20
404 15606 33 2 15639 0 33
642 15637 27 1 15666 2 29
9 15648 27 2 15693 18 45
801 15700 54 3 15754 0 54
184 15842 31 2 15873 0 31
871 15880 42 2 15922 0 42
432 15894 30 3 15952 28 58
912 15927 88 3 16040 25 113
727 16023 34 4 16074 17 51
203 16073 38 3 16162 51 89
780 16054 62 4 16174 58 120
493 16076 34 3 16208 98 132
761 16091 24 1 16232 117 141
528 16118 65 4 16297 114 179
567 16288 20 3 16317 9 29
29 16307 54 4 16371 10 64
352 16349 34 3 16455 72 106
96 16349 57 3 16462 56 113
295 16517 48 2 16565 0 48
886 16582 22 1 16604 0 22
83 16626 47 4 16673 0 47
591 16750 50 4 16800 0 50
492 16751 59 2 16859 49 108
593 17005 25 4 17030 0 25
312 17100 62 3 17162 0 62
316 17102 56 4 17218 60 116
153 17198 68 2 17286 20 88
630 17233 36 4 17322 53 89
927 17283 21 4 17343 39 60
666 17317 29 3 17372 26 55
523 17340 71 4 17443 32 103
98 17541 57 4 17598 0 57
898 17636 71 3 17707 0 71
138 17645 39 3 17746 62 101
660 17698 45 1 17791 48 93
107 17716 24 3 17815 75 99
848 17745 28 3 17843 70 98
100 17822 45 4 17938 71 116
46 17836 29 3 17967 102 131
218 17768 64 3 17981 149 213
377 17863 44 3 18025 118 162
633 17937 49 2 18124 138 187
701 18017 44 2 18168 107 151
588 17896 60 3 18178 222 282
45 18124 32 4 18210 54 86
721 18164 25 4 18285 96 121
62 18125 59 3 18294 110 169
63 18243 40 4 18334 51 91
465 18295 69 3 18453 89 158
176 18316 71 4 18474 87 158
239 18389 42 4 18516 85 127
304 18470 38 4 18654 146 184
142 18404 53 3 18657 200 253
320 18519 48 3 18705 138 186
221 18421 90 1 18745 234 324
624 18927 67 3 18994 0 67
489 18997 44 4 19041 0 44
598 19003 26 3 19067 38 64
571 19039 49 3 19116 28 77
31 19074 29 3 19145 42 71
234 19122 61 4 19206 23 84
198 19171 77 4 19283 35 112
412 19280 36 4 19419 103 139
910 19233 82 3 19451 136 218
852 19300 29 3 19480 151 180
113 19246 87 4 19517 184 271
451 19547 81 3 19628 0 81
670 19561 33 4 19661 67 100
658 19634 55 4 19716 27 82
673 19879 54 3 19933 0 54
795 19951 44 1 19995 0 44
212 20081 39 2 20120 0 39
73 20098 44 2 20214 72 116
508 20092 68 3 20232 72 140
958 20206 60 4 20292 26 86
120 20245 44 4 20336 47 91
605 20250 37 4 20373 86 123
609 20254 25 1 20398 119 144
169 20309 22 2 20470 139 161
279 20262 52 2 20472 158 210
615 20406 31 2 20503 66 97
172 20497 22 3 20575 56 78
921 20468 64 4 20589 57 121
407 20636 60 4 20696 0 60
978 20708 41 4 20749 0 41
560 20799 58 2 20857 0 58
11 20929 81 1 21010 0 81
263 20967 76 4 21086 43 119
612 21032 26 4 21112 54 80
797 21311 52 3 21363 0 52
764 21393 28 1 21421 0 28
356 21404 73 3 21494 17 90
935 21445 28 1 21522 49 77
576 21464 25 4 21547 58 83
805 21577 21 3 21598 0 21
802 21629 68 2 21697 0 68
127 21655 23 4 21720 42 65
830 21706 24 2 21744 14 38
119 21793 37 3 21830 0 37
366 21823 93 4 21923 7 100
149 21895 64 4 21987 28 92
814 21988 28 3 22016 0 28
471 21999 33 4 22049 17 50
948 22076 58 4 22134 0 58
776 22132 49 3 22233 52 101
740 22118 54 3 22237 65 119
112 22139 41 4 22278 98 139
473 22168 22 2 22300 110 132
595 22184 22 4 22322 116 138
889 22274 59 4 22381 48 107
41 22333 37 4 22418 48 85
54 22384 31 3 22449 34 65
463 22449 26 3 22475 0 26
179 22534 44 4 22578 0 44
349 22556 31 3 22609 22 53
17 22643 45 1 22688 0 45
258 22672 41 2 22729 16 57
200 22674 31 1 22760 55 86
253 22724 38 4 22848 86 124
292 22751 27 2 22875 97 124
940 22715 69 3 22944 160 229
476 22874 21 1 23015 120 141
930 22755 75 4 23040 210 285
474 22904 36 4 23076 136 172
339 22847 60 3 23086 179 239
2 23114 60 3 23174 0 60
844 23251 68 3 23319 0 68
559 23705 93 4 23798 0 93
140 23742 31 4 23829 56 87
52 23781 39 1 23868 48 87
519 23949 57 4 24006 0 57
466 23964 60 3 24066 42 102
712 24094 49 1 24143 0 49
773 24216 39 3 24255 0 39
966 24442 68 4 24510 0 68
368 24541 28 4 24569 0 28
167 24704 26 4 24730 0 26
372 24731 58 2 24789 0 58
186 24805 43 4 24848 0 43
524 24959 25 3 24984 0 25
945 25044 74 4 25118 0 74
494 25117 59 4 25177 1 60
759 25341 52 4 25393 0 52
235 25377 29 3 25422 16 45
143 25394 42 1 25464 28 70
510 25489 22 2 25511 0 22
597 25496 27 4 25538 15 42
955 25635 90 3 25725 0 90
511 25642 39 2 25764 83 122
89 25650 26 4 25790 114 140
769 25721 49 2 25839 69 118
81 25782 96 4 25935 57 153
507 25945 61 2 26006 0 61
909 25959 64 2 26070 47 111
704 26066 35 1 26105 4 39
363 26072 54 4 26159 33 87
679 26371 49 4 26420 0 49
257 26394 53 3 26473 26 79
277 26439 33 2 26506 34 67
525 26540 51 3 26591 0 51
99 26621 31 4 26652 0 31
298 26637 40 4 26692 15 55
271 26680 36 4 26728 12 48
686 26718 24 3 26752 10 34
459 26746 45 4 26797 6 51
226 26761 44 1 26841 36 80
313 26783 64 3 26905 58 122
174 26853 47 3 26952 52 99
594 26885 28 2 26980 67 95
485 27073 34 1 27107 0 34
650 27147 20 3 27167 0 20
301 27310 24 4 27334 0 24
719 27481 38 4 27519 0 38
70 27514 32 4 27551 5 37
491 27633 55 1 27688 0 55
731 27634 37 2 27725 54 91
270 27679 21 2 27746 46 67
803 27890 64 4 27954 0 64
284 27926 43 4 27997 28 71
222 27936 46 4 28043 61 107
873 27937 68 2 28111 106 174
766 28123 58 3 28181 0 58
794 28144 44 4 28225 37 81
499 28231 44 3 28275 0 44
387 28256 67 4 28342 19 86
337 28460 42 3 28502 0 42
584 28521 79 4 28600 0 79
71 28533 33 3 28633 67 100
79 28569 22 2 28705 114 136
443 28536 52 3 28707 119 171
601 28704 37 2 28794 53 90
956 28654 71 4 28815 90 161
450 28862 37 2 28899 0 37
942 28945 36 2 28981 0 36
237 29102 85 3 29187 0 85
22 29162 26 4 29213 25 51
668 29305 25 4 29330 0 25
158 29557 67 4 29624 0 67
550 29629 34 3 29663 0 34
61 29750 31 4 29781 0 31
446 29760 44 2 29825 21 65
732 29777 59 2 29884 48 107
192 29839 31 1 29915 45 76
155 30012 44 4 30056 0 44
69 30105 55 3 30160 0 55
855 30193 74 1 30267 0 74
296 30284 26 2 30310 0 26
307 30345 30 2 30375 0 30
324 30348 33 2 30408 27 60
991 30350 72 4 30480 58 130
4 30459 30 3 30510 21 51
655 30606 68 3 30674 0 68
585 30885 25 4 30910 0 25
542 30935 51 3 30986 0 51
27 31122 31 4 31153 0 31
867 31191 34 1 31225 0 34
318 31202 26 4 31251 23 49
386 31242 40 4 31291 9 49
891 31292 61 2 31353 0 61
880 31387 22 1 31409 0 22
971 31486 23 4 31509 0 23
781 31600 36 4 31636 0 36
88 31910 74 3 31984 0 74
987 31946 21 4 32005 38 59
472 31955 28 4 32033 50 78
872 32034 53 3 32087 0 53
74 32040 86 4 32173 47 133
470 32143 27 4 32250 80 107
115 32168 42 4 32342 132 174
821 32114 57 2 32349 178 235
92 32153 58 3 32407 196 254
8 32289 28 4 32435 118 146
409 32334 27 4 32462 101 128
10 32339 35 2 32497 123 158
665 32224 71 1 32518 223 294
775 32459 55 4 32573 59 114
55 32533 24 4 32597 40 64
381 32619 63 2 32682 0 63
602 32698 66 3 32764 0 66
964 32762 49 3 32813 2 51
841 32861 26 4 32887 0 26
161 32897 54 4 32951 0 54
481 32933 52 1 33003 18 70
734 33028 35 3 33063 0 35
323 33075 54 3 33129 0 54
72 33177 28 2 33205 0 28
808 33216 81 2 33297 0 81
765 33366 43 2 33409 0 43
506 33511 30 1 33541 0 30
504 33569 52 4 33621 0 52
445 33584 63 2 33684 37 100
736 33760 43 3 33803 0 43
546 33768 51 3 33854 35 86
646 34084 28 2 34112 0 28
627 34197 87 4 34284 0 87
373 34230 28 4 34312 54 82
968 34396 52 4 34448 0 52
80 34483 61 3 34544 0 61
979 34525 55 3 34599 19 74
129 34687 71 2 34758 0 71
986 34801 92 3 34893 0 92
631 34843 89 3 34982 50 139
983 34975 26 2 35008 7 33
24 34983 65 2 35123 75 140
395 35025 38 2 35161 98 136
427 34993 67 2 35178 118 185
654 35132 28 4 35206 46 74
943 35388 52 4 35440 0 52
862 35470 94 3 35564 0 94
162 35564 25 3 35639 50 75
305 35501 62 4 35651 88 150
165 35685 38 2 35723 0 38
378 35705 76 2 35799 18 94
657 35788 23 1 35822 11 34
972 35917 39 2 35956 0 39
294 35929 52 3 36008 27 79
319 36042 67 3 36109 0 67
920 36289 46 3 36335 0 46
259 36290 35 4 36370 45 80
14 36360 46 3 36466 60 106
832 36304 78 3 36544 162 240
442 36365 77 3 36621 179 256
389 36517 33 4 36654 104 137
999 36528 23 2 36727 176 199
322 36445 70 2 36747 232 302
483 36523 86 4 36833 224 310
925 36693 28 2 36911 190 218
553 36566 64 3 36975 345 409
793 36820 21 1 37046 205 226
488 36673 72 4 37068 323 395
813 36882 50 2 37118 186 236
600 36729 52 2 37120 339 391
26 36934 50 3 37170 186 236
477 36818 64 4 37284 402 466
771 36950 61 2 37345 334 395
121 36954 53 4 37348 341 394
570 37008 78 2 37376 290 368
934 37449 47 4 37496 0 47
379 37608 71 3 37679 0 71
728 37811 32 1 37843 0 32
822 38014 24 4 38038 0 24
820 38143 45 4 38188 0 45
401 38215 51 3 38266 0 51
439 38216 22 3 38288 50 72
467 38306 55 4 38361 0 55
692 38379 27 3 38406 0 27
577 38576 22 3 38598 0 22
290 38610 41 2 38651 0 41
557 38739 44 4 38783 0 44
574 38939 43 3 38982 0 43
936 39083 77 4 39160 0 77
976 39173 53 4 39226 0 53
283 39205 32 3 39258 21 53
614 39241 53 4 39361 67 120
735 39243 72 3 39383 68 140
367 39312 28 4 39411 71 99
252 39431 52 3 39483 0 52
325 39542 26 2 39568 0 26
159 39580 26 4 39606 0 26
173 39948 62 4 40010 0 62
806 40216 46 4 40262 0 46
132 40259 37 2 40299 3 40
676 40303 25 4 40328 0 25
906 40506 73 3 40579 0 73
538 40546 34 4 40613 33 67
755 40555 41 4 40654 58 99
825 40621 40 4 40744 83 123
106 40577 84 2 40778 117 201
717 40669 37 1 40815 109 146
589 40844 57 3 40901 0 57
675 41030 30 3 41060 0 30
563 41118 24 4 41142 0 24
217 41128 34 2 41176 14 48
21 41169 58 4 41234 7 65
778 41189 60 2 41294 45 105
108 41240 68 4 41412 104 172
227 41286 52 1 41414 76 128
564 41358 39 1 41453 56 95
694 41383 34 3 41487 70 104
150 41414 21 4 41508 73 94
358 41584 21 3 41605 0 21
216 41629 24 4 41653 0 24
724 41640 22 3 41675 13 35
747 41751 22 4 41773 0 22
293 41840 20 2 41860 0 20
238 41941 35 4 41976 0 35
664 41986 37 4 42023 0 37
954 42007 55 4 42078 16 71
555 42227 68 4 42295 0 68
505 42447 21 4 42468 0 21
457 42466 46 4 42514 2 48
516 42582 22 3 42604 0 22
864 42650 27 1 42677 0 27
908 42667 44 4 42721 10 54
468 42712 33 2 42754 9 42
3 42757 44 3 42801 0 44
900 42828 30 4 42858 0 30
317 42971 28 3 42999 0 28
85 43023 49 3 43072 0 49
729 43035 44 3 43116 37 81
340 43048 33 4 43149 68 101
177 43099 38 3 43237 100 138
336 43090 62 2 43249 97 159
552 43300 47 2 43347 0 47
394 43345 61 4 43408 2 63
436 43400 32 3 43440 8 40
541 43615 48 4 43663 0 48
345 43635 29 3 43742 78 107
532 43618 69 3 43761 74 143
901 43679 21 3 43782 82 103
984 43811 37 3 43848 0 37
438 43850 54 4 43904 0 54
688 43851 31 4 43935 53 84
49 43852 42 4 43977 83 125
926 43913 40 4 44017 64 104
639 43996 87 4 44104 21 108
536 44080 85 3 44189 24 109
917 44196 58 3 44254 0 58
406 44322 47 4 44369 0 47
357 44421 30 2 44451 0 30
65 44609 31 3 44640 0 31
104 44681 35 3 44716 0 35
208 44701 25 2 44741 15 40
932 44709 49 3 44790 32 81
448 44799 52 3 44851 0 52
428 44871 72 2 44943 0 72
419 44884 53 3 44996 59 112
669 45124 26 4 45150 0 26
514 45185 42 2 45227 0 42
997 45282 33 4 45315 0 33
826 45343 50 3 45393 0 50
652 45438 50 4 45488 0 50
205 45458 40 3 45528 30 70
613 45575 27 4 45602 0 27
503 45651 22 4 45673 0 22
190 45707 64 4 45771 0 64
343 45731 82 2 45903 90 172
215 45797 43 3 45946 106 149
75 45753 55 2 45951 143 198
744 45823 48 4 45999 128 176
125 45969 25 4 46024 30 55
232 46077 56 1 46133 0 56
690 46161 52 2 46213 0 52
12 46163 26 4 46239 50 76
526 46319 76 2 46395 0 76
16 46326 21 1 46416 69 90
893 46553 78 4 46631 0 78
197 46574 56 4 46687 57 113
410 46748 20 3 46768 0 20
376 46866 52 4 46918 0 52
391 46971 46 4 47017 0 46
637 47043 68 1 47111 0 68
204 47213 37 3 47250 0 37
645 47346 22 3 47368 0 22
834 47442 46 2 47488 0 46
327 47500 46 4 47546 0 46
634 47733 79 2 47812 0 79
919 47825 83 2 47908 0 83
288 47887 26 1 47934 21 47
15 47901 55 3 47989 33 88
242 47943 23 1 48012 46 69
892 48002 64 1 48076 10 74
151 48131 44 3 48175 0 44
847 48153 44 3 48219 22 66
267 48221 27 3 48248 0 27
767 48463 74 2 48537 0 74
185 48472 78 2 48615 65 143
496 48635 27 2 48662 0 27
879 48655 81 2 48743 7 88
444 48725 42 4 48785 18 60
133 48788 46 2 48834 0 46
425 48835 26 2 48861 0 26
750 48938 48 3 48986 0 48
137 48965 33 1 49019 21 54
865 49001 21 3 49040 18 39
278 49176 43 4 49219 0 43
929 49211 41 4 49260 8 49
876 49276 76 4 49352 0 76
194 49473 66 3 49539 0 66
828 49537 28 1 49567 2 30
787 49639 60 3 49699 0 60
5 49889 77 1 49966 0 77
756 49919 66 3 50032 47 113
957 50096 91 3 50187 0 91
973 50309 25 4 50334 0 25
7 50342 30 4 50372 0 30
745 50348 42 3 50414 24 66
93 50423 52 4 50475 0 52
659 50475 47 1 50522 0 47
44 50500 26 2 50548 22 48
486 50511 77 4 50625 37 114
618 50643 71 3 50714 0 71
779 50677 39 4 50753 37 76
6 50839 36 2 50875 0 36
875 50895 50 4 50945 0 50
950 50933 22 1 50967 12 34
578 50959 20 1 50987 8 28
64 51200 57 4 51257 0 57
651 51219 77 4 51384 88 165
243 51233 64 3 51398 101 165
817 51422 47 4 51469 0 47
868 51423 35 4 51504 46 81
961 51424 38 4 51542 80 118
967 51448 30 3 51622 144 174
449 51433 52 4 51624 139 191
860 51562 71 3 51695 62 133
195 51778 67 4 51845 0 67
566 51804 49 3 51894 41 90
371 51890 24 4 51918 4 28
697 51924 23 4 51947 0 23
187 51938 54 4 52001 9 63
478 52053 22 3 52075 0 22
135 52296 21 2 52317 0 21
863 52894 24 4 52918 0 24
245 52952 64 2 53016 0 64
332 52973 45 4 53061 43 88
102 53013 37 1 53098 48 85
989 53098 56 2 53154 0 56
154 53539 59 3 53598 0 59
870 53666 69 2 53735 0 69
572 53679 68 4 53853 106 174
415 53687 65 1 53868 116 181
166 53807 22 4 53890 61 83
392 53866 40 4 53930 24 64
789 53947 30 2 53977 0 30
894 54137 56 4 54193 0 56
965 54141 30 4 54223 52 82
791 54386 61 4 54447 0 61
625 54434 30 2 54477 13 43
981 54578 42 4 54620 0 42
638 54603 85 1 54705 17 102
946 55153 66 4 55219 0 66
462 55331 31 4 55362 0 31
484 55446 40 1 55486 0 40
881 55517 37 3 55554 0 37
249 55647 37 2 55684 0 37
90 55794 26 2 55820 0 26
583 55868 42 4 55910 0 42
43 56081 63 2 56144 0 63
816 56226 54 3 56280 0 54
275 56254 23 3 56303 26 49
398 56296 24 4 56327 7 31
214 56336 58 2 56394 0 58
674 56345 47 2 56441 49 96
382 56379 33 4 56474 62 95
66 56523 39 2 56562 0 39
244 56669 23 3 56692 0 23
421 56698 42 1 56790 50 92
396 56698 70 3 56810 42 112
823 56884 73 1 56957 0 73
621 56980 66 4 57046 0 66
181 56996 61 2 57107 50 111
869 57085 60 2 57167 22 82
34 57248 44 4 57292 0 44
405 57633 49 3 57682 0 49
810 57633 77 2 57759 49 126
520 57970 71 4 58041 0 71
924 58065 40 3 58105 0 40
94 58183 27 1 58210 0 27
353 58226 31 3 58257 0 31
56 58523 59 2 58582 0 59
413 58567 50 3 58632 15 65
938 58613 59 4 58691 19 78
635 58770 29 2 58799 0 29
309 58890 79 3 58969 0 79
480 58909 44 1 59063 110 154
693 58904 52 4 59065 109 161
763 59221 44 2 59265 0 44
399 59308 51 3 59359 0 51
144 59457 43 1 59500 0 43
500 59485 48 3 59548 15 63
308 59523 27 1 59625 75 102
418 59504 87 3 59712 121 208
369 59524 65 1 59727 138 203
616 59829 30 4 59859 0 30
667 59844 42 4 59901 15 57
746 59855 76 2 59977 46 122
433 59918 23 4 60000 59 82
839 60010 31 3 60041 0 31
878 60215 22 2 60237 0 22
182 60248 47 3 60295 0 47
607 60480 46 2 60526 0 46
42 60502 75 1 60601 24 99
118 60565 25 2 60676 86 111
753 60527 52 3 60678 99 151
969 60622 35 4 60713 56 91
191 61133 42 4 61175 0 42
58 61330 67 4 61397 0 67
653 61412 36 3 61448 0 36
375 61453 82 2 61535 0 82
837 61501 37 2 61572 34 71
861 61887 23 3 61910 0 23
752 61891 68 3 61978 19 87
220 62064 64 1 62128 0 64
199 62112 24 3 62152 16 40
772 62395 47 4 62442 0 47
262 62491 62 3 62553 0 62
533 62506 53 4 62656 97 150
647 62529 77 3 62683 77 154
374 62692 26 4 62718 0 26
824 62867 70 2 62937 0 70
188 62875 28 4 62965 62 90
698 62925 33 4 63048 90 123
502 62917 70 3 63068 81 151
617 63216 51 4 63267 0 51
114 63235 54 1 63321 32 86
748 63288 33 2 63354 33 66
610 63312 30 1 63384 42 72
224 63355 34 3 63418 29 63
299 63479 56 4 63535 0 56
815 63905 22 4 63927 0 22
689 64082 47 3 64129 0 47
807 64276 21 4 64297 0 21
458 64735 22 4 64757 0 22
993 64789 50 4 64839 0 50
933 64873 50 4 64923 0 50
306 64895 73 3 65046 78 151
475 64906 60 4 65056 90 150
850 65009 38 1 65094 47 85
963 65037 55 3 65149 57 112
545 65228 57 3 65285 0 57
877 65233 52 4 65337 52 104
23 65288 52 4 65389 49 101
762 65829 33 4 65862 0 33
684 65829 25 3 65887 33 58
321 65891 69 4 65960 0 69
19 66009 52 4 66061 0 52
849 66292 33 4 66325 0 33
882 66379 56 4 66435 0 56
718 66392 81 4 66516 43 124
59 66450 46 3 66562 66 112
86 66523 71 2 66633 39 110
599 66596 77 2 66760 87 164
388 66634 21 3 66781 126 147
359 66633 70 2 66851 148 218
641 66751 50 3 66901 100 150
429 66637 93 3 66944 214 307
565 67423 60 3 67483 0 60
579 67446 45 2 67528 37 82
699 67658 75 3 67733 0 75
385 68094 69 4 68163 0 69
677 68360 29 2 68389 0 29
300 68452 53 3 68505 0 53
178 68564 40 3 68604 0 40
829 68642 65 3 68707 0 65
512 68888 54 4 68942 0 54
134 68893 47 3 68989 49 96
682 68919 28 4 69017 70 98
333 69015 34 4 69101 52 86
201 69015 71 3 69122 36 107
255 69023 39 4 69161 99 138
809 69169 84 4 69253 0 84
695 69181 26 2 69279 72 98
643 69694 50 3 69744 0 50
714 69724 38 2 69782 20 58
554 69734 28 3 69810 48 76
726 69803 24 1 69834 7 31
276 70068 69 3 70137 0 69
164 70193 53 4 70246 0 53
743 70945 85 3 71030 0 85
223 71376 60 1 71436 0 60
501 71491 40 4 71531 0 40
285 71636 21 2 71657 0 21
913 72319 52 3 72371 0 52
126 72989 28 4 73017 0 28
454 73135 65 3 73200 0 65
737 73352 56 4 73408 0 56
738 73377 24 2 73432 31 55
702 73787 44 3 73831 0 44
397 73831 45 3 73876 0 45
952 73891 69 4 73960 0 69
246 73929 26 2 73986 31 57
582 73996 83 3 74079 0 83
77 74057 23 2 74102 22 45
914 74234 47 2 74281 0 47
928 74315 27 2 74342 0 27
838 74378 46 4 74424 0 46
662 74519 60 4 74579 0 60
417 74767 25 4 74792 0 25
147 74910 24 3 74934 0 24
705 75477 27 4 75504 0 27
231 75604 49 4 75653 0 49
122 75739 45 3 75784 0 45
452 75903 32 3 75935 0 32
711 75905 52 3 75987 30 82
338 75956 39 3 76026 31 70
770 76038 68 3 76106 0 68
60 76431 32 4 76463 0 32
269 76442 39 4 76502 21 60
91 76831 88 3 76919 0 88
754 77112 31 4 77143 0 31
124 77165 42 2 77207 0 42
241 77508 27 2 77535 0 27
350 77528 86 4 77621 7 93
25 77582 80 4 77701 39 119
531 78007 46 3 78053 0 46
490 78054 27 1 78081 0 27
549 78531 33 4 78564 0 33
529 79065 25 4 79090 0 25
189 79078 27 3 79117 12 39
37 79339 44 4 79383 0 44
551 79820 33 4 79853 0 33
110 80069 20 4 80089 0 20
455 80149 30 3 80179 0 30
663 80188 21 2 80209 0 21
469 80273 43 3 80316 0 43
365 80642 43 3 80685 0 43
441 80995 53 3 81048 0 53
521 81103 55 4 81158 0 55
896 81541 38 2 81579 0 38
261 81602 49 2 81651 0 49
416 81853 63 2 81916 0 63
268 82120 27 3 82147 0 27
393 82287 74 2 82361 0 74
527 82467 22 1 82489 0 22
911 82576 61 2 82637 0 61
390 82673 33 4 82706 0 33
985 82750 42 3 82792 0 42
603 83167 25 4 83192 0 25
608 83501 29 4 83530 0 29
420 83689 21 2 83710 0 21
629 83777 69 2 83846 0 69
777 84188 77 4 84265 0 77
534 85303 25 2 85328 0 25
592 85558 44 3 85602 0 44
700 85919 21 3 85940 0 21
586 86075 55 1 86130 0 55
233 86211 58 4 86269 0 58
884 86262 80 2 86349 7 87
980 86314 31 4 86380 35 66
992 86455 28 4 86483 0 28
78 87483 35 1 87518 0 35
123 87611 57 2 87668 0 57
691 87781 62 3 87843 0 62
109 88684 53 4 88737 0 53
116 88868 22 4 88890 0 22
248 89246 66 3 89312 0 66
636 90867 23 2 90890 0 23
30 91483 66 2 91549 0 66
370 91555 47 2 91602 0 47
380 91966 58 4 92024 0 58
131 92501 61 3 92562 0 61
111 93515 41 4 93556 0 41
101 93772 43 4 93815 0 43
487 94905 59 3 94964 0 59
785 97519 89 1 97608 0 89
274 98220 68 4 98288 0 68
