96964 1356 138 93
858 12 81 2 93 0 81
99 78 44 3 137 15 59
168 136 46 4 183 1 47
675 137 32 4 215 46 78
70 143 45 3 260 72 117
7 160 54 1 314 100 154
266 339 52 2 391 0 52
519 341 76 4 467 50 126
49 394 78 3 595 123 201
935 457 66 3 611 88 154
460 676 27 2 703 0 27
106 688 32 4 735 15 47
348 731 61 4 796 4 65
462 779 49 3 845 17 66
889 785 27 1 872 60 87
389 849 42 4 914 23 65
766 860 28 3 942 54 82
382 895 39 3 1031 97 136
450 876 62 1 1093 155 217
992 952 26 2 1119 141 167
524 931 78 3 1147 138 216
110 1057 37 2 1184 90 127
937 1125 32 3 1266 109 141
440 1119 70 1 1286 97 167
189 1198 37 3 1373 138 175
405 1228 29 2 1402 145 174
280 1187 89 4 1491 215 304
97 1291 50 2 1541 200 250
690 1326 26 1 1567 215 241
243 1401 41 2 1658 216 257
667 1267 92 4 1700 341 433
264 1502 40 4 1840 298 338
840 1377 70 4 1910 463 533
584 1442 73 3 2033 518 591
838 1715 38 4 2071 318 356
89 1475 60 2 2081 546 606
779 1802 39 4 2170 329 368
88 1525 59 1 2179 595 654
591 1586 79 4 2208 543 622
104 1655 54 2 2212 503 557
338 1767 69 4 2281 445 514
16 2205 44 1 2375 126 170
980 1979 58 4 2383 346 404
422 2242 28 1 2411 141 169
965 2194 67 4 2428 167 234
98 2389 68 4 2546 89 157
179 2467 48 3 2594 79 127
961 2469 41 3 2635 125 166
753 2406 57 1 2642 179 236
443 2484 73 2 2765 208 281
14 2513 60 4 2775 202 262
954 2769 29 4 2804 6 35
516 2808 67 1 2875 0 67
601 2822 36 1 2911 53 89
602 2888 49 4 2960 23 72
206 3016 85 4 3101 0 85
496 3020 35 1 3136 81 116
681 3086 42 3 3178 50 92
274 3116 44 4 3222 62 106
349 3246 55 1 3301 0 55
957 3317 42 2 3359 0 42
219 3393 44 2 3437 0 44
805 3474 28 4 3502 0 28
100 3480 22 4 3524 22 44
328 3524 58 3 3582 0 58
424 3645 23 3 3668 0 23
953 3665 54 2 3722 3 57
806 3708 21 3 3793 64 85
697 3702 66 4 3809 41 107
128 3813 49 4 3862 0 49
578 3851 30 2 3892 11 41
248 3973 62 3 4035 0 62
414 4072 48 4 4120 0 48
358 4079 44 2 4164 41 85
287 4158 81 4 4245 6 87
90 4189 28 2 4273 56 84
843 4323 30 2 4353 0 30
125 4363 28 2 4391 0 28
605 4452 31 3 4483 0 31
573 4510 62 4 4572 0 62
669 4545 26 4 4598 27 53
989 4573 43 3 4641 25 68
273 4605 24 3 4715 86 110
862 4586 79 2 4744 79 158
427 4661 46 2 4790 83 129
228 4661 44 2 4834 129 173
285 4735 24 2 4908 149 173
816 4826 42 4 5000 132 174
350 4710 63 4 5013 240 303
559 4742 88 3 5101 271 359
525 4982 27 3 5178 169 196
10 4870 58 4 5186 258 316
926 5043 36 4 5222 143 179
136 5044 37 3 5259 178 215
799 4975 69 2 5278 234 303
533 5215 49 4 5377 113 162
886 5246 37 1 5414 131 168
746 5139 63 1 5427 225 288
621 5324 39 1 5466 103 142
84 5395 26 4 5542 121 147
730 5466 26 3 5618 126 152
972 5356 62 3 5630 212 274
132 5481 28 1 5658 149 177
197 5503 23 3 5681 155 178
302 5504 39 2 5720 177 216
149 5402 52 2 5722 268 320
945 5566 21 2 5793 206 227
343 5651 39 4 5832 142 181
15 5563 63 2 5895 269 332
52 5736 28 2 5923 159 187
751 5757 38 3 5961 166 204
927 5679 78 3 6039 282 360
493 5837 48 4 6087 202 250
172 5888 32 2 6119 199 231
994 5892 48 4 6167 227 275
973 5898 23 4 6190 269 292
888 5930 34 1 6374 410 444
914 5946 36 2 6410 428 464
464 5804 53 4 6413 556 609
492 6025 50 4 6463 388 438
852 6036 20 4 6533 477 497
271 6077 27 4 6560 456 483
655 6097 24 1 6584 463 487
226 5903 73 2 6657 681 754
818 6192 24 4 6681 465 489
654 6213 21 1 6702 468 489
758 5913 84 2 6736 739 823
586 5919 80 4 6766 767 847
370 6026 53 2 6819 740 793
161 6184 68 4 6837 585 653
351 6668 44 2 6931 219 263
887 6670 50 2 6981 261 311
708 6733 46 1 7027 248 294
668 6761 26 2 7053 266 292
218 6336 80 3 7083 667 747
299 6656 71 1 7104 377 448
688 6847 29 4 7133 257 286
412 6956 43 1 7226 227 270
127 7040 39 3 7315 236 275
173 7086 37 4 7352 229 266
955 6948 76 2 7428 404 480
846 7175 29 2 7457 253 282
987 6997 59 4 7466 410 469
600 7242 27 1 7493 224 251
650 7092 57 4 7500 351 408
139 7419 41 4 7591 131 172
259 7431 49 4 7640 160 209
30 7440 32 4 7722 250 282
641 7393 62 3 7784 329 391
794 7617 27 2 7811 167 194
117 7439 52 4 7863 372 424
537 7720 33 3 7896 143 176
376 7479 62 1 7908 367 429
336 7740 41 2 7999 218 259
865 7768 47 2 8046 231 278
793 7628 72 4 8068 368 440
61 7839 42 3 8160 279 321
235 7729 56 4 8266 481 537
199 8034 22 2 8288 232 254
421 7833 88 4 8326 405 493
929 8084 28 2 8354 242 270
188 8097 33 3 8387 257 290
59 8133 22 4 8409 254 276
714 7856 86 3 8445 503 589
86 7860 67 4 8462 535 602
272 8250 30 2 8492 212 242
313 8269 20 4 8562 273 293
723 8360 43 3 8605 202 245
470 8362 21 4 8626 243 264
332 8265 53 4 8629 311 364
35 8539 44 3 8773 190 234
577 8602 49 4 8822 171 220
404 8515 71 3 8843 257 328
541 8664 36 3 8879 179 215
296 8523 53 3 8882 306 359
792 8727 29 2 8961 205 234
269 8745 22 4 9033 266 288
406 8869 34 3 9117 214 248
711 8881 42 1 9159 236 278
297 8695 63 4 9172 414 477
141 8917 45 4 9217 255 300
703 8918 21 1 9238 299 320
515 8918 47 2 9285 320 367
732 8738 60 2 9295 497 557
413 9006 43 4 9338 289 332
213 9030 30 4 9368 308 338
87 8828 53 2 9371 490 543
575 9051 40 4 9411 320 360
797 9205 25 4 9436 206 231
195 9404 33 3 9519 82 115
200 9362 75 3 9544 107 182
902 9584 21 2 9655 50 71
643 9584 73 4 9678 21 94
924 9593 26 4 9704 85 111
535 9642 56 3 9760 62 118
788 9712 49 1 9809 48 97
874 9753 29 4 9838 56 85
872 9778 41 4 9929 110 151
544 9831 37 4 10016 148 185
222 9768 55 3 10021 198 253
570 9841 46 2 10067 180 226
548 9814 55 1 10072 203 258
704 9957 46 3 10118 115 161
254 9997 21 3 10189 171 192
710 10092 41 4 10280 147 188
757 9967 55 3 10285 263 318
663 10134 43 4 10378 201 244
585 10165 21 2 10399 213 234
672 10064 57 1 10406 285 342
864 10246 42 1 10448 160 202
38 10281 25 4 10473 167 192
239 10128 67 2 10490 295 362
43 10486 45 4 10585 54 99
676 10449 91 4 10626 86 177
648 10492 38 3 10664 134 172
800 10678 57 2 10735 0 57
931 10803 21 4 10824 0 21
603 10805 24 2 10848 19 43
841 10848 69 3 10917 0 69
482 10857 47 3 10964 60 107
211 10879 33 4 10997 85 118
458 10882 40 3 11037 115 155
569 10900 21 3 11058 137 158
322 11022 27 4 11085 36 63
47 11111 40 3 11151 0 40
131 11151 31 3 11232 50 81
983 11132 58 3 11240 50 108
225 11293 58 4 11351 0 58
158 11299 80 1 11431 52 132
344 11409 77 3 11508 22 99
897 11497 27 4 11585 61 88
196 11454 69 4 11604 81 150
709 11627 39 4 11666 0 39
738 11634 43 4 11709 32 75
432 11706 27 1 11736 3 30
325 11727 35 3 11771 9 44
946 11764 43 3 11814 7 50
368 11896 21 3 11917 0 21
23 11936 69 2 12005 0 69
101 11945 40 2 12045 60 100
622 12059 28 3 12087 0 28
167 12130 44 2 12174 0 44
827 12130 34 3 12208 44 78
319 12248 27 3 12275 0 27
712 12285 28 4 12313 0 28
740 12300 52 3 12415 63 115
998 12338 42 4 12457 77 119
95 12301 56 3 12463 106 162
942 12556 36 1 12592 0 36
354 12582 37 4 12629 10 47
725 12614 49 4 12678 15 64
204 12622 51 1 12729 56 107
314 12718 24 4 12753 11 35
417 12760 22 2 12782 0 22
399 12815 80 4 12895 0 80
316 12890 41 3 12936 5 46
928 12949 92 2 13041 0 92
118 13045 56 2 13101 0 56
240 13463 27 3 13490 0 27
437 13554 22 2 13576 0 22
352 13636 41 4 13677 0 41
276 13712 67 2 13779 0 67
881 13723 21 4 13800 56 77
371 13758 32 2 13882 92 124
848 13744 71 4 13953 138 209
175 13863 46 1 13999 90 136
208 13775 60 3 14059 224 284
920 13871 75 4 14084 138 213
921 14124 92 4 14216 0 92
162 14188 31 4 14247 28 59
813 14246 40 3 14287 1 41
560 14280 31 4 14318 7 38
498 14453 29 2 14482 0 29
491 14518 31 3 14549 0 31
647 14552 34 4 14586 0 34
180 14589 57 4 14646 0 57
878 14617 29 4 14675 29 58
311 14641 21 4 14696 34 55
210 14685 74 2 14770 11 85
538 14746 37 3 14807 24 61
42 14759 28 4 14835 48 76
223 14766 28 3 14863 69 97
308 14783 23 4 14886 80 103
627 14831 60 1 15096 205 265
778 14918 37 4 15133 178 215
561 14854 83 1 15166 229 312
415 14980 29 3 15195 186 215
506 14872 56 1 15201 273 329
330 14882 60 3 15211 269 329
890 15100 43 3 15254 111 154
513 15149 49 2 15303 105 154
706 15241 38 3 15441 162 200
9 15180 67 4 15458 211 278
963 15210 70 4 15478 198 268
48 15409 77 4 15555 69 146
85 15503 38 3 15593 52 90
185 15510 27 4 15620 83 110
72 15651 45 4 15696 0 45
922 15671 25 3 15721 25 50
347 15690 43 2 15764 31 74
851 15704 39 3 15803 60 99
831 15796 87 2 15890 7 94
111 15888 34 4 16024 102 136
305 15829 62 2 16036 145 207
646 15869 72 2 16058 117 189
638 16016 28 3 16086 42 70
760 16083 22 2 16108 3 25
563 16173 30 3 16203 0 30
57 16294 39 3 16333 0 39
501 16304 35 4 16368 29 64
566 16326 28 4 16396 42 70
976 16350 23 4 16419 46 69
67 16352 28 3 16447 67 95
201 16405 32 3 16529 92 124
81 16376 68 4 16647 203 271
306 16501 48 2 16695 146 194
830 16413 70 4 16715 232 302
747 16419 52 3 16767 296 348
467 16607 33 3 16800 160 193
520 16641 43 1 16893 209 252
34 16560 60 3 16903 283 343
227 16777 45 2 16998 176 221
762 16781 29 4 17027 217 246
677 16794 39 4 17066 233 272
702 16624 62 3 17078 392 454
821 16869 25 2 17103 209 234
359 16742 95 4 17148 311 406
692 17075 36 4 17184 73 109
339 17076 48 1 17232 108 156
517 17097 40 3 17272 135 175
234 17101 33 4 17305 171 204
82 17126 78 3 17533 329 407
507 17332 45 4 17678 301 346
631 17196 65 3 17743 482 547
678 17285 65 2 17758 408 473
192 17406 24 4 17782 352 376
911 17409 49 4 17831 373 422
60 17414 34 2 17865 417 451
356 17451 50 4 17915 414 464
58 17285 70 1 17935 580 650
607 17469 27 4 17962 466 493
283 17496 33 4 18045 516 549
473 17518 22 4 18067 527 549
152 17308 80 3 18097 709 789
673 17324 81 4 18178 773 854
66 17639 42 4 18220 539 581
684 17337 59 3 18279 883 942
880 17727 32 4 18361 602 634
547 17753 34 4 18445 658 692
759 17474 82 1 18477 921 1003
817 17990 40 4 18517 487 527
960 18060 21 2 18538 457 478
363 17541 59 3 18597 997 1056
939 17654 87 2 18634 893 980
326 18259 30 4 18664 375 405
835 17724 59 3 18673 890 949
96 18280 47 4 18720 393 440
212 17744 79 4 18749 926 1005
608 18088 54 3 18753 611 665
310 18600 32 2 18785 153 185
614 18678 46 4 18931 207 253
735 18682 44 4 18975 249 293
270 18634 58 4 19033 341 399
24 18666 71 3 19054 317 388
194 18778 70 3 19174 326 396
438 18970 66 2 19190 154 220
552 18975 53 4 19193 165 218
772 19118 34 4 19227 75 109
22 19136 26 1 19253 91 117
165 19282 37 2 19319 0 37
435 19334 67 4 19401 0 67
532 19365 32 2 19483 86 118
191 19347 53 4 19486 86 139
307 19438 30 4 19516 48 78
952 19494 49 4 19615 72 121
682 19514 22 4 19737 201 223
469 19453 71 2 19758 234 305
718 19595 49 2 19807 163 212
683 19495 56 3 19813 262 318
558 19501 60 1 19823 262 322
962 19687 75 4 19898 136 211
475 19950 51 3 20001 0 51
786 19978 29 4 20030 23 52
971 20217 53 4 20270 0 53
679 20288 40 3 20328 0 40
666 20356 38 1 20394 0 38
429 20369 47 3 20491 75 122
4 20358 54 3 20495 83 137
401 20429 20 4 20515 66 86
996 20430 36 4 20551 85 121
640 20486 28 1 20579 65 93
388 20503 50 3 20629 76 126
769 20721 33 2 20754 0 33
597 20758 46 3 20804 0 46
323 20947 21 1 20968 0 21
866 20967 20 4 20988 1 21
834 21030 27 2 21057 0 27
991 21079 46 2 21125 0 46
988 21374 53 2 21427 0 53
728 21425 23 3 21450 2 25
28 21444 24 2 21474 6 30
589 21445 60 2 21534 29 89
637 21561 36 4 21597 0 36
378 21597 61 3 21658 0 61
320 21628 31 2 21739 80 111
854 21609 72 3 21761 80 152
610 21667 21 3 21782 94 115
749 21725 71 2 21853 57 128
392 21810 45 4 21898 43 88
261 21854 89 2 22037 94 183
408 21875 62 4 22049 112 174
974 22008 67 4 22116 41 108
763 22076 37 4 22203 90 127
617 22055 86 4 22239 98 184
242 22120 82 4 22371 169 251
384 22221 52 4 22373 100 152
244 22453 35 4 22488 0 35
233 22515 21 4 22536 0 21
220 22517 53 2 22589 19 72
985 22590 28 3 22618 0 28
724 22595 27 2 22645 23 50
883 22597 33 4 22678 48 81
785 22625 37 1 22715 53 90
859 22634 23 2 22738 81 104
826 22927 58 3 22985 0 58
707 23028 38 4 23066 0 38
434 23080 45 2 23125 0 45
303 23102 60 1 23185 23 83
687 23147 21 4 23256 88 109
721 23141 77 3 23283 65 142
357 23231 27 2 23310 52 79
812 23265 48 3 23358 45 93
288 23396 24 1 23420 0 24
625 23425 20 2 23445 0 20
912 23475 42 4 23517 0 42
291 23674 80 1 23754 0 80
94 23779 37 4 23816 0 37
898 23836 31 1 23867 0 31
634 23884 83 4 23967 0 83
619 23888 58 4 24025 79 137
459 24026 63 3 24089 0 63
144 24036 67 2 24206 103 170
391 24044 63 4 24219 112 175
950 24162 21 2 24240 57 78
455 24179 35 2 24275 61 96
781 24215 45 4 24370 110 155
250 24218 34 2 24404 152 186
80 24266 29 4 24433 138 167
461 24274 39 4 24472 159 198
694 24189 54 3 24476 233 287
403 24464 44 4 24570 62 106
31 24280 57 3 24577 240 297
733 24551 20 1 24597 26 46
214 24586 45 3 24642 11 56
884 24607 31 4 24673 35 66
433 24794 54 4 24848 0 54
984 24886 24 4 24910 0 24
279 24927 64 4 24991 0 64
844 24962 48 3 25039 29 77
268 25073 62 4 25135 0 62
531 25080 42 2 25227 105 147
765 25114 48 4 25275 113 161
71 25077 62 2 25287 148 210
518 25190 26 4 25313 97 123
231 25222 55 3 25368 91 146
903 25475 23 4 25498 0 23
636 25489 58 4 25556 9 67
502 25726 25 4 25751 0 25
828 25761 30 4 25791 0 30
281 25775 28 2 25819 16 44
771 25798 23 1 25842 21 44
121 25824 29 4 25871 18 47
807 25864 45 3 25916 7 52
722 26029 48 3 26077 0 48
198 26113 31 3 26144 0 31
484 26138 54 3 26198 6 60
717 26220 30 1 26250 0 30
304 26288 45 4 26333 0 45
774 26380 24 3 26404 0 24
221 26524 62 3 26586 0 62
580 26526 42 1 26628 60 102
19 26617 34 2 26662 11 45
824 26781 24 4 26805 0 24
613 26951 47 3 26998 0 47
808 26984 27 3 27025 14 41
112 26996 32 3 27057 29 61
184 27087 67 3 27154 0 67
416 27279 21 2 27300 0 21
215 27296 58 3 27358 4 62
444 27393 30 2 27423 0 30
836 27445 81 1 27526 0 81
402 27659 22 2 27681 0 22
545 27681 56 3 27737 0 56
896 27686 35 3 27772 51 86
229 27701 39 4 27811 71 110
598 27794 82 3 27893 17 99
716 27821 25 4 27918 72 97
528 27857 31 3 27949 61 92
969 27946 42 4 28041 53 95
224 27894 81 2 28072 97 178
400 27962 24 4 28096 110 134
441 27990 36 4 28132 106 142
986 28024 40 3 28172 108 148
767 28161 47 3 28269 61 108
164 28144 53 3 28272 75 128
76 28214 36 3 28308 58 94
107 28216 29 3 28387 142 171
526 28216 87 3 28474 171 258
157 28267 78 3 28602 257 335
65 28312 63 3 28715 340 403
885 28517 33 2 28748 198 231
203 28380 77 3 28775 318 395
981 28408 61 1 28786 317 378
1 28618 24 3 28810 168 192
791 28648 23 4 28833 162 185
345 28458 72 4 28855 325 397
245 28834 45 4 29000 121 166
982 28680 65 1 29015 270 335
660 28893 40 4 29055 122 162
312 28700 56 3 29061 305 361
993 28940 50 4 29161 171 221
142 28982 48 1 29209 179 227
145 29003 25 4 29234 206 231
178 28921 71 3 29255 263 334
901 29163 25 1 29330 142 167
318 29249 43 4 29373 81 124
353 29112 77 4 29400 211 288
393 29384 33 2 29483 66 99
860 29326 51 1 29484 107 158
25 29574 26 4 29600 0 26
609 29589 25 4 29625 11 36
252 29659 30 3 29689 0 30
83 29903 72 3 29975 0 72
298 29991 52 3 30043 0 52
327 30079 75 3 30154 0 75
342 30119 43 4 30247 85 128
385 30088 93 3 30290 109 202
581 30485 34 4 30519 0 34
873 30543 20 4 30563 0 20
789 30569 30 1 30599 0 30
829 30592 35 4 30634 7 42
662 30623 22 2 30656 11 33
423 30693 89 1 30782 0 89
941 30733 75 1 30857 49 124
632 30848 42 4 30899 9 51
407 30911 39 2 30950 0 39
755 30919 57 4 31007 31 88
238 30971 56 3 31063 36 92
595 31029 66 4 31129 34 100
77 31070 36 3 31165 59 95
776 31136 28 4 31193 29 57
375 31226 57 1 31283 0 57
290 31280 89 4 31372 3 92
216 31288 58 4 31480 134 192
465 31394 29 4 31509 86 115
842 31323 51 1 31510 136 187
367 31480 27 2 31537 30 57
124 31491 31 4 31568 46 77
689 31536 31 1 31599 32 63
75 31561 27 3 31626 38 65
623 31586 35 2 31661 40 75
742 31588 24 4 31685 73 97
770 31637 45 4 31730 48 93
3 31683 25 4 31755 47 72
837 31783 36 1 31819 0 36
122 31842 26 3 31868 0 26
289 31874 47 4 31921 0 47
908 31932 37 4 31969 0 37
217 32084 30 4 32114 0 30
468 32158 48 1 32206 0 48
249 32352 34 4 32386 0 34
247 32639 42 4 32681 0 42
825 32781 62 4 32843 0 62
18 32792 54 4 32897 51 105
879 32995 44 4 33039 0 44
166 33105 42 3 33147 0 42
20 33147 46 4 33193 0 46
820 33276 37 2 33313 0 37
55 33307 48 4 33361 6 54
671 33474 50 2 33524 0 50
483 33793 33 2 33826 0 33
140 33803 34 1 33860 23 57
656 33852 39 4 33999 108 147
133 33814 52 4 34001 135 187
62 33830 93 2 34044 121 214
999 34002 23 3 34067 42 65
317 34039 57 4 34124 28 85
209 34074 25 3 34149 50 75
587 34086 20 4 34169 63 83
783 34172 26 4 34198 0 26
46 34199 71 4 34270 0 71
744 34250 21 4 34291 20 41
1000 34381 50 4 34431 0 50
50 34451 40 4 34491 0 40
543 34648 26 2 34674 0 26
262 34776 35 2 34811 0 35
892 34873 28 2 34901 0 28
802 34936 56 4 34992 0 56
154 35033 96 2 35129 0 96
713 35217 27 2 35244 0 27
123 35238 23 3 35267 6 29
868 35248 34 2 35301 19 53
113 35252 47 4 35348 49 96
74 35264 41 1 35389 84 125
390 35459 64 3 35523 0 64
445 35483 58 3 35581 40 98
596 35603 27 1 35630 0 27
284 35667 94 4 35761 0 94
882 35729 72 4 35833 32 104
489 35775 38 4 35871 58 96
366 35792 28 3 35899 79 107
809 35820 38 3 35937 79 117
557 35978 20 3 35998 0 20
183 36171 51 3 36222 0 51
64 36186 43 1 36265 36 79
329 36190 30 4 36295 75 105
739 36402 28 4 36430 0 28
917 36434 35 3 36469 0 35
839 36495 41 3 36536 0 41
691 36496 57 4 36593 40 97
477 36640 37 1 36677 0 37
27 36722 49 4 36771 0 49
381 36789 73 4 36862 0 73
975 36862 23 4 36935 50 73
69 36794 71 4 36956 91 162
959 37005 24 4 37029 0 24
508 37018 76 3 37105 11 87
33 37169 44 4 37213 0 44
726 37187 27 2 37240 26 53
256 37317 37 3 37354 0 37
301 37340 22 3 37376 14 36
119 37443 43 4 37486 0 43
426 37576 25 4 37601 0 25
944 37641 48 2 37689 0 48
193 37687 72 2 37761 2 74
236 38165 83 2 38248 0 83
39 38241 63 3 38311 7 70
109 38300 24 4 38335 11 35
861 38316 24 3 38359 19 43
590 38373 50 2 38423 0 50
925 38484 22 1 38506 0 22
160 38552 69 3 38621 0 69
787 38850 60 3 38910 0 60
795 38867 32 1 38942 43 75
395 38903 45 4 38987 39 84
251 38927 46 3 39033 60 106
877 39080 38 4 39118 0 38
593 39351 26 3 39377 0 26
798 39416 57 4 39473 0 57
21 39511 24 4 39535 0 24
451 39570 50 2 39620 0 50
628 39627 31 4 39658 0 31
419 39766 26 1 39792 0 26
780 39784 47 3 39839 8 55
565 39832 67 3 39906 7 74
108 39888 46 2 39952 18 64
479 40008 37 3 40045 0 37
93 40099 72 4 40171 0 72
40 40116 23 4 40194 55 78
594 40162 33 3 40227 32 65
466 40198 37 2 40264 29 66
321 40210 27 4 40291 54 81
365 40210 40 3 40331 81 121
452 40479 25 3 40504 0 25
494 40530 75 2 40605 0 75
782 40561 29 2 40684 94 123
295 40544 61 3 40695 90 151
138 40637 30 2 40725 58 88
876 40849 47 1 40896 0 47
695 40998 87 4 41085 0 87
246 41043 33 1 41168 92 125
899 41029 84 1 41252 139 223
906 41122 33 2 41285 130 163
748 41047 84 4 41369 238 322
315 41283 21 2 41390 86 107
187 41152 56 4 41396 188 244
102 41308 54 4 41500 138 192
583 41359 82 3 41582 141 223
340 41457 25 2 41607 125 150
232 41443 74 4 41631 114 188
553 41762 69 4 41831 0 69
333 41868 72 2 41940 0 72
576 41876 23 3 41963 64 87
652 42009 52 3 42061 0 52
504 42046 64 4 42125 15 79
448 42150 23 2 42173 0 23
453 42428 36 1 42464 0 36
362 42508 30 4 42538 0 30
657 42648 23 3 42671 0 23
752 42652 73 4 42744 19 92
645 42687 70 4 42864 107 177
487 42794 49 4 42913 70 119
968 42733 89 3 42952 130 219
120 42800 35 3 42987 152 187
169 42812 50 3 43037 175 225
592 42821 31 2 43068 216 247
731 43078 51 3 43129 0 51
457 43136 94 2 43230 0 94
737 43159 41 3 43271 71 112
456 43543 44 3 43587 0 44
41 43590 58 1 43648 0 58
286 43691 93 3 43784 0 93
801 43803 61 4 43864 0 61
534 43806 80 4 43944 58 138
777 43927 65 4 44009 17 82
73 44293 54 4 44347 0 54
612 44439 71 3 44510 0 71
449 44486 20 3 44530 24 44
743 44523 33 4 44563 7 40
267 44585 53 4 44638 0 53
263 44714 25 3 44739 0 25
202 44801 55 2 44856 0 55
159 44842 84 4 44940 14 98
895 44865 52 3 44992 75 127
764 44946 30 2 45022 46 76
56 45067 67 3 45134 0 67
32 45119 60 4 45194 15 75
891 45138 26 2 45220 56 82
68 45178 45 4 45265 42 87
913 45770 30 4 45800 0 30
894 45862 52 4 45914 0 52
629 46007 45 1 46052 0 45
850 46055 55 1 46110 0 55
205 46144 38 2 46182 0 38
436 46199 60 4 46259 0 60
411 46545 22 2 46567 0 22
488 46545 41 4 46608 22 63
734 46799 29 3 46828 0 29
680 46898 21 2 46919 0 21
693 46984 22 3 47006 0 22
833 47143 21 2 47164 0 21
661 47147 23 4 47187 17 40
867 47236 61 3 47297 0 61
964 47289 73 4 47370 8 81
418 47369 72 4 47442 1 73
372 47375 43 1 47485 67 110
943 47379 78 4 47613 156 234
394 47446 88 3 47651 117 205
870 47561 40 3 47691 90 130
615 47609 50 3 47741 82 132
446 47709 23 3 47814 82 105
909 47695 69 3 47833 69 138
940 47743 60 2 47893 90 150
480 47871 33 3 47976 72 105
294 47890 34 3 48010 86 120
471 47839 68 4 48028 121 189
750 47898 24 4 48052 130 154
309 47904 31 2 48083 148 179
572 48038 75 4 48158 45 120
11 48215 38 4 48253 0 38
53 48336 68 1 48404 0 68
665 48349 21 4 48425 55 76
5 48424 50 4 48475 1 51
430 48541 30 4 48571 0 30
658 48614 40 3 48654 0 40
51 48614 35 2 48689 40 75
265 48797 55 4 48852 0 55
674 48876 66 4 48942 0 66
871 48953 30 3 48983 0 30
12 48965 23 2 49056 68 91
814 48959 67 4 49073 47 114
510 49003 33 4 49106 70 103
849 49161 50 4 49211 0 50
425 49306 53 4 49359 0 53
148 49323 57 2 49466 86 143
258 49342 59 3 49475 74 133
900 49464 39 2 49514 11 50
571 49488 66 4 49580 26 92
934 49534 58 4 49638 46 104
114 49648 37 4 49685 0 37
651 49824 35 2 49859 0 35
155 49963 73 2 50036 0 73
503 50047 67 4 50114 0 67
606 50147 28 3 50175 0 28
135 50457 74 3 50531 0 74
626 50549 45 2 50594 0 45
539 50715 25 1 50740 0 25
567 50718 49 4 50789 22 71
293 50955 61 4 51016 0 61
103 51022 49 3 51071 0 49
447 51168 42 4 51210 0 42
514 51168 62 3 51272 42 104
105 51410 34 3 51444 0 34
635 51699 22 3 51721 0 22
150 51758 73 2 51831 0 73
237 51806 31 3 51862 25 56
6 51844 25 4 51887 18 43
670 52019 51 3 52070 0 51
253 52048 58 4 52128 22 80
686 52229 49 3 52278 0 49
933 52417 56 4 52473 0 56
137 52427 56 4 52529 46 102
478 52511 24 4 52553 18 42
463 52637 52 2 52689 0 52
773 52812 23 3 52835 0 23
624 53058 61 4 53119 0 61
486 53077 27 3 53146 42 69
472 53140 28 4 53174 6 34
130 53282 75 4 53357 0 75
163 53439 34 1 53473 0 34
698 53611 62 4 53673 0 62
17 53870 31 3 53901 0 31
915 53897 23 2 53924 4 27
756 54001 31 3 54032 0 31
397 54007 33 3 54065 25 58
997 54064 33 3 54098 1 34
37 54157 57 1 54214 0 57
736 54214 68 4 54282 0 68
171 54328 34 2 54362 0 34
509 54562 51 3 54613 0 51
116 54588 31 2 54644 25 56
555 54714 37 3 54751 0 37
554 54876 44 4 54920 0 44
115 55022 21 3 55043 0 21
618 55253 50 2 55303 0 50
823 55292 36 4 55339 11 47
907 55319 38 4 55377 20 58
474 55402 47 2 55449 0 47
497 55457 21 3 55478 0 21
653 55476 28 4 55506 2 30
282 55562 22 3 55584 0 22
620 55658 64 4 55722 0 64
476 55919 23 4 55942 0 23
91 55958 33 3 55991 0 33
819 56390 40 3 56430 0 40
174 56462 26 2 56488 0 26
523 56633 63 2 56696 0 63
966 57020 95 4 57115 0 95
811 57207 21 2 57228 0 21
361 57303 26 2 57329 0 26
562 57431 55 3 57486 0 55
741 57587 23 3 57610 0 23
604 57773 33 3 57806 0 33
530 57918 26 4 57944 0 26
550 58161 41 3 58202 0 41
970 58168 83 4 58285 34 117
845 58283 33 4 58368 52 85
720 58257 52 4 58370 61 113
995 58331 80 2 58450 39 119
431 58447 30 3 58480 3 33
260 58506 91 4 58597 0 91
853 58582 48 2 58645 15 63
715 58715 64 4 58779 0 64
644 58808 21 4 58829 0 21
485 58838 43 4 58881 0 43
78 58881 25 3 58906 0 25
176 58895 22 4 58978 61 83
177 58890 65 1 58993 38 103
664 59038 70 2 59108 0 70
147 59059 35 3 59143 49 84
856 59359 42 4 59401 0 42
863 59360 48 3 59449 41 89
803 59384 55 2 59504 65 120
919 59459 83 4 59587 45 128
847 59508 39 3 59626 79 118
334 59594 45 4 59671 32 77
775 59862 27 2 59889 0 27
936 60696 53 3 60749 0 53
355 60946 21 1 60967 0 21
331 60948 31 4 60998 19 50
527 60959 40 4 61038 39 79
79 61162 37 3 61199 0 37
768 61177 40 4 61239 22 62
92 61199 39 4 61278 40 79
540 61369 36 3 61405 0 36
932 61382 21 2 61426 23 44
44 61487 20 4 61507 0 20
129 61500 51 3 61558 7 58
810 61816 39 3 61855 0 39
893 62037 51 3 62088 0 51
761 62434 46 4 62480 0 46
611 62503 30 3 62533 0 30
967 62557 21 3 62578 0 21
923 62588 71 1 62659 0 71
255 62662 28 4 62690 0 28
522 62776 75 3 62851 0 75
549 62811 28 1 62879 40 68
956 62825 22 4 62901 54 76
796 62941 48 4 62989 0 48
869 62992 21 1 63013 0 21
134 63325 79 4 63404 0 79
495 63530 74 4 63604 0 74
551 63796 36 4 63832 0 36
369 63825 42 4 63874 7 49
153 63915 45 3 63960 0 45
649 63952 42 2 64002 8 50
207 63979 24 4 64026 23 47
521 64003 22 2 64048 23 45
642 64163 31 4 64194 0 31
804 64526 67 4 64593 0 67
727 64618 40 2 64658 0 40
277 64636 49 4 64707 22 71
278 64817 21 4 64838 0 21
36 65300 52 4 65352 0 52
26 65500 20 4 65520 0 20
257 65861 37 3 65898 0 37
190 66204 50 1 66254 0 50
599 66254 51 3 66305 0 51
958 66283 65 4 66370 22 87
126 66509 61 4 66570 0 61
546 66701 51 2 66752 0 51
910 66856 27 2 66883 0 27
579 67000 66 4 67066 0 66
905 67026 47 4 67113 40 87
386 67109 24 3 67137 4 28
696 67482 71 4 67553 0 71
977 67493 32 3 67585 60 92
633 67802 69 4 67871 0 69
745 67822 62 4 67983 99 161
8 67863 57 4 67990 70 127
832 67963 48 2 68038 27 75
979 68022 50 4 68088 16 66
949 68144 87 4 68231 0 87
511 68436 53 4 68489 0 53
699 68664 27 3 68691 0 27
2 68802 46 1 68848 0 46
346 69124 46 4 69170 0 46
45 69134 32 3 69202 36 68
855 69451 76 1 69527 0 76
947 69598 47 3 69645 0 47
719 69718 43 2 69761 0 43
379 69814 55 3 69869 0 55
364 69964 81 3 70045 0 81
701 70058 21 1 70079 0 21
29 70481 47 2 70528 0 47
978 70599 40 1 70639 0 40
568 71322 45 4 71367 0 45
373 71363 68 2 71435 4 72
490 71461 76 2 71537 0 76
170 71745 45 4 71790 0 45
383 71827 34 2 71861 0 34
616 71860 41 4 71902 1 42
938 72737 52 3 72789 0 52
729 72978 23 3 73001 0 23
146 73097 29 3 73126 0 29
916 73345 32 3 73377 0 32
918 73718 39 2 73757 0 39
182 73756 34 3 73791 1 35
639 73800 25 4 73825 0 25
360 73881 40 4 73921 0 40
181 74070 58 2 74128 0 58
790 74416 38 3 74454 0 38
875 74445 50 1 74504 9 59
300 74479 44 4 74548 25 69
529 74517 22 2 74570 31 53
505 74626 48 2 74674 0 48
292 75438 44 1 75482 0 44
337 75811 58 4 75869 0 58
230 76042 66 3 76108 0 66
588 76320 29 1 76349 0 29
512 76341 32 4 76381 8 40
574 76508 30 4 76538 0 30
341 76665 53 3 76718 0 53
948 77005 23 4 77028 0 23
990 77939 30 2 77969 0 30
439 78063 40 4 78103 0 40
156 78123 32 4 78155 0 32
442 78251 63 4 78314 0 63
630 78680 21 4 78701 0 21
54 78953 62 3 79015 0 62
685 79200 50 4 79250 0 50
582 80016 50 4 80066 0 50
387 80239 21 1 80260 0 21
380 80537 35 4 80572 0 35
410 80735 34 3 80769 0 34
428 80886 61 4 80947 0 61
659 81662 59 3 81721 0 59
377 81972 22 2 81994 0 22
396 81987 41 2 82085 57 98
700 81980 52 4 82087 55 107
536 82974 59 2 83033 0 59
143 83039 96 1 83135 0 96
335 83583 60 4 83643 0 60
822 83970 27 2 83997 0 27
374 84522 21 4 84543 0 21
241 84587 37 3 84624 0 37
275 84655 24 4 84679 0 24
454 84704 40 1 84744 0 40
481 85167 44 3 85211 0 44
951 85493 67 2 85560 0 67
398 85542 66 4 85626 18 84
151 85585 78 3 85704 41 119
784 85974 50 3 86024 0 50
705 86772 71 1 86843 0 71
904 87857 27 3 87884 0 27
409 88079 27 1 88106 0 27
556 88125 58 3 88183 0 58
13 88660 65 3 88725 0 65
857 88821 38 4 88859 0 38
815 89222 32 2 89254 0 32
186 89230 35 2 89289 24 59
499 89420 38 1 89458 0 38
324 89963 27 3 89990 0 27
420 91884 49 4 91933 0 49
930 92074 25 4 92099 0 25
63 92560 30 4 92590 0 30
542 93332 27 4 93359 0 27
564 95307 39 3 95346 0 39
500 96403 58 4 96461 0 58
754 96939 25 4 96964 0 25
