98515 1000 3663 3590
747 44 74 3 118 0 74
17 63 72 4 191 56 128
197 74 53 3 244 117 170
137 102 53 4 297 142 195
826 120 70 1 368 178 248
186 159 91 4 459 209 300
733 236 77 4 536 223 300
669 276 36 4 572 260 296
144 356 95 4 668 217 312
699 371 34 4 702 297 331
208 386 41 3 743 316 357
141 389 82 4 825 354 436
628 393 53 3 878 432 485
953 449 90 4 968 429 519
398 469 57 2 1025 499 556
288 541 54 3 1079 484 538
290 837 84 3 1164 243 327
917 944 85 1 1249 220 305
55 967 86 4 1335 282 368
531 1037 64 3 1399 298 362
914 1084 74 3 1474 316 390
396 1096 48 3 1522 378 426
433 1146 23 4 1545 376 399
549 1162 81 4 1626 383 464
696 1165 95 3 1721 461 556
179 1178 84 2 1805 543 627
662 1257 74 4 1879 548 622
485 1263 83 1 1962 616 699
753 1332 93 4 2055 630 723
362 1453 85 3 2141 603 688
630 1573 53 3 2194 568 621
641 1575 60 4 2254 619 679
979 1611 69 4 2323 643 712
79 1690 84 4 2407 633 717
771 1722 94 1 2501 685 779
238 1743 95 4 2596 758 853
36 1772 55 4 2651 824 879
928 1773 41 3 2692 878 919
3 1785 88 4 2780 907 995
656 1905 95 3 2875 875 970
85 1979 59 3 2934 896 955
192 2038 88 2 3022 896 984
827 2084 91 4 3114 939 1030
151 2117 91 2 3205 997 1088
751 2212 80 2 3285 993 1073
140 2247 60 3 3345 1038 1098
553 2364 77 3 3422 981 1058
24 2373 82 4 3504 1049 1131
236 2443 45 4 3549 1061 1106
278 2463 81 3 3630 1086 1167
655 2613 76 3 3706 1017 1093
51 2742 80 2 3786 964 1044
471 2876 53 1 3839 910 963
676 2946 41 3 3880 893 934
184 2955 57 4 3937 925 982
257 3016 95 2 4032 921 1016
548 3022 99 3 4131 1010 1109
626 3051 35 3 4167 1081 1116
162 3147 83 2 4250 1020 1103
145 3202 96 2 4346 1048 1144
170 3218 78 3 4424 1128 1206
332 3228 86 4 4510 1196 1282
677 3235 54 4 4564 1275 1329
95 3352 80 4 4644 1212 1292
105 3382 46 1 4690 1262 1308
209 3448 86 2 4776 1242 1328
855 3501 88 2 4864 1275 1363
480 3675 74 4 4938 1189 1263
399 3695 84 1 5022 1243 1327
337 3822 53 2 5075 1200 1253
46 3856 89 3 5164 1219 1308
111 3946 43 4 5207 1218 1261
289 3948 49 4 5256 1259 1308
331 3981 100 4 5356 1275 1375
980 3981 91 3 5447 1375 1466
472 4000 65 3 5512 1447 1512
809 4183 39 3 5552 1330 1369
245 4249 65 1 5617 1303 1368
685 4397 78 4 5695 1220 1298
279 4477 91 4 5786 1218 1309
434 4504 89 4 5875 1282 1371
786 4509 47 4 5922 1366 1413
578 4539 84 2 6006 1383 1467
632 4697 83 4 6089 1309 1392
15 4698 82 4 6171 1391 1473
438 4698 72 4 6243 1473 1545
158 4802 47 4 6290 1441 1488
875 4962 37 2 6327 1328 1365
504 5077 53 1 6380 1250 1303
343 5126 52 4 6432 1254 1306
169 5209 68 2 6500 1223 1291
40 5215 83 1 6583 1285 1368
910 5222 88 4 6671 1361 1449
134 5249 47 1 6718 1422 1469
415 5262 87 4 6805 1456 1543
535 5264 87 3 6892 1541 1628
552 5302 69 3 6961 1590 1659
270 5323 66 2 7027 1638 1704
47 5328 70 4 7097 1699 1769
19 5356 94 3 7191 1741 1835
516 5537 49 4 7241 1655 1704
461 5597 89 4 7330 1644 1733
287 5635 91 2 7421 1695 1786
756 5780 92 4 7513 1641 1733
103 5821 73 2 7586 1692 1765
152 5922 98 2 7684 1664 1762
777 6028 87 3 7771 1656 1743
189 6102 61 2 7832 1669 1730
26 6102 77 1 7909 1730 1807
927 6191 79 3 7988 1718 1797
345 6247 61 4 8049 1741 1802
961 6312 84 3 8133 1737 1821
355 6366 57 2 8190 1767 1824
675 6395 80 4 8270 1795 1875
877 6420 91 4 8361 1850 1941
124 6423 89 3 8450 1938 2027
547 6425 92 3 8542 2025 2117
648 6436 33 4 8575 2106 2139
78 6471 78 4 8653 2104 2182
825 6503 92 4 8745 2150 2242
188 6583 32 4 8777 2162 2194
595 6668 69 3 8846 2109 2178
565 6687 95 3 8941 2159 2254
629 6858 83 4 9024 2083 2166
657 6864 97 3 9121 2160 2257
667 6870 68 2 9189 2251 2319
916 6927 57 4 9246 2262 2319
638 6969 47 3 9293 2277 2324
363 7003 55 3 9348 2290 2345
309 7048 90 4 9438 2300 2390
281 7084 68 4 9506 2354 2422
601 7159 100 2 9606 2347 2447
210 7205 45 3 9652 2402 2447
610 7283 83 1 9735 2369 2452
576 7322 86 3 9821 2413 2499
836 7417 69 4 9890 2404 2473
92 7423 60 3 9950 2467 2527
469 7455 64 2 10014 2495 2559
886 7473 51 3 10065 2541 2592
84 7493 83 3 10148 2572 2655
16 7543 38 4 10186 2605 2643
319 7577 88 1 10274 2609 2697
110 7624 67 1 10341 2650 2717
921 7682 66 3 10407 2659 2725
201 7782 32 4 10439 2625 2657
587 7856 70 3 10509 2583 2653
511 7899 65 1 10574 2610 2675
621 7914 83 3 10657 2660 2743
555 8033 99 3 10756 2624 2723
118 8169 72 3 10828 2587 2659
9 8209 60 2 10888 2619 2679
909 8243 40 3 10928 2645 2685
643 8325 79 3 11007 2603 2682
90 8450 91 2 11098 2557 2648
784 8513 69 4 11167 2585 2654
109 8573 87 3 11254 2594 2681
832 8626 26 2 11280 2628 2654
416 8684 94 1 11374 2596 2690
973 8685 77 2 11451 2689 2766
559 8707 73 4 11524 2744 2817
780 8720 62 3 11586 2804 2866
122 8768 86 4 11672 2818 2904
627 8776 81 4 11753 2896 2977
117 8852 91 1 11844 2901 2992
640 8900 54 2 11898 2944 2998
193 8930 60 4 11958 2968 3028
903 8935 50 4 12008 3023 3073
722 8942 89 3 12097 3066 3155
671 8946 74 2 12171 3151 3225
475 9008 90 4 12261 3163 3253
574 9022 90 2 12351 3239 3329
505 9042 61 3 12412 3309 3370
101 9080 70 3 12482 3332 3402
590 9097 60 2 12542 3385 3445
114 9166 89 2 12631 3376 3465
429 9211 81 3 12712 3420 3501
420 9216 45 3 12757 3496 3541
299 9227 74 3 12831 3530 3604
150 9291 75 3 12906 3540 3615
175 9300 100 4 13006 3606 3706
710 9358 70 4 13076 3648 3718
987 9378 71 3 13147 3698 3769
499 9424 90 3 13237 3723 3813
450 9445 83 3 13320 3792 3875
207 9461 38 3 13358 3859 3897
904 9514 90 4 13448 3844 3934
82 9629 52 3 13501 3820 3872
76 9651 88 4 13589 3850 3938
408 9698 98 1 13687 3891 3989
529 9743 55 2 13742 3944 3999
444 9827 93 1 13835 3915 4008
163 9956 90 4 13925 3879 3969
869 9959 46 4 13971 3966 4012
820 10000 62 2 14033 3971 4033
689 10082 46 4 14079 3951 3997
425 10206 63 2 14142 3873 3936
172 10210 95 2 14237 3932 4027
217 10279 87 4 14324 3958 4045
541 10356 44 2 14368 3968 4012
942 10413 96 1 14464 3955 4051
993 10438 93 4 14557 4026 4119
964 10481 49 4 14606 4076 4125
752 10486 79 3 14685 4120 4199
37 10494 98 4 14783 4191 4289
27 10520 64 3 14847 4263 4327
654 10739 76 4 14923 4108 4184
73 10959 94 4 15017 3964 4058
187 11004 81 3 15098 4013 4094
432 11039 64 4 15162 4059 4123
971 11163 99 4 15261 3999 4098
636 11178 79 3 15340 4083 4162
865 11284 47 4 15387 4056 4103
818 11569 69 3 15456 3818 3887
519 11601 64 2 15520 3855 3919
164 11617 82 4 15602 3903 3985
796 11679 64 4 15666 3923 3987
335 11711 52 3 15718 3955 4007
199 11745 77 4 15795 3973 4050
738 11956 37 4 15832 3839 3876
647 12000 61 1 15893 3832 3893
293 12220 88 4 15981 3673 3761
508 12335 69 4 16050 3646 3715
116 12400 76 4 16126 3650 3726
593 12428 71 4 16197 3698 3769
77 12476 57 1 16254 3721 3778
577 12635 79 2 16333 3619 3698
618 12646 40 2 16373 3687 3727
539 12767 89 3 16462 3606 3695
98 12803 92 4 16554 3659 3751
759 12808 85 4 16639 3746 3831
550 12879 99 2 16738 3760 3859
551 12914 77 4 16815 3824 3901
498 13124 92 4 16907 3691 3783
561 13265 83 2 16990 3642 3725
805 13339 96 3 17086 3651 3747
39 13555 58 4 17145 3532 3590
326 13594 37 3 17182 3551 3588
959 13595 85 2 17267 3587 3672
741 13650 62 1 17329 3617 3679
506 13778 77 2 17406 3551 3628
478 13788 96 2 17502 3618 3714
743 13813 78 2 17580 3689 3767
873 13889 76 3 17656 3691 3767
926 13916 46 2 17702 3740 3786
132 13926 91 3 17793 3776 3867
666 13979 96 4 17889 3814 3910
837 14000 70 4 17959 3889 3959
852 14054 98 3 18057 3905 4003
859 14108 97 4 18154 3949 4046
988 14138 61 3 18215 4016 4077
706 14225 78 3 18293 3990 4068
30 14268 53 4 18346 4025 4078
314 14268 91 4 18437 4078 4169
195 14291 97 4 18534 4146 4243
509 14385 82 2 18616 4149 4231
670 14457 31 3 18647 4159 4190
424 14706 59 1 18706 3941 4000
358 14735 53 4 18759 3971 4024
840 14805 97 2 18856 3954 4051
879 14807 86 3 18942 4049 4135
612 14919 99 4 19041 4023 4122
439 14990 63 1 19104 4051 4114
403 15003 89 4 19193 4101 4190
412 15005 83 3 19276 4188 4271
382 15011 78 2 19354 4265 4343
160 15077 65 4 19419 4277 4342
822 15156 98 4 19517 4263 4361
792 15163 36 4 19553 4354 4390
850 15246 27 4 19580 4307 4334
846 15266 56 4 19636 4314 4370
167 15317 57 4 19693 4319 4376
42 15319 57 1 19750 4374 4431
894 15332 98 3 19848 4418 4516
955 15413 43 3 19891 4435 4478
789 15438 69 3 19960 4453 4522
853 15526 68 2 20028 4434 4502
906 15547 68 3 20096 4481 4549
711 15579 80 3 20176 4517 4597
867 15693 70 4 20246 4483 4553
823 15712 94 4 20340 4534 4628
772 15743 92 2 20432 4597 4689
328 15844 89 2 20521 4588 4677
526 15908 86 1 20607 4613 4699
226 15928 97 3 20704 4679 4776
947 15960 98 3 20802 4744 4842
782 16038 65 2 20867 4764 4829
43 16039 47 3 20914 4828 4875
579 16121 62 3 20976 4793 4855
949 16143 96 2 21072 4833 4929
330 16157 89 4 21161 4915 5004
929 16164 88 3 21249 4997 5085
154 16309 94 2 21343 4940 5034
591 16475 98 2 21441 4868 4966
32 16504 97 4 21538 4937 5034
536 16563 71 3 21609 4975 5046
992 16638 70 4 21679 4971 5041
123 16680 49 3 21728 4999 5048
634 16827 30 1 21758 4901 4931
62 16893 92 4 21850 4865 4957
284 16923 73 3 21923 4927 5000
354 16965 74 1 21997 4958 5032
596 16966 70 2 22067 5031 5101
644 17001 86 1 22153 5066 5152
400 17242 60 3 22214 4912 4972
763 17260 67 4 22281 4954 5021
308 17262 65 4 22346 5019 5084
4 17365 52 3 22398 4981 5033
453 17439 67 2 22465 4959 5026
223 17474 58 3 22523 4991 5049
686 17483 87 4 22610 5040 5127
958 17487 89 2 22699 5123 5212
939 17518 53 2 22752 5181 5234
660 17549 81 3 22833 5203 5284
682 17558 47 3 22880 5275 5322
348 17645 86 1 22966 5235 5321
833 17710 76 2 23042 5256 5332
844 17792 66 2 23108 5250 5316
736 17832 75 2 23183 5276 5351
774 17851 75 4 23258 5332 5407
935 17886 53 3 23311 5372 5425
133 17898 77 4 23388 5413 5490
397 17975 38 3 23426 5413 5451
336 18254 90 4 23516 5172 5262
294 18295 28 4 23544 5221 5249
639 18306 57 2 23601 5238 5295
847 18342 84 3 23685 5259 5343
86 18420 78 3 23763 5265 5343
996 18445 80 2 23843 5318 5398
678 18501 41 2 23884 5342 5383
862 18638 99 4 23983 5246 5345
20 18663 67 3 24050 5320 5387
600 18683 87 3 24137 5367 5454
295 18733 49 4 24186 5404 5453
614 18779 36 3 24222 5407 5443
545 18882 94 3 24316 5340 5434
575 19020 51 4 24367 5296 5347
317 19035 93 3 24460 5332 5425
83 19037 75 4 24535 5423 5498
585 19066 59 1 24594 5469 5528
296 19254 51 4 24645 5340 5391
687 19275 60 3 24705 5370 5430
651 19528 52 3 24757 5177 5229
467 19580 63 2 24820 5177 5240
104 19653 35 3 24855 5167 5202
388 19697 99 3 24954 5158 5257
147 19700 35 4 24989 5254 5289
880 19810 72 4 25061 5179 5251
952 19850 37 3 25098 5211 5248
258 19946 83 4 25181 5152 5235
35 20327 93 2 25274 4854 4947
360 20339 81 1 25355 4935 5016
732 20355 87 2 25442 5000 5087
173 20512 69 2 25511 4930 4999
564 20572 93 1 25604 4939 5032
431 20648 83 4 25687 4956 5039
831 20775 72 2 25759 4912 4984
701 20839 98 1 25857 4920 5018
999 20923 65 4 25922 4934 4999
672 20923 60 4 25982 4999 5059
994 20963 92 3 26074 5019 5111
919 20981 81 2 26155 5093 5174
793 21024 92 1 26247 5131 5223
893 21240 87 4 26334 5007 5094
410 21277 38 4 26372 5057 5095
221 21339 89 2 26461 5033 5122
922 21418 73 4 26534 5043 5116
515 21490 35 4 26569 5044 5079
897 21519 30 4 26599 5050 5080
775 21560 93 2 26692 5039 5132
156 21613 54 1 26746 5079 5133
131 21625 60 1 26806 5121 5181
390 21706 81 2 26887 5100 5181
791 21737 81 4 26968 5150 5231
802 21798 39 3 27007 5170 5209
91 21804 51 3 27058 5203 5254
546 21891 51 4 27109 5167 5218
731 22017 92 2 27201 5092 5184
466 22059 84 2 27285 5142 5226
715 22209 95 3 27381 5077 5172
496 22325 65 4 27446 5056 5121
891 22335 75 3 27521 5111 5186
304 22402 94 4 27615 5119 5213
380 22422 71 2 27686 5193 5264
372 22464 97 4 27783 5222 5319
477 22730 95 2 27878 5053 5148
1 22853 65 2 27943 5025 5090
803 22964 94 4 28037 4979 5073
583 22975 60 1 28097 5062 5122
527 23072 86 3 28183 5025 5111
957 23096 79 1 28262 5087 5166
407 23174 73 3 28335 5088 5161
482 23194 89 4 28424 5141 5230
443 23212 81 3 28505 5212 5293
266 23217 70 4 28575 5288 5358
658 23426 77 4 28652 5149 5226
267 23503 87 3 28739 5149 5236
1000 23543 96 3 28835 5196 5292
665 23677 91 2 28926 5158 5249
507 23682 86 1 29012 5244 5330
322 23733 32 3 29044 5279 5311
49 23848 100 3 29144 5196 5296
808 23893 58 4 29202 5251 5309
619 23897 86 2 29288 5305 5391
216 23970 44 4 29332 5318 5362
479 24059 89 3 29421 5273 5362
344 24104 90 4 29511 5317 5407
341 24138 66 4 29577 5373 5439
900 24166 98 4 29675 5411 5509
901 24168 93 4 29768 5507 5600
913 24215 87 3 29855 5553 5640
622 24217 100 2 29955 5638 5738
729 24242 96 4 30051 5713 5809
138 24423 32 1 30083 5628 5660
383 24470 98 2 30181 5613 5711
233 24509 99 3 30280 5672 5771
520 24585 46 4 30326 5695 5741
230 24621 61 1 30387 5705 5766
884 24660 73 3 30460 5727 5800
912 24700 55 1 30515 5760 5815
474 24766 33 3 30548 5749 5782
945 24845 66 3 30614 5703 5769
67 24851 31 4 30645 5763 5794
369 24860 54 2 30699 5785 5839
598 25004 85 3 30784 5695 5780
260 25036 69 3 30853 5748 5817
442 25087 74 4 30927 5766 5840
830 25094 97 4 31024 5833 5930
493 25259 89 3 31113 5765 5854
300 25284 99 2 31212 5829 5928
604 25311 92 1 31304 5901 5993
698 25420 85 2 31389 5884 5969
995 25440 38 3 31427 5949 5987
739 25493 68 4 31495 5934 6002
860 25560 70 3 31565 5935 6005
225 25628 79 2 31644 5937 6016
56 25709 88 2 31732 5935 6023
448 25719 59 1 31791 6013 6072
446 25733 90 2 31881 6058 6148
125 25756 73 4 31954 6125 6198
231 26013 89 2 32043 5941 6030
975 26053 68 2 32111 5990 6058
176 26178 34 2 32145 5933 5967
196 26239 64 2 32209 5906 5970
960 26487 84 4 32293 5722 5806
386 26635 92 4 32385 5658 5750
375 26652 99 2 32484 5733 5832
418 26728 70 4 32554 5756 5826
488 26813 62 3 32616 5741 5803
735 26867 95 4 32711 5749 5844
454 26924 48 3 32759 5787 5835
274 27003 99 1 32858 5756 5855
129 27120 56 4 32914 5738 5794
918 27292 37 2 32952 5623 5660
229 27363 61 4 33013 5589 5650
237 27682 67 2 33080 5331 5398
695 27690 56 3 33136 5390 5446
305 27805 70 4 33206 5331 5401
845 27879 92 4 33298 5327 5419
589 27927 40 4 33338 5371 5411
71 27968 71 3 33409 5370 5441
858 28002 93 1 33502 5407 5500
810 28093 46 1 33548 5409 5455
435 28105 68 3 33616 5443 5511
890 28123 38 3 33654 5493 5531
457 28131 95 3 33749 5523 5618
620 28191 93 4 33842 5558 5651
277 28287 88 2 33930 5555 5643
119 28311 90 4 34020 5619 5709
702 28538 63 3 34083 5482 5545
165 28608 96 2 34179 5475 5571
366 28612 87 4 34266 5567 5654
239 28622 46 3 34312 5644 5690
12 28688 75 2 34387 5624 5699
93 28845 95 4 34482 5542 5637
458 28858 78 4 34560 5624 5702
603 28900 49 3 34609 5660 5709
931 28907 68 4 34677 5702 5770
248 29022 69 2 34746 5655 5724
976 29035 43 4 34789 5711 5754
373 29208 50 4 34839 5581 5631
271 29256 47 3 34886 5583 5630
681 29307 64 1 34950 5579 5643
419 29348 87 4 35037 5602 5689
13 29489 96 4 35133 5548 5644
528 29492 95 3 35228 5641 5736
887 29583 91 4 35319 5645 5736
484 29606 63 3 35382 5713 5776
532 29618 66 2 35448 5764 5830
512 29711 93 2 35541 5737 5830
703 29815 92 4 35633 5726 5818
801 29919 34 3 35667 5714 5748
468 29923 80 4 35747 5744 5824
5 30171 29 2 35776 5576 5605
659 30441 88 4 35864 5335 5423
368 30503 96 2 35960 5361 5457
938 30531 64 4 36024 5429 5493
986 30574 32 4 36056 5450 5482
746 30673 88 2 36144 5383 5471
6 30795 98 4 36242 5349 5447
540 30799 70 4 36312 5443 5513
128 30885 31 4 36343 5427 5458
974 30955 74 3 36417 5388 5462
734 30957 69 4 36486 5460 5529
459 31052 87 2 36573 5434 5521
430 31134 96 3 36669 5439 5535
983 31150 71 4 36740 5519 5590
700 31433 85 1 36825 5307 5392
843 31488 86 4 36911 5337 5423
649 31536 46 2 36957 5375 5421
253 31543 93 3 37050 5414 5507
302 31563 39 2 37089 5487 5526
447 31577 94 4 37183 5512 5606
45 31802 91 3 37274 5381 5472
264 31917 70 2 37344 5357 5427
623 31976 62 3 37406 5368 5430
171 32086 76 4 37482 5320 5396
874 32122 75 4 37557 5360 5435
694 32132 50 4 37607 5425 5475
88 32344 99 4 37706 5263 5362
311 32417 72 3 37778 5289 5361
668 32500 78 4 37856 5278 5356
848 32551 66 4 37922 5305 5371
613 32706 97 4 38019 5216 5313
932 32739 84 1 38103 5280 5364
211 32810 68 3 38171 5293 5361
761 32875 100 3 38271 5296 5396
727 33054 88 3 38360 5218 5306
785 33074 91 2 38451 5286 5377
972 33093 93 3 38544 5358 5451
885 33150 93 4 38637 5394 5487
616 33176 93 1 38730 5461 5554
268 33483 79 3 38809 5247 5326
718 33534 69 4 38878 5275 5344
200 33638 80 3 38958 5240 5320
557 33746 60 2 39018 5212 5272
680 33798 64 4 39082 5220 5284
334 33960 87 1 39169 5122 5209
568 33990 75 3 39244 5179 5254
352 34254 84 4 39328 4990 5074
143 34268 68 2 39396 5060 5128
542 34338 83 2 39479 5058 5141
642 34489 61 4 39540 4990 5051
320 34562 57 2 39597 4978 5035
2 34580 69 3 39666 5017 5086
240 34606 44 4 39710 5060 5104
379 34893 40 3 39750 4817 4857
544 34902 77 4 39827 4848 4925
14 34913 86 4 39913 4914 5000
316 34917 83 3 39996 4996 5079
63 34998 30 4 40026 4998 5028
683 35030 63 1 40089 4996 5059
567 35290 95 3 40184 4799 4894
645 35310 29 3 40213 4874 4903
377 35336 43 4 40256 4877 4920
282 35350 44 2 40300 4906 4950
53 35396 81 3 40381 4904 4985
524 35400 75 4 40456 4981 5056
476 35415 99 1 40555 5041 5140
748 35427 93 2 40648 5128 5221
965 35486 74 4 40722 5162 5236
492 35600 64 3 40786 5122 5186
514 35650 86 3 40872 5136 5222
767 35714 99 1 40971 5158 5257
497 35784 73 4 41044 5187 5260
864 35796 73 2 41117 5248 5321
977 35800 80 4 41197 5317 5397
393 35817 97 4 41294 5380 5477
594 36048 70 3 41364 5246 5316
310 36109 87 3 41451 5255 5342
318 36130 95 2 41546 5321 5416
940 36153 93 4 41639 5393 5486
232 36177 74 4 41713 5462 5536
219 36178 92 2 41805 5535 5627
324 36206 65 1 41870 5599 5664
813 36530 97 3 41967 5340 5437
7 36714 69 4 42036 5253 5322
523 36744 91 4 42127 5292 5383
607 36774 34 2 42161 5353 5387
563 36859 82 1 42243 5302 5384
863 36986 67 2 42310 5257 5324
991 37187 66 2 42376 5123 5189
510 37252 44 4 42420 5124 5168
23 37259 93 1 42513 5161 5254
127 37306 36 4 42549 5207 5243
108 37315 45 3 42594 5234 5279
781 37465 81 3 42675 5129 5210
411 37489 96 4 42771 5186 5282
481 37539 75 3 42846 5232 5307
663 37592 62 3 42908 5254 5316
22 37703 53 3 42961 5205 5258
937 37757 79 2 43040 5204 5283
275 37837 89 4 43129 5203 5292
213 37890 80 3 43209 5239 5319
494 37970 91 3 43300 5239 5330
33 38093 52 3 43352 5207 5259
757 38148 84 3 43436 5204 5288
625 38187 97 4 43533 5249 5346
436 38314 39 4 43573 5220 5259
572 38437 67 2 43640 5136 5203
94 38508 33 4 43673 5132 5165
323 38511 67 3 43740 5162 5229
500 38656 43 3 43783 5084 5127
674 38813 90 3 43873 4970 5060
99 38921 92 2 43965 4952 5044
769 38955 97 3 44062 5010 5107
704 39076 80 3 44142 4986 5066
146 39078 64 3 44206 5064 5128
760 39107 76 4 44282 5099 5175
800 39163 40 2 44322 5119 5159
728 39176 25 4 44347 5146 5171
898 39206 83 2 44430 5141 5224
66 39252 92 3 44522 5178 5270
586 39312 54 3 44576 5210 5264
183 39316 62 4 44638 5260 5322
997 39355 94 4 44732 5283 5377
365 39361 74 3 44806 5371 5445
842 39401 95 2 44901 5405 5500
351 39592 81 4 44982 5309 5390
371 39670 83 4 45065 5312 5395
998 39749 97 3 45162 5316 5413
254 39830 51 3 45213 5332 5383
449 39888 50 4 45263 5325 5375
185 40025 78 1 45341 5238 5316
315 40129 82 4 45423 5212 5294
828 40312 100 3 45523 5111 5211
650 40530 91 3 45614 4993 5084
693 40586 97 2 45711 5028 5125
824 40718 99 4 45810 4993 5092
204 40871 65 3 45875 4939 5004
814 40886 54 3 45929 4989 5043
558 41040 86 3 46015 4889 4975
615 41062 74 2 46089 4953 5027
804 41108 96 4 46185 4981 5077
59 41400 55 3 46240 4785 4840
359 41459 91 1 46331 4781 4872
716 41687 83 1 46414 4644 4727
178 41709 84 2 46498 4705 4789
413 41946 99 4 46597 4552 4651
292 42013 84 4 46681 4584 4668
881 42055 68 4 46749 4626 4694
18 42066 80 3 46829 4683 4763
259 42095 70 4 46899 4734 4804
437 42145 49 3 46948 4754 4803
149 42172 96 4 47044 4776 4872
606 42174 92 1 47136 4870 4962
936 42217 73 4 47209 4919 4992
251 42362 74 3 47283 4847 4921
483 42367 96 2 47379 4916 5012
944 42443 85 4 47464 4936 5021
721 42463 91 3 47555 5001 5092
61 42565 90 4 47645 4990 5080
503 42620 86 4 47731 5025 5111
60 42621 33 4 47764 5110 5143
582 42670 28 3 47792 5094 5122
350 42914 35 1 47827 4878 4913
455 43163 59 1 47886 4664 4723
452 43178 83 2 47969 4708 4791
456 43192 82 3 48051 4777 4859
841 43203 98 3 48149 4848 4946
44 43302 59 3 48208 4847 4906
168 43420 95 2 48303 4788 4883
10 43428 79 4 48382 4875 4954
394 43517 89 4 48471 4865 4954
353 43525 99 4 48570 4946 5045
182 43564 91 4 48662 5007 5098
385 43653 53 3 48715 5009 5062
256 43705 56 4 48771 5010 5066
269 43829 80 3 48851 4942 5022
426 43940 95 2 48946 4911 5006
571 43941 99 4 49045 5005 5104
854 44172 75 2 49120 4873 4948
34 44181 91 1 49211 4939 5030
705 44280 66 3 49277 4931 4997
247 44353 82 4 49359 4924 5006
402 44387 73 1 49432 4972 5045
29 44395 77 3 49509 5037 5114
440 44414 88 4 49597 5095 5183
64 44474 66 4 49663 5123 5189
346 44706 90 1 49753 4957 5047
155 44825 57 2 49810 4928 4985
956 44911 86 2 49896 4899 4985
52 44943 94 4 49990 4953 5047
635 44986 53 3 50043 5004 5057
441 45156 99 2 50142 4887 4986
384 45185 61 4 50203 4957 5018
8 45306 78 4 50281 4897 4975
376 45351 49 4 50330 4930 4979
819 45522 83 3 50413 4808 4891
215 45597 90 1 50503 4816 4906
276 45610 66 2 50569 4893 4959
470 45619 81 4 50650 4950 5031
228 45639 67 4 50717 5011 5078
839 45651 50 1 50767 5066 5116
566 45774 85 4 50852 4993 5078
249 45782 96 1 50948 5070 5166
367 45818 81 3 51029 5130 5211
427 45897 80 3 51109 5132 5212
391 45939 85 2 51194 5170 5255
181 45991 88 3 51282 5203 5291
261 46026 74 4 51356 5256 5330
501 46069 91 3 51447 5287 5378
263 46147 66 2 51513 5300 5366
280 46168 82 4 51595 5345 5427
339 46445 90 4 51685 5150 5240
794 46576 84 4 51769 5109 5193
198 46577 36 4 51805 5192 5228
130 46577 48 3 51853 5228 5276
915 46676 97 3 51950 5177 5274
338 46721 99 3 52049 5229 5328
684 46743 51 4 52100 5306 5357
242 46823 76 3 52176 5277 5353
770 46839 43 2 52219 5337 5380
48 46841 99 2 52318 5378 5477
11 46939 92 3 52410 5379 5471
768 46958 57 1 52467 5452 5509
381 47004 52 4 52519 5463 5515
361 47127 91 4 52610 5392 5483
605 47195 83 4 52693 5415 5498
246 47292 82 3 52775 5401 5483
180 47296 86 3 52861 5479 5565
876 47345 40 1 52901 5516 5556
349 47426 45 4 52946 5475 5520
799 47502 80 3 53026 5444 5524
924 47647 72 3 53098 5379 5451
191 47679 64 3 53162 5419 5483
451 47781 68 4 53230 5381 5449
285 48022 72 4 53302 5208 5280
816 48080 40 3 53342 5222 5262
811 48121 67 2 53409 5221 5288
100 48139 78 2 53487 5270 5348
306 48392 86 1 53573 5095 5181
652 48410 84 1 53657 5163 5247
985 48575 93 4 53751 5083 5176
374 48637 59 4 53810 5114 5173
990 48665 61 4 53871 5145 5206
65 48707 73 4 53944 5164 5237
327 49008 74 3 54018 4936 5010
203 49067 36 3 54054 4951 4987
120 49089 74 4 54128 4965 5039
321 49096 80 1 54208 5032 5112
750 49159 91 2 54299 5049 5140
356 49242 93 4 54392 5057 5150
177 49270 94 3 54486 5122 5216
96 49271 52 1 54538 5215 5267
72 49283 92 3 54630 5255 5347
241 49374 68 3 54698 5256 5324
707 49576 94 2 54792 5122 5216
50 49629 95 4 54887 5163 5258
963 49672 58 3 54945 5215 5273
560 49678 97 4 55042 5267 5364
21 49686 78 3 55120 5356 5434
462 49720 96 2 55216 5400 5496
783 49887 62 2 55278 5329 5391
414 49898 76 3 55354 5380 5456
25 49932 93 3 55447 5422 5515
633 49962 55 2 55502 5485 5540
673 50038 90 3 55592 5464 5554
821 50230 74 4 55666 5362 5436
892 50362 86 2 55752 5304 5390
81 50648 80 4 55832 5104 5184
970 50714 68 4 55900 5118 5186
978 50752 88 4 55988 5148 5236
409 50755 79 2 56067 5233 5312
870 50785 57 3 56124 5282 5339
611 50855 94 2 56218 5269 5363
889 51021 73 4 56291 5197 5270
190 51100 57 1 56348 5191 5248
530 51152 86 4 56434 5196 5282
933 51168 55 2 56489 5266 5321
312 51262 99 3 56588 5227 5326
422 51292 98 3 56686 5296 5394
907 51324 59 3 56745 5362 5421
525 51351 75 3 56820 5394 5469
113 51356 78 3 56898 5464 5542
491 51469 64 2 56962 5429 5493
856 51554 91 4 57053 5408 5499
224 51576 89 4 57142 5477 5566
389 51612 65 3 57207 5530 5595
220 51715 72 2 57279 5492 5564
968 51794 82 2 57361 5485 5567
543 52094 52 2 57413 5267 5319
521 52165 45 4 57458 5248 5293
70 52232 98 4 57556 5226 5324
834 52469 45 3 57601 5087 5132
463 52569 88 4 57689 5032 5120
502 52587 86 2 57775 5102 5188
713 52613 76 4 57851 5162 5238
982 52833 53 3 57904 5018 5071
899 52946 54 4 57958 4958 5012
762 53096 42 4 58000 4862 4904
720 53152 87 2 58087 4848 4935
714 53339 96 3 58183 4748 4844
709 53451 95 1 58278 4732 4827
905 53581 42 3 58320 4697 4739
392 53583 66 1 58386 4737 4803
653 53699 89 4 58476 4688 4777
599 53724 60 4 58536 4752 4812
307 53950 80 3 58616 4586 4666
303 54009 99 4 58715 4607 4706
883 54332 67 4 58782 4383 4450
868 54611 55 4 58837 4171 4226
31 54619 74 2 58911 4218 4292
871 54692 91 4 59002 4219 4310
989 54974 68 2 59070 4028 4096
157 55060 73 2 59143 4010 4083
252 55212 98 3 59241 3931 4029
631 55312 71 2 59312 3929 4000
588 55409 96 3 59408 3903 3999
637 55534 97 4 59505 3874 3971
608 55802 77 3 59582 3703 3780
776 55976 99 4 59681 3606 3705
908 55984 96 4 59777 3697 3793
692 56072 80 3 59857 3705 3785
486 56257 83 4 59940 3600 3683
948 56364 54 3 59994 3576 3630
464 56394 61 4 60055 3600 3661
737 56488 85 4 60140 3567 3652
954 56530 91 2 60231 3610 3701
89 56712 75 3 60306 3519 3594
460 57023 89 3 60395 3283 3372
624 57141 90 3 60485 3254 3344
570 57262 65 2 60550 3223 3288
723 57302 84 4 60634 3248 3332
58 57607 68 1 60702 3027 3095
690 57873 49 2 60751 2829 2878
325 58113 73 4 60824 2638 2711
911 58212 97 3 60921 2612 2709
97 58213 90 2 61011 2708 2798
406 58223 77 2 61088 2788 2865
518 58227 83 4 61171 2861 2944
227 58397 90 3 61262 2775 2865
888 58430 67 4 61329 2832 2899
161 58461 76 1 61405 2868 2944
755 58624 96 2 61501 2781 2877
969 58789 95 4 61596 2712 2807
745 58838 56 4 61652 2758 2814
817 59064 47 3 61699 2588 2635
68 59206 75 4 61774 2493 2568
807 59238 71 3 61845 2536 2607
967 59323 74 4 61919 2522 2596
301 59365 77 1 61996 2554 2631
378 59378 94 3 62090 2618 2712
428 59474 63 2 62153 2616 2679
166 59510 98 2 62251 2643 2741
950 59521 85 4 62336 2730 2815
234 60068 96 4 62432 2268 2364
115 60271 45 3 62477 2161 2206
347 60295 100 4 62577 2182 2282
57 60431 80 3 62657 2146 2226
602 60716 93 2 62750 1941 2034
489 60944 80 4 62830 1806 1886
370 61089 60 3 62890 1741 1801
153 61283 99 3 62990 1608 1707
730 61560 91 4 63081 1430 1521
357 61568 58 3 63139 1513 1571
829 61786 77 3 63216 1353 1430
749 61975 82 4 63298 1241 1323
923 62104 99 4 63397 1194 1293
107 62112 49 1 63446 1285 1334
255 62119 56 3 63502 1327 1383
313 62241 83 4 63585 1261 1344
112 62316 41 4 63626 1269 1310
218 62579 44 4 63670 1047 1091
121 62593 57 4 63727 1077 1134
766 62608 55 2 63782 1119 1174
798 62665 99 2 63881 1117 1216
445 62828 82 1 63963 1053 1135
778 63095 40 4 64004 869 909
556 63124 78 2 64082 880 958
487 63327 99 3 64181 755 854
80 63489 59 4 64240 692 751
297 63508 95 4 64335 732 827
724 63570 60 3 64395 765 825
387 63727 92 1 64487 668 760
273 63760 94 3 64581 727 821
404 63951 58 2 64639 630 688
513 63993 73 1 64713 647 720
584 65059 55 1 65114 0 55
930 65349 68 3 65417 0 68
849 65491 71 2 65562 0 71
726 65502 85 4 65648 61 146
661 65542 44 4 65692 106 150
815 65652 82 4 65775 41 123
395 65748 56 1 65832 28 84
569 65757 99 4 65931 75 174
857 66264 76 4 66340 0 76
838 66684 32 2 66716 0 32
861 66807 80 2 66887 0 80
719 67104 70 4 67174 0 70
740 67115 74 3 67249 60 134
617 67129 71 4 67320 120 191
851 67334 68 2 67402 0 68
38 67457 73 1 67530 0 73
298 67533 65 2 67598 0 65
691 67609 50 2 67659 0 50
28 67750 31 3 67781 0 31
878 68073 58 4 68131 0 58
872 68118 96 4 68228 14 110
806 68172 63 2 68292 57 120
139 68618 60 3 68678 0 60
646 68769 60 4 68829 0 60
533 69048 91 1 69139 0 91
495 69629 100 3 69729 0 100
812 69634 88 3 69818 96 184
697 69656 63 2 69881 162 225
679 70122 58 2 70180 0 58
235 70161 92 2 70273 20 112
966 70454 79 4 70533 0 79
688 71046 69 3 71115 0 69
951 71157 29 4 71186 0 29
787 71263 89 4 71352 0 89
272 71334 83 2 71436 19 102
946 71347 47 4 71483 89 136
534 71770 67 4 71837 0 67
609 71846 97 4 71943 0 97
573 71970 46 4 72016 0 46
54 72232 78 4 72310 0 78
283 72281 92 3 72403 30 122
790 72329 64 4 72468 75 139
75 72330 84 3 72552 138 222
136 72448 91 3 72644 105 196
148 72642 67 2 72712 3 70
797 72697 74 2 72787 16 90
342 72762 55 3 72843 26 81
135 73017 90 1 73107 0 90
962 73068 83 4 73191 40 123
925 73138 86 3 73278 54 140
202 73287 77 3 73364 0 77
562 73502 71 4 73573 0 71
758 73610 96 2 73706 0 96
581 73962 70 3 74032 0 70
364 74077 66 2 74143 0 66
206 74121 84 4 74228 23 107
788 74209 95 4 74324 20 115
250 74216 76 4 74400 108 184
941 74335 29 4 74430 66 95
773 74353 98 4 74528 77 175
896 74520 63 3 74592 9 72
417 75029 52 2 75081 0 52
490 75499 90 2 75589 0 90
265 75686 86 3 75772 0 86
421 75738 93 2 75866 35 128
538 75960 69 4 76029 0 69
902 76216 99 3 76315 0 99
943 76377 78 4 76455 0 78
291 76488 55 1 76543 0 55
405 76683 65 3 76748 0 65
142 76967 92 4 77059 0 92
205 77120 89 1 77209 0 89
754 77474 36 2 77510 0 36
102 77526 88 2 77614 0 88
597 77707 69 1 77776 0 69
934 77727 91 2 77868 50 141
340 77731 79 2 77947 137 216
473 77771 72 4 78019 176 248
423 77823 76 3 78096 197 273
212 77987 96 2 78192 109 205
795 78016 65 2 78257 176 241
554 78173 94 4 78352 85 179
69 78615 92 4 78707 0 92
712 78715 63 2 78778 0 63
517 78749 86 3 78865 30 116
742 79138 81 4 79219 0 81
882 79199 92 4 79312 21 113
244 79253 91 4 79404 60 151
779 79534 67 4 79601 0 67
708 79546 46 2 79648 56 102
194 79554 97 2 79745 94 191
243 79596 98 3 79843 149 247
664 79606 61 4 79905 238 299
725 79725 76 3 79981 180 256
537 80809 61 4 80870 0 61
835 81332 54 4 81386 0 54
159 81562 67 4 81629 0 67
87 82031 78 3 82109 0 78
764 82321 87 3 82408 0 87
222 82986 100 3 83086 0 100
106 83563 71 2 83634 0 71
981 84605 24 4 84629 0 24
895 85029 50 1 85079 0 50
41 85548 48 3 85596 0 48
866 86480 98 4 86578 0 98
522 86588 61 4 86649 0 61
580 86740 100 1 86840 0 100
74 86881 55 4 86936 0 55
401 87041 71 4 87112 0 71
765 87106 32 3 87145 7 39
286 87216 43 3 87259 0 43
126 87264 46 2 87310 0 46
744 88776 80 2 88856 0 80
717 88779 49 4 88906 78 127
333 89132 99 3 89231 0 99
984 89243 95 2 89338 0 95
465 89930 88 3 90018 0 88
329 90847 64 4 90911 0 64
262 92305 65 1 92370 0 65
592 93438 33 4 93471 0 33
174 94710 70 2 94780 0 70
214 94762 86 4 94867 19 105
920 98458 57 3 98515 0 57
