97932 1000 3557 3484
842 258 58 4 316 0 58
711 352 35 4 387 0 35
604 366 87 3 474 21 108
539 357 90 4 564 117 207
684 269 90 2 618 259 349
398 221 94 3 675 360 454
74 725 49 3 774 0 49
142 693 69 4 811 49 118
884 866 35 3 901 0 35
896 808 73 4 919 38 111
962 816 85 4 1004 103 188
299 1023 53 3 1076 0 53
743 1193 31 2 1224 0 31
490 1160 63 4 1254 31 94
274 1170 80 3 1334 84 164
389 1427 79 4 1506 0 79
108 1547 77 2 1624 0 77
222 1452 80 3 1663 131 211
101 1350 81 4 1667 236 317
587 1676 33 2 1709 0 33
885 1116 82 3 1722 524 606
558 1312 84 3 1806 410 494
387 1665 84 1 1890 141 225
18 879 86 2 1917 952 1038
136 1987 46 3 2033 0 46
938 1976 54 1 2076 46 100
848 2124 61 1 2185 0 61
68 2105 74 4 2240 61 135
283 2312 59 3 2371 0 59
89 2298 66 3 2423 59 125
370 2382 68 4 2491 41 109
146 2541 48 3 2589 0 48
630 2319 75 3 2614 220 295
305 2185 76 4 2632 371 447
814 2689 58 3 2747 0 58
291 2777 50 4 2827 0 50
692 2717 62 3 2859 80 142
135 2801 75 2 2934 58 133
877 2951 43 1 2994 0 43
476 3021 55 3 3076 0 55
282 2951 64 4 3113 98 162
104 3178 61 2 3239 0 61
313 3085 66 1 3240 89 155
266 3278 72 2 3350 0 72
941 3179 73 3 3385 133 206
894 2840 81 3 3449 528 609
669 3355 81 2 3530 94 175
804 3658 39 3 3697 0 39
197 3605 62 3 3706 39 101
876 3569 63 3 3733 101 164
248 3138 85 4 3779 556 641
468 3807 31 3 3838 0 31
231 3791 56 2 3878 31 87
560 3800 72 3 3950 78 150
102 3786 76 4 4021 159 235
888 4102 51 4 4153 0 51
392 4188 61 3 4249 0 61
339 4299 28 4 4327 0 28
431 4200 63 3 4340 77 140
67 4341 66 3 4407 0 66
5 4097 66 2 4432 269 335
24 4125 75 4 4507 307 382
154 4144 77 2 4584 363 440
72 3982 79 3 4587 526 605
319 4617 48 2 4665 0 48
492 4672 65 4 4737 0 65
811 4777 64 4 4841 0 64
758 4234 79 2 4843 530 609
627 3496 86 4 5002 1420 1506
514 3789 86 4 5008 1133 1219
107 4060 86 2 5094 948 1034
156 5132 39 4 5171 0 39
649 5176 39 4 5215 0 39
407 5107 56 2 5241 78 134
906 5253 52 3 5305 0 52
720 5314 45 3 5359 0 45
616 5402 48 2 5450 0 48
591 5224 68 1 5454 162 230
458 5570 66 4 5636 0 66
301 5645 70 4 5715 0 70
348 5530 70 1 5736 136 206
751 5340 83 3 5743 320 403
318 5749 78 1 5827 0 78
457 5881 47 4 5928 0 47
300 5911 55 2 5983 17 72
262 5920 62 3 6045 63 125
924 5849 66 1 6079 164 230
601 6088 34 4 6122 0 34
752 6108 39 3 6161 14 53
2 6166 59 3 6225 0 59
173 6182 76 4 6301 43 119
354 5350 84 2 6343 909 993
823 6115 85 4 6428 228 313
263 6525 83 4 6608 0 83
289 5950 86 4 6683 647 733
820 6100 86 4 6683 497 583
424 3893 87 3 6757 2777 2864
397 6818 40 4 6858 0 40
230 6803 43 3 6886 40 83
31 6876 50 2 6936 10 60
573 7006 77 1 7083 0 77
452 7094 64 3 7158 0 64
253 6888 84 3 7161 189 273
118 7139 85 3 7246 22 107
763 7287 36 4 7323 0 36
585 7251 64 4 7351 36 100
9 7335 81 2 7432 16 97
229 7061 86 1 7513 366 452
34 2624 87 2 7527 4816 4903
161 7553 77 4 7630 0 77
335 7671 61 1 7732 0 61
824 7550 84 3 7772 138 222
956 7796 50 4 7846 0 50
620 5460 87 2 7856 2309 2396
511 7871 64 4 7935 0 64
4 8195 55 4 8250 0 55
905 8312 24 4 8336 0 24
381 8209 75 3 8349 65 140
572 8136 83 4 8373 154 237
221 7614 88 4 8405 703 791
382 6844 88 4 8405 1473 1561
554 982 88 4 8406 7336 7424
701 4258 88 4 8421 4075 4163
931 8461 49 1 8510 0 49
995 8438 61 4 8548 49 110
647 8560 53 3 8613 0 53
345 8490 87 3 8688 111 198
43 8755 62 2 8817 0 62
125 8854 59 3 8913 0 59
217 8969 59 4 9028 0 59
928 8924 60 1 9043 59 119
538 8832 61 4 9071 178 239
357 9084 59 4 9143 0 59
419 8808 68 3 9183 307 375
302 3432 88 2 9187 5667 5755
718 9302 78 4 9380 0 78
51 9392 67 2 9459 0 67
762 9421 72 3 9531 38 110
872 9554 73 2 9627 0 73
247 9511 79 1 9683 93 172
942 9392 82 4 9765 291 373
917 9258 88 4 9797 451 539
965 2663 88 1 9814 7063 7151
662 9852 35 2 9887 0 35
775 9860 36 3 9923 27 63
509 9919 79 4 10002 4 83
678 10026 44 3 10070 0 44
425 10088 53 2 10141 0 53
756 9866 80 3 10179 233 313
862 10252 53 3 10305 0 53
105 9991 84 1 10316 241 325
421 10388 59 2 10447 0 59
168 8893 89 4 10515 1533 1622
157 8459 89 4 10515 1967 2056
265 10545 79 4 10624 0 79
860 872 89 3 10683 9722 9811
790 10735 34 3 10769 0 34
972 10744 51 4 10820 25 76
267 10688 53 3 10826 85 138
81 10715 56 4 10882 111 167
337 10896 45 4 10941 0 45
226 10864 66 3 10993 63 129
593 10698 68 2 11061 295 363
486 10717 82 4 11143 344 426
901 11158 68 1 11226 0 68
245 11285 45 4 11330 0 45
849 10696 82 2 11338 560 642
952 11377 53 2 11430 0 53
44 11464 54 2 11518 0 54
430 10786 83 3 11528 659 742
153 10915 84 4 11612 613 697
575 11595 85 4 11697 17 102
484 11622 89 4 11786 75 164
605 11872 74 1 11946 0 74
205 11857 82 3 12013 74 156
432 12079 78 3 12157 0 78
420 11967 84 3 12175 124 208
742 12012 88 1 12263 163 251
621 11743 89 3 12281 449 538
264 12324 37 2 12361 0 37
254 12458 78 4 12536 0 78
390 813 90 4 12567 11664 11754
172 10963 90 4 12571 1518 1608
619 12592 37 3 12629 0 37
636 12606 78 3 12707 23 101
893 12739 39 2 12778 0 39
183 1938 90 3 12815 10787 10877
963 12926 31 4 12957 0 31
583 12873 56 4 12960 31 87
781 12817 82 2 12986 87 169
615 13032 78 2 13110 0 78
124 13113 40 4 13153 0 40
685 7737 90 2 13192 5365 5455
927 13273 88 3 13361 0 88
338 9142 91 4 13462 4229 4320
251 3261 91 4 13462 10110 10201
610 7807 91 4 13553 5655 5746
967 3550 91 3 13644 10003 10094
567 13753 39 1 13792 0 39
912 13792 52 1 13844 0 52
512 13703 72 4 13866 91 163
192 13917 35 4 13952 0 35
638 13961 53 4 14014 0 53
252 13753 84 3 14038 201 285
10 13907 85 2 14123 131 216
949 14133 62 4 14195 0 62
646 14161 87 2 14282 34 121
706 14375 61 3 14436 0 61
312 14354 63 4 14478 61 124
793 14103 89 4 14485 293 382
978 14521 61 4 14582 0 61
634 14533 91 3 14673 49 140
505 14735 59 2 14794 0 59
971 14827 74 3 14951 50 124
914 14851 74 3 14975 50 124
908 14731 76 3 15014 207 283
857 15016 40 3 15056 0 40
716 15063 74 4 15137 0 74
562 15152 59 4 15211 0 59
698 15106 81 4 15277 90 171
729 15107 81 1 15358 170 251
968 15362 73 3 15435 0 73
878 15104 83 2 15514 327 410
599 15254 87 3 15601 260 347
163 15642 76 3 15718 0 76
378 15224 89 4 15766 453 542
740 15821 36 4 15857 0 36
355 15071 91 3 15893 731 822
269 15958 74 4 16032 0 74
138 16072 52 3 16124 0 52
474 15915 85 2 16126 126 211
119 16085 89 4 16254 80 169
204 16281 53 4 16334 0 53
238 16283 64 3 16398 51 115
346 16176 89 4 16421 156 245
841 16424 39 3 16463 0 39
366 16471 50 4 16521 0 50
704 16590 41 4 16631 0 41
981 16640 30 4 16670 0 30
795 16515 79 4 16671 77 156
87 16141 89 1 16749 519 608
26 12464 92 4 16804 4248 4340
249 12775 92 4 16853 3986 4078
42 16948 72 2 17020 0 72
446 17050 64 4 17114 0 64
13 17132 70 4 17202 0 70
557 17120 72 2 17262 70 142
498 17286 65 2 17351 0 65
783 17237 81 4 17408 90 171
276 17416 53 4 17469 0 53
435 16981 86 4 17511 444 530
827 17380 90 3 17601 131 221
412 17635 52 4 17687 0 52
800 17696 61 4 17757 0 61
660 17841 90 3 17931 0 90
485 17933 65 4 17998 0 65
88 7855 92 4 18038 10091 10183
770 7122 92 4 18038 10824 10916
522 1667 92 4 18038 16279 16371
328 1323 92 4 18038 16623 16715
600 18128 71 3 18199 0 71
49 18277 58 2 18335 0 58
937 18147 86 3 18343 110 196
294 18069 91 3 18375 215 306
30 18473 45 4 18518 0 45
213 18531 60 2 18591 0 60
796 18426 67 3 18598 105 172
347 18420 69 3 18661 172 241
160 18558 71 4 18732 103 174
663 18578 74 4 18806 154 228
753 18547 74 1 18880 259 333
150 18914 33 1 18947 0 33
657 18910 52 2 18995 33 85
481 19030 63 1 19093 0 63
970 18436 80 3 19108 592 672
202 19117 37 4 19154 0 37
80 18941 85 4 19230 204 289
715 18463 89 3 19319 767 856
385 18598 91 3 19410 721 812
683 19430 77 4 19507 0 77
433 19585 73 3 19658 0 73
732 19632 79 2 19737 26 105
208 19775 55 1 19830 0 55
437 19553 85 1 19845 207 292
350 19942 63 2 20005 0 63
694 19888 78 2 20029 63 141
745 19767 87 1 20073 219 306
622 20075 51 1 20126 0 51
83 19577 88 2 20212 547 635
719 19473 89 3 20255 693 782
945 18690 91 2 20326 1545 1636
747 20443 43 4 20486 0 43
404 20418 67 4 20528 43 110
188 20524 75 4 20603 4 79
780 20431 82 3 20685 172 254
179 20753 35 4 20788 0 35
826 20404 87 3 20793 302 389
726 20844 60 4 20904 0 60
577 20846 68 4 20972 58 126
656 20979 26 1 21005 0 26
568 20991 55 4 21060 14 69
691 21072 49 3 21121 0 49
478 21055 73 1 21182 54 127
513 21300 66 1 21366 0 66
379 21229 73 4 21368 66 139
116 21059 77 1 21398 262 339
832 21432 59 3 21491 0 59
413 21335 81 3 21538 122 203
531 21614 59 4 21673 0 59
932 20980 84 4 21681 617 701
736 21552 86 3 21767 129 215
218 21793 61 4 21854 0 61
658 21857 69 2 21926 0 69
216 21901 70 4 21996 25 95
768 21220 89 4 22056 747 836
637 20407 90 3 22088 1591 1681
958 22117 84 3 22201 0 84
705 22211 67 3 22278 0 67
569 22370 42 4 22412 0 42
767 22325 48 4 22415 42 90
438 22310 58 1 22458 90 148
589 22384 91 2 22549 74 165
843 22606 21 3 22627 0 21
973 22565 49 3 22635 21 70
70 22657 59 4 22716 0 59
220 22554 82 2 22765 129 211
442 21632 92 4 22781 1057 1149
847 22782 92 4 22874 0 92
341 13048 92 3 22903 9763 9855
489 16340 92 3 22903 6471 6563
71 9832 92 2 22995 13071 13163
863 22996 56 4 23052 0 56
493 23104 76 2 23180 0 76
929 23213 69 4 23282 0 69
597 23029 90 2 23287 168 258
7 23340 72 3 23412 0 72
608 23415 61 3 23476 0 61
624 23331 81 3 23545 133 214
844 23549 51 2 23600 0 51
536 23761 59 1 23820 0 59
996 23878 65 3 23943 0 65
821 23952 69 4 24021 0 69
180 23866 70 4 24070 134 204
957 23797 77 3 24101 227 304
659 23746 85 4 24171 340 425
66 24173 53 3 24226 0 53
11 24240 74 4 24314 0 74
900 24310 77 4 24391 4 81
129 24253 86 4 24477 138 224
991 24165 89 2 24550 296 385
854 24525 92 4 24642 25 117
137 24724 35 4 24759 0 35
643 24718 67 4 24820 35 102
977 24705 77 3 24884 102 179
297 24720 83 2 24967 164 247
947 24968 51 2 25019 0 51
943 25023 92 3 25115 0 92
273 25227 59 1 25286 0 59
314 25360 78 3 25438 0 78
516 25243 81 4 25445 121 202
805 25480 56 3 25536 0 56
980 25580 36 4 25616 0 36
866 25512 63 4 25635 60 123
309 25626 67 2 25702 9 76
559 25304 82 2 25749 363 445
871 25775 51 4 25826 0 51
595 25873 84 3 25957 0 84
480 25732 87 3 25971 152 239
765 26158 44 3 26202 0 44
374 25283 88 4 26279 908 996
28 25909 88 4 26279 282 370
206 25930 88 4 26279 261 349
989 3799 93 4 26294 22402 22495
320 11427 93 4 26294 14774 14867
132 13349 93 4 26294 12852 12945
316 26304 75 2 26379 0 75
190 8170 93 4 26532 18269 18362
189 14845 93 4 26532 11594 11687
998 24953 93 4 26537 1491 1584
90 26600 50 4 26650 0 50
897 26748 56 1 26804 0 56
806 26719 66 2 26841 56 122
959 26868 68 2 26936 0 68
598 26862 74 1 27004 68 142
632 27073 37 2 27110 0 37
676 27052 47 2 27136 37 84
285 27149 63 2 27212 0 63
936 27152 83 4 27295 60 143
739 26780 88 4 27301 433 521
545 13176 93 2 27355 14086 14179
400 22641 93 2 27355 4621 4714
441 27419 25 1 27444 0 25
532 27386 43 3 27454 25 68
54 27500 57 1 27557 0 57
733 27570 58 1 27628 0 58
57 27659 85 2 27744 0 85
699 2113 93 1 27809 25603 25696
528 24987 93 1 27809 2729 2822
86 28084 39 1 28123 0 39
23 27958 72 4 28127 97 169
127 27972 72 4 28141 97 169
661 28104 83 4 28224 37 120
223 28073 83 1 28307 151 234
140 28321 45 4 28383 17 62
653 28349 45 4 28411 17 62
391 28478 64 4 28542 0 64
94 28509 83 4 28625 33 116
113 28709 40 2 28749 0 40
126 28715 78 4 28827 34 112
166 28594 84 3 28827 149 233
158 28878 74 2 28952 0 74
165 28904 85 3 29037 48 133
46 28970 90 4 29127 67 157
65 29165 43 4 29208 0 43
167 29131 58 4 29232 43 101
84 29321 54 4 29375 0 54
169 29267 70 1 29391 54 124
73 29423 84 3 29507 0 84
801 29601 41 4 29642 0 41
902 29568 42 4 29651 41 83
47 29535 76 3 29694 83 159
930 29244 86 4 29697 367 453
284 28574 91 3 29721 1056 1147
874 29323 92 4 29813 398 490
175 29839 53 2 29892 0 53
16 29852 64 1 29956 40 104
570 29470 93 3 30023 460 553
744 14102 94 4 30163 15967 16061
819 23851 94 4 30164 6219 6313
303 19574 94 4 30164 10496 10590
455 30205 87 1 30292 0 87
696 4013 94 4 30375 26268 26362
364 30386 54 4 30440 0 54
503 30497 51 4 30548 0 51
953 30547 67 3 30615 1 68
38 30609 73 4 30688 6 79
760 30707 73 2 30780 0 73
997 30676 84 4 30845 85 169
145 30447 89 4 30884 348 437
112 28917 94 4 30899 1888 1982
964 17241 94 4 30935 13600 13694
631 31021 93 4 31114 0 93
592 31266 55 3 31321 0 55
812 31207 63 1 31325 55 118
828 31361 41 2 31402 0 41
855 25148 94 3 31469 6227 6321
803 2553 94 3 31469 28822 28916
123 6159 94 3 31469 25216 25310
675 31564 61 3 31625 0 61
576 31689 44 3 31733 0 44
712 31577 73 3 31742 92 165
233 31540 76 3 31794 178 254
227 31613 78 4 31872 181 259
363 31560 81 3 31953 312 393
241 32062 87 4 32149 0 87
234 31985 87 2 32159 87 174
645 32230 83 1 32313 0 83
969 18435 94 3 32327 13798 13892
563 16160 94 3 32327 16073 16167
797 32498 40 3 32538 0 40
453 32492 50 4 32582 40 90
771 32606 94 3 32700 0 94
976 32747 57 4 32804 0 57
552 32793 71 3 32875 11 82
529 32920 57 4 32977 0 57
550 32891 65 2 33013 57 122
611 32935 68 2 33081 78 146
178 32815 79 3 33144 250 329
680 5681 94 2 33190 27415 27509
802 13271 94 2 33190 19825 19919
798 13166 94 2 33190 19930 20024
139 33218 65 3 33283 0 65
913 181 94 1 33327 33052 33146
1 28987 94 1 33385 4304 4398
451 33481 63 4 33544 0 63
194 33543 71 2 33615 1 72
336 33664 53 3 33717 0 53
56 33822 67 1 33889 0 67
527 33745 80 1 33892 67 147
837 33440 82 4 33897 375 457
520 33543 82 4 33938 313 395
651 33697 83 4 34021 241 324
344 34108 61 4 34169 0 61
92 34174 46 4 34220 0 46
582 34222 34 3 34256 0 34
186 34329 58 4 34387 0 58
287 34297 61 4 34416 58 119
859 34207 87 4 34460 166 253
199 34100 87 2 34534 347 434
596 34305 88 4 34622 229 317
307 33805 91 4 34634 738 829
944 34934 48 4 34982 0 48
975 35036 54 4 35090 0 54
144 35097 56 4 35153 0 56
966 34992 92 1 35194 110 202
761 35276 65 2 35341 0 65
679 35367 46 4 35413 0 46
278 10537 95 4 35415 24783 24878
275 18560 95 4 35415 16760 16855
935 23802 95 4 35415 11518 11613
602 6599 95 4 35415 28721 28816
236 2626 95 4 35415 32694 32789
586 35699 34 4 35733 0 34
8 35708 71 3 35804 25 96
834 35867 59 4 35926 0 59
879 35802 73 3 35936 61 134
671 35882 86 3 36022 54 140
272 35753 88 3 36110 269 357
612 35856 93 4 36203 254 347
224 36371 78 4 36449 0 78
342 36397 80 3 36529 52 132
922 4737 95 3 36552 31720 31815
702 13676 95 3 36552 22781 22876
703 9805 95 3 36552 26652 26747
746 3032 95 3 36552 33425 33520
916 18015 95 3 36552 18442 18537
416 36562 65 3 36627 0 65
544 36679 91 4 36770 0 91
748 36777 38 4 36815 0 38
257 4496 95 3 36841 32250 32345
654 2059 95 1 36936 34782 34877
547 37053 44 2 37097 0 44
689 4227 96 4 37172 32849 32945
200 17543 96 4 37172 19533 19629
785 37322 61 3 37383 0 61
130 37276 86 4 37423 61 147
475 37419 87 1 37510 4 91
984 37513 76 4 37589 0 76
788 37668 85 2 37753 0 85
561 37779 81 4 37860 0 81
873 37823 95 4 37955 37 132
772 38191 69 4 38260 0 69
852 38144 73 3 38286 69 142
422 38459 70 2 38529 0 70
279 38496 75 4 38604 33 108
725 38678 79 4 38757 0 79
117 38665 87 1 38831 79 166
830 38504 90 4 38860 266 356
97 10816 96 3 38877 27965 28061
759 26301 96 3 38877 12480 12576
825 21332 96 3 38877 17449 17545
664 9753 96 3 38877 29028 29124
449 29514 96 3 38877 9267 9363
414 17578 96 3 38877 21203 21299
738 1923 96 3 38958 36939 37035
401 39058 74 1 39132 0 74
757 39156 56 4 39212 0 56
845 23992 96 2 39280 15192 15288
985 27812 96 2 39280 11372 11468
614 39387 65 4 39452 0 65
523 39540 42 4 39582 0 42
974 39385 71 4 39632 176 247
553 39404 71 4 39634 159 230
846 39670 71 3 39741 0 71
464 39817 35 3 39852 0 35
526 39794 43 1 39872 35 78
209 39927 52 1 39979 0 52
39 39910 54 3 40016 52 106
519 40093 51 3 40144 0 51
607 40153 60 4 40213 0 60
822 40263 74 2 40337 0 74
19 40067 90 2 40342 185 275
36 39854 90 1 40343 399 489
461 40413 38 4 40451 0 38
867 40070 92 2 40473 311 403
427 39877 96 3 40569 596 692
556 40586 89 2 40675 0 89
360 40654 90 2 40765 21 111
271 14346 97 4 40845 26402 26499
396 11345 97 4 40845 29403 29500
488 22393 97 4 40845 18355 18452
78 40858 67 1 40925 0 67
469 41008 89 4 41097 0 89
787 41120 72 2 41192 0 72
510 41210 45 4 41255 0 45
979 41316 58 4 41374 0 58
454 41318 75 4 41449 56 131
62 41527 68 3 41595 0 68
686 41625 57 2 41682 0 57
177 41580 72 3 41724 72 144
535 41394 79 2 41725 252 331
911 41532 86 3 41811 193 279
681 41237 90 3 41840 513 603
983 41896 81 4 41977 0 81
193 41917 83 4 42060 60 143
365 42009 85 4 42145 51 136
755 42152 62 3 42214 0 62
159 41904 96 2 42303 303 399
91 6367 97 4 42304 35840 35937
919 32593 97 4 42304 9614 9711
799 37289 97 4 42401 5015 5112
540 42475 44 4 42519 0 44
722 42473 50 2 42567 44 94
240 42602 65 1 42667 0 65
351 42681 74 3 42755 0 74
333 42526 78 1 42784 180 258
933 42772 94 4 42878 12 106
201 42897 48 3 42945 0 48
402 42976 43 1 43019 0 43
25 42995 47 2 43066 24 71
497 43056 55 4 43121 10 65
296 43030 64 3 43185 91 155
151 43042 80 3 43265 143 223
713 43275 35 2 43310 0 35
829 43351 58 3 43409 0 58
447 43235 89 2 43447 123 212
426 43473 59 2 43532 0 59
286 42844 95 4 43551 612 707
298 43670 30 2 43700 0 30
356 43682 42 4 43742 18 60
807 43693 66 1 43808 49 115
37 43869 37 2 43906 0 37
371 43665 73 4 43913 175 248
260 44035 59 3 44094 0 59
456 43993 61 3 44113 59 120
670 43987 77 4 44184 120 197
376 44106 81 3 44335 148 229
340 44195 81 3 44346 70 151
982 44384 35 4 44419 0 35
515 44214 84 4 44465 167 251
903 43723 87 4 44478 668 755
22 44164 88 4 44566 314 402
327 44032 88 2 44654 534 622
483 44524 94 2 44748 130 224
14 44151 96 4 44844 597 693
534 10883 97 3 44852 33872 33969
590 8335 97 3 44852 36420 36517
277 44925 56 1 44981 0 56
920 45152 42 2 45194 0 42
377 45174 44 2 45238 20 64
182 45149 81 3 45316 86 167
548 45355 72 2 45427 0 72
373 45188 83 4 45471 200 283
399 45530 64 2 45594 0 64
707 45398 87 3 45622 137 224
882 45062 89 4 45624 473 562
784 45712 24 1 45736 0 24
813 45659 88 4 45771 24 112
141 29126 97 3 45776 16553 16650
986 32962 97 3 45776 12717 12814
375 45826 79 3 45905 0 79
109 45965 69 3 46034 0 69
626 41445 97 2 46118 4576 4673
369 24364 97 2 46118 21657 21754
618 46298 79 3 46377 0 79
923 46337 97 3 46474 40 137
325 46483 56 4 46539 0 56
317 8263 97 2 46544 38184 38281
120 2242 97 2 46544 44205 44302
858 46661 63 2 46724 0 63
52 46754 69 1 46823 0 69
170 46643 94 2 46869 132 226
115 46891 76 1 46967 0 76
655 46989 72 1 47061 0 72
749 47174 52 1 47226 0 52
571 47228 50 4 47278 0 50
856 47113 74 2 47289 102 176
134 47098 76 2 47350 176 252
131 34383 97 2 47364 12884 12981
838 16342 97 2 47364 30925 31022
372 47501 75 3 47576 0 75
411 47446 82 2 47603 75 157
633 47435 95 4 47687 157 252
383 5769 97 1 47810 41944 42041
603 12259 97 1 47810 35454 35551
210 47897 32 2 47929 0 32
580 34303 97 1 47939 13539 13636
946 48075 50 2 48125 0 50
386 48138 58 4 48196 0 58
114 48289 43 3 48332 0 43
258 48258 44 4 48345 43 87
250 48388 42 1 48430 0 42
948 48265 85 4 48472 122 207
324 48619 65 3 48684 0 65
495 48549 81 4 48695 65 146
881 48434 86 3 48704 184 270
63 48475 91 4 48795 229 320
939 48648 96 3 48891 147 243
1000 48911 52 3 48963 0 52
195 48235 97 1 49017 685 782
609 49067 92 3 49159 0 92
232 49216 62 4 49278 0 62
184 49252 63 4 49341 26 89
628 49189 92 3 49406 125 217
815 49439 33 4 49472 0 33
352 49413 64 2 49510 33 97
606 49508 91 3 49601 2 93
816 49703 45 4 49748 0 45
406 49728 62 1 49810 20 82
270 49803 70 2 49880 7 77
870 49627 87 3 49891 177 264
730 49898 90 2 49988 0 90
853 49497 91 2 50046 458 549
668 50076 83 4 50159 0 83
162 50164 94 3 50258 0 94
766 50274 37 4 50311 0 37
100 50337 52 3 50389 0 52
839 50357 66 3 50455 32 98
321 50528 40 2 50568 0 40
405 50464 73 3 50577 40 113
55 49905 96 1 50587 586 682
388 50684 41 2 50725 0 41
899 50628 94 3 50763 41 135
851 50617 95 4 50847 135 230
889 50917 80 4 50997 0 80
174 51074 87 2 51161 0 87
349 51188 41 4 51229 0 41
909 51188 45 3 51274 41 86
12 51223 65 4 51339 51 116
779 51016 91 3 51345 238 329
439 51391 87 3 51478 0 87
17 51500 40 3 51540 0 40
724 51529 55 4 51595 11 66
714 51543 79 3 51674 52 131
20 51597 84 4 51758 77 161
367 50927 93 1 51764 744 837
214 51778 52 4 51830 0 52
836 51495 96 3 51912 321 417
629 50954 97 2 52009 958 1055
181 45444 98 4 52026 6484 6582
537 43513 98 4 52026 8415 8513
835 40529 98 4 52026 11399 11497
69 13833 98 4 52026 38095 38193
506 52029 41 2 52070 0 41
334 30773 98 4 52263 21392 21490
808 31142 98 4 52263 21023 21121
29 52392 50 2 52442 0 50
380 52509 51 4 52560 0 51
306 52532 75 1 52635 28 103
541 52720 69 2 52789 0 69
794 52657 72 2 52798 69 141
875 52455 76 1 52798 267 343
955 52316 92 2 52801 393 485
246 52916 34 2 52950 0 34
491 52928 84 3 53034 22 106
776 40585 98 4 53062 12379 12477
155 37666 98 4 53062 15298 15396
310 53326 65 2 53391 0 65
543 53386 71 4 53462 5 76
460 53464 33 4 53497 0 33
187 53465 84 2 53581 32 116
79 53585 55 3 53640 0 55
833 53583 78 2 53716 55 133
652 53734 52 2 53786 0 52
530 53753 69 2 53855 33 102
926 53925 73 4 53998 0 73
782 53660 94 3 54004 250 344
331 53635 96 2 54100 369 465
988 54108 45 2 54153 0 45
358 54203 62 3 54265 0 62
892 54214 74 3 54339 51 125
41 54473 53 3 54526 0 53
708 54461 58 2 54572 53 111
470 54406 88 3 54605 111 199
524 54671 36 3 54707 0 36
332 54614 57 2 54707 36 93
500 54760 42 1 54802 0 42
934 54786 84 2 54886 16 100
904 54949 66 3 55015 0 66
436 54968 92 4 55107 47 139
579 54786 98 4 55142 258 356
789 55143 58 4 55201 0 58
565 55194 96 3 55297 7 103
479 27110 98 3 55331 28123 28221
994 25714 98 3 55331 29519 29617
50 271 98 3 55331 54962 55060
239 14113 98 3 55331 41120 41218
987 23126 98 3 55331 32107 32205
323 33696 98 3 55625 21831 21929
268 2552 98 3 55625 52975 53073
487 18307 98 3 55625 37220 37318
697 55673 82 4 55755 0 82
225 55726 86 1 55841 29 115
143 55949 71 3 56020 0 71
791 56406 84 4 56490 0 84
359 56562 40 2 56602 0 40
48 56520 81 4 56641 40 121
709 8047 98 2 56657 48512 48610
243 11790 98 2 56657 44769 44867
880 48659 98 2 56657 7900 7998
777 9623 98 2 56657 46936 47034
462 17403 98 2 56657 39156 39254
96 28457 98 2 56657 28102 28200
817 56806 45 4 56851 0 45
865 56823 62 3 56913 28 90
459 56789 92 3 56988 107 199
754 14952 98 1 57052 42002 42100
403 7034 98 1 57052 49920 50018
508 57064 66 3 57130 0 66
584 57192 35 4 57227 0 35
75 57359 53 4 57412 0 53
76 57336 56 4 57445 53 109
895 57321 64 4 57494 109 173
82 57436 67 4 57561 58 125
394 57281 67 3 57588 240 307
315 57188 70 4 57600 342 412
831 57560 81 4 57681 40 121
32 57612 91 4 57772 69 160
990 57337 93 3 57865 435 528
408 568 98 1 57893 57227 57325
818 57898 88 4 57986 0 88
667 58228 28 4 58256 0 28
518 58139 93 1 58260 28 121
149 58349 87 1 58436 0 87
641 58440 54 4 58494 0 54
60 58494 55 2 58549 0 55
778 58770 49 3 58819 0 49
64 5407 99 4 58842 53336 53435
395 30163 99 4 58842 28580 28679
623 39285 99 4 58842 19458 19557
501 33976 99 4 58842 24767 24866
61 9439 99 4 58842 49304 49403
290 22205 99 4 59139 36835 36934
311 19708 99 4 59139 39332 39431
578 17806 99 4 59139 41234 41333
466 59425 91 2 59516 0 91
533 59573 32 4 59605 0 32
281 59574 88 2 59693 31 119
951 59405 94 4 59710 211 305
992 4214 99 4 59741 55428 55527
53 1196 99 4 59741 58446 58545
15 29733 99 4 59741 29909 30008
883 59824 87 2 59911 0 87
471 59991 59 2 60050 0 59
185 60104 86 4 60190 0 86
99 60292 67 4 60359 0 67
564 60201 92 4 60360 67 159
674 60017 97 4 60392 278 375
915 60399 93 4 60492 0 93
384 60494 84 4 60578 0 84
176 60721 63 1 60784 0 63
85 60671 88 4 60822 63 151
710 60740 97 2 60919 82 179
950 55779 99 3 61033 5155 5254
687 36032 99 3 61058 24927 25026
810 44743 99 3 61186 16344 16443
164 9757 99 3 61204 51348 51447
295 51211 99 3 61245 9935 10034
677 49853 99 3 61251 11299 11398
549 61346 54 4 61400 0 54
417 61294 72 3 61420 54 126
235 61277 80 4 61483 126 206
329 61405 86 3 61569 78 164
891 61606 73 4 61679 0 73
326 61627 75 4 61754 52 127
566 14804 99 3 61883 46980 47079
925 49292 99 3 61886 12495 12594
673 1674 99 2 61985 60212 60311
682 47475 99 1 62084 14510 14609
244 62123 92 4 62215 0 92
343 11974 100 4 62375 50301 50401
211 62400 70 2 62470 0 70
393 62411 90 4 62560 59 149
525 62654 46 2 62700 0 46
869 62640 61 2 62747 46 107
864 62435 92 1 62759 232 324
77 14446 100 4 62774 48228 48328
588 5443 100 4 62896 57353 57453
95 62902 77 3 62979 0 77
110 19202 100 4 63012 43710 43810
147 13656 100 3 63212 49456 49556
308 43081 100 3 63212 20031 20131
774 63290 37 4 63327 0 37
737 23868 100 2 63349 39381 39481
723 63354 64 4 63418 0 64
792 63356 66 3 63484 62 128
613 63511 58 3 63569 0 58
93 63866 67 3 63933 0 67
648 63943 28 3 63971 0 28
773 64000 59 3 64059 0 59
122 63992 72 2 64123 59 131
410 64165 69 2 64234 0 69
741 64198 73 2 64307 36 109
423 64430 74 4 64504 0 74
907 64417 75 3 64566 74 149
642 64462 85 2 64651 104 189
918 64842 63 3 64905 0 63
693 64908 33 4 64941 0 33
502 64945 48 3 64993 0 48
207 65290 91 2 65381 0 91
215 65393 74 3 65467 0 74
473 65574 70 3 65644 0 70
353 65574 82 3 65726 70 152
148 65654 87 3 65813 72 159
764 65711 94 3 65907 102 196
750 65976 93 3 66069 0 93
769 66371 48 4 66419 0 48
496 66349 55 3 66452 48 103
695 66759 60 3 66819 0 60
494 66824 23 3 66847 0 23
463 67043 72 3 67115 0 72
472 66992 73 3 67137 72 145
665 67267 64 4 67331 0 64
237 67395 92 2 67487 0 92
728 67675 87 4 67762 0 87
58 67893 41 1 67934 0 41
467 67907 67 2 68001 27 94
330 68140 37 4 68177 0 37
35 68128 44 2 68209 37 81
212 68075 78 3 68234 81 159
617 68286 68 4 68354 0 68
128 68306 75 4 68429 48 123
106 68526 60 4 68586 0 60
293 68627 71 4 68698 0 71
521 69061 97 3 69158 0 97
448 69444 78 3 69522 0 78
477 69497 90 4 69612 25 115
887 69715 74 3 69789 0 74
45 70167 93 3 70260 0 93
809 70479 70 2 70549 0 70
635 70446 72 4 70588 70 142
121 70841 77 2 70918 0 77
551 70804 92 4 70973 77 169
700 71300 59 1 71359 0 59
98 71485 58 2 71543 0 58
690 71673 27 2 71700 0 27
594 71678 64 4 71764 22 86
886 71691 93 2 71857 73 166
786 71978 63 4 72041 0 63
280 72035 74 4 72115 6 80
465 72003 82 4 72197 112 194
735 71926 91 4 72236 219 310
721 72603 82 2 72685 0 82
409 72709 99 4 72808 0 99
688 73322 44 4 73366 0 44
482 73394 41 4 73435 0 41
840 73391 67 2 73499 41 108
850 73766 78 4 73844 0 78
868 73845 88 4 73933 0 88
21 74320 81 3 74401 0 81
940 74703 58 3 74761 0 58
581 75191 51 3 75242 0 51
727 75291 47 3 75338 0 47
40 75239 82 3 75371 50 132
27 76276 78 3 76354 0 78
507 76710 84 4 76794 0 84
103 76819 81 3 76900 0 81
219 76886 83 4 76983 14 97
625 76988 73 2 77061 0 73
429 76962 88 4 77144 94 182
542 76915 98 4 77242 229 327
361 77356 99 3 77455 0 99
152 77673 56 4 77729 0 56
288 77784 70 3 77854 0 70
255 77648 86 3 77860 126 212
428 77688 93 4 77953 172 265
890 78089 94 4 78183 0 94
504 78611 62 1 78673 0 62
198 78672 88 4 78761 1 89
362 79100 44 1 79144 0 44
368 79117 62 1 79206 27 89
418 79712 59 3 79771 0 59
960 79730 79 1 79850 41 120
6 79911 80 4 79991 0 80
415 79926 80 1 80071 65 145
133 80217 96 3 80313 0 96
954 80332 52 4 80384 0 52
731 80413 70 2 80483 0 70
256 80516 98 2 80614 0 98
261 81075 68 3 81143 0 68
650 81233 87 4 81320 0 87
734 81091 99 4 81329 139 238
999 81684 61 2 81745 0 61
242 81765 54 3 81819 0 54
171 82511 69 3 82580 0 69
322 83412 50 2 83462 0 50
191 83386 66 2 83502 50 116
717 83524 93 3 83617 0 93
111 84091 30 3 84121 0 30
993 84010 81 1 84121 30 111
961 84717 81 2 84798 0 81
499 85132 64 4 85196 0 64
3 85505 41 3 85546 0 41
259 85454 79 4 85574 41 120
440 85600 50 4 85650 0 50
921 85699 86 4 85785 0 86
450 85548 96 4 85806 162 258
666 85830 88 2 85918 0 88
203 85711 100 4 85994 183 283
196 86323 70 1 86393 0 70
644 86345 73 4 86466 48 121
228 86515 78 2 86593 0 78
304 86642 94 2 86736 0 94
434 86765 79 3 86844 0 79
574 87553 69 4 87622 0 69
898 87656 78 4 87734 0 78
443 87792 86 4 87878 0 86
640 88404 80 2 88484 0 80
546 88527 78 3 88605 0 78
444 88654 68 3 88722 0 68
555 88891 97 3 88988 0 97
59 89360 86 1 89446 0 86
33 92489 30 4 92519 0 30
292 92723 31 2 92754 0 31
910 93527 56 2 93583 0 56
445 93962 77 3 94039 0 77
861 94172 44 2 94216 0 44
672 94091 82 4 94217 44 126
517 95638 85 2 95723 0 85
639 97887 45 4 97932 0 45
