95516 1000 3866 3792
714 3 64 4 67 0 64
600 21 93 2 160 46 139
169 230 57 4 287 0 57
198 298 44 1 342 0 44
712 274 63 4 394 57 120
256 215 87 2 466 164 251
632 482 83 2 565 0 83
319 289 90 1 639 260 350
536 646 62 2 708 0 62
945 653 82 2 790 55 137
11 833 56 2 889 0 56
243 860 62 4 951 29 91
660 804 72 4 994 118 190
138 1103 55 4 1158 0 55
113 1040 69 4 1164 55 124
249 1239 45 4 1284 0 45
591 1224 48 1 1317 45 93
902 1196 64 4 1353 93 157
604 1364 72 3 1436 0 72
558 1489 44 4 1533 0 44
144 1540 54 4 1594 0 54
470 1440 60 4 1598 98 158
537 1644 65 3 1709 0 65
361 1388 91 4 1750 271 362
725 1001 93 3 1761 667 760
716 24 94 4 1772 1654 1748
89 1863 38 1 1901 0 38
562 1912 53 4 1965 0 53
78 1902 56 3 2011 53 109
609 1860 60 2 2067 147 207
429 2100 52 1 2152 0 52
100 2172 61 4 2233 0 61
404 1946 68 4 2248 234 302
81 2274 81 2 2355 0 81
974 2362 66 2 2428 0 66
161 2392 72 2 2500 36 108
291 2514 66 4 2580 0 66
890 2502 69 3 2637 66 135
451 2650 64 4 2714 0 64
897 2671 67 2 2781 43 110
296 2376 76 2 2842 390 466
479 2370 81 2 2923 472 553
871 2083 84 3 2974 807 891
867 3055 75 4 3130 0 75
28 2359 85 3 3134 690 775
422 3157 53 2 3210 0 53
179 3302 58 2 3360 0 58
47 3276 67 4 3401 58 125
299 3455 70 3 3525 0 70
729 2364 86 4 3554 1104 1190
813 2837 86 4 3554 631 717
680 3611 54 3 3665 0 54
104 3132 87 4 3695 476 563
312 3724 40 4 3764 0 40
949 3707 43 2 3790 40 83
776 3861 58 4 3919 0 58
706 3904 59 2 3978 15 74
490 3736 73 4 3980 171 244
676 4016 55 2 4071 0 55
216 4063 86 4 4157 8 94
710 4209 58 4 4267 0 58
918 4174 60 4 4292 58 118
106 4329 68 2 4397 0 68
541 4418 49 4 4467 0 49
654 4478 69 4 4547 0 69
363 4197 76 3 4554 281 357
2 4581 52 1 4633 0 52
32 4618 61 3 4694 15 76
789 4652 66 2 4760 42 108
496 4607 81 2 4841 153 234
869 4359 83 4 4897 455 538
166 2491 87 3 4919 2341 2428
51 4976 76 3 5052 0 76
369 2921 87 1 5082 2074 2161
602 3839 89 2 5171 1243 1332
331 5267 59 3 5326 0 59
814 5259 83 4 5401 59 142
866 5372 84 2 5485 29 113
21 5532 47 4 5579 0 47
18 5552 78 4 5657 27 105
133 5226 88 4 5665 351 439
750 5694 65 4 5759 0 65
192 5193 88 2 5785 504 592
500 5851 50 4 5901 0 50
677 5812 88 2 5950 50 138
702 5965 42 2 6007 0 42
817 6080 56 3 6136 0 56
101 6115 60 4 6196 21 81
983 6204 27 4 6231 0 27
178 6256 65 2 6321 0 65
958 6113 66 3 6354 175 241
544 6046 73 3 6393 274 347
534 6133 80 1 6473 260 340
735 6529 51 1 6580 0 51
325 6588 38 1 6626 0 38
512 6642 72 4 6714 0 72
555 6349 83 4 6717 285 368
467 6814 56 2 6870 0 56
376 6780 61 2 6897 56 117
124 6943 41 4 6984 0 41
267 6928 59 4 7028 41 100
824 7059 54 3 7113 0 54
247 6835 63 2 7114 216 279
117 6852 74 2 7188 262 336
389 6919 77 2 7265 269 346
539 7306 66 4 7416 44 110
148 7328 66 4 7438 44 110
354 7469 47 2 7516 0 47
373 7511 57 1 7573 5 62
164 6795 80 4 7581 706 786
809 7602 33 4 7635 0 33
723 7687 64 4 7751 0 64
300 7616 68 4 7767 83 151
488 7640 72 4 7839 127 199
406 7877 48 1 7925 0 48
344 7928 39 3 7967 0 39
724 7139 85 3 7990 766 851
527 7882 85 2 8075 108 193
943 8090 22 3 8112 0 22
638 6432 86 3 8120 1602 1688
757 6119 86 1 8206 2001 2087
610 8251 49 3 8300 0 49
625 7829 87 4 8342 426 513
252 8356 69 4 8425 0 69
227 6463 88 1 8499 1948 2036
554 8609 56 2 8665 0 56
693 8561 65 4 8682 56 121
648 7028 89 4 8709 1592 1681
374 5267 89 3 8717 3361 3450
734 8768 51 4 8819 0 51
504 6908 89 2 8857 1860 1949
242 8859 78 4 8937 0 78
577 8993 64 4 9057 0 64
52 8591 89 1 9088 408 497
599 9268 51 1 9319 0 51
275 9214 72 4 9337 51 123
896 9345 64 4 9409 0 64
446 9312 75 2 9476 89 164
305 9167 85 3 9514 262 347
253 8698 90 4 9525 737 827
707 9587 51 2 9638 0 51
731 7792 90 3 9666 1784 1874
23 9735 69 4 9804 0 69
967 9806 62 4 9882 14 76
717 9854 62 4 9930 14 76
342 9932 45 4 9977 0 45
970 9980 32 4 10012 0 32
375 10020 31 4 10051 0 31
667 10039 32 4 10083 12 44
91 10111 35 2 10146 0 35
997 9942 56 4 10163 165 221
431 10210 60 3 10270 0 60
780 10018 62 2 10285 205 267
517 9682 78 3 10327 567 645
221 10213 78 3 10384 93 171
908 10454 52 3 10506 0 52
136 10419 61 4 10532 52 113
518 10469 74 2 10606 63 137
379 9937 83 2 10654 634 717
849 10715 38 1 10753 0 38
84 10748 45 4 10798 5 50
75 10881 55 4 10936 0 55
617 10835 63 2 10953 55 118
832 10990 84 4 11074 0 84
959 11077 80 1 11157 0 80
127 10960 84 3 11208 164 248
719 11302 38 2 11340 0 38
262 11267 85 4 11390 38 123
652 11436 42 2 11478 0 42
557 11457 67 4 11545 21 88
492 11401 70 3 11580 109 179
939 11641 69 4 11710 0 69
204 11650 80 3 11790 60 140
808 11458 86 2 11815 271 357
659 11838 57 4 11895 0 57
463 11911 31 4 11942 0 31
571 11901 82 4 12014 31 113
700 11582 86 1 12071 403 489
746 12173 45 4 12218 0 45
134 12181 52 2 12270 37 89
270 12093 80 4 12270 97 177
266 12144 80 3 12350 126 206
948 11295 88 3 12405 1022 1110
888 12433 64 4 12497 0 64
176 12431 67 4 12562 64 131
217 12615 60 1 12675 0 60
606 12524 75 4 12697 98 173
650 11237 88 2 12729 1404 1492
223 12819 32 1 12851 0 32
367 12808 62 4 12902 32 94
31 12790 88 2 12972 94 182
403 10891 89 4 13016 2036 2125
607 11904 89 4 13053 1060 1149
506 13074 71 3 13145 0 71
448 13155 49 2 13204 0 49
392 13359 56 2 13415 0 56
469 13356 71 3 13483 56 127
842 13337 71 2 13587 179 250
348 13462 71 2 13606 73 144
396 13514 74 4 13680 92 166
167 11326 90 4 13696 2280 2370
397 12176 90 4 13696 1430 1520
805 13702 48 3 13750 0 48
718 13833 81 4 13914 0 81
925 13726 85 4 13916 105 190
57 9941 90 2 14074 4043 4133
637 10445 90 2 14074 3539 3629
53 4662 90 2 14096 9344 9434
927 9808 90 2 14134 4236 4326
994 1935 91 4 14225 12199 12290
560 14305 51 4 14356 0 51
833 14381 44 4 14425 0 44
815 14547 46 3 14593 0 46
193 14570 84 1 14677 23 107
10 4148 91 3 14723 10484 10575
233 3292 91 3 14723 11340 11431
154 13606 91 3 14723 1026 1117
618 14729 84 4 14813 0 84
350 14828 51 3 14879 0 51
209 12632 91 2 14949 2226 2317
774 15011 84 4 15095 0 84
647 5090 91 1 15124 9943 10034
705 15175 88 2 15263 0 88
416 15434 82 2 15516 0 82
698 15538 81 3 15619 0 81
260 15676 47 4 15723 0 47
993 15520 87 3 15735 128 215
848 15778 45 4 15823 0 45
678 15807 69 4 15892 16 85
739 2396 92 4 15899 13411 13503
771 10759 92 4 15899 5048 5140
713 10261 92 4 15899 5546 5638
203 15988 49 2 16037 0 49
468 16052 55 3 16107 0 55
764 15991 71 3 16163 101 172
561 16235 72 4 16307 0 72
48 16342 71 2 16413 0 71
311 16213 73 4 16429 143 216
671 16504 40 4 16544 0 40
17 16522 59 3 16603 22 81
175 16214 82 4 16610 314 396
334 16692 62 4 16754 0 62
950 16827 77 2 16904 0 77
595 16701 80 4 16911 130 210
877 16092 91 3 16923 740 831
261 16957 34 4 16991 0 34
810 16200 91 3 16995 704 795
786 17098 75 3 17173 0 75
387 17035 83 2 17193 75 158
531 13363 92 4 17247 3792 3884
478 13546 92 4 17248 3610 3702
851 10963 92 3 17432 6377 6469
107 17040 92 3 17432 300 392
864 4147 92 2 17524 13285 13377
36 17556 51 4 17607 0 51
542 17692 30 2 17722 0 30
196 17647 45 3 17722 30 75
807 17622 58 3 17755 75 133
60 17649 60 4 17815 106 166
529 17757 79 4 17894 58 137
540 17835 81 3 17975 59 140
695 18092 68 4 18160 0 68
351 18016 80 4 18164 68 148
580 6900 92 1 18168 11176 11268
473 18213 82 2 18295 0 82
405 18337 44 3 18381 0 44
49 18400 60 3 18460 0 60
928 18434 73 3 18533 26 99
954 18600 38 2 18638 0 38
15 18632 48 2 18686 6 54
565 18753 48 2 18801 0 48
442 18705 58 3 18811 48 106
241 18665 59 4 18851 127 186
835 18728 61 2 18912 123 184
453 18628 64 4 18976 284 348
1000 19025 28 3 19053 0 28
944 19050 38 4 19091 3 41
93 19108 51 4 19159 0 51
792 19075 60 1 19202 67 127
332 19272 71 3 19343 0 71
986 19076 77 3 19350 197 274
673 19431 67 3 19498 0 67
6 19380 70 2 19517 67 137
694 19541 75 2 19616 0 75
94 19644 50 4 19694 0 50
526 19679 50 2 19744 15 65
55 19444 78 1 19770 248 326
165 18741 81 1 19772 950 1031
579 19790 37 1 19827 0 37
855 19824 81 3 19908 3 84
73 20011 60 3 20071 0 60
412 20076 47 4 20123 0 47
930 20169 62 4 20231 0 62
681 20240 41 4 20281 0 41
159 20130 68 4 20301 103 171
624 20280 73 4 20374 21 94
923 20503 41 4 20544 0 41
675 20439 67 3 20547 41 108
873 20331 77 4 20559 151 228
475 20624 69 4 20693 0 69
998 20182 82 3 20710 446 528
24 20204 84 2 20794 506 590
245 18585 85 2 20801 2131 2216
278 19320 85 2 20816 1411 1496
895 20879 52 3 20931 0 52
581 20829 66 3 20947 52 118
457 21031 77 1 21108 0 77
456 21065 79 4 21187 43 122
821 21201 74 2 21275 0 74
45 21286 47 1 21333 0 47
314 21345 72 3 21417 0 72
778 21419 50 2 21469 0 50
321 21257 80 4 21524 187 267
874 20995 80 1 21554 479 559
937 21180 85 4 21639 374 459
674 21723 63 2 21786 0 63
343 21799 67 3 21866 0 67
743 21684 71 3 21885 130 201
34 21905 57 2 21962 0 57
289 21024 86 3 21983 873 959
688 18869 87 3 22009 3053 3140
886 22067 70 2 22137 0 70
829 22090 78 4 22261 93 171
804 22169 78 4 22293 46 124
214 21485 89 1 22324 750 839
66 18472 90 4 22362 3800 3890
265 22526 79 4 22605 0 79
115 22446 89 3 22614 79 168
79 21446 90 3 22620 1084 1174
194 22740 61 1 22801 0 61
951 22902 54 3 22956 0 54
528 22854 73 3 22981 54 127
655 22790 90 4 23018 138 228
501 23046 91 3 23137 0 91
966 23215 60 4 23275 0 60
803 23076 92 3 23289 121 213
801 23291 79 4 23370 0 79
696 23396 55 2 23451 0 55
666 23523 33 3 23556 0 33
720 23544 44 4 23600 12 56
323 23606 45 2 23651 0 45
522 23476 70 4 23668 122 192
568 23690 59 4 23749 0 59
33 23701 78 3 23827 48 126
358 23852 74 2 23926 0 74
940 23697 83 1 23984 204 287
741 23311 86 4 23997 600 686
59 24108 52 3 24160 0 52
302 24102 61 2 24215 52 113
975 24058 66 4 24237 113 179
878 24299 62 3 24361 0 62
523 24243 75 3 24380 62 137
9 24381 65 4 24446 0 65
72 24008 81 3 24470 381 462
588 23936 88 4 24547 523 611
682 23459 90 3 24637 1088 1178
620 24665 56 3 24721 0 56
182 24747 69 1 24816 0 69
340 24842 45 4 24887 0 45
493 24690 72 3 24907 145 217
77 24653 79 1 24974 242 321
225 24801 85 2 25059 173 258
454 24735 87 3 25146 324 411
509 24683 89 4 25235 463 552
643 23680 90 2 25309 1539 1629
173 25365 32 4 25397 0 32
128 25327 76 4 25435 32 108
330 25500 64 1 25564 0 64
853 25171 91 3 25572 310 401
806 25618 78 2 25696 0 78
494 25718 73 3 25791 0 73
957 25756 87 1 25878 35 122
220 25881 83 2 25964 0 83
339 26022 68 3 26090 0 68
293 26115 81 1 26196 0 81
686 25895 87 3 26200 218 305
846 23516 92 4 26221 2613 2705
271 26241 60 4 26301 0 60
235 26323 70 3 26393 0 70
445 26223 81 3 26434 130 211
237 26470 65 4 26535 0 65
819 26333 91 4 26590 166 257
417 25882 92 3 26680 706 798
491 2448 93 4 26690 24149 24242
551 6776 93 4 26860 19991 20084
870 26948 70 2 27018 0 70
596 23040 93 4 27026 3893 3986
357 24394 93 4 27026 2539 2632
401 8662 93 4 27033 18278 18371
427 9134 93 4 27097 17870 17963
112 18918 93 4 27305 8294 8387
80 17171 93 4 27312 10048 10141
839 27345 77 4 27422 0 77
366 13422 93 4 27432 13917 14010
197 27553 54 2 27607 0 54
515 27477 87 4 27618 54 141
872 14269 93 4 27642 13280 13373
495 27679 49 3 27728 0 49
622 27654 64 2 27767 49 113
608 27799 48 3 27847 0 48
207 27763 66 4 27881 52 118
426 27721 77 4 27958 160 237
887 27778 80 2 28038 180 260
499 11128 93 3 28212 16991 17084
862 25439 93 3 28212 2680 2773
430 28306 62 3 28368 0 62
533 28386 25 4 28411 0 25
218 28254 88 1 28429 87 175
553 28581 69 3 28650 0 69
58 28520 69 2 28658 69 138
425 28503 91 4 28732 138 229
613 28738 71 4 28809 0 71
800 7869 93 2 28873 20911 21004
168 20680 93 2 28873 8100 8193
751 29023 72 1 29095 0 72
825 29128 66 4 29194 0 66
63 29200 62 4 29262 0 62
566 29316 61 4 29377 0 61
919 29453 41 1 29494 0 41
145 29422 71 3 29534 41 112
333 29306 72 4 29551 173 245
147 29333 78 3 29629 218 296
472 29594 81 4 29710 35 116
749 29117 81 3 29730 532 613
968 29225 89 4 29819 505 594
39 29450 89 2 29908 369 458
598 30003 54 4 30057 0 54
383 30069 38 2 30107 0 38
762 30054 62 3 30157 41 103
476 30232 51 3 30283 0 51
969 29994 84 3 30283 205 289
20 7603 94 4 30307 22610 22704
480 1960 94 4 30307 28253 28347
996 6224 94 4 30307 23989 24083
316 30415 62 2 30477 0 62
304 30555 44 2 30599 0 44
246 30569 46 4 30645 30 76
758 30594 54 4 30699 51 105
575 30726 54 4 30780 0 54
232 30792 51 3 30843 0 51
215 30607 62 4 30866 197 259
395 30658 75 4 30941 208 283
56 30757 78 2 31019 184 262
125 30908 83 4 31102 111 194
394 31136 58 4 31194 0 58
96 31243 86 3 31329 0 86
879 31354 59 4 31413 0 59
977 31417 80 4 31497 0 80
40 31152 87 3 31506 267 354
570 31517 26 4 31543 0 26
362 31650 77 3 31727 0 77
284 31759 59 4 31818 0 59
995 31623 79 3 31838 136 215
946 31535 83 4 31841 223 306
576 31906 30 4 31936 0 30
199 31991 80 1 32071 0 80
310 31894 86 4 32090 110 196
283 31532 86 2 32123 505 591
315 32164 34 4 32198 0 34
131 32259 69 3 32328 0 69
559 32192 75 4 32342 75 150
726 32381 61 4 32442 0 61
733 32169 81 3 32484 234 315
621 32185 86 2 32570 299 385
353 32575 67 4 32642 0 67
756 32635 80 2 32722 7 87
905 32737 71 3 32808 0 71
206 32607 81 4 32874 186 267
753 32670 86 3 32960 204 290
822 32987 83 3 33070 0 83
909 33076 59 3 33135 0 59
388 33085 67 3 33202 50 117
563 33254 45 4 33299 0 45
838 32891 87 2 33301 323 410
980 33341 49 4 33390 0 49
782 33453 36 3 33489 0 36
37 33334 70 4 33489 85 155
603 32304 88 3 33539 1147 1235
139 32525 88 2 33627 1014 1102
294 30634 91 3 33632 2907 2998
812 33633 69 2 33702 0 69
828 33793 82 4 33875 0 82
668 33746 83 1 33911 82 165
543 33949 77 3 34026 0 77
240 33961 86 4 34112 65 151
171 33259 92 3 34121 770 862
292 32866 93 3 34214 1255 1348
941 17086 94 3 34216 17036 17130
309 12969 94 3 34216 21153 21247
847 2650 94 1 34310 31566 31660
364 34313 67 2 34380 0 67
524 34589 51 1 34640 0 51
546 34531 58 2 34640 51 109
834 34625 68 4 34708 15 83
658 34629 91 2 34799 79 170
929 34557 94 4 34893 242 336
489 34898 37 4 34935 0 37
290 35023 94 1 35117 0 94
520 35150 65 4 35215 0 65
893 35251 59 4 35310 0 59
885 35288 76 4 35386 22 98
347 35435 55 3 35490 0 55
244 35421 76 3 35552 55 131
628 35286 82 2 35599 231 313
732 35624 81 3 35705 0 81
592 35764 71 3 35835 0 71
505 35759 80 3 35910 71 151
83 35281 83 4 35914 550 633
345 35125 85 3 35938 728 813
629 35171 88 3 36114 855 943
328 35838 88 3 36114 188 276
269 35944 90 4 36204 170 260
722 36220 64 4 36284 0 64
421 36359 81 4 36440 0 81
775 36237 88 2 36453 128 216
503 36511 54 2 36565 0 54
960 36626 40 2 36666 0 40
641 36590 62 4 36692 40 102
224 36754 37 4 36791 0 37
763 36667 75 4 36804 62 137
601 36813 57 3 36870 0 57
313 36877 51 2 36928 0 51
109 36789 84 4 36996 123 207
434 36435 89 4 37002 478 567
636 36947 91 4 37093 55 146
831 37133 74 2 37207 0 74
796 37209 68 4 37277 0 68
708 35932 91 2 37310 1287 1378
41 36062 92 2 37402 1248 1340
516 37413 33 3 37446 0 33
611 37486 38 4 37524 0 38
285 37555 57 1 37612 0 57
61 37491 80 4 37661 90 170
685 37428 84 4 37705 193 277
295 37718 70 3 37788 0 70
386 37773 73 2 37861 15 88
921 37886 52 4 37938 0 52
122 35752 93 4 38075 2230 2323
594 37311 93 4 38075 671 764
988 35889 93 3 38168 2186 2279
863 36836 94 2 38262 1332 1426
657 10460 95 4 38292 27737 27832
307 4990 95 4 38292 33207 33302
773 33706 95 4 38292 4491 4586
754 38370 72 4 38442 0 72
971 38484 48 2 38532 0 48
584 38510 53 2 38585 22 75
135 38442 79 3 38622 101 180
121 38717 63 2 38780 0 63
327 38779 87 4 38867 1 88
19 38878 70 3 38948 0 70
76 38873 94 4 39037 70 164
458 22672 95 4 39048 16281 16376
155 14636 95 4 39048 24317 24412
646 39084 39 2 39123 0 39
653 39119 47 3 39170 4 51
630 39220 55 4 39275 0 55
230 39217 59 4 39331 55 114
818 39294 60 4 39391 37 97
226 39102 74 4 39418 242 316
597 39352 75 3 39493 66 141
552 39495 62 3 39557 0 62
907 39525 77 4 39634 32 109
487 39246 80 1 39712 386 466
644 39736 33 4 39769 0 33
589 39711 86 2 39831 34 120
228 39881 61 3 39942 0 61
436 39888 87 3 40029 54 141
111 40033 61 2 40094 0 61
913 39931 89 3 40179 159 248
336 40224 34 1 40258 0 34
356 40217 46 4 40297 34 80
752 40210 60 1 40350 80 140
280 40366 66 3 40432 0 66
141 40364 70 3 40500 66 136
123 40336 75 3 40561 150 225
784 39923 92 4 40622 607 699
255 40840 58 2 40898 0 58
308 40841 59 2 40957 57 116
883 40848 73 2 41030 109 182
911 40806 76 3 41072 190 266
8 41135 79 1 41214 0 79
926 41232 39 2 41271 0 39
679 40872 88 4 41278 318 406
876 41261 90 3 41368 17 107
840 36355 95 3 41383 4933 5028
377 3319 95 3 41383 37969 38064
947 29873 95 3 41383 11415 11510
452 483 95 3 41390 40812 40907
140 41398 65 4 41463 0 65
200 41624 55 4 41679 0 55
932 41605 66 3 41726 55 121
365 41536 72 1 41729 121 193
7 41462 84 3 41740 194 278
791 41396 87 3 41825 342 429
772 41899 53 4 41952 0 53
794 41959 69 2 42028 0 69
697 41871 76 4 42069 122 198
372 42039 85 2 42154 30 115
738 42163 63 4 42226 0 63
521 42250 83 4 42333 0 83
952 42343 89 4 42432 0 89
88 41664 94 3 42437 679 773
378 42461 93 4 42554 0 93
612 42404 95 3 42625 126 221
181 42841 86 2 42927 0 86
663 42974 65 4 43039 0 65
236 42802 92 2 43045 151 243
922 7337 95 2 43052 35620 35715
46 5551 95 2 43052 37406 37501
880 43071 58 3 43129 0 58
384 27119 95 1 43205 15991 16086
820 43437 40 3 43477 0 40
953 43506 86 4 43592 0 86
859 43634 88 3 43722 0 88
38 43824 88 3 43912 0 88
891 44044 49 3 44093 0 49
222 44075 68 2 44161 18 86
745 44085 77 3 44238 76 153
349 43995 82 3 44271 194 276
999 43948 86 2 44310 276 362
90 44398 46 4 44444 0 46
779 44360 65 3 44471 46 111
43 43865 91 3 44476 520 611
514 43790 92 4 44534 652 744
857 44573 60 3 44633 0 60
370 12411 96 4 44660 32153 32249
736 907 96 4 44660 43657 43753
564 16112 96 4 44660 28452 28548
432 44685 51 3 44736 0 51
711 44737 48 1 44785 0 48
191 44675 52 4 44826 99 151
263 44737 68 4 44894 89 157
69 44915 67 3 44982 0 67
481 45073 79 3 45152 0 79
882 45027 86 3 45192 79 165
219 44892 89 4 45215 234 323
631 45119 92 2 45307 96 188
790 45388 49 4 45437 0 49
435 44687 95 3 45546 764 859
547 44999 95 3 45546 452 547
623 45560 76 4 45636 0 76
390 17461 96 4 45650 28093 28189
701 14180 96 4 45650 31374 31470
391 45675 39 4 45714 0 39
572 45693 87 2 45801 21 108
301 45851 52 3 45903 0 52
841 45882 56 1 45959 21 77
850 45896 83 4 46042 63 146
633 46067 70 3 46137 0 70
381 46187 84 4 46271 0 84
248 46334 32 2 46366 0 32
906 46292 62 4 46386 32 94
664 46405 43 2 46448 0 43
306 46167 85 4 46473 221 306
418 45820 87 2 46474 567 654
108 46552 52 2 46604 0 52
238 46543 53 2 46648 52 105
690 13836 96 3 46727 32795 32891
510 16374 96 3 46727 30257 30353
826 46952 76 4 47028 0 76
573 47142 87 4 47229 0 87
760 47359 74 4 47433 0 74
627 47405 76 4 47509 28 104
447 47470 91 4 47600 39 130
768 12797 96 2 47611 34718 34814
97 7021 96 2 47611 40494 40590
126 45301 96 2 47611 2214 2310
858 43088 96 2 47611 4427 4523
548 20875 96 2 47611 26640 26736
765 47743 51 2 47794 0 51
990 47675 78 4 47804 51 129
466 47766 93 3 47897 38 131
16 17261 96 1 47929 30572 30668
709 45650 97 4 48220 2473 2570
272 25742 97 4 48220 22381 22478
229 4388 97 4 48220 43735 43832
498 48653 72 3 48725 0 72
268 48797 55 3 48852 0 55
110 48754 65 2 48874 55 120
151 48804 66 4 48940 70 136
264 48678 88 2 48999 233 321
535 49127 22 4 49149 0 22
783 30471 97 4 49170 18602 18699
582 44067 97 4 49170 5006 5103
759 4462 97 4 49170 44611 44708
691 6553 97 4 49170 42520 42617
898 28525 97 4 49170 20548 20645
836 26227 97 4 49170 22846 22943
170 49325 67 3 49392 0 67
616 49404 69 3 49473 0 69
590 49486 62 4 49548 0 62
408 21199 97 3 49612 28316 28413
777 12938 97 3 49614 36579 36676
297 27893 97 3 49704 21714 21811
868 47838 97 3 49808 1873 1970
14 3405 97 3 49853 46351 46448
380 49865 73 3 49938 0 73
715 49987 37 3 50024 0 37
830 49972 73 4 50082 37 110
29 49904 85 4 50133 144 229
87 50210 32 4 50242 0 32
639 49873 92 3 50257 292 384
964 50088 92 2 50349 169 261
318 50017 96 2 50445 332 428
234 50605 33 4 50638 0 33
65 3879 97 2 50660 46684 46781
160 44389 97 2 50660 6174 6271
914 50693 35 4 50728 0 35
635 50768 74 1 50842 0 74
525 50671 82 2 50882 129 211
335 50779 82 2 50944 83 165
42 50864 87 4 51031 80 167
614 51041 57 3 51098 0 57
450 50785 92 4 51180 303 395
449 39821 97 1 51266 11348 11445
823 1726 98 4 51560 49736 49834
665 2165 98 4 51560 49297 49395
530 4975 98 4 51560 46487 46585
211 25565 98 4 51756 26093 26191
799 10557 98 4 51756 41101 41199
158 51798 88 3 51886 0 88
956 33570 98 4 52040 18372 18470
593 34940 98 4 52040 17002 17100
916 52225 92 1 52317 0 92
146 52365 72 1 52437 0 72
502 52316 95 4 52484 73 168
683 52200 97 4 52556 259 356
740 21925 98 4 52592 30569 30667
346 25215 98 4 52592 27279 27377
26 52710 37 2 52747 0 37
973 13867 98 3 52825 38860 38958
744 30896 98 3 52825 21831 21929
186 21296 98 3 52923 31529 31627
213 53046 90 2 53136 0 90
259 53166 61 3 53227 0 61
258 53262 96 4 53358 0 96
924 53430 46 2 53476 0 46
114 53558 49 3 53607 0 49
459 53655 51 3 53706 0 51
411 53689 57 3 53763 17 74
513 53597 62 2 53777 118 180
852 53828 63 3 53891 0 63
320 53620 93 2 53933 220 313
692 53949 48 4 53997 0 48
797 54182 97 4 54279 0 97
464 54375 64 4 54439 0 64
137 54392 84 4 54523 47 131
802 54189 97 3 54524 238 335
955 54529 42 3 54571 0 42
640 12287 98 2 54611 42226 42324
583 21492 98 2 54611 33021 33119
190 51775 98 2 54611 2738 2836
371 3846 98 2 54611 50667 50765
549 5048 98 2 54611 49465 49563
382 31110 98 2 54611 23403 23501
465 6624 98 2 54709 47987 48085
556 54786 82 1 54868 0 82
730 54717 83 3 54882 82 165
699 54804 93 4 54975 78 171
210 55050 64 3 55114 0 64
619 55034 71 4 55169 64 135
183 54883 97 3 55207 227 324
195 55219 73 2 55292 0 73
901 55292 92 3 55384 0 92
661 55491 77 3 55568 0 77
761 55592 64 3 55656 0 64
656 55671 92 3 55763 0 92
208 22036 98 1 55793 33659 33757
662 48 98 1 55793 55647 55745
409 55859 59 3 55918 0 59
837 55888 77 3 55995 30 107
477 23507 99 4 56298 32692 32791
368 37548 99 4 56298 18651 18750
82 56367 41 4 56408 0 41
670 56352 64 1 56457 41 105
402 16357 99 4 56619 40163 40262
567 56656 43 1 56699 0 43
287 56714 31 3 56745 0 31
875 22276 99 4 56788 34413 34512
856 56819 72 4 56891 0 72
152 56986 30 2 57016 0 30
5 5852 99 4 57034 51083 51182
149 35251 99 4 57034 21684 21783
444 44511 99 4 57066 12456 12555
419 49699 99 4 57066 7268 7367
13 57124 66 4 57190 0 66
860 57311 59 3 57370 0 59
920 57261 67 2 57387 59 126
766 57128 86 4 57402 188 274
163 57188 93 2 57495 214 307
407 23953 99 4 57555 33503 33602
92 19854 99 4 57587 37634 37733
185 57799 76 4 57875 0 76
22 57888 60 3 57948 0 60
3 57953 65 3 58018 0 65
64 58012 87 1 58105 6 93
143 57728 98 4 58114 288 386
437 19416 99 4 58139 38624 38723
433 34844 99 4 58155 23212 23311
770 58190 94 4 58284 0 94
844 58330 59 4 58389 0 59
274 58333 78 2 58467 56 134
414 58555 76 2 58631 0 76
651 58687 76 4 58763 0 76
865 58885 86 4 58971 0 86
861 58960 89 1 59060 11 100
963 58932 94 4 59154 128 222
276 58910 95 4 59249 244 339
511 58852 95 2 59311 364 459
324 56213 99 3 59493 3181 3280
440 20235 99 3 59493 39159 39258
424 27909 99 3 59493 31485 31584
201 11008 99 3 59493 48386 48485
991 21123 99 3 59493 38271 38370
881 59686 54 4 59740 0 54
903 59775 84 3 59859 0 84
162 59969 79 3 60048 0 79
687 59875 99 4 60053 79 178
355 4219 99 3 60103 55785 55884
992 36603 99 3 60106 23404 23503
44 30241 99 3 60106 29766 29865
550 60279 56 3 60335 0 56
474 60205 77 2 60338 56 133
934 4425 99 3 60435 55911 56010
781 4588 99 3 60436 55749 55848
360 60466 53 4 60519 0 53
441 60484 54 2 60573 35 89
933 60576 56 4 60632 0 56
645 60685 37 2 60722 0 37
67 60710 81 4 60803 12 93
250 60847 62 3 60909 0 62
254 60691 97 3 60962 174 271
587 60670 98 3 61045 277 375
684 61120 68 3 61188 0 68
281 61057 79 3 61204 68 147
35 61089 85 3 61289 115 200
118 61305 73 3 61378 0 73
626 61139 88 4 61450 223 311
385 1076 99 2 61565 60390 60489
935 22972 99 2 61565 38494 38593
455 11974 99 1 61763 49690 49789
443 60004 99 1 61763 1660 1759
793 13512 99 1 61961 48350 48449
484 2934 99 1 61961 58928 59027
884 32456 100 4 62361 29805 29905
904 81 100 4 62361 62180 62280
68 29777 100 4 62361 32484 32584
322 59990 100 4 62361 2271 2371
854 62468 79 4 62547 0 79
827 62516 91 4 62638 31 122
337 28550 100 3 62731 34081 34181
27 26097 100 3 62731 36534 36634
485 62754 100 4 62854 0 100
86 63006 42 2 63048 0 42
748 62977 61 3 63080 42 103
649 62910 74 4 63087 103 177
507 62991 82 3 63169 96 178
438 32001 100 3 63290 31189 31289
605 25791 100 3 63290 37399 37499
483 63390 66 2 63456 0 66
120 8728 100 2 63456 54628 54728
184 63514 46 1 63560 0 46
461 63530 49 4 63609 30 79
788 63736 91 4 63827 0 91
212 63863 88 1 63951 0 88
54 63822 96 4 64011 93 189
251 38897 100 1 64025 25028 25128
569 5116 100 1 64026 58810 58910
689 64232 35 4 64267 0 35
4 64251 97 4 64364 16 113
423 64397 96 2 64493 0 96
669 64565 87 3 64652 0 87
413 64660 73 3 64733 0 73
174 64681 80 4 64813 52 132
142 64717 89 2 64902 96 185
899 64575 96 3 64990 319 415
961 64631 98 2 65088 359 457
172 65137 59 3 65196 0 59
50 65268 69 3 65337 0 69
130 65250 91 4 65410 69 160
672 65418 82 4 65500 0 82
965 65557 87 4 65644 0 87
102 65735 95 4 65830 0 95
105 65648 99 4 65842 95 194
787 65910 58 4 65968 0 58
586 65887 68 3 66013 58 126
286 66287 71 3 66358 0 71
257 66443 36 3 66479 0 36
119 66432 63 2 66531 36 99
399 66614 65 2 66679 0 65
428 66556 68 4 66689 65 133
156 66578 78 3 66767 111 189
460 66778 62 1 66840 0 62
150 66443 82 4 66886 361 443
912 66779 87 4 66973 107 194
984 67151 93 3 67244 0 93
30 67427 69 4 67496 0 69
157 67573 63 2 67636 0 63
338 67674 66 4 67740 0 66
288 67813 79 4 67892 0 79
189 68171 38 3 68209 0 38
98 68288 80 4 68368 0 80
721 68217 95 3 68392 80 175
585 68624 75 4 68699 0 75
917 68935 54 2 68989 0 54
116 68874 97 2 69025 54 151
303 69106 43 2 69149 0 43
737 69044 70 3 69157 43 113
298 68820 98 3 69182 264 362
972 69307 63 3 69370 0 63
578 69293 91 2 69447 63 154
471 69534 63 4 69597 0 63
329 69634 73 3 69707 0 73
415 69737 52 2 69789 0 52
962 69948 88 4 70036 0 88
462 70171 80 1 70251 0 80
132 70326 89 4 70415 0 89
889 70597 22 1 70619 0 22
341 70602 89 3 70708 17 106
410 70752 63 3 70815 0 63
985 71040 23 4 71063 0 23
843 71193 96 4 71289 0 96
70 71374 85 2 71459 0 85
25 71290 86 3 71461 85 171
769 71726 41 3 71767 0 41
393 71849 52 3 71901 0 52
202 72015 84 4 72099 0 84
519 72129 37 2 72166 0 37
85 72125 93 4 72255 37 130
642 72401 35 2 72436 0 35
981 72359 95 1 72489 35 130
767 72590 97 3 72687 0 97
938 72587 98 4 72782 97 195
538 73037 81 4 73118 0 81
74 73158 27 1 73185 0 27
987 73183 56 2 73241 2 58
989 73119 59 2 73261 83 142
177 73399 54 3 73453 0 54
508 73330 73 3 73457 54 127
99 73485 57 1 73542 0 57
845 73507 60 3 73602 35 95
811 73704 88 4 73792 0 88
187 73929 91 4 74020 0 91
420 74365 80 1 74445 0 80
62 74780 69 4 74849 0 69
317 75175 75 3 75250 0 75
239 75627 53 3 75680 0 53
742 75679 72 4 75752 1 73
497 75818 52 2 75870 0 52
936 75998 72 4 76070 0 72
615 76380 70 2 76450 0 70
574 76600 77 4 76677 0 77
103 77137 91 4 77228 0 91
931 77358 41 4 77399 0 41
727 77333 96 1 77470 41 137
892 77574 35 4 77609 0 35
326 77798 71 4 77869 0 71
982 78935 81 4 79016 0 81
1 79019 47 4 79066 0 47
482 79114 72 1 79186 0 72
282 79387 79 3 79466 0 79
532 79639 40 4 79679 0 40
703 79896 94 3 79990 0 94
129 80651 85 1 80736 0 85
439 81008 93 4 81101 0 93
277 81114 31 4 81145 0 31
352 81269 32 3 81301 0 32
180 81372 90 4 81462 0 90
205 81902 53 3 81955 0 53
894 82028 82 2 82110 0 82
71 82350 89 2 82439 0 89
273 82581 46 4 82627 0 46
279 82737 89 4 82826 0 89
359 82978 99 2 83077 0 99
231 83228 49 4 83277 0 49
153 83517 52 4 83569 0 52
634 83733 70 3 83803 0 70
798 83869 96 3 83965 0 96
398 84665 55 4 84720 0 55
728 84803 90 2 84893 0 90
188 85279 72 2 85351 0 72
978 85287 91 2 85442 64 155
910 86281 37 4 86318 0 37
486 87337 60 4 87397 0 60
942 87542 47 4 87589 0 47
400 87649 61 2 87710 0 61
816 87530 91 2 87729 108 199
976 87955 84 4 88039 0 84
979 88872 90 4 88962 0 90
785 89577 77 4 89654 0 77
900 91804 96 4 91900 0 96
915 92173 24 4 92197 0 24
704 92236 84 3 92320 0 84
95 93504 44 4 93548 0 44
545 93703 51 4 93754 0 51
755 93936 61 2 93997 0 61
795 94348 62 3 94410 0 62
747 95335 73 4 95408 0 73
12 95419 97 4 95516 0 97
