95516 1865 6779 6706
714 3 64 4 67 0 64
600 21 93 2 260 146 239
716 24 94 4 354 236 330
662 48 98 1 402 256 354
904 81 100 4 552 371 471
198 298 44 1 696 354 398
256 215 87 2 733 431 518
169 230 57 4 740 453 510
712 274 63 4 853 516 579
319 289 90 1 893 514 604
632 482 83 2 1026 461 544
452 483 95 3 1071 493 588
536 646 62 2 1233 525 587
945 653 82 2 1315 580 662
660 804 72 4 1437 561 633
11 833 56 2 1543 654 710
243 860 62 4 1555 633 695
591 1224 48 1 1653 381 429
736 907 96 4 1699 696 792
249 1239 45 4 1744 460 505
725 1001 93 3 1787 693 786
113 1040 69 4 1856 747 816
385 1076 99 2 1955 780 879
138 1103 55 4 2010 852 907
558 1489 44 4 2054 521 565
902 1196 64 4 2118 858 922
604 1364 72 3 2240 804 876
361 1388 91 4 2281 802 893
89 1863 38 1 2369 468 506
470 1440 60 4 2579 1079 1139
144 1540 54 4 2633 1039 1093
537 1644 65 3 2748 1039 1104
823 1726 98 4 2846 1022 1120
609 1860 60 2 2956 1036 1096
78 1902 56 3 3112 1154 1210
562 1912 53 4 3315 1350 1403
994 1935 91 4 3406 1380 1471
404 1946 68 4 3574 1560 1628
480 1960 94 4 3618 1564 1658
871 2083 84 3 3652 1485 1569
429 2100 52 1 3804 1652 1704
665 2165 98 4 3852 1589 1687
100 2172 61 4 3913 1680 1741
81 2274 81 2 3944 1589 1670
28 2359 85 3 4079 1635 1720
974 2362 66 2 4095 1667 1733
729 2364 86 4 4181 1731 1817
479 2370 81 2 4212 1761 1842
296 2376 76 2 4338 1886 1962
161 2392 72 2 4360 1896 1968
739 2396 92 4 4402 1914 2006
491 2448 93 4 4595 2054 2147
166 2491 87 3 4732 2154 2241
890 2502 69 3 4801 2230 2299
291 2514 66 4 4817 2237 2303
451 2650 64 4 4881 2167 2231
847 2650 94 1 4925 2181 2275
949 3707 43 2 4968 1218 1261
312 3724 40 4 5008 1244 1284
897 2671 67 2 5075 2337 2404
813 2837 86 4 5211 2288 2374
369 2921 87 1 5398 2390 2477
484 2934 99 1 5447 2414 2513
867 3055 75 4 5572 2442 2517
104 3132 87 4 5859 2640 2727
422 3157 53 2 5912 2702 2755
47 3276 67 4 6079 2736 2803
541 4418 49 4 6128 1661 1710
233 3292 91 3 6219 2836 2927
179 3302 58 2 6327 2967 3025
377 3319 95 3 6472 3058 3153
14 3405 97 3 6619 3117 3214
299 3455 70 3 6739 3214 3284
680 3611 54 3 6743 3078 3132
490 3736 73 4 6916 3107 3180
602 3839 89 2 7005 3077 3166
371 3846 98 2 7153 3209 3307
776 3861 58 4 7211 3292 3350
65 3879 97 2 7358 3382 3479
706 3904 59 2 7467 3504 3563
676 4016 55 2 7522 3451 3506
216 4063 86 4 7558 3409 3495
21 5532 47 4 7605 2026 2073
864 4147 92 2 7747 3508 3600
10 4148 91 3 7788 3549 3640
918 4174 60 4 7798 3564 3624
363 4197 76 3 7874 3601 3677
710 4209 58 4 7882 3615 3673
500 5851 50 4 7982 2081 2131
355 4219 99 3 8081 3763 3862
106 4329 68 2 8099 3702 3770
869 4359 83 4 8132 3690 3773
702 5965 42 2 8174 2167 2209
229 4388 97 4 8221 3736 3833
934 4425 99 3 8520 3996 4095
983 6204 27 4 8597 2366 2393
759 4462 97 4 8644 4085 4182
654 4478 69 4 8763 4216 4285
2 4581 52 1 8765 4132 4184
781 4588 99 3 8864 4177 4276
496 4607 81 2 8995 4307 4388
32 4618 61 3 9006 4327 4388
325 6588 38 1 9144 2518 2556
789 4652 66 2 9160 4442 4508
53 4662 90 2 9300 4548 4638
530 4975 98 4 9348 4275 4373
51 4976 76 3 9474 4422 4498
307 4990 95 4 9669 4584 4679
549 5048 98 2 9867 4721 4819
124 6943 41 4 10008 3024 3065
647 5090 91 1 10049 4868 4959
569 5116 100 1 10199 4983 5083
192 5193 88 2 10337 5056 5144
133 5226 88 4 10375 5061 5149
814 5259 83 4 10408 5066 5149
374 5267 89 3 10597 5241 5330
331 5267 59 3 10606 5280 5339
866 5372 84 2 10640 5184 5268
354 7469 47 2 10687 3171 3218
809 7602 33 4 10770 3135 3168
46 5551 95 2 10865 5219 5314
18 5552 78 4 10993 5363 5441
750 5694 65 4 11108 5349 5414
406 7877 48 1 11256 3331 3379
677 5812 88 2 11344 5444 5532
344 7928 39 3 11383 3416 3455
5 5852 99 4 11432 5481 5580
943 8090 22 3 11454 3342 3364
544 6046 73 3 11477 5358 5431
610 8251 49 3 11526 3226 3275
817 6080 56 3 11532 5396 5452
958 6113 66 3 11548 5369 5435
101 6115 60 4 11608 5433 5493
757 6119 86 1 11644 5439 5525
534 6133 80 1 11674 5461 5541
996 6224 94 4 11868 5550 5644
178 6256 65 2 11933 5612 5677
555 6349 83 4 12066 5634 5717
638 6432 86 3 12202 5684 5770
227 6463 88 1 12240 5689 5777
735 6529 51 1 12291 5711 5762
691 6553 97 4 12338 5688 5785
465 6624 98 2 12436 5714 5812
512 6642 72 4 12508 5794 5866
551 6776 93 4 12751 5882 5975
376 6780 61 2 12762 5921 5982
164 6795 80 4 12792 5917 5997
467 6814 56 2 12798 5928 5984
247 6835 63 2 12811 5913 5976
117 6852 74 2 12885 5959 6033
580 6900 92 1 12977 5985 6077
504 6908 89 2 13066 6069 6158
389 6919 77 2 13243 6247 6324
267 6928 59 4 13252 6265 6324
342 9932 45 4 13297 3320 3365
970 9980 32 4 13479 3467 3499
375 10020 31 4 13560 3509 3540
667 10039 32 4 13592 3521 3553
97 7021 96 2 13638 6521 6617
648 7028 89 4 13677 6560 6649
91 10111 35 2 13712 3566 3601
824 7059 54 3 13716 6603 6657
724 7139 85 3 13851 6627 6712
539 7306 66 4 13917 6545 6611
148 7328 66 4 14083 6689 6755
922 7337 95 2 14228 6796 6891
373 7511 57 1 14285 6717 6774
849 10715 38 1 14323 3570 3608
84 10748 45 4 14368 3575 3620
20 7603 94 4 14462 6765 6859
300 7616 68 4 14530 6846 6914
488 7640 72 4 14652 6940 7012
723 7687 64 4 14816 7065 7129
731 7792 90 3 14906 7024 7114
625 7829 87 4 14993 7077 7164
800 7869 93 2 15086 7124 7217
527 7882 85 2 15171 7204 7289
719 11302 38 2 15309 3969 4007
652 11436 42 2 15451 3973 4015
252 8356 69 4 15570 7145 7214
693 8561 65 4 15735 7109 7174
52 8591 89 1 15774 7094 7183
554 8609 56 2 15780 7115 7171
401 8662 93 4 15873 7118 7211
463 11911 31 4 16004 4062 4093
253 8698 90 4 16044 7256 7346
120 8728 100 2 16144 7316 7416
734 8768 51 4 16145 7326 7377
242 8859 78 4 16223 7286 7364
746 12173 45 4 16318 4100 4145
577 8993 64 4 16432 7375 7439
427 9134 93 4 16525 7298 7391
305 9167 85 3 16710 7458 7543
275 9214 72 4 16732 7446 7518
599 9268 51 1 16783 7464 7515
446 9312 75 2 16808 7421 7496
896 9345 64 4 16922 7513 7577
707 9587 51 2 17073 7435 7486
223 12819 32 1 17105 4254 4286
517 9682 78 3 17133 7373 7451
23 9735 69 4 17252 7448 7517
967 9806 62 4 17264 7396 7458
927 9808 90 2 17354 7456 7546
448 13155 49 2 17403 4199 4248
717 9854 62 4 17415 7499 7561
379 9937 83 2 17448 7428 7511
57 9941 90 2 17538 7507 7597
997 9942 56 4 17694 7696 7752
780 10018 62 2 17806 7726 7788
805 13702 48 3 18054 4304 4352
431 10210 60 3 18064 7794 7854
221 10213 78 3 18142 7851 7929
713 10261 92 4 18284 7931 8023
136 10419 61 4 18345 7865 7926
637 10445 90 2 18385 7850 7940
908 10454 52 3 18387 7881 7933
657 10460 95 4 18432 7877 7972
518 10469 74 2 18456 7913 7987
799 10557 98 4 18554 7899 7997
771 10759 92 4 18696 7845 7937
833 14381 44 4 18740 4315 4359
617 10835 63 2 18753 7855 7918
75 10881 55 4 18758 7822 7877
815 14547 46 3 18804 4211 4257
403 10891 89 4 18893 7913 8002
127 10960 84 3 18977 7933 8017
851 10963 92 3 19019 7964 8056
832 10990 84 4 19103 8029 8113
201 11008 99 3 19152 8045 8144
959 11077 80 1 19232 8075 8155
499 11128 93 3 19275 8054 8147
650 11237 88 2 19363 8038 8126
262 11267 85 4 19398 8046 8131
948 11295 88 3 19486 8103 8191
167 11326 90 4 19526 8110 8200
492 11401 70 3 19546 8075 8145
557 11457 67 4 19613 8089 8156
808 11458 86 2 19649 8105 8191
700 11582 86 1 19785 8117 8203
939 11641 69 4 19804 8094 8163
204 11650 80 3 19834 8104 8184
260 15676 47 4 19881 4158 4205
848 15778 45 4 19926 4103 4148
659 11838 57 4 19933 8038 8095
571 11901 82 4 20015 8032 8114
607 11904 89 4 20054 8061 8150
203 15988 49 2 20103 4066 4115
455 11974 99 1 20202 8129 8228
270 12093 80 4 20382 8209 8289
266 12144 80 3 20562 8338 8418
397 12176 90 4 20652 8386 8476
134 12181 52 2 20754 8521 8573
640 12287 98 2 20852 8467 8565
671 16504 40 4 20892 4348 4388
370 12411 96 4 20988 8481 8577
176 12431 67 4 21005 8507 8574
888 12433 64 4 21019 8522 8586
606 12524 75 4 21144 8545 8620
217 12615 60 1 21154 8479 8539
209 12632 91 2 21245 8522 8613
31 12790 88 2 21283 8405 8493
261 16957 34 4 21317 4326 4360
768 12797 96 2 21363 8470 8566
367 12808 62 4 21375 8505 8567
777 12938 97 3 21622 8587 8684
309 12969 94 3 21716 8653 8747
506 13074 71 3 21787 8642 8713
842 13337 71 2 21808 8400 8471
469 13356 71 3 21879 8452 8523
392 13359 56 2 21935 8520 8576
531 13363 92 4 22027 8572 8664
196 17647 45 3 22072 4380 4425
542 17692 30 2 22152 4430 4460
366 13422 93 4 22195 8680 8773
348 13462 71 2 22216 8683 8754
793 13512 99 1 22315 8704 8803
396 13514 74 4 22389 8801 8875
478 13546 92 4 22431 8793 8885
154 13606 91 3 22472 8775 8866
925 13726 85 4 22557 8746 8831
718 13833 81 4 22638 8724 8805
690 13836 96 3 22684 8752 8848
973 13867 98 3 22782 8817 8915
405 18337 44 3 22826 4445 4489
701 14180 96 4 22972 8696 8792
872 14269 93 4 23065 8703 8796
954 18600 38 2 23153 4515 4553
560 14305 51 4 23154 8798 8849
15 18632 48 2 23252 4572 4620
565 18753 48 2 23500 4699 4747
193 14570 84 1 23534 8880 8964
155 14636 95 4 23629 8898 8993
618 14729 84 4 23713 8900 8984
1000 19025 28 3 23741 4688 4716
944 19050 38 4 23779 4691 4729
350 14828 51 3 23930 9051 9102
774 15011 84 4 24014 8919 9003
705 15175 88 2 24152 8889 8977
416 15434 82 2 24384 8868 8950
94 19644 50 4 24434 4740 4790
993 15520 87 3 24471 8864 8951
526 19679 50 2 24521 4792 4842
698 15538 81 3 24552 8933 9014
579 19790 37 1 24589 4762 4799
678 15807 69 4 24708 8832 8901
412 20076 47 4 24805 4682 4729
764 15991 71 3 24826 8764 8835
468 16052 55 3 24981 8874 8929
681 20240 41 4 25122 4841 4882
877 16092 91 3 25163 8980 9071
564 16112 96 4 25259 9051 9147
810 16200 91 3 25350 9059 9150
311 16213 73 4 25373 9087 9160
175 16214 82 4 25455 9159 9241
923 20503 41 4 25496 4952 4993
561 16235 72 4 25518 9211 9283
48 16342 71 2 25589 9176 9247
402 16357 99 4 25688 9232 9331
510 16374 96 3 25734 9264 9360
17 16522 59 3 25893 9312 9371
334 16692 62 4 25955 9201 9263
595 16701 80 4 26135 9354 9434
950 16827 77 2 26212 9308 9385
45 21286 47 1 26459 5126 5173
387 17035 83 2 26592 9474 9557
778 21419 50 2 26642 5173 5223
107 17040 92 3 26684 9552 9644
941 17086 94 3 26778 9598 9692
786 17098 75 3 26903 9730 9805
80 17171 93 4 26946 9682 9775
16 17261 96 1 27042 9685 9781
390 17461 96 4 27188 9631 9727
36 17556 51 4 27189 9582 9633
807 17622 58 3 27297 9617 9675
60 17649 60 4 27407 9698 9758
529 17757 79 4 27536 9700 9779
540 17835 81 3 27617 9701 9782
351 18016 80 4 27697 9601 9681
695 18092 68 4 27765 9605 9673
473 18213 82 2 27847 9552 9634
49 18400 60 3 27957 9497 9557
928 18434 73 3 28030 9523 9596
66 18472 90 4 28170 9608 9698
245 18585 85 2 28305 9635 9720
453 18628 64 4 28369 9677 9741
241 18665 59 4 28428 9704 9763
442 18705 58 3 28486 9723 9781
835 18728 61 2 28547 9758 9819
165 18741 81 1 28628 9806 9887
666 23523 33 3 28861 5305 5338
688 18869 87 3 28898 9942 10029
720 23544 44 4 28942 5354 5398
323 23606 45 2 28987 5336 5381
112 18918 93 4 29030 10019 10112
792 19075 60 1 29240 10105 10165
986 19076 77 3 29267 10114 10191
93 19108 51 4 29318 10159 10210
332 19272 71 3 29339 9996 10067
278 19320 85 2 29524 10119 10204
6 19380 70 2 29594 10144 10214
437 19416 99 4 29743 10228 10327
673 19431 67 3 29760 10262 10329
55 19444 78 1 29838 10316 10394
694 19541 75 2 29913 10297 10372
855 19824 81 3 30044 10139 10220
92 19854 99 4 30093 10140 10239
73 20011 60 3 30303 10232 10292
159 20130 68 4 30471 10273 10341
340 24842 45 4 30516 5629 5674
930 20169 62 4 30528 10297 10359
998 20182 82 3 30560 10296 10378
24 20204 84 2 30594 10306 10390
440 20235 99 3 30643 10309 10408
624 20280 73 4 30666 10313 10386
873 20331 77 4 30793 10385 10462
173 25365 32 4 30875 5478 5510
675 20439 67 3 30892 10386 10453
475 20624 69 4 31011 10318 10387
168 20680 93 2 31104 10331 10424
581 20829 66 3 31220 10325 10391
548 20875 96 2 31366 10395 10491
895 20879 52 3 31418 10487 10539
874 20995 80 1 31548 10473 10553
289 21024 86 3 31634 10524 10610
457 21031 77 1 31661 10553 10630
456 21065 79 4 31740 10596 10675
991 21123 99 3 31889 10667 10766
937 21180 85 4 31924 10659 10744
408 21199 97 3 32121 10825 10922
821 21201 74 2 32145 10870 10944
321 21257 80 4 32275 10938 11018
186 21296 98 3 32323 10929 11027
314 21345 72 3 32395 10978 11050
79 21446 90 3 32435 10899 10989
214 21485 89 1 32474 10900 10989
583 21492 98 2 32522 10932 11030
743 21684 71 3 32543 10788 10859
674 21723 63 2 32606 10820 10883
343 21799 67 3 32623 10757 10824
34 21905 57 2 32680 10718 10775
740 21925 98 4 32728 10705 10803
208 22036 98 1 32776 10642 10740
886 22067 70 2 32846 10709 10779
829 22090 78 4 32874 10706 10784
804 22169 78 4 32902 10655 10733
875 22276 99 4 33001 10626 10725
115 22446 89 3 33090 10555 10644
495 27679 49 3 33189 5461 5510
265 22526 79 4 33218 10613 10692
458 22672 95 4 33363 10596 10691
608 27799 48 3 33461 5614 5662
194 22740 61 1 33472 10671 10732
655 22790 90 4 33562 10682 10772
528 22854 73 3 33635 10708 10781
951 22902 54 3 33639 10683 10737
935 22972 99 2 33688 10617 10716
596 23040 93 4 33731 10598 10691
501 23046 91 3 33772 10635 10726
803 23076 92 3 33864 10696 10788
966 23215 60 4 33924 10649 10709
533 28386 25 4 33949 5538 5563
801 23291 79 4 33978 10608 10687
741 23311 86 4 34014 10617 10703
696 23396 55 2 34169 10718 10773
682 23459 90 3 34309 10760 10850
522 23476 70 4 34329 10783 10853
477 23507 99 4 34378 10772 10871
846 23516 92 4 34470 10862 10954
643 23680 90 2 34560 10790 10880
568 23690 59 4 34569 10820 10879
940 23697 83 1 34702 10922 11005
33 23701 78 3 34730 10951 11029
358 23852 74 2 34854 10928 11002
588 23936 88 4 35042 11018 11106
407 23953 99 4 35091 11039 11138
72 24008 81 3 35172 11083 11164
919 29453 41 1 35263 5769 5810
975 24058 66 4 35279 11155 11221
302 24102 61 2 35340 11177 11238
59 24108 52 3 35342 11182 11234
523 24243 75 3 35367 11049 11124
878 24299 62 3 35429 11068 11130
9 24381 65 4 35494 11048 11113
357 24394 93 4 35537 11050 11143
383 30069 38 2 35725 5618 5656
77 24653 79 1 35754 11022 11101
620 24665 56 3 35760 11039 11095
509 24683 89 4 35799 11027 11116
493 24690 72 3 35921 11159 11231
454 24735 87 3 35958 11136 11223
182 24747 69 1 35977 11161 11230
225 24801 85 2 36012 11126 11211
304 30555 44 2 36156 5557 5601
246 30569 46 4 36202 5587 5633
853 25171 91 3 36443 11181 11272
346 25215 98 4 36491 11178 11276
128 25327 76 4 36667 11264 11340
862 25439 93 3 36710 11178 11271
330 25500 64 1 36824 11260 11324
211 25565 98 4 36872 11209 11307
806 25618 78 2 36900 11204 11282
494 25718 73 3 37073 11282 11355
272 25742 97 4 37120 11281 11378
957 25756 87 1 37207 11364 11451
605 25791 100 3 37307 11416 11516
220 25881 83 2 37390 11426 11509
417 25882 92 3 37432 11458 11550
570 31517 26 4 37458 5915 5941
686 25895 87 3 37595 11613 11700
339 26022 68 3 37713 11623 11691
27 26097 100 3 37763 11566 11666
293 26115 81 1 37844 11648 11729
576 31906 30 4 37924 5988 6018
445 26223 81 3 37955 11651 11732
836 26227 97 4 38002 11678 11775
271 26241 60 4 38112 11811 11871
235 26323 70 3 38132 11739 11809
315 32164 34 4 38166 5968 6002
819 26333 91 4 38357 11933 12024
237 26470 65 4 38472 11937 12002
870 26948 70 2 38642 11624 11694
384 27119 95 1 38787 11573 11668
839 27345 77 4 38964 11542 11619
515 27477 87 4 39101 11537 11624
197 27553 54 2 39155 11548 11602
622 27654 64 2 39269 11551 11615
426 27721 77 4 39296 11498 11575
563 33254 45 4 39341 6042 6087
207 27763 66 4 39407 11578 11644
980 33341 49 4 39506 6116 6165
887 27778 80 2 39536 11678 11758
782 33453 36 3 39572 6083 6119
297 27893 97 3 39619 11629 11726
424 27909 99 3 39668 11660 11759
218 28254 88 1 39906 11564 11652
430 28306 62 3 39968 11600 11662
425 28503 91 4 40109 11515 11606
58 28520 69 2 40128 11539 11608
898 28525 97 4 40175 11553 11650
337 28550 100 3 40225 11575 11675
553 28581 69 3 40244 11594 11663
613 28738 71 4 40315 11506 11577
751 29023 72 1 40337 11242 11314
749 29117 81 3 40468 11270 11351
825 29128 66 4 40534 11340 11406
63 29200 62 4 40646 11384 11446
968 29225 89 4 40685 11371 11460
333 29306 72 4 40757 11379 11451
489 34898 37 4 40794 5859 5896
566 29316 61 4 40805 11428 11489
147 29333 78 3 40883 11472 11550
145 29422 71 3 40954 11461 11532
39 29450 89 2 41143 11604 11693
472 29594 81 4 41274 11599 11680
68 29777 100 4 41474 11597 11697
947 29873 95 3 41569 11601 11696
969 29994 84 3 41653 11575 11659
598 30003 54 4 41657 11600 11654
762 30054 62 3 41719 11603 11665
476 30232 51 3 41870 11587 11638
44 30241 99 3 41969 11629 11728
316 30415 62 2 42131 11654 11716
783 30471 97 4 42228 11660 11757
758 30594 54 4 42232 11584 11638
215 30607 62 4 42344 11675 11737
294 30634 91 3 42385 11660 11751
395 30658 75 4 42410 11677 11752
575 30726 54 4 42564 11784 11838
56 30757 78 2 42642 11807 11885
232 30792 51 3 42693 11850 11901
960 36626 40 2 42783 6117 6157
744 30896 98 3 42881 11887 11985
224 36754 37 4 42918 6127 6164
125 30908 83 4 42951 11960 12043
382 31110 98 2 43199 11991 12089
394 31136 58 4 43257 12063 12121
40 31152 87 3 43294 12055 12142
96 31243 86 3 43330 12001 12087
879 31354 59 4 43389 11976 12035
977 31417 80 4 43469 11972 12052
516 37413 33 3 43552 6106 6139
283 31532 86 2 43638 12020 12106
611 37486 38 4 43676 6152 6190
946 31535 83 4 43759 12141 12224
995 31623 79 3 43888 12186 12265
362 31650 77 3 43915 12188 12265
284 31759 59 4 43974 12156 12215
310 31894 86 4 44060 12080 12166
199 31991 80 1 44140 12069 12149
438 32001 100 3 44190 12089 12189
733 32169 81 3 44221 11971 12052
621 32185 86 2 44257 11986 12072
559 32192 75 4 44282 12015 12090
131 32259 69 3 44301 11973 12042
603 32304 88 3 44389 11997 12085
726 32381 61 4 44450 12008 12069
971 38484 48 2 44498 5966 6014
884 32456 100 4 44598 12042 12142
139 32525 88 2 44636 12023 12111
353 32575 67 4 44653 12011 12078
206 32607 81 4 44684 11996 12077
756 32635 80 2 44814 12099 12179
753 32670 86 3 44850 12094 12180
905 32737 71 3 44971 12163 12234
292 32866 93 3 45064 12105 12198
838 32891 87 2 45101 12123 12210
646 39084 39 2 45140 6017 6056
822 32987 83 3 45173 12103 12186
653 39119 47 3 45270 6104 6151
909 33076 59 3 45279 12144 12203
388 33085 67 3 45296 12144 12211
171 33259 92 3 45538 12187 12279
37 33334 70 4 45608 12204 12274
956 33570 98 4 45756 12088 12186
812 33633 69 2 45825 12123 12192
644 39736 33 4 45858 6089 6122
773 33706 95 4 45903 12102 12197
668 33746 83 1 45936 12107 12190
828 33793 82 4 46118 12243 12325
543 33949 77 3 46245 12219 12296
240 33961 86 4 46281 12234 12320
356 40217 46 4 46427 6164 6210
336 40224 34 1 46461 6203 6237
364 34313 67 2 46478 12098 12165
546 34531 58 2 46536 11947 12005
929 34557 94 4 46680 12029 12123
524 34589 51 1 46681 12041 12092
834 34625 68 4 46699 12006 12074
658 34629 91 2 46740 12020 12111
433 34844 99 4 46789 11846 11945
593 34940 98 4 46837 11799 11897
290 35023 94 1 47131 12014 12108
345 35125 85 3 47166 11956 12041
520 35150 65 4 47181 11966 12031
629 35171 88 3 47219 11960 12048
893 35251 59 4 47278 11968 12027
149 35251 99 4 47327 11977 12076
926 41232 39 2 47366 6095 6134
83 35281 83 4 47449 12085 12168
628 35286 82 2 47481 12113 12195
885 35288 76 4 47507 12143 12219
244 35421 76 3 47683 12186 12262
347 35435 55 3 47738 12248 12303
732 35624 81 3 47869 12164 12245
122 35752 93 4 47962 12117 12210
505 35759 80 3 47992 12153 12233
592 35764 71 3 48013 12178 12249
328 35838 88 3 48051 12125 12213
988 35889 93 3 48244 12262 12355
708 35932 91 2 48285 12262 12353
269 35944 90 4 48375 12341 12431
41 36062 92 2 48417 12263 12355
722 36220 64 4 48481 12197 12261
775 36237 88 2 48569 12244 12332
840 36355 95 3 48714 12264 12359
421 36359 81 4 48745 12305 12386
434 36435 89 4 48834 12310 12399
503 36511 54 2 48838 12273 12327
641 36590 62 4 48850 12198 12260
992 36603 99 3 48899 12197 12296
763 36667 75 4 48924 12182 12257
109 36789 84 4 49058 12185 12269
601 36813 57 3 49115 12245 12302
863 36836 94 2 49159 12229 12323
313 36877 51 2 49260 12332 12383
636 36947 91 4 49301 12263 12354
831 37133 74 2 49325 12118 12192
796 37209 68 4 49343 12066 12134
820 43437 40 3 49383 5906 5946
594 37311 93 4 49426 12022 12115
685 37428 84 4 49510 11998 12082
61 37491 80 4 49590 12019 12099
368 37548 99 4 49639 11992 12091
285 37555 57 1 49696 12084 12141
295 37718 70 3 49816 12028 12098
386 37773 73 2 49889 12043 12116
891 44044 49 3 49988 5895 5944
921 37886 52 4 49990 12052 12104
754 38370 72 4 50162 11720 11792
135 38442 79 3 50291 11770 11849
90 44398 46 4 50337 5893 5939
584 38510 53 2 50340 11777 11830
121 38717 63 2 50503 11723 11786
327 38779 87 4 50640 11774 11861
711 44737 48 1 50688 5903 5951
76 38873 94 4 50782 11815 11909
19 38878 70 3 50852 11904 11974
251 38897 100 1 50952 11955 12055
226 39102 74 4 51176 12000 12074
230 39217 59 4 51185 11909 11968
630 39220 55 4 51240 11965 12020
790 45388 49 4 51289 5852 5901
487 39246 80 1 51319 11993 12073
818 39294 60 4 51329 11975 12035
597 39352 75 3 51354 11927 12002
552 39495 62 3 51416 11859 11921
907 39525 77 4 51493 11891 11968
391 45675 39 4 51532 5818 5857
589 39711 86 2 51618 11821 11907
449 39821 97 1 51865 11947 12044
228 39881 61 3 51876 11934 11995
436 39888 87 3 51913 11938 12025
784 39923 92 4 52005 11990 12082
913 39931 89 3 52094 12074 12163
111 40033 61 2 52155 12061 12122
752 40210 60 1 52215 11945 12005
248 46334 32 2 52247 5881 5913
664 46405 43 2 52290 5842 5885
123 40336 75 3 52315 11904 11979
141 40364 70 3 52335 11901 11971
280 40366 66 3 52451 12019 12085
911 40806 76 3 52477 11595 11671
255 40840 58 2 52485 11587 11645
308 40841 59 2 52494 11594 11653
883 40848 73 2 52567 11646 11719
679 40872 88 4 52605 11645 11733
8 41135 79 1 52684 11470 11549
876 41261 90 3 52774 11423 11513
791 41396 87 3 52911 11428 11515
140 41398 65 4 52926 11463 11528
7 41462 84 3 52960 11414 11498
365 41536 72 1 53032 11424 11496
932 41605 66 3 53048 11377 11443
200 41624 55 4 53153 11474 11529
88 41664 94 3 53247 11489 11583
697 41871 76 4 53273 11326 11402
772 41899 53 4 53276 11324 11377
794 41959 69 2 53295 11267 11336
372 42039 85 2 53330 11206 11291
738 42163 63 4 53343 11117 11180
521 42250 83 4 53376 11043 11126
952 42343 89 4 53415 10983 11072
612 42404 95 3 53460 10961 11056
378 42461 93 4 53603 11049 11142
236 42802 92 2 53795 10901 10993
181 42841 86 2 53831 10904 10990
663 42974 65 4 53846 10807 10872
535 49127 22 4 53868 4719 4741
880 43071 58 3 53876 10747 10805
858 43088 96 2 53922 10738 10834
953 43506 86 4 54058 10466 10552
859 43634 88 3 54146 10424 10512
514 43790 92 4 54188 10306 10398
38 43824 88 3 54226 10314 10402
43 43865 91 3 54317 10361 10452
999 43948 86 2 54353 10319 10405
349 43995 82 3 54485 10408 10490
715 49987 37 3 54622 4598 4635
582 44067 97 4 54669 10505 10602
222 44075 68 2 54737 10594 10662
745 44085 77 3 54814 10652 10729
779 44360 65 3 54829 10404 10469
87 50210 32 4 54861 4619 4651
160 44389 97 2 54908 10422 10519
444 44511 99 4 54957 10347 10446
857 44573 60 3 54967 10334 10394
191 44675 52 4 54969 10242 10294
432 44685 51 3 54970 10234 10285
435 44687 95 3 55015 10233 10328
234 50605 33 4 55048 4410 4443
263 44737 68 4 55116 10311 10379
914 50693 35 4 55151 4423 4458
219 44892 89 4 55290 10309 10398
69 44915 67 3 55357 10375 10442
547 44999 95 3 55452 10358 10453
882 45027 86 3 55488 10375 10461
481 45073 79 3 55567 10415 10494
631 45119 92 2 55609 10398 10490
126 45301 96 2 55655 10258 10354
623 45560 76 4 55681 10045 10121
709 45650 97 4 55728 9981 10078
572 45693 87 2 55765 9985 10072
418 45820 87 2 55802 9895 9982
301 45851 52 3 55804 9901 9953
841 45882 56 1 55810 9872 9928
850 45896 83 4 55843 9864 9947
633 46067 70 3 55963 9826 9896
306 46167 85 4 55998 9746 9831
381 46187 84 4 56032 9761 9845
906 46292 62 4 56044 9690 9752
238 46543 53 2 56197 9601 9654
108 46552 52 2 56249 9645 9697
826 46952 76 4 56275 9247 9323
573 47142 87 4 56312 9083 9170
760 47359 74 4 56336 8903 8977
26 52710 37 2 56373 3626 3663
627 47405 76 4 56399 8918 8994
447 47470 91 4 56440 8879 8970
990 47675 78 4 56468 8715 8793
765 47743 51 2 56519 8725 8776
466 47766 93 3 56562 8703 8796
868 47838 97 3 56609 8674 8771
924 53430 46 2 56755 3279 3325
498 48653 72 3 56777 8052 8124
264 48678 88 2 56815 8049 8137
114 53558 49 3 56864 3257 3306
110 48754 65 2 56929 8110 8175
268 48797 55 3 56984 8132 8187
151 48804 66 4 57100 8230 8296
170 49325 67 3 57167 7775 7842
692 53949 48 4 57215 3218 3266
616 49404 69 3 57234 7761 7830
590 49486 62 4 57246 7698 7760
419 49699 99 4 57395 7597 7696
380 49865 73 3 57418 7480 7553
639 49873 92 3 57560 7595 7687
29 49904 85 4 57595 7606 7691
955 54529 42 3 57637 3066 3108
830 49972 73 4 57660 7615 7688
318 50017 96 2 57706 7593 7689
964 50088 92 2 57798 7618 7710
525 50671 82 2 58030 7277 7359
635 50768 74 1 58104 7262 7336
335 50779 82 2 58136 7275 7357
450 50785 92 4 58228 7351 7443
42 50864 87 4 58315 7364 7451
614 51041 57 3 58322 7224 7281
190 51775 98 2 58520 6647 6745
158 51798 88 3 58658 6772 6860
683 52200 97 4 58705 6408 6505
916 52225 92 1 58747 6430 6522
502 52316 95 4 58792 6381 6476
146 52365 72 1 58814 6377 6449
82 56367 41 4 58955 2547 2588
213 53046 90 2 58995 5859 5949
259 53166 61 3 59006 5779 5840
567 56656 43 1 59049 2350 2393
258 53262 96 4 59095 5737 5833
287 56714 31 3 59126 2381 2412
513 53597 62 2 59188 5529 5591
320 53620 93 2 59231 5518 5611
459 53655 51 3 59232 5526 5577
152 56986 30 2 59262 2246 2276
411 53689 57 3 59269 5523 5580
852 53828 63 3 59282 5391 5454
797 54182 97 4 59479 5200 5297
802 54189 97 3 59576 5290 5387
464 54375 64 4 59640 5201 5265
137 54392 84 4 59674 5198 5282
730 54717 83 3 59707 4907 4990
556 54786 82 1 59789 4921 5003
699 54804 93 4 59882 4985 5078
183 54883 97 3 59979 4999 5096
619 55034 71 4 60000 4895 4966
210 55050 64 3 60114 5000 5064
195 55219 73 2 60137 4845 4918
901 55292 92 3 60229 4845 4937
661 55491 77 3 60256 4688 4765
761 55592 64 3 60370 4714 4778
656 55671 92 3 60412 4649 4741
409 55859 59 3 60421 4503 4562
837 55888 77 3 60498 4533 4610
324 56213 99 3 60597 4285 4384
670 56352 64 1 60661 4245 4309
856 56819 72 4 60883 3992 4064
13 57124 66 4 60899 3709 3775
766 57128 86 4 60935 3721 3807
163 57188 93 2 60978 3697 3790
920 57261 67 2 60995 3667 3734
860 57311 59 3 61004 3634 3693
143 57728 98 4 61102 3276 3374
185 57799 76 4 61178 3303 3379
22 57888 60 3 61238 3290 3350
3 57953 65 3 61353 3335 3400
64 58012 87 1 61440 3341 3428
770 58190 94 4 61484 3200 3294
844 58330 59 4 61543 3154 3213
274 58333 78 2 61621 3210 3288
414 58555 76 2 61647 3016 3092
651 58687 76 4 61773 3010 3086
511 58852 95 2 61868 2921 3016
865 58885 86 4 61904 2933 3019
645 60685 37 2 61991 1269 1306
276 58910 95 4 62136 3131 3226
963 58932 94 4 62180 3154 3248
861 58960 89 1 62219 3170 3259
881 59686 54 4 62273 2533 2587
903 59775 84 3 62407 2548 2632
687 59875 99 4 62556 2582 2681
162 59969 79 3 62585 2537 2616
322 59990 100 4 62635 2545 2645
443 60004 99 1 62734 2631 2730
474 60205 77 2 62761 2479 2556
550 60279 56 3 62767 2432 2488
360 60466 53 4 62770 2251 2304
441 60484 54 2 62774 2236 2290
933 60576 56 4 62780 2148 2204
587 60670 98 3 62828 2060 2158
254 60691 97 3 62875 2087 2184
67 60710 81 4 62906 2115 2196
250 60847 62 3 62918 2009 2071
281 61057 79 3 62947 1811 1890
35 61089 85 3 62982 1808 1893
684 61120 68 3 63000 1812 1880
626 61139 88 4 63038 1811 1899
118 61305 73 3 63161 1783 1856
86 63006 42 2 63403 355 397
854 62468 79 4 63432 885 964
827 62516 91 4 63473 866 957
485 62754 100 4 63523 669 769
649 62910 74 4 63547 563 637
748 62977 61 3 63558 520 581
507 62991 82 3 63590 517 599
184 63514 46 1 63686 126 172
461 63530 49 4 63735 156 205
483 63390 66 2 63751 295 361
788 63736 91 4 63842 15 106
54 63822 96 4 63938 20 116
212 63863 88 1 64026 75 163
689 64232 35 4 64267 0 35
4 64251 97 4 64364 16 113
423 64397 96 2 64493 0 96
669 64565 87 3 64652 0 87
899 64575 96 3 64798 127 223
961 64631 98 2 64946 217 315
413 64660 73 3 65019 286 359
174 64681 80 4 65049 288 368
142 64717 89 2 65088 282 371
172 65137 59 3 65196 0 59
130 65250 91 4 65341 0 91
50 65268 69 3 65410 73 142
672 65418 82 4 65500 0 82
965 65557 87 4 65644 0 87
105 65648 99 4 65747 0 99
102 65735 95 4 65842 12 107
586 65887 68 3 65955 0 68
787 65910 58 4 66013 45 103
286 66287 71 3 66358 0 71
119 66432 63 2 66495 0 63
257 66443 36 3 66531 52 88
150 66443 82 4 66613 88 170
428 66556 68 4 66731 107 175
156 66578 78 3 66809 153 231
399 66614 65 2 66824 145 210
460 66778 62 1 66936 96 158
912 66779 87 4 66973 107 194
984 67151 93 3 67244 0 93
30 67427 69 4 67496 0 69
157 67573 63 2 67636 0 63
338 67674 66 4 67740 0 66
288 67813 79 4 67892 0 79
189 68171 38 3 68209 0 38
721 68217 95 3 68312 0 95
98 68288 80 4 68392 24 104
585 68624 75 4 68699 0 75
298 68820 98 3 68918 0 98
116 68874 97 2 69015 44 141
917 68935 54 2 69069 80 134
737 69044 70 3 69139 25 95
303 69106 43 2 69182 33 76
578 69293 91 2 69384 0 91
972 69307 63 3 69447 77 140
471 69534 63 4 69597 0 63
329 69634 73 3 69707 0 73
415 69737 52 2 69789 0 52
962 69948 88 4 70036 0 88
462 70171 80 1 70251 0 80
132 70326 89 4 70415 0 89
889 70597 22 1 70619 0 22
341 70602 89 3 70708 17 106
410 70752 63 3 70815 0 63
985 71040 23 4 71063 0 23
843 71193 96 4 71289 0 96
25 71290 86 3 71376 0 86
70 71374 85 2 71461 2 87
769 71726 41 3 71767 0 41
393 71849 52 3 71901 0 52
202 72015 84 4 72099 0 84
85 72125 93 4 72218 0 93
519 72129 37 2 72255 89 126
981 72359 95 1 72454 0 95
642 72401 35 2 72489 53 88
938 72587 98 4 72685 0 98
767 72590 97 3 72782 95 192
538 73037 81 4 73118 0 81
989 73119 59 2 73178 0 59
74 73158 27 1 73205 20 47
987 73183 56 2 73261 22 78
508 73330 73 3 73403 0 73
177 73399 54 3 73457 4 58
99 73485 57 1 73542 0 57
845 73507 60 3 73602 35 95
811 73704 88 4 73792 0 88
187 73929 91 4 74020 0 91
420 74365 80 1 74445 0 80
62 74780 69 4 74849 0 69
317 75175 75 3 75250 0 75
239 75627 53 3 75680 0 53
742 75679 72 4 75752 1 73
497 75818 52 2 75870 0 52
936 75998 72 4 76070 0 72
615 76380 70 2 76450 0 70
574 76600 77 4 76677 0 77
103 77137 91 4 77228 0 91
727 77333 96 1 77429 0 96
931 77358 41 4 77470 71 112
892 77574 35 4 77609 0 35
326 77798 71 4 77869 0 71
982 78935 81 4 79016 0 81
1 79019 47 4 79066 0 47
482 79114 72 1 79186 0 72
282 79387 79 3 79466 0 79
532 79639 40 4 79679 0 40
703 79896 94 3 79990 0 94
129 80651 85 1 80736 0 85
439 81008 93 4 81101 0 93
277 81114 31 4 81145 0 31
352 81269 32 3 81301 0 32
180 81372 90 4 81462 0 90
205 81902 53 3 81955 0 53
894 82028 82 2 82110 0 82
71 82350 89 2 82439 0 89
273 82581 46 4 82627 0 46
279 82737 89 4 82826 0 89
359 82978 99 2 83077 0 99
231 83228 49 4 83277 0 49
153 83517 52 4 83569 0 52
634 83733 70 3 83803 0 70
798 83869 96 3 83965 0 96
398 84665 55 4 84720 0 55
728 84803 90 2 84893 0 90
188 85279 72 2 85351 0 72
978 85287 91 2 85442 64 155
910 86281 37 4 86318 0 37
486 87337 60 4 87397 0 60
816 87530 91 2 87621 0 91
942 87542 47 4 87668 79 126
400 87649 61 2 87729 19 80
976 87955 84 4 88039 0 84
979 88872 90 4 88962 0 90
785 89577 77 4 89654 0 77
900 91804 96 4 91900 0 96
915 92173 24 4 92197 0 24
704 92236 84 3 92320 0 84
95 93504 44 4 93548 0 44
545 93703 51 4 93754 0 51
755 93936 61 2 93997 0 61
795 94348 62 3 94410 0 62
747 95335 73 4 95408 0 73
12 95419 97 4 95516 0 97
