98288 1000 140 93
905 51 26 4 77 0 26
247 33 49 1 108 26 75
20 115 53 2 168 0 53
403 161 54 4 222 7 61
853 237 90 4 327 0 90
556 345 50 3 395 0 50
460 461 32 3 493 0 32
990 373 83 2 510 54 137
297 620 32 2 652 0 32
422 654 69 1 723 0 69
590 739 58 4 797 0 58
995 812 38 2 850 0 38
103 860 32 2 892 0 32
329 946 49 3 995 0 49
522 863 71 2 1012 78 149
941 1050 30 3 1080 0 30
82 1039 51 3 1120 30 81
160 958 75 4 1168 135 210
447 608 76 3 1189 505 581
414 1274 75 4 1349 0 75
897 1330 90 2 1439 19 109
57 1499 25 3 1524 0 25
347 1547 28 3 1575 0 28
833 1601 21 4 1622 0 21
782 1551 38 3 1634 45 83
685 1573 41 3 1675 61 102
661 1492 51 3 1696 153 204
800 1698 37 4 1735 0 37
918 1789 21 4 1810 0 21
851 1830 36 3 1866 0 36
360 1885 30 4 1915 0 30
843 1788 43 4 1918 87 130
757 1756 57 1 1943 130 187
256 1950 63 3 2013 0 63
885 2051 24 2 2075 0 24
128 2102 31 1 2133 0 31
537 2158 37 2 2195 0 37
790 2079 53 3 2229 97 150
959 2134 53 3 2253 66 119
453 2015 56 3 2269 198 254
437 2296 22 2 2318 0 22
988 2284 52 4 2358 22 74
931 2411 23 2 2434 0 23
84 2375 54 4 2452 23 77
561 2488 30 2 2518 0 30
539 2356 64 1 2529 109 173
672 2566 35 2 2601 0 35
899 2570 43 1 2644 31 74
845 2670 36 4 2706 0 36
604 2555 63 4 2732 114 177
548 2138 67 2 2758 553 620
282 2828 48 3 2876 0 48
326 2076 71 1 2877 730 801
888 2908 32 4 2940 0 32
260 2900 55 4 2987 32 87
280 2993 21 3 3014 0 21
335 3084 29 4 3113 0 29
907 3072 37 3 3138 29 66
835 3112 39 2 3177 26 65
130 3179 58 4 3237 0 58
819 3237 69 4 3306 0 69
163 2960 73 4 3313 280 353
236 2057 73 1 3363 1233 1306
346 3373 70 3 3443 0 70
330 3467 65 4 3532 0 65
364 3537 28 2 3565 0 28
859 2765 74 4 3600 761 835
384 3688 37 1 3725 0 37
680 3648 56 4 3741 37 93
799 3802 35 4 3837 0 35
495 3877 20 4 3897 0 20
251 3814 65 2 3922 43 108
706 3713 71 4 3932 148 219
168 4012 40 4 4052 0 40
334 3985 42 4 4067 40 82
944 4033 72 2 4139 34 106
229 2261 75 3 4140 1804 1879
148 3656 75 3 4188 457 532
361 4201 37 4 4238 0 37
575 4200 40 1 4277 37 77
426 4297 26 2 4323 0 26
479 4317 39 3 4362 6 45
146 4191 64 2 4397 142 206
211 4448 37 3 4485 0 37
836 4514 21 4 4535 0 21
856 4535 26 3 4561 0 26
497 4535 29 3 4590 26 55
434 4613 36 2 4649 0 36
351 4435 65 4 4649 149 214
210 4684 28 4 4712 0 28
811 4668 39 4 4735 28 67
97 4801 25 4 4826 0 25
435 4791 48 3 4864 25 73
998 4726 63 2 4871 82 145
786 4906 36 2 4942 0 36
725 4951 25 4 4976 0 25
513 4876 40 4 4977 61 101
105 4998 46 3 5044 0 46
535 4759 64 4 5082 259 323
209 5088 34 4 5122 0 34
254 5182 23 4 5205 0 23
953 5221 45 3 5266 0 45
265 5294 24 3 5318 0 24
596 5320 58 3 5378 0 58
903 5398 32 3 5430 0 32
509 5440 39 4 5479 0 39
883 5483 36 4 5519 0 36
424 5519 42 2 5561 0 42
713 5497 43 3 5604 64 107
193 5401 54 4 5644 189 243
314 5663 27 4 5690 0 27
951 5679 39 4 5729 11 50
518 5708 44 4 5773 21 65
846 5791 59 1 5850 0 59
619 5299 60 4 5851 492 552
960 5170 62 1 5857 625 687
874 5886 48 3 5934 0 48
678 5954 22 4 5976 0 22
36 5876 56 3 6002 70 126
703 6003 32 2 6035 0 32
687 5874 62 4 6094 158 220
383 6128 42 2 6170 0 42
456 6186 26 4 6212 0 26
709 6176 48 3 6250 26 74
289 5652 68 1 6261 541 609
302 4735 70 4 6277 1472 1542
915 6302 32 4 6334 0 32
581 6283 44 1 6359 32 76
904 6422 49 1 6471 0 49
53 6370 61 4 6480 49 110
1000 5585 74 4 6537 878 952
281 4325 75 4 6555 2155 2230
558 5298 78 3 6633 1257 1335
440 5850 80 1 6713 783 863
962 6747 38 3 6785 0 38
264 6721 70 3 6829 38 108
640 6911 33 3 6944 0 33
202 6949 30 3 6979 0 30
804 6902 77 3 7042 63 140
783 5147 81 4 7115 1887 1968
145 6823 81 4 7123 219 300
540 7133 22 1 7155 0 22
626 7131 39 4 7192 22 61
622 4425 83 1 7267 2759 2842
623 7295 36 2 7331 0 36
710 7377 22 4 7399 0 22
76 7300 53 4 7406 53 106
170 7505 31 2 7536 0 31
287 7565 28 1 7593 0 28
354 7532 52 3 7616 32 84
974 7561 56 3 7672 55 111
758 7442 65 3 7674 167 232
310 7728 28 3 7756 0 28
196 7777 43 3 7820 0 43
573 7724 45 4 7840 71 116
157 7881 28 3 7909 0 28
67 7738 61 4 7929 130 191
977 7940 43 3 7983 0 43
461 7993 37 1 8030 0 37
937 7984 63 4 8084 37 100
949 7599 66 3 8088 423 489
175 8076 73 3 8161 12 85
136 8170 30 4 8200 0 30
117 8233 43 2 8276 0 43
749 8287 21 4 8308 0 21
95 8361 27 4 8388 0 27
341 8330 47 1 8404 27 74
328 8272 56 2 8427 99 155
644 8416 59 4 8486 11 70
742 8501 70 3 8571 0 70
291 7533 75 4 8589 981 1056
515 8598 47 4 8645 0 47
498 8678 46 1 8724 0 46
788 8737 29 4 8766 0 29
402 8813 31 3 8844 0 31
40 8762 49 4 8846 35 84
722 8874 25 4 8899 0 25
183 8878 32 3 8931 21 53
213 8854 68 3 8979 57 125
464 7845 77 2 8993 1071 1148
225 8580 79 1 9072 413 492
831 9121 39 3 9160 0 39
411 2102 84 4 9209 7023 7107
656 4925 84 4 9212 4203 4287
768 1606 84 3 9264 7574 7658
648 6797 86 3 9350 2467 2553
854 9323 87 2 9437 27 114
48 9508 61 2 9569 0 61
708 9572 24 3 9596 0 24
620 7037 88 4 9610 2485 2573
812 9677 27 1 9704 0 27
68 7582 89 4 9726 2055 2144
206 8257 89 3 9815 1469 1558
344 9833 27 4 9860 0 27
13 9982 42 4 10024 0 42
152 10071 30 1 10101 0 30
141 10075 37 4 10138 26 63
543 9996 69 2 10160 95 164
796 9934 80 4 10192 178 258
683 10207 35 4 10242 0 35
947 10295 44 4 10339 0 44
28 10391 22 4 10413 0 22
587 10374 38 4 10434 22 60
50 10290 54 2 10448 104 158
87 10217 62 4 10462 183 245
890 10526 31 2 10557 0 31
250 10213 68 2 10561 280 348
975 10630 27 1 10657 0 27
628 10603 31 4 10661 27 58
569 10583 51 3 10692 58 109
547 10716 50 3 10766 0 50
1 10769 21 3 10790 0 21
922 10488 72 3 10813 253 325
33 9899 88 4 10851 864 952
681 10876 40 4 10916 0 40
207 10883 45 4 10961 33 78
784 9957 93 4 11029 979 1072
632 9002 93 3 11065 1970 2063
696 11139 38 3 11177 0 38
273 9719 98 4 11201 1384 1482
611 3792 98 2 11299 7409 7507
733 11341 84 4 11425 0 84
400 11474 26 4 11500 0 26
348 11451 44 3 11521 26 70
423 11568 32 4 11600 0 32
568 11574 48 4 11648 26 74
266 11446 63 4 11659 150 213
760 11690 24 4 11714 0 24
430 11748 65 4 11813 0 65
827 11862 66 4 11928 0 66
994 11838 72 1 11976 66 138
720 11457 90 4 11976 429 519
562 12004 60 3 12064 0 60
580 12125 42 4 12167 0 42
798 12145 45 4 12212 22 67
857 12053 62 4 12213 98 160
840 12039 68 3 12281 174 242
38 12379 61 3 12440 0 61
671 12037 78 4 12498 383 461
649 12125 78 4 12498 295 373
517 12541 31 4 12572 0 31
230 12585 21 4 12606 0 21
139 12523 33 3 12608 52 85
982 12616 32 4 12648 0 32
939 12677 31 4 12708 0 31
818 12430 80 1 12726 216 296
311 12775 29 4 12804 0 29
315 12746 50 4 12825 29 79
895 12830 31 4 12861 0 31
916 12827 40 3 12898 31 71
707 12943 47 4 12990 0 47
156 13046 31 4 13077 0 31
715 12925 85 4 13088 78 163
171 13210 26 3 13236 0 26
739 13319 33 4 13352 0 33
180 13394 21 4 13415 0 21
858 13406 33 4 13448 9 42
902 13317 46 4 13450 87 133
286 13273 49 3 13455 133 182
606 13474 54 4 13528 0 54
18 13562 39 3 13601 0 39
774 13581 41 1 13642 20 61
51 13523 66 3 13674 85 151
730 13383 79 3 13734 272 351
996 13773 51 3 13824 0 51
751 13913 28 4 13941 0 28
842 14007 43 4 14050 0 43
228 14041 43 1 14093 9 52
303 14035 44 4 14137 58 102
716 14027 68 1 14205 110 178
219 14301 52 2 14353 0 52
331 14243 59 2 14354 52 111
240 14367 24 3 14391 0 24
866 14414 42 2 14456 0 42
431 14487 51 3 14538 0 51
970 14572 31 4 14603 0 31
362 14537 52 4 14621 32 84
792 14590 52 2 14673 31 83
355 14332 84 4 14690 274 358
47 14731 36 3 14767 0 36
272 14757 43 4 14810 10 53
923 14819 56 2 14875 0 56
35 14883 44 3 14927 0 44
482 14694 56 1 14929 179 235
408 15048 34 3 15082 0 34
723 15117 34 4 15151 0 34
342 15155 57 3 15212 0 57
32 15271 25 3 15296 0 25
530 15229 44 4 15298 25 69
39 15164 70 3 15351 117 187
887 15403 29 4 15432 0 29
544 15446 38 4 15484 0 38
741 15500 20 4 15520 0 20
9 15648 27 2 15675 0 27
642 15637 27 1 15691 27 54
404 15606 33 2 15693 54 87
801 15700 54 3 15754 0 54
184 15842 31 2 15873 0 31
432 15894 30 3 15924 0 30
871 15880 42 2 15952 30 72
727 16023 34 4 16057 0 34
761 16091 24 1 16115 0 24
493 16076 34 3 16134 24 58
203 16073 38 3 16169 58 96
780 16054 62 4 16215 99 161
528 16118 65 4 16280 97 162
567 16288 20 3 16308 0 20
352 16349 34 3 16383 0 34
29 16307 54 4 16396 35 89
96 16349 57 3 16453 47 104
912 15927 88 3 16462 447 535
295 16517 48 2 16565 0 48
886 16582 22 1 16604 0 22
83 16626 47 4 16673 0 47
591 16750 50 4 16800 0 50
492 16751 59 2 16859 49 108
593 17005 25 4 17030 0 25
316 17102 56 4 17158 0 56
312 17100 62 3 17218 56 118
630 17233 36 4 17269 0 36
927 17283 21 4 17304 0 21
666 17317 29 3 17346 0 29
153 17198 68 2 17372 106 174
523 17340 71 4 17443 32 103
98 17541 57 4 17598 0 57
138 17645 39 3 17684 0 39
107 17716 24 3 17740 0 24
848 17745 28 3 17773 0 28
660 17698 45 1 17795 52 97
46 17836 29 3 17865 0 29
377 17863 44 3 17909 2 46
100 17822 45 4 17940 73 118
633 17937 49 2 17989 3 52
701 18017 44 2 18061 0 44
588 17896 60 3 18093 137 197
45 18124 32 4 18156 0 32
721 18164 25 4 18189 0 25
62 18125 59 3 18240 56 115
63 18243 40 4 18283 0 40
218 17768 64 3 18286 454 518
465 18295 69 3 18364 0 69
239 18389 42 4 18431 0 42
304 18470 38 4 18508 0 38
320 18519 48 3 18567 0 48
142 18404 53 3 18570 113 166
176 18316 71 4 18616 229 300
898 17636 71 3 18655 948 1019
221 18421 90 1 18745 234 324
624 18927 67 3 18994 0 67
598 19003 26 3 19029 0 26
489 18997 44 4 19067 26 70
31 19074 29 3 19103 0 29
571 19039 49 3 19145 57 106
234 19122 61 4 19206 23 84
852 19300 29 3 19329 0 29
412 19280 36 4 19345 29 65
198 19171 77 4 19348 100 177
910 19233 82 3 19430 115 197
113 19246 87 4 19517 184 271
670 19561 33 4 19594 0 33
658 19634 55 4 19689 0 55
451 19547 81 3 19716 88 169
673 19879 54 3 19933 0 54
795 19951 44 1 19995 0 44
212 20081 39 2 20120 0 39
73 20098 44 2 20164 22 66
609 20254 25 1 20279 0 25
169 20309 22 2 20331 0 22
605 20250 37 4 20334 47 84
120 20245 44 4 20373 84 128
615 20406 31 2 20437 0 31
279 20262 52 2 20456 142 194
958 20206 60 4 20477 211 271
172 20497 22 3 20519 0 22
921 20468 64 4 20563 31 95
508 20092 68 3 20589 429 497
407 20636 60 4 20696 0 60
978 20708 41 4 20749 0 41
560 20799 58 2 20857 0 58
612 21032 26 4 21058 0 26
263 20967 76 4 21069 26 102
11 20929 81 1 21112 102 183
797 21311 52 3 21363 0 52
764 21393 28 1 21421 0 28
576 21464 25 4 21489 0 25
935 21445 28 1 21498 25 53
356 21404 73 3 21547 70 143
805 21577 21 3 21598 0 21
127 21655 23 4 21678 0 23
830 21706 24 2 21730 0 24
802 21629 68 2 21744 47 115
119 21793 37 3 21830 0 37
149 21895 64 4 21959 0 64
366 21823 93 4 21987 71 164
814 21988 28 3 22016 0 28
471 21999 33 4 22049 17 50
595 22184 22 4 22206 0 22
473 22168 22 2 22212 22 44
112 22139 41 4 22224 44 85
776 22132 49 3 22266 85 134
740 22118 54 3 22306 134 188
948 22076 58 4 22322 188 246
41 22333 37 4 22370 0 37
54 22384 31 3 22415 0 31
463 22449 26 3 22475 0 26
889 22274 59 4 22475 142 201
349 22556 31 3 22587 0 31
179 22534 44 4 22609 31 75
200 22674 31 1 22705 0 31
292 22751 27 2 22778 0 27
253 22724 38 4 22789 27 65
258 22672 41 2 22809 96 137
17 22643 45 1 22825 137 182
476 22874 21 1 22895 0 21
474 22904 36 4 22940 0 36
339 22847 60 3 22964 57 117
940 22715 69 3 23011 227 296
930 22755 75 4 23086 256 331
2 23114 60 3 23174 0 60
844 23251 68 3 23319 0 68
140 23742 31 4 23773 0 31
52 23781 39 1 23820 0 39
559 23705 93 4 23868 70 163
519 23949 57 4 24006 0 57
466 23964 60 3 24066 42 102
712 24094 49 1 24143 0 49
773 24216 39 3 24255 0 39
966 24442 68 4 24510 0 68
368 24541 28 4 24569 0 28
167 24704 26 4 24730 0 26
372 24731 58 2 24789 0 58
186 24805 43 4 24848 0 43
524 24959 25 3 24984 0 25
494 25117 59 4 25176 0 59
945 25044 74 4 25177 59 133
235 25377 29 3 25406 0 29
143 25394 42 1 25448 12 54
759 25341 52 4 25464 71 123
510 25489 22 2 25511 0 22
597 25496 27 4 25538 15 42
89 25650 26 4 25676 0 26
511 25642 39 2 25707 26 65
769 25721 49 2 25770 0 49
955 25635 90 3 25839 114 204
81 25782 96 4 25935 57 153
507 25945 61 2 26006 0 61
704 26066 35 1 26101 0 35
363 26072 54 4 26155 29 83
909 25959 64 2 26159 136 200
679 26371 49 4 26420 0 49
277 26439 33 2 26472 0 33
257 26394 53 3 26506 59 112
525 26540 51 3 26591 0 51
99 26621 31 4 26652 0 31
271 26680 36 4 26716 0 36
686 26718 24 3 26742 0 24
298 26637 40 4 26752 75 115
226 26761 44 1 26805 0 44
459 26746 45 4 26841 50 95
594 26885 28 2 26913 0 28
174 26853 47 3 26928 28 75
313 26783 64 3 26980 133 197
485 27073 34 1 27107 0 34
650 27147 20 3 27167 0 20
301 27310 24 4 27334 0 24
70 27514 32 4 27546 0 32
719 27481 38 4 27551 32 70
731 27634 37 2 27671 0 37
270 27679 21 2 27700 0 21
491 27633 55 1 27746 58 113
284 27926 43 4 27969 0 43
222 27936 46 4 28015 33 79
803 27890 64 4 28043 89 153
873 27937 68 2 28111 106 174
794 28144 44 4 28188 0 44
766 28123 58 3 28225 44 102
499 28231 44 3 28275 0 44
387 28256 67 4 28342 19 86
337 28460 42 3 28502 0 42
71 28533 33 3 28566 0 33
79 28569 22 2 28591 0 22
443 28536 52 3 28640 52 104
601 28704 37 2 28741 0 37
956 28654 71 4 28762 37 108
584 28521 79 4 28815 215 294
450 28862 37 2 28899 0 37
942 28945 36 2 28981 0 36
22 29162 26 4 29188 0 26
237 29102 85 3 29213 26 111
668 29305 25 4 29330 0 25
158 29557 67 4 29624 0 67
550 29629 34 3 29663 0 34
61 29750 31 4 29781 0 31
446 29760 44 2 29825 21 65
192 29839 31 1 29870 0 31
732 29777 59 2 29915 79 138
155 30012 44 4 30056 0 44
69 30105 55 3 30160 0 55
855 30193 74 1 30267 0 74
296 30284 26 2 30310 0 26
307 30345 30 2 30375 0 30
324 30348 33 2 30408 27 60
4 30459 30 3 30489 0 30
991 30350 72 4 30510 88 160
655 30606 68 3 30674 0 68
585 30885 25 4 30910 0 25
542 30935 51 3 30986 0 51
27 31122 31 4 31153 0 31
318 31202 26 4 31228 0 26
867 31191 34 1 31251 26 60
386 31242 40 4 31291 9 49
891 31292 61 2 31353 0 61
880 31387 22 1 31409 0 22
971 31486 23 4 31509 0 23
781 31600 36 4 31636 0 36
987 31946 21 4 31967 0 21
472 31955 28 4 31995 12 40
88 31910 74 3 32033 49 123
872 32034 53 3 32087 0 53
470 32143 27 4 32170 0 27
115 32168 42 4 32212 2 44
821 32114 57 2 32240 69 126
8 32289 28 4 32317 0 28
92 32153 58 3 32326 115 173
409 32334 27 4 32361 0 27
10 32339 35 2 32396 22 57
775 32459 55 4 32514 0 55
665 32224 71 1 32514 219 290
55 32533 24 4 32557 0 24
74 32040 86 4 32597 471 557
381 32619 63 2 32682 0 63
964 32762 49 3 32811 0 49
602 32698 66 3 32813 49 115
841 32861 26 4 32887 0 26
481 32933 52 1 32985 0 52
161 32897 54 4 33003 52 106
734 33028 35 3 33063 0 35
323 33075 54 3 33129 0 54
72 33177 28 2 33205 0 28
808 33216 81 2 33297 0 81
765 33366 43 2 33409 0 43
506 33511 30 1 33541 0 30
504 33569 52 4 33621 0 52
445 33584 63 2 33684 37 100
736 33760 43 3 33803 0 43
546 33768 51 3 33854 35 86
646 34084 28 2 34112 0 28
373 34230 28 4 34258 0 28
627 34197 87 4 34312 28 115
968 34396 52 4 34448 0 52
979 34525 55 3 34580 0 55
80 34483 61 3 34599 55 116
129 34687 71 2 34758 0 71
631 34843 89 3 34932 0 89
983 34975 26 2 35001 0 26
395 35025 38 2 35063 0 38
24 34983 65 2 35104 56 121
654 35132 28 4 35160 0 28
427 34993 67 2 35199 139 206
986 34801 92 3 35206 313 405
943 35388 52 4 35440 0 52
305 35501 62 4 35563 0 62
162 35564 25 3 35589 0 25
862 35470 94 3 35651 87 181
165 35685 38 2 35723 0 38
657 35788 23 1 35811 0 23
378 35705 76 2 35822 41 117
972 35917 39 2 35956 0 39
294 35929 52 3 36008 27 79
319 36042 67 3 36109 0 67
259 36290 35 4 36325 0 35
920 36289 46 3 36380 45 91
14 36360 46 3 36416 10 56
322 36445 70 2 36515 0 70
999 36528 23 2 36551 0 23
389 36517 33 4 36573 23 56
553 36566 64 3 36637 7 71
925 36693 28 2 36721 0 28
600 36729 52 2 36781 0 52
793 36820 21 1 36841 0 21
813 36882 50 2 36932 0 50
26 36934 50 3 36984 0 50
121 36954 53 4 37037 30 83
771 36950 61 2 37098 87 148
477 36818 64 4 37117 235 299
488 36673 72 4 37124 379 451
442 36365 77 3 37134 692 769
832 36304 78 3 37212 830 908
570 37008 78 2 37290 204 282
483 36523 86 4 37376 767 853
934 37449 47 4 37496 0 47
379 37608 71 3 37679 0 71
728 37811 32 1 37843 0 32
822 38014 24 4 38038 0 24
820 38143 45 4 38188 0 45
439 38216 22 3 38238 0 22
401 38215 51 3 38288 22 73
467 38306 55 4 38361 0 55
692 38379 27 3 38406 0 27
577 38576 22 3 38598 0 22
290 38610 41 2 38651 0 41
557 38739 44 4 38783 0 44
574 38939 43 3 38982 0 43
936 39083 77 4 39160 0 77
283 39205 32 3 39237 0 32
976 39173 53 4 39275 49 102
614 39241 53 4 39311 17 70
367 39312 28 4 39340 0 28
735 39243 72 3 39411 96 168
252 39431 52 3 39483 0 52
325 39542 26 2 39568 0 26
159 39580 26 4 39606 0 26
173 39948 62 4 40010 0 62
132 40259 37 2 40296 0 37
806 40216 46 4 40299 37 83
676 40303 25 4 40328 0 25
538 40546 34 4 40580 0 34
825 40621 40 4 40661 0 40
755 40555 41 4 40661 65 106
717 40669 37 1 40706 0 37
906 40506 73 3 40731 152 225
106 40577 84 2 40815 154 238
589 40844 57 3 40901 0 57
675 41030 30 3 41060 0 30
563 41118 24 4 41142 0 24
217 41128 34 2 41176 14 48
21 41169 58 4 41234 7 65
227 41286 52 1 41338 0 52
778 41189 60 2 41346 97 157
150 41414 21 4 41435 0 21
694 41383 34 3 41438 21 55
564 41358 39 1 41452 55 94
108 41240 68 4 41508 200 268
358 41584 21 3 41605 0 21
724 41640 22 3 41662 0 22
216 41629 24 4 41675 22 46
747 41751 22 4 41773 0 22
293 41840 20 2 41860 0 20
238 41941 35 4 41976 0 35
664 41986 37 4 42023 0 37
954 42007 55 4 42078 16 71
555 42227 68 4 42295 0 68
505 42447 21 4 42468 0 21
457 42466 46 4 42514 2 48
516 42582 22 3 42604 0 22
864 42650 27 1 42677 0 27
468 42712 33 2 42745 0 33
908 42667 44 4 42754 43 87
3 42757 44 3 42801 0 44
900 42828 30 4 42858 0 30
317 42971 28 3 42999 0 28
340 43048 33 4 43081 0 33
177 43099 38 3 43137 0 38
729 43035 44 3 43150 71 115
85 43023 49 3 43187 115 164
336 43090 62 2 43249 97 159
552 43300 47 2 43347 0 47
436 43400 32 3 43432 0 32
394 43345 61 4 43440 34 95
345 43635 29 3 43664 0 29
901 43679 21 3 43700 0 21
541 43615 48 4 43713 50 98
532 43618 69 3 43782 95 164
984 43811 37 3 43848 0 37
688 43851 31 4 43882 0 31
926 43913 40 4 43953 0 40
49 43852 42 4 43964 70 112
438 43850 54 4 44017 113 167
536 44080 85 3 44165 0 85
639 43996 87 4 44189 106 193
917 44196 58 3 44254 0 58
406 44322 47 4 44369 0 47
357 44421 30 2 44451 0 30
65 44609 31 3 44640 0 31
208 44701 25 2 44726 0 25
104 44681 35 3 44741 25 60
932 44709 49 3 44790 32 81
448 44799 52 3 44851 0 52
419 44884 53 3 44937 0 53
428 44871 72 2 44996 53 125
669 45124 26 4 45150 0 26
514 45185 42 2 45227 0 42
997 45282 33 4 45315 0 33
826 45343 50 3 45393 0 50
205 45458 40 3 45498 0 40
652 45438 50 4 45528 40 90
613 45575 27 4 45602 0 27
503 45651 22 4 45673 0 22
215 45797 43 3 45840 0 43
744 45823 48 4 45888 17 65
75 45753 55 2 45899 91 146
190 45707 64 4 45917 146 210
125 45969 25 4 45994 0 25
343 45731 82 2 46024 211 293
232 46077 56 1 46133 0 56
12 46163 26 4 46189 0 26
690 46161 52 2 46239 26 78
16 46326 21 1 46347 0 21
526 46319 76 2 46416 21 97
197 46574 56 4 46630 0 56
893 46553 78 4 46687 56 134
410 46748 20 3 46768 0 20
376 46866 52 4 46918 0 52
391 46971 46 4 47017 0 46
637 47043 68 1 47111 0 68
204 47213 37 3 47250 0 37
645 47346 22 3 47368 0 22
834 47442 46 2 47488 0 46
327 47500 46 4 47546 0 46
634 47733 79 2 47812 0 79
288 47887 26 1 47913 0 26
242 47943 23 1 47966 0 23
15 47901 55 3 47991 35 90
892 48002 64 1 48066 0 64
919 47825 83 2 48076 168 251
151 48131 44 3 48197 22 66
847 48153 44 3 48219 22 66
267 48221 27 3 48248 0 27
767 48463 74 2 48537 0 74
185 48472 78 2 48615 65 143
496 48635 27 2 48662 0 27
444 48725 42 4 48767 0 42
879 48655 81 2 48785 49 130
133 48788 46 2 48834 0 46
425 48835 26 2 48861 0 26
137 48965 33 1 48998 0 33
865 49001 21 3 49022 0 21
750 48938 48 3 49040 54 102
929 49211 41 4 49252 0 41
278 49176 43 4 49260 41 84
876 49276 76 4 49352 0 76
828 49537 28 1 49565 0 28
194 49473 66 3 49567 28 94
787 49639 60 3 49699 0 60
756 49919 66 3 49985 0 66
5 49889 77 1 50032 66 143
957 50096 91 3 50187 0 91
973 50309 25 4 50334 0 25
7 50342 30 4 50372 0 30
745 50348 42 3 50414 24 66
44 50500 26 2 50526 0 26
659 50475 47 1 50548 26 73
93 50423 52 4 50548 73 125
486 50511 77 4 50625 37 114
779 50677 39 4 50716 0 39
618 50643 71 3 50753 39 110
6 50839 36 2 50875 0 36
950 50933 22 1 50955 0 22
578 50959 20 1 50979 0 20
875 50895 50 4 50987 42 92
64 51200 57 4 51257 0 57
243 51233 64 3 51321 24 88
651 51219 77 4 51398 102 179
967 51448 30 3 51478 0 30
868 51423 35 4 51488 30 65
961 51424 38 4 51526 64 102
817 51422 47 4 51572 103 150
449 51433 52 4 51624 139 191
860 51562 71 3 51695 62 133
566 51804 49 3 51853 0 49
371 51890 24 4 51914 0 24
195 51778 67 4 51918 73 140
697 51924 23 4 51947 0 23
187 51938 54 4 52001 9 63
478 52053 22 3 52075 0 22
135 52296 21 2 52317 0 21
863 52894 24 4 52918 0 24
102 53013 37 1 53050 0 37
332 52973 45 4 53055 37 82
989 53098 56 2 53154 0 56
245 52952 64 2 53154 138 202
154 53539 59 3 53598 0 59
415 53687 65 1 53752 0 65
166 53807 22 4 53829 0 22
572 53679 68 4 53834 87 155
392 53866 40 4 53906 0 40
870 53666 69 2 53930 195 264
789 53947 30 2 53977 0 30
965 54141 30 4 54171 0 30
894 54137 56 4 54223 30 86
625 54434 30 2 54464 0 30
791 54386 61 4 54477 30 91
981 54578 42 4 54620 0 42
638 54603 85 1 54705 17 102
946 55153 66 4 55219 0 66
462 55331 31 4 55362 0 31
484 55446 40 1 55486 0 40
881 55517 37 3 55554 0 37
249 55647 37 2 55684 0 37
90 55794 26 2 55820 0 26
583 55868 42 4 55910 0 42
43 56081 63 2 56144 0 63
275 56254 23 3 56277 0 23
398 56296 24 4 56320 0 24
816 56226 54 3 56327 47 101
382 56379 33 4 56412 0 33
674 56345 47 2 56425 33 80
214 56336 58 2 56474 80 138
66 56523 39 2 56562 0 39
244 56669 23 3 56692 0 23
421 56698 42 1 56740 0 42
396 56698 70 3 56810 42 112
823 56884 73 1 56957 0 73
181 56996 61 2 57057 0 61
869 57085 60 2 57145 0 60
621 56980 66 4 57167 121 187
34 57248 44 4 57292 0 44
405 57633 49 3 57682 0 49
810 57633 77 2 57759 49 126
520 57970 71 4 58041 0 71
924 58065 40 3 58105 0 40
94 58183 27 1 58210 0 27
353 58226 31 3 58257 0 31
413 58567 50 3 58617 0 50
938 58613 59 4 58676 4 63
56 58523 59 2 58691 109 168
635 58770 29 2 58799 0 29
480 58909 44 1 58953 0 44
693 58904 52 4 59000 44 96
309 58890 79 3 59065 96 175
763 59221 44 2 59265 0 44
399 59308 51 3 59359 0 51
144 59457 43 1 59500 0 43
308 59523 27 1 59550 0 27
500 59485 48 3 59575 42 90
369 59524 65 1 59640 51 116
418 59504 87 3 59727 136 223
616 59829 30 4 59859 0 30
667 59844 42 4 59901 15 57
433 59918 23 4 59941 0 23
746 59855 76 2 60000 69 145
839 60010 31 3 60041 0 31
878 60215 22 2 60237 0 22
182 60248 47 3 60295 0 47
607 60480 46 2 60526 0 46
118 60565 25 2 60590 0 25
753 60527 52 3 60604 25 77
969 60622 35 4 60657 0 35
42 60502 75 1 60713 136 211
191 61133 42 4 61175 0 42
58 61330 67 4 61397 0 67
653 61412 36 3 61448 0 36
837 61501 37 2 61538 0 37
375 61453 82 2 61572 37 119
861 61887 23 3 61910 0 23
752 61891 68 3 61978 19 87
199 62112 24 3 62136 0 24
220 62064 64 1 62152 24 88
772 62395 47 4 62442 0 47
533 62506 53 4 62559 0 53
262 62491 62 3 62606 53 115
647 62529 77 3 62683 77 154
374 62692 26 4 62718 0 26
188 62875 28 4 62903 0 28
698 62925 33 4 62958 0 33
502 62917 70 3 63020 33 103
824 62867 70 2 63068 131 201
617 63216 51 4 63267 0 51
610 63312 30 1 63342 0 30
748 63288 33 2 63351 30 63
224 63355 34 3 63389 0 34
114 63235 54 1 63418 129 183
299 63479 56 4 63535 0 56
815 63905 22 4 63927 0 22
689 64082 47 3 64129 0 47
807 64276 21 4 64297 0 21
458 64735 22 4 64757 0 22
993 64789 50 4 64839 0 50
933 64873 50 4 64923 0 50
475 64906 60 4 64983 17 77
850 65009 38 1 65047 0 38
963 65037 55 3 65102 10 65
306 64895 73 3 65149 181 254
877 65233 52 4 65285 0 52
23 65288 52 4 65340 0 52
545 65228 57 3 65389 104 161
684 65829 25 3 65854 0 25
762 65829 33 4 65887 25 58
321 65891 69 4 65960 0 69
19 66009 52 4 66061 0 52
849 66292 33 4 66325 0 33
882 66379 56 4 66435 0 56
59 66450 46 3 66496 0 46
86 66523 71 2 66594 0 71
388 66634 21 3 66655 0 21
359 66633 70 2 66724 21 91
641 66751 50 3 66801 0 50
599 66596 77 2 66814 141 218
718 66392 81 4 66851 378 459
429 66637 93 3 66944 214 307
579 67446 45 2 67491 0 45
565 67423 60 3 67528 45 105
699 67658 75 3 67733 0 75
385 68094 69 4 68163 0 69
677 68360 29 2 68389 0 29
300 68452 53 3 68505 0 53
178 68564 40 3 68604 0 40
829 68642 65 3 68707 0 65
682 68919 28 4 68947 0 28
134 68893 47 3 68968 28 75
333 69015 34 4 69049 0 34
255 69023 39 4 69088 26 65
512 68888 54 4 69090 148 202
201 69015 71 3 69161 75 146
695 69181 26 2 69207 0 26
809 69169 84 4 69279 26 110
554 69734 28 3 69762 0 28
714 69724 38 2 69790 28 66
726 69803 24 1 69827 0 24
643 69694 50 3 69834 90 140
276 70068 69 3 70137 0 69
164 70193 53 4 70246 0 53
743 70945 85 3 71030 0 85
223 71376 60 1 71436 0 60
501 71491 40 4 71531 0 40
285 71636 21 2 71657 0 21
913 72319 52 3 72371 0 52
126 72989 28 4 73017 0 28
454 73135 65 3 73200 0 65
738 73377 24 2 73401 0 24
737 73352 56 4 73432 24 80
702 73787 44 3 73831 0 44
397 73831 45 3 73876 0 45
246 73929 26 2 73955 0 26
952 73891 69 4 73986 26 95
77 74057 23 2 74080 0 23
582 73996 83 3 74102 23 106
914 74234 47 2 74281 0 47
928 74315 27 2 74342 0 27
838 74378 46 4 74424 0 46
662 74519 60 4 74579 0 60
417 74767 25 4 74792 0 25
147 74910 24 3 74934 0 24
705 75477 27 4 75504 0 27
231 75604 49 4 75653 0 49
122 75739 45 3 75784 0 45
452 75903 32 3 75935 0 32
338 75956 39 3 75995 0 39
711 75905 52 3 76026 69 121
770 76038 68 3 76106 0 68
60 76431 32 4 76463 0 32
269 76442 39 4 76502 21 60
91 76831 88 3 76919 0 88
754 77112 31 4 77143 0 31
124 77165 42 2 77207 0 42
241 77508 27 2 77535 0 27
25 77582 80 4 77662 0 80
350 77528 86 4 77701 87 173
531 78007 46 3 78053 0 46
490 78054 27 1 78081 0 27
549 78531 33 4 78564 0 33
529 79065 25 4 79090 0 25
189 79078 27 3 79117 12 39
37 79339 44 4 79383 0 44
551 79820 33 4 79853 0 33
110 80069 20 4 80089 0 20
455 80149 30 3 80179 0 30
663 80188 21 2 80209 0 21
469 80273 43 3 80316 0 43
365 80642 43 3 80685 0 43
441 80995 53 3 81048 0 53
521 81103 55 4 81158 0 55
896 81541 38 2 81579 0 38
261 81602 49 2 81651 0 49
416 81853 63 2 81916 0 63
268 82120 27 3 82147 0 27
393 82287 74 2 82361 0 74
527 82467 22 1 82489 0 22
911 82576 61 2 82637 0 61
390 82673 33 4 82706 0 33
985 82750 42 3 82792 0 42
603 83167 25 4 83192 0 25
608 83501 29 4 83530 0 29
420 83689 21 2 83710 0 21
629 83777 69 2 83846 0 69
777 84188 77 4 84265 0 77
534 85303 25 2 85328 0 25
592 85558 44 3 85602 0 44
700 85919 21 3 85940 0 21
586 86075 55 1 86130 0 55
233 86211 58 4 86269 0 58
980 86314 31 4 86345 0 31
884 86262 80 2 86380 38 118
992 86455 28 4 86483 0 28
78 87483 35 1 87518 0 35
123 87611 57 2 87668 0 57
691 87781 62 3 87843 0 62
109 88684 53 4 88737 0 53
116 88868 22 4 88890 0 22
248 89246 66 3 89312 0 66
636 90867 23 2 90890 0 23
30 91483 66 2 91549 0 66
370 91555 47 2 91602 0 47
380 91966 58 4 92024 0 58
131 92501 61 3 92562 0 61
111 93515 41 4 93556 0 41
101 93772 43 4 93815 0 43
487 94905 59 3 94964 0 59
785 97519 89 1 97608 0 89
274 98220 68 4 98288 0 68
