97472 1000 102 54
362 53 41 4 94 0 41
554 124 28 4 152 0 28
315 135 65 2 217 17 82
36 186 49 2 266 31 80
28 231 50 3 316 35 85
173 272 55 4 371 44 99
860 370 53 4 424 1 54
299 401 42 1 466 23 65
373 235 55 3 521 231 286
109 165 66 1 587 356 422
137 531 27 4 614 56 83
101 589 22 4 636 25 47
20 613 54 2 690 23 77
720 625 66 2 756 65 131
722 587 70 3 826 169 239
977 809 20 4 846 17 37
654 368 77 3 923 478 555
301 891 45 4 968 32 77
144 959 30 3 998 9 39
901 891 57 3 1055 107 164
259 943 78 3 1133 112 190
10 1081 22 3 1155 52 74
237 1147 33 4 1188 8 41
141 1141 62 2 1250 47 109
483 1217 27 4 1277 33 60
530 1277 38 3 1315 0 38
738 1269 49 3 1364 46 95
201 1361 31 4 1395 3 34
151 1373 27 4 1422 22 49
168 1414 43 4 1465 8 51
529 1460 40 1 1505 5 45
17 1415 48 4 1553 90 138
114 1530 31 3 1584 23 54
950 1447 61 3 1645 137 198
408 1635 23 3 1668 10 33
512 1602 59 3 1727 66 125
472 1718 26 1 1753 9 35
915 1741 26 4 1779 12 38
239 1231 62 3 1841 548 610
757 1692 73 4 1914 149 222
553 1439 77 4 1991 475 552
775 1938 55 4 2046 53 108
946 2041 27 2 2073 5 32
364 2023 43 3 2116 50 93
978 2096 44 4 2160 20 64
70 2144 36 3 2196 16 52
754 2037 72 2 2268 159 231
951 2199 26 4 2294 69 95
393 2292 36 4 2330 2 38
492 2202 49 3 2379 128 177
954 663 80 4 2459 1716 1796
123 309 80 4 2539 2150 2230
269 2402 81 4 2620 137 218
656 2390 83 4 2703 230 313
191 2681 50 4 2753 22 72
966 2720 33 4 2786 33 66
47 2710 49 3 2835 76 125
992 2816 40 4 2875 19 59
296 2841 35 2 2910 34 69
690 2681 53 4 2963 229 282
519 2919 69 2 3032 44 113
345 2988 23 3 3055 44 67
912 1382 87 4 3142 1673 1760
587 3093 39 4 3181 49 88
776 2666 90 4 3271 515 605
796 3266 23 3 3294 5 28
827 2288 92 4 3386 1006 1098
95 3327 33 3 3419 59 92
974 984 98 3 3517 2435 2533
262 3507 73 4 3590 10 83
348 3549 26 2 3616 41 67
596 3483 87 2 3703 133 220
894 3646 26 1 3729 57 83
349 3656 62 4 3791 73 135
6 3789 39 3 3830 2 41
832 3817 54 1 3884 13 67
592 3853 52 4 3936 31 83
86 3813 61 3 3997 123 184
342 4190 67 3 4257 0 67
325 4200 22 3 4279 57 79
4 4358 79 1 4437 0 79
930 4414 40 2 4477 23 63
637 4412 65 4 4542 65 130
115 4481 25 4 4567 61 86
940 4549 31 3 4598 18 49
741 4480 34 1 4632 118 152
669 4574 45 2 4677 58 103
187 4652 22 2 4699 25 47
766 4683 32 4 4731 16 48
448 4719 27 2 4758 12 39
513 4646 35 4 4793 112 147
285 4769 50 2 4843 24 74
730 4483 55 3 4898 360 415
834 4593 62 3 4960 305 367
920 4802 72 4 5032 158 230
425 4969 46 4 5078 63 109
910 5064 63 3 5141 14 77
723 5104 25 1 5166 37 62
215 4864 76 3 5242 302 378
526 5034 94 3 5336 208 302
979 5292 56 2 5392 44 100
145 5274 62 3 5454 118 180
556 5437 50 4 5504 17 67
936 5501 27 4 5531 3 30
431 5476 33 4 5564 55 88
376 5529 39 4 5603 35 74
712 5586 24 2 5627 17 41
118 5466 46 4 5673 161 207
89 5671 24 2 5697 2 26
769 5317 66 1 5763 380 446
568 5737 58 4 5821 26 84
409 5645 74 3 5895 176 250
199 5841 33 2 5928 54 87
310 5891 49 3 5977 37 86
419 5689 90 2 6067 288 378
276 6073 37 3 6110 0 37
198 6135 32 4 6167 0 32
537 6195 49 4 6244 0 49
15 6254 32 3 6286 0 32
778 6294 65 4 6359 0 65
935 6306 28 3 6387 53 81
19 6384 56 4 6443 3 59
489 6442 26 2 6469 1 27
370 6400 56 4 6525 69 125
557 6596 24 3 6620 0 24
352 6632 45 2 6677 0 45
865 6646 24 1 6701 31 55
30 6675 30 2 6731 26 56
881 6673 68 3 6799 58 126
233 6740 32 3 6831 59 91
750 6851 77 3 6928 0 77
77 6928 22 4 6950 0 22
194 6951 56 3 7007 0 56
952 7080 36 3 7116 0 36
283 7097 39 3 7155 19 58
570 7143 77 3 7232 12 89
121 7196 66 2 7298 36 102
685 7341 47 4 7388 0 47
167 7465 58 4 7523 0 58
883 7560 46 4 7606 0 46
841 7668 52 1 7720 0 52
855 7952 28 3 7980 0 28
456 8052 26 3 8078 0 26
734 8146 76 2 8222 0 76
522 8176 21 3 8243 46 67
898 8209 28 3 8271 34 62
16 8152 29 2 8300 119 148
1 8469 35 4 8504 0 35
562 8502 69 2 8573 2 71
783 8594 47 4 8641 0 47
725 8635 46 3 8687 6 52
111 8661 72 4 8759 26 98
856 8769 56 4 8825 0 56
675 8792 34 4 8859 33 67
747 8802 67 4 8926 57 124
122 8945 25 3 8970 0 25
664 8987 68 1 9055 0 68
980 9018 33 2 9088 37 70
679 9108 68 3 9176 0 68
692 9144 32 3 9208 32 64
646 9194 35 4 9243 14 49
509 9256 46 1 9302 0 46
772 9287 73 3 9375 15 88
767 9463 45 2 9508 0 45
794 9573 47 1 9620 0 47
886 9661 81 4 9742 0 81
242 9729 25 1 9767 13 38
216 9732 73 4 9840 35 108
3 9757 74 3 9914 83 157
628 9897 24 4 9938 17 41
293 9695 83 2 10021 243 326
703 9904 88 2 10109 117 205
480 10038 54 3 10163 71 125
246 10136 53 4 10216 27 80
406 10198 50 4 10266 18 68
312 10051 78 1 10344 215 293
919 10278 44 2 10388 66 110
208 9750 91 3 10479 638 729
250 10460 25 1 10504 19 44
322 10429 50 4 10554 75 125
307 10534 33 4 10587 20 53
580 10516 40 4 10627 71 111
889 10612 76 1 10703 15 91
410 10664 52 4 10755 39 91
107 10709 27 2 10782 46 73
498 10781 26 1 10808 1 27
178 10740 41 3 10849 68 109
811 10815 21 3 10870 34 55
743 10748 45 3 10915 122 167
323 10875 22 3 10937 40 62
686 10884 40 3 10977 53 93
314 10737 52 2 11029 240 292
993 11015 22 4 11051 14 36
660 10888 86 3 11137 163 249
367 11334 25 4 11359 0 25
120 11370 68 4 11438 0 68
200 11455 35 4 11490 0 35
69 11473 69 2 11559 17 86
538 11538 29 1 11588 21 50
729 11502 30 1 11618 86 116
135 11674 74 1 11748 0 74
11 11747 43 2 11791 1 44
478 11756 32 4 11823 35 67
868 11708 51 2 11874 115 166
695 11682 58 4 11932 192 250
469 11925 47 4 11979 7 54
35 11905 49 1 12028 74 123
651 11917 54 4 12082 111 165
57 12058 47 4 12129 24 71
477 11870 60 4 12189 259 319
805 12149 41 1 12230 40 81
284 11948 67 3 12297 282 349
689 12281 74 3 12371 16 90
181 12353 51 3 12422 18 69
583 12162 83 2 12505 260 343
64 12452 31 3 12536 53 84
551 12488 35 2 12571 48 83
468 12563 31 4 12602 8 39
297 12589 20 3 12622 13 33
840 12558 51 3 12673 64 115
563 12044 85 3 12758 629 714
702 12934 48 4 12982 0 48
906 13010 25 3 13035 0 25
500 13023 41 4 13076 12 53
334 13060 56 2 13132 16 72
670 13085 38 4 13170 47 85
179 13091 47 3 13217 79 126
571 13254 29 3 13283 0 29
760 13274 21 3 13304 9 30
51 13304 25 3 13329 0 25
918 13327 42 4 13371 2 44
422 13370 32 2 13403 1 33
541 13280 58 4 13461 123 181
354 13288 74 4 13535 173 247
552 13557 42 4 13599 0 42
773 13586 35 2 13634 13 48
780 13620 20 2 13654 14 34
626 13804 29 3 13833 0 29
379 14002 50 4 14052 0 50
447 14080 26 2 14106 0 26
561 14242 37 3 14279 0 37
359 14284 55 1 14339 0 55
338 14513 31 4 14544 0 31
931 14552 27 4 14579 0 27
697 14591 77 4 14668 0 77
14 14668 26 2 14694 0 26
503 14651 44 2 14738 43 87
888 14755 23 3 14778 0 23
458 14773 23 2 14801 5 28
971 14794 27 1 14828 7 34
892 14851 52 2 14903 0 52
272 14920 47 3 14967 0 47
836 14922 42 4 15009 45 87
983 14986 51 1 15060 23 74
663 14948 52 1 15112 112 164
245 15078 68 3 15180 34 102
560 15150 30 4 15210 30 60
43 15130 34 2 15244 80 114
869 15126 50 4 15294 118 168
162 15294 21 3 15315 0 21
361 15260 37 3 15352 55 92
671 15309 44 2 15396 43 87
80 15269 67 2 15463 127 194
420 14959 75 3 15538 504 579
696 15468 49 4 15587 70 119
745 15473 53 3 15640 114 167
166 15612 21 4 15661 28 49
251 15598 39 2 15700 63 102
286 15592 46 3 15746 108 154
438 15045 81 1 15827 701 782
694 15817 32 3 15859 10 42
24 15856 34 4 15893 3 37
574 15851 44 4 15937 42 86
225 15900 38 4 15975 37 75
146 15749 50 3 16025 226 276
147 16000 20 4 16045 25 45
435 16029 29 3 16074 16 45
124 16005 60 3 16134 69 129
402 15269 85 2 16219 865 950
63 16178 41 4 16260 41 82
156 16183 51 4 16311 77 128
44 16300 28 4 16339 11 39
108 16329 51 4 16390 10 61
777 16246 56 3 16446 144 200
62 16269 72 4 16518 177 249
112 16480 48 4 16566 38 86
913 16555 36 2 16602 11 47
848 16672 60 2 16732 0 60
819 16838 25 2 16863 0 25
222 16920 37 2 16957 0 37
533 17004 36 3 17040 0 36
265 17161 34 4 17195 0 34
581 17195 79 4 17274 0 79
960 17198 48 2 17322 76 124
821 17300 31 4 17353 22 53
105 17339 42 4 17395 14 56
66 17349 49 3 17444 46 95
94 17438 37 4 17481 6 43
975 17244 70 4 17551 237 307
126 17543 29 3 17580 8 37
155 17458 78 3 17658 122 200
454 17647 31 4 17689 11 42
504 17443 91 3 17780 246 337
924 17761 84 2 17864 19 103
2 17818 29 2 17893 46 75
368 17884 35 4 17928 9 44
909 17918 21 4 17949 10 31
615 17812 47 2 17996 137 184
202 18021 28 2 18049 0 28
958 18031 32 4 18081 18 50
843 18069 54 4 18135 12 66
232 18132 62 3 18197 3 65
632 18176 57 3 18254 21 78
266 18223 24 1 18278 31 55
724 18239 62 2 18340 39 101
465 18328 43 1 18383 12 55
451 18339 48 3 18431 44 92
857 18065 71 4 18502 366 437
770 18162 86 1 18588 340 426
244 18513 22 4 18610 75 97
708 18557 38 1 18648 53 91
516 18576 57 4 18705 72 129
486 18556 66 4 18771 149 215
248 18740 42 4 18813 31 73
131 18792 29 2 18842 21 50
847 18753 52 1 18894 89 141
264 18849 31 4 18925 45 76
356 18908 22 3 18947 17 39
567 18928 42 4 18989 19 61
74 18836 55 3 19044 153 208
189 19029 20 4 19064 15 35
916 18994 49 4 19113 70 119
631 19070 38 3 19151 43 81
106 18513 67 4 19218 638 705
576 18759 83 3 19301 459 542
742 19259 30 3 19331 42 72
666 19342 42 1 19384 0 42
193 19544 55 2 19599 0 55
699 19588 38 2 19637 11 49
693 19801 39 2 19840 0 39
83 20084 52 4 20136 0 52
490 20114 24 4 20160 22 46
524 20158 33 3 20193 2 35
71 20192 34 4 20227 1 35
804 20143 89 2 20316 84 173
311 20311 50 3 20366 5 55
744 20365 39 4 20405 1 40
835 20319 52 4 20457 86 138
823 20407 22 3 20479 50 72
42 20374 56 4 20535 105 161
457 20518 24 4 20559 17 41
731 20452 60 2 20619 107 167
428 20567 22 2 20641 52 74
928 20624 43 3 20684 17 60
599 20659 36 1 20720 25 61
849 20628 62 4 20782 92 154
764 20722 30 4 20812 60 90
501 20734 62 3 20874 78 140
1000 20585 62 3 20936 289 351
207 20924 43 4 20979 12 55
972 20827 72 1 21051 152 224
475 20718 79 2 21130 333 412
386 21112 37 3 21167 18 55
610 21142 22 3 21189 25 47
995 21165 63 2 21252 24 87
398 21240 23 2 21275 12 35
437 21241 28 4 21303 34 62
816 21199 73 3 21376 104 177
763 21346 30 4 21406 30 60
407 21333 52 4 21458 73 125
336 21433 36 3 21494 25 61
876 21484 23 4 21517 10 33
395 21292 88 1 21605 225 313
976 21563 24 2 21629 42 66
838 20660 90 2 21719 969 1059
195 21665 86 1 21805 54 140
235 21802 42 3 21847 3 45
927 21847 64 2 21911 0 64
825 21907 25 2 21936 4 29
73 21815 90 3 22026 121 211
514 22018 41 4 22067 8 49
319 21267 91 4 22158 800 891
405 20381 92 1 22250 1777 1869
677 22238 65 3 22315 12 77
687 22232 81 4 22396 83 164
61 22094 96 4 22492 302 398
294 22485 33 4 22525 7 40
317 22566 82 2 22648 0 82
591 22591 22 3 22670 57 79
705 22670 33 3 22703 0 33
657 22588 36 4 22739 115 151
99 22711 26 3 22765 28 54
280 22756 27 3 22792 9 36
60 22587 36 2 22828 205 241
844 22811 45 4 22873 17 62
328 22595 46 3 22919 278 324
67 22965 26 4 22991 0 26
385 23008 79 3 23087 0 79
213 23012 46 4 23133 75 121
302 23039 75 4 23208 94 169
452 23152 38 2 23246 56 94
914 23230 44 1 23290 16 60
434 23272 20 4 23310 18 38
391 23306 44 4 23354 4 48
617 23347 37 3 23391 7 44
964 23391 22 3 23413 0 22
735 23363 57 3 23470 50 107
417 23461 35 4 23505 9 44
986 23341 60 4 23565 164 224
846 23551 23 1 23588 14 37
859 23543 35 4 23623 45 80
274 23535 58 4 23681 88 146
644 23791 80 1 23871 0 80
375 23844 24 4 23895 27 51
798 23797 54 4 23949 98 152
851 23936 66 4 24015 13 79
158 24100 35 4 24135 0 35
281 24252 26 2 24278 0 26
441 24254 43 3 24321 24 67
23 24280 79 4 24400 41 120
487 24391 30 3 24430 9 39
139 24411 26 3 24456 19 45
963 24431 25 4 24481 25 50
578 24449 27 2 24508 32 59
357 24399 30 2 24538 109 139
652 24431 45 3 24583 107 152
755 24414 66 3 24649 169 235
882 24385 67 2 24716 264 331
40 24682 64 2 24780 34 98
507 24747 58 3 24838 33 91
797 24375 68 4 24906 463 531
577 24662 75 2 24981 244 319
768 24868 79 1 25060 113 192
814 25008 66 2 25126 52 118
895 25108 33 4 25159 18 51
932 25216 22 3 25238 0 22
33 25272 22 4 25294 0 22
50 25299 25 4 25324 0 25
726 25367 26 3 25393 0 26
648 25381 39 3 25432 12 51
363 25410 45 3 25477 22 67
717 25429 58 4 25535 48 106
418 25519 58 4 25593 16 74
309 25553 47 3 25640 40 87
981 25648 35 4 25683 0 35
752 25699 64 1 25763 0 64
864 25717 35 1 25798 46 81
991 25716 79 3 25877 82 161
228 25803 46 2 25923 74 120
771 25920 26 2 25949 3 29
959 25894 34 4 25983 55 89
968 25947 36 3 26019 36 72
879 25925 42 2 26061 94 136
629 25930 48 4 26109 131 179
545 26087 69 4 26178 22 91
505 25933 91 3 26269 245 336
369 26195 26 4 26295 74 100
984 26253 35 3 26330 42 77
424 26318 28 4 26358 12 40
183 26565 33 4 26598 0 33
854 26669 41 3 26710 0 41
845 26728 50 3 26778 0 50
650 26824 70 1 26894 0 70
210 26886 39 2 26933 8 47
46 26920 32 2 26965 13 45
829 26906 37 4 27002 59 96
575 26921 89 3 27091 81 170
826 27171 26 4 27197 0 26
603 27176 88 3 27285 21 109
779 27358 73 4 27431 0 73
394 27556 47 4 27603 0 47
41 27576 64 4 27667 27 91
749 27646 66 3 27733 21 87
97 27704 25 2 27758 29 54
943 27981 34 4 28015 0 34
100 28028 42 2 28070 0 42
550 28094 62 4 28156 0 62
653 28222 73 3 28295 0 73
597 28256 72 3 28367 39 111
211 28304 20 3 28387 63 83
382 28403 60 1 28463 0 60
662 28642 59 4 28701 0 59
474 28689 21 3 28722 12 33
403 28799 44 4 28843 0 44
29 28854 30 2 28884 0 30
371 28900 66 3 28966 0 66
306 28941 37 2 29003 25 62
219 29024 56 4 29080 0 56
510 29077 47 3 29127 3 50
709 29124 31 4 29158 3 34
608 29068 85 4 29243 90 175
180 29172 36 3 29279 71 107
390 29435 25 4 29460 0 25
290 29461 59 2 29520 0 59
372 29488 68 1 29588 32 100
949 29503 71 3 29659 85 156
440 29637 54 4 29713 22 76
488 29732 39 2 29771 0 39
392 29742 34 2 29805 29 63
607 29783 34 4 29839 22 56
624 29791 39 4 29878 48 87
25 29831 64 2 29942 47 111
261 29912 69 2 30011 30 99
714 30019 57 1 30076 0 57
358 30067 76 4 30152 9 85
737 30221 67 3 30288 0 67
719 30519 26 2 30545 0 26
282 30520 47 2 30592 25 72
668 30581 57 4 30649 11 68
511 30707 29 1 30736 0 29
982 30721 20 2 30756 15 35
956 30731 68 2 30824 25 93
220 30821 25 4 30849 3 28
520 30812 64 2 30913 37 101
341 30804 68 1 30981 109 177
623 30924 49 2 31030 57 106
471 30950 52 3 31082 80 132
925 30995 60 4 31142 87 147
49 31076 66 4 31208 66 132
548 30930 72 3 31280 278 350
484 31214 32 3 31312 66 98
157 31302 60 3 31372 10 70
399 31270 81 2 31453 102 183
90 31410 29 4 31482 43 72
224 31649 59 3 31708 0 59
874 31680 34 4 31742 28 62
298 31697 40 3 31782 45 85
163 31778 22 4 31804 4 26
970 31689 40 2 31844 115 155
432 31833 25 4 31869 11 36
333 31787 54 4 31923 82 136
353 31711 55 3 31978 212 267
34 31944 58 4 32036 34 92
116 31723 63 2 32099 313 376
598 32085 49 3 32148 14 63
355 32144 31 3 32179 4 35
799 31855 85 2 32264 324 409
751 32233 63 3 32327 31 94
721 32306 21 4 32348 21 42
707 32307 61 3 32409 41 102
53 32395 88 4 32497 14 102
287 32280 91 4 32588 217 308
182 32542 20 2 32608 46 66
588 32826 42 2 32868 0 42
142 33094 21 4 33115 0 21
270 33366 28 1 33394 0 28
792 33386 58 3 33452 8 66
870 33452 28 3 33480 0 28
640 33440 37 3 33517 40 77
320 33608 79 3 33687 0 79
822 33614 31 4 33718 73 104
555 33710 41 4 33759 8 49
374 33827 43 4 33870 0 43
140 33867 21 4 33891 3 24
56 33876 50 4 33941 15 65
812 34029 22 4 34051 0 22
128 34060 76 4 34136 0 76
824 34178 32 4 34210 0 32
421 34498 71 4 34569 0 71
331 34711 65 3 34776 0 65
521 34755 91 2 34867 21 112
227 34798 72 4 34939 69 141
866 35070 65 1 35135 0 65
313 35145 23 2 35168 0 23
464 35174 21 4 35195 0 21
715 35469 31 4 35500 0 31
291 35487 33 2 35533 13 46
255 35547 22 1 35569 0 22
174 35613 45 2 35658 0 45
810 35743 24 4 35767 0 24
728 35770 54 2 35824 0 54
467 35998 45 4 36043 0 45
218 36013 37 3 36080 30 67
154 36048 88 1 36168 32 120
473 36118 50 3 36218 50 100
160 36235 24 2 36259 0 24
275 36242 48 4 36307 17 65
45 36256 72 4 36379 51 123
774 36360 75 1 36454 19 94
565 36542 42 1 36584 0 42
479 36578 48 2 36632 6 54
997 36588 28 4 36660 44 72
875 36622 35 4 36695 38 73
871 36693 71 4 36766 2 73
701 36698 44 2 36810 68 112
288 36752 90 4 36900 58 148
659 36888 22 4 36922 12 34
642 36873 22 1 36944 49 71
455 36900 45 4 36989 44 89
544 36962 52 4 37041 27 79
929 36834 56 4 37097 207 263
267 37063 61 3 37158 34 95
527 36817 72 4 37230 341 413
837 37842 67 2 37909 0 67
79 37858 27 4 37936 51 78
937 37933 27 1 37963 3 30
616 37893 34 4 37997 70 104
360 38301 83 3 38384 0 83
682 38353 37 4 38421 31 68
589 38333 68 3 38489 88 156
347 38549 21 4 38570 0 21
594 38577 25 2 38602 0 25
226 38734 28 2 38762 0 28
133 38763 69 4 38832 0 69
590 38795 56 3 38888 37 93
263 38859 31 4 38919 29 60
231 39079 51 1 39130 0 51
645 39087 23 1 39153 43 66
569 39148 26 3 39179 5 31
863 39139 42 4 39221 40 82
482 39409 31 1 39440 0 31
350 39486 33 4 39519 0 33
877 39490 34 1 39553 29 63
415 39581 23 2 39604 0 23
497 39691 20 4 39711 0 20
861 39706 62 2 39773 5 67
305 39826 52 3 39878 0 52
54 39992 34 4 40026 0 34
595 40033 34 3 40067 0 34
627 40101 36 2 40137 0 36
647 40164 81 3 40245 0 81
638 40178 64 2 40309 67 131
947 40290 29 4 40338 19 48
518 40248 36 2 40374 90 126
673 40373 42 4 40416 1 43
206 40413 51 4 40467 3 54
383 40364 51 2 40518 103 154
926 40177 71 2 40589 341 412
890 40693 74 4 40767 0 74
622 40786 53 4 40839 0 53
955 40812 41 3 40880 27 68
684 40870 60 3 40940 10 70
994 40906 33 3 40973 34 67
681 40824 66 4 41039 149 215
459 41173 42 3 41215 0 42
400 41205 36 4 41251 10 46
593 41272 34 4 41306 0 34
416 41277 55 4 41361 29 84
899 41330 36 4 41397 31 67
880 41297 59 3 41456 100 159
389 41419 39 3 41495 37 76
152 41529 61 3 41590 0 61
759 41570 23 2 41613 20 43
818 41562 67 3 41680 51 118
117 41674 38 2 41718 6 44
939 41607 71 4 41789 111 182
436 41751 74 2 41863 38 112
850 41814 75 3 41938 49 124
164 41901 44 3 41982 37 81
304 41865 56 2 42038 117 173
536 42001 76 2 42114 37 113
37 42056 47 4 42161 58 105
621 42157 28 4 42189 4 32
380 42062 50 3 42239 127 177
134 42343 78 2 42421 0 78
549 42412 38 4 42459 9 47
337 42397 40 1 42499 62 102
756 42421 75 4 42574 78 153
249 42611 22 4 42633 0 22
612 42623 38 4 42671 10 48
782 42783 35 3 42818 0 35
102 42815 60 3 42878 3 63
853 42878 27 4 42905 0 27
921 43016 62 4 43078 0 62
601 43236 27 4 43263 0 27
630 43348 36 1 43384 0 36
584 43374 71 3 43455 10 81
295 43667 53 4 43720 0 53
104 43721 42 4 43763 0 42
938 43747 53 4 43816 16 69
809 43824 49 1 43873 0 49
433 43890 37 4 43927 0 37
87 43945 24 4 43969 0 24
600 44009 83 3 44092 0 83
230 44090 32 2 44124 2 34
365 44057 69 1 44193 67 136
197 44272 42 4 44314 0 42
904 44467 45 3 44512 0 45
442 44479 40 3 44552 33 73
38 44467 60 4 44612 85 145
243 44565 23 3 44635 47 70
5 44582 36 4 44671 53 89
12 44658 51 2 44722 13 64
948 44830 65 2 44895 0 65
466 44905 31 4 44936 0 31
787 44935 56 2 44992 1 57
110 44953 31 3 45023 39 70
852 45129 57 3 45186 0 57
683 45313 27 3 45340 0 27
893 45368 33 3 45401 0 33
636 45406 43 2 45449 0 43
404 45580 50 3 45630 0 50
704 45600 34 4 45664 30 64
318 45688 43 4 45731 0 43
789 45708 47 2 45778 23 70
129 45750 49 1 45827 28 77
661 45754 52 1 45879 73 125
491 45838 27 4 45906 41 68
229 45866 34 4 45940 40 74
340 45937 38 3 45978 3 41
96 45930 53 4 46031 48 101
807 45939 56 4 46087 92 148
384 46156 65 2 46221 0 65
72 46187 53 4 46274 34 87
633 46223 27 4 46301 51 78
813 46203 68 2 46369 98 166
252 46322 21 1 46390 47 68
426 46310 28 3 46418 80 108
8 46525 21 2 46546 0 21
739 46538 37 4 46583 8 45
711 46592 91 3 46683 0 91
330 46772 42 4 46814 0 42
31 46804 20 4 46834 10 30
790 46857 22 2 46879 0 22
531 46948 44 1 46992 0 44
9 47060 56 3 47116 0 56
377 47133 80 4 47213 0 80
506 47187 26 2 47239 26 52
542 47359 65 4 47424 0 65
292 47474 63 4 47537 0 63
944 47484 32 4 47569 53 85
499 47531 32 4 47601 38 70
461 47527 41 3 47642 74 115
609 47635 27 3 47669 7 34
462 47529 84 2 47753 140 224
149 47682 29 1 47782 71 100
736 47977 76 3 48053 0 76
335 48271 28 3 48299 0 28
969 48368 57 2 48425 0 57
676 48370 56 2 48481 55 111
795 48686 38 4 48724 0 38
59 48997 35 3 49032 0 35
559 49159 42 4 49201 0 42
170 49235 68 4 49303 0 68
665 49279 27 2 49330 24 51
84 49326 54 3 49384 4 58
238 49378 38 4 49422 6 44
962 49429 43 4 49472 0 43
706 49483 27 3 49510 0 27
343 49589 71 4 49660 0 71
700 49612 25 4 49685 48 73
289 49733 53 4 49786 0 53
897 50089 49 4 50138 0 49
806 50131 44 3 50182 7 51
748 50140 45 2 50227 42 87
579 50190 65 3 50292 37 102
277 50254 27 2 50319 38 65
691 50417 41 3 50458 0 41
842 50508 52 4 50560 0 52
68 50540 31 4 50591 20 51
65 50677 47 4 50724 0 47
878 50816 29 4 50845 0 29
989 50829 23 4 50868 16 39
996 51178 31 1 51209 0 31
502 51424 43 4 51467 0 43
254 51657 34 3 51691 0 34
740 51792 79 2 51871 0 79
48 51815 52 1 51923 56 108
397 51941 68 3 52009 0 68
762 51992 83 4 52092 17 100
476 52169 24 4 52193 0 24
184 52236 51 2 52287 0 51
7 52331 46 3 52377 0 46
953 52403 52 3 52455 0 52
961 52518 32 3 52550 0 32
190 52653 24 3 52677 0 24
217 52802 84 1 52886 0 84
241 52896 67 2 52963 0 67
453 52959 33 2 52996 4 37
540 53080 22 1 53102 0 22
82 53094 82 2 53184 8 90
366 53385 24 2 53409 0 24
658 53418 48 3 53466 0 48
278 53504 26 4 53530 0 26
412 53531 47 4 53578 0 47
713 53808 63 2 53871 0 63
872 54186 20 4 54206 0 20
192 54393 79 4 54472 0 79
388 54565 67 4 54632 0 67
753 54585 60 2 54692 47 107
573 54780 45 3 54825 0 45
203 55070 49 4 55119 0 49
308 55130 48 3 55178 0 48
169 55305 37 4 55342 0 37
582 55329 66 3 55408 13 79
125 55419 22 1 55441 0 22
414 55521 70 3 55591 0 70
130 55539 24 4 55615 52 76
427 55811 80 4 55891 0 80
396 55853 83 3 55974 38 121
463 56069 24 2 56093 0 24
260 56132 31 2 56163 0 31
885 56285 31 4 56316 0 31
833 56382 60 1 56442 0 60
655 56445 34 4 56479 0 34
136 56604 26 3 56630 0 26
209 56621 52 2 56682 9 61
674 56894 38 4 56932 0 38
326 57062 61 4 57123 0 61
449 57116 42 4 57165 7 49
911 57130 37 4 57202 35 72
78 57333 32 2 57365 0 32
672 57373 60 3 57433 0 60
247 57466 76 4 57542 0 76
444 57565 63 4 57628 0 63
75 57905 67 4 57972 0 67
761 58085 36 2 58121 0 36
781 58122 40 4 58162 0 40
76 58550 78 4 58628 0 78
98 58783 26 2 58809 0 26
22 58853 53 4 58906 0 53
257 58916 77 4 58993 0 77
205 58949 74 1 59067 44 118
143 59108 39 3 59147 0 39
698 59248 75 3 59323 0 75
515 59386 28 4 59414 0 28
620 59485 68 2 59553 0 68
558 59659 27 3 59686 0 27
21 59980 71 4 60051 0 71
279 59999 24 4 60075 52 76
987 59999 34 3 60109 76 110
236 60055 75 3 60184 54 129
439 60323 66 2 60389 0 66
429 60469 53 4 60522 0 53
817 60529 59 4 60588 0 59
523 60718 79 3 60797 0 79
820 60762 28 4 60825 35 63
733 60774 41 2 60866 51 92
339 60847 65 4 60931 19 84
985 60870 77 3 61008 61 138
103 60946 24 4 61032 62 86
933 61020 46 4 61078 12 58
867 61139 82 4 61221 0 82
611 61275 29 4 61304 0 29
138 61310 29 4 61339 0 29
680 61529 44 3 61573 0 44
18 61641 28 2 61669 0 28
639 61737 49 1 61786 0 49
934 61777 56 1 61842 9 65
445 61751 80 4 61922 91 171
528 62228 48 4 62276 0 48
413 62253 60 4 62336 23 83
88 62414 49 1 62463 0 49
732 62747 54 2 62801 0 54
85 62918 51 2 62969 0 51
188 62954 32 4 63001 15 47
346 62955 52 4 63053 46 98
485 63052 36 3 63089 1 37
273 63239 31 3 63270 0 31
903 63251 58 3 63328 19 77
517 63418 28 4 63446 0 28
321 63444 39 3 63485 2 41
718 63477 27 4 63512 8 35
788 63563 62 2 63625 0 62
839 63641 25 3 63666 0 25
614 63742 93 3 63835 0 93
543 63872 22 4 63894 0 22
618 64110 73 4 64183 0 73
81 64440 50 2 64490 0 50
793 64577 26 4 64603 0 26
300 64665 30 1 64695 0 30
965 64670 44 1 64739 25 69
378 64795 25 4 64820 0 25
602 64809 26 1 64846 11 37
493 64806 42 3 64888 40 82
800 64807 64 4 64952 81 145
495 64966 39 3 65005 0 39
401 64970 40 3 65045 35 75
212 65024 57 4 65102 21 78
153 65160 42 4 65202 0 42
786 65217 54 1 65271 0 54
990 65250 46 3 65317 21 67
534 65312 66 1 65383 5 71
710 65502 25 4 65527 0 25
329 65556 30 1 65586 0 30
604 65618 39 1 65657 0 39
758 65630 29 4 65686 27 56
564 65690 67 4 65757 0 67
253 65698 25 2 65782 59 84
606 65730 29 4 65811 52 81
423 66292 22 4 66314 0 22
258 66775 37 3 66812 0 37
381 66859 27 4 66886 0 27
450 66993 55 3 67048 0 55
119 67353 32 2 67385 0 32
746 67445 42 3 67487 0 42
27 67507 59 4 67566 0 59
271 67733 50 3 67783 0 50
411 67918 23 4 67941 0 23
862 68255 29 3 68284 0 29
803 68453 38 4 68491 0 38
387 68477 62 4 68553 14 76
908 68530 26 2 68579 23 49
185 68545 56 3 68635 34 90
234 68743 56 3 68799 0 56
132 68979 24 1 69003 0 24
324 68995 30 3 69033 8 38
905 69086 71 4 69157 0 71
159 69100 77 3 69234 57 134
765 69182 42 3 69276 52 94
214 69363 56 2 69419 0 56
494 69464 84 4 69548 0 84
973 69913 25 3 69938 0 25
460 69973 44 3 70017 0 44
884 69996 68 2 70085 21 89
186 70085 44 3 70129 0 44
586 70437 35 4 70472 0 35
785 70525 37 4 70562 0 37
303 70618 29 3 70647 0 29
988 70675 37 3 70712 0 37
613 71338 73 1 71411 0 73
999 71357 44 3 71455 54 98
58 71739 48 3 71787 0 48
351 71773 53 1 71840 14 67
641 72008 37 4 72045 0 37
678 72190 71 4 72261 0 71
547 72246 62 4 72323 15 77
873 72399 31 3 72430 0 31
957 72632 84 2 72716 0 84
165 72639 22 2 72738 77 99
619 72960 64 4 73024 0 64
791 73001 41 4 73065 23 64
828 73040 44 1 73109 25 69
572 73091 45 3 73154 18 63
150 73181 21 4 73202 0 21
688 73248 30 4 73278 0 30
998 73658 50 2 73708 0 50
539 73712 24 4 73736 0 24
900 74057 38 3 74095 0 38
256 74240 28 2 74268 0 28
327 74518 70 2 74588 0 70
316 74920 42 3 74962 0 42
13 74951 26 4 74988 11 37
55 75113 23 4 75136 0 23
643 75212 50 3 75262 0 50
221 75637 58 2 75695 0 58
727 75818 21 3 75839 0 21
443 75925 30 1 75955 0 30
830 76258 69 4 76327 0 69
802 76602 21 4 76623 0 21
430 77264 57 1 77321 0 57
113 77327 27 3 77354 0 27
127 77528 51 4 77579 0 51
161 77825 20 3 77845 0 20
896 78130 23 4 78153 0 23
967 78536 49 4 78585 0 49
268 78555 45 2 78630 30 75
148 78623 71 3 78701 7 78
344 78849 62 3 78911 0 62
887 78952 36 4 78988 0 36
831 79437 49 4 79486 0 49
535 79518 42 1 79560 0 42
667 79809 31 4 79840 0 31
176 80089 53 4 80142 0 53
52 80142 49 4 80191 0 49
177 80240 39 4 80279 0 39
942 80414 42 2 80456 0 42
649 80528 85 3 80613 0 85
923 81594 26 4 81620 0 26
917 81677 33 3 81710 0 33
808 81790 83 4 81873 0 83
240 82111 71 4 82182 0 71
196 82418 64 3 82482 0 64
470 82545 49 3 82594 0 49
172 82581 45 2 82639 13 58
532 82634 51 2 82690 5 56
93 82569 69 2 82759 121 190
508 82803 62 2 82865 0 62
634 83019 68 1 83087 0 68
784 83340 47 3 83387 0 47
635 83591 98 4 83689 0 98
546 83693 83 3 83776 0 83
525 83757 86 2 83862 19 105
91 84662 60 4 84722 0 60
902 84980 84 4 85064 0 84
716 85014 25 2 85089 50 75
32 85038 57 4 85146 51 108
801 85576 52 4 85628 0 52
496 85905 76 4 85981 0 76
815 86026 29 3 86055 0 29
625 86234 76 3 86310 0 76
605 86291 88 4 86398 19 107
945 86418 79 3 86497 0 79
175 86445 60 2 86557 52 112
585 87124 24 2 87148 0 24
481 87260 63 3 87323 0 63
941 87429 22 3 87451 0 22
171 89865 24 4 89889 0 24
907 90221 67 4 90288 0 67
39 90946 29 4 90975 0 29
92 90961 49 4 91024 14 63
566 91131 38 2 91169 0 38
204 91238 52 4 91290 0 52
446 93015 34 4 93049 0 34
858 94057 34 4 94091 0 34
332 94837 68 2 94905 0 68
26 95223 41 2 95264 0 41
922 95452 67 4 95519 0 67
223 96577 55 3 96632 0 55
891 97400 72 4 97472 0 72
