98352 1000 4082 4008
49 140 75 3 215 0 75
537 205 86 3 301 10 96
458 305 74 4 379 0 74
82 404 65 4 469 0 65
377 397 89 3 551 65 154
9 583 84 1 667 0 84
552 709 87 2 796 0 87
256 455 90 3 812 267 357
439 860 49 3 909 0 49
115 848 71 2 968 49 120
661 935 79 4 1058 44 123
931 1036 79 4 1126 11 90
870 1237 69 1 1306 0 69
389 1331 63 3 1394 0 63
620 1308 68 3 1439 63 131
719 1383 76 3 1515 56 132
130 1579 59 2 1638 0 59
946 1654 58 3 1712 0 58
837 1547 68 4 1732 117 185
855 1682 70 2 1802 50 120
118 1612 74 2 1876 190 264
196 1626 80 4 1956 250 330
266 996 83 4 1976 897 980
528 1061 83 4 1977 833 916
327 1980 73 3 2053 0 73
830 2086 44 2 2130 0 44
577 2150 72 3 2222 0 72
715 1078 86 4 2252 1088 1174
17 1104 86 3 2338 1148 1234
525 897 86 2 2424 1441 1527
791 2513 44 4 2557 0 44
444 2608 50 3 2658 0 50
752 2526 64 3 2671 81 145
240 2673 42 2 2715 0 42
945 2712 49 1 2764 3 52
275 2779 44 4 2823 0 44
988 2677 63 3 2871 131 194
355 2892 66 2 2958 0 66
529 2534 72 2 3007 401 473
690 2557 75 3 3082 450 525
629 3090 67 1 3157 0 67
5 3187 60 3 3247 0 60
401 3260 54 3 3314 0 54
428 2878 77 4 3340 385 462
720 3371 67 4 3438 0 67
636 3538 27 4 3565 0 27
477 3550 65 4 3630 15 80
623 3651 61 4 3712 0 61
591 3512 78 3 3743 153 231
136 3463 78 2 3772 231 309
809 2504 84 2 3791 1203 1287
153 2726 86 3 3877 1065 1151
650 1179 87 4 3971 2705 2792
592 2237 87 4 3971 1647 1734
841 2060 89 3 4060 1911 2000
854 4193 35 4 4228 0 35
774 4192 70 4 4297 35 105
438 4216 80 2 4377 81 161
290 4134 84 4 4403 185 269
354 4256 90 4 4493 147 237
89 4500 62 4 4562 0 62
263 4593 58 4 4651 0 58
500 4560 70 4 4690 60 130
6 4567 75 3 4765 123 198
183 4510 81 3 4846 255 336
184 4854 56 4 4910 0 56
773 4848 66 4 4970 56 122
116 5031 47 3 5078 0 47
11 4941 75 3 5092 76 151
73 5115 35 4 5150 0 35
768 5142 41 1 5191 8 49
407 5155 82 3 5273 36 118
956 5308 24 2 5332 0 24
679 5279 77 2 5380 24 101
904 5464 42 1 5506 0 42
3 5449 47 3 5538 42 89
366 5400 65 4 5554 89 154
412 5438 65 2 5619 116 181
947 5293 78 4 5677 306 384
668 5348 80 4 5757 329 409
705 5882 25 4 5907 0 25
544 5854 67 4 5946 25 92
582 5846 67 2 6005 92 159
708 5971 71 3 6076 34 105
249 6098 63 4 6161 0 63
799 6192 72 4 6279 15 87
586 6249 72 4 6336 15 87
496 5869 81 1 6364 414 495
374 5775 85 2 6378 518 603
996 4529 87 4 6416 1800 1887
67 6523 57 3 6580 0 57
440 6543 64 3 6644 37 101
173 6490 74 3 6685 121 195
385 6702 45 4 6747 0 45
317 6765 47 3 6812 0 47
950 6702 55 4 6849 92 147
788 6758 67 2 6916 91 158
632 6666 76 4 6975 233 309
697 7058 55 2 7113 0 55
710 7106 75 2 7188 7 82
178 7260 63 4 7323 0 63
765 7304 69 3 7392 19 88
478 7095 80 2 7400 225 305
166 6714 83 4 7400 603 686
804 7504 72 2 7576 0 72
609 7451 77 4 7600 72 149
807 7463 82 4 7682 137 219
475 7724 44 4 7768 0 44
437 7762 55 3 7823 6 61
344 7784 59 2 7882 39 98
973 7885 30 4 7915 0 30
129 7812 69 4 7981 100 169
465 7932 75 3 8056 49 124
457 8074 59 3 8133 0 59
87 8059 72 3 8190 59 131
899 8208 63 3 8271 0 63
662 8376 43 4 8419 0 43
746 8316 71 4 8430 43 114
521 8433 52 3 8485 0 52
70 8337 79 1 8561 145 224
584 8167 82 1 8580 331 413
211 6914 84 3 8652 1654 1738
247 6602 84 3 8652 1966 2050
851 8686 68 2 8754 0 68
205 8745 72 2 8826 9 81
596 8709 77 4 8903 117 194
215 8980 40 2 9020 0 40
924 7270 85 3 9079 1724 1809
709 6698 85 3 9079 2296 2381
189 6743 86 4 9165 2336 2422
448 9166 54 4 9220 0 54
384 9237 57 4 9294 0 57
285 9313 44 4 9357 0 44
604 9262 72 3 9429 95 167
236 9391 72 3 9482 19 91
822 9498 65 3 9563 0 65
274 7619 86 3 9615 1910 1996
659 9222 86 1 9701 393 479
737 9746 78 4 9824 0 78
133 7953 87 3 9866 1826 1913
432 9989 49 3 10038 0 49
665 9934 73 3 10056 49 122
568 9876 76 3 10074 122 198
117 10125 68 2 10193 0 68
35 10232 60 4 10292 0 60
815 10247 60 1 10352 45 105
226 10086 82 2 10356 188 270
781 10433 84 4 10517 0 84
874 5104 88 4 10521 5329 5417
310 9643 88 4 10593 862 950
509 5256 88 4 10608 5264 5352
701 10672 86 2 10758 0 86
252 10835 82 4 10917 0 82
939 10215 88 3 10952 649 737
113 8640 88 3 10952 2224 2312
486 11024 88 1 11112 0 88
866 10277 89 4 11129 763 852
135 11252 48 2 11300 0 48
343 11203 62 3 11313 48 110
578 11358 24 1 11382 0 24
483 11185 74 3 11393 134 208
255 11504 42 3 11546 0 42
744 11500 76 4 11618 42 118
775 11456 80 1 11654 118 198
258 11207 81 4 11672 384 465
4 11758 32 4 11790 0 32
413 11784 45 2 11835 6 51
742 10926 89 3 11960 945 1034
621 5952 89 3 11960 5919 6008
761 9071 89 3 11960 2800 2889
847 11981 85 3 12066 0 85
818 12228 69 1 12297 0 69
523 12304 68 4 12372 0 68
941 12161 78 3 12376 137 215
434 9114 89 2 12438 3235 3324
446 7917 89 2 12438 4432 4521
90 12468 60 1 12528 0 60
860 12485 61 2 12589 43 104
994 6190 89 2 12648 6369 6458
937 12835 65 1 12900 0 65
337 12760 77 2 12902 65 142
406 12958 38 4 12996 0 38
812 13009 73 3 13082 0 73
743 12878 88 4 13101 135 223
728 13126 88 4 13214 0 88
75 12364 90 4 13257 803 893
311 5185 90 4 13257 7982 8072
180 13306 42 2 13348 0 42
891 5118 90 4 13389 8181 8271
504 13469 79 4 13548 0 79
716 9052 90 3 13558 4416 4506
688 2367 90 2 13657 11200 11290
918 13692 80 4 13772 0 80
684 13803 63 1 13866 0 63
510 13845 84 2 13950 21 105
514 9930 90 2 13964 3944 4034
92 2310 90 2 13974 11574 11664
961 14309 26 2 14335 0 26
261 14223 87 2 14336 26 113
246 14152 88 4 14353 113 201
793 14369 82 3 14451 0 82
957 14501 39 4 14540 0 39
466 14501 60 4 14600 39 99
342 14300 89 4 14623 234 323
420 14856 56 4 14912 0 56
693 14819 71 3 14946 56 127
657 14932 71 1 15017 14 85
694 14899 76 3 15093 118 194
669 14743 83 4 15100 274 357
527 6131 91 3 15100 8878 8969
814 9746 91 3 15101 5264 5355
700 13914 91 3 15101 1096 1187
210 15214 27 4 15241 0 27
403 15232 35 4 15276 9 44
876 15316 40 3 15356 0 40
214 15338 61 2 15417 18 79
383 15203 65 1 15431 163 228
191 14641 91 3 15459 727 818
903 15554 41 4 15595 0 41
66 15500 69 3 15610 41 110
507 15479 90 4 15679 110 200
842 15692 47 1 15739 0 47
864 15750 82 1 15832 0 82
162 5060 91 3 15840 10689 10780
167 15951 76 2 16027 0 76
910 16028 53 3 16081 0 53
410 16082 65 4 16147 0 65
831 15934 89 2 16217 194 283
497 7902 91 3 16253 8260 8351
627 4889 91 3 16279 11299 11390
204 16281 52 2 16333 0 52
199 16298 78 4 16411 35 113
341 16345 91 4 16502 66 157
968 16525 48 3 16573 0 48
456 16645 71 3 16716 0 71
124 16748 59 4 16807 0 59
617 16812 47 2 16859 0 47
863 16877 74 2 16951 0 74
147 16935 76 3 17027 16 92
408 17036 45 4 17081 0 45
667 17058 84 3 17208 66 150
676 17210 80 4 17290 0 80
150 17122 84 3 17329 123 207
868 16788 88 4 17385 509 597
734 16690 89 4 17442 663 752
484 17457 38 4 17495 0 38
423 17465 58 2 17553 30 88
404 17558 27 2 17585 0 27
314 17490 61 3 17641 90 151
109 17682 32 1 17714 0 32
169 17545 74 4 17747 128 202
756 17610 88 4 17835 137 225
770 17945 65 4 18010 0 65
333 17884 72 4 18021 65 137
402 17846 84 3 18067 137 221
76 18103 41 2 18144 0 41
558 6818 91 1 18166 11257 11348
601 13784 91 1 18167 4292 4383
753 18215 60 3 18275 0 60
159 18313 60 3 18373 0 60
666 18523 62 3 18585 0 62
18 18466 75 4 18603 62 137
393 18493 85 4 18688 110 195
539 18406 87 3 18715 222 309
144 14254 92 4 18780 4434 4526
358 17232 92 4 18780 1456 1548
208 18848 82 3 18930 0 82
494 18939 68 4 19007 0 68
977 18945 80 3 19087 62 142
817 18943 85 3 19172 144 229
194 18827 88 3 19230 315 403
892 19343 40 2 19383 0 40
418 19329 73 4 19442 40 113
986 19470 60 4 19530 0 60
323 19571 53 3 19624 0 53
976 19478 72 4 19655 105 177
900 19306 74 3 19678 298 372
48 19680 64 4 19744 0 64
923 19771 68 4 19839 0 68
271 19728 78 3 19890 84 162
88 19975 32 4 20007 0 32
283 19919 59 1 20010 32 91
382 19924 63 4 20073 86 149
371 19932 68 4 20141 141 209
425 19256 81 2 20141 804 885
332 19559 84 4 20225 582 666
884 20358 39 3 20397 0 39
663 20360 51 4 20448 37 88
618 20353 88 3 20531 90 178
22 19480 89 3 20581 1012 1101
322 20113 89 3 20581 379 468
505 20618 44 4 20662 0 44
13 20643 81 2 20743 19 100
777 20782 35 4 20817 0 35
360 20760 45 1 20840 35 80
867 20832 71 4 20911 8 79
516 20667 86 3 20980 227 313
858 21004 86 1 21090 0 86
878 19227 90 4 21093 1776 1866
232 21117 69 1 21186 0 69
997 21223 43 4 21266 0 43
875 21221 78 4 21342 43 121
579 21383 64 3 21447 0 64
561 21113 82 2 21449 254 336
551 21577 54 3 21631 0 54
739 21497 86 1 21637 54 140
736 21654 58 4 21712 0 58
993 21689 84 4 21796 23 107
100 21811 22 3 21833 0 22
213 21836 34 4 21870 0 34
506 21614 87 3 21922 221 308
640 19000 90 3 21944 2854 2944
137 22000 31 3 22031 0 31
491 22049 40 4 22089 0 40
980 22085 43 4 22132 4 47
443 22024 80 3 22194 90 170
145 22251 65 3 22316 0 65
908 22225 66 4 22356 65 131
678 22251 83 2 22439 105 188
556 22515 50 4 22565 0 50
522 22594 62 2 22656 0 62
560 22491 68 3 22671 112 180
45 22567 70 1 22741 104 174
597 22842 30 4 22872 0 30
732 22791 61 2 22882 30 91
898 22732 74 3 22906 100 174
158 22980 45 3 23025 0 45
29 22996 49 3 23074 29 78
826 23197 60 4 23257 0 60
442 23138 66 4 23264 60 126
237 22990 74 4 23274 210 284
223 22623 75 3 23275 577 652
600 23303 30 4 23333 0 30
433 23189 78 4 23383 116 194
36 23429 80 3 23509 0 80
545 23341 81 3 23544 122 203
581 23589 67 3 23656 0 67
451 23391 82 4 23693 220 302
606 23702 59 4 23761 0 59
813 21990 85 4 23806 1731 1816
131 23862 72 1 23934 0 72
481 22231 85 4 23960 1644 1729
176 23524 85 4 23986 377 462
958 24036 70 3 24106 0 70
188 24155 81 4 24236 0 81
565 24262 79 4 24341 0 79
111 22281 86 4 24440 2073 2159
289 22672 86 4 24440 1682 1768
727 24515 47 4 24562 0 47
979 24471 69 4 24587 47 116
911 24454 71 4 24641 116 187
63 23438 86 4 24661 1137 1223
696 24029 87 2 24748 632 719
207 23663 88 4 24836 1085 1173
922 24855 35 2 24890 0 35
967 24905 54 1 24959 0 54
165 24396 89 1 25014 529 618
646 25030 56 4 25086 0 56
291 25142 50 4 25192 0 50
832 25154 59 4 25251 38 97
378 25109 71 1 25289 109 180
607 22863 90 4 25340 2387 2477
712 23953 91 2 25431 1387 1478
380 23063 92 4 25523 2368 2460
301 25573 50 3 25623 0 50
148 25630 91 4 25721 0 91
7 25732 70 4 25802 0 70
816 16374 92 3 25894 9428 9520
838 15835 92 3 25895 9968 10060
8 25936 76 3 26012 0 76
381 25995 80 4 26092 17 97
152 26152 33 4 26185 0 33
55 26133 65 2 26231 33 98
24 26034 91 4 26281 156 247
895 23864 92 3 26331 2375 2467
396 25779 92 3 26354 483 575
132 26432 47 4 26479 0 47
707 26474 83 2 26562 5 88
455 26487 89 4 26651 75 164
588 26816 68 3 26884 0 68
951 26752 71 2 26891 68 139
107 26931 78 2 27009 0 78
254 27016 51 3 27067 0 51
257 27065 68 2 27135 2 70
810 27054 75 2 27210 81 156
819 26805 80 4 27243 358 438
772 27295 76 1 27371 0 76
278 27373 68 3 27441 0 68
634 27035 82 4 27469 352 434
590 22992 92 2 27474 4390 4482
394 5089 92 2 27474 22293 22385
975 27542 61 1 27603 0 61
123 27585 88 4 27691 18 106
644 27724 50 4 27774 0 50
110 27802 72 3 27874 0 72
31 27893 29 3 27922 0 29
265 27930 76 4 28006 0 76
827 27715 76 2 28018 227 303
647 27975 82 2 28100 43 125
859 28127 72 2 28199 0 72
347 28157 73 3 28272 42 115
369 28181 82 2 28354 91 173
498 28406 60 4 28466 0 60
495 28366 83 4 28509 60 143
397 27771 89 3 28559 699 788
872 27887 92 4 28651 672 764
912 28843 33 4 28876 0 33
671 28786 62 4 28881 33 95
820 28894 47 3 28941 0 47
14 11403 93 4 28980 17484 17577
469 20580 93 4 28980 8307 8400
531 19221 93 4 28980 9666 9759
648 29067 88 1 29155 0 88
518 29275 62 4 29337 0 62
126 29228 70 3 29360 62 132
101 6357 93 4 29386 22936 23029
624 18341 93 4 29386 10952 11045
143 29454 62 1 29516 0 62
340 29569 67 2 29636 0 67
297 29646 62 3 29708 0 62
532 29774 53 4 29827 0 53
112 29711 75 4 29839 53 128
79 29572 80 2 29906 254 334
672 29439 89 3 29948 420 509
645 29986 35 3 30021 0 35
526 29856 89 3 30051 106 195
414 30105 71 4 30176 0 71
238 29915 91 3 30213 207 298
615 30439 54 4 30493 0 54
69 30377 82 4 30513 54 136
203 30362 86 2 30584 136 222
242 30594 48 3 30642 0 48
488 30841 39 3 30880 0 39
320 30802 47 1 30888 39 86
206 30759 67 2 30912 86 153
359 30898 79 3 30991 14 93
574 30997 45 2 31042 0 45
292 31092 51 3 31143 0 51
480 30763 82 3 31169 324 406
391 31007 83 4 31252 162 245
264 30744 86 4 31323 493 579
227 16090 93 3 31344 15161 15254
26 18074 93 3 31344 13177 13270
735 23618 93 3 31364 7653 7746
896 29610 93 3 31381 1678 1771
653 31422 51 3 31473 0 51
880 31404 93 4 31548 51 144
47 31681 27 2 31708 0 27
10 31685 43 2 31751 23 66
802 31668 65 3 31803 70 135
745 31849 40 1 31889 0 40
972 31837 67 4 31944 40 107
106 31995 49 4 32044 0 49
741 31980 67 4 32096 49 116
350 32161 43 4 32204 0 43
399 32195 55 4 32259 9 64
154 32014 73 2 32267 180 253
450 32206 81 2 32348 61 142
91 31874 93 4 32405 438 531
885 3380 93 2 32414 28941 29034
571 30871 93 2 32414 1450 1543
824 32540 59 3 32599 0 59
114 32490 72 2 32621 59 131
564 32669 46 4 32715 0 46
865 32693 60 4 32775 22 82
201 32469 74 1 32780 237 311
538 32835 68 2 32903 0 68
409 32700 75 2 32923 148 223
127 32893 78 4 33001 30 108
61 33073 50 4 33123 0 50
284 32534 79 3 33130 517 596
595 33160 59 3 33219 0 59
543 33268 79 1 33347 0 79
221 33293 80 2 33427 54 134
305 32793 86 3 33441 562 648
192 33521 61 2 33582 0 61
989 33582 65 2 33647 0 65
611 33494 80 4 33700 126 206
160 33304 86 3 33726 336 422
829 32987 87 3 33813 739 826
471 33887 55 4 33942 0 55
216 33678 88 4 33956 190 278
345 34009 69 3 34078 0 69
825 32624 89 4 34114 1401 1490
499 25672 93 1 34245 8480 8573
122 18523 93 1 34245 15629 15722
315 34365 66 3 34431 0 66
524 34469 54 3 34523 0 54
102 34455 70 4 34579 54 124
794 34580 41 3 34621 0 41
202 34319 81 4 34631 231 312
319 34334 83 1 34714 297 380
633 34731 80 4 34811 0 80
222 34606 93 3 34887 188 281
749 34927 92 3 35019 0 92
229 34363 93 2 35072 616 709
33 35082 81 4 35163 0 81
51 35292 90 1 35382 0 90
789 35602 37 3 35639 0 37
1 17357 94 4 35676 18225 18319
550 10179 94 4 35676 25403 25497
795 14134 94 4 35676 21448 21542
231 26934 94 4 35676 8648 8742
260 32647 94 4 35676 2935 3029
792 35858 33 3 35891 0 33
800 35920 46 4 35966 0 46
689 25962 94 4 36037 9981 10075
803 24159 94 4 36037 11784 11878
782 32579 94 4 36037 3364 3458
43 36102 89 3 36191 0 89
177 19924 94 4 36220 16202 16296
53 36230 36 4 36266 0 36
877 36248 67 2 36333 18 85
769 36377 57 1 36434 0 57
942 36315 74 3 36464 75 149
610 36351 80 2 36544 113 193
277 36678 37 4 36715 0 37
398 36632 54 4 36723 37 91
503 36753 59 4 36812 0 59
766 36898 28 1 36926 0 28
119 36866 62 4 36956 28 90
460 36944 78 4 37034 12 90
557 37040 53 4 37093 0 53
935 37111 79 4 37190 0 79
348 37222 51 2 37273 0 51
21 36844 81 4 37276 351 432
368 30873 94 3 37398 6431 6525
965 21590 94 3 37398 15714 15808
575 6703 94 3 37398 30601 30695
599 37457 63 4 37520 0 63
724 37510 75 4 37595 10 85
932 37619 41 4 37660 0 41
77 37494 79 4 37715 142 221
431 37742 77 1 37819 0 77
751 37579 81 4 37873 213 294
540 37855 91 4 37964 18 109
587 37774 93 1 38057 190 283
198 38116 79 3 38195 0 79
81 38304 25 2 38329 0 25
151 38312 58 4 38387 17 75
862 38235 83 4 38401 83 166
95 38432 64 4 38496 0 64
335 38118 85 3 38510 307 392
680 38573 60 4 38633 0 60
670 38416 93 4 38663 154 247
682 38732 80 3 38812 0 80
687 38712 91 2 38883 80 171
916 590 94 2 38949 38265 38359
372 16859 94 2 39056 22103 22197
426 27400 94 2 39056 11562 11656
953 30533 94 2 39056 8429 8523
276 39220 55 4 39275 0 55
58 20760 94 2 39393 18539 18633
103 21096 94 2 39393 18203 18297
771 19745 94 2 39393 19554 19648
779 9159 94 2 39487 30234 30328
619 39561 61 3 39622 0 61
750 39498 89 1 39648 61 150
280 39907 53 3 39960 0 53
156 39929 75 3 40035 31 106
262 40112 44 4 40156 0 44
353 40075 79 4 40198 44 123
517 39873 81 4 40205 251 332
959 39804 84 2 40220 332 416
108 40316 64 4 40380 0 64
559 40451 60 2 40511 0 60
713 40556 78 4 40634 0 78
605 40649 57 3 40706 0 57
888 40467 87 3 40733 179 266
309 40797 83 3 40880 0 83
630 4361 95 4 41005 36549 36644
871 8207 95 4 41005 32703 32798
652 33641 95 4 41005 7269 7364
651 36975 95 4 41006 3936 4031
121 40211 95 4 41101 795 890
268 41165 54 3 41219 0 54
233 41185 80 1 41299 34 114
346 9286 95 4 41376 31995 32090
664 30787 95 4 41376 10494 10589
747 25802 95 4 41376 15479 15574
721 41468 43 4 41511 0 43
461 41429 59 4 41531 43 102
462 41539 76 4 41615 0 76
755 41552 80 1 41695 63 143
553 41655 84 2 41779 40 124
429 41799 49 2 41848 0 49
686 41856 30 4 41886 0 30
681 41807 54 3 41932 71 125
949 41928 70 4 42002 4 74
86 42005 67 3 42072 0 67
730 41972 82 3 42151 97 179
883 41450 89 4 42212 673 762
873 42251 89 4 42340 0 89
300 42022 89 1 42390 279 368
190 42017 94 4 42484 373 467
187 42564 50 1 42614 0 50
992 20933 95 4 42780 21752 21847
760 773 95 4 42780 41912 42007
685 19774 95 4 42780 22911 23006
969 21173 95 4 42942 21674 21769
331 10517 95 4 42956 32344 32439
901 42958 63 3 43021 0 63
925 43072 45 4 43117 0 45
840 43095 56 4 43173 22 78
762 43187 91 4 43278 0 91
563 12736 95 3 43306 30475 30570
436 33073 95 1 43401 10233 10328
27 43409 93 4 43502 0 93
259 43761 67 1 43828 0 67
699 43814 74 2 43902 14 88
603 43757 89 4 43987 141 230
161 44066 90 4 44156 0 90
59 44107 92 2 44248 49 141
635 24370 96 4 44290 19824 19920
20 11972 96 4 44290 32222 32318
882 3423 96 4 44290 40771 40867
325 43061 96 4 44290 1133 1229
642 44312 22 4 44334 0 22
934 44501 29 4 44530 0 29
482 44598 87 3 44685 0 87
805 33688 96 3 44716 10932 11028
492 40937 96 3 44716 3683 3779
386 10032 96 3 44716 34588 34684
985 44733 54 4 44787 0 54
193 44939 90 2 45029 0 90
473 44860 91 4 45041 90 181
288 45258 69 4 45327 0 69
179 45181 96 4 45346 69 165
138 45435 77 4 45512 0 77
93 45550 70 4 45620 0 70
776 17412 96 2 45680 28172 28268
767 23488 96 2 45680 22096 22192
370 11256 96 2 45680 34328 34424
703 9135 96 2 45680 36449 36545
758 45697 77 4 45774 0 77
853 12510 96 2 45820 33214 33310
140 45950 83 3 46033 0 83
954 46072 42 3 46114 0 42
614 46041 78 3 46161 42 120
74 46163 66 2 46229 0 66
778 46198 73 4 46302 31 104
357 46336 70 3 46406 0 70
940 46086 90 1 46514 338 428
711 46372 90 1 46550 88 178
534 46574 62 4 46636 0 62
56 46455 96 2 46708 157 253
182 11438 96 1 46762 35228 35324
52 20520 96 1 46762 26146 26242
30 46821 85 4 46906 0 85
321 47075 72 3 47147 0 72
533 47015 76 3 47163 72 148
726 47191 42 3 47233 0 42
97 47259 75 4 47334 0 75
302 47328 80 4 47414 6 86
44 47433 74 3 47507 0 74
19 47407 86 2 47574 81 167
464 47487 89 1 47663 87 176
16 47773 57 2 47830 0 57
104 47879 53 4 47932 0 53
250 47876 64 2 47993 53 117
419 47773 68 1 48015 174 242
628 47726 69 1 48037 242 311
608 47847 75 1 48112 190 265
913 47955 89 1 48201 157 246
245 48204 51 3 48255 0 51
134 47499 91 3 48280 690 781
163 47065 94 3 48320 1161 1255
501 48378 69 4 48447 0 69
467 47238 96 4 48485 1151 1247
417 48508 92 3 48600 0 92
72 48860 79 4 48939 0 79
593 48909 84 3 49023 30 114
32 49051 90 4 49141 0 90
234 42611 97 4 49155 6447 6544
675 12830 97 4 49155 36228 36325
326 35725 97 4 49155 13333 13430
546 45114 97 4 49155 3944 4041
50 18458 97 4 49155 30600 30697
944 49227 59 2 49286 0 59
970 49250 69 4 49355 36 105
468 49372 63 4 49435 0 63
186 49371 77 4 49511 63 140
836 49541 83 1 49624 0 83
702 49242 85 3 49663 336 421
422 49705 75 4 49780 0 75
921 49354 91 4 49829 384 475
387 49885 55 3 49940 0 55
307 49849 64 4 49968 55 119
364 49872 78 2 50046 96 174
808 50060 57 4 50117 0 57
906 49844 82 4 50180 254 336
15 49989 87 4 50267 191 278
98 50316 51 2 50367 0 51
798 50374 31 4 50405 0 31
570 16123 97 4 50448 34228 34325
861 18546 97 4 50448 31805 31902
801 50540 66 4 50606 0 66
295 50497 91 2 50654 66 157
638 50537 92 4 50746 117 209
181 50793 70 4 50863 0 70
998 50874 44 1 50918 0 44
641 50485 95 2 50943 363 458
890 50974 47 1 51021 0 47
463 51026 60 2 51086 0 60
926 51090 52 1 51142 0 52
294 51060 72 4 51210 78 150
170 50978 77 2 51282 227 304
28 51076 82 3 51364 206 288
34 51427 55 3 51482 0 55
846 51480 59 2 51541 2 61
536 51608 81 4 51689 0 81
583 51538 83 2 51705 84 167
38 51271 92 3 51734 371 463
365 51757 71 3 51828 0 71
562 51856 87 1 51943 0 87
96 52021 72 3 52093 0 72
983 51961 89 4 52122 72 161
80 51013 93 3 52146 1040 1133
329 26137 97 3 52270 26036 26133
421 41485 97 3 52274 10692 10789
453 25128 97 3 52464 27239 27336
833 45283 97 3 52466 7086 7183
328 17699 97 2 52660 34864 34961
572 22164 97 2 52660 30399 30496
698 52706 87 3 52793 0 87
209 39709 97 2 52941 13135 13232
649 595 97 2 52941 52249 52346
893 52967 79 4 53046 0 79
905 53084 35 2 53119 0 35
219 53105 64 4 53183 14 78
955 53219 71 4 53290 0 71
351 53361 62 2 53423 0 62
37 53233 75 2 53427 119 194
395 53011 88 4 53441 342 430
230 53077 93 4 53534 364 457
655 52984 94 3 53628 550 644
889 53660 91 4 53751 0 91
200 53845 64 1 53909 0 64
445 53819 80 4 53963 64 144
598 53939 85 1 54048 24 109
966 54119 78 4 54197 0 78
94 53985 93 3 54219 141 234
844 16887 97 1 54287 37303 37400
352 37328 97 1 54287 16862 16959
984 54383 54 4 54437 0 54
625 42052 97 1 54438 12289 12386
704 54468 95 4 54563 0 95
821 54695 79 3 54774 0 79
907 54846 33 4 54879 0 33
293 54856 80 4 54959 23 103
849 54868 84 4 55043 91 175
25 55124 80 2 55204 0 80
535 54867 86 2 55209 256 342
881 55222 67 1 55289 0 67
963 54792 88 4 55310 430 518
392 54636 91 3 55324 597 688
613 55358 40 4 55398 0 40
917 55458 69 2 55527 0 69
887 55353 71 1 55533 109 180
430 55559 55 2 55614 0 55
376 55703 76 3 55779 0 76
897 14376 98 4 55880 41406 41504
784 34703 98 4 55880 21079 21177
512 33554 98 4 55880 22228 22326
447 55512 98 4 55968 358 456
759 21624 98 4 56076 34354 34452
312 56145 44 4 56189 0 44
424 42291 98 4 56208 13819 13917
313 56269 91 2 56360 0 91
282 6255 98 4 56407 50054 50152
879 38010 98 4 56495 18387 18485
930 3181 98 4 56549 53270 53368
936 56596 97 1 56693 0 97
573 56780 27 4 56807 0 27
390 56831 97 3 56928 0 97
852 57011 30 4 57041 0 30
125 57054 97 4 57151 0 97
616 57400 47 4 57447 0 47
174 57357 52 3 57456 47 99
172 57533 50 4 57583 0 50
435 55966 98 3 57634 1570 1668
441 26371 98 3 57634 31165 31263
349 22964 98 3 57634 34572 34670
459 14017 98 3 57634 43519 43617
42 17894 98 3 57634 39642 39740
12 1403 98 3 57634 56133 56231
149 57644 57 4 57701 0 57
691 57694 88 4 57789 7 95
785 57816 92 4 57908 0 92
589 58018 55 2 58073 0 55
643 58039 87 3 58160 34 121
835 58023 90 4 58250 137 227
722 29153 98 3 58299 29048 29146
239 17573 98 3 58299 40628 40726
631 25981 98 2 58397 32318 32416
267 58488 53 4 58541 0 53
549 58519 76 1 58617 22 98
336 58537 78 3 58695 80 158
508 40293 98 1 58702 18311 18409
470 58991 44 4 59035 0 44
519 58934 98 3 59076 44 142
388 59182 92 3 59274 0 92
39 59322 92 2 59414 0 92
542 15546 99 4 59425 43780 43879
948 59444 54 4 59498 0 54
85 59526 47 3 59573 0 47
902 59602 88 4 59690 0 88
547 4754 99 4 59730 54877 54976
185 10632 99 4 59745 49014 49113
427 59817 62 3 59879 0 62
41 59770 80 3 59912 62 142
843 45272 99 4 59952 14581 14680
269 46785 99 4 60073 13189 13288
639 269 99 4 60089 59721 59820
248 10161 99 4 60232 49972 50071
914 50132 99 4 60254 10023 10122
296 6641 99 4 60329 53589 53688
585 21800 99 4 60363 38464 38563
228 19905 99 4 60426 40422 40521
298 60531 26 4 60557 0 26
738 60529 31 3 60586 26 57
99 60553 53 3 60639 33 86
511 60628 77 4 60716 11 88
60 60988 41 3 61029 0 41
338 61058 75 4 61133 0 75
487 26907 99 3 61223 34217 34316
318 29480 99 3 61224 31645 31744
683 24213 99 3 61225 36913 37012
856 7457 99 3 61320 53764 53863
449 26652 99 3 61327 34576 34675
105 61419 53 4 61472 0 53
569 1527 99 3 61494 59868 59967
139 766 99 3 61574 60709 60808
520 8121 99 3 61574 53354 53453
308 62033 59 4 62092 0 59
515 61992 89 4 62140 59 148
763 8428 99 2 62217 53690 53789
962 29744 99 2 62217 32374 32473
692 24776 99 2 62217 37342 37441
217 4687 99 2 62217 57431 57530
489 48885 99 2 62217 13233 13332
823 41344 99 1 62415 20972 21071
171 35776 99 1 62415 26540 26639
978 62443 34 3 62477 0 34
806 62478 51 3 62529 0 51
654 62457 68 3 62596 71 139
472 62682 84 4 62766 0 84
270 62597 94 4 62775 84 178
706 17707 100 4 62846 45039 45139
218 63048 50 4 63098 0 50
243 63019 51 3 63120 50 101
253 63068 83 4 63203 52 135
677 63317 42 3 63359 0 42
783 63238 84 4 63364 42 126
971 63463 75 3 63538 0 75
71 63600 78 4 63678 0 78
330 63631 81 4 63759 47 128
225 13085 100 3 63856 50671 50771
411 3281 100 3 63910 60529 60629
995 63986 57 4 64043 0 57
729 63945 71 4 64073 57 128
490 64106 63 4 64169 0 63
919 63926 71 3 64188 191 262
915 64121 78 1 64266 67 145
982 64057 97 2 64363 209 306
251 205 100 3 64385 64080 64180
786 44153 100 3 64472 20219 20319
279 3077 100 3 64474 61297 61397
974 6206 100 3 64485 58179 58279
1000 64519 60 4 64579 0 60
567 64587 48 3 64635 0 48
566 64505 87 3 64700 108 195
555 64161 100 3 64722 461 561
141 64954 80 2 65034 0 80
40 64908 85 2 65073 80 165
999 277 100 1 65087 64710 64810
714 12013 100 1 65087 52974 53074
241 65428 39 4 65467 0 39
594 65668 60 2 65728 0 60
235 65736 64 4 65800 0 64
304 65680 69 4 65861 112 181
723 65802 73 1 65934 59 132
612 65652 87 2 66005 266 353
839 66057 78 4 66135 0 78
733 66165 28 3 66193 0 28
658 66164 28 1 66220 28 56
485 66177 68 3 66288 43 111
212 66196 79 4 66367 92 171
195 66006 82 4 66369 281 363
981 65906 89 4 66457 462 551
637 66107 92 2 66549 350 442
952 66596 91 4 66687 0 91
869 66836 95 4 66931 0 95
361 67022 86 1 67108 0 86
224 67497 47 2 67544 0 47
306 68035 79 2 68114 0 79
416 68210 35 4 68245 0 35
828 68485 97 1 68582 0 97
502 68646 68 2 68714 0 68
674 68607 75 1 68750 68 143
580 69124 64 4 69188 0 64
530 69490 60 4 69550 0 60
927 69455 63 2 69578 60 123
339 69501 96 1 69674 77 173
886 69764 69 1 69833 0 69
324 69846 75 4 69921 0 75
796 69970 52 2 70022 0 52
695 69831 90 3 70050 129 219
548 69798 94 4 70144 252 346
928 70355 84 3 70439 0 84
797 70372 86 3 70525 67 153
157 70542 99 4 70641 0 99
78 70757 41 4 70798 0 41
493 70737 98 2 70876 41 139
65 71127 64 3 71191 0 64
987 71307 59 4 71366 0 59
479 71441 79 3 71520 0 79
541 71382 91 4 71552 79 170
287 71782 46 4 71828 0 46
120 72294 85 3 72379 0 85
452 72411 70 3 72481 0 70
272 72278 97 3 72530 155 252
938 72593 58 4 72651 0 58
845 72741 89 4 72830 0 89
790 72957 94 3 73051 0 94
356 73384 37 4 73421 0 37
857 73415 52 2 73473 6 58
920 73650 90 2 73740 0 90
303 73750 56 2 73806 0 56
513 73864 98 4 73962 0 98
2 73996 39 2 74035 0 39
850 74458 92 2 74550 0 92
83 74634 99 3 74733 0 99
725 74742 80 4 74822 0 80
660 75105 97 3 75202 0 97
787 75280 75 3 75355 0 75
146 75427 48 3 75475 0 48
316 75518 79 3 75597 0 79
281 75966 67 4 76033 0 67
286 76210 66 3 76276 0 66
379 76136 84 4 76286 66 150
964 76070 90 2 76310 150 240
929 75945 92 3 76344 307 399
244 76138 97 4 76441 206 303
454 76455 85 3 76540 0 85
622 76718 87 2 76805 0 87
164 76835 88 3 76923 0 88
375 76930 67 4 76997 0 67
168 77122 43 4 77165 0 43
62 77107 45 1 77195 43 88
373 77354 84 3 77438 0 84
273 77508 89 4 77597 0 89
626 77336 96 4 77605 173 269
909 77489 96 3 77701 116 212
748 78705 68 4 78773 0 68
894 79166 79 3 79245 0 79
811 79122 80 2 79281 79 159
764 79346 79 3 79425 0 79
155 79706 68 4 79774 0 68
128 80001 97 4 80098 0 97
740 80760 69 4 80829 0 69
220 81002 72 3 81074 0 72
175 81176 67 4 81243 0 67
718 81180 78 3 81321 63 141
57 81146 81 2 81372 145 226
554 82012 93 3 82105 0 93
400 82321 79 2 82400 0 79
576 82459 31 3 82490 0 31
405 82990 73 2 83063 0 73
84 83062 96 1 83159 1 97
990 83241 54 2 83295 0 54
754 83732 87 4 83819 0 87
834 84375 96 3 84471 0 96
363 84710 80 4 84790 0 80
780 84984 78 2 85062 0 78
362 85069 66 3 85135 0 66
46 85211 68 2 85279 0 68
415 84996 91 4 85287 200 291
299 85342 73 4 85415 0 73
68 85762 78 4 85840 0 78
731 86039 77 4 86116 0 77
933 86368 80 3 86448 0 80
717 86937 54 4 86991 0 54
991 86899 76 4 87029 54 130
54 87589 97 3 87686 0 97
367 87833 66 4 87899 0 66
602 88234 51 4 88285 0 51
848 88716 75 3 88791 0 75
142 88879 70 4 88949 0 70
476 89325 65 4 89390 0 65
197 89280 95 4 89440 65 160
64 89884 60 3 89944 0 60
23 90465 91 3 90556 0 91
673 91515 99 4 91614 0 99
943 92243 57 4 92300 0 57
334 93079 97 2 93176 0 97
960 94087 86 4 94173 0 86
656 95785 87 3 95872 0 87
757 97336 99 3 97435 0 99
474 98267 85 3 98352 0 85
