99134 1000 489 429
594 37 57 4 94 0 57
554 41 53 2 147 53 106
877 101 49 2 196 46 95
361 40 61 2 257 156 217
259 228 56 4 313 29 85
302 107 65 3 378 206 271
647 318 49 4 427 60 109
244 415 47 2 474 12 59
14 104 65 2 539 370 435
338 538 51 2 590 1 52
768 515 54 4 644 75 129
829 488 63 2 707 156 219
537 393 68 4 775 314 382
36 751 56 2 831 24 80
691 812 47 2 878 19 66
91 833 55 4 933 45 100
940 829 56 4 989 104 160
72 811 62 4 1051 178 240
96 1041 28 4 1079 10 38
595 999 33 1 1112 80 113
612 1064 61 3 1173 48 109
765 575 75 1 1248 598 673
906 1177 58 2 1306 71 129
475 1294 52 2 1358 12 64
933 1194 77 3 1435 164 241
197 1432 63 2 1498 3 66
617 1451 67 4 1565 47 114
309 1362 70 2 1635 203 273
22 1635 58 4 1693 0 58
444 1578 62 4 1755 115 177
806 1723 47 1 1802 32 79
788 1752 53 3 1855 50 103
318 1832 31 4 1886 23 54
579 1850 60 3 1946 36 96
650 1779 67 3 2013 167 234
287 1991 60 4 2073 22 82
749 1885 71 4 2144 188 259
246 2052 73 4 2217 92 165
13 1928 74 3 2291 289 363
813 1390 75 4 2366 901 976
118 2355 61 2 2427 11 72
349 2367 48 3 2475 60 108
465 464 78 4 2553 2011 2089
134 2548 33 3 2586 5 38
393 2500 46 2 2632 86 132
500 2619 58 4 2690 13 71
630 2679 51 4 2741 11 62
38 2527 65 4 2806 214 279
69 2801 61 4 2867 5 66
692 2334 78 3 2945 533 611
25 2868 58 1 3003 77 135
740 1985 79 4 3082 1018 1097
58 1069 80 4 3162 2013 2093
350 3136 26 3 3188 26 52
71 3134 64 2 3252 54 118
731 3150 73 2 3325 102 175
861 3265 41 2 3366 60 101
253 3362 55 4 3421 4 59
73 3292 62 4 3483 129 191
460 3463 59 4 3542 20 79
341 3502 57 4 3599 40 97
160 3570 57 4 3656 29 86
441 3638 48 3 3704 18 66
937 3442 62 3 3766 262 324
449 3310 63 3 3829 456 519
851 3519 70 3 3899 310 380
304 3829 77 2 3976 70 147
700 1449 80 4 4056 2527 2607
555 3984 48 4 4104 72 120
308 4054 54 2 4158 50 104
156 4081 68 4 4226 77 145
996 4207 65 1 4291 19 84
734 4021 70 4 4361 270 340
265 4111 75 4 4436 250 325
546 4371 40 4 4476 65 105
326 4452 59 4 4535 24 83
951 4489 53 3 4588 46 99
4 4479 56 4 4644 109 165
229 4630 44 2 4688 14 58
948 4632 51 4 4739 56 107
600 4602 58 2 4797 137 195
175 4447 61 3 4858 350 411
88 4759 62 3 4920 99 161
989 4878 62 4 4982 42 104
110 4610 63 4 5045 372 435
763 4734 66 2 5111 311 377
423 4738 74 3 5185 373 447
176 4350 78 3 5263 835 913
866 5202 58 4 5321 61 119
634 5321 68 2 5389 0 68
716 5291 78 4 5467 98 176
783 5465 65 3 5532 2 67
504 5487 48 4 5580 45 93
615 5543 53 3 5633 37 90
151 5594 43 1 5676 39 82
458 5592 57 4 5733 84 141
406 5594 71 2 5804 139 210
551 5773 59 3 5863 31 90
988 5816 42 4 5905 47 89
213 5806 49 4 5954 99 148
236 5874 53 3 6007 80 133
295 5971 40 3 6047 36 76
180 6036 52 1 6099 11 63
926 5940 57 3 6156 159 216
123 5872 59 4 6215 284 343
572 6196 52 3 6267 19 71
624 6246 37 4 6304 21 58
730 6149 60 3 6364 155 215
917 6361 38 4 6402 3 41
209 6337 58 2 6460 65 123
40 5758 61 3 6521 702 763
902 6090 66 2 6587 431 497
825 6549 49 1 6636 38 87
416 6621 46 3 6682 15 61
548 6542 67 4 6749 140 207
86 5947 67 2 6816 802 869
785 6664 69 4 6885 152 221
896 6861 56 4 6941 24 80
597 6885 63 4 7004 56 119
47 7002 53 1 7057 2 55
335 6278 71 3 7128 779 850
587 7082 64 3 7192 46 110
931 7151 51 4 7243 41 92
836 7141 57 4 7300 102 159
436 7298 58 4 7358 2 60
663 7343 53 3 7411 15 68
112 7400 37 4 7448 11 48
848 7363 53 3 7501 85 138
762 7385 60 3 7561 116 176
494 7534 49 4 7610 27 76
394 7334 72 4 7682 276 348
61 7644 64 2 7746 38 102
532 7710 74 4 7820 36 110
167 7262 77 4 7897 558 635
434 5730 78 4 7975 2167 2245
172 5945 79 3 8054 2030 2109
322 8003 56 3 8110 51 107
840 5117 79 3 8189 2993 3072
824 8119 38 4 8227 70 108
330 8112 47 2 8274 115 162
343 8229 59 1 8333 45 104
697 8114 61 3 8394 219 280
611 8219 62 1 8456 175 237
189 8420 56 2 8512 36 92
653 8491 66 2 8578 21 87
545 8233 69 3 8647 345 414
517 8604 63 1 8710 43 106
342 8700 40 1 8750 10 50
28 8723 58 1 8808 27 85
590 8402 73 2 8881 406 479
388 8857 48 4 8929 24 72
368 8860 61 3 8990 69 130
425 8969 25 4 9015 21 46
262 8993 56 3 9071 22 78
904 8610 77 3 9148 461 538
631 9140 43 4 9191 8 51
369 9075 58 3 9249 116 174
639 9193 54 2 9303 56 110
254 9217 63 2 9366 86 149
585 9306 28 4 9394 60 88
113 9390 64 3 9458 4 68
623 9417 55 2 9513 41 96
720 9448 60 4 9573 65 125
30 9449 65 2 9638 124 189
986 9616 58 2 9696 22 80
759 9616 71 4 9767 80 151
331 9143 73 3 9840 624 697
711 9600 74 2 9914 240 314
826 9874 42 4 9956 40 82
582 9902 50 4 10006 54 104
811 9966 46 4 10052 40 86
185 10036 44 1 10096 16 60
261 9946 55 4 10151 150 205
430 9896 58 4 10209 255 313
528 10201 23 4 10232 8 31
271 9938 58 4 10290 294 352
81 10026 59 3 10349 264 323
422 10056 62 2 10411 293 355
276 10395 35 1 10446 16 51
725 10357 60 1 10506 89 149
33 10392 61 3 10567 114 175
392 10422 68 3 10635 145 213
599 10594 67 2 10702 41 108
387 10687 52 3 10754 15 67
834 10684 52 1 10806 70 122
921 10465 76 4 10882 341 417
132 10846 56 2 10938 36 92
370 9855 76 2 11014 1083 1159
478 10995 58 3 11072 19 77
908 11018 56 2 11128 54 110
710 11035 72 2 11200 93 165
104 11133 20 2 11220 67 87
751 11136 55 4 11275 84 139
310 11232 66 4 11341 43 109
74 9802 77 4 11418 1539 1616
801 8220 78 4 11496 3198 3276
999 10325 81 2 11577 1171 1252
128 11501 76 2 11653 76 152
880 11618 61 2 11714 35 96
609 11714 23 2 11737 0 23
676 762 81 1 11818 10975 11056
752 5775 82 4 11900 6043 6125
987 11837 62 4 11962 63 125
328 11903 40 1 12002 59 99
492 3146 83 4 12085 8856 8939
842 12006 66 3 12151 79 145
493 12132 59 4 12210 19 78
827 12207 51 4 12261 3 54
448 12053 81 4 12342 208 289
63 11830 83 4 12425 512 595
251 12365 43 2 12468 60 103
975 12409 54 3 12522 59 113
797 12424 57 3 12579 98 155
147 12525 53 4 12632 54 107
592 12392 70 4 12702 240 310
819 12674 57 2 12759 28 85
480 12739 38 1 12797 20 58
985 12722 51 3 12848 75 126
915 12776 64 3 12912 72 136
690 12912 28 3 12940 0 28
411 12681 68 4 13008 259 327
542 12964 42 2 13050 44 86
721 12985 50 3 13100 65 115
976 13011 51 2 13151 89 140
401 13084 53 1 13204 67 120
280 13187 33 1 13237 17 50
336 12463 70 4 13307 774 844
300 13271 23 4 13330 36 59
103 13249 25 3 13355 81 106
708 13249 57 4 13412 106 163
505 13271 69 3 13481 141 210
1000 13312 71 3 13552 169 240
803 13537 56 3 13608 15 71
178 13507 64 3 13672 101 165
602 13558 64 3 13736 114 178
298 13698 20 1 13756 38 58
260 13741 58 3 13814 15 73
497 13700 59 1 13873 114 173
70 13848 59 3 13932 25 84
781 13620 67 1 13999 312 379
186 13895 70 4 14069 104 174
779 14034 28 3 14097 35 63
402 13712 71 3 14168 385 456
39 14120 62 2 14230 48 110
105 12969 71 2 14301 1261 1332
878 12586 78 4 14379 1715 1793
24 14376 41 4 14420 3 44
957 14388 51 3 14471 32 83
741 14465 58 2 14529 6 64
119 14521 48 3 14577 8 56
219 14531 60 3 14637 46 106
397 14620 57 3 14694 17 74
42 14532 63 2 14757 162 225
149 14494 67 4 14824 263 330
206 14539 68 3 14892 285 353
363 14456 70 4 14962 436 506
290 14934 69 4 15031 28 97
82 14963 61 4 15092 68 129
651 15068 48 2 15140 24 72
798 15124 50 2 15190 16 66
426 15181 55 3 15245 9 64
538 15235 34 4 15279 10 44
672 15073 66 2 15345 206 272
503 15289 51 3 15396 56 107
998 15320 61 2 15457 76 137
685 14796 70 4 15527 661 731
577 14801 71 4 15598 726 797
143 15576 57 3 15655 22 79
584 15561 61 3 15716 94 155
45 14684 71 1 15787 1032 1103
358 15774 39 2 15826 13 52
858 15780 51 4 15877 46 97
972 15736 53 3 15930 141 194
65 15917 41 4 15971 13 54
385 15789 67 4 16038 182 249
344 14651 73 2 16111 1387 1460
562 15891 77 2 16188 220 297
965 16164 54 4 16242 24 78
769 16235 53 4 16295 7 60
424 16292 51 3 16346 3 54
79 16328 45 2 16391 18 63
922 16364 47 3 16438 27 74
215 16438 57 4 16495 0 57
723 16464 55 2 16550 31 86
345 16295 75 1 16625 255 330
619 14071 78 1 16703 2554 2632
233 16698 50 3 16753 5 55
709 13695 79 4 16832 3058 3137
299 16766 76 4 16908 66 142
44 16799 76 1 16984 109 185
707 16963 42 3 17026 21 63
874 16962 54 4 17080 64 118
405 17058 71 3 17151 22 93
670 17097 24 3 17175 54 78
668 17154 42 2 17217 21 63
323 17208 45 1 17262 9 54
901 17154 46 4 17308 108 154
491 16924 72 2 17380 384 456
892 17349 53 4 17433 31 84
610 17364 57 4 17490 69 126
54 17386 61 2 17551 104 165
855 17511 62 4 17613 40 102
509 17600 35 4 17648 13 48
950 17592 70 3 17718 56 126
179 17318 74 3 17792 400 474
964 17227 77 2 17869 565 642
339 17837 62 4 17931 32 94
177 17181 81 2 18012 750 831
252 18009 52 1 18064 3 55
60 18028 45 4 18109 36 81
667 18085 65 2 18174 24 89
514 18159 74 4 18248 15 89
812 18175 44 1 18292 73 117
654 18206 66 3 18358 86 152
450 18085 76 3 18434 273 349
616 17182 81 2 18515 1252 1333
913 13161 81 2 18596 5354 5435
288 18525 55 3 18651 71 126
466 18577 78 2 18729 74 152
662 18669 53 2 18782 60 113
446 18780 20 4 18802 2 22
154 18778 71 1 18873 24 95
713 15517 82 3 18955 3356 3438
380 18882 46 4 19001 73 119
581 18915 77 2 19078 86 163
364 19024 58 3 19136 54 112
115 17442 84 2 19220 1694 1778
164 19180 35 2 19255 40 75
217 19163 39 3 19294 92 131
202 19245 68 1 19362 49 117
875 19328 43 4 19405 34 77
743 3488 85 1 19490 15917 16002
165 19433 44 3 19534 57 101
746 19502 74 3 19608 32 106
296 19602 34 2 19642 6 40
698 19537 50 4 19692 105 155
596 19627 51 2 19743 65 116
658 19740 63 4 19806 3 66
362 19783 50 2 19856 23 73
620 19827 77 2 19933 29 106
472 19920 54 2 19987 13 67
495 19950 56 3 20043 37 93
775 20001 64 1 20107 42 106
242 20056 54 4 20161 51 105
410 20107 61 4 20222 54 115
682 20154 69 4 20291 68 137
294 20278 31 4 20322 13 44
439 19904 78 2 20400 418 496
556 20398 32 3 20432 2 34
248 19436 79 4 20511 996 1075
111 20472 46 2 20557 39 85
941 19829 85 4 20642 728 813
799 8778 85 1 20727 11864 11949
567 20665 58 3 20785 62 120
122 238 86 3 20871 20547 20633
267 20791 25 4 20896 80 105
864 20872 36 4 20932 24 60
351 20922 43 2 20975 10 53
228 20823 49 4 21024 152 201
867 20825 49 4 21073 199 248
445 20857 49 3 21122 216 265
256 21107 49 1 21171 15 64
384 20805 60 2 21231 366 426
407 20884 72 1 21303 347 419
550 10663 86 2 21389 10640 10726
573 21377 26 2 21415 12 38
838 21343 37 2 21452 72 109
732 21334 65 4 21517 118 183
815 3129 88 4 21605 18388 18476
498 7688 89 3 21694 13917 14006
929 16336 89 3 21783 5358 5447
453 21731 50 3 21833 52 102
714 21767 66 1 21899 66 132
10 15686 90 4 21989 6213 6303
216 21931 59 4 22048 58 117
510 22034 40 1 22088 14 54
109 21986 61 3 22149 102 163
90 22098 58 2 22207 51 109
949 21932 67 2 22274 275 342
429 22001 80 2 22354 273 353
319 22319 59 2 22413 35 94
675 1292 90 4 22503 21121 21211
677 22448 56 2 22559 55 111
187 22509 43 3 22602 50 93
199 22554 44 3 22646 48 92
257 22505 64 2 22710 141 205
131 19025 90 2 22800 3685 3775
238 22760 81 4 22881 40 121
657 4333 91 4 22972 18548 18639
155 22958 48 3 23020 14 62
823 22990 37 4 23057 30 67
995 22950 61 3 23118 107 168
269 23059 47 3 23165 59 106
479 23143 37 4 23202 22 59
758 23142 53 3 23255 60 113
839 23249 55 4 23310 6 61
784 22917 64 4 23374 393 457
348 23254 64 3 23438 120 184
661 23370 69 4 23507 68 137
291 23485 44 2 23551 22 66
678 23190 70 3 23621 361 431
529 23561 45 4 23666 60 105
887 23210 71 1 23737 456 527
148 23678 63 4 23800 59 122
67 23765 51 4 23851 35 86
544 23811 49 2 23900 40 89
27 23772 73 4 23973 128 201
225 23965 50 4 24023 8 58
231 23278 74 1 24097 745 819
909 24061 67 3 24164 36 103
315 24128 60 3 24224 36 96
87 24075 67 1 24291 149 216
208 24200 74 4 24365 91 165
636 24347 71 3 24436 18 89
93 10867 92 4 24528 13569 13661
191 23385 93 2 24621 1143 1236
968 24596 39 3 24660 25 64
52 24541 48 4 24708 119 167
990 24643 80 3 24788 65 145
947 24743 76 3 24864 45 121
789 24796 68 3 24932 68 136
643 24882 27 3 24959 50 77
196 24653 81 4 25040 306 387
603 25038 80 3 25120 2 82
57 25098 52 3 25172 22 74
84 25164 79 4 25251 8 87
133 24649 86 3 25337 602 688
240 25320 33 3 25370 17 50
499 25302 51 2 25421 68 119
150 25352 58 3 25479 69 127
977 25465 52 1 25531 14 66
748 25481 40 3 25571 50 90
642 25352 64 4 25635 219 283
695 25584 61 3 25696 51 112
320 25648 84 2 25780 48 132
381 10215 94 4 25874 15565 15659
646 25793 59 2 25933 81 140
816 25884 53 3 25986 49 102
776 25795 59 1 26045 191 250
726 25812 61 3 26106 233 294
152 25847 66 4 26172 259 325
337 26031 70 4 26242 141 211
327 26239 70 2 26312 3 73
468 26052 80 1 26392 260 340
928 26355 76 4 26468 37 113
124 15708 95 3 26563 10760 10855
9 26490 56 4 26619 73 129
293 17190 95 2 26714 9429 9524
724 26661 60 1 26774 53 113
992 26715 61 2 26835 59 120
306 26656 66 4 26901 179 245
482 26844 54 4 26955 57 111
787 26927 34 1 26989 28 62
791 26702 70 4 27059 287 357
223 27005 56 2 27115 54 110
461 27043 59 2 27174 72 131
930 27170 62 3 27236 4 66
398 27212 55 1 27291 24 79
285 27221 60 3 27351 70 130
944 26751 72 2 27423 600 672
159 27383 54 3 27477 40 94
897 27037 87 3 27564 440 527
757 27518 46 2 27610 46 92
116 27590 58 4 27668 20 78
870 27609 71 2 27739 59 130
686 27589 84 3 27823 150 234
224 27819 54 1 27877 4 58
520 27838 57 2 27934 39 96
659 27759 78 2 28012 175 253
876 27954 55 4 28067 58 113
32 28013 49 1 28116 54 103
303 27947 57 1 28173 169 226
569 28165 51 2 28224 8 59
942 22255 96 4 28320 5969 6065
353 26662 96 4 28416 1658 1754
137 28383 44 4 28460 33 77
843 28437 45 4 28505 23 68
889 28459 47 3 28552 46 93
756 28349 53 4 28605 203 256
146 28389 60 4 28665 216 276
413 28662 57 4 28722 3 60
367 28672 57 4 28779 50 107
1 28778 35 2 28814 1 36
905 28748 54 4 28868 66 120
557 28848 58 4 28926 20 78
214 28877 34 2 28960 49 83
886 28421 68 3 29028 539 607
284 28980 62 1 29090 48 110
171 28995 66 4 29156 95 161
777 28349 71 4 29227 807 878
8 28340 73 3 29300 887 960
382 28891 74 3 29374 409 483
578 28328 74 1 29448 1046 1120
873 28417 77 4 29525 1031 1108
56 29452 55 2 29580 73 128
561 29560 60 4 29640 20 80
389 29371 80 2 29720 269 349
372 29665 69 3 29789 55 124
168 29711 74 2 29863 78 152
192 29804 75 4 29938 59 134
420 29917 64 4 30002 21 85
527 29975 70 3 30072 27 97
354 30037 64 1 30136 35 99
810 29779 78 3 30214 357 435
872 29661 83 4 30297 553 636
541 30244 48 1 30345 53 101
773 30338 61 4 30406 7 68
648 21993 96 4 30502 8413 8509
99 30427 72 4 30574 75 147
924 11379 99 4 30673 19195 19294
854 30657 70 1 30743 16 86
547 30696 48 3 30791 47 95
564 30719 58 3 30849 72 130
981 30673 84 2 30933 176 260
516 12637 99 3 31032 18296 18395
853 30966 63 3 31095 66 129
117 31095 40 4 31135 0 40
247 31099 44 2 31179 36 80
679 31052 77 2 31256 127 204
452 31230 60 4 31316 26 86
396 31305 48 4 31364 11 59
628 31318 61 3 31425 46 107
378 31407 48 3 31473 18 66
220 31424 60 4 31533 49 109
279 31411 75 4 31608 122 197
626 31581 57 2 31665 27 84
476 31648 74 4 31739 17 91
959 31683 40 4 31779 56 96
377 31741 28 1 31807 38 66
841 30982 79 4 31886 825 904
515 31839 24 4 31910 47 71
266 31896 59 2 31969 14 73
857 31914 50 1 32019 55 105
474 31959 55 4 32074 60 115
135 32047 47 4 32121 27 74
463 32085 52 2 32173 36 88
77 32098 55 4 32228 75 130
106 32205 40 3 32268 23 63
432 32259 58 3 32326 9 67
574 32214 73 4 32399 112 185
559 32375 62 2 32461 24 86
618 32349 64 3 32525 112 176
205 32503 63 2 32588 22 85
454 32450 70 4 32658 138 208
687 32590 54 2 32712 68 122
210 31172 80 1 32792 1540 1620
571 32730 38 2 32830 62 100
560 32803 56 4 32886 27 83
807 32844 74 2 32960 42 116
997 31766 81 4 33041 1194 1275
227 32962 70 1 33111 79 149
275 22765 100 4 33211 10346 10446
352 27897 100 3 33311 5314 5414
379 17315 100 1 33411 15996 16096
742 33379 75 4 33486 32 107
346 33530 51 3 33581 0 51
598 33567 62 3 33643 14 76
558 33722 61 3 33783 0 61
49 33916 87 1 34003 0 87
738 33991 47 3 34050 12 59
540 33980 94 1 34144 70 164
649 34155 67 3 34222 0 67
580 34205 28 2 34250 17 45
126 34203 60 2 34310 47 107
443 34182 61 4 34371 128 189
891 34370 51 3 34422 1 52
95 34402 20 3 34442 20 40
821 34304 61 4 34503 138 199
808 34345 83 4 34586 158 241
833 34535 45 1 34631 51 96
85 34532 47 4 34678 99 146
365 34628 66 3 34744 50 116
139 34707 39 4 34783 37 76
845 34742 62 2 34845 41 103
62 34807 41 3 34886 38 79
173 34826 73 3 34959 60 133
94 34665 91 4 35050 294 385
796 34992 48 1 35098 58 106
835 35034 56 2 35154 64 120
533 35045 70 4 35224 109 179
703 35198 31 4 35255 26 57
2 35227 61 1 35316 28 89
718 35302 60 4 35376 14 74
98 35364 50 2 35426 12 62
688 35325 54 3 35480 101 155
591 35422 87 4 35567 58 145
305 35569 81 1 35650 0 81
97 35622 50 4 35700 28 78
907 35796 67 2 35863 0 67
127 35824 65 3 35928 39 104
153 35884 36 4 35964 44 80
589 35817 86 3 36050 147 233
235 36016 57 4 36107 34 91
831 35796 87 4 36194 311 398
641 36144 54 3 36248 50 104
883 36396 40 4 36436 0 40
912 36405 40 4 36476 31 71
536 36514 53 3 36567 0 53
440 36538 20 3 36587 29 49
837 36578 76 2 36663 9 85
961 36554 82 4 36745 109 191
622 36948 65 4 37013 0 65
608 36989 72 1 37085 24 96
307 37075 61 2 37146 10 71
41 37091 26 4 37172 55 81
627 37019 82 2 37254 153 235
859 37235 72 4 37326 19 91
535 37264 53 4 37379 62 115
258 37308 83 2 37462 71 154
357 37382 62 4 37524 80 142
12 37630 32 4 37662 0 32
195 37675 34 3 37709 0 34
689 37782 63 1 37845 0 63
706 37969 61 2 38030 0 61
483 38029 54 4 38084 1 55
471 38021 68 2 38152 63 131
412 38140 34 1 38186 12 46
237 38154 52 4 38238 32 84
409 38162 90 1 38328 76 166
991 38323 68 2 38396 5 73
212 38329 40 3 38436 67 107
882 38412 44 1 38480 24 68
190 38403 83 1 38563 77 160
487 38611 53 3 38664 0 53
973 38654 55 4 38719 10 65
753 38670 36 2 38755 49 85
575 38664 94 4 38849 91 185
747 38804 53 1 38902 45 98
903 38885 44 1 38946 17 61
766 38862 55 4 39001 84 139
356 38855 66 4 39067 146 212
473 39046 50 3 39117 21 71
16 39105 70 3 39187 12 82
138 38866 75 4 39262 321 396
447 39198 26 3 39288 64 90
408 39199 70 2 39358 89 159
249 39339 59 4 39417 19 78
593 39306 76 4 39493 111 187
919 39424 52 4 39545 69 121
549 39458 74 3 39619 87 161
673 39580 56 1 39675 39 95
665 39628 64 1 39739 47 111
321 39704 60 4 39799 35 95
846 39791 43 3 39842 8 51
76 39732 65 4 39907 110 175
680 39274 88 3 39995 633 721
457 39991 44 1 40039 4 48
640 39946 48 3 40087 93 141
281 39982 68 2 40155 105 173
59 40311 57 4 40368 0 57
477 40345 61 4 40429 23 84
553 40503 55 1 40558 0 55
486 40761 96 3 40857 0 96
660 40850 61 4 40918 7 68
800 40886 71 4 40989 32 103
780 40959 47 4 41036 30 77
920 41009 32 4 41068 27 59
719 41020 69 3 41137 48 117
470 41114 50 3 41187 23 73
856 41154 53 3 41240 33 86
955 41222 43 1 41283 18 61
442 40944 88 4 41371 339 427
507 41619 47 3 41666 0 47
526 41640 53 3 41719 26 79
316 41695 52 4 41771 24 76
828 41778 73 4 41851 0 73
34 41841 68 2 41919 10 78
15 41970 41 1 42011 0 41
26 42156 62 3 42218 0 62
107 42272 20 1 42292 0 20
329 42272 51 4 42343 20 71
274 42370 49 2 42419 0 49
289 42422 55 2 42477 0 55
683 42440 85 1 42562 37 122
605 42777 52 1 42829 0 52
694 42825 58 3 42887 4 62
865 42881 77 3 42964 6 83
136 43065 56 1 43121 0 56
334 43121 66 3 43187 0 66
570 43159 65 1 43252 28 93
760 43385 83 3 43468 0 83
669 43553 43 3 43596 0 43
144 43633 41 4 43674 0 41
200 43680 52 1 43732 0 52
652 43754 58 3 43812 0 58
264 43849 50 2 43899 0 50
770 43876 85 4 43984 23 108
804 43930 74 2 44058 54 128
198 44058 34 3 44092 0 34
243 44270 43 3 44313 0 43
739 44287 58 4 44371 26 84
18 44425 55 4 44480 0 55
701 44459 65 4 44545 21 86
226 44499 68 4 44613 46 114
277 44769 46 3 44815 0 46
314 44852 59 4 44911 0 59
390 45111 79 1 45190 0 79
607 45115 67 4 45257 75 142
771 45423 74 3 45497 0 74
263 45433 61 3 45558 64 125
794 45560 65 4 45625 0 65
481 45646 64 4 45710 0 64
278 45711 53 3 45764 0 53
534 45733 47 2 45811 31 78
899 45847 86 1 45933 0 86
29 46046 70 3 46116 0 70
809 46059 63 1 46179 57 120
371 46109 65 3 46244 70 135
566 46199 75 2 46319 45 120
914 46315 54 3 46373 4 58
963 46678 60 2 46738 0 60
355 46889 27 3 46916 0 27
900 46937 50 3 46987 0 50
501 46974 74 3 47061 13 87
613 47171 63 2 47234 0 63
211 47297 77 4 47374 0 77
645 47301 80 2 47454 73 153
255 47513 42 4 47555 0 42
793 47564 62 3 47626 0 62
664 47577 42 4 47668 49 91
881 47605 56 2 47724 63 119
129 47645 61 1 47785 79 140
890 47799 61 3 47860 0 61
530 47840 69 1 47929 20 89
954 47813 72 4 48001 116 188
761 48072 75 2 48147 0 75
932 48184 82 4 48266 0 82
386 48632 66 4 48698 0 66
431 48686 46 4 48744 12 58
207 48806 67 2 48873 0 67
513 49020 57 3 49077 0 57
888 49229 52 4 49281 0 52
311 49261 45 4 49326 20 65
141 49319 58 4 49384 7 65
635 49469 53 4 49522 0 53
960 49555 64 2 49619 0 64
286 49603 70 3 49689 16 86
539 49693 71 3 49764 0 71
100 49856 45 3 49901 0 45
774 49876 70 2 49971 25 95
438 49919 56 3 50027 52 108
3 49905 58 3 50085 122 180
978 50064 72 4 50157 21 93
373 50150 62 3 50219 7 69
943 50281 60 2 50341 0 60
66 50459 51 2 50510 0 51
722 50622 85 4 50707 0 85
181 50672 40 3 50747 35 75
201 50703 69 3 50816 44 113
48 50636 86 3 50902 180 266
934 50826 82 4 50984 76 158
956 50938 63 3 51047 46 109
301 50977 64 3 51111 70 134
297 51079 54 4 51165 32 86
750 51148 73 3 51238 17 90
496 51184 54 1 51292 54 108
632 51282 53 2 51345 10 63
511 51315 70 4 51415 30 100
778 51251 76 4 51491 164 240
114 51439 62 2 51553 52 114
850 51468 69 2 51622 85 154
35 51067 83 2 51705 555 638
53 51666 80 4 51785 39 119
395 51750 75 2 51860 35 110
736 51811 48 3 51908 49 97
414 51883 72 1 51980 25 97
969 52070 44 2 52114 0 44
158 52204 71 3 52275 0 71
64 52278 37 1 52315 0 37
313 52463 29 3 52492 0 29
814 52761 58 4 52819 0 58
375 52873 58 4 52931 0 58
893 52964 63 3 53027 0 63
733 52999 51 4 53078 28 79
704 53034 58 4 53136 44 102
935 53070 64 1 53200 66 130
80 53138 58 3 53258 62 120
970 53259 47 2 53306 0 47
744 53534 57 3 53591 0 57
588 53822 65 3 53887 0 65
879 53853 67 4 53954 34 101
817 53900 74 4 54028 54 128
604 53981 40 4 54068 47 87
404 54025 93 3 54161 43 136
268 54076 69 4 54230 85 154
772 54236 46 3 54282 0 46
945 54242 72 3 54354 40 112
844 54328 33 3 54387 26 59
967 54364 64 4 54451 23 87
895 54493 62 1 54555 0 62
427 54902 91 4 54993 0 91
860 55025 44 3 55069 0 44
790 55057 62 3 55131 12 74
50 55215 68 2 55283 0 68
437 55249 43 2 55326 34 77
702 55494 67 1 55561 0 67
512 55618 70 2 55688 0 70
174 55717 61 3 55778 0 61
11 55824 46 1 55870 0 46
767 55902 25 4 55927 0 25
518 56028 70 3 56098 0 70
764 56149 51 2 56200 0 51
666 56220 96 4 56316 0 96
188 56428 56 4 56484 0 56
786 56725 86 4 56811 0 86
522 56820 55 4 56875 0 55
916 56861 22 1 56897 14 36
130 57078 58 3 57136 0 58
962 57114 46 2 57182 22 68
601 57088 57 3 57239 94 151
958 57338 63 3 57401 0 63
583 57612 71 1 57683 0 71
455 57790 62 4 57852 0 62
102 57839 44 4 57896 13 57
862 57978 72 4 58050 0 72
727 58050 59 2 58109 0 59
754 58059 64 4 58173 50 114
121 58124 67 4 58240 49 116
484 58227 52 2 58292 13 65
333 58348 86 4 58434 0 86
273 58444 73 2 58517 0 73
543 58494 50 4 58567 23 73
332 58596 49 4 58645 0 49
490 58657 100 4 58757 0 100
485 58797 68 3 58865 0 68
222 59026 82 2 59108 0 82
182 59155 48 3 59203 0 48
519 59289 65 4 59354 0 65
655 59629 81 3 59710 0 81
451 59814 42 3 59856 0 42
142 59897 70 3 59967 0 70
340 59924 70 4 60037 43 113
871 60000 54 3 60091 37 91
674 60180 69 4 60249 0 69
221 60227 45 3 60294 22 67
418 60252 41 4 60335 42 83
717 60255 70 4 60405 80 150
938 60234 86 1 60491 171 257
982 60411 49 2 60540 80 129
923 60473 79 3 60619 67 146
755 60598 60 4 60679 21 81
745 60419 86 4 60765 260 346
324 60717 53 2 60818 48 101
383 60974 90 3 61064 0 90
979 61009 64 4 61128 55 119
89 61255 48 4 61303 0 48
403 61312 76 4 61388 0 76
78 61365 43 2 61431 23 66
832 61581 52 2 61633 0 52
502 61969 74 1 62043 0 74
782 62119 54 2 62173 0 54
984 62155 53 2 62226 18 71
966 62203 47 4 62273 23 70
637 62318 64 4 62382 0 64
614 62565 50 4 62615 0 50
568 62619 100 4 62719 0 100
805 62702 63 4 62782 17 80
157 63169 79 3 63248 0 79
433 63289 71 4 63360 0 71
531 63599 53 4 63652 0 53
974 63786 53 3 63839 0 53
869 63815 74 4 63913 24 98
729 63900 44 4 63957 13 57
421 63876 48 1 64005 81 129
456 64031 62 4 64093 0 62
75 64071 71 4 64164 22 93
312 64210 79 4 64289 0 79
46 64250 65 4 64354 39 104
699 64328 86 3 64440 26 112
120 64605 54 4 64659 0 54
5 64647 41 3 64700 12 53
489 64671 42 4 64742 29 71
101 64998 60 1 65058 0 60
822 65014 75 3 65133 44 119
366 65077 56 1 65189 56 112
464 65104 66 4 65255 85 151
868 65174 74 4 65329 81 155
283 65428 51 4 65479 0 51
633 65830 62 1 65892 0 62
506 65889 61 4 65953 3 64
19 65934 67 4 66020 19 86
360 65981 53 3 66073 39 92
428 65936 84 3 66157 137 221
936 66152 77 3 66234 5 82
203 66440 48 4 66488 0 48
621 66568 48 3 66616 0 48
952 66576 68 3 66684 40 108
376 66780 67 4 66847 0 67
20 66810 31 1 66878 37 68
993 67048 70 4 67118 0 70
728 67361 44 4 67405 0 44
918 67454 38 4 67492 0 38
43 67662 57 3 67719 0 57
17 67718 76 1 67795 1 77
435 67724 45 3 67840 71 116
419 67804 71 2 67911 36 107
234 67759 76 3 67987 152 228
565 68017 56 3 68073 0 56
469 68079 74 4 68153 0 74
23 68195 54 3 68249 0 54
145 68227 37 4 68286 22 59
374 68324 57 3 68381 0 57
735 68609 55 3 68664 0 55
239 68649 53 4 68717 15 68
818 68695 84 3 68801 22 106
849 68819 46 2 68865 0 46
693 68853 53 3 68918 12 65
894 68902 69 4 68987 16 85
317 68949 57 2 69044 38 95
270 69313 66 4 69379 0 66
576 69341 49 3 69428 38 87
638 69650 54 3 69704 0 54
184 69698 35 2 69739 6 41
325 70087 40 4 70127 0 40
292 70164 77 4 70241 0 77
863 70313 64 3 70377 0 64
467 70350 71 4 70448 27 98
399 70449 37 4 70486 0 37
684 70774 58 4 70832 0 58
415 70887 59 3 70946 0 59
953 70980 53 3 71033 0 53
971 71110 32 3 71142 0 32
6 71358 64 2 71422 0 64
218 71702 60 2 71762 0 60
204 71768 60 3 71828 0 60
980 71833 65 4 71898 0 65
994 71843 62 3 71960 55 117
884 72145 61 2 72206 0 61
508 72244 61 4 72305 0 61
625 72334 67 3 72401 0 67
820 72469 78 3 72547 0 78
715 72547 49 2 72596 0 49
161 72988 78 1 73066 0 78
163 73162 41 4 73203 0 41
125 73200 50 4 73253 3 53
488 73337 77 4 73414 0 77
656 73441 59 3 73500 0 59
347 73737 90 3 73827 0 90
847 74290 86 2 74376 0 86
629 74340 49 4 74425 36 85
400 74469 65 4 74534 0 65
241 74639 65 3 74704 0 65
462 75345 51 2 75396 0 51
7 75549 85 2 75634 0 85
671 75554 56 4 75690 80 136
946 75724 70 1 75794 0 70
525 75758 32 1 75826 36 68
802 76055 92 4 76147 0 92
37 76887 51 4 76938 0 51
737 76980 31 4 77011 0 31
606 77203 57 4 77260 0 57
417 78057 49 4 78106 0 49
644 78258 72 3 78330 0 72
852 78977 49 4 79026 0 49
459 79481 54 2 79535 0 54
170 79697 65 1 79762 0 65
911 79857 84 4 79941 0 84
681 79892 40 3 79981 49 89
162 80491 89 3 80580 0 89
696 80654 68 1 80722 0 68
183 80894 67 3 80961 0 67
194 80905 38 4 80999 56 94
83 80986 60 1 81059 13 73
250 81181 53 4 81234 0 53
521 81287 81 4 81368 0 81
68 81805 69 2 81874 0 69
939 82173 77 1 82250 0 77
232 82401 82 2 82483 0 82
282 82482 42 2 82525 1 43
552 82887 85 3 82972 0 85
51 83296 53 4 83349 0 53
193 83634 77 3 83711 0 77
166 83952 60 4 84012 0 60
983 83982 49 2 84061 30 79
272 84226 33 4 84259 0 33
830 84353 55 2 84408 0 55
31 84707 39 4 84746 0 39
795 84800 58 4 84858 0 58
586 85061 33 2 85094 0 33
108 85736 42 4 85778 0 42
391 86269 55 1 86324 0 55
21 86380 63 3 86443 0 63
169 86428 54 4 86497 15 69
927 86617 37 3 86654 0 37
523 86661 43 2 86704 0 43
898 86770 76 3 86846 0 76
230 86982 57 2 87039 0 57
925 87487 59 2 87546 0 59
910 87530 51 4 87597 16 67
712 88125 73 4 88198 0 73
563 88351 57 1 88408 0 57
359 88489 64 3 88553 0 64
140 89470 45 1 89515 0 45
55 90252 66 4 90318 0 66
705 90884 45 2 90929 0 45
524 91231 76 2 91307 0 76
92 92656 44 4 92700 0 44
245 93311 62 1 93373 0 62
792 95113 57 2 95170 0 57
885 99055 79 3 99134 0 79
