97662 1000 297 237
409 32 71 2 103 0 71
223 337 75 4 412 0 75
63 347 64 3 477 66 130
557 378 62 1 539 99 161
297 439 65 4 605 101 166
285 456 54 4 659 149 203
744 597 34 4 694 63 97
718 625 77 2 771 69 146
958 627 49 2 820 144 193
673 644 55 2 875 176 231
267 669 60 4 936 207 267
275 709 31 3 967 227 258
428 910 59 4 1027 58 117
354 982 74 2 1102 46 120
655 984 36 1 1138 118 154
61 1047 66 1 1205 92 158
369 1117 34 3 1239 88 122
211 1140 76 3 1316 100 176
253 1158 83 3 1399 158 241
302 1162 52 4 1451 237 289
345 1194 49 3 1500 257 306
15 1312 56 2 1557 189 245
731 1328 67 4 1624 229 296
889 1406 56 2 1680 218 274
510 1467 55 1 1735 213 268
47 1549 44 1 1780 187 231
296 1580 59 2 1839 200 259
805 1604 61 1 1900 235 296
333 1623 63 4 1963 277 340
996 1638 48 3 2011 325 373
660 1915 70 3 2082 97 167
479 2060 81 4 2164 23 104
191 2068 58 4 2222 96 154
516 2201 72 4 2295 22 94
5 2276 57 2 2353 20 77
695 2283 37 3 2390 70 107
765 2312 20 4 2411 79 99
837 2326 53 3 2464 85 138
206 2327 59 2 2523 137 196
69 2350 79 2 2602 173 252
764 2418 74 3 2677 185 259
437 2438 61 3 2738 239 300
871 2441 40 2 2778 297 337
661 2606 52 3 2831 173 225
197 2632 58 3 2889 199 257
867 2774 49 3 2938 115 164
411 2790 65 2 3004 149 214
583 2872 73 1 3077 132 205
866 2878 87 4 3164 199 286
112 2964 64 2 3229 201 265
255 3035 48 4 3277 194 242
517 3038 47 4 3324 239 286
751 3128 77 4 3401 196 273
740 3132 78 3 3479 269 347
222 3142 82 3 3561 337 419
232 3143 74 3 3635 418 492
638 3175 88 4 3724 461 549
515 3188 54 2 3778 536 590
743 3242 88 4 3866 536 624
680 3257 50 3 3916 609 659
903 3296 66 4 3982 620 686
948 3301 69 4 4051 681 750
919 3323 73 4 4124 728 801
773 3331 48 4 4172 793 841
80 3351 56 3 4228 821 877
554 3469 38 4 4266 759 797
383 3497 96 4 4362 769 865
34 3561 72 1 4434 801 873
860 3573 48 3 4482 861 909
687 3593 69 1 4551 889 958
486 3686 60 4 4612 866 926
604 3802 40 2 4652 810 850
92 3843 50 3 4702 809 859
316 4061 27 4 4729 641 668
652 4065 69 4 4798 664 733
286 4120 43 4 4841 678 721
12 4148 75 1 4916 693 768
647 4249 84 4 5000 667 751
970 4276 76 2 5076 724 800
850 4401 47 2 5123 675 722
151 4463 69 4 5192 660 729
644 4517 65 3 5257 675 740
876 4667 57 3 5315 591 648
789 4723 42 3 5357 592 634
466 4769 67 4 5424 588 655
877 4875 59 3 5483 549 608
360 4892 88 3 5571 591 679
462 4931 49 2 5620 640 689
245 5019 45 3 5665 601 646
699 5023 45 3 5710 642 687
978 5029 49 4 5759 681 730
334 5049 71 2 5830 710 781
432 5052 31 2 5861 778 809
166 5103 51 4 5912 758 809
321 5170 62 4 5974 742 804
444 5257 65 4 6039 717 782
709 5276 64 4 6104 764 828
146 5397 65 3 6169 707 772
801 5463 54 2 6223 706 760
839 5472 60 3 6283 751 811
430 5507 47 2 6330 776 823
582 5565 41 4 6371 765 806
702 5661 48 3 6419 710 758
549 5691 65 2 6484 728 793
571 5825 54 4 6538 659 713
503 5997 63 4 6601 541 604
228 6073 62 3 6664 529 591
831 6117 43 3 6707 547 590
465 6157 77 2 6784 550 627
350 6181 73 4 6857 603 676
595 6341 61 3 6918 516 577
7 6483 67 1 6985 435 502
210 6511 64 3 7049 474 538
914 6708 55 2 7105 342 397
825 6762 71 3 7176 343 414
26 6820 77 1 7253 356 433
367 6825 64 4 7317 428 492
984 6882 86 4 7403 435 521
170 7014 83 3 7486 389 472
833 7037 47 4 7533 449 496
4 7051 33 4 7567 483 516
992 7178 55 4 7622 389 444
705 7179 69 4 7691 443 512
572 7182 71 3 7762 509 580
523 7339 58 3 7820 423 481
930 7363 50 2 7870 457 507
114 7372 42 4 7912 498 540
382 7602 58 2 7971 311 369
385 7667 88 4 8059 304 392
501 7686 70 4 8129 373 443
19 7724 56 3 8185 405 461
189 7820 67 4 8252 365 432
729 7966 55 4 8308 287 342
693 7969 35 3 8343 339 374
240 7985 55 3 8398 358 413
541 8071 56 3 8454 327 383
175 8184 77 3 8531 270 347
628 8243 77 3 8608 288 365
981 8286 61 2 8670 323 384
696 8418 62 3 8732 252 314
538 8547 48 3 8780 185 233
268 8608 78 3 8858 172 250
665 8622 67 4 8926 237 304
529 8760 62 4 8988 166 228
852 8770 81 3 9069 218 299
790 8784 53 3 9122 285 338
199 8815 75 4 9197 307 382
266 8876 70 3 9268 322 392
617 8884 56 4 9324 384 440
353 9194 38 4 9362 130 168
835 9217 67 3 9430 146 213
217 9284 67 2 9497 146 213
337 9384 60 2 9558 114 174
915 9412 75 3 9633 146 221
418 9422 56 3 9689 211 267
761 9438 22 3 9711 251 273
455 9458 43 4 9754 253 296
925 9633 60 4 9815 122 182
48 9735 59 4 9874 80 139
980 9860 78 4 9953 15 93
945 9919 64 3 10018 35 99
656 10064 48 2 10112 0 48
817 10115 53 1 10168 0 53
601 10130 68 3 10237 39 107
975 10172 84 3 10322 66 150
533 10314 52 2 10375 9 61
221 10381 37 4 10418 0 37
431 10386 42 2 10461 33 75
280 10390 38 3 10499 71 109
924 10440 90 2 10590 60 150
848 10494 74 4 10664 96 170
816 10501 52 1 10717 164 216
756 10520 48 2 10765 197 245
784 10574 55 4 10820 191 246
966 10642 51 1 10871 178 229
928 10648 44 3 10915 223 267
591 10688 80 4 10996 228 308
585 10705 30 4 11026 291 321
35 10770 64 3 11090 256 320
969 10811 62 3 11152 279 341
259 10912 69 4 11221 240 309
885 10993 37 3 11259 229 266
416 11018 55 4 11314 241 296
402 11070 54 4 11368 244 298
110 11153 69 2 11437 215 284
32 11159 56 2 11493 278 334
559 11287 39 4 11533 207 246
389 11403 33 4 11566 130 163
126 11474 53 3 11619 92 145
125 11497 31 2 11651 123 154
201 11506 66 3 11717 145 211
548 11508 42 3 11759 209 251
762 11516 70 3 11829 243 313
566 11556 54 3 11883 273 327
168 11614 53 4 11936 269 322
435 11689 67 3 12004 248 315
863 11780 60 4 12064 224 284
577 11965 32 2 12097 100 132
88 12002 31 2 12128 95 126
314 12035 51 1 12179 93 144
912 12058 61 3 12240 121 182
83 12087 61 2 12302 154 215
14 12157 84 4 12386 145 229
330 12291 78 4 12465 96 174
62 12322 67 2 12532 143 210
651 12343 56 3 12588 189 245
955 12365 100 3 12688 223 323
511 12475 58 3 12747 214 272
403 12492 67 2 12814 255 322
257 12559 49 4 12863 255 304
274 12596 63 2 12926 267 330
282 12645 52 4 12978 281 333
785 12666 83 2 13061 312 395
513 12691 88 2 13150 371 459
265 12832 49 1 13199 318 367
436 12886 79 4 13278 313 392
637 13184 42 3 13321 95 137
281 13238 41 3 13362 83 124
714 13461 50 4 13511 0 50
590 13504 49 1 13561 8 57
135 13603 27 3 13630 0 27
82 13644 60 1 13704 0 60
707 13670 85 1 13790 35 120
972 13827 42 3 13869 0 42
36 13872 56 3 13928 0 56
384 13962 61 3 14023 0 61
741 14043 70 4 14113 0 70
580 14075 55 4 14169 39 94
91 14129 30 3 14200 41 71
167 14171 62 2 14263 30 92
811 14173 63 3 14326 90 153
735 14193 54 2 14380 133 187
425 14207 51 3 14432 174 225
235 14210 40 2 14472 222 262
31 14256 70 4 14542 216 286
843 14318 71 3 14613 224 295
798 14320 58 4 14671 293 351
324 14335 69 4 14740 336 405
90 14337 66 2 14806 403 469
152 14378 66 1 14872 428 494
105 14505 71 4 14944 368 439
480 14510 57 3 15001 434 491
364 14520 63 1 15064 481 544
224 14609 75 3 15139 455 530
230 14612 61 4 15200 527 588
24 14877 60 4 15261 324 384
663 14935 31 4 15292 326 357
349 15106 87 1 15379 186 273
399 15219 66 4 15446 161 227
723 15516 36 2 15552 0 36
94 15571 67 2 15638 0 67
542 15583 62 4 15701 56 118
619 15723 76 2 15799 0 76
711 15774 48 2 15848 26 74
959 15931 43 2 15974 0 43
380 15969 82 3 16057 6 88
340 16083 67 3 16150 0 67
412 16118 84 3 16235 33 117
300 16151 49 4 16284 84 133
13 16163 61 4 16346 122 183
292 16184 33 4 16379 162 195
33 16273 36 2 16415 106 142
122 16284 26 2 16441 131 157
427 16306 93 2 16535 136 229
612 16323 64 2 16599 212 276
207 16339 72 2 16671 260 332
376 16475 64 3 16736 197 261
630 16501 55 1 16791 235 290
650 16558 84 1 16875 233 317
186 16584 46 4 16921 291 337
627 16646 64 3 16985 275 339
688 16655 30 1 17015 330 360
347 16730 57 4 17073 286 343
606 16793 56 3 17129 280 336
803 16804 80 2 17209 325 405
198 16809 65 1 17274 400 465
726 16818 44 1 17318 456 500
679 16832 65 4 17383 486 551
323 16870 94 2 17477 513 607
248 16894 70 3 17547 583 653
671 16944 93 3 17640 603 696
766 16967 43 3 17683 673 716
25 17016 72 4 17755 667 739
949 17043 58 4 17814 713 771
338 17197 38 2 17852 617 655
66 17252 76 4 17928 600 676
847 17330 57 4 17985 598 655
887 17390 42 4 18027 595 637
772 17411 38 2 18065 616 654
953 17494 68 4 18133 571 639
140 17634 53 1 18186 499 552
144 17821 53 3 18240 366 419
813 17835 62 2 18302 405 467
406 17926 46 2 18348 376 422
875 18155 69 1 18417 193 262
961 18168 77 4 18494 249 326
109 18247 66 3 18561 248 314
377 18250 66 4 18627 311 377
795 18320 55 4 18682 307 362
72 18322 45 4 18727 360 405
973 18389 67 1 18794 338 405
859 18419 44 3 18838 375 419
779 18454 59 3 18897 384 443
946 18549 38 3 18936 349 387
998 18777 35 4 18971 159 194
18 18861 25 3 18996 110 135
30 18882 73 3 19069 114 187
659 18936 65 4 19135 134 199
331 18971 57 3 19192 164 221
287 19047 65 2 19257 145 210
474 19197 51 4 19309 61 112
840 19251 87 4 19396 58 145
747 19321 54 3 19451 76 130
352 19364 72 4 19523 87 159
954 19481 34 3 19558 43 77
550 19504 65 3 19623 54 119
594 19520 75 4 19698 103 178
315 19539 54 3 19753 160 214
724 19668 42 4 19795 85 127
42 19773 40 3 19836 23 63
50 19782 62 2 19898 54 116
214 19842 56 4 19955 57 113
844 19884 30 4 19985 71 101
858 19984 55 2 20041 2 57
531 20019 56 3 20098 23 79
725 20056 69 4 20168 43 112
1 20114 53 3 20222 55 108
641 20144 43 3 20265 78 121
832 20155 53 3 20318 110 163
890 20212 87 4 20406 107 194
697 20239 70 4 20476 167 237
73 20265 62 2 20538 211 273
753 20326 63 3 20602 213 276
920 20422 76 3 20678 180 256
664 20424 80 4 20758 254 334
148 20429 58 2 20816 329 387
502 20483 75 1 20891 333 408
913 20546 20 4 20912 346 366
979 20594 39 2 20951 318 357
250 20642 47 4 20998 309 356
668 20695 79 1 21077 303 382
490 20760 32 3 21109 317 349
410 20815 72 1 21181 294 366
320 20871 60 1 21241 310 370
770 20879 56 4 21297 362 418
508 20899 48 2 21346 399 447
450 21098 89 3 21435 248 337
205 21120 57 1 21492 315 372
301 21167 51 4 21543 325 376
976 21251 44 4 21587 292 336
156 21308 63 3 21651 280 343
188 21329 53 3 21704 322 375
963 21358 53 3 21757 346 399
519 21554 80 4 21837 203 283
862 21647 72 1 21910 191 263
782 21649 47 1 21957 261 308
636 21652 35 1 21992 305 340
108 21662 78 1 22070 330 408
366 21670 45 3 22115 400 445
873 21751 56 4 22171 364 420
67 21759 51 3 22222 412 463
940 21780 28 4 22250 442 470
556 21788 29 3 22279 462 491
75 21841 72 1 22352 439 511
336 21980 63 4 22415 372 435
339 21998 48 3 22463 417 465
544 22056 51 3 22514 407 458
908 22086 58 4 22572 428 486
927 22103 84 3 22656 469 553
423 22107 92 4 22748 549 641
85 22110 58 3 22806 638 696
869 22289 85 2 22892 518 603
10 22312 66 4 22958 580 646
626 22359 62 2 23020 599 661
426 22417 43 1 23063 603 646
768 22427 50 4 23113 636 686
239 22573 69 4 23182 540 609
119 22583 41 3 23223 599 640
154 22681 37 3 23260 542 579
819 22704 50 4 23310 556 606
891 22718 68 4 23378 592 660
467 22756 31 1 23409 622 653
793 22816 45 3 23455 594 639
181 22819 75 4 23530 636 711
759 22944 45 3 23575 586 631
804 22976 73 3 23648 599 672
657 22994 46 1 23694 654 700
179 23025 98 4 23792 669 767
564 23067 83 3 23875 725 808
142 23096 37 4 23912 779 816
244 23103 65 4 23977 809 874
662 23106 42 4 24019 871 913
888 23228 60 4 24079 791 851
328 23435 88 4 24168 645 733
165 23577 56 2 24224 591 647
792 23590 82 4 24306 634 716
447 23617 79 3 24385 689 768
247 23741 50 2 24435 644 694
746 23762 41 2 24476 673 714
139 23772 52 4 24528 704 756
84 23775 58 4 24586 753 811
552 23799 44 3 24630 787 831
443 23853 100 2 24730 777 877
273 23902 57 1 24787 828 885
648 23924 73 4 24860 863 936
584 23971 65 1 24925 889 954
936 24030 20 4 24945 895 915
854 24593 55 2 25001 353 408
216 24703 55 4 25056 298 353
658 24703 51 4 25107 353 404
55 24709 59 2 25166 398 457
799 24713 61 4 25227 453 514
738 24766 46 3 25273 461 507
133 24779 57 4 25330 494 551
264 24792 50 3 25380 538 588
355 24802 70 2 25450 578 648
684 24967 62 3 25513 484 546
45 25032 64 3 25577 481 545
932 25052 42 4 25619 525 567
464 25114 83 4 25702 505 588
748 25115 70 1 25772 587 657
233 25137 59 4 25831 635 694
722 25149 50 2 25881 682 732
631 25233 73 3 25954 648 721
814 25271 62 2 26016 683 745
727 25294 78 4 26094 722 800
846 25421 51 2 26145 673 724
454 25430 38 4 26183 715 753
184 25438 64 1 26247 745 809
988 25438 26 3 26273 809 835
629 25494 64 3 26338 780 844
506 25593 79 4 26417 745 824
698 25600 75 3 26492 817 892
997 25642 60 3 26552 850 910
834 25665 29 4 26581 887 916
76 25728 68 3 26649 853 921
195 25742 56 4 26705 907 963
592 25771 81 3 26786 934 1015
745 25880 56 3 26842 906 962
371 25890 32 2 26874 952 984
77 25900 58 3 26932 974 1032
669 25946 43 4 26975 986 1029
400 25987 42 3 27017 988 1030
841 26010 47 2 27064 1007 1054
415 26065 79 4 27143 999 1078
27 26077 56 2 27199 1066 1122
826 26113 40 1 27239 1086 1126
856 26161 48 4 27287 1078 1126
306 26323 50 3 27338 965 1015
327 26362 69 2 27407 976 1045
618 26474 30 1 27437 933 963
989 26528 56 3 27493 909 965
882 26654 88 3 27581 839 927
97 26897 83 3 27664 684 767
249 26938 77 4 27741 726 803
473 27209 72 4 27813 532 604
419 27214 65 4 27878 599 664
497 27259 63 4 27941 619 682
482 27417 70 4 28012 525 595
362 27441 65 2 28077 571 636
783 27457 57 1 28134 620 677
916 27516 56 3 28190 618 674
730 27584 60 4 28250 606 666
102 27625 86 3 28336 625 711
261 27772 74 4 28410 564 638
624 27833 46 2 28456 577 623
258 27953 65 4 28522 504 569
808 27995 73 4 28595 527 600
442 28029 78 2 28673 566 644
413 28072 64 4 28737 601 665
143 28124 76 4 28813 613 689
622 28125 97 4 28910 688 785
493 28219 85 1 28995 691 776
351 28324 50 3 29045 671 721
941 28408 63 4 29108 637 700
393 28426 61 4 29169 682 743
838 28469 50 2 29220 701 751
120 28570 53 4 29273 650 703
312 28620 70 4 29343 653 723
492 28674 39 3 29382 669 708
100 28678 52 4 29434 704 756
910 28710 28 4 29462 724 752
589 28766 72 4 29534 696 768
487 28771 48 2 29582 763 811
974 28773 52 2 29634 809 861
960 28859 30 4 29664 775 805
755 29055 44 1 29708 609 653
901 29097 62 3 29770 611 673
262 29303 64 4 29835 468 532
495 29420 71 1 29906 415 486
588 29455 78 3 29984 451 529
778 29558 79 1 30063 426 505
341 29652 67 2 30130 411 478
614 29874 60 4 30191 257 317
68 29898 53 2 30244 293 346
41 29920 66 4 30310 324 390
605 29955 56 4 30366 355 411
326 29983 67 2 30433 383 450
498 29991 66 3 30499 442 508
823 29991 57 3 30556 508 565
93 30035 45 1 30601 521 566
128 30040 64 2 30665 561 625
408 30042 55 4 30720 623 678
391 30115 40 4 30760 605 645
440 30156 45 4 30806 605 650
781 30348 58 4 30864 458 516
200 30465 23 3 30887 399 422
396 30510 84 3 30971 377 461
137 30638 54 4 31025 333 387
158 30645 63 2 31088 380 443
700 30738 76 4 31164 350 426
987 30766 79 4 31244 399 478
433 30877 63 3 31307 367 430
670 31082 63 3 31370 225 288
849 31104 60 1 31430 266 326
897 31123 50 3 31480 307 357
149 31127 77 4 31557 353 430
322 31138 49 4 31606 419 468
190 31318 63 2 31670 289 352
134 31365 53 4 31723 305 358
404 31411 24 4 31747 312 336
44 31502 85 4 31832 245 330
710 31624 81 4 31914 209 290
632 31836 47 4 31962 79 126
715 31859 82 3 32044 103 185
342 32054 75 3 32129 0 75
277 32078 59 3 32189 52 111
522 32330 41 3 32371 0 41
203 32356 69 3 32441 16 85
187 32389 60 1 32502 53 113
691 32425 69 3 32571 77 146
971 32487 72 2 32644 85 157
899 32676 65 4 32741 0 65
921 32750 71 2 32821 0 71
118 32840 68 2 32908 0 68
935 32842 100 3 33009 67 167
918 32845 100 3 33109 164 264
881 32999 49 4 33159 111 160
853 33183 69 3 33252 0 69
251 33231 63 4 33316 22 85
386 33551 61 3 33612 0 61
127 33707 80 1 33787 0 80
842 33725 85 3 33873 63 148
325 33900 60 4 33960 0 60
155 33940 50 4 34011 21 71
299 34005 48 4 34060 7 55
346 34006 84 4 34144 54 138
845 34012 92 3 34236 132 224
488 34066 64 4 34301 171 235
284 34131 37 3 34338 170 207
219 34168 64 3 34402 170 234
880 34204 61 3 34463 198 259
468 34219 67 4 34530 244 311
545 34524 76 4 34607 7 83
675 34534 68 4 34676 74 142
904 34568 60 3 34736 108 168
504 34569 28 2 34764 167 195
737 34736 64 3 34829 29 93
957 35056 63 3 35119 0 63
780 35066 61 3 35181 54 115
937 35115 45 2 35226 66 111
943 35162 41 4 35268 65 106
598 35178 46 4 35314 90 136
307 35411 54 4 35465 0 54
512 35468 71 2 35539 0 71
767 35511 49 2 35589 29 78
54 35570 45 2 35635 20 65
597 35582 31 3 35666 53 84
968 35613 74 2 35741 54 128
645 35699 67 4 35809 43 110
872 35756 80 4 35890 54 134
429 35870 85 1 35976 21 106
478 35885 61 2 36037 91 152
115 35889 58 4 36095 148 206
208 35892 79 3 36175 204 283
451 36022 60 2 36235 153 213
3 36256 68 3 36324 0 68
878 36277 57 3 36382 48 105
682 36380 95 3 36478 3 98
922 36451 90 1 36569 28 118
931 36468 47 2 36616 101 148
524 36590 70 4 36687 27 97
610 36648 52 2 36740 40 92
441 36718 63 3 36804 23 86
95 36970 86 4 37056 0 86
445 36982 48 4 37105 75 123
397 36991 35 2 37140 114 149
797 37014 48 3 37188 126 174
407 37033 78 1 37266 155 233
99 37053 47 3 37313 213 260
162 37065 53 2 37367 249 302
22 37068 41 3 37408 299 340
950 37100 87 2 37495 308 395
123 37114 91 4 37586 381 472
643 37289 23 4 37609 297 320
269 37293 54 3 37663 316 370
821 37322 41 3 37705 342 383
822 37505 69 4 37774 200 269
417 37508 67 4 37841 266 333
204 37509 55 3 37896 332 387
907 37603 77 4 37973 293 370
16 37613 58 4 38031 360 418
757 37683 60 4 38092 349 409
471 37846 52 2 38144 246 298
500 37896 57 1 38201 248 305
379 38018 56 4 38257 183 239
176 38333 64 1 38397 0 64
883 38346 57 4 38455 52 109
574 38587 82 3 38669 0 82
448 38610 55 4 38725 60 115
573 38621 68 3 38793 104 172
791 38633 46 4 38839 160 206
719 38821 37 3 38877 19 56
600 38822 53 4 38930 55 108
539 38869 68 2 38999 62 130
898 38979 57 4 39057 21 78
716 39005 46 4 39104 53 99
939 39114 76 4 39190 0 76
460 39130 71 4 39262 61 132
81 39193 54 3 39317 70 124
23 39416 55 2 39471 0 55
405 39477 53 2 39530 0 53
58 39502 66 4 39597 29 95
750 39581 55 4 39653 17 72
107 39594 86 2 39739 59 145
332 39596 97 4 39836 143 240
485 39675 37 4 39874 162 199
101 39914 54 2 39968 0 54
132 40060 63 1 40123 0 63
38 40062 70 3 40194 62 132
293 40148 77 4 40272 47 124
540 40153 65 4 40337 119 184
390 40230 51 3 40389 108 159
686 40348 60 4 40450 42 102
534 40366 52 3 40502 84 136
98 40376 46 4 40548 126 172
446 40393 60 3 40609 156 216
456 40452 89 3 40698 157 246
861 40465 31 3 40729 233 264
815 40540 50 3 40779 189 239
739 40574 71 1 40851 206 277
929 40615 44 2 40895 236 280
527 40633 70 4 40965 262 332
681 40646 48 4 41013 319 367
812 40716 26 3 41039 297 323
40 40720 59 2 41098 319 378
499 40773 53 1 41151 325 378
70 40915 47 4 41199 237 284
909 40942 69 4 41268 257 326
956 40980 79 2 41347 288 367
892 41055 45 4 41392 292 337
229 41151 43 2 41435 241 284
526 41160 61 4 41497 276 337
220 41174 30 2 41527 323 353
704 41279 62 3 41589 248 310
911 41460 36 2 41626 130 166
276 41521 43 4 41669 105 148
732 41605 80 4 41750 65 145
701 41665 49 4 41799 85 134
17 41809 59 4 41868 0 59
365 42004 47 4 42051 0 47
593 42051 47 3 42099 1 48
28 42133 75 4 42208 0 75
57 42166 81 2 42290 43 124
967 42176 39 2 42329 114 153
309 42224 95 2 42425 106 201
164 42229 66 4 42491 196 262
21 42280 65 2 42556 211 276
562 42295 68 2 42624 261 329
283 42295 89 4 42713 329 418
104 42440 63 1 42777 274 337
507 42529 62 4 42839 248 310
999 42571 51 3 42890 268 319
990 42635 78 1 42968 255 333
476 42653 38 2 43006 315 353
769 42754 62 4 43069 253 315
802 42978 46 4 43115 91 137
902 43370 59 4 43429 0 59
243 43425 34 2 43464 5 39
567 43607 74 4 43681 0 74
452 43615 58 3 43740 67 125
609 43661 52 4 43792 79 131
575 43704 61 4 43854 89 150
886 43711 67 4 43921 143 210
713 43723 55 2 43976 198 253
59 43789 34 1 44010 187 221
303 43962 53 4 44064 49 102
900 44116 57 3 44173 0 57
124 44239 59 4 44298 0 59
933 44309 20 4 44329 0 20
754 44345 31 3 44376 0 31
830 44374 37 4 44414 3 40
894 44384 64 2 44479 31 95
734 44576 57 2 44633 0 57
53 44589 67 3 44701 45 112
234 44669 50 1 44752 33 83
667 44747 69 3 44822 6 75
568 44804 53 2 44876 19 72
623 45043 51 3 45094 0 51
489 45045 46 2 45141 50 96
29 45128 53 2 45195 14 67
236 45150 56 2 45252 46 102
373 45158 100 3 45352 94 194
388 45189 73 3 45425 163 236
414 45200 53 4 45479 226 279
178 45222 82 2 45561 257 339
138 45225 55 1 45616 336 391
192 45349 51 4 45667 267 318
150 45395 60 1 45727 272 332
96 45428 53 3 45781 300 353
712 45443 66 4 45847 338 404
453 45610 63 3 45910 237 300
733 45615 66 4 45976 295 361
776 45756 52 4 46029 221 273
153 45870 36 2 46065 159 195
136 45938 48 2 46113 127 175
620 46050 40 3 46154 64 104
635 46151 44 3 46199 4 48
477 46184 65 4 46265 16 81
546 46235 67 2 46333 31 98
37 46622 53 3 46675 0 53
720 46730 34 3 46764 0 34
183 46751 64 3 46829 14 78
509 46812 68 4 46898 18 86
982 46858 33 2 46932 41 74
459 46911 75 2 47008 22 97
824 47012 53 2 47065 0 53
654 47086 59 4 47145 0 59
401 47192 70 1 47262 0 70
551 47192 41 2 47303 70 111
56 47278 48 2 47352 26 74
613 47283 42 4 47394 69 111
231 47548 32 4 47580 0 32
983 47647 69 3 47716 0 69
215 47661 90 4 47807 56 146
760 47679 33 1 47840 128 161
395 47817 59 2 47900 24 83
703 47921 45 4 47966 0 45
952 48311 95 2 48406 0 95
690 48327 43 4 48450 80 123
870 48458 73 1 48531 0 73
917 48481 53 3 48585 51 104
893 48507 64 3 48649 78 142
237 48530 68 2 48717 119 187
706 48884 66 2 48950 0 66
807 49007 59 1 49066 0 59
458 49077 52 3 49129 0 52
771 49089 60 4 49190 41 101
145 49096 61 4 49251 94 155
496 49112 53 4 49304 139 192
180 49130 67 4 49371 174 241
787 49250 70 2 49442 122 192
420 49291 57 3 49499 151 208
174 49329 61 1 49560 170 231
962 49401 47 3 49608 160 207
603 49455 57 4 49665 153 210
52 49504 42 4 49707 161 203
543 49686 36 2 49744 22 58
43 49750 42 4 49792 0 42
116 49813 58 2 49871 0 58
864 49886 61 3 49947 0 61
20 49913 49 3 49997 35 84
677 49964 100 3 50098 34 134
634 50330 53 2 50383 0 53
587 50371 75 3 50459 13 88
254 50409 45 2 50505 51 96
11 50516 68 4 50584 0 68
794 50548 62 3 50647 37 99
263 51018 51 4 51069 0 51
717 51146 33 4 51179 0 33
196 51152 55 1 51235 28 83
905 51218 46 3 51282 18 64
252 51227 50 3 51332 55 105
227 51487 63 1 51550 0 63
295 51520 60 4 51611 31 91
2 51760 44 3 51804 0 44
318 51767 51 4 51856 38 89
865 51772 51 4 51907 84 135
375 51873 50 3 51958 35 85
381 52078 35 4 52113 0 35
777 52086 91 3 52205 28 119
392 52148 90 4 52296 58 148
942 52636 49 4 52685 0 49
131 52790 72 2 52862 0 72
78 52820 36 2 52899 43 79
788 52912 78 2 52990 0 78
439 53142 62 4 53204 0 62
260 53291 74 2 53365 0 74
505 53299 70 3 53436 67 137
294 53360 80 1 53516 76 156
857 53373 52 1 53569 144 196
374 53397 61 3 53630 172 233
800 53413 53 3 53683 217 270
602 53717 70 2 53787 0 70
483 53797 69 3 53866 0 69
169 53800 47 4 53914 67 114
977 54004 74 3 54078 0 74
708 54015 61 3 54140 64 125
514 54097 80 4 54221 44 124
278 54179 83 2 54305 43 126
65 54184 48 2 54353 121 169
103 54259 77 4 54431 95 172
358 54296 81 3 54512 135 216
129 54304 83 3 54595 208 291
633 54435 66 2 54662 161 227
173 54565 72 3 54734 97 169
348 54611 67 4 54802 124 191
182 54940 63 4 55003 0 63
177 54995 46 3 55050 9 55
172 55036 60 4 55111 15 75
640 55177 73 4 55250 0 73
565 55190 56 4 55307 61 117
581 55236 64 4 55371 71 135
569 55238 89 4 55460 133 222
194 55259 71 4 55532 202 273
742 55850 76 3 55926 0 76
758 55883 51 4 55978 44 95
938 56073 33 3 56106 0 33
49 56084 74 4 56181 23 97
827 56118 62 3 56244 64 126
642 56243 95 4 56340 2 97
111 56304 49 4 56390 37 86
923 56450 68 2 56518 0 68
820 56517 39 4 56558 2 41
828 56682 79 2 56761 0 79
372 56898 57 4 56955 0 57
906 57357 68 2 57425 0 68
947 57746 57 3 57803 0 57
457 57781 64 3 57868 23 87
449 57973 66 3 58039 0 66
272 58044 65 4 58109 0 65
608 58178 57 2 58235 0 57
809 58230 83 3 58319 6 89
246 58325 54 1 58379 0 54
796 58357 61 1 58441 23 84
934 58702 83 2 58785 0 83
305 58815 51 3 58866 0 51
683 59049 70 3 59119 0 70
836 59286 88 2 59374 0 88
370 59302 56 3 59431 73 129
558 59349 49 3 59480 82 131
8 59376 85 4 59566 105 190
855 59666 69 1 59735 0 69
985 60131 42 4 60173 0 42
472 60145 81 1 60255 29 110
64 60159 63 3 60318 96 159
786 60329 62 2 60391 0 62
213 60356 59 4 60451 36 95
752 60742 42 4 60784 0 42
874 60808 67 4 60875 0 67
202 61061 55 4 61116 0 55
576 61122 54 2 61176 0 54
368 61165 46 1 61223 12 58
157 61300 36 2 61336 0 36
475 61342 88 4 61430 0 88
528 61437 73 3 61510 0 73
291 61456 59 3 61570 55 114
728 61607 69 4 61676 0 69
674 61674 57 4 61734 3 60
995 61697 71 2 61806 38 109
313 61763 93 4 61900 44 137
926 61825 59 1 61960 76 135
298 62014 60 3 62074 0 60
398 62036 20 3 62095 39 59
87 62181 59 4 62240 0 59
225 62333 49 2 62382 0 49
212 62334 62 3 62445 49 111
6 62435 58 4 62504 11 69
378 62444 60 2 62564 60 120
639 62480 62 1 62627 85 147
141 62483 100 4 62727 144 244
9 62646 98 3 62826 82 180
532 62695 87 2 62913 131 218
469 62905 42 3 62956 9 51
290 62928 67 2 63024 29 96
308 62940 61 4 63085 84 145
288 63230 68 3 63298 0 68
238 63341 71 1 63412 0 71
357 63466 54 4 63520 0 54
121 63581 85 4 63666 0 85
421 63750 77 4 63827 0 77
868 63761 32 4 63860 67 99
672 63925 40 2 63965 0 40
185 63962 79 2 64045 4 83
106 63964 53 4 64098 81 134
599 64045 27 3 64126 54 81
649 64058 54 3 64180 68 122
242 64101 58 4 64239 80 138
491 64116 84 1 64323 123 207
494 64361 60 2 64421 0 60
163 64585 99 4 64684 0 99
536 64876 69 2 64945 0 69
537 65047 60 2 65107 0 60
344 65098 45 4 65153 10 55
810 65369 33 2 65402 0 33
653 65396 80 4 65483 7 87
86 65451 62 4 65546 33 95
356 65618 61 4 65679 0 61
470 65981 38 4 66019 0 38
60 66139 69 4 66208 0 69
226 66218 47 1 66265 0 47
74 66762 72 2 66834 0 72
579 66883 80 1 66963 0 80
806 67110 78 4 67188 0 78
422 67201 99 3 67300 0 99
851 67233 61 4 67362 68 129
130 67300 55 4 67417 62 117
270 67343 68 1 67486 75 143
685 67451 43 4 67530 36 79
51 68026 48 4 68074 0 48
241 68208 55 4 68263 0 55
555 68450 70 4 68520 0 70
117 68701 49 3 68750 0 49
310 68816 64 2 68880 0 64
361 68881 34 2 68915 0 34
147 69009 75 4 69084 0 75
335 69035 64 4 69149 50 114
879 69136 70 4 69220 14 84
749 69173 63 3 69284 48 111
721 69336 44 2 69380 0 44
993 69396 44 4 69440 0 44
520 69868 75 3 69943 0 75
113 70116 70 3 70186 0 70
209 70301 52 3 70353 0 52
39 70495 80 3 70575 0 80
607 70567 57 3 70633 9 66
363 70674 55 4 70729 0 55
736 70782 68 4 70850 0 68
884 70827 74 2 70925 24 98
763 71044 65 3 71109 0 65
79 71090 80 4 71190 20 100
774 71090 57 1 71247 100 157
951 71424 76 3 71500 0 76
271 71906 42 4 71948 0 42
965 72397 53 1 72450 0 53
621 72671 69 3 72740 0 69
160 72879 51 4 72930 0 51
530 72930 80 1 73011 1 81
518 73152 58 2 73210 0 58
578 73491 64 3 73555 0 64
611 73547 79 2 73635 9 88
615 73586 44 3 73680 50 94
394 74154 48 4 74202 0 48
521 74318 73 2 74391 0 73
343 74661 55 1 74716 0 55
359 75023 42 4 75065 0 42
46 75065 45 2 75111 1 46
964 75132 53 2 75185 0 53
304 76080 59 4 76139 0 59
666 76719 60 3 76779 0 60
775 76819 60 3 76879 0 60
563 76978 44 3 77022 0 44
689 77409 100 3 77509 0 100
329 77895 57 3 77952 0 57
289 78076 85 3 78161 0 85
596 78184 37 3 78221 0 37
646 78885 32 2 78917 0 32
159 78933 80 3 79013 0 80
560 78959 71 3 79085 55 126
387 79056 39 1 79125 30 69
525 79158 60 1 79218 0 60
616 79316 79 4 79395 0 79
694 79352 69 4 79465 44 113
218 79629 52 3 79681 0 52
994 79640 51 4 79733 42 93
438 79916 65 4 79981 0 65
279 79988 81 4 80069 0 81
319 80039 45 3 80115 31 76
461 81396 88 3 81484 0 88
171 81965 31 3 81996 0 31
434 82055 62 2 82117 0 62
547 82150 73 4 82223 0 73
256 82358 61 3 82419 0 61
89 83045 45 2 83090 0 45
570 84926 58 3 84984 0 58
535 85235 67 2 85302 0 67
944 85618 64 1 85682 0 64
896 85730 73 4 85803 0 73
829 85810 52 3 85862 0 52
895 86245 51 1 86296 0 51
625 87188 69 4 87257 0 69
561 87481 58 4 87539 0 58
818 87540 61 4 87601 0 61
676 88435 57 2 88492 0 57
161 88573 52 1 88625 0 52
1000 88613 64 4 88690 13 77
986 89907 59 1 89966 0 59
193 89969 49 4 90018 0 49
481 90042 91 3 90133 0 91
71 90266 62 4 90328 0 62
678 90414 70 2 90484 0 70
991 90596 68 2 90664 0 68
463 91414 72 4 91486 0 72
424 91782 44 2 91826 0 44
553 92662 68 4 92730 0 68
692 92698 40 4 92771 33 73
484 92786 71 2 92857 0 71
586 93825 56 3 93881 0 56
317 96155 73 4 96228 0 73
311 97619 43 3 97662 0 43
