96396 1000 578 518
710 24 76 4 100 0 76
757 51 62 4 163 50 112
593 52 62 4 225 111 173
888 114 65 4 291 112 177
201 120 68 4 359 171 239
219 141 43 3 402 218 261
722 254 63 2 466 149 212
355 300 41 3 507 166 207
303 358 60 3 567 149 209
13 373 59 2 626 194 253
803 414 68 4 695 213 281
683 493 79 2 774 202 281
932 495 84 3 858 279 363
785 525 50 3 908 333 383
556 560 37 4 945 348 385
800 605 53 4 998 340 393
138 728 59 3 1058 271 330
61 736 62 3 1120 322 384
99 858 61 4 1181 262 323
748 858 68 1 1249 323 391
540 866 87 1 1336 383 470
754 921 90 2 1426 415 505
271 962 37 2 1463 464 501
77 1070 61 2 1525 394 455
856 1149 55 2 1580 376 431
407 1166 69 3 1649 414 483
567 1181 70 3 1719 468 538
94 1187 57 3 1776 532 589
965 1196 36 4 1812 580 616
759 1253 61 4 1873 559 620
127 1271 54 3 1927 602 656
863 1349 87 4 2014 578 665
364 1392 59 2 2073 622 681
849 1396 55 3 2128 677 732
232 1482 38 4 2167 647 685
97 1521 57 4 2224 646 703
479 1567 46 3 2270 657 703
496 1574 49 3 2319 696 745
975 1607 50 4 2369 712 762
503 1703 79 4 2448 666 745
985 1928 72 2 2520 520 592
598 1958 51 3 2571 562 613
259 2031 36 3 2607 540 576
779 2176 70 3 2678 432 502
241 2260 68 2 2746 418 486
59 2321 52 4 2798 425 477
446 2411 46 3 2844 387 433
60 2462 49 4 2893 382 431
292 2503 67 3 2960 390 457
368 2521 41 4 3001 439 480
892 2553 44 4 3045 448 492
992 2770 81 4 3127 276 357
480 2871 59 4 3186 256 315
16 2908 78 3 3264 278 356
669 2974 52 2 3316 290 342
599 2997 75 4 3391 319 394
494 3015 72 2 3463 376 448
952 3143 71 3 3535 321 392
90 3164 64 3 3599 371 435
875 3269 61 4 3660 330 391
240 3278 75 4 3735 382 457
919 3327 32 2 3767 408 440
522 3362 87 3 3854 405 492
489 3383 65 4 3919 471 536
359 3391 76 4 3995 528 604
868 3485 55 4 4051 511 566
804 3488 72 3 4123 563 635
961 3531 70 4 4193 592 662
35 3579 76 3 4269 614 690
692 3640 56 3 4325 629 685
33 3688 57 3 4382 637 694
943 3765 55 4 4437 617 672
546 3800 77 4 4514 637 714
655 3917 62 2 4576 597 659
374 3959 67 1 4643 617 684
603 4063 62 4 4706 581 643
566 4092 88 3 4794 614 702
247 4095 43 4 4837 699 742
202 4135 65 3 4902 702 767
592 4221 89 3 4991 681 770
326 4302 71 4 5062 689 760
862 4382 67 3 5129 680 747
799 4394 57 1 5186 735 792
859 4490 59 4 5245 696 755
183 4622 30 2 5275 623 653
890 4628 57 2 5332 647 704
169 4628 80 3 5412 704 784
815 4668 79 4 5492 745 824
507 4697 43 4 5535 795 838
81 4705 72 4 5607 830 902
776 4738 67 2 5674 869 936
251 4754 71 2 5745 920 991
354 4850 65 3 5810 895 960
908 4910 77 3 5887 900 977
239 4961 55 3 5942 926 981
808 5039 45 3 5987 903 948
901 5146 55 4 6042 841 896
306 5151 65 3 6107 891 956
69 5152 38 4 6145 955 993
385 5180 72 1 6217 965 1037
821 5337 73 4 6290 880 953
404 5339 59 3 6349 951 1010
235 5384 73 2 6422 965 1038
902 5411 66 4 6488 1011 1077
189 5526 46 2 6535 963 1009
850 5555 56 3 6591 980 1036
1 5663 64 2 6655 928 992
361 5666 48 4 6703 989 1037
783 5690 60 3 6763 1013 1073
482 5723 51 4 6814 1040 1091
700 5767 52 2 6866 1047 1099
944 5852 74 4 6940 1014 1088
563 5865 37 3 6977 1075 1112
694 5935 68 3 7045 1042 1110
696 5958 83 3 7128 1087 1170
227 6013 28 3 7156 1115 1143
739 6019 56 2 7212 1137 1193
910 6054 20 4 7232 1158 1178
490 6106 81 4 7313 1126 1207
431 6129 72 3 7385 1184 1256
244 6153 46 4 7431 1232 1278
542 6206 78 4 7509 1225 1303
744 6286 69 2 7578 1223 1292
845 6314 80 3 7658 1264 1344
530 6427 81 2 7739 1231 1312
913 6445 68 2 7807 1294 1362
175 6615 52 4 7860 1193 1245
464 6758 79 2 7939 1102 1181
236 6762 61 4 8000 1177 1238
378 6810 84 2 8084 1190 1274
581 6946 35 1 8119 1138 1173
15 7009 60 4 8179 1110 1170
485 7016 93 2 8272 1163 1256
680 7023 78 2 8350 1249 1327
74 7031 38 3 8388 1319 1357
693 7114 52 4 8440 1274 1326
108 7118 51 4 8491 1322 1373
211 7137 57 4 8548 1354 1411
415 7227 56 3 8604 1321 1377
14 7235 64 3 8668 1369 1433
706 7310 63 2 8731 1358 1421
133 7325 57 2 8788 1406 1463
811 7342 72 4 8860 1446 1518
102 7412 52 2 8912 1448 1500
182 7432 69 3 8981 1480 1549
847 7440 66 1 9047 1541 1607
798 7493 68 4 9115 1554 1622
242 7493 61 3 9176 1622 1683
217 7620 61 4 9237 1556 1617
418 7640 47 3 9284 1597 1644
679 7665 70 4 9354 1619 1689
447 7743 69 3 9423 1611 1680
760 7761 63 4 9486 1662 1725
498 7780 28 4 9514 1706 1734
993 7837 54 2 9569 1678 1732
104 7861 67 1 9636 1708 1775
533 7864 30 3 9666 1772 1802
997 7907 66 4 9732 1759 1825
792 8166 30 4 9762 1566 1596
767 8172 44 4 9806 1590 1634
64 8234 62 2 9868 1572 1634
531 8388 40 4 9908 1480 1520
70 8441 43 3 9951 1467 1510
31 8453 46 3 9997 1498 1544
300 8512 73 2 10070 1485 1558
515 8545 80 3 10150 1525 1605
686 8574 33 4 10183 1576 1609
314 8577 34 4 10217 1606 1640
765 8600 56 1 10273 1617 1673
631 8847 75 3 10348 1426 1501
978 8875 69 4 10417 1473 1542
218 8945 60 4 10477 1472 1532
670 8955 58 3 10535 1522 1580
215 9132 40 2 10575 1403 1443
380 9135 56 2 10631 1440 1496
146 9301 52 4 10683 1330 1382
899 9322 79 2 10762 1361 1440
998 9359 77 1 10839 1403 1480
797 9441 59 3 10898 1398 1457
832 9518 62 3 10961 1381 1443
956 9539 63 4 11024 1422 1485
484 9586 58 2 11082 1438 1496
307 9637 84 1 11166 1445 1529
256 9718 67 3 11233 1448 1515
62 9746 55 2 11288 1487 1542
742 9771 58 2 11346 1517 1575
71 9808 53 3 11399 1538 1591
904 9834 57 2 11456 1565 1622
775 9875 34 3 11490 1581 1615
299 9877 65 3 11555 1613 1678
652 10059 59 4 11614 1496 1555
562 10083 29 2 11643 1531 1560
477 10083 54 1 11697 1560 1614
91 10307 62 2 11759 1390 1452
287 10362 43 2 11802 1397 1440
492 10386 29 4 11831 1416 1445
73 10444 60 4 11891 1387 1447
979 10473 58 4 11949 1418 1476
82 10625 55 4 12004 1324 1379
349 10646 41 4 12045 1358 1399
828 10646 54 3 12099 1399 1453
302 10693 49 3 12148 1406 1455
610 10715 55 2 12203 1433 1488
827 10798 65 1 12268 1405 1470
327 10999 77 2 12346 1270 1347
771 11048 42 4 12388 1298 1340
630 11091 59 2 12447 1297 1356
22 11269 79 2 12526 1178 1257
568 11297 41 2 12567 1229 1270
649 11373 71 4 12638 1194 1265
658 11408 62 3 12700 1230 1292
912 11432 77 1 12777 1268 1345
977 11442 52 4 12829 1335 1387
967 11576 65 4 12894 1253 1318
162 11596 60 3 12954 1298 1358
23 11704 58 1 13012 1250 1308
273 11728 58 3 13070 1284 1342
688 11752 73 3 13143 1318 1391
344 11787 42 3 13185 1356 1398
43 11805 85 4 13270 1380 1465
137 11913 77 3 13347 1357 1434
511 12075 57 4 13404 1272 1329
521 12093 84 3 13488 1311 1395
506 12094 46 3 13534 1394 1440
976 12253 68 2 13602 1281 1349
222 12271 43 4 13646 1332 1375
284 12325 67 3 13713 1321 1388
791 12388 35 4 13748 1325 1360
499 12417 70 1 13818 1331 1401
938 12489 54 4 13872 1329 1383
857 12521 42 3 13914 1351 1393
101 12578 40 4 13954 1336 1376
704 12591 67 1 14021 1363 1430
633 12737 58 2 14079 1284 1342
208 12765 91 4 14170 1314 1405
365 12782 52 2 14222 1388 1440
193 12850 36 2 14258 1372 1408
118 12990 44 3 14302 1268 1312
747 13056 52 3 14354 1246 1298
588 13096 48 4 14402 1258 1306
524 13206 53 1 14455 1196 1249
347 13239 74 4 14529 1216 1290
103 13253 75 3 14604 1276 1351
276 13400 48 2 14652 1204 1252
331 13440 51 3 14703 1212 1263
651 13477 61 3 14764 1226 1287
58 13560 85 4 14849 1204 1289
576 13566 54 3 14903 1283 1337
951 13651 40 2 14944 1253 1293
441 13758 88 1 15032 1186 1274
392 13811 53 3 15085 1221 1274
500 13827 47 1 15132 1258 1305
166 13851 46 3 15178 1281 1327
433 14049 59 2 15237 1129 1188
128 14160 54 3 15291 1077 1131
68 14239 59 2 15350 1052 1111
106 14380 35 3 15385 970 1005
402 14406 52 3 15437 979 1031
336 14460 33 2 15470 977 1010
953 14476 53 3 15523 994 1047
607 14553 48 4 15571 970 1018
353 14572 81 2 15652 999 1080
525 14646 73 4 15725 1006 1079
577 14703 72 3 15797 1022 1094
268 14823 56 4 15853 974 1030
455 14840 93 4 15946 1013 1106
158 14886 59 2 16005 1060 1119
400 14932 65 1 16071 1074 1139
308 15043 79 4 16150 1028 1107
702 15080 60 4 16210 1070 1130
766 15088 66 2 16276 1122 1188
197 15110 49 4 16325 1166 1215
508 15161 55 2 16380 1164 1219
93 15284 73 3 16453 1096 1169
257 15300 73 3 16526 1153 1226
916 15309 96 3 16622 1217 1313
230 15348 52 4 16674 1274 1326
340 15366 73 2 16747 1308 1381
456 15436 40 3 16787 1311 1351
729 15500 90 4 16877 1287 1377
585 15529 59 4 16936 1348 1407
36 15590 55 3 16991 1346 1401
718 15701 71 1 17062 1290 1361
398 15800 88 3 17150 1262 1350
185 15863 56 2 17206 1287 1343
512 15887 44 4 17250 1319 1363
184 15944 70 3 17320 1306 1376
152 15956 43 4 17363 1364 1407
884 15965 40 3 17403 1398 1438
412 16078 67 3 17471 1326 1393
262 16130 65 1 17536 1341 1406
295 16135 74 2 17610 1401 1475
501 16155 52 4 17662 1455 1507
900 16176 74 4 17736 1486 1560
141 16193 70 4 17806 1543 1613
57 16213 80 4 17886 1593 1673
596 16344 39 2 17925 1542 1581
297 16356 58 3 17983 1569 1627
613 16377 35 4 18018 1606 1641
629 16386 51 4 18069 1632 1683
852 16420 62 3 18131 1649 1711
269 16539 32 4 18163 1592 1624
806 16552 77 4 18240 1611 1688
245 16598 71 4 18311 1642 1713
154 16646 74 4 18385 1665 1739
833 16871 73 1 18458 1514 1587
39 16872 50 1 18508 1586 1636
160 16895 79 2 18587 1613 1692
963 17038 59 1 18646 1549 1608
80 17116 57 2 18703 1530 1587
595 17124 32 3 18735 1579 1611
922 17187 57 3 18792 1548 1605
280 17200 94 1 18886 1592 1686
666 17203 64 1 18950 1683 1747
668 17210 56 3 19006 1740 1796
405 17309 75 2 19081 1697 1772
274 17315 76 3 19157 1766 1842
608 17448 62 3 19220 1710 1772
420 17457 53 3 19273 1763 1816
413 17539 76 3 19349 1734 1810
949 17548 50 4 19399 1801 1851
517 17550 56 3 19455 1849 1905
465 17551 63 2 19518 1904 1967
816 17570 43 3 19561 1948 1991
372 17593 51 3 19612 1968 2019
701 17640 31 1 19643 1972 2003
120 17656 42 2 19685 1987 2029
89 17749 61 4 19746 1936 1997
320 17793 93 3 19839 1953 2046
968 17805 75 3 19914 2034 2109
176 17892 51 4 19965 2022 2073
168 18117 32 4 19997 1848 1880
605 18161 55 4 20052 1836 1891
756 18174 42 3 20094 1878 1920
46 18178 41 4 20135 1916 1957
773 18191 75 2 20210 1944 2019
48 18192 50 4 20260 2018 2068
350 18290 73 4 20333 1970 2043
26 18378 74 4 20407 1955 2029
440 18433 58 4 20465 1974 2032
721 18534 42 1 20507 1931 1973
290 18555 62 1 20569 1952 2014
551 18732 20 4 20589 1837 1857
824 18865 49 3 20638 1724 1773
565 18867 54 3 20692 1771 1825
929 18871 68 3 20760 1821 1889
935 18904 50 4 20810 1856 1906
589 18931 62 3 20872 1879 1941
157 19001 43 4 20915 1871 1914
745 19062 55 3 20970 1853 1908
837 19078 57 2 21027 1892 1949
667 19383 50 2 21078 1645 1695
879 19384 62 1 21140 1694 1756
5 19401 66 2 21206 1739 1805
177 19403 34 3 21240 1803 1837
72 19615 56 4 21296 1625 1681
858 19687 56 4 21352 1609 1665
317 20219 59 3 21411 1133 1192
457 20351 61 4 21472 1060 1121
872 20352 51 4 21523 1120 1171
644 20397 75 4 21598 1126 1201
583 20653 49 4 21647 945 994
246 20772 49 3 21696 875 924
190 20792 70 3 21766 904 974
224 20887 28 4 21794 879 907
486 20910 59 4 21853 884 943
575 20952 72 4 21925 901 973
130 20966 48 4 21973 959 1007
238 20979 47 3 22020 994 1041
678 21203 64 2 22085 818 882
67 21220 94 2 22179 865 959
705 21386 66 2 22245 793 859
332 21408 56 4 22301 837 893
399 21508 44 4 22345 793 837
362 21613 69 4 22414 732 801
578 21616 100 2 22514 798 898
195 21689 62 3 22576 825 887
996 21715 56 4 22632 861 917
557 21860 59 3 22691 772 831
794 21883 70 2 22761 808 878
261 22022 86 2 22848 740 826
20 22354 73 2 22921 494 567
983 22356 54 3 22975 565 619
841 22475 88 1 23063 500 588
870 22536 38 3 23101 527 565
87 22781 46 4 23148 321 367
312 22862 74 4 23222 286 360
582 22884 56 4 23278 338 394
231 22966 39 3 23317 312 351
45 23033 80 4 23397 284 364
234 23040 56 3 23453 357 413
250 23079 66 3 23519 374 440
543 23193 57 3 23577 327 384
4 23202 53 2 23630 375 428
836 23221 62 4 23692 409 471
32 23256 50 4 23742 436 486
363 23329 88 3 23830 413 501
587 23335 60 4 23890 495 555
597 23367 58 4 23948 523 581
237 23369 54 3 24002 579 633
281 23430 38 1 24040 572 610
19 23470 64 4 24104 570 634
676 23478 20 4 24124 626 646
617 23515 50 3 24174 609 659
987 23520 62 1 24236 654 716
110 23530 61 4 24298 707 768
571 23539 41 4 24339 759 800
732 23556 57 3 24396 783 840
782 23595 81 4 24477 801 882
212 23700 23 3 24500 777 800
893 23717 60 3 24560 783 843
131 23755 71 4 24631 805 876
151 23782 75 3 24706 849 924
891 23787 61 2 24767 919 980
520 23911 50 3 24817 856 906
636 23927 52 4 24869 890 942
746 23997 45 4 24914 872 917
403 24004 57 3 24971 910 967
914 24136 42 4 25013 835 877
460 24181 78 2 25091 832 910
277 24239 57 3 25149 853 910
341 24268 52 4 25201 881 933
186 24313 52 4 25253 888 940
880 24313 44 3 25297 940 984
689 24328 74 2 25371 969 1043
641 24347 43 3 25414 1024 1067
305 24597 70 2 25484 817 887
650 24597 46 4 25530 887 933
982 24624 51 2 25581 906 957
474 24781 51 3 25632 800 851
475 24855 61 1 25693 777 838
225 24988 54 4 25747 705 759
111 25022 47 3 25794 725 772
313 25132 60 2 25855 663 723
772 25169 65 3 25920 686 751
736 25307 52 3 25972 613 665
920 25351 43 2 26015 621 664
377 25408 41 4 26056 607 648
370 25503 59 4 26115 553 612
640 25675 50 4 26165 440 490
98 25943 52 4 26218 223 275
3 25946 61 4 26279 272 333
554 26003 66 4 26345 276 342
831 26009 47 1 26392 336 383
129 26036 81 2 26473 356 437
390 26040 52 3 26525 433 485
463 26112 50 3 26575 413 463
358 26123 44 2 26619 452 496
454 26134 59 4 26678 485 544
964 26181 46 4 26725 498 544
156 26196 57 3 26782 529 586
382 26220 51 3 26833 562 613
100 26230 41 3 26874 603 644
528 26419 73 2 26947 455 528
564 26462 76 3 27023 485 561
422 26510 73 4 27096 513 586
346 26626 76 3 27172 470 546
395 26629 41 2 27213 543 584
781 26737 51 3 27265 477 528
393 26820 61 2 27326 445 506
784 26962 78 4 27404 364 442
789 27133 68 1 27472 271 339
348 27219 60 1 27533 254 314
883 27222 35 2 27568 311 346
435 27229 85 4 27653 339 424
476 27473 50 4 27703 180 230
855 27536 75 4 27779 168 243
267 27664 52 3 27831 115 167
386 27687 52 4 27883 144 196
321 27746 68 4 27952 138 206
733 27765 44 4 27996 187 231
986 27857 65 1 28061 139 204
472 28088 20 2 28108 0 20
478 28174 72 4 28246 0 72
876 28183 40 4 28287 64 104
123 28214 68 4 28355 73 141
66 28245 77 4 28432 110 187
659 28307 48 4 28481 126 174
950 28330 61 2 28542 151 212
258 28367 57 4 28599 175 232
282 28479 25 4 28625 121 146
342 28527 70 3 28695 98 168
709 28552 61 4 28756 143 204
423 28794 52 2 28846 0 52
770 28820 44 4 28891 27 71
221 28866 76 3 28968 26 102
905 28896 52 2 29021 73 125
989 29099 56 2 29155 0 56
416 29185 46 2 29231 0 46
449 29253 44 2 29297 0 44
122 29264 79 3 29377 34 113
96 29474 59 3 29533 0 59
493 29683 53 3 29736 0 53
526 29762 49 4 29811 0 49
698 29802 53 3 29865 10 63
351 29820 58 4 29924 46 104
634 29935 77 3 30012 0 77
737 29937 58 4 30071 76 134
802 30044 77 3 30149 28 105
725 30219 100 3 30319 0 100
54 30231 60 4 30380 89 149
205 30324 62 3 30443 57 119
819 30340 100 3 30543 103 203
301 30350 42 4 30585 193 235
115 30382 62 4 30648 204 266
751 30429 76 3 30724 219 295
194 30609 64 2 30789 116 180
149 30610 57 1 30846 179 236
642 30670 81 3 30927 176 257
143 30874 51 2 30979 54 105
812 30975 71 4 31051 5 76
934 30994 69 4 31121 58 127
778 31016 45 2 31166 105 150
381 31114 70 4 31237 53 123
930 31164 63 4 31300 73 136
749 31246 82 2 31383 55 137
728 31265 91 4 31474 118 209
915 31266 65 3 31539 208 273
24 31336 34 4 31574 204 238
909 31568 44 3 31619 7 51
664 31571 73 3 31692 48 121
990 31707 91 4 31798 0 91
948 31843 72 3 31915 0 72
602 31882 56 2 31972 34 90
580 31991 30 2 32021 0 30
712 32119 32 2 32151 0 32
844 32207 39 4 32246 0 39
675 32270 71 2 32341 0 71
854 32303 77 1 32419 39 116
871 32411 47 3 32467 9 56
657 32427 77 3 32545 41 118
939 32430 26 1 32571 115 141
570 32447 49 3 32620 124 173
818 32474 49 4 32670 147 196
448 32573 44 3 32714 97 141
144 32674 78 3 32793 41 119
647 32736 52 4 32846 58 110
717 32823 59 1 32906 24 83
388 33154 60 3 33214 0 60
394 33228 55 1 33283 0 55
646 33278 43 3 33327 6 49
495 33284 44 3 33371 43 87
419 33391 62 1 33453 0 62
55 33429 64 2 33518 25 89
988 33478 60 2 33579 41 101
877 33482 67 3 33646 97 164
147 33691 55 4 33746 0 55
88 33886 49 4 33935 0 49
425 33895 68 3 34004 41 109
278 34062 72 4 34134 0 72
467 34065 45 4 34180 70 115
731 34100 26 4 34206 80 106
973 34124 73 2 34279 82 155
411 34195 76 4 34356 85 161
621 34265 76 3 34432 91 167
461 34272 56 2 34488 160 216
984 34368 78 1 34567 121 199
609 34567 62 4 34630 1 63
140 34621 96 3 34727 10 106
639 34643 59 1 34787 85 144
936 34659 47 4 34834 128 175
44 34818 70 4 34905 17 87
645 35011 73 3 35084 0 73
453 35056 61 3 35146 29 90
601 35107 52 3 35199 40 92
822 35116 49 4 35248 83 132
969 35162 53 4 35302 87 140
470 35234 71 4 35373 68 139
505 35279 43 1 35417 95 138
622 35323 69 4 35486 94 163
628 35384 43 3 35530 103 146
379 35437 74 4 35604 93 167
878 35439 90 3 35694 165 255
572 35447 79 2 35773 247 326
604 35448 89 1 35862 325 414
671 35456 58 2 35920 406 464
790 35500 60 3 35981 421 481
473 35554 62 4 36043 427 489
213 35596 34 4 36077 447 481
150 35699 25 3 36102 378 403
549 35868 23 4 36125 234 257
623 35928 31 2 36157 198 229
866 35978 73 3 36230 179 252
889 36094 90 3 36320 136 226
896 36167 40 3 36361 154 194
672 36236 44 1 36405 125 169
509 36273 59 3 36464 132 191
626 36294 71 2 36535 170 241
260 36523 27 3 36563 13 40
544 36628 71 4 36699 0 71
75 36705 55 2 36760 0 55
206 36732 57 4 36818 29 86
843 36779 70 2 36889 40 110
518 36876 70 4 36960 14 84
573 36886 28 4 36988 74 102
714 37090 60 1 37150 0 60
931 37217 68 4 37285 0 68
333 37222 58 4 37344 64 122
663 37231 43 4 37387 113 156
648 37260 44 2 37431 127 171
375 37351 69 1 37501 81 150
163 37367 58 3 37559 134 192
921 37434 45 2 37605 126 171
270 37439 61 4 37666 166 227
148 37473 59 4 37725 193 252
124 37475 86 3 37811 250 336
660 37481 20 3 37831 330 350
199 37537 57 1 37888 294 351
529 37574 72 4 37961 315 387
18 37751 49 3 38010 210 259
894 37879 54 3 38064 131 185
591 37894 59 3 38124 171 230
192 37912 59 1 38183 212 271
113 38011 45 4 38228 172 217
584 38035 83 2 38311 193 276
252 38043 81 4 38392 268 349
65 38049 89 3 38481 343 432
136 38072 49 3 38531 410 459
853 38107 44 4 38575 424 468
970 38128 63 4 38638 447 510
713 38151 43 4 38681 487 530
298 38258 69 4 38750 423 492
471 38405 75 4 38825 345 420
279 38612 59 1 38885 214 273
316 38675 30 2 38915 210 240
882 38891 47 3 38963 25 72
730 39134 75 4 39209 0 75
126 39184 65 3 39275 26 91
959 39456 69 1 39525 0 69
85 39491 49 4 39575 35 84
191 39550 58 1 39634 26 84
842 39583 49 2 39684 52 101
643 39622 45 3 39729 62 107
918 39651 53 3 39783 79 132
409 39771 46 4 39830 13 59
947 39819 39 3 39870 12 51
814 39819 37 3 39907 51 88
682 39846 83 3 39991 62 145
743 39864 100 3 40091 127 227
851 39897 55 2 40146 194 249
139 39927 62 4 40209 220 282
401 39936 87 3 40296 273 360
339 40080 72 4 40368 216 288
615 40182 56 3 40425 187 243
243 40209 75 2 40500 216 291
865 40227 74 3 40574 273 347
727 40361 63 2 40637 213 276
203 40534 49 4 40687 104 153
945 40544 63 1 40750 143 206
272 40547 75 4 40825 203 278
95 40639 61 4 40887 187 248
962 40822 69 3 40956 65 134
719 41017 83 4 41100 0 83
112 41025 51 4 41152 76 127
439 41026 44 1 41196 126 170
552 41162 55 4 41252 35 90
427 41227 67 4 41320 26 93
255 41271 74 2 41395 50 124
414 41353 54 4 41450 43 97
188 41388 62 4 41512 62 124
697 41506 69 1 41582 7 76
838 41734 58 2 41792 0 58
788 41787 88 4 41881 6 94
614 42052 57 4 42109 0 57
458 42186 61 1 42247 0 61
159 42406 93 4 42499 0 93
840 42553 47 4 42600 0 47
928 42588 67 1 42668 13 80
6 42596 38 1 42706 72 110
547 42605 57 1 42764 102 159
430 42758 51 4 42816 7 58
360 43113 48 3 43161 0 48
758 43240 68 3 43308 0 68
813 43364 64 4 43428 0 64
579 43581 84 3 43665 0 84
809 43667 49 2 43716 0 49
310 43688 69 1 43786 29 98
826 43701 39 4 43825 85 124
777 43842 76 2 43918 0 76
825 43999 76 4 44075 0 76
421 44156 61 4 44217 0 61
618 44202 65 3 44283 16 81
923 44376 81 4 44457 0 81
548 44574 76 3 44650 0 76
995 44636 98 1 44749 15 113
874 44756 48 4 44804 0 48
164 44940 47 4 44987 0 47
226 45066 41 4 45107 0 41
264 45147 61 3 45208 0 61
860 45267 69 4 45336 0 69
600 45360 29 4 45389 0 29
38 45396 39 4 45435 0 39
958 45407 20 4 45456 29 49
752 45467 61 4 45528 0 61
514 45622 86 4 45708 0 86
653 45641 63 4 45772 68 131
954 45970 56 4 46026 0 56
933 45972 51 2 46078 55 106
795 46040 75 4 46154 39 114
864 46292 49 4 46341 0 49
322 46390 73 4 46463 0 73
319 46528 66 4 46594 0 66
681 46867 61 2 46928 0 61
510 46943 64 4 47007 0 64
174 47029 87 2 47116 0 87
170 47075 56 2 47173 42 98
204 47078 75 4 47248 95 170
715 47088 34 4 47282 160 194
254 47279 64 3 47347 4 68
699 47325 85 1 47433 23 108
220 47389 52 1 47486 45 97
444 47470 73 1 47560 17 90
76 47722 71 4 47793 0 71
121 47749 58 4 47852 45 103
293 47757 100 1 47952 95 195
200 47769 68 4 48020 183 251
895 47867 57 4 48078 154 211
249 47923 55 3 48133 155 210
764 47923 45 3 48178 210 255
329 48168 82 2 48261 11 93
708 48169 57 1 48318 92 149
586 48235 74 2 48393 84 158
974 48241 74 4 48467 152 226
438 48261 40 2 48507 206 246
228 48473 79 2 48587 35 114
275 48495 70 3 48657 92 162
569 48674 61 4 48735 0 61
561 48721 73 2 48809 15 88
328 48821 62 4 48883 0 62
665 48873 44 2 48928 11 55
926 48954 61 2 49015 0 61
538 49076 65 3 49141 0 65
941 49193 53 4 49246 0 53
537 49215 60 2 49307 32 92
28 49591 46 4 49637 0 46
753 49754 54 4 49808 0 54
30 49790 77 1 49886 19 96
624 49840 54 4 49941 47 101
288 49866 50 2 49991 75 125
481 49882 89 4 50080 109 198
383 50103 44 2 50147 0 44
535 50174 90 1 50264 0 90
135 50190 37 4 50302 75 112
691 50213 59 4 50361 89 148
266 50239 75 3 50436 122 197
523 50306 67 3 50504 131 198
906 50324 61 3 50565 180 241
179 50493 59 2 50625 73 132
437 50546 92 2 50717 79 171
180 50567 42 3 50760 151 193
335 50569 37 3 50797 191 228
834 50599 67 4 50864 198 265
940 50760 51 1 50916 105 156
966 50846 55 3 50971 70 125
555 51077 70 2 51147 0 70
687 51151 86 3 51237 0 86
21 51777 46 2 51823 0 46
846 51869 56 3 51925 0 56
37 51878 43 4 51969 48 91
2 52183 55 3 52238 0 55
674 52227 20 3 52259 12 32
590 52228 75 3 52334 31 106
389 52241 80 3 52415 94 174
132 52296 57 2 52472 119 176
47 52297 43 4 52515 175 218
334 52300 62 3 52577 215 277
165 52850 76 4 52926 0 76
550 52859 30 4 52957 68 98
207 52869 100 3 53057 88 188
594 52957 56 3 53114 101 157
673 53099 80 4 53195 16 96
356 53107 71 2 53266 88 159
999 53353 80 4 53433 0 80
167 53673 73 1 53746 0 73
957 53873 63 4 53936 0 63
541 53930 81 4 54018 7 88
616 54175 57 2 54232 0 57
367 54180 25 3 54258 53 78
296 54343 56 1 54399 0 56
50 54438 93 4 54531 0 93
925 54460 66 2 54598 72 138
369 54461 20 3 54618 137 157
539 54530 57 3 54675 88 145
907 54656 69 4 54745 20 89
7 54662 38 2 54783 83 121
635 54704 44 3 54828 80 124
502 54824 48 3 54877 5 53
198 54941 48 3 54989 0 48
424 55110 60 2 55170 0 60
483 55130 81 2 55252 41 122
285 55948 70 2 56018 0 70
352 56161 61 4 56222 0 61
286 56243 66 4 56309 0 66
823 56334 70 4 56404 0 70
10 56505 56 1 56561 0 56
119 56506 39 4 56601 56 95
223 56533 88 4 56689 68 156
27 56761 58 4 56819 0 58
632 56800 53 4 56873 20 73
469 56870 54 1 56928 4 58
434 56877 51 4 56980 52 103
545 56922 74 4 57054 58 132
294 57402 94 3 57496 0 94
991 57474 60 4 57557 23 83
707 57808 83 4 57891 0 83
291 57815 90 4 57982 77 167
513 58434 52 4 58486 0 52
384 58444 46 4 58533 43 89
442 58860 48 2 58908 0 48
516 58918 47 4 58965 0 47
173 58919 54 4 59020 47 101
625 59075 37 4 59112 0 37
532 59093 53 4 59166 20 73
955 59666 66 2 59732 0 66
763 59779 65 4 59844 0 65
606 59805 63 1 59908 40 103
619 59825 50 2 59958 83 133
376 59899 48 4 60007 60 108
84 59904 44 4 60051 103 147
716 60002 60 4 60112 50 110
637 60113 39 4 60152 0 39
17 60265 86 4 60351 0 86
417 60318 68 3 60420 34 102
79 60370 49 2 60470 51 100
52 60383 55 3 60525 87 142
620 60400 34 4 60559 125 159
161 60412 83 3 60642 147 230
560 60606 90 4 60733 37 127
740 60675 46 2 60780 59 105
142 60779 67 2 60848 2 69
410 61174 62 1 61236 0 62
155 61439 64 2 61503 0 64
387 61521 54 4 61575 0 54
491 61546 53 2 61629 30 83
462 61563 43 3 61672 66 109
196 61626 64 3 61737 47 111
980 61649 52 4 61789 88 140
92 61709 47 4 61837 81 128
343 61929 84 4 62013 0 84
330 61975 81 4 62095 39 120
519 62029 35 2 62131 67 102
366 62073 68 4 62199 58 126
735 62092 40 4 62239 107 147
309 62202 71 3 62311 38 109
684 62205 68 4 62379 106 174
810 62603 45 4 62648 0 45
536 62771 64 3 62835 0 64
611 62844 61 2 62905 0 61
116 62888 35 3 62941 18 53
432 62905 71 4 63012 36 107
994 62941 71 4 63084 72 143
304 62949 67 3 63151 135 202
801 63006 64 4 63215 145 209
946 63114 33 1 63249 102 135
178 63121 71 3 63320 128 199
134 63155 65 3 63385 165 230
807 63291 54 3 63440 95 149
786 63353 37 2 63477 87 124
233 63363 54 3 63531 114 168
248 63808 65 4 63873 0 65
787 63865 45 4 63919 9 54
8 63909 71 2 63991 11 82
171 64225 61 2 64286 0 61
40 64581 58 4 64639 0 58
755 64649 71 3 64720 0 71
885 65206 43 4 65249 0 43
29 65523 50 3 65573 0 50
654 65677 28 2 65705 0 28
450 65794 52 4 65846 0 52
172 65879 56 1 65935 0 56
9 65893 63 2 65999 43 106
397 65936 65 4 66064 63 128
445 66247 71 4 66318 0 71
898 66393 68 3 66461 0 68
153 66596 52 2 66648 0 52
452 66632 43 1 66692 17 60
937 66645 86 4 66778 47 133
897 66722 39 4 66818 57 96
769 66902 72 2 66974 0 72
695 66920 20 4 66995 55 75
488 67019 75 1 67094 0 75
283 67026 75 1 67170 69 144
504 67498 67 4 67565 0 67
848 67649 58 4 67707 0 58
942 67667 44 1 67752 41 85
51 67936 65 4 68001 0 65
886 68006 48 2 68054 0 48
429 68035 60 4 68115 20 80
117 68103 64 3 68180 13 77
724 68117 36 2 68217 64 100
325 68134 52 2 68269 83 135
459 68208 43 3 68313 62 105
337 68398 71 4 68469 0 71
229 68442 71 4 68541 28 99
34 68558 39 3 68597 0 39
1000 68740 77 1 68817 0 77
443 69050 57 4 69107 0 57
867 69238 52 4 69290 0 52
911 69316 66 2 69382 0 66
830 69319 44 4 69427 64 108
214 69372 39 2 69466 55 94
209 69438 56 1 69523 29 85
887 69552 51 2 69603 0 51
805 69589 65 4 69669 15 80
558 69599 84 3 69753 70 154
796 69769 69 2 69838 0 69
406 70363 58 2 70421 0 58
553 70784 54 4 70838 0 54
720 71011 71 3 71082 0 71
63 71087 54 3 71141 0 54
574 71157 20 4 71177 0 20
497 71167 50 4 71228 11 61
187 71373 65 4 71438 0 65
25 71753 57 4 71810 0 57
315 71788 68 2 71879 23 91
981 72156 38 4 72194 0 38
881 72635 56 3 72691 0 56
49 72991 72 3 73063 0 72
662 73371 55 2 73426 0 55
468 73473 43 1 73516 0 43
125 73511 53 3 73570 6 59
345 73711 54 1 73765 0 54
972 73967 79 4 74046 0 79
534 74063 61 4 74124 0 61
487 74130 65 4 74195 0 65
960 74286 76 4 74362 0 76
917 74543 65 2 74608 0 65
869 74865 60 1 74925 0 60
145 75058 65 3 75123 0 65
408 75072 53 2 75177 52 105
428 75072 61 4 75238 105 166
466 75086 92 4 75330 152 244
734 75097 65 3 75395 233 298
357 75534 49 2 75583 0 49
373 75543 57 3 75641 41 98
436 75820 78 1 75898 0 78
677 75919 59 4 75978 0 59
265 75942 82 2 76061 37 119
768 75973 59 2 76120 88 147
761 76090 39 2 76160 31 70
289 76476 45 4 76521 0 45
627 76703 55 1 76758 0 55
971 76738 90 2 76849 21 111
762 76850 51 4 76901 0 51
86 77190 41 3 77231 0 41
873 77533 81 2 77614 0 81
661 77597 95 4 77710 18 113
181 78076 49 2 78125 0 49
726 78148 89 4 78237 0 89
559 78175 92 4 78330 63 155
817 78350 75 3 78425 0 75
114 78410 83 2 78509 16 99
396 78524 74 3 78598 0 74
109 78594 38 4 78637 5 43
750 78995 56 4 79051 0 56
780 79182 69 2 79251 0 69
612 79511 58 1 79569 0 58
263 79886 69 3 79955 0 69
793 80062 73 4 80135 0 73
738 80195 58 4 80253 0 58
78 80560 84 3 80644 0 84
924 80869 99 3 80968 0 99
11 80975 43 3 81018 0 43
318 81027 59 3 81086 0 59
53 81326 55 4 81381 0 55
861 81545 71 3 81616 0 71
311 81876 71 2 81947 0 71
391 81938 71 4 82019 10 81
839 82496 58 4 82554 0 58
451 82516 40 3 82595 39 79
338 83331 72 4 83403 0 72
426 83793 84 4 83877 0 84
324 83816 59 1 83937 62 121
323 84028 65 3 84093 0 65
820 84131 44 4 84175 0 44
42 84249 50 4 84299 0 50
210 84362 62 4 84424 0 62
371 84518 27 1 84545 0 27
723 84633 59 3 84692 0 59
690 85111 54 4 85165 0 54
903 85169 66 4 85235 0 66
105 85547 75 3 85622 0 75
741 85880 87 2 85967 0 87
638 86303 58 4 86361 0 58
656 86915 54 4 86969 0 54
835 86955 73 3 87043 15 88
527 87351 58 2 87409 0 58
685 87933 79 3 88012 0 79
56 88120 66 1 88186 0 66
774 88786 60 3 88846 0 60
927 89116 54 4 89170 0 54
711 90498 73 3 90571 0 73
703 91461 50 1 91511 0 50
253 91823 74 4 91897 0 74
41 92267 82 3 92349 0 82
829 93306 61 2 93367 0 61
83 93644 57 3 93701 0 57
216 94867 48 4 94915 0 48
107 95852 62 2 95914 0 62
12 96339 57 3 96396 0 57
