97932 1000 3425 3352
913 181 94 1 275 0 94
842 258 58 4 333 17 75
684 269 90 2 423 64 154
711 352 35 4 458 71 106
604 366 87 3 545 92 179
539 357 90 4 635 188 278
398 221 94 3 729 414 508
74 725 49 3 778 4 53
142 693 69 4 847 85 154
896 808 73 4 920 39 112
884 866 35 3 955 54 89
962 816 85 4 1040 139 224
299 1023 53 3 1093 17 70
18 879 86 2 1179 214 300
490 1160 63 4 1242 19 82
743 1193 31 2 1273 49 80
274 1170 80 3 1353 103 183
101 1350 81 4 1434 3 84
389 1427 79 4 1513 7 86
222 1452 80 3 1593 61 141
108 1547 77 2 1670 46 123
885 1116 82 3 1752 554 636
587 1676 33 2 1785 76 109
558 1312 84 3 1869 473 557
387 1665 84 1 1953 204 288
554 982 88 4 2041 971 1059
136 1987 46 3 2087 54 100
938 1976 54 1 2141 111 165
848 2124 61 1 2202 17 78
68 2105 74 4 2276 97 171
305 2185 76 4 2352 91 167
283 2312 59 3 2411 40 99
89 2298 66 3 2477 113 179
370 2382 68 4 2545 95 163
146 2541 48 3 2593 4 52
630 2319 75 3 2668 274 349
34 2624 87 2 2755 44 131
814 2689 58 3 2813 66 124
291 2777 50 4 2863 36 86
692 2717 62 3 2925 146 208
135 2801 75 2 3000 124 199
877 2951 43 1 3043 49 92
476 3021 55 3 3098 22 77
282 2951 64 4 3162 147 211
313 3085 66 1 3228 77 143
104 3178 61 2 3289 50 111
266 3278 72 2 3361 11 83
941 3179 73 3 3434 182 255
894 2840 81 3 3515 594 675
669 3355 81 2 3596 160 241
876 3569 63 3 3659 27 90
804 3658 39 3 3698 1 40
197 3605 62 3 3760 93 155
248 3138 85 4 3845 622 707
468 3807 31 3 3876 38 69
231 3791 56 2 3932 85 141
560 3800 72 3 4004 132 204
102 3786 76 4 4080 218 294
72 3982 79 3 4159 98 177
888 4102 51 4 4210 57 108
392 4188 61 3 4271 22 83
431 4200 63 3 4334 71 134
339 4299 28 4 4362 35 63
67 4341 66 3 4428 21 87
5 4097 66 2 4494 331 397
24 4125 75 4 4569 369 444
154 4144 77 2 4646 425 502
319 4617 48 2 4694 29 77
492 4672 65 4 4759 22 87
758 4234 79 2 4838 525 604
811 4777 64 4 4902 61 125
514 3789 86 4 4988 1113 1199
627 3496 86 4 5074 1492 1578
107 4060 86 2 5160 1014 1100
156 5132 39 4 5199 28 67
649 5176 39 4 5238 23 62
407 5107 56 2 5294 131 187
906 5253 52 3 5346 41 93
720 5314 45 3 5391 32 77
591 5224 68 1 5459 167 235
616 5402 48 2 5507 57 105
751 5340 83 3 5590 167 250
458 5570 66 4 5656 20 86
301 5645 70 4 5726 11 81
348 5530 70 1 5796 196 266
318 5749 78 1 5874 47 125
924 5849 66 1 5940 25 91
457 5881 47 4 5987 59 106
300 5911 55 2 6042 76 131
262 5920 62 3 6104 122 184
601 6088 34 4 6138 16 50
752 6108 39 3 6177 30 69
2 6166 59 3 6236 11 70
173 6182 76 4 6312 54 130
354 5350 84 2 6396 962 1046
823 6115 85 4 6481 281 366
289 5950 86 4 6567 531 617
263 6525 83 4 6650 42 125
820 6100 86 4 6736 550 636
424 3893 87 3 6823 2843 2930
397 6818 40 4 6863 5 45
230 6803 43 3 6906 60 103
31 6876 50 2 6956 30 80
253 6888 84 3 7040 68 152
573 7006 77 1 7117 34 111
452 7094 64 3 7181 23 87
118 7139 85 3 7266 42 127
585 7251 64 4 7330 15 79
763 7287 36 4 7366 43 79
9 7335 81 2 7447 31 112
229 7061 86 1 7533 386 472
620 5460 87 2 7620 2073 2160
161 7553 77 4 7697 67 144
335 7671 61 1 7758 26 87
824 7550 84 3 7842 208 292
956 7796 50 4 7892 46 96
511 7871 64 4 7956 21 85
701 4258 88 4 8044 3698 3786
221 7614 88 4 8132 430 518
382 6844 88 4 8220 1288 1376
4 8195 55 4 8275 25 80
381 8209 75 3 8350 66 141
905 8312 24 4 8374 38 62
572 8136 83 4 8457 238 321
995 8438 61 4 8518 19 80
931 8461 49 1 8567 57 106
647 8560 53 3 8620 7 60
345 8490 87 3 8707 130 217
302 3432 88 2 8795 5275 5363
43 8755 62 2 8857 40 102
125 8854 59 3 8916 3 62
538 8832 61 4 8977 84 145
217 8969 59 4 9036 8 67
928 8924 60 1 9096 112 172
357 9084 59 4 9155 12 71
419 8808 68 3 9223 347 415
965 2663 88 1 9311 6560 6648
718 9302 78 4 9389 9 87
917 9258 88 4 9477 131 219
51 9392 67 2 9544 85 152
762 9421 72 3 9616 123 195
872 9554 73 2 9689 62 135
247 9511 79 1 9768 178 257
942 9392 82 4 9850 376 458
157 8459 89 4 9939 1391 1480
662 9852 35 2 9974 87 122
775 9860 36 3 10010 114 150
509 9919 79 4 10089 91 170
678 10026 44 3 10133 63 107
425 10088 53 2 10186 45 98
756 9866 80 3 10266 320 400
862 10252 53 3 10319 14 67
105 9991 84 1 10403 328 412
421 10388 59 2 10462 15 74
168 8893 89 4 10551 1569 1658
265 10545 79 4 10630 6 85
860 872 89 3 10719 9758 9847
267 10688 53 3 10772 31 84
790 10735 34 3 10806 37 71
972 10744 51 4 10857 62 113
81 10715 56 4 10913 142 198
337 10896 45 4 10958 17 62
226 10864 66 3 11024 94 160
593 10698 68 2 11092 326 394
486 10717 82 4 11174 375 457
901 11158 68 1 11242 16 84
849 10696 82 2 11324 546 628
245 11285 45 4 11369 39 84
430 10786 83 3 11452 583 666
952 11377 53 2 11505 75 128
44 11464 54 2 11559 41 95
153 10915 84 4 11643 644 728
575 11595 85 4 11728 48 133
484 11622 89 4 11817 106 195
621 11743 89 3 11906 74 163
605 11872 74 1 11980 34 108
205 11857 82 3 12062 123 205
420 11967 84 3 12146 95 179
432 12079 78 3 12224 67 145
742 12012 88 1 12312 212 300
172 10963 90 4 12402 1349 1439
264 12324 37 2 12439 78 115
390 813 90 4 12529 11626 11716
254 12458 78 4 12607 71 149
619 12592 37 3 12644 15 52
636 12606 78 3 12722 38 116
183 1938 90 3 12812 10784 10874
893 12739 39 2 12851 73 112
781 12817 82 2 12933 34 116
963 12926 31 4 12964 7 38
583 12873 56 4 13020 91 147
685 7737 90 2 13110 5283 5373
615 13032 78 2 13188 78 156
124 13113 40 4 13228 75 115
338 9142 91 4 13319 4086 4177
927 13273 88 3 13407 46 134
251 3261 91 4 13498 10146 10237
610 7807 91 4 13589 5691 5782
967 3550 91 3 13680 10039 10130
249 12775 92 4 13772 905 997
567 13753 39 1 13811 19 58
912 13792 52 1 13863 19 71
512 13703 72 4 13935 160 232
192 13917 35 4 13970 18 53
638 13961 53 4 14023 9 62
252 13753 84 3 14107 270 354
10 13907 85 2 14192 200 285
949 14133 62 4 14254 59 121
646 14161 87 2 14341 93 180
793 14103 89 4 14430 238 327
706 14375 61 3 14491 55 116
312 14354 63 4 14554 137 200
978 14521 61 4 14615 33 94
634 14533 91 3 14706 82 173
26 12464 92 4 14798 2242 2334
505 14735 59 2 14857 63 122
971 14827 74 3 14931 30 104
914 14851 74 3 15005 80 154
908 14731 76 3 15081 274 350
857 15016 40 3 15121 65 105
716 15063 74 4 15195 58 132
562 15152 59 4 15254 43 102
698 15106 81 4 15335 148 229
729 15107 81 1 15416 228 309
968 15362 73 3 15489 54 127
878 15104 83 2 15572 385 468
599 15254 87 3 15659 318 405
163 15642 76 3 15735 17 93
378 15224 89 4 15824 511 600
740 15821 36 4 15860 3 39
355 15071 91 3 15951 789 880
474 15915 85 2 16036 36 121
269 15958 74 4 16110 78 152
138 16072 52 3 16162 38 90
119 16085 89 4 16251 77 166
346 16176 89 4 16340 75 164
204 16281 53 4 16393 59 112
238 16283 64 3 16457 110 174
841 16424 39 3 16496 33 72
366 16471 50 4 16546 25 75
795 16515 79 4 16625 31 110
704 16590 41 4 16666 35 76
981 16640 30 4 16696 26 56
87 16141 89 1 16785 555 644
522 1667 92 4 16877 15118 15210
328 1323 92 4 16969 15554 15646
42 16948 72 2 17041 21 93
435 16981 86 4 17127 60 146
446 17050 64 4 17191 77 141
13 17132 70 4 17261 59 129
557 17120 72 2 17333 141 213
498 17286 65 2 17398 47 112
783 17237 81 4 17479 161 242
276 17416 53 4 17532 63 116
827 17380 90 3 17622 152 242
770 7122 92 4 17714 10500 10592
412 17635 52 4 17766 79 131
800 17696 61 4 17827 70 131
88 7855 92 4 17919 9972 10064
660 17841 90 3 18009 78 168
485 17933 65 4 18074 76 141
294 18069 91 3 18165 5 96
600 18128 71 3 18236 37 108
937 18147 86 3 18322 89 175
49 18277 58 2 18380 45 103
341 13048 92 3 18472 5332 5424
796 18426 67 3 18539 46 113
30 18473 45 4 18584 66 111
213 18531 60 2 18644 53 113
347 18420 69 3 18713 224 293
160 18558 71 4 18784 155 226
663 18578 74 4 18858 206 280
753 18547 74 1 18932 311 385
150 18914 33 1 18965 18 51
657 18910 52 2 19017 55 107
970 18436 80 3 19097 581 661
481 19030 63 1 19160 67 130
202 19117 37 4 19197 43 80
80 18941 85 4 19282 256 341
715 18463 89 3 19371 819 908
385 18598 91 3 19462 773 864
683 19430 77 4 19539 32 109
719 19473 89 3 19628 66 155
433 19585 73 3 19701 43 116
732 19632 79 2 19780 69 148
208 19775 55 1 19835 5 60
437 19553 85 1 19920 282 367
694 19888 78 2 19998 32 110
350 19942 63 2 20061 56 119
745 19767 87 1 20148 294 381
622 20075 51 1 20199 73 124
83 19577 88 2 20287 622 710
945 18690 91 2 20378 1597 1688
489 16340 92 3 20470 4038 4130
747 20443 43 4 20513 27 70
404 20418 67 4 20580 95 162
188 20524 75 4 20655 56 131
780 20431 82 3 20737 224 306
826 20404 87 3 20824 333 420
179 20753 35 4 20859 71 106
726 20844 60 4 20919 15 75
577 20846 68 4 20987 73 141
656 20979 26 1 21013 8 34
568 20991 55 4 21068 22 77
478 21055 73 1 21141 13 86
691 21072 49 3 21190 69 118
116 21059 77 1 21267 131 208
379 21229 73 4 21340 38 111
513 21300 66 1 21406 40 106
413 21335 81 3 21487 71 152
832 21432 59 3 21546 55 114
932 20980 84 4 21630 566 650
531 21614 59 4 21689 16 75
736 21552 86 3 21775 137 223
768 21220 89 4 21864 555 644
218 21793 61 4 21925 71 132
658 21857 69 2 21994 68 137
216 21901 70 4 22064 93 163
637 20407 90 3 22154 1657 1747
958 22117 84 3 22238 37 121
705 22211 67 3 22305 27 94
442 21632 92 4 22397 673 765
569 22370 42 4 22439 27 69
767 22325 48 4 22487 114 162
438 22310 58 1 22545 177 235
589 22384 91 2 22636 161 252
843 22606 21 3 22657 30 51
973 22565 49 3 22706 92 141
70 22657 59 4 22765 49 108
220 22554 82 2 22847 211 293
847 22782 92 4 22939 65 157
71 9832 92 2 23031 13107 13199
863 22996 56 4 23087 35 91
597 23029 90 2 23177 58 148
493 23104 76 2 23253 73 149
929 23213 69 4 23322 40 109
132 13349 93 4 23415 9973 10066
608 23415 61 3 23476 0 61
7 23340 72 3 23548 136 208
624 23331 81 3 23629 217 298
844 23549 51 2 23680 80 131
320 11427 93 4 23773 12253 12346
536 23761 59 1 23832 12 71
957 23797 77 3 23909 35 112
996 23878 65 3 23974 31 96
821 23952 69 4 24043 22 91
180 23866 70 4 24113 177 247
659 23746 85 4 24198 367 452
66 24173 53 3 24251 25 78
11 24240 74 4 24325 11 85
900 24310 77 4 24402 15 92
129 24253 86 4 24488 149 235
991 24165 89 2 24577 323 412
854 24525 92 4 24669 52 144
190 8170 93 4 24762 16499 16592
137 24724 35 4 24797 38 73
643 24718 67 4 24864 79 146
977 24705 77 3 24941 159 236
297 24720 83 2 25024 221 304
947 24968 51 2 25075 56 107
943 25023 92 3 25167 52 144
989 3799 93 4 25260 21368 21461
273 25227 59 1 25319 33 92
516 25243 81 4 25400 76 157
314 25360 78 3 25478 40 118
559 25304 82 2 25560 174 256
805 25480 56 3 25616 80 136
980 25580 36 4 25652 36 72
866 25512 63 4 25715 140 203
309 25626 67 2 25782 89 156
871 25775 51 4 25833 7 58
480 25732 87 3 25920 101 188
595 25873 84 3 26004 47 131
374 25283 88 4 26092 721 809
28 25909 88 4 26180 183 271
765 26158 44 3 26224 22 66
206 25930 88 4 26312 294 382
316 26304 75 2 26387 8 83
189 14845 93 4 26480 11542 11635
998 24953 93 4 26573 1527 1620
545 13176 93 2 26666 13397 13490
90 26600 50 4 26716 66 116
400 22641 93 2 26809 4075 4168
897 26748 56 1 26865 61 117
806 26719 66 2 26931 146 212
959 26868 68 2 26999 63 131
598 26862 74 1 27073 137 211
632 27073 37 2 27110 0 37
676 27052 47 2 27157 58 105
285 27149 63 2 27220 8 71
936 27152 83 4 27303 68 151
739 26780 88 4 27391 523 611
532 27386 43 3 27434 5 48
441 27419 25 1 27459 15 40
699 2113 93 1 27552 25346 25439
54 27500 57 1 27609 52 109
733 27570 58 1 27667 39 97
57 27659 85 2 27752 8 93
528 24987 93 1 27845 2765 2858
744 14102 94 4 27939 13743 13837
696 4013 94 4 28033 23926 24020
23 27958 72 4 28105 75 147
86 28084 39 1 28144 21 60
127 27972 72 4 28216 172 244
661 28104 83 4 28299 112 195
223 28073 83 1 28382 226 309
140 28321 45 4 28427 61 106
653 28349 45 4 28472 78 123
819 23851 94 4 28566 4621 4715
391 28478 64 4 28630 88 152
94 28509 83 4 28713 121 204
113 28709 40 2 28753 4 44
126 28715 78 4 28831 38 116
166 28594 84 3 28915 237 321
158 28878 74 2 28989 37 111
165 28904 85 3 29074 85 170
46 28970 90 4 29164 104 194
167 29131 58 4 29222 33 91
65 29165 43 4 29265 57 100
930 29244 86 4 29351 21 107
84 29321 54 4 29405 30 84
169 29267 70 1 29475 138 208
73 29423 84 3 29559 52 136
47 29535 76 3 29635 24 100
801 29601 41 4 29676 34 75
902 29568 42 4 29718 108 150
284 28574 91 3 29809 1144 1235
874 29323 92 4 29901 486 578
175 29839 53 2 29954 62 115
16 29852 64 1 30018 102 166
570 29470 93 3 30111 548 641
303 19574 94 4 30205 10537 10631
455 30205 87 1 30292 0 87
964 17241 94 4 30386 13051 13145
364 30386 54 4 30440 0 54
112 28917 94 4 30534 1523 1617
503 30497 51 4 30585 37 88
953 30547 67 3 30652 38 105
38 30609 73 4 30725 43 116
760 30707 73 2 30798 18 91
997 30676 84 4 30882 122 206
145 30447 89 4 30971 435 524
855 25148 94 3 31065 5823 5917
631 31021 93 4 31158 44 137
123 6159 94 3 31252 24999 25093
812 31207 63 1 31315 45 108
592 31266 55 3 31370 49 104
828 31361 41 2 31411 9 50
969 18435 94 3 31505 12976 13070
563 16160 94 3 31599 15345 15439
675 31564 61 3 31660 35 96
712 31577 73 3 31733 83 156
576 31689 44 3 31777 44 88
233 31540 76 3 31853 237 313
227 31613 78 4 31931 240 318
363 31560 81 3 32012 371 452
234 31985 87 2 32099 27 114
241 32062 87 4 32186 37 124
803 2553 94 3 32280 29633 29727
645 32230 83 1 32363 50 133
798 13166 94 2 32457 19197 19291
802 13271 94 2 32551 19186 19280
797 32498 40 3 32591 53 93
453 32492 50 4 32641 99 149
771 32606 94 3 32735 35 129
680 5681 94 2 32829 27054 27148
976 32747 57 4 32886 82 139
552 32793 71 3 32957 93 164
529 32920 57 4 33014 37 94
550 32891 65 2 33079 123 188
611 32935 68 2 33147 144 212
178 32815 79 3 33226 332 411
139 33218 65 3 33291 8 73
1 28987 94 1 33385 4304 4398
236 2626 95 4 33480 30759 30854
837 33440 82 4 33562 40 122
451 33481 63 4 33625 81 144
194 33543 71 2 33696 82 153
336 33664 53 3 33749 32 85
527 33745 80 1 33829 4 84
56 33822 67 1 33896 7 74
520 33543 82 4 33978 353 435
651 33697 83 4 34061 281 364
307 33805 91 4 34152 256 347
344 34108 61 4 34213 44 105
92 34174 46 4 34259 39 85
582 34222 34 3 34293 37 71
859 34207 87 4 34380 86 173
186 34329 58 4 34438 51 109
287 34297 61 4 34499 141 202
199 34100 87 2 34586 399 486
596 34305 88 4 34674 281 369
278 10537 95 4 34769 24137 24232
602 6599 95 4 34864 28170 28265
935 23802 95 4 34959 11062 11157
944 34934 48 4 35007 25 73
966 34992 92 1 35099 15 107
975 35036 54 4 35153 63 117
144 35097 56 4 35209 56 112
275 18560 95 4 35304 16649 16744
761 35276 65 2 35369 28 93
679 35367 46 4 35415 2 48
702 13676 95 3 35510 21739 21834
703 9805 95 3 35605 25705 25800
746 3032 95 3 35700 32573 32668
586 35699 34 4 35734 1 35
8 35708 71 3 35805 26 97
879 35802 73 3 35878 3 76
834 35867 59 4 35937 11 70
671 35882 86 3 36023 55 141
272 35753 88 3 36111 270 358
612 35856 93 4 36204 255 348
922 4737 95 3 36299 31467 31562
916 18015 95 3 36394 18284 18379
224 36371 78 4 36472 23 101
342 36397 80 3 36552 75 155
257 4496 95 3 36647 32056 32151
416 36562 65 3 36712 85 150
544 36679 91 4 36803 33 124
748 36777 38 4 36841 26 64
654 2059 95 1 36936 34782 34877
689 4227 96 4 37032 32709 32805
200 17543 96 4 37128 19489 19585
547 37053 44 2 37172 75 119
97 10816 96 3 37268 26356 26452
664 9753 96 3 37364 27515 27611
785 37322 61 3 37425 42 103
130 37276 86 4 37511 149 235
475 37419 87 1 37598 92 179
984 37513 76 4 37674 85 161
788 37668 85 2 37759 6 91
825 21332 96 3 37855 16427 16523
561 37779 81 4 37936 76 157
873 37823 95 4 38031 113 208
449 29514 96 3 38127 8517 8613
759 26301 96 3 38223 11826 11922
772 38191 69 4 38292 32 101
852 38144 73 3 38365 148 221
414 17578 96 3 38461 20787 20883
422 38459 70 2 38531 2 72
279 38496 75 4 38606 35 110
830 38504 90 4 38696 102 192
725 38678 79 4 38775 18 97
117 38665 87 1 38862 110 197
738 1923 96 3 38958 36939 37035
985 27812 96 2 39054 11146 11242
845 23992 96 2 39150 15062 15158
401 39058 74 1 39224 92 166
757 39156 56 4 39280 68 124
271 14346 97 4 39377 24934 25031
91 6367 97 4 39474 33010 33107
614 39387 65 4 39539 87 152
974 39385 71 4 39610 154 225
523 39540 42 4 39652 70 112
553 39404 71 4 39723 248 319
846 39670 71 3 39794 53 124
526 39794 43 1 39837 0 43
464 39817 35 3 39872 20 55
36 39854 90 1 39962 18 108
209 39927 52 1 40014 35 87
39 39910 54 3 40068 104 158
19 40067 90 2 40158 1 91
519 40093 51 3 40209 65 116
607 40153 60 4 40269 56 116
822 40263 74 2 40343 6 80
867 40070 92 2 40435 273 365
461 40413 38 4 40473 22 60
427 39877 96 3 40569 596 692
488 22393 97 4 40666 18176 18273
556 40586 89 2 40755 80 169
360 40654 90 2 40845 101 191
396 11345 97 4 40942 29500 29597
78 40858 67 1 41009 84 151
469 41008 89 4 41098 1 90
919 32593 97 4 41195 8505 8602
787 41120 72 2 41267 75 147
510 41210 45 4 41312 57 102
681 41237 90 3 41402 75 165
979 41316 58 4 41460 86 144
454 41318 75 4 41535 142 217
62 41527 68 3 41603 8 76
177 41580 72 3 41675 23 95
686 41625 57 2 41732 50 107
535 41394 79 2 41811 338 417
911 41532 86 3 41897 279 365
983 41896 81 4 41978 1 82
193 41917 83 4 42061 61 144
365 42009 85 4 42146 52 137
159 41904 96 2 42242 242 338
755 42152 62 3 42304 90 152
799 37289 97 4 42401 5015 5112
534 10883 97 3 42498 31518 31615
540 42475 44 4 42542 23 67
722 42473 50 2 42592 69 119
333 42526 78 1 42670 66 144
240 42602 65 1 42735 68 133
351 42681 74 3 42809 54 128
933 42772 94 4 42903 37 131
201 42897 48 3 42951 6 54
286 42844 95 4 43046 107 202
402 42976 43 1 43089 70 113
25 42995 47 2 43136 94 141
497 43056 55 4 43191 80 135
296 43030 64 3 43255 161 225
151 43042 80 3 43335 213 293
713 43275 35 2 43370 60 95
829 43351 58 3 43428 19 77
447 43235 89 2 43517 193 282
426 43473 59 2 43576 44 103
590 8335 97 3 43673 35241 35338
298 43670 30 2 43703 3 33
356 43682 42 4 43745 21 63
807 43693 66 1 43811 52 118
371 43665 73 4 43884 146 219
37 43869 37 2 43921 15 52
903 43723 87 4 44008 198 285
456 43993 61 3 44069 15 76
260 44035 59 3 44128 34 93
670 43987 77 4 44205 141 218
376 44106 81 3 44286 99 180
340 44195 81 3 44367 91 172
515 44214 84 4 44451 153 237
982 44384 35 4 44486 67 102
22 44164 88 4 44574 322 410
327 44032 88 2 44662 542 630
483 44524 94 2 44756 138 232
14 44151 96 4 44852 605 701
141 29126 97 3 44949 15726 15823
277 44925 56 1 45005 24 80
986 32962 97 3 45102 12043 12140
882 45062 89 4 45191 40 129
920 45152 42 2 45233 39 81
377 45174 44 2 45277 59 103
182 45149 81 3 45358 128 209
548 45355 72 2 45430 3 75
373 45188 83 4 45513 242 325
707 45398 87 3 45600 115 202
399 45530 64 2 45664 70 134
813 45659 88 4 45752 5 93
784 45712 24 1 45776 40 64
626 41445 97 2 45873 4331 4428
375 45826 79 3 45952 47 126
120 2242 97 2 46049 43710 43807
109 45965 69 3 46118 84 153
131 34383 97 2 46215 11735 11832
317 8263 97 2 46312 37952 38049
618 46298 79 3 46391 14 93
923 46337 97 3 46488 54 151
325 46483 56 4 46544 5 61
369 24364 97 2 46641 22180 22277
838 16342 97 2 46738 30299 30396
858 46661 63 2 46801 77 140
52 46754 69 1 46870 47 116
170 46643 94 2 46964 227 321
115 46891 76 1 47040 73 149
655 46989 72 1 47112 51 123
134 47098 76 2 47188 14 90
749 47174 52 1 47240 14 66
571 47228 50 4 47290 12 62
856 47113 74 2 47364 177 251
603 12259 97 1 47461 35105 35202
411 47446 82 2 47543 15 97
372 47501 75 3 47618 42 117
633 47435 95 4 47713 183 278
383 5769 97 1 47810 41944 42041
580 34303 97 1 47907 13507 13604
210 47897 32 2 47939 10 42
181 45444 98 4 48037 2495 2593
69 13833 98 4 48135 34204 34302
946 48075 50 2 48185 60 110
386 48138 58 4 48243 47 105
195 48235 97 1 48340 8 105
114 48289 43 3 48383 51 94
258 48258 44 4 48427 125 169
250 48388 42 1 48469 39 81
948 48265 85 4 48554 204 289
495 48549 81 4 48635 5 86
324 48619 65 3 48700 16 81
881 48434 86 3 48786 266 352
63 48475 91 4 48877 311 402
939 48648 96 3 48973 229 325
1000 48911 52 3 49025 62 114
808 31142 98 4 49123 17883 17981
609 49067 92 3 49215 56 148
628 49189 92 3 49307 26 118
232 49216 62 4 49369 91 153
184 49252 63 4 49432 117 180
352 49413 64 2 49496 19 83
815 49439 33 4 49529 57 90
606 49508 91 3 49620 21 112
853 49497 91 2 49711 123 214
816 49703 45 4 49756 8 53
406 49728 62 1 49818 28 90
270 49803 70 2 49888 15 85
870 49627 87 3 49975 261 348
730 49898 90 2 50065 77 167
55 49905 96 1 50161 160 256
668 50076 83 4 50244 85 168
162 50164 94 3 50338 80 174
766 50274 37 4 50375 64 101
100 50337 52 3 50427 38 90
839 50357 66 3 50493 70 136
405 50464 73 3 50566 29 102
321 50528 40 2 50606 38 78
835 40529 98 4 50704 10077 10175
388 50684 41 2 50745 20 61
899 50628 94 3 50839 117 211
851 50617 95 4 50934 222 317
889 50917 80 4 51014 17 97
367 50927 93 1 51107 87 180
174 51074 87 2 51194 33 120
349 51188 41 4 51235 6 47
909 51188 45 3 51280 47 92
12 51223 65 4 51345 57 122
779 51016 91 3 51436 329 420
439 51391 87 3 51523 45 132
17 51500 40 3 51563 23 63
724 51529 55 4 51618 34 89
714 51543 79 3 51697 75 154
20 51597 84 4 51781 100 184
214 51778 52 4 51833 3 55
836 51495 96 3 51929 338 434
629 50954 97 2 52026 975 1072
776 40585 98 4 52124 11441 11539
506 52029 41 2 52165 95 136
537 43513 98 4 52263 8652 8750
334 30773 98 4 52361 21490 21588
955 52316 92 2 52453 45 137
29 52392 50 2 52503 61 111
875 52455 76 1 52579 48 124
380 52509 51 4 52630 70 121
306 52532 75 1 52705 98 173
794 52657 72 2 52777 48 120
541 52720 69 2 52846 57 126
155 37666 98 4 52944 15180 15278
246 52916 34 2 52978 28 62
491 52928 84 3 53062 50 134
239 14113 98 3 53160 38949 39047
987 23126 98 3 53258 30034 30132
479 27110 98 3 53356 26148 26246
310 53326 65 2 53421 30 95
543 53386 71 4 53492 35 106
460 53464 33 4 53525 28 61
187 53465 84 2 53609 60 144
79 53585 55 3 53664 24 79
833 53583 78 2 53742 81 159
652 53734 52 2 53794 8 60
530 53753 69 2 53863 41 110
782 53660 94 3 53957 203 297
926 53925 73 4 54030 32 105
331 53635 96 2 54126 395 491
988 54108 45 2 54171 18 63
268 2552 98 3 54269 51619 51717
358 54203 62 3 54331 66 128
892 54214 74 3 54405 117 191
50 271 98 3 54503 54134 54232
41 54473 53 3 54556 30 83
708 54461 58 2 54614 95 153
332 54614 57 2 54671 0 57
524 54671 36 3 54707 0 36
470 54406 88 3 54795 301 389
500 54760 42 1 54837 35 77
934 54786 84 2 54921 51 135
579 54786 98 4 55019 135 233
904 54949 66 3 55085 70 136
436 54968 92 4 55177 117 209
789 55143 58 4 55235 34 92
565 55194 96 3 55331 41 137
323 33696 98 3 55429 21635 21733
994 25714 98 3 55527 29715 29813
487 18307 98 3 55625 37220 37318
243 11790 98 2 55723 43835 43933
697 55673 82 4 55805 50 132
225 55726 86 1 55891 79 165
709 8047 98 2 55989 47844 47942
143 55949 71 3 56060 40 111
462 17403 98 2 56158 38657 38755
880 48659 98 2 56256 7499 7597
777 9623 98 2 56354 46633 46731
96 28457 98 2 56452 27897 27995
791 56406 84 4 56536 46 130
48 56520 81 4 56617 16 97
359 56562 40 2 56657 55 95
408 568 98 1 56755 56089 56187
754 14952 98 1 56853 41803 41901
817 56806 45 4 56898 47 92
865 56823 62 3 56960 75 137
459 56789 92 3 57052 171 263
403 7034 98 1 57150 50018 50116
508 57064 66 3 57216 86 152
584 57192 35 4 57251 24 59
315 57188 70 4 57321 63 133
895 57321 64 4 57385 0 64
75 57359 53 4 57438 26 79
76 57336 56 4 57494 102 158
82 57436 67 4 57561 58 125
394 57281 67 3 57628 280 347
831 57560 81 4 57709 68 149
32 57612 91 4 57800 97 188
990 57337 93 3 57893 463 556
992 4214 99 4 57992 53679 53778
818 57898 88 4 58080 94 182
578 17806 99 4 58179 40274 40373
518 58139 93 1 58272 40 133
667 58228 28 4 58300 44 72
15 29733 99 4 58399 28567 28666
149 58349 87 1 58486 50 137
641 58440 54 4 58540 46 100
60 58494 55 2 58595 46 101
64 5407 99 4 58694 53188 53287
311 19708 99 4 58793 38986 39085
778 58770 49 3 58842 23 72
53 1196 99 4 58941 57646 57745
623 39285 99 4 59040 19656 19755
395 30163 99 4 59139 28877 28976
61 9439 99 4 59238 49700 49799
501 33976 99 4 59337 25262 25361
290 22205 99 4 59436 37132 37231
466 59425 91 2 59527 11 102
951 59405 94 4 59621 122 216
533 59573 32 4 59653 48 80
281 59574 88 2 59741 79 167
164 9757 99 3 59840 49984 50083
883 59824 87 2 59927 16 103
295 51211 99 3 60026 8716 8815
471 59991 59 2 60085 35 94
674 60017 97 4 60182 68 165
185 60104 86 4 60268 78 164
564 60201 92 4 60360 67 159
99 60292 67 4 60427 68 135
915 60399 93 4 60520 28 121
384 60494 84 4 60604 26 110
687 36032 99 3 60703 24572 24671
85 60671 88 4 60791 32 120
176 60721 63 1 60854 70 133
710 60740 97 2 60951 114 211
810 44743 99 3 61050 16208 16307
677 49853 99 3 61149 11197 11296
566 14804 99 3 61248 46345 46444
950 55779 99 3 61347 5469 5568
549 61346 54 4 61401 1 55
417 61294 72 3 61473 107 179
235 61277 80 4 61553 196 276
329 61405 86 3 61639 148 234
891 61606 73 4 61712 33 106
326 61627 75 4 61787 85 160
925 49292 99 3 61886 12495 12594
673 1674 99 2 61985 60212 60311
682 47475 99 1 62084 14510 14609
343 11974 100 4 62184 50110 50210
244 62123 92 4 62276 61 153
110 19202 100 4 62376 43074 43174
588 5443 100 4 62476 56933 57033
211 62400 70 2 62546 76 146
393 62411 90 4 62636 135 225
864 62435 92 1 62728 201 293
525 62654 46 2 62774 74 120
869 62640 61 2 62835 134 195
77 14446 100 4 62935 48389 48489
95 62902 77 3 63012 33 110
308 43081 100 3 63112 19931 20031
147 13656 100 3 63212 49456 49556
737 23868 100 2 63312 39344 39444
774 63290 37 4 63349 22 59
723 63354 64 4 63418 0 64
792 63356 66 3 63484 62 128
613 63511 58 3 63569 0 58
93 63866 67 3 63933 0 67
648 63943 28 3 63971 0 28
122 63992 72 2 64064 0 72
773 64000 59 3 64123 64 123
410 64165 69 2 64234 0 69
741 64198 73 2 64307 36 109
907 64417 75 3 64492 0 75
423 64430 74 4 64566 62 136
642 64462 85 2 64651 104 189
918 64842 63 3 64905 0 63
693 64908 33 4 64941 0 33
502 64945 48 3 64993 0 48
207 65290 91 2 65381 0 91
215 65393 74 3 65467 0 74
473 65574 70 3 65644 0 70
353 65574 82 3 65726 70 152
148 65654 87 3 65813 72 159
764 65711 94 3 65907 102 196
750 65976 93 3 66069 0 93
496 66349 55 3 66404 0 55
769 66371 48 4 66452 33 81
695 66759 60 3 66819 0 60
494 66824 23 3 66847 0 23
472 66992 73 3 67065 0 73
463 67043 72 3 67137 22 94
665 67267 64 4 67331 0 64
237 67395 92 2 67487 0 92
728 67675 87 4 67762 0 87
58 67893 41 1 67934 0 41
467 67907 67 2 68001 27 94
212 68075 78 3 68153 0 78
330 68140 37 4 68190 13 50
35 68128 44 2 68234 62 106
617 68286 68 4 68354 0 68
128 68306 75 4 68429 48 123
106 68526 60 4 68586 0 60
293 68627 71 4 68698 0 71
521 69061 97 3 69158 0 97
448 69444 78 3 69522 0 78
477 69497 90 4 69612 25 115
887 69715 74 3 69789 0 74
45 70167 93 3 70260 0 93
635 70446 72 4 70518 0 72
809 70479 70 2 70588 39 109
551 70804 92 4 70896 0 92
121 70841 77 2 70973 55 132
700 71300 59 1 71359 0 59
98 71485 58 2 71543 0 58
690 71673 27 2 71700 0 27
594 71678 64 4 71764 22 86
886 71691 93 2 71857 73 166
735 71926 91 4 72017 0 91
786 71978 63 4 72080 39 102
280 72035 74 4 72154 45 119
465 72003 82 4 72236 151 233
721 72603 82 2 72685 0 82
409 72709 99 4 72808 0 99
688 73322 44 4 73366 0 44
840 73391 67 2 73458 0 67
482 73394 41 4 73499 64 105
850 73766 78 4 73844 0 78
868 73845 88 4 73933 0 88
21 74320 81 3 74401 0 81
940 74703 58 3 74761 0 58
581 75191 51 3 75242 0 51
40 75239 82 3 75324 3 85
727 75291 47 3 75371 33 80
27 76276 78 3 76354 0 78
507 76710 84 4 76794 0 84
103 76819 81 3 76900 0 81
219 76886 83 4 76983 14 97
429 76962 88 4 77071 21 109
625 76988 73 2 77144 83 156
542 76915 98 4 77242 229 327
361 77356 99 3 77455 0 99
255 77648 86 3 77734 0 86
152 77673 56 4 77790 61 117
288 77784 70 3 77860 6 76
428 77688 93 4 77953 172 265
890 78089 94 4 78183 0 94
504 78611 62 1 78673 0 62
198 78672 88 4 78761 1 89
362 79100 44 1 79144 0 44
368 79117 62 1 79206 27 89
418 79712 59 3 79771 0 59
960 79730 79 1 79850 41 120
6 79911 80 4 79991 0 80
415 79926 80 1 80071 65 145
133 80217 96 3 80313 0 96
954 80332 52 4 80384 0 52
731 80413 70 2 80483 0 70
256 80516 98 2 80614 0 98
261 81075 68 3 81143 0 68
734 81091 99 4 81242 52 151
650 81233 87 4 81329 9 96
999 81684 61 2 81745 0 61
242 81765 54 3 81819 0 54
171 82511 69 3 82580 0 69
191 83386 66 2 83452 0 66
322 83412 50 2 83502 40 90
717 83524 93 3 83617 0 93
993 84010 81 1 84091 0 81
111 84091 30 3 84121 0 30
961 84717 81 2 84798 0 81
499 85132 64 4 85196 0 64
259 85454 79 4 85533 0 79
3 85505 41 3 85574 28 69
450 85548 96 4 85670 26 122
440 85600 50 4 85720 70 120
921 85699 86 4 85806 21 107
203 85711 100 4 85906 95 195
666 85830 88 2 85994 76 164
196 86323 70 1 86393 0 70
644 86345 73 4 86466 48 121
228 86515 78 2 86593 0 78
304 86642 94 2 86736 0 94
434 86765 79 3 86844 0 79
574 87553 69 4 87622 0 69
898 87656 78 4 87734 0 78
443 87792 86 4 87878 0 86
640 88404 80 2 88484 0 80
546 88527 78 3 88605 0 78
444 88654 68 3 88722 0 68
555 88891 97 3 88988 0 97
59 89360 86 1 89446 0 86
33 92489 30 4 92519 0 30
292 92723 31 2 92754 0 31
910 93527 56 2 93583 0 56
445 93962 77 3 94039 0 77
672 94091 82 4 94173 0 82
861 94172 44 2 94217 1 45
517 95638 85 2 95723 0 85
639 97887 45 4 97932 0 45
