96396 1000 422 362
710 24 76 4 100 0 76
757 51 62 4 162 49 111
219 141 43 3 205 21 64
593 52 62 4 267 153 215
722 254 63 2 330 13 76
355 300 41 3 371 30 71
303 358 60 3 431 13 73
13 373 59 2 490 58 117
888 114 65 4 555 376 441
785 525 50 3 605 30 80
556 560 37 4 642 45 82
800 605 53 4 695 37 90
201 120 68 4 763 575 643
138 728 59 3 822 35 94
61 736 62 3 884 86 148
99 858 61 4 945 26 87
803 414 68 4 1013 531 599
271 962 37 2 1050 51 88
748 858 68 1 1118 192 260
77 1070 61 2 1179 48 109
856 1149 55 2 1234 30 85
965 1196 36 4 1270 38 74
94 1187 57 3 1327 83 140
127 1271 54 3 1381 56 110
759 1253 61 4 1442 128 189
849 1396 55 3 1497 46 101
232 1482 38 4 1535 15 53
97 1521 57 4 1592 14 71
479 1567 46 3 1638 25 71
496 1574 49 3 1687 64 113
975 1607 50 4 1737 80 130
364 1392 59 2 1796 345 404
407 1166 69 3 1865 630 699
567 1181 70 3 1935 684 754
985 1928 72 2 2007 7 79
598 1958 51 3 2058 49 100
259 2031 36 3 2094 27 63
503 1703 79 4 2173 391 470
683 493 79 2 2252 1680 1759
779 2176 70 3 2322 76 146
59 2321 52 4 2374 1 53
241 2260 68 2 2442 114 182
446 2411 46 3 2488 31 77
60 2462 49 4 2537 26 75
368 2521 41 4 2578 16 57
892 2553 44 4 2622 25 69
292 2503 67 3 2689 119 186
932 495 84 3 2773 2194 2278
992 2770 81 4 2854 3 84
863 1349 87 4 2941 1505 1592
480 2871 59 4 3000 70 129
669 2974 52 2 3052 26 78
494 3015 72 2 3124 37 109
599 2997 75 4 3199 127 202
90 3164 64 3 3263 35 99
952 3143 71 3 3334 120 191
919 3327 32 2 3366 7 39
875 3269 61 4 3427 97 158
489 3383 65 4 3492 44 109
868 3485 55 4 3547 7 62
961 3531 70 4 3617 16 86
804 3488 72 3 3689 129 201
692 3640 56 3 3745 49 105
33 3688 57 3 3802 57 114
943 3765 55 4 3857 37 92
240 3278 75 4 3932 579 654
655 3917 62 2 3994 15 77
374 3959 67 1 4061 35 102
359 3391 76 4 4137 670 746
247 4095 43 4 4180 42 85
603 4063 62 4 4242 117 179
202 4135 65 3 4307 107 172
326 4302 71 4 4378 5 76
35 3579 76 3 4454 799 875
799 4394 57 1 4511 60 117
859 4490 59 4 4570 21 80
862 4382 67 3 4637 188 255
183 4622 30 2 4667 15 45
890 4628 57 2 4724 39 96
507 4697 43 4 4767 27 70
776 4738 67 2 4834 29 96
251 4754 71 2 4905 80 151
354 4850 65 3 4970 55 120
239 4961 55 3 5025 9 64
81 4705 72 4 5097 320 392
808 5039 45 3 5142 58 103
546 3800 77 4 5219 1342 1419
69 5152 38 4 5257 67 105
901 5146 55 4 5312 111 166
306 5151 65 3 5377 161 226
404 5339 59 3 5436 38 97
902 5411 66 4 5502 25 91
385 5180 72 1 5574 322 394
189 5526 46 2 5620 48 94
850 5555 56 3 5676 65 121
361 5666 48 4 5724 10 58
482 5723 51 4 5775 1 52
700 5767 52 2 5827 8 60
783 5690 60 3 5887 137 197
563 5865 37 3 5924 22 59
1 5663 64 2 5988 261 325
694 5935 68 3 6056 53 121
910 6054 20 4 6076 2 22
227 6013 28 3 6104 63 91
739 6019 56 2 6160 85 141
244 6153 46 4 6206 7 53
431 6129 72 3 6278 77 149
821 5337 73 4 6351 941 1014
744 6286 69 2 6420 65 134
235 5384 73 2 6493 1036 1109
913 6445 68 2 6561 48 116
944 5852 74 4 6635 709 783
175 6615 52 4 6687 20 72
908 4910 77 3 6764 1777 1854
236 6762 61 4 6825 2 63
542 6206 78 4 6903 619 697
16 2908 78 3 6981 3995 4073
581 6946 35 1 7016 35 70
15 7009 60 4 7076 7 67
74 7031 38 3 7114 45 83
693 7114 52 4 7166 0 52
108 7118 51 4 7217 48 99
211 7137 57 4 7274 80 137
415 7227 56 3 7330 47 103
133 7325 57 2 7387 5 62
706 7310 63 2 7450 77 140
102 7412 52 2 7502 38 90
242 7493 61 3 7563 9 70
14 7235 64 3 7627 328 392
217 7620 61 4 7688 7 68
418 7640 47 3 7735 48 95
847 7440 66 1 7801 295 361
498 7780 28 4 7829 21 49
760 7761 63 4 7892 68 131
533 7864 30 3 7922 28 58
993 7837 54 2 7976 85 139
997 7907 66 4 8042 69 135
104 7861 67 1 8109 181 248
798 7493 68 4 8177 616 684
792 8166 30 4 8207 11 41
767 8172 44 4 8251 35 79
64 8234 62 2 8313 17 79
182 7432 69 3 8382 881 950
447 7743 69 3 8451 639 708
531 8388 40 4 8491 63 103
70 8441 43 3 8534 50 93
31 8453 46 3 8580 81 127
686 8574 33 4 8613 6 39
314 8577 34 4 8647 36 70
765 8600 56 1 8703 47 103
679 7665 70 4 8773 1038 1108
811 7342 72 4 8845 1431 1503
300 8512 73 2 8918 333 406
978 8875 69 4 8987 43 112
670 8955 58 3 9045 32 90
218 8945 60 4 9105 100 160
631 8847 75 3 9180 258 333
215 9132 40 2 9220 48 88
380 9135 56 2 9276 85 141
680 7023 78 2 9354 2253 2331
146 9301 52 4 9406 53 105
998 9359 77 1 9483 47 124
797 9441 59 3 9542 42 101
832 9518 62 3 9604 24 86
484 9586 58 2 9662 18 76
956 9539 63 4 9725 123 186
256 9718 67 3 9792 7 74
62 9746 55 2 9847 46 101
71 9808 53 3 9900 39 92
775 9875 34 3 9934 25 59
904 9834 57 2 9991 100 157
742 9771 58 2 10049 220 278
299 9877 65 3 10114 172 237
562 10083 29 2 10143 31 60
477 10083 54 1 10197 60 114
652 10059 59 4 10256 138 197
815 4668 79 4 10335 5588 5667
91 10307 62 2 10397 28 90
492 10386 29 4 10426 11 40
287 10362 43 2 10469 64 107
73 10444 60 4 10529 25 85
979 10473 58 4 10587 56 114
464 6758 79 2 10666 3829 3908
349 10646 41 4 10707 20 61
302 10693 49 3 10756 14 63
828 10646 54 3 10810 110 164
82 10625 55 4 10865 185 240
610 10715 55 2 10920 150 205
827 10798 65 1 10985 122 187
899 9322 79 2 11064 1663 1742
771 11048 42 4 11106 16 58
630 11091 59 2 11165 15 74
327 10999 77 2 11242 166 243
845 6314 80 3 11322 4928 5008
568 11297 41 2 11363 25 66
22 11269 79 2 11442 94 173
977 11442 52 4 11494 0 52
658 11408 62 3 11556 86 148
649 11373 71 4 11627 183 254
162 11596 60 3 11687 31 91
967 11576 65 4 11752 111 176
273 11728 58 3 11810 24 82
344 11787 42 3 11852 23 65
23 11704 58 1 11910 148 206
688 11752 73 3 11983 158 231
137 11913 77 3 12060 70 147
912 11432 77 1 12137 628 705
506 12094 46 3 12183 43 89
511 12075 57 4 12240 108 165
515 8545 80 3 12320 3695 3775
222 12271 43 4 12363 49 92
284 12325 67 3 12430 38 105
791 12388 35 4 12465 42 77
976 12253 68 2 12533 212 280
857 12521 42 3 12575 12 54
938 12489 54 4 12629 86 140
101 12578 40 4 12669 51 91
704 12591 67 1 12736 78 145
499 12417 70 1 12806 319 389
365 12782 52 2 12858 24 76
193 12850 36 2 12894 8 44
633 12737 58 2 12952 157 215
169 4628 80 3 13032 8324 8404
118 12990 44 3 13076 42 86
747 13056 52 3 13128 20 72
588 13096 48 4 13176 32 80
490 6106 81 4 13257 7070 7151
524 13206 53 1 13310 51 104
347 13239 74 4 13384 71 145
103 13253 75 3 13459 131 206
276 13400 48 2 13507 59 107
331 13440 51 3 13558 67 118
651 13477 61 3 13619 81 142
576 13566 54 3 13673 53 107
951 13651 40 2 13713 22 62
530 6427 81 2 13794 7286 7367
696 5958 83 3 13877 7836 7919
166 13851 46 3 13923 26 72
500 13827 47 1 13970 96 143
392 13811 53 3 14023 159 212
521 12093 84 3 14107 1930 2014
433 14049 59 2 14166 58 117
128 14160 54 3 14220 6 60
378 6810 84 2 14304 7410 7494
68 14239 59 2 14363 65 124
307 9637 84 1 14447 4726 4810
106 14380 35 3 14482 67 102
336 14460 33 2 14515 22 55
402 14406 52 3 14567 109 161
607 14553 48 4 14615 14 62
953 14476 53 3 14668 139 192
525 14646 73 4 14741 22 95
577 14703 72 3 14813 38 110
353 14572 81 2 14894 241 322
268 14823 56 4 14950 71 127
158 14886 59 2 15009 64 123
400 14932 65 1 15074 77 142
308 15043 79 4 15153 31 110
197 15110 49 4 15202 43 92
508 15161 55 2 15257 41 96
702 15080 60 4 15317 177 237
766 15088 66 2 15383 229 295
230 15348 52 4 15435 35 87
93 15284 73 3 15508 151 224
456 15436 40 3 15548 72 112
585 15529 59 4 15607 19 78
36 15590 55 3 15662 17 72
257 15300 73 3 15735 362 435
718 15701 71 1 15806 34 105
340 15366 73 2 15879 440 513
185 15863 56 2 15935 16 72
512 15887 44 4 15979 48 92
884 15965 40 3 16019 14 54
152 15956 43 4 16062 63 106
184 15944 70 3 16132 118 188
262 16130 65 1 16197 2 67
501 16155 52 4 16249 42 94
412 16078 67 3 16316 171 238
141 16193 70 4 16386 123 193
613 16377 35 4 16421 9 44
596 16344 39 2 16460 77 116
629 16386 51 4 16511 74 125
297 16356 58 3 16569 155 213
269 16539 32 4 16601 30 62
852 16420 62 3 16663 181 243
245 16598 71 4 16734 65 136
900 16176 74 4 16808 558 632
154 16646 74 4 16882 162 236
39 16872 50 1 16932 10 60
833 16871 73 1 17005 61 134
295 16135 74 2 17079 870 944
963 17038 59 1 17138 41 100
595 17124 32 3 17170 14 46
80 17116 57 2 17227 54 111
668 17210 56 3 17283 17 73
922 17187 57 3 17340 96 153
666 17203 64 1 17404 137 201
405 17309 75 2 17479 95 170
420 17457 53 3 17532 22 75
608 17448 62 3 17594 84 146
816 17570 43 3 17637 24 67
949 17548 50 4 17687 89 139
701 17640 31 1 17718 47 78
120 17656 42 2 17760 62 104
372 17593 51 3 17811 167 218
517 17550 56 3 17867 261 317
89 17749 61 4 17928 118 179
176 17892 51 4 17979 36 87
465 17551 63 2 18042 428 491
968 17805 75 3 18117 237 312
168 18117 32 4 18149 0 32
274 17315 76 3 18225 834 910
46 18178 41 4 18266 47 88
756 18174 42 3 18308 92 134
48 18192 50 4 18358 116 166
605 18161 55 4 18413 197 252
350 18290 73 4 18486 123 196
440 18433 58 4 18544 53 111
721 18534 42 1 18586 10 52
290 18555 62 1 18648 31 93
26 18378 74 4 18722 270 344
773 18191 75 2 18797 531 606
551 18732 20 4 18817 65 85
413 17539 76 3 18893 1278 1354
824 18865 49 3 18942 28 77
935 18904 50 4 18992 38 88
565 18867 54 3 19046 125 179
157 19001 43 4 19089 45 88
745 19062 55 3 19144 27 82
837 19078 57 2 19201 66 123
589 18931 62 3 19263 270 332
929 18871 68 3 19331 392 460
806 16552 77 4 19408 2779 2856
177 19403 34 3 19442 5 39
667 19383 50 2 19492 59 109
879 19384 62 1 19554 108 170
5 19401 66 2 19620 153 219
72 19615 56 4 19676 5 61
160 16895 79 2 19755 2781 2860
858 19687 56 4 19811 68 124
57 16213 80 4 19891 3598 3678
58 13560 85 4 19976 6331 6416
43 11805 85 4 20061 8171 8256
522 3362 87 3 20148 16699 16786
540 866 87 1 20235 19282 19369
317 20219 59 3 20294 16 75
398 15800 88 3 20382 4494 4582
872 20352 51 4 20433 30 81
457 20351 61 4 20494 82 143
644 20397 75 4 20569 97 172
566 4092 88 3 20657 16477 16565
583 20653 49 4 20706 4 53
441 13758 88 1 20794 6948 7036
246 20772 49 3 20843 22 71
190 20792 70 3 20913 51 121
224 20887 28 4 20941 26 54
486 20910 59 4 21000 31 90
238 20979 47 3 21047 21 68
130 20966 48 4 21095 81 129
575 20952 72 4 21167 143 215
592 4221 89 3 21256 16946 17035
678 21203 64 2 21320 53 117
729 15500 90 4 21410 5820 5910
332 21408 56 4 21466 2 58
705 21386 66 2 21532 80 146
399 21508 44 4 21576 24 68
754 921 90 2 21666 20655 20745
362 21613 69 4 21735 53 122
996 21715 56 4 21791 20 76
195 21689 62 3 21853 102 164
208 12765 91 4 21944 9088 9179
557 21860 59 3 22003 84 143
794 21883 70 2 22073 120 190
261 22022 86 2 22159 51 137
455 14840 93 4 22252 7319 7412
320 17793 93 3 22345 4459 4552
485 7016 93 2 22438 15329 15422
983 22356 54 3 22492 82 136
20 22354 73 2 22565 138 211
870 22536 38 3 22603 29 67
841 22475 88 1 22691 128 216
67 21220 94 2 22785 1471 1565
87 22781 46 4 22831 4 50
280 17200 94 1 22925 5631 5725
582 22884 56 4 22981 41 97
231 22966 39 3 23020 15 54
312 22862 74 4 23094 158 232
234 23040 56 3 23150 54 110
250 23079 66 3 23216 71 137
4 23202 53 2 23269 14 67
32 23256 50 4 23319 13 63
543 23193 57 3 23376 126 183
237 23369 54 3 23430 7 61
281 23430 38 1 23468 0 38
597 23367 58 4 23526 101 159
676 23478 20 4 23546 48 68
571 23539 41 4 23587 7 48
617 23515 50 3 23637 72 122
732 23556 57 3 23694 81 138
587 23335 60 4 23754 359 419
212 23700 23 3 23777 54 77
893 23717 60 3 23837 60 120
110 23530 61 4 23898 307 368
891 23787 61 2 23959 111 172
520 23911 50 3 24009 48 98
746 23997 45 4 24054 12 57
636 23927 52 4 24106 127 179
403 24004 57 3 24163 102 159
914 24136 42 4 24205 27 69
836 23221 62 4 24267 984 1046
277 24239 57 3 24324 28 85
880 24313 44 3 24368 11 55
641 24347 43 3 24411 21 64
341 24268 52 4 24463 143 195
186 24313 52 4 24515 150 202
987 23520 62 1 24577 995 1057
19 23470 64 4 24641 1107 1171
650 24597 46 4 24687 44 90
982 24624 51 2 24738 63 114
305 24597 70 2 24808 141 211
474 24781 51 3 24859 27 78
475 24855 61 1 24920 4 65
131 23755 71 4 24991 1165 1236
225 24988 54 4 25045 3 57
111 25022 47 3 25092 23 70
689 24328 74 2 25166 764 838
313 25132 60 2 25226 34 94
772 25169 65 3 25291 57 122
151 23782 75 3 25366 1509 1584
920 25351 43 2 25409 15 58
377 25408 41 4 25450 1 42
736 25307 52 3 25502 143 195
460 24181 78 2 25580 1321 1399
370 25503 59 4 25639 77 136
45 23033 80 4 25719 2606 2686
640 25675 50 4 25769 44 94
782 23595 81 4 25850 2174 2255
363 23329 88 3 25938 2521 2609
916 15309 96 3 26034 10629 10725
831 26009 47 1 26081 25 72
98 25943 52 4 26133 138 190
358 26123 44 2 26177 10 54
463 26112 50 3 26227 65 115
964 26181 46 4 26273 46 92
100 26230 41 3 26314 43 84
382 26220 51 3 26365 94 145
390 26040 52 3 26417 325 377
156 26196 57 3 26474 221 278
454 26134 59 4 26533 340 399
3 25946 61 4 26594 587 648
554 26003 66 4 26660 591 657
395 26629 41 2 26701 31 72
422 26510 73 4 26774 191 264
781 26737 51 3 26825 37 88
393 26820 61 2 26886 5 66
528 26419 73 2 26959 467 540
346 26626 76 3 27035 333 409
564 26462 76 3 27111 573 649
784 26962 78 4 27189 149 227
789 27133 68 1 27257 56 124
883 27222 35 2 27292 35 70
348 27219 60 1 27352 73 133
129 26036 81 2 27433 1316 1397
435 27229 85 4 27518 204 289
476 27473 50 4 27568 45 95
855 27536 75 4 27643 32 107
578 21616 100 2 27743 6027 6127
386 27687 52 4 27795 56 108
733 27765 44 4 27839 30 74
267 27664 52 3 27891 175 227
986 27857 65 1 27956 34 99
321 27746 68 4 28024 210 278
472 28088 20 2 28108 0 20
478 28174 72 4 28246 0 72
876 28183 40 4 28286 63 103
123 28214 68 4 28354 72 140
659 28307 48 4 28402 47 95
258 28367 57 4 28459 35 92
950 28330 61 2 28520 129 190
282 28479 25 4 28545 41 66
342 28527 70 3 28615 18 88
709 28552 61 4 28676 63 124
66 28245 77 4 28753 431 508
423 28794 52 2 28846 0 52
770 28820 44 4 28890 26 70
221 28866 76 3 28966 24 100
905 28896 52 2 29018 70 122
989 29099 56 2 29155 0 56
416 29185 46 2 29231 0 46
449 29253 44 2 29297 0 44
122 29264 79 3 29376 33 112
96 29474 59 3 29533 0 59
493 29683 53 3 29736 0 53
526 29762 49 4 29811 0 49
698 29802 53 3 29864 9 62
351 29820 58 4 29922 44 102
634 29935 77 3 30012 0 77
737 29937 58 4 30070 75 133
802 30044 77 3 30147 26 103
725 30219 100 3 30319 0 100
54 30231 60 4 30379 88 148
301 30350 42 4 30421 29 71
115 30382 62 4 30483 39 101
205 30324 62 3 30545 159 221
751 30429 76 3 30621 116 192
149 30610 57 1 30678 11 68
194 30609 64 2 30742 69 133
642 30670 81 3 30823 72 153
819 30340 100 3 30923 483 583
143 30874 51 2 30974 49 100
812 30975 71 4 31046 0 71
778 31016 45 2 31091 30 75
934 30994 69 4 31160 97 166
381 31114 70 4 31230 46 116
930 31164 63 4 31293 66 129
915 31266 65 3 31358 27 92
24 31336 34 4 31392 22 56
749 31246 82 2 31474 146 228
728 31265 91 4 31565 209 300
909 31568 44 3 31612 0 44
664 31571 73 3 31685 41 114
990 31707 91 4 31798 0 91
948 31843 72 3 31915 0 72
602 31882 56 2 31971 33 89
580 31991 30 2 32021 0 30
712 32119 32 2 32151 0 32
844 32207 39 4 32246 0 39
675 32270 71 2 32341 0 71
854 32303 77 1 32418 38 115
871 32411 47 3 32465 7 54
939 32430 26 1 32491 35 61
818 32474 49 4 32540 17 66
570 32447 49 3 32589 93 142
448 32573 44 3 32633 16 60
657 32427 77 3 32710 206 283
144 32674 78 3 32788 36 114
647 32736 52 4 32840 52 104
717 32823 59 1 32899 17 76
388 33154 60 3 33214 0 60
394 33228 55 1 33283 0 55
646 33278 43 3 33326 5 48
495 33284 44 3 33370 42 86
419 33391 62 1 33453 0 62
55 33429 64 2 33517 24 88
988 33478 60 2 33577 39 99
877 33482 67 3 33644 95 162
147 33691 55 4 33746 0 55
88 33886 49 4 33935 0 49
425 33895 68 3 34003 40 108
278 34062 72 4 34134 0 72
731 34100 26 4 34160 34 60
467 34065 45 4 34205 95 140
973 34124 73 2 34278 81 154
461 34272 56 2 34334 6 62
411 34195 76 4 34410 139 215
621 34265 76 3 34486 145 221
984 34368 78 1 34564 118 196
609 34567 62 4 34629 0 62
140 34621 96 3 34725 8 104
936 34659 47 4 34772 66 113
639 34643 59 1 34831 129 188
44 34818 70 4 34901 13 83
645 35011 73 3 35084 0 73
453 35056 61 3 35145 28 89
822 35116 49 4 35194 29 78
601 35107 52 3 35246 87 139
969 35162 53 4 35299 84 137
505 35279 43 1 35342 20 63
622 35323 69 4 35411 19 88
628 35384 43 3 35454 27 70
470 35234 71 4 35525 220 291
671 35456 58 2 35583 69 127
790 35500 60 3 35643 83 143
213 35596 34 4 35677 47 81
473 35554 62 4 35739 123 185
150 35699 25 3 35764 40 65
379 35437 74 4 35838 327 401
572 35447 79 2 35917 391 470
549 35868 23 4 35940 49 72
623 35928 31 2 35971 12 43
604 35448 89 1 36060 523 612
866 35978 73 3 36133 82 155
878 35439 90 3 36223 694 784
896 36167 40 3 36263 56 96
672 36236 44 1 36307 27 71
509 36273 59 3 36366 34 93
626 36294 71 2 36437 72 143
889 36094 90 3 36527 343 433
260 36523 27 3 36554 4 31
544 36628 71 4 36699 0 71
75 36705 55 2 36760 0 55
206 36732 57 4 36817 28 85
843 36779 70 2 36887 38 108
573 36886 28 4 36915 1 29
518 36876 70 4 36985 39 109
714 37090 60 1 37150 0 60
931 37217 68 4 37285 0 68
663 37231 43 4 37328 54 97
648 37260 44 2 37372 68 112
333 37222 58 4 37430 150 208
163 37367 58 3 37488 63 121
660 37481 20 3 37508 7 27
921 37434 45 2 37553 74 119
199 37537 57 1 37610 16 73
148 37473 59 4 37669 137 196
270 37439 61 4 37730 230 291
375 37351 69 1 37799 379 448
18 37751 49 3 37848 48 97
529 37574 72 4 37920 274 346
894 37879 54 3 37974 41 95
591 37894 59 3 38033 80 139
113 38011 45 4 38078 22 67
136 38072 49 3 38127 6 55
853 38107 44 4 38171 20 64
713 38151 43 4 38214 20 63
192 37912 59 1 38273 302 361
970 38128 63 4 38336 145 208
298 38258 69 4 38405 78 147
471 38405 75 4 38480 0 75
252 38043 81 4 38561 437 518
584 38035 83 2 38644 526 609
279 38612 59 1 38703 32 91
316 38675 30 2 38733 28 58
124 37475 86 3 38819 1258 1344
65 38049 89 3 38908 770 859
882 38891 47 3 38955 17 64
730 39134 75 4 39209 0 75
126 39184 65 3 39274 25 90
959 39456 69 1 39525 0 69
85 39491 49 4 39574 34 83
191 39550 58 1 39632 24 82
643 39622 45 3 39677 10 55
842 39583 49 2 39726 94 143
918 39651 53 3 39779 75 128
409 39771 46 4 39825 8 54
814 39819 37 3 39862 6 43
947 39819 39 3 39901 43 82
851 39897 55 2 39956 4 59
139 39927 62 4 40018 29 91
682 39846 83 3 40101 172 255
339 40080 72 4 40173 21 93
401 39936 87 3 40260 237 324
615 40182 56 3 40316 78 134
865 40227 74 3 40390 89 163
727 40361 63 2 40453 29 92
243 40209 75 2 40528 244 319
743 39864 100 3 40628 664 764
203 40534 49 4 40677 94 143
95 40639 61 4 40738 38 99
945 40544 63 1 40801 194 257
272 40547 75 4 40876 254 329
962 40822 69 3 40945 54 123
719 41017 83 4 41100 0 83
439 41026 44 1 41144 74 118
112 41025 51 4 41195 119 170
552 41162 55 4 41250 33 88
427 41227 67 4 41317 23 90
255 41271 74 2 41391 46 120
414 41353 54 4 41445 38 92
188 41388 62 4 41507 57 119
697 41506 69 1 41576 1 70
838 41734 58 2 41792 0 58
788 41787 88 4 41880 5 93
614 42052 57 4 42109 0 57
458 42186 61 1 42247 0 61
159 42406 93 4 42499 0 93
840 42553 47 4 42600 0 47
6 42596 38 1 42638 4 42
547 42605 57 1 42695 33 90
928 42588 67 1 42762 107 174
430 42758 51 4 42813 4 55
360 43113 48 3 43161 0 48
758 43240 68 3 43308 0 68
813 43364 64 4 43428 0 64
579 43581 84 3 43665 0 84
809 43667 49 2 43716 0 49
826 43701 39 4 43755 15 54
310 43688 69 1 43824 67 136
777 43842 76 2 43918 0 76
825 43999 76 4 44075 0 76
421 44156 61 4 44217 0 61
618 44202 65 3 44282 15 80
923 44376 81 4 44457 0 81
548 44574 76 3 44650 0 76
995 44636 98 1 44748 14 112
874 44756 48 4 44804 0 48
164 44940 47 4 44987 0 47
226 45066 41 4 45107 0 41
264 45147 61 3 45208 0 61
860 45267 69 4 45336 0 69
600 45360 29 4 45389 0 29
38 45396 39 4 45435 0 39
958 45407 20 4 45455 28 48
752 45467 61 4 45528 0 61
514 45622 86 4 45708 0 86
653 45641 63 4 45771 67 130
954 45970 56 4 46026 0 56
933 45972 51 2 46077 54 105
795 46040 75 4 46152 37 112
864 46292 49 4 46341 0 49
322 46390 73 4 46463 0 73
319 46528 66 4 46594 0 66
681 46867 61 2 46928 0 61
510 46943 64 4 47007 0 64
174 47029 87 2 47116 0 87
715 47088 34 4 47150 28 62
170 47075 56 2 47206 75 131
204 47078 75 4 47281 128 203
254 47279 64 3 47345 2 66
699 47325 85 1 47430 20 105
220 47389 52 1 47482 41 93
444 47470 73 1 47555 12 85
76 47722 71 4 47793 0 71
121 47749 58 4 47851 44 102
200 47769 68 4 47919 82 150
895 47867 57 4 47976 52 109
764 47923 45 3 48021 53 98
249 47923 55 3 48076 98 153
293 47757 100 1 48176 319 419
708 48169 57 1 48233 7 64
329 48168 82 2 48315 65 147
438 48261 40 2 48355 54 94
974 48241 74 4 48429 114 188
586 48235 74 2 48503 194 268
275 48495 70 3 48573 8 78
228 48473 79 2 48652 100 179
569 48674 61 4 48735 0 61
561 48721 73 2 48808 14 87
328 48821 62 4 48883 0 62
665 48873 44 2 48927 10 54
926 48954 61 2 49015 0 61
538 49076 65 3 49141 0 65
941 49193 53 4 49246 0 53
537 49215 60 2 49306 31 91
28 49591 46 4 49637 0 46
753 49754 54 4 49808 0 54
30 49790 77 1 49885 18 95
288 49866 50 2 49935 19 69
624 49840 54 4 49989 95 149
481 49882 89 4 50078 107 196
383 50103 44 2 50147 0 44
535 50174 90 1 50264 0 90
135 50190 37 4 50301 74 111
691 50213 59 4 50360 88 147
906 50324 61 3 50421 36 97
523 50306 67 3 50488 115 182
266 50239 75 3 50563 249 324
179 50493 59 2 50622 70 129
335 50569 37 3 50659 53 90
180 50567 42 3 50701 92 134
834 50599 67 4 50768 102 169
940 50760 51 1 50819 8 59
437 50546 92 2 50911 273 365
966 50846 55 3 50966 65 120
555 51077 70 2 51147 0 70
687 51151 86 3 51237 0 86
21 51777 46 2 51823 0 46
846 51869 56 3 51925 0 56
37 51878 43 4 51968 47 90
2 52183 55 3 52238 0 55
674 52227 20 3 52258 11 31
590 52228 75 3 52333 30 105
47 52297 43 4 52376 36 79
132 52296 57 2 52433 80 137
334 52300 62 3 52495 133 195
389 52241 80 3 52575 254 334
165 52850 76 4 52926 0 76
550 52859 30 4 52956 67 97
207 52869 100 3 53056 87 187
594 52957 56 3 53112 99 155
356 53107 71 2 53183 5 76
673 53099 80 4 53263 84 164
999 53353 80 4 53433 0 80
167 53673 73 1 53746 0 73
957 53873 63 4 53936 0 63
541 53930 81 4 54017 6 87
616 54175 57 2 54232 0 57
367 54180 25 3 54257 52 77
296 54343 56 1 54399 0 56
50 54438 93 4 54531 0 93
369 54461 20 3 54551 70 90
539 54530 57 3 54608 21 78
925 54460 66 2 54674 148 214
7 54662 38 2 54712 12 50
635 54704 44 3 54756 8 52
907 54656 69 4 54825 100 169
502 54824 48 3 54873 1 49
198 54941 48 3 54989 0 48
424 55110 60 2 55170 0 60
483 55130 81 2 55251 40 121
285 55948 70 2 56018 0 70
352 56161 61 4 56222 0 61
286 56243 66 4 56309 0 66
823 56334 70 4 56404 0 70
10 56505 56 1 56561 0 56
119 56506 39 4 56600 55 94
223 56533 88 4 56688 67 155
27 56761 58 4 56819 0 58
632 56800 53 4 56872 19 72
469 56870 54 1 56926 2 56
434 56877 51 4 56977 49 100
545 56922 74 4 57051 55 129
294 57402 94 3 57496 0 94
991 57474 60 4 57556 22 82
707 57808 83 4 57891 0 83
291 57815 90 4 57981 76 166
513 58434 52 4 58486 0 52
384 58444 46 4 58532 42 88
442 58860 48 2 58908 0 48
516 58918 47 4 58965 0 47
173 58919 54 4 59019 46 100
625 59075 37 4 59112 0 37
532 59093 53 4 59165 19 72
955 59666 66 2 59732 0 66
763 59779 65 4 59844 0 65
619 59825 50 2 59894 19 69
606 59805 63 1 59957 89 152
84 59904 44 4 60001 53 97
376 59899 48 4 60049 102 150
716 60002 60 4 60109 47 107
637 60113 39 4 60152 0 39
17 60265 86 4 60351 0 86
417 60318 68 3 60419 33 101
620 60400 34 4 60453 19 53
79 60370 49 2 60502 83 132
52 60383 55 3 60557 119 174
161 60412 83 3 60640 145 228
560 60606 90 4 60730 34 124
740 60675 46 2 60776 55 101
142 60779 67 2 60846 0 67
410 61174 62 1 61236 0 62
155 61439 64 2 61503 0 64
387 61521 54 4 61575 0 54
462 61563 43 3 61618 12 55
491 61546 53 2 61671 72 125
980 61649 52 4 61723 22 74
92 61709 47 4 61770 14 61
196 61626 64 3 61834 144 208
343 61929 84 4 62013 0 84
330 61975 81 4 62094 38 119
519 62029 35 2 62129 65 100
735 62092 40 4 62169 37 77
366 62073 68 4 62237 96 164
684 62205 68 4 62305 32 100
309 62202 71 3 62376 103 174
810 62603 45 4 62648 0 45
536 62771 64 3 62835 0 64
611 62844 61 2 62905 0 61
116 62888 35 3 62940 17 52
432 62905 71 4 63011 35 106
801 63006 64 4 63075 5 69
304 62949 67 3 63142 126 193
946 63114 33 1 63175 28 61
134 63155 65 3 63240 20 85
994 62941 71 4 63311 299 370
807 63291 54 3 63365 20 74
786 63353 37 2 63402 12 49
233 63363 54 3 63456 39 93
178 63121 71 3 63527 335 406
248 63808 65 4 63873 0 65
787 63865 45 4 63918 8 53
8 63909 71 2 63989 9 80
171 64225 61 2 64286 0 61
40 64581 58 4 64639 0 58
755 64649 71 3 64720 0 71
885 65206 43 4 65249 0 43
29 65523 50 3 65573 0 50
654 65677 28 2 65705 0 28
450 65794 52 4 65846 0 52
172 65879 56 1 65935 0 56
9 65893 63 2 65998 42 105
397 65936 65 4 66063 62 127
445 66247 71 4 66318 0 71
898 66393 68 3 66461 0 68
153 66596 52 2 66648 0 52
452 66632 43 1 66691 16 59
937 66645 86 4 66777 46 132
897 66722 39 4 66816 55 94
769 66902 72 2 66974 0 72
695 66920 20 4 66994 54 74
488 67019 75 1 67094 0 75
283 67026 75 1 67169 68 143
504 67498 67 4 67565 0 67
848 67649 58 4 67707 0 58
942 67667 44 1 67751 40 84
51 67936 65 4 68001 0 65
886 68006 48 2 68054 0 48
429 68035 60 4 68114 19 79
117 68103 64 3 68178 11 75
724 68117 36 2 68214 61 97
459 68208 43 3 68257 6 49
325 68134 52 2 68309 123 175
337 68398 71 4 68469 0 71
229 68442 71 4 68540 27 98
34 68558 39 3 68597 0 39
1000 68740 77 1 68817 0 77
443 69050 57 4 69107 0 57
867 69238 52 4 69290 0 52
911 69316 66 2 69382 0 66
214 69372 39 2 69421 10 49
830 69319 44 4 69465 102 146
209 69438 56 1 69521 27 83
887 69552 51 2 69603 0 51
805 69589 65 4 69668 14 79
558 69599 84 3 69752 69 153
796 69769 69 2 69838 0 69
406 70363 58 2 70421 0 58
553 70784 54 4 70838 0 54
720 71011 71 3 71082 0 71
63 71087 54 3 71141 0 54
574 71157 20 4 71177 0 20
497 71167 50 4 71227 10 60
187 71373 65 4 71438 0 65
25 71753 57 4 71810 0 57
315 71788 68 2 71878 22 90
981 72156 38 4 72194 0 38
881 72635 56 3 72691 0 56
49 72991 72 3 73063 0 72
662 73371 55 2 73426 0 55
468 73473 43 1 73516 0 43
125 73511 53 3 73569 5 58
345 73711 54 1 73765 0 54
972 73967 79 4 74046 0 79
534 74063 61 4 74124 0 61
487 74130 65 4 74195 0 65
960 74286 76 4 74362 0 76
917 74543 65 2 74608 0 65
869 74865 60 1 74925 0 60
145 75058 65 3 75123 0 65
408 75072 53 2 75176 51 104
428 75072 61 4 75237 104 165
734 75097 65 3 75302 140 205
466 75086 92 4 75394 216 308
357 75534 49 2 75583 0 49
373 75543 57 3 75640 40 97
436 75820 78 1 75898 0 78
677 75919 59 4 75978 0 59
768 75973 59 2 76037 5 64
265 75942 82 2 76119 95 177
761 76090 39 2 76158 29 68
289 76476 45 4 76521 0 45
627 76703 55 1 76758 0 55
971 76738 90 2 76848 20 110
762 76850 51 4 76901 0 51
86 77190 41 3 77231 0 41
873 77533 81 2 77614 0 81
661 77597 95 4 77709 17 112
181 78076 49 2 78125 0 49
726 78148 89 4 78237 0 89
559 78175 92 4 78329 62 154
817 78350 75 3 78425 0 75
114 78410 83 2 78508 15 98
396 78524 74 3 78598 0 74
109 78594 38 4 78636 4 42
750 78995 56 4 79051 0 56
780 79182 69 2 79251 0 69
612 79511 58 1 79569 0 58
263 79886 69 3 79955 0 69
793 80062 73 4 80135 0 73
738 80195 58 4 80253 0 58
78 80560 84 3 80644 0 84
924 80869 99 3 80968 0 99
11 80975 43 3 81018 0 43
318 81027 59 3 81086 0 59
53 81326 55 4 81381 0 55
861 81545 71 3 81616 0 71
311 81876 71 2 81947 0 71
391 81938 71 4 82018 9 80
839 82496 58 4 82554 0 58
451 82516 40 3 82594 38 78
338 83331 72 4 83403 0 72
426 83793 84 4 83877 0 84
324 83816 59 1 83936 61 120
323 84028 65 3 84093 0 65
820 84131 44 4 84175 0 44
42 84249 50 4 84299 0 50
210 84362 62 4 84424 0 62
371 84518 27 1 84545 0 27
723 84633 59 3 84692 0 59
690 85111 54 4 85165 0 54
903 85169 66 4 85235 0 66
105 85547 75 3 85622 0 75
741 85880 87 2 85967 0 87
638 86303 58 4 86361 0 58
656 86915 54 4 86969 0 54
835 86955 73 3 87042 14 87
527 87351 58 2 87409 0 58
685 87933 79 3 88012 0 79
56 88120 66 1 88186 0 66
774 88786 60 3 88846 0 60
927 89116 54 4 89170 0 54
711 90498 73 3 90571 0 73
703 91461 50 1 91511 0 50
253 91823 74 4 91897 0 74
41 92267 82 3 92349 0 82
829 93306 61 2 93367 0 61
83 93644 57 3 93701 0 57
216 94867 48 4 94915 0 48
107 95852 62 2 95914 0 62
12 96339 57 3 96396 0 57
