98320 1371 125 78
255 69 23 1 92 0 23
208 233 34 4 267 0 34
957 270 25 1 295 0 25
582 274 32 3 377 71 103
153 281 44 2 421 96 140
817 273 59 2 430 98 157
699 358 25 1 455 72 97
207 409 36 3 491 46 82
203 447 57 4 548 44 101
761 536 28 4 626 62 90
168 515 55 3 631 61 116
374 567 50 3 731 114 164
145 557 57 1 788 174 231
307 631 70 4 858 157 227
486 719 73 4 881 89 162
679 829 46 4 927 52 98
101 837 24 3 951 90 114
378 943 21 4 1072 108 129
969 866 55 2 1077 156 211
44 909 53 4 1080 118 171
337 1054 35 4 1165 76 111
792 1048 56 2 1171 67 123
706 1142 44 1 1215 29 73
64 1167 53 3 1268 48 101
932 1221 76 4 1344 47 123
49 1323 64 3 1408 21 85
575 1485 64 4 1549 0 64
114 1488 48 2 1597 61 109
108 1523 27 4 1624 74 101
745 1552 21 3 1645 72 93
926 1604 24 4 1669 41 65
879 1616 37 2 1706 53 90
272 1654 50 3 1756 52 102
522 1656 42 4 1798 100 142
512 1677 37 2 1835 121 158
738 1737 37 4 1872 98 135
615 1809 46 4 1918 63 109
515 1829 25 1 1943 89 114
386 1838 32 1 1975 105 137
295 1875 79 2 2054 100 179
54 1977 23 4 2077 77 100
477 1993 58 4 2135 84 142
832 2125 50 2 2185 10 60
232 2236 65 4 2301 0 65
947 2257 63 3 2414 94 157
591 2273 57 1 2471 141 198
354 2359 24 3 2495 112 136
762 2377 43 2 2538 118 161
542 2399 24 2 2562 139 163
87 2326 60 3 2572 186 246
728 2424 40 4 2612 148 188
858 2444 31 4 2643 168 199
636 2471 32 3 2675 172 204
391 2485 39 4 2714 190 229
485 2511 36 3 2750 203 239
958 2678 29 1 2929 222 251
514 2517 60 4 2989 412 472
965 2798 22 3 3011 191 213
912 2657 51 1 3012 304 355
751 2820 24 1 3036 192 216
468 2824 22 1 3058 212 234
388 2664 73 4 3081 344 417
330 2852 38 4 3119 229 267
711 2681 69 2 3188 438 507
629 2967 39 4 3227 221 260
400 3024 28 3 3255 203 231
835 3098 31 4 3336 207 238
749 3106 43 4 3379 230 273
430 3113 24 2 3403 266 290
446 3114 30 4 3433 289 319
80 2885 57 2 3440 498 555
273 3246 37 4 3577 294 331
100 3045 52 4 3579 482 534
628 3260 41 4 3620 319 360
62 3389 32 2 3702 281 313
284 3128 74 3 3726 524 598
395 3479 32 4 3758 247 279
733 3156 76 1 3784 552 628
693 3504 31 2 3815 280 311
171 3269 57 3 3922 596 653
33 3626 37 2 3959 296 333
426 3798 43 1 4002 161 204
596 3813 36 4 4088 239 275
893 3521 83 4 4121 517 600
52 3600 51 4 4172 521 572
780 3987 44 4 4316 285 329
56 3803 59 4 4375 513 572
427 4040 24 2 4399 335 359
236 3843 68 4 4517 606 674
833 4150 46 3 4613 417 463
644 3956 81 3 4644 607 688
398 4179 26 4 4670 465 491
259 3974 74 3 4694 646 720
469 4274 45 3 4739 420 465
867 4002 64 2 4753 687 751
230 4072 60 4 4863 731 791
741 4415 34 4 4897 448 482
373 4421 37 4 4934 476 513
877 4446 43 3 4977 488 531
600 4118 54 3 4981 809 863
439 4468 47 3 5028 513 560
777 4143 70 4 5098 885 955
195 4525 43 3 5141 573 616
414 4547 34 2 5175 594 628
765 4591 29 3 5254 634 663
329 4713 29 3 5333 591 620
1000 4736 22 4 5355 597 619
444 4751 34 4 5389 604 638
45 4331 61 4 5400 1008 1069
271 4343 62 4 5412 1007 1069
312 4847 31 3 5443 565 596
927 4862 31 3 5474 581 612
249 4961 33 2 5507 513 546
296 4987 29 4 5536 520 549
76 5003 23 4 5559 533 556
90 4517 73 2 5582 992 1065
538 5074 50 4 5632 508 558
55 5159 40 3 5722 523 563
393 5166 21 3 5743 556 577
666 4585 51 2 5744 1108 1159
766 4612 54 2 5748 1082 1136
94 5352 41 3 5839 446 487
170 5374 25 3 5864 465 490
794 5619 21 2 5985 345 366
19 5135 87 2 6022 800 887
603 5289 68 3 6040 683 751
527 5761 40 3 6080 279 319
466 5405 64 4 6094 625 689
790 5501 55 1 6199 643 698
109 5923 32 2 6231 276 308
420 6039 38 3 6269 192 230
574 5885 64 4 6283 334 398
840 5887 66 2 6299 346 412
503 6149 42 3 6341 150 192
277 6176 46 3 6387 165 211
544 6306 24 4 6411 81 105
35 6335 33 4 6494 126 159
422 6326 52 3 6496 118 170
866 6432 49 1 6545 64 113
132 6500 30 1 6575 45 75
334 6541 36 4 6611 34 70
799 6620 30 2 6650 0 30
327 6803 78 2 6881 0 78
125 6960 21 4 6981 0 21
266 6964 28 4 7009 17 45
989 6969 55 4 7064 40 95
458 7010 44 4 7108 54 98
793 7039 43 3 7151 69 112
223 7072 36 3 7187 79 115
789 7137 28 1 7215 50 78
358 7203 35 4 7250 12 47
340 7222 34 4 7284 28 62
501 7311 79 2 7390 0 79
402 7314 67 4 7507 126 193
120 7330 59 3 7516 127 186
838 7454 21 3 7537 62 83
616 7682 32 3 7714 0 32
384 7770 71 3 7841 0 71
924 7771 38 2 7879 70 108
567 7836 47 4 7926 43 90
128 7876 48 3 7974 50 98
519 7910 97 4 8221 214 311
6 7955 66 3 8237 216 282
907 7962 53 4 8240 225 278
752 7962 52 2 8242 228 280
436 8157 53 3 8345 135 188
730 8270 45 3 8390 75 120
473 8163 53 3 8443 227 280
166 8317 23 4 8466 126 149
946 8324 22 4 8488 142 164
613 8326 21 4 8509 162 183
438 8352 39 4 8548 157 196
676 8384 20 2 8568 164 184
570 8278 77 4 8595 240 317
539 8432 21 1 8616 163 184
156 8468 24 4 8640 148 172
97 8602 51 1 8691 38 89
599 8706 57 3 8763 0 57
855 8750 86 4 8849 13 99
531 8786 23 3 8872 63 86
48 8830 33 4 8905 42 75
26 8835 21 4 8926 70 91
923 8856 24 4 8950 70 94
829 8872 29 3 8979 78 107
658 9138 31 4 9169 0 31
165 9227 29 2 9256 0 29
662 9242 22 4 9278 14 36
622 9357 67 4 9424 0 67
656 9472 71 3 9543 0 71
463 9497 29 3 9572 46 75
28 9784 35 2 9819 0 35
880 9899 43 1 9942 0 43
895 9988 68 4 10056 0 68
196 10235 55 2 10290 0 55
14 10238 50 4 10340 52 102
36 10324 51 2 10391 16 67
823 10520 31 3 10551 0 31
982 10543 75 1 10626 8 83
684 10571 90 3 10816 155 245
694 10586 73 4 10889 230 303
825 10619 91 2 10930 220 311
925 10760 24 3 10954 170 194
624 10661 74 2 10978 243 317
690 10924 88 3 11066 54 142
169 10993 29 4 11095 73 102
548 11023 63 2 11158 72 135
253 11159 33 4 11192 0 33
348 11229 42 4 11271 0 42
60 11277 45 4 11322 0 45
344 11302 23 3 11395 70 93
99 11317 34 3 11429 78 112
13 11296 73 3 11452 83 156
214 11333 26 4 11478 119 145
901 11369 37 3 11515 109 146
980 11495 22 4 11537 20 42
962 11649 21 4 11670 0 21
285 11690 26 4 11716 0 26
859 11816 42 2 11858 0 42
287 11826 43 1 11901 32 75
865 11845 87 3 11988 56 143
572 11909 43 4 12031 79 122
585 11960 21 4 12102 121 142
904 12015 35 2 12137 87 122
769 11923 62 2 12149 164 226
579 12068 54 3 12203 81 135
819 12252 23 4 12275 0 23
210 12268 62 2 12337 7 69
417 12281 26 1 12363 56 82
98 12338 87 4 12450 25 112
954 12368 77 4 12577 132 209
112 12491 30 4 12707 186 216
634 12500 35 1 12742 207 242
107 12444 64 4 12756 248 312
12 12476 91 4 12797 230 321
474 12600 47 3 12844 197 244
103 12488 74 4 12868 306 380
498 12755 26 3 12894 113 139
359 12815 45 3 12939 79 124
451 12936 23 4 12962 3 26
79 13025 41 1 13066 0 41
241 13030 44 3 13110 36 80
381 13078 57 4 13167 32 89
353 13238 35 4 13273 0 35
731 13281 27 1 13308 0 27
546 13357 31 2 13388 0 31
302 13372 33 3 13421 16 49
433 13377 20 3 13441 44 64
122 13391 87 2 13528 50 137
68 13468 39 3 13567 60 99
633 13516 29 4 13596 51 80
183 13519 23 4 13619 77 100
559 13535 30 1 13649 84 114
305 13604 49 2 13698 45 94
740 13632 81 4 13829 116 197
276 13661 73 3 13852 118 191
449 13843 43 4 13895 9 52
956 13904 38 2 13942 0 38
240 13917 50 3 13992 25 75
664 13925 64 1 14106 117 181
452 14014 48 4 14154 92 140
265 13949 74 1 14178 155 229
16 14097 34 4 14212 81 115
364 14129 43 2 14255 83 126
717 14155 37 1 14292 100 137
82 14289 30 1 14322 3 33
500 14298 32 2 14354 24 56
964 14301 22 3 14376 53 75
888 14372 32 4 14458 54 86
898 14357 62 2 14470 51 113
118 14447 24 2 14494 23 47
568 14568 21 4 14589 0 21
489 14611 78 4 14689 0 78
263 14630 49 3 14738 59 108
447 14856 78 3 14934 0 78
21 14896 41 1 14975 38 79
135 15070 55 3 15125 0 55
162 15144 51 2 15195 0 51
309 15185 44 2 15239 10 54
723 15196 67 4 15306 43 110
389 15248 30 4 15336 58 88
883 15254 39 4 15375 82 121
533 15326 22 3 15397 49 71
597 15443 69 1 15512 0 69
999 15444 43 4 15555 68 111
129 15494 45 2 15600 61 106
172 15546 35 4 15635 54 89
53 15620 47 3 15682 15 62
715 15644 46 3 15728 38 84
164 15677 20 4 15748 51 71
136 15788 74 4 15862 0 74
280 15826 55 3 15917 36 91
750 16046 53 4 16099 0 53
193 16080 22 4 16121 19 41
902 16153 58 4 16211 0 58
401 16209 81 3 16292 2 83
155 16318 34 4 16352 0 34
148 16534 46 3 16580 0 46
812 16535 21 3 16601 45 66
670 16699 45 3 16744 0 45
59 16754 29 4 16783 0 29
612 16793 47 4 16840 0 47
261 16797 21 3 16861 43 64
635 16798 35 3 16896 63 98
513 16886 50 4 16946 10 60
995 17064 22 4 17086 0 22
269 17185 43 3 17228 0 43
495 17306 76 3 17382 0 76
184 17339 58 4 17440 43 101
442 17397 97 3 17537 43 140
937 17547 40 4 17587 0 40
178 17642 30 3 17672 0 30
646 17664 71 2 17743 8 79
289 17785 27 4 17812 0 27
716 18023 25 1 18048 0 25
478 18179 49 1 18228 0 49
800 18234 83 3 18317 0 83
92 18238 37 4 18354 79 116
983 18244 38 4 18442 160 198
894 18241 53 4 18445 151 204
714 18358 29 4 18474 87 116
455 18394 48 3 18522 80 128
493 18461 37 2 18659 161 198
856 18432 67 3 18726 227 294
729 18537 21 4 18747 189 210
91 18460 60 2 18807 287 347
772 18590 35 1 18842 217 252
227 18516 74 4 18866 276 350
499 18675 32 4 18898 191 223
418 18682 42 4 18940 216 258
580 18546 85 3 18975 344 429
566 18833 50 3 19025 142 192
18 18849 55 3 19180 276 331
857 18863 64 1 19194 267 331
220 19076 40 4 19234 118 158
217 18874 63 1 19247 310 373
197 19174 31 4 19278 73 104
311 19362 26 4 19388 0 26
760 19426 43 2 19469 0 43
78 19664 29 4 19693 0 29
177 19691 35 2 19828 102 137
618 19670 64 4 19842 108 172
782 19673 80 4 19922 169 249
534 19694 64 2 19986 228 292
366 19746 62 4 19998 190 252
594 19957 22 1 20020 41 63
945 20074 82 3 20156 0 82
696 20115 20 3 20176 41 61
471 20171 59 1 20235 5 64
973 20209 63 4 20298 26 89
222 20258 63 3 20411 90 153
975 20260 52 3 20463 151 203
352 20361 43 1 20506 102 145
111 20323 74 3 20530 133 207
659 20658 74 3 20732 0 74
144 20722 24 4 20756 10 34
985 20728 40 3 20796 28 68
69 20782 36 4 20832 14 50
968 20795 26 4 20858 37 63
620 20965 46 4 21011 0 46
341 20993 48 4 21059 18 66
25 21030 47 3 21106 29 76
933 21100 31 2 21137 6 37
663 21151 35 2 21186 0 35
654 21181 44 4 21280 55 99
669 21183 29 2 21309 97 126
149 21171 75 2 21384 138 213
722 21240 31 4 21465 194 225
377 21255 34 2 21499 210 244
454 21186 75 4 21574 313 388
875 21211 72 3 21596 313 385
318 21262 82 2 21678 334 416
83 21521 41 2 21719 157 198
262 21524 46 2 21765 195 241
942 21460 81 3 21796 255 336
435 21635 25 4 21871 211 236
803 21682 39 4 21910 189 228
583 21687 26 4 21936 223 249
320 21610 66 4 22002 326 392
692 21739 80 2 22032 213 293
32 22030 37 4 22119 52 89
369 22030 62 2 22131 39 101
951 22108 46 4 22177 23 69
2 22132 24 2 22201 45 69
668 22147 40 1 22241 54 94
464 22167 26 4 22267 74 100
274 22355 31 2 22386 0 31
382 22420 41 3 22461 0 41
917 22499 32 3 22531 0 32
943 22561 66 4 22627 0 66
661 22701 49 4 22750 0 49
704 22732 48 3 22798 18 66
306 22773 37 2 22835 25 62
528 22953 38 1 22991 0 38
351 23226 22 4 23248 0 22
963 23296 48 3 23344 0 48
368 23341 24 3 23418 53 77
569 23319 70 4 23438 49 119
930 23347 39 2 23477 91 130
383 23360 25 4 23502 117 142
58 23398 41 2 23593 154 195
205 23404 47 4 23640 189 236
744 23408 39 3 23679 232 271
437 23393 63 3 23692 236 299
671 23526 29 2 23721 166 195
411 23672 34 2 23755 49 83
219 23701 54 2 23809 54 108
678 23815 78 4 23893 0 78
949 23903 59 2 23962 0 59
641 23999 36 4 24035 0 36
194 24045 27 3 24072 0 27
934 24075 49 2 24124 0 49
476 24156 41 4 24197 0 41
27 24186 46 4 24343 111 157
681 24162 64 1 24357 131 195
675 24180 58 4 24365 127 185
607 24269 40 4 24405 96 136
480 24269 39 2 24444 136 175
630 24280 27 2 24471 164 191
140 24321 47 3 24568 200 247
260 24280 61 1 24579 238 299
688 24537 23 3 24652 92 115
336 24519 66 4 24668 83 149
806 24617 22 2 24740 101 123
550 24657 50 4 24790 83 133
8 24581 62 4 24802 159 221
944 24821 39 4 24860 0 39
290 24946 28 2 24974 0 28
376 24959 43 3 25017 15 58
720 24990 26 3 25043 27 53
710 24999 76 1 25119 44 120
441 25059 40 4 25159 60 100
719 25110 24 4 25183 49 73
850 25137 92 2 25275 46 138
940 25307 78 4 25385 0 78
992 25392 62 3 25454 0 62
421 25413 32 4 25486 41 73
188 25492 23 3 25515 0 23
175 25511 24 2 25539 4 28
286 25552 27 4 25579 0 27
127 25560 69 4 25648 19 88
928 25595 39 4 25687 53 92
1 25739 28 4 25767 0 28
708 25790 72 3 25862 0 72
235 25802 64 2 25926 60 124
234 25948 62 3 26010 0 62
914 25961 67 2 26077 49 116
365 26032 55 4 26182 95 150
915 26077 77 4 26209 55 132
604 26255 21 2 26276 0 21
115 26262 43 4 26319 14 57
779 26327 75 4 26402 0 75
511 26332 39 3 26441 70 109
742 26667 35 4 26702 0 35
106 26690 47 3 26749 12 59
882 26745 23 4 26772 4 27
504 26809 30 2 26839 0 30
758 26854 66 4 26920 0 66
20 26938 74 1 27012 0 74
431 27004 40 3 27052 8 48
404 27007 38 4 27090 45 83
826 27057 24 4 27114 33 57
589 27062 37 2 27151 52 89
63 27075 34 1 27185 76 110
518 27089 22 3 27207 96 118
268 27153 60 1 27267 54 114
640 27229 50 3 27317 38 88
267 27279 39 4 27356 38 77
959 27295 21 1 27377 61 82
913 27342 22 4 27399 35 57
778 27357 77 2 27476 42 119
57 27511 29 3 27540 0 29
467 27560 27 2 27587 0 27
848 27631 32 3 27663 0 32
40 27706 33 3 27739 0 33
110 27742 24 4 27766 0 24
152 27945 23 1 27968 0 23
258 28035 20 3 28055 0 20
626 28101 63 3 28164 0 63
972 28194 26 4 28220 0 26
167 28302 29 4 28331 0 29
701 28332 49 4 28381 0 49
313 28376 39 3 28420 5 44
228 28489 63 3 28552 0 63
921 28519 82 4 28634 33 115
291 28608 30 3 28714 76 106
508 28599 72 3 28736 65 137
323 28943 43 3 28986 0 43
625 29054 32 4 29086 0 32
275 29055 36 4 29122 31 67
820 29115 20 4 29192 57 77
10 29083 53 4 29195 59 112
95 29136 73 1 29318 109 182
300 29202 23 3 29391 166 189
324 29172 59 1 29400 169 228
201 29302 33 3 29433 98 131
520 29200 62 1 29445 183 245
610 29333 50 2 29495 112 162
739 29378 28 4 29523 117 145
346 29411 43 3 29566 112 155
189 29416 57 3 29773 300 357
608 29454 56 3 29779 269 325
316 29460 51 3 29780 269 320
709 29514 62 3 29792 216 278
322 29809 23 4 29832 0 23
294 29843 39 4 29882 0 39
42 29860 80 3 29962 22 102
549 30230 21 3 30251 0 21
332 30239 33 1 30284 12 45
609 30295 71 4 30366 0 71
781 30559 21 3 30580 0 21
869 30653 28 4 30681 0 28
906 30779 43 3 30822 0 43
3 30891 45 4 30936 0 45
753 31019 83 4 31102 0 83
123 31091 36 4 31138 11 47
179 31115 62 4 31200 23 85
479 31196 59 3 31259 4 63
158 31219 32 4 31291 40 72
502 31289 63 3 31354 2 65
198 31478 56 2 31534 0 56
621 31530 48 1 31582 4 52
424 31618 66 1 31684 0 66
392 31688 44 4 31732 0 44
541 31909 42 3 31951 0 42
756 32038 65 4 32103 0 65
910 32046 43 1 32146 57 100
243 32057 66 4 32262 139 205
863 32181 29 3 32291 81 110
104 32140 59 4 32300 101 160
413 32232 46 2 32346 68 114
147 32407 47 1 32454 0 47
71 32548 72 2 32620 0 72
226 32668 22 3 32690 0 22
876 32808 78 2 32886 0 78
556 32892 61 3 32953 0 61
638 33018 56 3 33074 0 56
224 33065 61 1 33135 9 70
7 33228 73 1 33301 0 73
617 33264 26 1 33327 37 63
361 33310 27 4 33354 17 44
347 33412 67 1 33479 0 67
571 33514 81 3 33595 0 81
448 33577 34 4 33629 18 52
563 33721 51 4 33772 0 51
428 33756 73 1 33845 16 89
481 33945 51 1 33996 0 51
873 33989 91 3 34087 7 98
113 34077 42 2 34129 10 52
734 34181 56 1 34237 0 56
288 34246 66 3 34312 0 66
423 34386 50 4 34436 0 50
482 34395 50 4 34486 41 91
815 34553 43 4 34596 0 43
804 34568 74 1 34670 28 102
686 34803 30 4 34833 0 30
517 34860 30 3 34890 0 30
375 35092 25 3 35117 0 25
990 35124 26 4 35150 0 26
185 35125 25 2 35175 25 50
860 35145 31 1 35206 30 61
899 35180 27 1 35233 26 53
573 35206 44 3 35327 77 121
239 35200 66 2 35343 77 143
700 35278 21 4 35364 65 86
845 35310 49 4 35413 54 103
960 35328 50 4 35463 85 135
11 35363 40 4 35503 100 140
460 35388 33 1 35536 115 148
292 35732 33 4 35765 0 33
233 35908 38 3 35946 0 38
23 36258 26 4 36284 0 26
242 36489 37 4 36526 0 37
974 36782 38 1 36820 0 38
335 36974 68 3 37042 0 68
770 37050 52 4 37102 0 52
491 37217 52 4 37269 0 52
299 37282 32 2 37314 0 32
181 37302 37 4 37351 12 49
530 37345 39 1 37390 6 45
796 37447 51 3 37498 0 51
74 37586 89 3 37675 0 89
191 37793 52 4 37845 0 52
279 37872 47 3 37919 0 47
645 37941 69 4 38010 0 69
979 38010 27 3 38037 0 27
415 38137 86 3 38223 0 86
246 38230 31 4 38261 0 31
619 38245 58 3 38319 16 74
326 38323 21 4 38344 0 21
331 38565 58 1 38623 0 58
642 38823 56 2 38879 0 56
407 38846 35 3 38914 33 68
864 38967 53 2 39020 0 53
221 39078 27 2 39105 0 27
29 39125 27 3 39152 0 27
524 39176 30 4 39206 0 30
774 39333 66 3 39399 0 66
843 39416 48 3 39464 0 48
85 39503 41 3 39544 0 41
687 39547 50 3 39597 0 50
397 39573 24 1 39621 24 48
39 39830 22 2 39852 0 22
768 39842 32 4 39934 60 92
416 39838 70 2 39954 46 116
881 39872 42 2 39996 82 124
601 39972 41 4 40037 24 65
367 39982 28 4 40065 55 83
174 40042 22 3 40137 73 95
545 39987 80 4 40167 100 180
587 40130 38 3 40205 37 75
141 40139 41 2 40246 66 107
211 40225 83 2 40329 21 104
916 40253 32 3 40361 76 108
598 40325 58 4 40419 36 94
737 40372 24 3 40443 47 71
785 40429 77 3 40520 14 91
606 40448 26 1 40546 72 98
695 40451 44 2 40590 95 139
31 40562 50 2 40690 78 128
724 40476 52 2 40692 164 216
338 40755 69 2 40824 0 69
540 40799 39 3 40863 25 64
475 40853 22 3 40935 60 82
317 40818 68 3 40953 67 135
30 40974 39 2 41013 0 39
150 41280 44 3 41324 0 44
814 41282 42 4 41366 42 84
298 41350 54 2 41420 16 70
496 41446 57 2 41503 0 57
505 41467 65 4 41568 36 101
182 41526 35 4 41603 42 77
967 41551 45 4 41648 52 97
160 41674 47 4 41721 0 47
488 41771 31 4 41802 0 31
987 41831 76 4 41907 0 76
813 41849 37 3 41944 58 95
824 41858 37 3 41981 86 123
532 41963 35 1 42016 18 53
51 42006 30 2 42046 10 40
931 42008 53 2 42099 38 91
849 42106 35 4 42141 0 35
215 42150 41 4 42191 0 41
440 42224 35 3 42259 0 35
547 42257 70 3 42329 2 72
456 42300 35 4 42414 79 114
525 42272 71 3 42435 92 163
726 42459 51 3 42510 0 51
176 42584 38 4 42622 0 38
886 42716 43 4 42759 0 43
577 42846 29 3 42875 0 29
173 42892 47 2 42939 0 47
425 42970 23 3 42993 0 23
988 43067 28 2 43095 0 28
146 43207 32 4 43239 0 32
578 43209 34 4 43273 30 64
385 43484 55 3 43539 0 55
34 43770 51 2 43821 0 51
315 43846 22 3 43868 0 22
878 43879 69 3 43948 0 69
24 43904 63 2 44061 94 157
795 43914 52 2 44063 97 149
897 44133 37 2 44170 0 37
576 44203 27 3 44230 0 27
206 44256 36 2 44292 0 36
748 44433 44 3 44477 0 44
851 44515 77 4 44592 0 77
434 44539 27 3 44619 53 80
754 44592 58 2 44677 27 85
647 44654 22 3 44699 23 45
834 44706 21 3 44727 0 21
595 44795 67 3 44862 0 67
564 44801 73 2 44935 61 134
84 44896 38 1 44973 39 77
387 44911 40 3 45013 62 102
9 44933 45 3 45058 80 125
77 44944 42 3 45100 114 156
65 45033 52 4 45152 67 119
408 45108 30 3 45182 44 74
637 45220 94 2 45314 0 94
301 45221 38 3 45352 93 131
213 45388 77 3 45465 0 77
310 45461 26 1 45541 54 80
872 45461 57 4 45548 30 87
154 45489 25 4 45573 59 84
653 45529 51 3 45624 44 95
891 45713 28 4 45741 0 28
557 46017 85 2 46102 0 85
952 46119 42 4 46161 0 42
870 46127 38 4 46199 34 72
270 46194 23 4 46272 55 78
712 46134 56 4 46278 88 144
264 46220 93 4 46371 58 151
238 46493 45 4 46538 0 45
88 46512 63 3 46601 26 89
360 46615 64 3 46679 0 64
282 46662 40 4 46719 17 57
773 46840 34 4 46874 0 34
703 46855 54 1 46928 19 73
134 46925 58 1 46986 3 61
896 46940 47 4 47033 46 93
984 47166 34 1 47200 0 34
186 47215 79 3 47294 0 79
443 47233 75 3 47369 61 136
786 47300 26 3 47395 69 95
218 47506 22 3 47528 0 22
764 47634 82 4 47716 0 82
920 47671 33 3 47749 45 78
204 47709 60 4 47809 40 100
229 47821 31 4 47852 0 31
743 47854 48 1 47902 0 48
362 47858 41 4 47943 44 85
319 47947 27 2 47974 0 27
905 48184 85 3 48269 0 85
776 48292 79 4 48371 0 79
890 48428 23 3 48451 0 23
225 48510 57 4 48567 0 57
677 48594 23 2 48617 0 23
202 48607 24 4 48641 10 34
788 48663 53 3 48716 0 53
811 48732 98 4 48830 0 98
47 48856 73 3 48929 0 73
5 48967 21 4 48988 0 21
955 49072 20 3 49092 0 20
643 49074 41 3 49133 18 59
650 49089 46 2 49179 44 90
465 49096 49 3 49228 83 132
535 49177 32 4 49260 51 83
683 49223 42 4 49302 37 79
632 49386 50 4 49436 0 50
137 49413 29 1 49465 23 52
938 49478 24 4 49502 0 24
698 49604 30 4 49634 0 30
130 49621 42 4 49676 13 55
529 49778 79 3 49857 0 79
248 49860 36 4 49896 0 36
911 49904 65 4 49969 0 65
143 50015 52 4 50067 0 52
405 50168 72 2 50240 0 72
81 50191 69 1 50359 99 168
827 50268 28 4 50387 91 119
808 50236 90 3 50427 101 191
523 50363 48 2 50475 64 112
680 50402 65 3 50540 73 138
124 50535 47 4 50587 5 52
303 50635 33 3 50668 0 33
257 50720 69 4 50789 0 69
836 50747 33 4 50872 92 125
981 50774 31 3 50903 98 129
66 50742 81 4 50934 111 192
757 50884 81 3 51015 50 131
665 51266 31 2 51297 0 31
4 51293 52 2 51349 4 56
561 51299 63 4 51462 100 163
492 51387 22 2 51534 125 147
50 51300 66 4 51550 184 250
611 51356 55 1 51555 144 199
256 51683 38 3 51721 0 38
900 51775 24 2 51799 0 24
842 51798 34 2 51833 1 35
131 51982 66 3 52048 0 66
581 51986 46 4 52094 62 108
552 52008 50 3 52144 86 136
672 52187 79 4 52266 0 79
43 52230 77 4 52343 36 113
592 52272 70 3 52413 71 141
590 52454 53 4 52507 0 53
887 52463 51 2 52558 44 95
667 52638 24 1 52662 0 24
526 52748 24 4 52772 0 24
553 52757 21 3 52793 15 36
151 52832 53 3 52885 0 53
816 53084 57 4 53141 0 57
844 53233 69 4 53302 0 69
759 53283 22 4 53324 19 41
705 53375 49 2 53424 0 49
649 53427 69 2 53496 0 69
308 53564 87 4 53651 0 87
551 53596 53 3 53704 55 108
157 53737 43 4 53780 0 43
231 53751 56 2 53836 29 85
586 53894 54 4 53948 0 54
396 54059 43 2 54102 0 43
41 54209 35 4 54244 0 35
371 54229 26 3 54270 15 41
736 54448 55 4 54503 0 55
370 54523 62 1 54585 0 62
936 54536 49 4 54634 49 98
117 54624 32 3 54666 10 42
237 54688 30 3 54718 0 30
685 55006 33 4 55039 0 33
61 55204 76 4 55280 0 76
487 55257 39 4 55319 23 62
903 55320 49 3 55369 0 49
763 55402 28 3 55430 0 28
349 55429 83 4 55513 1 84
721 55437 22 2 55535 76 98
506 55527 53 4 55588 8 61
735 55553 66 3 55654 35 101
655 55747 23 1 55770 0 23
560 56132 38 3 56170 0 38
461 56619 37 4 56656 0 37
403 56825 27 4 56852 0 27
702 56897 63 1 56960 0 63
831 57137 53 2 57190 0 53
254 57182 62 2 57252 8 70
457 57281 25 4 57306 0 25
727 57282 74 2 57380 24 98
689 57440 49 4 57489 0 49
345 57575 46 4 57621 0 46
159 57662 40 4 57702 0 40
163 57669 44 3 57746 33 77
459 57933 45 4 57978 0 45
588 58081 62 1 58143 0 62
892 58168 56 3 58224 0 56
996 58213 25 4 58249 11 36
839 58369 50 4 58419 0 50
470 58533 68 2 58601 0 68
885 58585 26 4 58627 16 42
96 58670 35 3 58705 0 35
784 58686 33 4 58738 19 52
209 58734 89 4 58827 4 93
37 58749 48 4 58875 78 126
409 58903 37 2 58940 0 37
854 59043 86 3 59129 0 86
614 59193 51 4 59244 0 51
853 59296 26 3 59322 0 26
484 59405 56 3 59461 0 56
818 59731 39 4 59770 0 39
697 59819 39 2 59858 0 39
862 59902 55 3 59957 0 55
961 59959 50 3 60009 0 50
809 60282 29 2 60311 0 29
357 60391 42 4 60433 0 42
38 60400 46 1 60479 33 79
252 60429 63 4 60542 50 113
797 60480 22 3 60564 62 84
908 60524 28 4 60642 90 118
333 60482 80 1 60672 110 190
516 60669 31 2 60703 3 34
707 60710 21 3 60731 0 21
953 60806 40 3 60846 0 40
212 61128 46 4 61174 0 46
874 61160 23 4 61197 14 37
250 61160 39 3 61236 37 76
977 61174 26 3 61262 62 88
494 61289 37 4 61326 0 37
755 61452 44 4 61496 0 44
871 61632 28 2 61660 0 28
67 61922 43 4 61965 0 43
244 62394 32 4 62426 0 32
304 62509 31 3 62540 0 31
673 62628 32 2 62660 0 32
394 62650 41 4 62701 10 51
138 62902 20 3 62922 0 20
846 62912 55 4 62977 10 65
584 63143 45 1 63188 0 45
283 63317 46 2 63363 0 46
991 63388 87 3 63475 0 87
199 63556 27 3 63583 0 27
297 63654 82 2 63736 0 82
245 63666 44 2 63780 70 114
747 63685 67 1 63847 95 162
994 63913 42 4 63955 0 42
558 63994 91 2 64085 0 91
941 64184 31 4 64215 0 31
72 64592 91 3 64683 0 91
321 64964 59 2 65023 0 59
180 65007 36 4 65059 16 52
660 65044 27 3 65086 15 42
918 65147 38 4 65185 0 38
342 65362 28 4 65390 0 28
406 65640 48 2 65688 0 48
631 66238 30 1 66268 0 30
102 66242 46 3 66314 26 72
142 66310 65 4 66379 4 69
251 66432 64 3 66496 0 64
732 66434 40 3 66536 62 102
116 66700 20 4 66720 0 20
623 67038 28 3 67066 0 28
412 67373 48 4 67421 0 48
73 67512 58 4 67570 0 58
86 67684 60 4 67744 0 60
432 67688 43 2 67787 56 99
507 67876 83 1 67959 0 83
830 67884 21 3 67980 75 96
339 67928 53 3 68033 52 105
293 68178 26 4 68204 0 26
775 68371 21 4 68392 0 21
602 68691 22 4 68713 0 22
939 68716 95 3 68811 0 95
46 68722 65 4 68876 89 154
200 68841 25 1 68901 35 60
725 68957 57 2 69014 0 57
372 68962 39 2 69053 52 91
70 69304 32 4 69336 0 32
986 69313 52 4 69388 23 75
343 69625 34 3 69659 0 34
281 69843 83 3 69926 0 83
997 69983 68 2 70051 0 68
22 69985 45 4 70096 66 111
15 70146 54 1 70200 0 54
837 70411 52 4 70463 0 52
190 70628 21 4 70649 0 21
543 70646 39 2 70688 3 42
133 70661 23 4 70711 27 50
350 70844 33 3 70877 0 33
380 70877 28 3 70955 50 78
971 70850 66 2 70971 55 121
247 70998 51 3 71049 0 51
521 71212 69 4 71281 0 69
390 71395 22 4 71417 0 22
791 71516 77 3 71593 0 77
161 71784 40 4 71824 0 40
93 71918 64 2 71982 0 64
802 71961 30 4 72012 21 51
822 72011 24 2 72036 1 25
821 72113 47 4 72160 0 47
379 72245 89 3 72334 0 89
593 72372 21 2 72393 0 21
787 72379 78 4 72471 14 92
801 72451 33 4 72504 20 53
909 72780 54 1 72834 0 54
657 73000 23 4 73023 0 23
472 73019 24 2 73047 4 28
841 73322 28 4 73350 0 28
978 73536 86 4 73622 0 86
627 73744 60 4 73804 0 60
355 73896 66 3 73962 0 66
682 74008 49 2 74057 0 49
562 74100 59 4 74159 0 59
121 74276 42 4 74318 0 42
713 74503 27 4 74530 0 27
805 74552 39 4 74591 0 39
105 74673 47 4 74720 0 47
410 74840 44 4 74884 0 44
852 74857 48 1 74932 27 75
970 75255 30 2 75285 0 30
648 75440 60 2 75500 0 60
771 76006 48 3 76054 0 48
216 76149 28 3 76177 0 28
929 76601 26 1 76627 0 26
652 76641 25 3 76666 0 25
325 76761 79 3 76840 0 79
868 77144 53 4 77197 0 53
767 77182 28 2 77225 15 43
399 77529 47 1 77576 0 47
445 77650 24 2 77674 0 24
314 78167 50 2 78217 0 50
847 78731 62 3 78793 0 62
356 78960 53 3 79013 0 53
966 79097 32 3 79129 0 32
462 79135 50 4 79185 0 50
450 79170 49 4 79234 15 64
828 79444 54 4 79498 0 54
674 79874 43 3 79917 0 43
718 79903 51 4 79968 14 65
935 80040 58 3 80098 0 58
993 80976 70 3 81046 0 70
490 81062 29 2 81091 0 29
429 81178 66 4 81244 0 66
192 81493 58 4 81551 0 58
555 81553 37 1 81590 0 37
861 81755 52 3 81807 0 52
639 82082 59 4 82141 0 59
187 82556 27 4 82583 0 27
17 83444 49 4 83493 0 49
537 83666 22 3 83688 0 22
976 83914 60 4 83974 0 60
998 83956 30 3 84004 18 48
691 84315 82 4 84397 0 82
798 84376 28 4 84425 21 49
889 85016 56 4 85072 0 56
278 85198 51 2 85249 0 51
139 85439 85 2 85524 0 85
126 85567 36 3 85603 0 36
554 86180 41 4 86221 0 41
948 86239 28 4 86267 0 28
919 86241 89 4 86356 26 115
497 87197 85 2 87282 0 85
884 87198 26 2 87308 84 110
950 87665 28 3 87693 0 28
363 87899 38 3 87937 0 38
483 88021 39 2 88060 0 39
453 88381 36 2 88417 0 36
783 88408 80 2 88497 9 89
651 88797 85 4 88882 0 85
119 89913 28 4 89941 0 28
746 90971 42 4 91013 0 42
510 91247 31 4 91278 0 31
75 91504 42 3 91546 0 42
807 91760 26 3 91786 0 26
419 91940 79 1 92019 0 79
328 92491 34 4 92525 0 34
565 92566 30 1 92596 0 30
605 92887 38 3 92925 0 38
509 93466 65 4 93531 0 65
89 93826 28 2 93854 0 28
922 94245 49 4 94294 0 49
536 95504 69 4 95573 0 69
810 98234 86 2 98320 0 86
