98352 1000 5159 5084
49 140 75 3 215 0 75
251 205 100 3 316 11 111
537 205 86 3 402 111 197
639 269 99 4 502 134 233
999 277 100 1 602 225 325
458 305 74 4 676 297 371
377 397 89 3 765 279 368
82 404 65 4 831 362 427
256 455 90 3 921 376 466
9 583 84 1 1005 338 422
916 590 94 2 1099 415 509
649 595 97 2 1196 504 601
552 709 87 2 1283 487 574
139 766 99 3 1382 517 616
760 773 95 4 1478 610 705
115 848 71 2 1549 630 701
439 860 49 3 1598 689 738
525 897 86 2 1684 701 787
661 935 79 4 1763 749 828
266 996 83 4 1846 767 850
931 1036 79 4 1925 810 889
528 1061 83 4 2008 864 947
715 1078 86 4 2094 930 1016
17 1104 86 3 2180 990 1076
650 1179 87 4 2267 1001 1088
870 1237 69 1 2336 1030 1099
620 1308 68 3 2404 1028 1096
389 1331 63 3 2467 1073 1136
719 1383 76 3 2543 1084 1160
12 1403 98 3 2642 1141 1239
569 1527 99 3 2741 1115 1214
837 1547 68 4 2809 1194 1262
130 1579 59 2 2868 1230 1289
118 1612 74 2 2942 1256 1330
196 1626 80 4 3022 1316 1396
946 1654 58 3 3080 1368 1426
855 1682 70 2 3150 1398 1468
327 1980 73 3 3223 1170 1243
841 2060 89 3 3312 1163 1252
830 2086 44 2 3356 1226 1270
577 2150 72 3 3428 1206 1278
592 2237 87 4 3515 1191 1278
92 2310 90 2 3605 1205 1295
688 2367 90 2 3695 1238 1328
809 2504 84 2 3779 1191 1275
791 2513 44 4 3823 1266 1310
752 2526 64 3 3887 1297 1361
529 2534 72 2 3959 1353 1425
690 2557 75 3 4035 1403 1478
444 2608 50 3 4085 1427 1477
240 2673 42 2 4127 1412 1454
988 2677 63 3 4190 1450 1513
945 2712 49 1 4239 1478 1527
153 2726 86 3 4325 1513 1599
275 2779 44 4 4369 1546 1590
428 2878 77 4 4446 1491 1568
355 2892 66 2 4512 1554 1620
279 3077 100 3 4612 1435 1535
629 3090 67 1 4679 1522 1589
930 3181 98 4 4777 1498 1596
5 3187 60 3 4837 1590 1650
401 3260 54 3 4891 1577 1631
411 3281 100 3 4991 1610 1710
720 3371 67 4 5058 1620 1687
885 3380 93 2 5151 1678 1771
882 3423 96 4 5247 1728 1824
136 3463 78 2 5325 1784 1862
591 3512 78 3 5403 1813 1891
636 3538 27 4 5430 1865 1892
477 3550 65 4 5495 1880 1945
623 3651 61 4 5556 1844 1905
290 4134 84 4 5641 1423 1507
774 4192 70 4 5711 1449 1519
854 4193 35 4 5746 1518 1553
438 4216 80 2 5826 1530 1610
354 4256 90 4 5916 1570 1660
630 4361 95 4 6011 1555 1650
89 4500 62 4 6073 1511 1573
183 4510 81 3 6154 1563 1644
996 4529 87 4 6241 1625 1712
500 4560 70 4 6311 1681 1751
6 4567 75 3 6386 1744 1819
263 4593 58 4 6444 1793 1851
217 4687 99 2 6543 1757 1856
547 4754 99 4 6642 1789 1888
773 4848 66 4 6708 1794 1860
184 4854 56 4 6764 1854 1910
627 4889 91 3 6855 1875 1966
11 4941 75 3 6930 1914 1989
116 5031 47 3 6977 1899 1946
162 5060 91 3 7068 1917 2008
394 5089 92 2 7160 1979 2071
874 5104 88 4 7248 2056 2144
73 5115 35 4 7283 2133 2168
891 5118 90 4 7373 2165 2255
768 5142 41 1 7414 2231 2272
407 5155 82 3 7496 2259 2341
311 5185 90 4 7586 2311 2401
509 5256 88 4 7674 2330 2418
679 5279 77 2 7751 2395 2472
947 5293 78 4 7829 2458 2536
956 5308 24 2 7853 2521 2545
668 5348 80 4 7933 2505 2585
366 5400 65 4 7998 2533 2598
412 5438 65 2 8063 2560 2625
3 5449 47 3 8110 2614 2661
904 5464 42 1 8152 2646 2688
374 5775 85 2 8238 2378 2463
582 5846 67 2 8305 2392 2459
544 5854 67 4 8372 2451 2518
496 5869 81 1 8453 2503 2584
705 5882 25 4 8478 2571 2596
621 5952 89 3 8567 2526 2615
708 5971 71 3 8638 2596 2667
249 6098 63 4 8701 2540 2603
527 6131 91 3 8792 2570 2661
994 6190 89 2 8881 2602 2691
799 6192 72 4 8953 2689 2761
974 6206 100 3 9053 2747 2847
586 6249 72 4 9125 2804 2876
282 6255 98 4 9223 2870 2968
101 6357 93 4 9316 2866 2959
173 6490 74 3 9390 2826 2900
67 6523 57 3 9447 2867 2924
440 6543 64 3 9511 2904 2968
247 6602 84 3 9595 2909 2993
296 6641 99 4 9694 2954 3053
632 6666 76 4 9770 3028 3104
709 6698 85 3 9855 3072 3157
950 6702 55 4 9910 3153 3208
385 6702 45 4 9955 3208 3253
575 6703 94 3 10049 3252 3346
166 6714 83 4 10132 3335 3418
189 6743 86 4 10218 3389 3475
788 6758 67 2 10285 3460 3527
317 6765 47 3 10332 3520 3567
558 6818 91 1 10423 3514 3605
211 6914 84 3 10507 3509 3593
697 7058 55 2 10562 3449 3504
478 7095 80 2 10642 3467 3547
710 7106 75 2 10717 3536 3611
178 7260 63 4 10780 3457 3520
924 7270 85 3 10865 3510 3595
765 7304 69 3 10934 3561 3630
609 7451 77 4 11011 3483 3560
856 7457 99 3 11110 3554 3653
807 7463 82 4 11192 3647 3729
804 7504 72 2 11264 3688 3760
274 7619 86 3 11350 3645 3731
475 7724 44 4 11394 3626 3670
437 7762 55 3 11449 3632 3687
344 7784 59 2 11508 3665 3724
129 7812 69 4 11577 3696 3765
973 7885 30 4 11607 3692 3722
497 7902 91 3 11698 3705 3796
446 7917 89 2 11787 3781 3870
465 7932 75 3 11862 3855 3930
133 7953 87 3 11949 3909 3996
87 8059 72 3 12021 3890 3962
457 8074 59 3 12080 3947 4006
520 8121 99 3 12179 3959 4058
584 8167 82 1 12262 4013 4095
871 8207 95 4 12357 4055 4150
899 8208 63 3 12420 4149 4212
746 8316 71 4 12491 4104 4175
70 8337 79 1 12570 4154 4233
662 8376 43 4 12613 4194 4237
763 8428 99 2 12712 4185 4284
521 8433 52 3 12764 4279 4331
113 8640 88 3 12852 4124 4212
851 8686 68 2 12920 4166 4234
596 8709 77 4 12997 4211 4288
205 8745 72 2 13069 4252 4324
215 8980 40 2 13109 4089 4129
716 9052 90 3 13199 4057 4147
761 9071 89 3 13288 4128 4217
434 9114 89 2 13377 4174 4263
703 9135 96 2 13473 4242 4338
779 9159 94 2 13567 4314 4408
448 9166 54 4 13621 4401 4455
659 9222 86 1 13707 4399 4485
384 9237 57 4 13764 4470 4527
604 9262 72 3 13836 4502 4574
346 9286 95 4 13931 4550 4645
285 9313 44 4 13975 4618 4662
236 9391 72 3 14047 4584 4656
822 9498 65 3 14112 4549 4614
310 9643 88 4 14200 4469 4557
814 9746 91 3 14291 4454 4545
737 9746 78 4 14369 4545 4623
568 9876 76 3 14445 4493 4569
514 9930 90 2 14535 4515 4605
665 9934 73 3 14608 4601 4674
432 9989 49 3 14657 4619 4668
386 10032 96 3 14753 4625 4721
226 10086 82 2 14835 4667 4749
117 10125 68 2 14903 4710 4778
248 10161 99 4 15002 4742 4841
550 10179 94 4 15096 4823 4917
939 10215 88 3 15184 4881 4969
35 10232 60 4 15244 4952 5012
815 10247 60 1 15304 4997 5057
866 10277 89 4 15393 5027 5116
781 10433 84 4 15477 4960 5044
331 10517 95 4 15572 4960 5055
185 10632 99 4 15671 4940 5039
701 10672 86 2 15757 4999 5085
252 10835 82 4 15839 4922 5004
742 10926 89 3 15928 4913 5002
486 11024 88 1 16016 4904 4992
483 11185 74 3 16090 4831 4905
343 11203 62 3 16152 4887 4949
258 11207 81 4 16233 4945 5026
135 11252 48 2 16281 4981 5029
370 11256 96 2 16377 5025 5121
578 11358 24 1 16401 5019 5043
14 11403 93 4 16494 4998 5091
182 11438 96 1 16590 5056 5152
775 11456 80 1 16670 5134 5214
744 11500 76 4 16746 5170 5246
255 11504 42 3 16788 5242 5284
4 11758 32 4 16820 5030 5062
413 11784 45 2 16865 5036 5081
20 11972 96 4 16961 4893 4989
847 11981 85 3 17046 4980 5065
714 12013 100 1 17146 5033 5133
941 12161 78 3 17224 4985 5063
818 12228 69 1 17294 4997 5066
523 12304 68 4 17362 4990 5058
75 12364 90 4 17452 4998 5088
90 12468 60 1 17512 4984 5044
860 12485 61 2 17573 5027 5088
853 12510 96 2 17669 5063 5159
563 12736 95 3 17764 4933 5028
337 12760 77 2 17841 5004 5081
675 12830 97 4 17938 5011 5108
937 12835 65 1 18003 5103 5168
743 12878 88 4 18091 5125 5213
406 12958 38 4 18129 5133 5171
812 13009 73 3 18202 5120 5193
225 13085 100 3 18302 5117 5217
728 13126 88 4 18390 5176 5264
180 13306 42 2 18432 5084 5126
504 13469 79 4 18511 4963 5042
918 13692 80 4 18591 4819 4899
601 13784 91 1 18682 4807 4898
684 13803 63 1 18745 4879 4942
510 13845 84 2 18829 4900 4984
700 13914 91 3 18920 4915 5006
459 14017 98 3 19018 4903 5001
795 14134 94 4 19112 4884 4978
246 14152 88 4 19200 4960 5048
261 14223 87 2 19287 4977 5064
144 14254 92 4 19379 5033 5125
342 14300 89 4 19468 5079 5168
961 14309 26 2 19494 5159 5185
793 14369 82 3 19576 5125 5207
897 14376 98 4 19674 5200 5298
466 14501 60 4 19734 5173 5233
957 14501 39 4 19773 5233 5272
191 14641 91 3 19864 5132 5223
669 14743 83 4 19947 5121 5204
693 14819 71 3 20018 5128 5199
420 14856 56 4 20074 5162 5218
694 14899 76 3 20150 5175 5251
657 14932 71 1 20221 5218 5289
383 15203 65 1 20286 5018 5083
210 15214 27 4 20313 5072 5099
403 15232 35 4 20348 5081 5116
876 15316 40 3 20388 5032 5072
214 15338 61 2 20449 5050 5111
507 15479 90 4 20539 4970 5060
66 15500 69 3 20608 5039 5108
542 15546 99 4 20707 5062 5161
903 15554 41 4 20748 5153 5194
842 15692 47 1 20795 5056 5103
864 15750 82 1 20877 5045 5127
838 15835 92 3 20969 5042 5134
831 15934 89 2 21058 5035 5124
167 15951 76 2 21134 5107 5183
910 16028 53 3 21187 5106 5159
410 16082 65 4 21252 5105 5170
227 16090 93 3 21345 5162 5255
570 16123 97 4 21442 5222 5319
204 16281 52 2 21494 5161 5213
199 16298 78 4 21572 5196 5274
341 16345 91 4 21663 5227 5318
816 16374 92 3 21755 5289 5381
968 16525 48 3 21803 5230 5278
456 16645 71 3 21874 5158 5229
734 16690 89 4 21963 5184 5273
124 16748 59 4 22022 5215 5274
868 16788 88 4 22110 5234 5322
617 16812 47 2 22157 5298 5345
372 16859 94 2 22251 5298 5392
863 16877 74 2 22325 5374 5448
844 16887 97 1 22422 5438 5535
147 16935 76 3 22498 5487 5563
408 17036 45 4 22543 5462 5507
667 17058 84 3 22627 5485 5569
150 17122 84 3 22711 5505 5589
676 17210 80 4 22791 5501 5581
358 17232 92 4 22884 5560 5652
1 17357 94 4 22978 5527 5621
776 17412 96 2 23074 5566 5662
484 17457 38 4 23112 5617 5655
423 17465 58 2 23170 5647 5705
314 17490 61 3 23231 5680 5741
169 17545 74 4 23305 5686 5760
404 17558 27 2 23332 5747 5774
239 17573 98 3 23430 5759 5857
756 17610 88 4 23518 5820 5908
109 17682 32 1 23550 5836 5868
328 17699 97 2 23647 5851 5948
706 17707 100 4 23747 5940 6040
402 17846 84 3 23831 5901 5985
333 17884 72 4 23903 5947 6019
42 17894 98 3 24001 6009 6107
770 17945 65 4 24066 6056 6121
26 18074 93 3 24159 5992 6085
76 18103 41 2 24200 6056 6097
753 18215 60 3 24260 5985 6045
159 18313 60 3 24320 5947 6007
624 18341 93 4 24413 5979 6072
539 18406 87 3 24500 6007 6094
50 18458 97 4 24597 6042 6139
18 18466 75 4 24672 6131 6206
393 18493 85 4 24757 6179 6264
122 18523 93 1 24850 6234 6327
666 18523 62 3 24912 6327 6389
861 18546 97 4 25009 6366 6463
194 18827 88 3 25097 6182 6270
208 18848 82 3 25179 6249 6331
494 18939 68 4 25247 6240 6308
817 18943 85 3 25332 6304 6389
977 18945 80 3 25412 6387 6467
640 19000 90 3 25502 6412 6502
531 19221 93 4 25595 6281 6374
878 19227 90 4 25685 6368 6458
425 19256 81 2 25766 6429 6510
900 19306 74 3 25840 6460 6534
418 19329 73 4 25913 6511 6584
892 19343 40 2 25953 6570 6610
986 19470 60 4 26013 6483 6543
976 19478 72 4 26085 6535 6607
22 19480 89 3 26174 6605 6694
332 19559 84 4 26258 6615 6699
323 19571 53 3 26311 6687 6740
48 19680 64 4 26375 6631 6695
271 19728 78 3 26453 6647 6725
771 19745 94 2 26547 6708 6802
923 19771 68 4 26615 6776 6844
685 19774 95 4 26710 6841 6936
228 19905 99 4 26809 6805 6904
283 19919 59 1 26868 6890 6949
382 19924 63 4 26931 6944 7007
177 19924 94 4 27025 7007 7101
371 19932 68 4 27093 7093 7161
88 19975 32 4 27125 7118 7150
322 20113 89 3 27214 7012 7101
618 20353 88 3 27302 6861 6949
884 20358 39 3 27341 6944 6983
663 20360 51 4 27392 6981 7032
52 20520 96 1 27488 6872 6968
469 20580 93 4 27581 6908 7001
505 20618 44 4 27625 6963 7007
13 20643 81 2 27706 6982 7063
516 20667 86 3 27792 7039 7125
58 20760 94 2 27886 7032 7126
360 20760 45 1 27931 7126 7171
777 20782 35 4 27966 7149 7184
867 20832 71 4 28037 7134 7205
992 20933 95 4 28132 7104 7199
858 21004 86 1 28218 7128 7214
103 21096 94 2 28312 7122 7216
561 21113 82 2 28394 7199 7281
232 21117 69 1 28463 7277 7346
969 21173 95 4 28558 7290 7385
875 21221 78 4 28636 7337 7415
997 21223 43 4 28679 7413 7456
579 21383 64 3 28743 7296 7360
739 21497 86 1 28829 7246 7332
551 21577 54 3 28883 7252 7306
965 21590 94 3 28977 7293 7387
506 21614 87 3 29064 7363 7450
759 21624 98 4 29162 7440 7538
736 21654 58 4 29220 7508 7566
993 21689 84 4 29304 7531 7615
585 21800 99 4 29403 7504 7603
100 21811 22 3 29425 7592 7614
213 21836 34 4 29459 7589 7623
813 21990 85 4 29544 7469 7554
137 22000 31 3 29575 7544 7575
443 22024 80 3 29655 7551 7631
491 22049 40 4 29695 7606 7646
980 22085 43 4 29738 7610 7653
572 22164 97 2 29835 7574 7671
908 22225 66 4 29901 7610 7676
481 22231 85 4 29986 7670 7755
145 22251 65 3 30051 7735 7800
678 22251 83 2 30134 7800 7883
111 22281 86 4 30220 7853 7939
560 22491 68 3 30288 7729 7797
556 22515 50 4 30338 7773 7823
45 22567 70 1 30408 7771 7841
522 22594 62 2 30470 7814 7876
223 22623 75 3 30545 7847 7922
289 22672 86 4 30631 7873 7959
898 22732 74 3 30705 7899 7973
732 22791 61 2 30766 7914 7975
597 22842 30 4 30797 7925 7955
607 22863 90 4 30887 7934 8024
349 22964 98 3 30985 7923 8021
158 22980 45 3 31030 8005 8050
237 22990 74 4 31104 8040 8114
590 22992 92 2 31196 8112 8204
29 22996 49 3 31245 8200 8249
380 23063 92 4 31337 8182 8274
442 23138 66 4 31403 8199 8265
433 23189 78 4 31481 8214 8292
826 23197 60 4 31541 8284 8344
600 23303 30 4 31571 8238 8268
545 23341 81 3 31652 8230 8311
451 23391 82 4 31734 8261 8343
36 23429 80 3 31814 8305 8385
63 23438 86 4 31900 8376 8462
767 23488 96 2 31996 8412 8508
176 23524 85 4 32081 8472 8557
581 23589 67 3 32148 8492 8559
735 23618 93 3 32241 8530 8623
207 23663 88 4 32329 8578 8666
606 23702 59 4 32388 8627 8686
131 23862 72 1 32460 8526 8598
895 23864 92 3 32552 8596 8688
712 23953 91 2 32643 8599 8690
696 24029 87 2 32730 8614 8701
958 24036 70 3 32800 8694 8764
188 24155 81 4 32881 8645 8726
803 24159 94 4 32975 8722 8816
683 24213 99 3 33074 8762 8861
565 24262 79 4 33153 8812 8891
635 24370 96 4 33249 8783 8879
165 24396 89 1 33338 8853 8942
911 24454 71 4 33409 8884 8955
979 24471 69 4 33478 8938 9007
727 24515 47 4 33525 8963 9010
692 24776 99 2 33624 8749 8848
922 24855 35 2 33659 8769 8804
967 24905 54 1 33713 8754 8808
646 25030 56 4 33769 8683 8739
378 25109 71 1 33840 8660 8731
453 25128 97 3 33937 8712 8809
291 25142 50 4 33987 8795 8845
832 25154 59 4 34046 8833 8892
301 25573 50 3 34096 8473 8523
148 25630 91 4 34187 8466 8557
499 25672 93 1 34280 8515 8608
7 25732 70 4 34350 8548 8618
396 25779 92 3 34442 8571 8663
747 25802 95 4 34537 8640 8735
8 25936 76 3 34613 8601 8677
689 25962 94 4 34707 8651 8745
631 25981 98 2 34805 8726 8824
381 25995 80 4 34885 8810 8890
24 26034 91 4 34976 8851 8942
55 26133 65 2 35041 8843 8908
329 26137 97 3 35138 8904 9001
152 26152 33 4 35171 8986 9019
441 26371 98 3 35269 8800 8898
132 26432 47 4 35316 8837 8884
707 26474 83 2 35399 8842 8925
455 26487 89 4 35488 8912 9001
449 26652 99 3 35587 8836 8935
951 26752 71 2 35658 8835 8906
819 26805 80 4 35738 8853 8933
588 26816 68 3 35806 8922 8990
487 26907 99 3 35905 8899 8998
107 26931 78 2 35983 8974 9052
231 26934 94 4 36077 9049 9143
254 27016 51 3 36128 9061 9112
634 27035 82 4 36210 9093 9175
810 27054 75 2 36285 9156 9231
257 27065 68 2 36353 9220 9288
772 27295 76 1 36429 9058 9134
278 27373 68 3 36497 9056 9124
426 27400 94 2 36591 9097 9191
975 27542 61 1 36652 9049 9110
123 27585 88 4 36740 9067 9155
827 27715 76 2 36816 9025 9101
644 27724 50 4 36866 9092 9142
397 27771 89 3 36955 9095 9184
110 27802 72 3 37027 9153 9225
872 27887 92 4 37119 9140 9232
31 27893 29 3 37148 9226 9255
265 27930 76 4 37224 9218 9294
647 27975 82 2 37306 9249 9331
859 28127 72 2 37378 9179 9251
347 28157 73 3 37451 9221 9294
369 28181 82 2 37533 9270 9352
495 28366 83 4 37616 9167 9250
498 28406 60 4 37676 9210 9270
671 28786 62 4 37738 8890 8952
912 28843 33 4 37771 8895 8928
820 28894 47 3 37818 8877 8924
648 29067 88 1 37906 8751 8839
722 29153 98 3 38004 8753 8851
126 29228 70 3 38074 8776 8846
518 29275 62 4 38136 8799 8861
672 29439 89 3 38225 8697 8786
143 29454 62 1 38287 8771 8833
318 29480 99 3 38386 8807 8906
340 29569 67 2 38453 8817 8884
79 29572 80 2 38533 8881 8961
896 29610 93 3 38626 8923 9016
297 29646 62 3 38688 8980 9042
112 29711 75 4 38763 8977 9052
962 29744 99 2 38862 9019 9118
532 29774 53 4 38915 9088 9141
526 29856 89 3 39004 9059 9148
238 29915 91 3 39095 9089 9180
645 29986 35 3 39130 9109 9144
414 30105 71 4 39201 9025 9096
203 30362 86 2 39287 8839 8925
69 30377 82 4 39369 8910 8992
615 30439 54 4 39423 8930 8984
953 30533 94 2 39517 8890 8984
242 30594 48 3 39565 8923 8971
264 30744 86 4 39651 8821 8907
206 30759 67 2 39718 8892 8959
480 30763 82 3 39800 8955 9037
664 30787 95 4 39896 9014 9109
320 30802 47 1 39943 9094 9141
488 30841 39 3 39982 9102 9141
571 30871 93 2 40075 9111 9204
368 30873 94 3 40169 9202 9296
359 30898 79 3 40248 9271 9350
574 30997 45 2 40293 9251 9296
391 31007 83 4 40376 9286 9369
292 31092 51 3 40427 9284 9335
880 31404 93 4 40520 9023 9116
653 31422 51 3 40571 9098 9149
802 31668 65 3 40636 8903 8968
47 31681 27 2 40663 8955 8982
10 31685 43 2 40706 8978 9021
972 31837 67 4 40773 8869 8936
745 31849 40 1 40813 8924 8964
91 31874 93 4 40906 8939 9032
741 31980 67 4 40973 8926 8993
106 31995 49 4 41022 8978 9027
154 32014 73 2 41095 9008 9081
350 32161 43 4 41138 8934 8977
399 32195 55 4 41193 8943 8998
450 32206 81 2 41274 8987 9068
201 32469 74 1 41348 8805 8879
114 32490 72 2 41420 8858 8930
284 32534 79 3 41499 8886 8965
824 32540 59 3 41558 8959 9018
782 32579 94 4 41652 8979 9073
825 32624 89 4 41741 9028 9117
260 32647 94 4 41835 9094 9188
564 32669 46 4 41881 9166 9212
865 32693 60 4 41941 9188 9248
409 32700 75 2 42016 9241 9316
305 32793 86 3 42102 9223 9309
538 32835 68 2 42170 9267 9335
127 32893 78 4 42248 9277 9355
829 32987 87 3 42335 9261 9348
61 33073 50 4 42385 9262 9312
436 33073 95 1 42480 9312 9407
595 33160 59 3 42539 9320 9379
543 33268 79 1 42618 9271 9350
221 33293 80 2 42698 9325 9405
160 33304 86 3 42784 9394 9480
611 33494 80 4 42864 9290 9370
192 33521 61 2 42925 9343 9404
512 33554 98 4 43023 9371 9469
989 33582 65 2 43088 9441 9506
652 33641 95 4 43183 9447 9542
216 33678 88 4 43271 9505 9593
805 33688 96 3 43367 9583 9679
471 33887 55 4 43422 9480 9535
345 34009 69 3 43491 9413 9482
202 34319 81 4 43572 9172 9253
319 34334 83 1 43655 9238 9321
229 34363 93 2 43748 9292 9385
315 34365 66 3 43814 9383 9449
102 34455 70 4 43884 9359 9429
524 34469 54 3 43938 9415 9469
794 34580 41 3 43979 9358 9399
222 34606 93 3 44072 9373 9466
784 34703 98 4 44170 9369 9467
633 34731 80 4 44250 9439 9519
749 34927 92 3 44342 9323 9415
33 35082 81 4 44423 9260 9341
51 35292 90 1 44513 9131 9221
789 35602 37 3 44550 8911 8948
326 35725 97 4 44647 8825 8922
171 35776 99 1 44746 8871 8970
792 35858 33 3 44779 8888 8921
800 35920 46 4 44825 8859 8905
43 36102 89 3 44914 8723 8812
53 36230 36 4 44950 8684 8720
877 36248 67 2 45017 8702 8769
942 36315 74 3 45091 8702 8776
610 36351 80 2 45171 8740 8820
769 36377 57 1 45228 8794 8851
398 36632 54 4 45282 8596 8650
277 36678 37 4 45319 8604 8641
503 36753 59 4 45378 8566 8625
21 36844 81 4 45459 8534 8615
119 36866 62 4 45521 8593 8655
766 36898 28 1 45549 8623 8651
460 36944 78 4 45627 8605 8683
651 36975 95 4 45722 8652 8747
557 37040 53 4 45775 8682 8735
935 37111 79 4 45854 8664 8743
348 37222 51 2 45905 8632 8683
352 37328 97 1 46002 8577 8674
599 37457 63 4 46065 8545 8608
77 37494 79 4 46144 8571 8650
724 37510 75 4 46219 8634 8709
751 37579 81 4 46300 8640 8721
932 37619 41 4 46341 8681 8722
431 37742 77 1 46418 8599 8676
587 37774 93 1 46511 8644 8737
540 37855 91 4 46602 8656 8747
879 38010 98 4 46700 8592 8690
198 38116 79 3 46779 8584 8663
335 38118 85 3 46864 8661 8746
862 38235 83 4 46947 8629 8712
81 38304 25 2 46972 8643 8668
151 38312 58 4 47030 8660 8718
670 38416 93 4 47123 8614 8707
95 38432 64 4 47187 8691 8755
680 38573 60 4 47247 8614 8674
687 38712 91 2 47338 8535 8626
682 38732 80 3 47418 8606 8686
276 39220 55 4 47473 8198 8253
750 39498 89 1 47562 7975 8064
619 39561 61 3 47623 8001 8062
209 39709 97 2 47720 7914 8011
959 39804 84 2 47805 7917 8001
517 39873 81 4 47886 7932 8013
280 39907 53 3 47939 7979 8032
156 39929 75 3 48014 8010 8085
353 40075 79 4 48093 7939 8018
262 40112 44 4 48137 7981 8025
121 40211 95 4 48232 7926 8021
508 40293 98 1 48330 7939 8037
108 40316 64 4 48394 8014 8078
559 40451 60 2 48454 7943 8003
888 40467 87 3 48541 7987 8074
713 40556 78 4 48619 7985 8063
605 40649 57 3 48676 7970 8027
309 40797 83 3 48759 7879 7962
492 40937 96 3 48855 7822 7918
268 41165 54 3 48909 7690 7744
233 41185 80 1 48989 7724 7804
823 41344 99 1 49088 7645 7744
461 41429 59 4 49147 7659 7718
883 41450 89 4 49236 7697 7786
721 41468 43 4 49279 7768 7811
421 41485 97 3 49376 7794 7891
462 41539 76 4 49452 7837 7913
755 41552 80 1 49532 7900 7980
553 41655 84 2 49616 7877 7961
429 41799 49 2 49665 7817 7866
681 41807 54 3 49719 7858 7912
686 41856 30 4 49749 7863 7893
949 41928 70 4 49819 7821 7891
730 41972 82 3 49901 7847 7929
86 42005 67 3 49968 7896 7963
190 42017 94 4 50062 7951 8045
300 42022 89 1 50151 8040 8129
625 42052 97 1 50248 8099 8196
873 42251 89 4 50337 7997 8086
424 42291 98 4 50435 8046 8144
187 42564 50 1 50485 7871 7921
234 42611 97 4 50582 7874 7971
901 42958 63 3 50645 7624 7687
325 43061 96 4 50741 7584 7680
925 43072 45 4 50786 7669 7714
840 43095 56 4 50842 7691 7747
762 43187 91 4 50933 7655 7746
27 43409 93 4 51026 7524 7617
603 43757 89 4 51115 7269 7358
259 43761 67 1 51182 7354 7421
699 43814 74 2 51256 7368 7442
161 44066 90 4 51346 7190 7280
59 44107 92 2 51438 7239 7331
786 44153 100 3 51538 7285 7385
642 44312 22 4 51560 7226 7248
934 44501 29 4 51589 7059 7088
482 44598 87 3 51676 6991 7078
985 44733 54 4 51730 6943 6997
473 44860 91 4 51821 6870 6961
193 44939 90 2 51911 6882 6972
546 45114 97 4 52008 6797 6894
179 45181 96 4 52104 6827 6923
288 45258 69 4 52173 6846 6915
843 45272 99 4 52272 6901 7000
833 45283 97 3 52369 6989 7086
138 45435 77 4 52446 6934 7011
93 45550 70 4 52516 6896 6966
758 45697 77 4 52593 6819 6896
140 45950 83 3 52676 6643 6726
614 46041 78 3 52754 6635 6713
954 46072 42 3 52796 6682 6724
940 46086 90 1 52886 6710 6800
74 46163 66 2 52952 6723 6789
778 46198 73 4 53025 6754 6827
357 46336 70 3 53095 6689 6759
711 46372 90 1 53185 6723 6813
56 46455 96 2 53281 6730 6826
534 46574 62 4 53343 6707 6769
269 46785 99 4 53442 6558 6657
30 46821 85 4 53527 6621 6706
533 47015 76 3 53603 6512 6588
163 47065 94 3 53697 6538 6632
321 47075 72 3 53769 6622 6694
726 47191 42 3 53811 6578 6620
467 47238 96 4 53907 6573 6669
97 47259 75 4 53982 6648 6723
302 47328 80 4 54062 6654 6734
19 47407 86 2 54148 6655 6741
44 47433 74 3 54222 6715 6789
464 47487 89 1 54311 6735 6824
134 47499 91 3 54402 6812 6903
628 47726 69 1 54472 6677 6746
16 47773 57 2 54529 6699 6756
419 47773 68 1 54597 6756 6824
608 47847 75 1 54672 6750 6825
250 47876 64 2 54736 6796 6860
104 47879 53 4 54789 6857 6910
913 47955 89 1 54878 6834 6923
245 48204 51 3 54929 6674 6725
501 48378 69 4 54998 6551 6620
417 48508 92 3 55090 6490 6582
72 48860 79 4 55169 6230 6309
489 48885 99 2 55268 6284 6383
593 48909 84 3 55352 6359 6443
32 49051 90 4 55442 6301 6391
944 49227 59 2 55501 6215 6274
702 49242 85 3 55586 6259 6344
970 49250 69 4 55655 6336 6405
921 49354 91 4 55746 6301 6392
186 49371 77 4 55823 6375 6452
468 49372 63 4 55886 6451 6514
836 49541 83 1 55969 6345 6428
422 49705 75 4 56044 6264 6339
906 49844 82 4 56126 6200 6282
307 49849 64 4 56190 6277 6341
364 49872 78 2 56268 6318 6396
387 49885 55 3 56323 6383 6438
15 49989 87 4 56410 6334 6421
808 50060 57 4 56467 6350 6407
914 50132 99 4 56566 6335 6434
98 50316 51 2 56617 6250 6301
798 50374 31 4 56648 6243 6274
641 50485 95 2 56743 6163 6258
295 50497 91 2 56834 6246 6337
638 50537 92 4 56926 6297 6389
801 50540 66 4 56992 6386 6452
181 50793 70 4 57062 6199 6269
998 50874 44 1 57106 6188 6232
890 50974 47 1 57153 6132 6179
170 50978 77 2 57230 6175 6252
80 51013 93 3 57323 6217 6310
463 51026 60 2 57383 6297 6357
294 51060 72 4 57455 6323 6395
28 51076 82 3 57537 6379 6461
926 51090 52 1 57589 6447 6499
38 51271 92 3 57681 6318 6410
34 51427 55 3 57736 6254 6309
846 51480 59 2 57795 6256 6315
583 51538 83 2 57878 6257 6340
536 51608 81 4 57959 6270 6351
365 51757 71 3 58030 6202 6273
562 51856 87 1 58117 6174 6261
983 51961 89 4 58206 6156 6245
96 52021 72 3 58278 6185 6257
698 52706 87 3 58365 5572 5659
893 52967 79 4 58444 5398 5477
655 52984 94 3 58538 5460 5554
395 53011 88 4 58626 5527 5615
230 53077 93 4 58719 5549 5642
905 53084 35 2 58754 5635 5670
219 53105 64 4 58818 5649 5713
955 53219 71 4 58889 5599 5670
37 53233 75 2 58964 5656 5731
351 53361 62 2 59026 5603 5665
889 53660 91 4 59117 5366 5457
445 53819 80 4 59197 5298 5378
200 53845 64 1 59261 5352 5416
598 53939 85 1 59346 5322 5407
94 53985 93 3 59439 5361 5454
966 54119 78 4 59517 5320 5398
984 54383 54 4 59571 5134 5188
704 54468 95 4 59667 5104 5199
392 54636 91 3 59758 5031 5122
821 54695 79 3 59837 5063 5142
963 54792 88 4 59925 5045 5133
907 54846 33 4 59958 5079 5112
293 54856 80 4 60038 5102 5182
535 54867 86 2 60124 5171 5257
849 54868 84 4 60208 5256 5340
25 55124 80 2 60288 5084 5164
881 55222 67 1 60355 5066 5133
887 55353 71 1 60426 5002 5073
613 55358 40 4 60466 5068 5108
917 55458 69 2 60535 5008 5077
447 55512 98 4 60633 5023 5121
430 55559 55 2 60688 5074 5129
376 55703 76 3 60764 4985 5061
435 55966 98 3 60862 4798 4896
312 56145 44 4 60906 4717 4761
313 56269 91 2 60997 4637 4728
936 56596 97 1 61094 4401 4498
573 56780 27 4 61121 4314 4341
390 56831 97 3 61218 4290 4387
852 57011 30 4 61248 4207 4237
125 57054 97 4 61345 4194 4291
174 57357 52 3 61397 3988 4040
616 57400 47 4 61444 3997 4044
172 57533 50 4 61494 3911 3961
149 57644 57 4 61551 3850 3907
691 57694 88 4 61639 3857 3945
785 57816 92 4 61731 3823 3915
589 58018 55 2 61786 3713 3768
835 58023 90 4 61876 3763 3853
643 58039 87 3 61963 3837 3924
267 58488 53 4 62016 3475 3528
549 58519 76 1 62092 3497 3573
336 58537 78 3 62170 3555 3633
519 58934 98 3 62268 3236 3334
470 58991 44 4 62312 3277 3321
388 59182 92 3 62404 3130 3222
39 59322 92 2 62496 3082 3174
948 59444 54 4 62550 3052 3106
85 59526 47 3 62597 3024 3071
902 59602 88 4 62686 2996 3084
41 59770 80 3 62766 2916 2996
427 59817 62 3 62828 2949 3011
738 60529 31 3 62859 2299 2330
298 60531 26 4 62885 2328 2354
99 60553 53 3 62938 2332 2385
511 60628 77 4 63015 2310 2387
60 60988 41 3 63056 2027 2068
338 61058 75 4 63131 1998 2073
105 61419 53 4 63184 1712 1765
515 61992 89 4 63273 1192 1281
308 62033 59 4 63332 1240 1299
978 62443 34 3 63366 889 923
654 62457 68 3 63434 909 977
806 62478 51 3 63485 956 1007
270 62597 94 4 63579 888 982
472 62682 84 4 63664 898 982
243 63019 51 3 63715 645 696
218 63048 50 4 63765 667 717
253 63068 83 4 63848 697 780
783 63238 84 4 63932 610 694
677 63317 42 3 63974 615 657
971 63463 75 3 64049 511 586
71 63600 78 4 64128 450 528
330 63631 81 4 64209 497 578
919 63926 71 3 64280 283 354
729 63945 71 4 64351 335 406
995 63986 57 4 64408 365 422
982 64057 97 2 64506 352 449
490 64106 63 4 64569 400 463
915 64121 78 1 64647 448 526
555 64161 100 3 64747 486 586
566 64505 87 3 64835 243 330
1000 64519 60 4 64895 316 376
567 64587 48 3 64943 308 356
40 64908 85 2 65029 36 121
141 64954 80 2 65110 76 156
241 65428 39 4 65467 0 39
612 65652 87 2 65739 0 87
594 65668 60 2 65800 72 132
304 65680 69 4 65869 120 189
235 65736 64 4 65933 133 197
723 65802 73 1 66007 132 205
981 65906 89 4 66096 101 190
195 66006 82 4 66179 91 173
839 66057 78 4 66257 122 200
637 66107 92 2 66350 151 243
658 66164 28 1 66378 186 214
733 66165 28 3 66406 213 241
485 66177 68 3 66474 229 297
212 66196 79 4 66553 278 357
952 66596 91 4 66687 0 91
869 66836 95 4 66931 0 95
361 67022 86 1 67108 0 86
224 67497 47 2 67544 0 47
306 68035 79 2 68114 0 79
416 68210 35 4 68245 0 35
828 68485 97 1 68582 0 97
674 68607 75 1 68682 0 75
502 68646 68 2 68751 37 105
580 69124 64 4 69188 0 64
927 69455 63 2 69518 0 63
530 69490 60 4 69579 29 89
339 69501 96 1 69675 78 174
886 69764 69 1 69833 0 69
548 69798 94 4 69928 36 130
695 69831 90 3 70018 97 187
324 69846 75 4 70094 173 248
796 69970 52 2 70146 124 176
928 70355 84 3 70439 0 84
797 70372 86 3 70526 68 154
157 70542 99 4 70641 0 99
493 70737 98 2 70835 0 98
78 70757 41 4 70877 79 120
65 71127 64 3 71191 0 64
987 71307 59 4 71366 0 59
541 71382 91 4 71473 0 91
479 71441 79 3 71553 33 112
287 71782 46 4 71828 0 46
272 72278 97 3 72375 0 97
120 72294 85 3 72461 82 167
452 72411 70 3 72532 51 121
938 72593 58 4 72651 0 58
845 72741 89 4 72830 0 89
790 72957 94 3 73051 0 94
356 73384 37 4 73421 0 37
857 73415 52 2 73474 7 59
920 73650 90 2 73740 0 90
303 73750 56 2 73806 0 56
513 73864 98 4 73962 0 98
2 73996 39 2 74035 0 39
850 74458 92 2 74550 0 92
83 74634 99 3 74733 0 99
725 74742 80 4 74822 0 80
660 75105 97 3 75202 0 97
787 75280 75 3 75355 0 75
146 75427 48 3 75475 0 48
316 75518 79 3 75597 0 79
929 75945 92 3 76037 0 92
281 75966 67 4 76105 72 139
964 76070 90 2 76196 36 126
379 76136 84 4 76281 61 145
244 76138 97 4 76378 143 240
286 76210 66 3 76445 169 235
454 76455 85 3 76540 0 85
622 76718 87 2 76805 0 87
164 76835 88 3 76923 0 88
375 76930 67 4 76997 0 67
62 77107 45 1 77152 0 45
168 77122 43 4 77196 31 74
626 77336 96 4 77432 0 96
373 77354 84 3 77517 79 163
909 77489 96 3 77614 29 125
273 77508 89 4 77703 106 195
748 78705 68 4 78773 0 68
811 79122 80 2 79202 0 80
894 79166 79 3 79282 37 116
764 79346 79 3 79425 0 79
155 79706 68 4 79774 0 68
128 80001 97 4 80098 0 97
740 80760 69 4 80829 0 69
220 81002 72 3 81074 0 72
57 81146 81 2 81227 0 81
175 81176 67 4 81295 52 119
718 81180 78 3 81373 115 193
554 82012 93 3 82105 0 93
400 82321 79 2 82400 0 79
576 82459 31 3 82490 0 31
405 82990 73 2 83063 0 73
84 83062 96 1 83160 2 98
990 83241 54 2 83295 0 54
754 83732 87 4 83819 0 87
834 84375 96 3 84471 0 96
363 84710 80 4 84790 0 80
780 84984 78 2 85062 0 78
415 84996 91 4 85154 67 158
362 85069 66 3 85221 86 152
46 85211 68 2 85290 11 79
299 85342 73 4 85415 0 73
68 85762 78 4 85840 0 78
731 86039 77 4 86116 0 77
933 86368 80 3 86448 0 80
991 86899 76 4 86975 0 76
717 86937 54 4 87030 39 93
54 87589 97 3 87686 0 97
367 87833 66 4 87899 0 66
602 88234 51 4 88285 0 51
848 88716 75 3 88791 0 75
142 88879 70 4 88949 0 70
197 89280 95 4 89375 0 95
476 89325 65 4 89441 51 116
64 89884 60 3 89944 0 60
23 90465 91 3 90556 0 91
673 91515 99 4 91614 0 99
943 92243 57 4 92300 0 57
334 93079 97 2 93176 0 97
960 94087 86 4 94173 0 86
656 95785 87 3 95872 0 87
757 97336 99 3 97435 0 99
474 98267 85 3 98352 0 85
