98515 1000 2808 2734
747 44 74 3 118 0 74
137 102 53 4 171 16 69
197 74 53 3 224 97 150
826 120 70 1 294 104 174
669 276 36 4 330 18 54
17 63 72 4 402 267 339
699 371 34 4 436 31 65
208 386 41 3 477 50 91
628 393 53 3 530 84 137
398 469 57 2 587 61 118
288 541 54 3 641 46 100
733 236 77 4 718 405 482
141 389 82 4 800 329 411
953 449 90 4 890 351 441
290 837 84 3 974 53 137
917 944 85 1 1059 30 115
531 1037 64 3 1123 22 86
396 1096 48 3 1171 27 75
433 1146 23 4 1194 25 48
914 1084 74 3 1268 110 184
662 1257 74 4 1342 11 85
549 1162 81 4 1423 180 261
485 1263 83 1 1506 160 243
179 1178 84 2 1590 328 412
630 1573 53 3 1643 17 70
641 1575 60 4 1703 68 128
979 1611 69 4 1772 92 161
36 1772 55 4 1827 0 55
928 1773 41 3 1868 54 95
79 1690 84 4 1952 178 262
362 1453 85 3 2037 499 584
85 1979 59 3 2096 58 117
55 967 86 4 2182 1129 1215
3 1785 88 4 2270 397 485
140 2247 60 3 2330 23 83
751 2212 80 2 2410 118 198
553 2364 77 3 2487 46 123
236 2443 45 4 2532 44 89
278 2463 81 3 2613 69 150
655 2613 76 3 2689 0 76
24 2373 82 4 2771 316 398
51 2742 80 2 2851 29 109
192 2038 88 2 2939 813 901
471 2876 53 1 2992 63 116
676 2946 41 3 3033 46 87
184 2955 57 4 3090 78 135
626 3051 35 3 3125 39 74
186 159 91 4 3216 2966 3057
162 3147 83 2 3299 69 152
677 3235 54 4 3353 64 118
170 3218 78 3 3431 135 213
105 3382 46 1 3477 49 95
95 3352 80 4 3557 125 205
332 3228 86 4 3643 329 415
209 3448 86 2 3729 195 281
480 3675 74 4 3803 54 128
399 3695 84 1 3887 108 192
337 3822 53 2 3940 65 118
855 3501 88 2 4028 439 527
111 3946 43 4 4071 82 125
289 3948 49 4 4120 123 172
472 4000 65 3 4185 120 185
809 4183 39 3 4224 2 41
46 3856 89 3 4313 368 457
245 4249 65 1 4378 64 129
827 2084 91 4 4469 2294 2385
685 4397 78 4 4547 72 150
786 4509 47 4 4594 38 85
578 4539 84 2 4678 55 139
434 4504 89 4 4767 174 263
438 4698 72 4 4839 69 141
158 4802 47 4 4886 37 84
15 4698 82 4 4968 188 270
875 4962 37 2 5005 6 43
632 4697 83 4 5088 308 391
504 5077 53 1 5141 11 64
343 5126 52 4 5193 15 67
279 4477 91 4 5284 716 807
134 5249 47 1 5331 35 82
270 5323 66 2 5397 8 74
169 5209 68 2 5465 188 256
552 5302 69 3 5534 163 232
47 5328 70 4 5604 206 276
516 5537 49 4 5653 67 116
40 5215 83 1 5736 438 521
415 5262 87 4 5823 474 561
103 5821 73 2 5896 2 75
535 5264 87 3 5983 632 719
910 5222 88 4 6071 761 849
777 6028 87 3 6158 43 130
189 6102 61 2 6219 56 117
26 6102 77 1 6296 117 194
345 6247 61 4 6357 49 110
927 6191 79 3 6436 166 245
648 6436 33 4 6469 0 33
355 6366 57 2 6526 103 160
78 6471 78 4 6604 55 133
188 6583 32 4 6636 21 53
675 6395 80 4 6716 241 321
595 6668 69 3 6785 48 117
961 6312 84 3 6869 473 557
629 6858 83 4 6952 11 94
916 6927 57 4 7009 25 82
638 6969 47 3 7056 40 87
363 7003 55 3 7111 53 108
281 7084 68 4 7179 27 95
667 6870 68 2 7247 309 377
210 7205 45 3 7292 42 87
610 7283 83 1 7375 9 92
576 7322 86 3 7461 53 139
92 7423 60 3 7521 38 98
886 7473 51 3 7572 48 99
16 7543 38 4 7610 29 67
469 7455 64 2 7674 155 219
110 7624 67 1 7741 50 117
921 7682 66 3 7807 59 125
201 7782 32 4 7839 25 57
836 7417 69 4 7908 422 491
511 7899 65 1 7973 9 74
587 7856 70 3 8043 117 187
84 7493 83 3 8126 550 633
621 7914 83 3 8209 212 295
9 8209 60 2 8269 0 60
909 8243 40 3 8309 26 66
118 8169 72 3 8381 140 212
643 8325 79 3 8460 56 135
319 7577 88 1 8548 883 971
784 8513 69 4 8617 35 104
109 8573 87 3 8704 44 131
832 8626 26 2 8730 78 104
780 8720 62 3 8792 10 72
559 8707 73 4 8865 85 158
973 8685 77 2 8942 180 257
903 8935 50 4 8992 7 57
640 8900 54 2 9046 92 146
193 8930 60 4 9106 116 176
590 9097 60 2 9166 9 69
505 9042 61 3 9227 124 185
420 9216 45 3 9272 11 56
101 9080 70 3 9342 192 262
299 9227 74 3 9416 115 189
710 9358 70 4 9486 58 128
207 9461 38 3 9524 25 63
987 9378 71 3 9595 146 217
671 8946 74 2 9669 649 723
82 9629 52 3 9721 40 92
150 9291 75 3 9796 430 505
529 9743 55 2 9851 53 108
627 8776 81 4 9932 1075 1156
429 9211 81 3 10013 721 802
869 9959 46 4 10059 54 100
820 10000 62 2 10121 59 121
689 10082 46 4 10167 39 85
450 9445 83 3 10250 722 805
425 10206 63 2 10313 44 107
122 8768 86 4 10399 1545 1631
541 10356 44 2 10443 43 87
217 10279 87 4 10530 164 251
964 10481 49 4 10579 49 98
27 10520 64 3 10643 59 123
752 10486 79 3 10722 157 236
76 9651 88 4 10810 1071 1159
654 10739 76 4 10886 71 147
461 5597 89 4 10975 5289 5378
124 6423 89 3 11064 4552 4641
432 11039 64 4 11128 25 89
187 11004 81 3 11209 124 205
636 11178 79 3 11288 31 110
865 11284 47 4 11335 4 51
722 8942 89 3 11424 2393 2482
114 9166 89 2 11513 2258 2347
309 7048 90 4 11603 4465 4555
519 11601 64 2 11667 2 66
818 11569 69 3 11736 98 167
335 11711 52 3 11788 25 77
796 11679 64 4 11852 109 173
199 11745 77 4 11929 107 184
164 11617 82 4 12011 312 394
738 11956 37 4 12048 55 92
647 12000 61 1 12109 48 109
904 9514 90 4 12199 2595 2685
163 9956 90 4 12289 2243 2333
293 12220 88 4 12377 69 157
508 12335 69 4 12446 42 111
593 12428 71 4 12517 18 89
77 12476 57 1 12574 41 98
116 12400 76 4 12650 174 250
618 12646 40 2 12690 4 44
577 12635 79 2 12769 55 134
539 12767 89 3 12858 2 91
759 12808 85 4 12943 50 135
551 12914 77 4 13020 29 106
475 9008 90 4 13110 4012 4102
499 9424 90 3 13200 3686 3776
574 9022 90 2 13290 4178 4268
561 13265 83 2 13373 25 108
877 6420 91 4 13464 6953 7044
980 3981 91 3 13555 9483 9574
39 13555 58 4 13613 0 58
326 13594 37 3 13650 19 56
741 13650 62 1 13712 0 62
959 13595 85 2 13797 117 202
506 13778 77 2 13874 19 96
743 13813 78 2 13952 61 139
926 13916 46 2 13998 36 82
873 13889 76 3 14074 109 185
837 14000 70 4 14144 74 144
988 14138 61 3 14205 6 67
132 13926 91 3 14296 279 370
30 14268 53 4 14349 28 81
706 14225 78 3 14427 124 202
509 14385 82 2 14509 42 124
670 14457 31 3 14540 52 83
314 14268 91 4 14631 272 363
90 8450 91 2 14722 6181 6272
424 14706 59 1 14781 16 75
358 14735 53 4 14834 46 99
879 14807 86 3 14920 27 113
151 2117 91 2 15011 12803 12894
439 14990 63 1 15074 21 84
382 15011 78 2 15152 63 141
160 15077 65 4 15217 75 140
792 15163 36 4 15253 54 90
850 15246 27 4 15280 7 34
846 15266 56 4 15336 14 70
167 15317 57 4 15393 19 76
42 15319 57 1 15450 74 131
955 15413 43 3 15493 37 80
789 15438 69 3 15562 55 124
906 15547 68 3 15630 15 83
853 15526 68 2 15698 104 172
867 15693 70 4 15768 5 75
711 15579 80 3 15848 189 269
412 15005 83 3 15931 843 926
526 15908 86 1 16017 23 109
403 15003 89 4 16106 1014 1103
43 16039 47 3 16153 67 114
579 16121 62 3 16215 32 94
782 16038 65 2 16280 177 242
929 16164 88 3 16368 116 204
330 16157 89 4 16457 211 300
328 15844 89 2 16546 613 702
287 5635 91 2 16637 10911 11002
536 16563 71 3 16708 74 145
123 16680 49 3 16757 28 77
992 16638 70 4 16827 119 189
634 16827 30 1 16857 0 30
117 8852 91 1 16948 8005 8096
284 16923 73 3 17021 25 98
596 16966 70 2 17091 55 125
354 16965 74 1 17165 126 200
644 17001 86 1 17251 164 250
400 17242 60 3 17311 9 69
308 17262 65 4 17376 49 114
4 17365 52 3 17428 11 63
763 17260 67 4 17495 168 235
223 17474 58 3 17553 21 79
939 17518 53 2 17606 35 88
682 17558 47 3 17653 48 95
453 17439 67 2 17720 214 281
833 17710 76 2 17796 10 86
844 17792 66 2 17862 4 70
774 17851 75 4 17937 11 86
935 17886 53 3 17990 51 104
397 17975 38 3 18028 15 53
736 17832 75 2 18103 196 271
133 17898 77 4 18180 205 282
660 17549 81 3 18261 631 712
348 17645 86 1 18347 616 702
294 18295 28 4 18375 52 80
639 18306 57 2 18432 69 126
86 18420 78 3 18510 12 90
678 18501 41 2 18551 9 50
996 18445 80 2 18631 106 186
847 18342 84 3 18715 289 373
20 18663 67 3 18782 52 119
614 18779 36 3 18818 3 39
295 18733 49 4 18867 85 134
686 17483 87 4 18954 1384 1471
600 18683 87 3 19041 271 358
575 19020 51 4 19092 21 72
585 19066 59 1 19151 26 85
83 19037 75 4 19226 114 189
958 17487 89 2 19315 1739 1828
296 19254 51 4 19366 61 112
687 19275 60 3 19426 91 151
336 18254 90 4 19516 1172 1262
825 6503 92 4 19608 13013 13105
651 19528 52 3 19660 80 132
104 19653 35 3 19695 7 42
467 19580 63 2 19758 115 178
147 19700 35 4 19793 58 93
62 16893 92 4 19885 2900 2992
952 19850 37 3 19922 35 72
880 19810 72 4 19994 112 184
258 19946 83 4 20077 48 131
756 5780 92 4 20169 14297 14389
98 12803 92 4 20261 7366 7458
498 13124 92 4 20353 7137 7229
360 20339 81 1 20434 14 95
732 20355 87 2 20521 79 166
173 20512 69 2 20590 9 78
547 6425 92 3 20682 14165 14257
431 20648 83 4 20765 34 117
772 15743 92 2 20857 5022 5114
831 20775 72 2 20929 82 154
672 20923 60 4 20989 6 66
999 20923 65 4 21054 66 131
919 20981 81 2 21135 73 154
994 20963 92 3 21227 172 264
793 21024 92 1 21319 203 295
410 21277 38 4 21357 42 80
893 21240 87 4 21444 117 204
922 21418 73 4 21517 26 99
515 21490 35 4 21552 27 62
897 21519 30 4 21582 33 63
221 21339 89 2 21671 243 332
156 21613 54 1 21725 58 112
131 21625 60 1 21785 100 160
791 21737 81 4 21866 48 129
802 21798 39 3 21905 68 107
546 21891 51 4 21956 14 65
91 21804 51 3 22007 152 203
390 21706 81 2 22088 301 382
466 22059 84 2 22172 29 113
731 22017 92 2 22264 155 247
753 1332 93 4 22357 20932 21025
496 22325 65 4 22422 32 97
380 22422 71 2 22493 0 71
891 22335 75 3 22568 158 233
993 10438 93 4 22661 12130 12223
317 19035 93 3 22754 3626 3719
35 20327 93 2 22847 2427 2520
775 21560 93 2 22940 1287 1380
1 22853 65 2 23005 87 152
583 22975 60 1 23065 30 90
444 9827 93 1 23158 13238 13331
957 23096 79 1 23237 62 141
266 23217 70 4 23307 20 90
407 23174 73 3 23380 133 206
443 23212 81 3 23461 168 249
658 23426 77 4 23538 35 112
527 23072 86 3 23624 466 552
267 23503 87 3 23711 121 208
507 23682 86 1 23797 29 115
322 23733 32 3 23829 64 96
482 23194 89 4 23918 635 724
808 23893 58 4 23976 25 83
216 23970 44 4 24020 6 50
619 23897 86 2 24106 123 209
479 24059 89 3 24195 47 136
341 24138 66 4 24261 57 123
913 24215 87 3 24348 46 133
344 24104 90 4 24438 244 334
138 24423 32 1 24470 15 47
665 23677 91 2 24561 793 884
901 24168 93 4 24654 393 486
520 24585 46 4 24700 69 115
912 24700 55 1 24755 0 55
230 24621 61 1 24816 134 195
474 24766 33 3 24849 50 83
945 24845 66 3 24915 4 70
67 24851 31 4 24946 64 95
369 24860 54 2 25000 86 140
884 24660 73 3 25073 340 413
260 25036 69 3 25142 37 106
442 25087 74 4 25216 55 129
598 25004 85 3 25301 212 297
493 25259 89 3 25390 42 131
604 25311 92 1 25482 79 171
995 25440 38 3 25520 42 80
739 25493 68 4 25588 27 95
860 25560 70 3 25658 28 98
225 25628 79 2 25737 30 109
448 25719 59 1 25796 18 77
125 25756 73 4 25869 40 113
698 25420 85 2 25954 449 534
56 25709 88 2 26042 245 333
231 26013 89 2 26131 29 118
975 26053 68 2 26199 78 146
176 26178 34 2 26233 21 55
446 25733 90 2 26323 500 590
196 26239 64 2 26387 84 148
564 20572 93 1 26480 5815 5908
304 22402 94 4 26574 4078 4172
960 26487 84 4 26658 87 171
386 26635 92 4 26750 23 115
418 26728 70 4 26820 22 92
488 26813 62 3 26882 7 69
803 22964 94 4 26976 3918 4012
454 26924 48 3 27024 52 100
823 15712 94 4 27118 11312 11406
73 10959 94 4 27212 16159 16253
129 27120 56 4 27268 92 148
545 18882 94 3 27362 8386 8480
918 27292 37 2 27399 70 107
229 27363 61 4 27460 36 97
19 5356 94 3 27554 22104 22198
154 16309 94 2 27648 11245 11339
416 8684 94 1 27742 18964 19058
695 27690 56 3 27798 52 108
237 27682 67 2 27865 116 183
305 27805 70 4 27935 60 130
589 27927 40 4 27975 8 48
71 27968 71 3 28046 7 78
845 27879 92 4 28138 167 259
890 28123 38 3 28176 15 53
810 28093 46 1 28222 83 129
435 28105 68 3 28290 117 185
277 28287 88 2 28378 3 91
119 28311 90 4 28468 67 157
620 28191 93 4 28561 277 370
702 28538 63 3 28624 23 86
239 28622 46 3 28670 2 48
366 28612 87 4 28757 58 145
12 28688 75 2 28832 69 144
858 28002 93 1 28925 830 923
603 28900 49 3 28974 25 74
931 28907 68 4 29042 67 135
976 29035 43 4 29085 7 50
248 29022 69 2 29154 63 132
458 28858 78 4 29232 296 374
373 29208 50 4 29282 24 74
271 29256 47 3 29329 26 73
681 29307 64 1 29393 22 86
419 29348 87 4 29480 45 132
771 1722 94 1 29574 27758 27852
735 26867 95 4 29669 2707 2802
484 29606 63 3 29732 63 126
532 29618 66 2 29798 114 180
887 29583 91 4 29889 215 306
703 29815 92 4 29981 74 166
801 29919 34 3 30015 62 96
468 29923 80 4 30095 92 172
512 29711 93 2 30188 384 477
5 30171 29 2 30217 17 46
93 28845 95 4 30312 1372 1467
238 1743 95 4 30407 28569 28664
144 356 95 4 30502 30051 30146
659 30441 88 4 30590 61 149
986 30574 32 4 30622 16 48
938 30531 64 4 30686 91 155
746 30673 88 2 30774 13 101
457 28131 95 3 30869 2643 2738
540 30799 70 4 30939 70 140
128 30885 31 4 30970 54 85
734 30957 69 4 31039 13 82
974 30955 74 3 31113 84 158
459 31052 87 2 31200 61 148
983 31150 71 4 31271 50 121
528 29492 95 3 31366 1779 1874
696 1165 95 3 31461 30201 30296
700 31433 85 1 31546 28 113
649 31536 46 2 31592 10 56
302 31563 39 2 31631 29 68
843 31488 86 4 31717 143 229
253 31543 93 3 31810 174 267
45 31802 91 3 31901 8 99
447 31577 94 4 31995 324 418
623 31976 62 3 32057 19 81
264 31917 70 2 32127 140 210
874 32122 75 4 32202 5 80
694 32132 50 4 32252 70 120
171 32086 76 4 32328 166 242
656 1905 95 3 32423 30423 30518
311 32417 72 3 32495 6 78
565 6687 95 3 32590 25808 25903
848 32551 66 4 32656 39 105
668 32500 78 4 32734 156 234
715 22209 95 3 32829 10525 10620
211 32810 68 3 32897 19 87
932 32739 84 1 32981 158 242
477 22730 95 2 33076 10251 10346
727 33054 88 3 33164 22 110
785 33074 91 2 33255 90 181
885 33150 93 4 33348 105 198
972 33093 93 3 33441 255 348
616 33176 93 1 33534 265 358
718 33534 69 4 33603 0 69
268 33483 79 3 33682 120 199
200 33638 80 3 33762 44 124
557 33746 60 2 33822 16 76
680 33798 64 4 33886 24 88
172 10210 95 2 33981 23676 23771
334 33960 87 1 34068 21 108
568 33990 75 3 34143 78 153
257 3016 95 2 34238 31127 31222
13 29489 96 4 34334 4749 4845
143 34268 68 2 34402 66 134
542 34338 83 2 34485 64 147
352 34254 84 4 34569 231 315
320 34562 57 2 34626 7 64
240 34606 44 4 34670 20 64
642 34489 61 4 34731 181 242
2 34580 69 3 34800 151 220
729 24242 96 4 34896 10558 10654
379 34893 40 3 34936 3 43
544 34902 77 4 35013 34 111
63 34998 30 4 35043 15 45
683 35030 63 1 35106 13 76
316 34917 83 3 35189 189 272
14 34913 86 4 35275 276 362
666 13979 96 4 35371 21296 21392
645 35310 29 3 35400 61 90
377 35336 43 4 35443 64 107
282 35350 44 2 35487 93 137
965 35486 74 4 35561 1 75
524 35400 75 4 35636 161 236
492 35600 64 3 35700 36 100
53 35396 81 3 35781 304 385
514 35650 86 3 35867 131 217
497 35784 73 4 35940 83 156
864 35796 73 2 36013 144 217
977 35800 80 4 36093 213 293
594 36048 70 3 36163 45 115
310 36109 87 3 36250 54 141
324 36206 65 1 36315 44 109
232 36177 74 4 36389 138 212
219 36178 92 2 36481 211 303
940 36153 93 4 36574 328 421
748 35427 93 2 36667 1147 1240
567 35290 95 3 36762 1377 1472
7 36714 69 4 36831 48 117
607 36774 34 2 36865 57 91
563 36859 82 1 36947 6 88
523 36744 91 4 37038 203 294
863 36986 67 2 37105 52 119
318 36130 95 2 37200 975 1070
991 37187 66 2 37266 13 79
510 37252 44 4 37310 14 58
127 37306 36 4 37346 4 40
108 37315 45 3 37391 31 76
23 37259 93 1 37484 132 225
781 37465 81 3 37565 19 100
481 37539 75 3 37640 26 101
663 37592 62 3 37702 48 110
411 37489 96 4 37798 213 309
22 37703 53 3 37851 95 148
937 37757 79 2 37930 94 173
213 37890 80 3 38010 40 120
275 37837 89 4 38099 173 262
33 38093 52 3 38151 6 58
757 38148 84 3 38235 3 87
494 37970 91 3 38326 265 356
436 38314 39 4 38365 12 51
430 31134 96 3 38461 7231 7327
572 38437 67 2 38528 24 91
94 38508 33 4 38561 20 53
323 38511 67 3 38628 50 117
1000 23543 96 3 38724 15085 15181
500 38656 43 3 38767 68 111
805 13339 96 3 38863 25428 25524
674 38813 90 3 38953 50 140
99 38921 92 2 39045 32 124
165 28608 96 2 39141 10437 10533
146 39078 64 3 39205 63 127
728 39176 25 4 39230 29 54
800 39163 40 2 39270 67 107
760 39107 76 4 39346 163 239
586 39312 54 3 39400 34 88
183 39316 62 4 39462 84 146
365 39361 74 3 39536 101 175
704 39076 80 3 39616 460 540
351 39592 81 4 39697 24 105
371 39670 83 4 39780 27 110
898 39206 83 2 39863 574 657
254 39830 51 3 39914 33 84
449 39888 50 4 39964 26 76
66 39252 92 3 40056 712 804
185 40025 78 1 40134 31 109
315 40129 82 4 40216 5 87
997 39355 94 4 40310 861 955
842 39401 95 2 40405 909 1004
368 30503 96 2 40501 9902 9998
949 16143 96 2 40597 24358 24454
650 40530 91 3 40688 67 158
478 13788 96 2 40784 26900 26996
145 3202 96 2 40880 37582 37678
204 40871 65 3 40945 9 74
814 40886 54 3 40999 59 113
942 10413 96 1 41095 30586 30682
615 41062 74 2 41169 33 107
558 41040 86 3 41255 129 215
804 41108 96 4 41351 147 243
613 32706 97 4 41448 8645 8742
59 41400 55 3 41503 48 103
359 41459 91 1 41594 44 135
393 35817 97 4 41691 5777 5874
716 41687 83 1 41774 4 87
178 41709 84 2 41858 65 149
372 22464 97 4 41955 19394 19491
625 38187 97 4 42052 3768 3865
292 42013 84 4 42136 39 123
881 42055 68 4 42204 81 149
437 42145 49 3 42253 59 108
259 42095 70 4 42323 158 228
936 42217 73 4 42396 106 179
251 42362 74 3 42470 34 108
18 42066 80 3 42550 404 484
944 42443 85 4 42635 107 192
60 42621 33 4 42668 14 47
503 42620 86 4 42754 48 134
582 42670 28 3 42782 84 112
61 42565 90 4 42872 217 307
721 42463 91 3 42963 409 500
350 42914 35 1 42998 49 84
606 42174 92 1 43090 824 916
149 42172 96 4 43186 918 1014
455 43163 59 1 43245 23 82
456 43192 82 3 43327 53 135
44 43302 59 3 43386 25 84
452 43178 83 2 43469 208 291
10 43428 79 4 43548 41 120
394 43517 89 4 43637 31 120
182 43564 91 4 43728 73 164
385 43653 53 3 43781 75 128
256 43705 56 4 43837 76 132
269 43829 80 3 43917 8 88
168 43420 95 2 44012 497 592
426 43940 95 2 44107 72 167
483 42367 96 2 44203 1740 1836
854 44172 75 2 44278 31 106
34 44181 91 1 44369 97 188
705 44280 66 3 44435 89 155
402 44387 73 1 44508 48 121
64 44474 66 4 44574 34 100
29 44395 77 3 44651 179 256
247 44353 82 4 44733 298 380
440 44414 88 4 44821 319 407
346 44706 90 1 44911 115 205
155 44825 57 2 44968 86 143
956 44911 86 2 45054 57 143
635 44986 53 3 45107 68 121
52 44943 94 4 45201 164 258
384 45185 61 4 45262 16 77
859 14108 97 4 45359 31154 31251
376 45351 49 4 45408 8 57
8 45306 78 4 45486 102 180
830 25094 97 4 45583 20392 20489
819 45522 83 3 45666 61 144
839 45651 50 1 45716 15 65
276 45610 66 2 45782 106 172
228 45639 67 4 45849 143 210
470 45619 81 4 45930 230 311
427 45897 80 3 46010 33 113
367 45818 81 3 46091 192 273
261 46026 74 4 46165 65 139
263 46147 66 2 46231 18 84
280 46168 82 4 46313 63 145
566 45774 85 4 46398 539 624
391 45939 85 2 46483 459 544
181 45991 88 3 46571 492 580
339 46445 90 4 46661 126 216
198 46577 36 4 46697 84 120
130 46577 48 3 46745 120 168
684 46743 51 4 46796 2 53
794 46576 84 4 46880 220 304
770 46839 43 2 46923 41 84
242 46823 76 3 46999 100 176
768 46958 57 1 47056 41 98
381 47004 52 4 47108 52 104
215 45597 90 1 47198 1511 1601
605 47195 83 4 47281 3 86
361 47127 91 4 47372 154 245
876 47345 40 1 47412 27 67
246 47292 82 3 47494 120 202
349 47426 45 4 47539 68 113
799 47502 80 3 47619 37 117
180 47296 86 3 47705 323 409
191 47679 64 3 47769 26 90
924 47647 72 3 47841 122 194
451 47781 68 4 47909 60 128
501 46069 91 3 48000 1840 1931
11 46939 92 3 48092 1061 1153
816 48080 40 3 48132 12 52
811 48121 67 2 48199 11 78
285 48022 72 4 48271 177 249
100 48139 78 2 48349 132 210
249 45782 96 1 48445 2567 2663
652 48410 84 1 48529 35 119
306 48392 86 1 48615 137 223
985 48575 93 4 48708 40 133
374 48637 59 4 48767 71 130
990 48665 61 4 48828 102 163
65 48707 73 4 48901 121 194
32 16504 97 4 48998 32397 32494
195 14291 97 4 49095 34707 34804
203 49067 36 3 49131 28 64
120 49089 74 4 49205 42 116
327 49008 74 3 49279 197 271
96 49271 52 1 49331 8 60
321 49096 80 1 49411 235 315
241 49374 68 3 49479 37 105
750 49159 91 2 49570 320 411
72 49283 92 3 49662 287 379
356 49242 93 4 49755 420 513
963 49672 58 3 49813 83 141
21 49686 78 3 49891 127 205
783 49887 62 2 49953 4 66
414 49898 76 3 50029 55 131
633 49962 55 2 50084 67 122
673 50038 90 3 50174 46 136
25 49932 93 3 50267 242 335
821 50230 74 4 50341 37 111
177 49270 94 3 50435 1071 1165
892 50362 86 2 50521 73 159
707 49576 94 2 50615 945 1039
50 49629 95 4 50710 986 1081
81 50648 80 4 50790 62 142
870 50785 57 3 50847 5 62
970 50714 68 4 50915 133 201
409 50755 79 2 50994 160 239
978 50752 88 4 51082 242 330
889 51021 73 4 51155 61 134
190 51100 57 1 51212 55 112
933 51168 55 2 51267 44 99
530 51152 86 4 51353 115 201
907 51324 59 3 51412 29 88
525 51351 75 3 51487 61 136
491 51469 64 2 51551 18 82
113 51356 78 3 51629 195 273
389 51612 65 3 51694 17 82
224 51576 89 4 51783 118 207
220 51715 72 2 51855 68 140
968 51794 82 2 51937 61 143
856 51554 91 4 52028 383 474
611 50855 94 2 52122 1173 1267
543 52094 52 2 52174 28 80
521 52165 45 4 52219 9 54
462 49720 96 2 52315 2499 2595
560 49678 97 4 52412 2637 2734
915 46676 97 3 52509 5736 5833
834 52469 45 3 52554 40 85
813 36530 97 3 52651 16024 16121
713 52613 76 4 52727 38 114
502 52587 86 2 52813 140 226
463 52569 88 4 52901 244 332
982 52833 53 3 52954 68 121
899 52946 54 4 53008 8 62
998 39749 97 3 53105 13259 13356
762 53096 42 4 53147 9 51
657 6864 97 3 53244 46283 46380
720 53152 87 2 53331 92 179
226 15928 97 3 53428 37403 37500
714 53339 96 3 53524 89 185
709 53451 95 1 53619 73 168
905 53581 42 3 53661 38 80
392 53583 66 1 53727 78 144
599 53724 60 4 53787 3 63
653 53699 89 4 53876 88 177
769 38955 97 3 53973 14921 15018
307 53950 80 3 54053 23 103
840 14805 97 2 54150 39248 39345
693 40586 97 2 54247 13564 13661
37 10494 98 4 54345 43753 43851
883 54332 67 4 54412 13 80
70 52232 98 4 54510 2180 2278
900 24166 98 4 54608 30344 30442
822 15156 98 4 54706 39452 39550
868 54611 55 4 54761 95 150
31 54619 74 2 54835 142 216
871 54692 91 4 54926 143 234
6 30795 98 4 55024 24131 24229
989 54974 68 2 55092 50 118
157 55060 73 2 55165 32 105
841 43203 98 3 55263 11962 12060
894 15332 98 3 55361 39931 40029
631 55312 71 2 55432 49 120
588 55409 96 3 55528 23 119
422 51292 98 3 55626 4236 4334
637 55534 97 4 55723 92 189
947 15960 98 3 55821 39763 39861
608 55802 77 3 55898 19 96
252 55212 98 3 55996 686 784
908 55984 96 4 56092 12 108
692 56072 80 3 56172 20 100
852 14054 98 3 56270 42118 42216
486 56257 83 4 56353 13 96
591 16475 98 2 56451 39878 39976
948 56364 54 3 56505 87 141
464 56394 61 4 56566 111 172
737 56488 85 4 56651 78 163
954 56530 91 2 56742 121 212
89 56712 75 3 56817 30 105
383 24470 98 2 56915 32347 32445
152 5922 98 2 57013 50993 51091
701 20839 98 1 57111 36174 36272
460 57023 89 3 57200 88 177
624 57141 90 3 57290 59 149
570 57262 65 2 57355 28 93
723 57302 84 4 57439 53 137
408 9698 98 1 57537 47741 47839
303 54009 99 4 57636 3528 3627
58 57607 68 1 57704 29 97
776 55976 99 4 57803 1728 1827
612 14919 99 4 57902 42884 42983
690 57873 49 2 57951 29 78
971 11163 99 4 58050 46788 46887
862 18638 99 4 58149 39412 39511
325 58113 73 4 58222 36 109
97 58213 90 2 58312 9 99
406 58223 77 2 58389 89 166
518 58227 83 4 58472 162 245
888 58430 67 4 58539 42 109
161 58461 76 1 58615 78 154
227 58397 90 3 58705 218 308
755 58624 96 2 58801 81 177
969 58789 95 4 58896 12 107
745 58838 56 4 58952 58 114
911 58212 97 3 59049 740 837
413 41946 99 4 59148 17103 17202
817 59064 47 3 59195 84 131
824 40718 99 4 59294 18477 18576
807 59238 71 3 59365 56 127
967 59323 74 4 59439 42 116
68 59206 75 4 59514 233 308
428 59474 63 2 59577 40 103
301 59365 77 1 59654 212 289
950 59521 85 4 59739 133 218
378 59378 94 3 59833 361 455
166 59510 98 2 59931 323 421
353 43525 99 4 60030 16406 16505
571 43941 99 4 60129 16089 16188
234 60068 96 4 60225 61 157
88 32344 99 4 60324 27881 27980
115 60271 45 3 60369 53 98
233 24509 99 3 60468 35860 35959
57 60431 80 3 60548 37 117
555 8033 99 3 60647 52515 52614
388 19697 99 3 60746 40950 41049
602 60716 93 2 60839 30 123
312 51262 99 3 60938 9577 9676
338 46721 99 3 61037 14217 14316
489 60944 80 4 61117 93 173
370 61089 60 3 61177 28 88
548 3022 99 3 61276 58155 58254
550 12879 99 2 61375 48397 48496
153 61283 99 3 61474 92 191
300 25284 99 2 61573 36190 36289
357 61568 58 3 61631 5 63
730 61560 91 4 61722 71 162
375 26652 99 2 61821 35070 35169
829 61786 77 3 61898 35 112
441 45156 99 2 61997 16742 16841
749 61975 82 4 62079 22 104
48 46841 99 2 62178 15238 15337
107 62112 49 1 62227 66 115
255 62119 56 3 62283 108 164
313 62241 83 4 62366 42 125
112 62316 41 4 62407 50 91
923 62104 99 4 62506 303 402
767 35714 99 1 62605 26792 26891
218 62579 44 4 62649 26 70
766 62608 55 2 62704 41 96
121 62593 57 4 62761 111 168
798 62665 99 2 62860 96 195
445 62828 82 1 62942 32 114
274 27003 99 1 63041 35939 36038
476 35415 99 1 63140 27626 27725
778 63095 40 4 63180 45 85
556 63124 78 2 63258 56 134
347 60295 100 4 63358 2963 3063
487 63327 99 3 63457 31 130
175 9300 100 4 63557 54157 54257
80 63489 59 4 63616 68 127
724 63570 60 3 63676 46 106
297 63508 95 4 63771 168 263
387 63727 92 1 63863 44 136
273 63760 94 3 63957 103 197
404 63951 58 2 64015 6 64
513 63993 73 1 64088 22 95
331 3981 100 4 64188 60107 60207
828 40312 100 3 64288 23876 23976
49 23848 100 3 64388 40440 40540
761 32875 100 3 64488 31513 31613
622 24217 100 2 64588 40271 40371
601 7159 100 2 64688 57429 57529
584 65059 55 1 65114 0 55
930 65349 68 3 65417 0 68
849 65491 71 2 65562 0 71
661 65542 44 4 65606 20 64
726 65502 85 4 65691 104 189
815 65652 82 4 65773 39 121
395 65748 56 1 65829 25 81
569 65757 99 4 65928 72 171
857 66264 76 4 66340 0 76
838 66684 32 2 66716 0 32
861 66807 80 2 66887 0 80
719 67104 70 4 67174 0 70
617 67129 71 4 67245 45 116
740 67115 74 3 67319 130 204
851 67334 68 2 67402 0 68
38 67457 73 1 67530 0 73
298 67533 65 2 67598 0 65
691 67609 50 2 67659 0 50
28 67750 31 3 67781 0 31
878 68073 58 4 68131 0 58
872 68118 96 4 68227 13 109
806 68172 63 2 68290 55 118
139 68618 60 3 68678 0 60
646 68769 60 4 68829 0 60
533 69048 91 1 69139 0 91
495 69629 100 3 69729 0 100
697 69656 63 2 69792 73 136
812 69634 88 3 69880 158 246
679 70122 58 2 70180 0 58
235 70161 92 2 70272 19 111
966 70454 79 4 70533 0 79
688 71046 69 3 71115 0 69
951 71157 29 4 71186 0 29
787 71263 89 4 71352 0 89
946 71347 47 4 71399 5 52
272 71334 83 2 71482 65 148
534 71770 67 4 71837 0 67
609 71846 97 4 71943 0 97
573 71970 46 4 72016 0 46
54 72232 78 4 72310 0 78
283 72281 92 3 72402 29 121
790 72329 64 4 72466 73 137
75 72330 84 3 72550 136 220
136 72448 91 3 72641 102 193
148 72642 67 2 72709 0 67
797 72697 74 2 72783 12 86
342 72762 55 3 72838 21 76
135 73017 90 1 73107 0 90
962 73068 83 4 73190 39 122
925 73138 86 3 73276 52 138
202 73287 77 3 73364 0 77
562 73502 71 4 73573 0 71
758 73610 96 2 73706 0 96
581 73962 70 3 74032 0 70
364 74077 66 2 74143 0 66
206 74121 84 4 74227 22 106
250 74216 76 4 74303 11 87
788 74209 95 4 74398 94 189
941 74335 29 4 74427 63 92
773 74353 98 4 74525 74 172
896 74520 63 3 74588 5 68
417 75029 52 2 75081 0 52
490 75499 90 2 75589 0 90
265 75686 86 3 75772 0 86
421 75738 93 2 75865 34 127
538 75960 69 4 76029 0 69
902 76216 99 3 76315 0 99
943 76377 78 4 76455 0 78
291 76488 55 1 76543 0 55
405 76683 65 3 76748 0 65
142 76967 92 4 77059 0 92
205 77120 89 1 77209 0 89
754 77474 36 2 77510 0 36
102 77526 88 2 77614 0 88
597 77707 69 1 77776 0 69
473 77771 72 4 77848 5 77
423 77823 76 3 77924 25 101
340 77731 79 2 78003 193 272
934 77727 91 2 78094 276 367
795 78016 65 2 78159 78 143
212 77987 96 2 78255 172 268
554 78173 94 4 78349 82 176
69 78615 92 4 78707 0 92
712 78715 63 2 78778 0 63
517 78749 86 3 78864 29 115
742 79138 81 4 79219 0 81
882 79199 92 4 79311 20 112
244 79253 91 4 79402 58 149
779 79534 67 4 79601 0 67
708 79546 46 2 79647 55 101
664 79606 61 4 79708 41 102
194 79554 97 2 79805 154 251
725 79725 76 3 79881 80 156
243 79596 98 3 79979 285 383
537 80809 61 4 80870 0 61
835 81332 54 4 81386 0 54
159 81562 67 4 81629 0 67
87 82031 78 3 82109 0 78
764 82321 87 3 82408 0 87
222 82986 100 3 83086 0 100
106 83563 71 2 83634 0 71
981 84605 24 4 84629 0 24
895 85029 50 1 85079 0 50
41 85548 48 3 85596 0 48
866 86480 98 4 86578 0 98
522 86588 61 4 86649 0 61
580 86740 100 1 86840 0 100
74 86881 55 4 86936 0 55
401 87041 71 4 87112 0 71
765 87106 32 3 87144 6 38
286 87216 43 3 87259 0 43
126 87264 46 2 87310 0 46
744 88776 80 2 88856 0 80
717 88779 49 4 88905 77 126
333 89132 99 3 89231 0 99
984 89243 95 2 89338 0 95
465 89930 88 3 90018 0 88
329 90847 64 4 90911 0 64
262 92305 65 1 92370 0 65
592 93438 33 4 93471 0 33
174 94710 70 2 94780 0 70
214 94762 86 4 94866 18 104
920 98458 57 3 98515 0 57
