97472 1000 113 65
362 53 41 4 94 0 41
554 124 28 4 152 0 28
36 186 49 2 235 0 49
28 231 50 3 285 4 54
173 272 55 4 340 13 68
299 401 42 1 443 0 42
860 370 53 4 465 42 95
373 235 55 3 490 200 255
315 135 65 2 521 321 386
137 531 27 4 558 0 27
101 589 22 4 611 0 22
20 613 54 2 667 0 54
720 625 66 2 733 42 108
109 165 66 1 756 525 591
977 809 20 4 829 0 20
722 587 70 3 846 189 259
301 891 45 4 936 0 45
144 959 30 3 989 0 30
901 891 57 3 1023 75 132
654 368 77 3 1055 610 687
10 1081 22 3 1103 0 22
237 1147 33 4 1180 0 33
483 1217 27 4 1244 0 27
530 1277 38 3 1315 0 38
738 1269 49 3 1356 38 87
151 1373 27 4 1400 0 27
201 1361 31 4 1419 27 58
529 1460 40 1 1500 0 40
168 1414 43 4 1502 45 88
114 1530 31 3 1561 0 31
17 1415 48 4 1581 118 166
408 1635 23 3 1658 0 23
512 1602 59 3 1684 23 82
915 1741 26 4 1767 0 26
472 1718 26 1 1770 26 52
950 1447 61 3 1776 268 329
239 1231 62 3 1808 515 577
141 1141 62 2 1827 624 686
757 1692 73 4 1900 135 208
775 1938 55 4 1993 0 55
946 2041 27 2 2068 0 27
364 2023 43 3 2093 27 70
978 2096 44 4 2140 0 44
70 2144 36 3 2180 0 36
951 2199 26 4 2225 0 26
492 2202 49 3 2274 23 72
393 2292 36 4 2328 0 36
754 2037 72 2 2356 247 319
553 1439 77 4 2365 849 926
259 943 78 3 2379 1358 1436
123 309 80 4 2539 2150 2230
954 663 80 4 2539 1796 1876
269 2402 81 4 2620 137 218
966 2720 33 4 2753 0 33
47 2710 49 3 2792 33 82
191 2681 50 4 2813 82 132
296 2841 35 2 2876 0 35
992 2816 40 4 2891 35 75
690 2681 53 4 2941 207 260
345 2988 23 3 3011 0 23
519 2919 69 2 3033 45 114
656 2390 83 4 3055 582 665
587 3093 39 4 3132 0 39
912 1382 87 4 3181 1712 1799
796 3266 23 3 3289 0 23
776 2666 90 4 3294 538 628
95 3327 33 3 3360 0 33
827 2288 92 4 3419 1039 1131
348 3549 26 2 3575 0 26
262 3507 73 4 3606 26 99
894 3646 26 1 3672 0 26
349 3656 62 4 3734 16 78
596 3483 87 2 3757 187 274
6 3789 39 3 3828 0 39
592 3853 52 4 3905 0 52
832 3817 54 1 3934 63 117
86 3813 61 3 3995 121 182
974 984 98 3 3997 2915 3013
325 4200 22 3 4222 0 22
342 4190 67 3 4279 22 89
930 4414 40 2 4454 0 40
115 4481 25 4 4506 0 25
741 4480 34 1 4539 25 59
940 4549 31 3 4580 0 31
669 4574 45 2 4625 6 51
187 4652 22 2 4674 0 22
766 4683 32 4 4715 0 32
448 4719 27 2 4746 0 27
513 4646 35 4 4762 81 116
285 4769 50 2 4819 0 50
730 4483 55 3 4836 298 353
834 4593 62 3 4898 243 305
637 4412 65 4 4935 458 523
425 4969 46 4 5015 0 46
920 4802 72 4 5053 179 251
723 5104 25 1 5129 0 25
910 5064 63 3 5152 25 88
215 4864 76 3 5217 277 353
4 4358 79 1 5242 805 884
979 5292 56 2 5348 0 56
145 5274 62 3 5392 56 118
936 5501 27 4 5528 0 27
431 5476 33 4 5536 27 60
376 5529 39 4 5575 7 46
712 5586 24 2 5610 0 24
118 5466 46 4 5635 123 169
556 5437 50 4 5656 169 219
89 5671 24 2 5695 0 24
769 5317 66 1 5701 318 384
568 5737 58 4 5795 0 58
409 5645 74 3 5833 114 188
199 5841 33 2 5874 0 33
310 5891 49 3 5940 0 49
419 5689 90 2 6005 226 316
526 5034 94 3 6067 939 1033
276 6073 37 3 6110 0 37
198 6135 32 4 6167 0 32
537 6195 49 4 6244 0 49
15 6254 32 3 6286 0 32
935 6306 28 3 6334 0 28
489 6442 26 2 6468 0 26
19 6384 56 4 6507 67 123
370 6400 56 4 6522 66 122
778 6294 65 4 6525 166 231
557 6596 24 3 6620 0 24
865 6646 24 1 6670 0 24
30 6675 30 2 6705 0 30
352 6632 45 2 6731 54 99
233 6740 32 3 6772 0 32
881 6673 68 3 6831 90 158
77 6928 22 4 6950 0 22
750 6851 77 3 6950 22 99
194 6951 56 3 7007 0 56
952 7080 36 3 7116 0 36
283 7097 39 3 7155 19 58
121 7196 66 2 7262 0 66
570 7143 77 3 7298 78 155
685 7341 47 4 7388 0 47
167 7465 58 4 7523 0 58
883 7560 46 4 7606 0 46
841 7668 52 1 7720 0 52
855 7952 28 3 7980 0 28
456 8052 26 3 8078 0 26
522 8176 21 3 8197 0 21
16 8152 29 2 8202 21 50
898 8209 28 3 8237 0 28
734 8146 76 2 8300 78 154
1 8469 35 4 8504 0 35
562 8502 69 2 8573 2 71
725 8635 46 3 8681 0 46
783 8594 47 4 8687 46 93
111 8661 72 4 8759 26 98
675 8792 34 4 8826 0 34
856 8769 56 4 8859 34 90
747 8802 67 4 8926 57 124
122 8945 25 3 8970 0 25
980 9018 33 2 9051 0 33
664 8987 68 1 9088 33 101
692 9144 32 3 9176 0 32
646 9194 35 4 9229 0 35
679 9108 68 3 9243 67 135
509 9256 46 1 9302 0 46
772 9287 73 3 9375 15 88
767 9463 45 2 9508 0 45
794 9573 47 1 9620 0 47
242 9729 25 1 9754 0 25
216 9732 73 4 9827 22 95
628 9897 24 4 9921 0 24
3 9757 74 3 9925 94 168
886 9661 81 4 9938 196 277
293 9695 83 2 10021 243 326
480 10038 54 3 10092 0 54
246 10136 53 4 10189 0 53
406 10198 50 4 10248 0 50
312 10051 78 1 10273 144 222
919 10278 44 2 10322 0 44
703 9904 88 2 10388 396 484
250 10460 25 1 10485 0 25
322 10429 50 4 10504 25 75
307 10534 33 4 10567 0 33
580 10516 40 4 10589 33 73
107 10709 27 2 10736 0 27
498 10781 26 1 10807 0 26
178 10740 41 3 10807 26 67
811 10815 21 3 10836 0 21
743 10748 45 3 10873 80 125
323 10875 22 3 10897 0 22
686 10884 40 3 10937 13 53
410 10664 52 4 10938 222 274
314 10737 52 2 10990 201 253
889 10612 76 1 11014 326 402
993 11015 22 4 11037 0 22
660 10888 86 3 11122 148 234
208 9750 91 3 11137 1296 1387
367 11334 25 4 11359 0 25
120 11370 68 4 11438 0 68
200 11455 35 4 11490 0 35
729 11502 30 1 11532 0 30
538 11538 29 1 11567 0 29
69 11473 69 2 11618 76 145
478 11756 32 4 11788 0 32
11 11747 43 2 11822 32 75
868 11708 51 2 11834 75 126
695 11682 58 4 11866 126 184
469 11925 47 4 11972 0 47
35 11905 49 1 12001 47 96
651 11917 54 4 12055 84 138
57 12058 47 4 12105 0 47
477 11870 60 4 12127 197 257
805 12149 41 1 12190 0 41
284 11948 67 3 12235 220 287
181 12353 51 3 12404 0 51
689 12281 74 3 12406 51 125
135 11674 74 1 12422 674 748
64 12452 31 3 12483 0 31
551 12488 35 2 12523 0 35
297 12589 20 3 12609 0 20
468 12563 31 4 12614 20 51
840 12558 51 3 12660 51 102
583 12162 83 2 12673 428 511
563 12044 85 3 12758 629 714
702 12934 48 4 12982 0 48
906 13010 25 3 13035 0 25
500 13023 41 4 13076 12 53
670 13085 38 4 13123 0 38
179 13091 47 3 13170 32 79
334 13060 56 2 13217 101 157
760 13274 21 3 13295 0 21
51 13304 25 3 13329 0 25
571 13254 29 3 13329 46 75
422 13370 32 2 13402 0 32
918 13327 42 4 13403 34 76
541 13280 58 4 13461 123 181
354 13288 74 4 13535 173 247
780 13620 20 2 13640 0 20
773 13586 35 2 13641 20 55
552 13557 42 4 13654 55 97
626 13804 29 3 13833 0 29
379 14002 50 4 14052 0 50
447 14080 26 2 14106 0 26
561 14242 37 3 14279 0 37
359 14284 55 1 14339 0 55
338 14513 31 4 14544 0 31
931 14552 27 4 14579 0 27
14 14668 26 2 14694 0 26
503 14651 44 2 14721 26 70
697 14591 77 4 14738 70 147
888 14755 23 3 14778 0 23
458 14773 23 2 14801 5 28
971 14794 27 1 14828 7 34
892 14851 52 2 14903 0 52
836 14922 42 4 14964 0 42
272 14920 47 3 15009 42 89
983 14986 51 1 15060 23 74
663 14948 52 1 15112 112 164
560 15150 30 4 15180 0 30
43 15130 34 2 15194 30 64
869 15126 50 4 15240 64 114
162 15294 21 3 15315 0 21
361 15260 37 3 15318 21 58
671 15309 44 2 15362 9 53
80 15269 67 2 15429 93 160
245 15078 68 3 15463 317 385
696 15468 49 4 15517 0 49
745 15473 53 3 15570 44 97
166 15612 21 4 15633 0 21
251 15598 39 2 15658 21 60
286 15592 46 3 15698 60 106
420 14959 75 3 15746 712 787
146 15749 50 3 15799 0 50
694 15817 32 3 15849 0 32
24 15856 34 4 15890 0 34
225 15900 38 4 15938 0 38
574 15851 44 4 15967 72 116
147 16000 20 4 16020 0 20
435 16029 29 3 16058 0 29
124 16005 60 3 16109 44 104
438 15045 81 1 16134 1008 1089
63 16178 41 4 16219 0 41
156 16183 51 4 16270 36 87
44 16300 28 4 16328 0 28
108 16329 51 4 16380 0 51
777 16246 56 3 16405 103 159
62 16269 72 4 16477 136 208
112 16480 48 4 16528 0 48
913 16555 36 2 16591 0 36
402 15269 85 2 16602 1248 1333
848 16672 60 2 16732 0 60
819 16838 25 2 16863 0 25
222 16920 37 2 16957 0 37
533 17004 36 3 17040 0 36
265 17161 34 4 17195 0 34
960 17198 48 2 17246 0 48
821 17300 31 4 17331 0 31
105 17339 42 4 17381 0 42
66 17349 49 3 17430 32 81
94 17438 37 4 17475 0 37
975 17244 70 4 17475 161 231
126 17543 29 3 17572 0 29
155 17458 78 3 17582 46 124
454 17647 31 4 17678 0 31
581 17195 79 4 17689 415 494
2 17818 29 2 17847 0 29
909 17918 21 4 17939 0 21
368 17884 35 4 17940 21 56
615 17812 47 2 17944 85 132
924 17761 84 2 17977 132 216
504 17443 91 3 17996 462 553
202 18021 28 2 18049 0 28
958 18031 32 4 18081 18 50
843 18069 54 4 18135 12 66
266 18223 24 1 18247 0 24
632 18176 57 3 18257 24 81
232 18132 62 3 18278 84 146
465 18328 43 1 18371 0 43
451 18339 48 3 18419 32 80
724 18239 62 2 18431 130 192
857 18065 71 4 18502 366 437
244 18513 22 4 18535 0 22
708 18557 38 1 18595 0 38
516 18576 57 4 18652 19 76
486 18556 66 4 18717 95 161
248 18740 42 4 18782 0 42
131 18792 29 2 18821 0 29
264 18849 31 4 18880 0 31
847 18753 52 1 18894 89 141
356 18908 22 3 18930 0 22
567 18928 42 4 18972 2 44
189 19029 20 4 19049 0 20
916 18994 49 4 19063 20 69
631 19070 38 3 19108 0 38
74 18836 55 3 19120 229 284
106 18513 67 4 19143 563 630
576 18759 83 3 19226 384 467
742 19259 30 3 19289 0 30
770 18162 86 1 19331 1083 1169
666 19342 42 1 19384 0 42
699 19588 38 2 19626 0 38
193 19544 55 2 19637 38 93
693 19801 39 2 19840 0 39
490 20114 24 4 20138 0 24
524 20158 33 3 20191 0 33
71 20192 34 4 20226 0 34
83 20084 52 4 20227 91 143
311 20311 50 3 20361 0 50
744 20365 39 4 20404 0 39
823 20407 22 3 20429 0 22
835 20319 52 4 20474 103 155
457 20518 24 4 20542 0 24
42 20374 56 4 20554 124 180
428 20567 22 2 20589 0 22
599 20659 36 1 20695 0 36
928 20624 43 3 20703 36 79
731 20452 60 2 20715 203 263
764 20722 30 4 20752 0 30
849 20628 62 4 20807 117 179
207 20924 43 4 20967 0 43
1000 20585 62 3 20973 326 388
501 20734 62 3 20974 178 240
972 20827 72 1 21046 147 219
610 21142 22 3 21164 0 22
386 21112 37 3 21171 22 59
995 21165 63 2 21234 6 69
398 21240 23 2 21263 0 23
437 21241 28 4 21291 22 50
763 21346 30 4 21376 0 30
407 21333 52 4 21415 30 82
336 21433 36 3 21469 0 36
816 21199 73 3 21476 204 277
876 21484 23 4 21507 0 23
475 20718 79 2 21512 715 794
976 21563 24 2 21587 0 24
395 21292 88 1 21624 244 332
804 20143 89 2 21629 1397 1486
195 21665 86 1 21751 0 86
235 21802 42 3 21844 0 42
825 21907 25 2 21932 0 25
927 21847 64 2 21936 25 89
514 22018 41 4 22059 0 41
73 21815 90 3 22064 159 249
838 20660 90 2 22067 1317 1407
319 21267 91 4 22158 800 891
677 22238 65 3 22303 0 65
687 22232 81 4 22378 65 146
405 20381 92 1 22396 1923 2015
294 22485 33 4 22518 0 33
61 22094 96 4 22525 335 431
591 22591 22 3 22613 0 22
657 22588 36 4 22646 22 58
705 22670 33 3 22703 0 33
99 22711 26 3 22737 0 26
60 22587 36 2 22740 117 153
280 22756 27 3 22783 0 27
844 22811 45 4 22856 0 45
328 22595 46 3 22858 217 263
317 22566 82 2 22919 271 353
67 22965 26 4 22991 0 26
213 23012 46 4 23058 0 46
302 23039 75 4 23133 19 94
452 23152 38 2 23190 0 38
434 23272 20 4 23292 0 20
914 23230 44 1 23294 20 64
617 23347 37 3 23384 0 37
391 23306 44 4 23387 37 81
964 23391 22 3 23413 0 22
417 23461 35 4 23496 0 35
735 23363 57 3 23501 81 138
846 23551 23 1 23574 0 23
859 23543 35 4 23601 23 58
274 23535 58 4 23651 58 116
986 23341 60 4 23677 276 336
385 23008 79 3 23681 594 673
375 23844 24 4 23868 0 24
798 23797 54 4 23875 24 78
851 23936 66 4 24002 0 66
644 23791 80 1 24015 144 224
158 24100 35 4 24135 0 35
281 24252 26 2 24278 0 26
441 24254 43 3 24321 24 67
963 24431 25 4 24456 0 25
139 24411 26 3 24462 25 51
578 24449 27 2 24489 13 40
487 24391 30 3 24499 78 108
357 24399 30 2 24529 100 130
652 24431 45 3 24574 98 143
755 24414 66 3 24640 160 226
40 24682 64 2 24746 0 64
507 24747 58 3 24805 0 58
882 24385 67 2 24823 371 438
797 24375 68 4 24881 438 506
577 24662 75 2 24956 219 294
23 24280 79 4 24981 622 701
814 25008 66 2 25074 0 66
895 25108 33 4 25141 0 33
768 24868 79 1 25159 212 291
932 25216 22 3 25238 0 22
33 25272 22 4 25294 0 22
50 25299 25 4 25324 0 25
726 25367 26 3 25393 0 26
648 25381 39 3 25432 12 51
363 25410 45 3 25477 22 67
717 25429 58 4 25551 64 122
309 25553 47 3 25600 0 47
418 25519 58 4 25640 63 121
981 25648 35 4 25683 0 35
864 25717 35 1 25752 0 35
752 25699 64 1 25798 35 99
228 25803 46 2 25849 0 46
771 25920 26 2 25946 0 26
959 25894 34 4 25954 26 60
968 25947 36 3 25990 7 43
879 25925 42 2 26032 65 107
629 25930 48 4 26080 102 150
545 26087 69 4 26156 0 69
991 25716 79 3 26178 383 462
369 26195 26 4 26221 0 26
984 26253 35 3 26288 0 35
424 26318 28 4 26346 0 28
505 25933 91 3 26358 334 425
183 26565 33 4 26598 0 33
854 26669 41 3 26710 0 41
845 26728 50 3 26778 0 50
46 26920 32 2 26952 0 32
829 26906 37 4 26975 32 69
210 26886 39 2 26994 69 108
650 26824 70 1 27002 108 178
575 26921 89 3 27091 81 170
826 27171 26 4 27197 0 26
603 27176 88 3 27285 21 109
779 27358 73 4 27431 0 73
394 27556 47 4 27603 0 47
41 27576 64 4 27667 27 91
97 27704 25 2 27729 0 25
749 27646 66 3 27758 46 112
943 27981 34 4 28015 0 34
100 28028 42 2 28070 0 42
550 28094 62 4 28156 0 62
211 28304 20 3 28324 0 20
597 28256 72 3 28348 20 92
653 28222 73 3 28387 92 165
382 28403 60 1 28463 0 60
474 28689 21 3 28710 0 21
662 28642 59 4 28722 21 80
403 28799 44 4 28843 0 44
29 28854 30 2 28884 0 30
306 28941 37 2 28978 0 37
371 28900 66 3 29003 37 103
709 29124 31 4 29155 0 31
510 29077 47 3 29155 31 78
219 29024 56 4 29158 78 134
180 29172 36 3 29208 0 36
608 29068 85 4 29279 126 211
390 29435 25 4 29460 0 25
290 29461 59 2 29520 0 59
372 29488 68 1 29588 32 100
440 29637 54 4 29691 0 54
949 29503 71 3 29713 139 210
392 29742 34 2 29776 0 34
607 29783 34 4 29817 0 34
624 29791 39 4 29856 26 65
488 29732 39 2 29878 107 146
25 29831 64 2 29942 47 111
261 29912 69 2 30011 30 99
714 30019 57 1 30076 0 57
358 30067 76 4 30152 9 85
737 30221 67 3 30288 0 67
719 30519 26 2 30545 0 26
282 30520 47 2 30592 25 72
668 30581 57 4 30649 11 68
982 30721 20 2 30741 0 20
511 30707 29 1 30756 20 49
220 30821 25 4 30846 0 25
520 30812 64 2 30901 25 89
956 30731 68 2 30913 114 182
623 30924 49 2 30973 0 49
471 30950 52 3 31025 23 75
925 30995 60 4 31085 30 90
49 31076 66 4 31151 9 75
341 30804 68 1 31208 336 404
484 31214 32 3 31246 0 32
157 31302 60 3 31362 0 60
548 30930 72 3 31372 370 442
90 31410 29 4 31439 0 29
399 31270 81 2 31482 131 212
874 31680 34 4 31714 0 34
298 31697 40 3 31754 17 57
163 31778 22 4 31800 0 22
970 31689 40 2 31816 87 127
432 31833 25 4 31858 0 25
333 31787 54 4 31895 54 108
353 31711 55 3 31950 184 239
34 31944 58 4 32008 6 64
224 31649 59 3 32036 328 387
598 32085 49 3 32134 0 49
355 32144 31 3 32175 0 31
116 31723 63 2 32179 393 456
751 32233 63 3 32296 0 63
721 32306 21 4 32327 0 21
707 32307 61 3 32388 20 81
799 31855 85 2 32409 469 554
53 32395 88 4 32497 14 102
182 32542 20 2 32562 0 20
287 32280 91 4 32608 237 328
588 32826 42 2 32868 0 42
142 33094 21 4 33115 0 21
270 33366 28 1 33394 0 28
870 33452 28 3 33480 0 28
640 33440 37 3 33505 28 65
792 33386 58 3 33517 73 131
822 33614 31 4 33645 0 31
555 33710 41 4 33751 0 41
320 33608 79 3 33759 72 151
140 33867 21 4 33888 0 21
374 33827 43 4 33891 21 64
56 33876 50 4 33941 15 65
812 34029 22 4 34051 0 22
128 34060 76 4 34136 0 76
824 34178 32 4 34210 0 32
421 34498 71 4 34569 0 71
331 34711 65 3 34776 0 65
227 34798 72 4 34870 0 72
521 34755 91 2 34939 93 184
866 35070 65 1 35135 0 65
313 35145 23 2 35168 0 23
464 35174 21 4 35195 0 21
715 35469 31 4 35500 0 31
291 35487 33 2 35533 13 46
255 35547 22 1 35569 0 22
174 35613 45 2 35658 0 45
810 35743 24 4 35767 0 24
728 35770 54 2 35824 0 54
218 36013 37 3 36050 0 37
467 35998 45 4 36080 37 82
473 36118 50 3 36168 0 50
154 36048 88 1 36218 82 170
160 36235 24 2 36259 0 24
275 36242 48 4 36307 17 65
45 36256 72 4 36379 51 123
774 36360 75 1 36454 19 94
565 36542 42 1 36584 0 42
997 36588 28 4 36616 0 28
875 36622 35 4 36657 0 35
479 36578 48 2 36695 69 117
701 36698 44 2 36742 0 44
871 36693 71 4 36810 46 117
659 36888 22 4 36910 0 22
642 36873 22 1 36917 22 44
455 36900 45 4 36962 17 62
544 36962 52 4 37014 0 52
929 36834 56 4 37031 141 197
267 37063 61 3 37124 0 61
527 36817 72 4 37147 258 330
288 36752 90 4 37230 388 478
79 37858 27 4 37885 0 27
616 37893 34 4 37927 0 34
937 37933 27 1 37960 0 27
837 37842 67 2 37997 88 155
682 38353 37 4 38390 0 37
589 38333 68 3 38438 37 105
360 38301 83 3 38489 105 188
347 38549 21 4 38570 0 21
594 38577 25 2 38602 0 25
226 38734 28 2 38762 0 28
590 38795 56 3 38851 0 56
263 38859 31 4 38890 0 31
133 38763 69 4 38919 87 156
645 39087 23 1 39110 0 23
569 39148 26 3 39174 0 26
863 39139 42 4 39207 26 68
231 39079 51 1 39221 91 142
482 39409 31 1 39440 0 31
350 39486 33 4 39519 0 33
877 39490 34 1 39553 29 63
415 39581 23 2 39604 0 23
497 39691 20 4 39711 0 20
861 39706 62 2 39773 5 67
305 39826 52 3 39878 0 52
54 39992 34 4 40026 0 34
595 40033 34 3 40067 0 34
627 40101 36 2 40137 0 36
638 40178 64 2 40242 0 64
518 40248 36 2 40284 0 36
947 40290 29 4 40319 0 29
673 40373 42 4 40415 0 42
206 40413 51 4 40466 2 53
383 40364 51 2 40508 93 144
926 40177 71 2 40521 273 344
647 40164 81 3 40589 344 425
890 40693 74 4 40767 0 74
955 40812 41 3 40853 0 41
622 40786 53 4 40880 41 94
994 40906 33 3 40939 0 33
684 40870 60 3 40973 43 103
681 40824 66 4 41039 149 215
400 41205 36 4 41241 0 36
459 41173 42 3 41251 36 78
593 41272 34 4 41306 0 34
899 41330 36 4 41366 0 36
416 41277 55 4 41397 65 120
389 41419 39 3 41458 0 39
880 41297 59 3 41495 139 198
759 41570 23 2 41593 0 23
152 41529 61 3 41613 23 84
117 41674 38 2 41712 0 38
818 41562 67 3 41718 89 156
939 41607 71 4 41789 111 182
436 41751 74 2 41863 38 112
164 41901 44 3 41945 0 44
304 41865 56 2 41965 44 100
850 41814 75 3 42038 149 224
37 42056 47 4 42103 0 47
380 42062 50 3 42153 41 91
621 42157 28 4 42185 0 28
536 42001 76 2 42239 162 238
549 42412 38 4 42450 0 38
337 42397 40 1 42475 38 78
756 42421 75 4 42550 54 129
134 42343 78 2 42574 153 231
249 42611 22 4 42633 0 22
612 42623 38 4 42671 10 48
782 42783 35 3 42818 0 35
853 42878 27 4 42905 0 27
102 42815 60 3 42905 30 90
921 43016 62 4 43078 0 62
601 43236 27 4 43263 0 27
630 43348 36 1 43384 0 36
584 43374 71 3 43455 10 81
295 43667 53 4 43720 0 53
104 43721 42 4 43763 0 42
938 43747 53 4 43816 16 69
809 43824 49 1 43873 0 49
433 43890 37 4 43927 0 37
87 43945 24 4 43969 0 24
230 44090 32 2 44122 0 32
365 44057 69 1 44158 32 101
600 44009 83 3 44193 101 184
197 44272 42 4 44314 0 42
442 44479 40 3 44519 0 40
904 44467 45 3 44552 40 85
243 44565 23 3 44588 0 23
5 44582 36 4 44624 6 42
12 44658 51 2 44709 0 51
38 44467 60 4 44722 195 255
948 44830 65 2 44895 0 65
466 44905 31 4 44936 0 31
110 44953 31 3 44984 0 31
787 44935 56 2 45023 32 88
852 45129 57 3 45186 0 57
683 45313 27 3 45340 0 27
893 45368 33 3 45401 0 33
636 45406 43 2 45449 0 43
704 45600 34 4 45634 0 34
404 45580 50 3 45664 34 84
318 45688 43 4 45731 0 43
789 45708 47 2 45778 23 70
129 45750 49 1 45827 28 77
491 45838 27 4 45865 0 27
229 45866 34 4 45900 0 34
340 45937 38 3 45975 0 38
661 45754 52 1 45978 172 224
96 45930 53 4 46031 48 101
807 45939 56 4 46087 92 148
633 46223 27 4 46250 0 27
72 46187 53 4 46267 27 80
384 46156 65 2 46301 80 145
252 46322 21 1 46343 0 21
426 46310 28 3 46359 21 49
813 46203 68 2 46418 147 215
8 46525 21 2 46546 0 21
739 46538 37 4 46583 8 45
711 46592 91 3 46683 0 91
31 46804 20 4 46824 0 20
330 46772 42 4 46834 20 62
790 46857 22 2 46879 0 22
531 46948 44 1 46992 0 44
9 47060 56 3 47116 0 56
506 47187 26 2 47213 0 26
377 47133 80 4 47239 26 106
542 47359 65 4 47424 0 65
944 47484 32 4 47516 0 32
499 47531 32 4 47563 0 32
461 47527 41 3 47600 32 73
609 47635 27 3 47662 0 27
292 47474 63 4 47669 132 195
149 47682 29 1 47711 0 29
462 47529 84 2 47782 169 253
736 47977 76 3 48053 0 76
335 48271 28 3 48299 0 28
676 48370 56 2 48426 0 56
969 48368 57 2 48481 56 113
795 48686 38 4 48724 0 38
59 48997 35 3 49032 0 35
559 49159 42 4 49201 0 42
665 49279 27 2 49306 0 27
238 49378 38 4 49416 0 38
84 49326 54 3 49418 38 92
170 49235 68 4 49422 119 187
962 49429 43 4 49472 0 43
706 49483 27 3 49510 0 27
700 49612 25 4 49637 0 25
343 49589 71 4 49685 25 96
289 49733 53 4 49786 0 53
806 50131 44 3 50175 0 44
748 50140 45 2 50220 35 80
897 50089 49 4 50227 89 138
277 50254 27 2 50281 0 27
579 50190 65 3 50319 64 129
691 50417 41 3 50458 0 41
68 50540 31 4 50571 0 31
842 50508 52 4 50591 31 83
65 50677 47 4 50724 0 47
989 50829 23 4 50852 0 23
878 50816 29 4 50868 23 52
996 51178 31 1 51209 0 31
502 51424 43 4 51467 0 43
254 51657 34 3 51691 0 34
48 51815 52 1 51867 0 52
740 51792 79 2 51923 52 131
397 51941 68 3 52009 0 68
762 51992 83 4 52092 17 100
476 52169 24 4 52193 0 24
184 52236 51 2 52287 0 51
7 52331 46 3 52377 0 46
953 52403 52 3 52455 0 52
961 52518 32 3 52550 0 32
190 52653 24 3 52677 0 24
217 52802 84 1 52886 0 84
453 52959 33 2 52992 0 33
241 52896 67 2 52996 33 100
540 53080 22 1 53102 0 22
82 53094 82 2 53184 8 90
366 53385 24 2 53409 0 24
658 53418 48 3 53466 0 48
278 53504 26 4 53530 0 26
412 53531 47 4 53578 0 47
713 53808 63 2 53871 0 63
872 54186 20 4 54206 0 20
192 54393 79 4 54472 0 79
753 54585 60 2 54645 0 60
388 54565 67 4 54692 60 127
573 54780 45 3 54825 0 45
203 55070 49 4 55119 0 49
308 55130 48 3 55178 0 48
169 55305 37 4 55342 0 37
582 55329 66 3 55408 13 79
125 55419 22 1 55441 0 22
130 55539 24 4 55563 0 24
414 55521 70 3 55615 24 94
427 55811 80 4 55891 0 80
396 55853 83 3 55974 38 121
463 56069 24 2 56093 0 24
260 56132 31 2 56163 0 31
885 56285 31 4 56316 0 31
833 56382 60 1 56442 0 60
655 56445 34 4 56479 0 34
136 56604 26 3 56630 0 26
209 56621 52 2 56682 9 61
674 56894 38 4 56932 0 38
911 57130 37 4 57167 0 37
449 57116 42 4 57195 37 79
326 57062 61 4 57202 79 140
78 57333 32 2 57365 0 32
672 57373 60 3 57433 0 60
247 57466 76 4 57542 0 76
444 57565 63 4 57628 0 63
75 57905 67 4 57972 0 67
761 58085 36 2 58121 0 36
781 58122 40 4 58162 0 40
76 58550 78 4 58628 0 78
98 58783 26 2 58809 0 26
22 58853 53 4 58906 0 53
205 58949 74 1 59023 0 74
257 58916 77 4 59067 74 151
143 59108 39 3 59147 0 39
698 59248 75 3 59323 0 75
515 59386 28 4 59414 0 28
620 59485 68 2 59553 0 68
558 59659 27 3 59686 0 27
279 59999 24 4 60023 0 24
987 59999 34 3 60057 24 58
21 59980 71 4 60109 58 129
236 60055 75 3 60184 54 129
439 60323 66 2 60389 0 66
429 60469 53 4 60522 0 53
817 60529 59 4 60588 0 59
820 60762 28 4 60790 0 28
733 60774 41 2 60831 16 57
339 60847 65 4 60912 0 65
103 60946 24 4 60970 0 24
985 60870 77 3 61013 66 143
933 61020 46 4 61066 0 46
523 60718 79 3 61078 281 360
867 61139 82 4 61221 0 82
611 61275 29 4 61304 0 29
138 61310 29 4 61339 0 29
680 61529 44 3 61573 0 44
18 61641 28 2 61669 0 28
639 61737 49 1 61786 0 49
934 61777 56 1 61842 9 65
445 61751 80 4 61922 91 171
528 62228 48 4 62276 0 48
413 62253 60 4 62336 23 83
88 62414 49 1 62463 0 49
732 62747 54 2 62801 0 54
188 62954 32 4 62986 0 32
85 62918 51 2 63001 32 83
485 63052 36 3 63088 0 36
346 62955 52 4 63089 82 134
273 63239 31 3 63270 0 31
903 63251 58 3 63328 19 77
517 63418 28 4 63446 0 28
718 63477 27 4 63504 0 27
321 63444 39 3 63512 29 68
788 63563 62 2 63625 0 62
839 63641 25 3 63666 0 25
614 63742 93 3 63835 0 93
543 63872 22 4 63894 0 22
618 64110 73 4 64183 0 73
81 64440 50 2 64490 0 50
793 64577 26 4 64603 0 26
300 64665 30 1 64695 0 30
965 64670 44 1 64739 25 69
378 64795 25 4 64820 0 25
602 64809 26 1 64846 11 37
493 64806 42 3 64888 40 82
800 64807 64 4 64952 81 145
495 64966 39 3 65005 0 39
401 64970 40 3 65045 35 75
212 65024 57 4 65102 21 78
153 65160 42 4 65202 0 42
990 65250 46 3 65296 0 46
786 65217 54 1 65317 46 100
534 65312 66 1 65383 5 71
710 65502 25 4 65527 0 25
329 65556 30 1 65586 0 30
758 65630 29 4 65659 0 29
604 65618 39 1 65686 29 68
253 65698 25 2 65723 0 25
606 65730 29 4 65759 0 29
564 65690 67 4 65811 54 121
423 66292 22 4 66314 0 22
258 66775 37 3 66812 0 37
381 66859 27 4 66886 0 27
450 66993 55 3 67048 0 55
119 67353 32 2 67385 0 32
746 67445 42 3 67487 0 42
27 67507 59 4 67566 0 59
271 67733 50 3 67783 0 50
411 67918 23 4 67941 0 23
862 68255 29 3 68284 0 29
803 68453 38 4 68491 0 38
908 68530 26 2 68556 0 26
185 68545 56 3 68612 11 67
387 68477 62 4 68635 96 158
234 68743 56 3 68799 0 56
132 68979 24 1 69003 0 24
324 68995 30 3 69033 8 38
905 69086 71 4 69157 0 71
765 69182 42 3 69224 0 42
159 69100 77 3 69276 99 176
214 69363 56 2 69419 0 56
494 69464 84 4 69548 0 84
973 69913 25 3 69938 0 25
460 69973 44 3 70017 0 44
186 70085 44 3 70129 0 44
884 69996 68 2 70129 65 133
586 70437 35 4 70472 0 35
785 70525 37 4 70562 0 37
303 70618 29 3 70647 0 29
988 70675 37 3 70712 0 37
999 71357 44 3 71401 0 44
613 71338 73 1 71455 44 117
58 71739 48 3 71787 0 48
351 71773 53 1 71840 14 67
641 72008 37 4 72045 0 37
547 72246 62 4 72308 0 62
678 72190 71 4 72323 62 133
873 72399 31 3 72430 0 31
165 72639 22 2 72661 0 22
957 72632 84 2 72738 22 106
791 73001 41 4 73042 0 41
828 73040 44 1 73086 2 46
572 73091 45 3 73136 0 45
619 72960 64 4 73154 130 194
150 73181 21 4 73202 0 21
688 73248 30 4 73278 0 30
998 73658 50 2 73708 0 50
539 73712 24 4 73736 0 24
900 74057 38 3 74095 0 38
256 74240 28 2 74268 0 28
327 74518 70 2 74588 0 70
13 74951 26 4 74977 0 26
316 74920 42 3 74988 26 68
55 75113 23 4 75136 0 23
643 75212 50 3 75262 0 50
221 75637 58 2 75695 0 58
727 75818 21 3 75839 0 21
443 75925 30 1 75955 0 30
830 76258 69 4 76327 0 69
802 76602 21 4 76623 0 21
430 77264 57 1 77321 0 57
113 77327 27 3 77354 0 27
127 77528 51 4 77579 0 51
161 77825 20 3 77845 0 20
896 78130 23 4 78153 0 23
268 78555 45 2 78600 0 45
967 78536 49 4 78630 45 94
148 78623 71 3 78701 7 78
344 78849 62 3 78911 0 62
887 78952 36 4 78988 0 36
831 79437 49 4 79486 0 49
535 79518 42 1 79560 0 42
667 79809 31 4 79840 0 31
52 80142 49 4 80191 0 49
176 80089 53 4 80191 49 102
177 80240 39 4 80279 0 39
942 80414 42 2 80456 0 42
649 80528 85 3 80613 0 85
923 81594 26 4 81620 0 26
917 81677 33 3 81710 0 33
808 81790 83 4 81873 0 83
240 82111 71 4 82182 0 71
196 82418 64 3 82482 0 64
172 82581 45 2 82626 0 45
470 82545 49 3 82639 45 94
532 82634 51 2 82690 5 56
93 82569 69 2 82759 121 190
508 82803 62 2 82865 0 62
634 83019 68 1 83087 0 68
784 83340 47 3 83387 0 47
635 83591 98 4 83689 0 98
546 83693 83 3 83776 0 83
525 83757 86 2 83862 19 105
91 84662 60 4 84722 0 60
716 85014 25 2 85039 0 25
32 85038 57 4 85096 1 58
902 84980 84 4 85146 82 166
801 85576 52 4 85628 0 52
496 85905 76 4 85981 0 76
815 86026 29 3 86055 0 29
625 86234 76 3 86310 0 76
605 86291 88 4 86398 19 107
175 86445 60 2 86505 0 60
945 86418 79 3 86557 60 139
585 87124 24 2 87148 0 24
481 87260 63 3 87323 0 63
941 87429 22 3 87451 0 22
171 89865 24 4 89889 0 24
907 90221 67 4 90288 0 67
39 90946 29 4 90975 0 29
92 90961 49 4 91024 14 63
566 91131 38 2 91169 0 38
204 91238 52 4 91290 0 52
446 93015 34 4 93049 0 34
858 94057 34 4 94091 0 34
332 94837 68 2 94905 0 68
26 95223 41 2 95264 0 41
922 95452 67 4 95519 0 67
223 96577 55 3 96632 0 55
891 97400 72 4 97472 0 72
