96396 1000 457 397
219 141 43 3 184 0 43
757 51 62 4 217 104 166
593 52 62 4 218 104 166
355 300 41 3 341 0 41
13 373 59 2 432 0 59
303 358 60 3 477 59 119
722 254 63 2 477 160 223
888 114 65 4 506 327 392
556 560 37 4 597 0 37
785 525 50 3 612 37 87
800 605 53 4 665 7 60
138 728 59 3 787 0 59
61 736 62 3 849 51 113
99 858 61 4 919 0 61
271 962 37 2 999 0 37
201 120 68 4 1001 813 881
803 414 68 4 1001 519 587
748 858 68 1 1069 143 211
77 1070 61 2 1131 0 61
965 1196 36 4 1232 0 36
856 1149 55 2 1240 36 91
127 1271 54 3 1325 0 54
94 1187 57 3 1351 107 164
849 1396 55 3 1451 0 55
232 1482 38 4 1520 0 38
479 1567 46 3 1613 0 46
496 1574 49 3 1662 39 88
975 1607 50 4 1712 55 105
97 1521 57 4 1723 145 202
364 1392 59 2 1746 295 354
759 1253 61 4 1766 452 513
407 1166 69 3 1835 600 669
567 1181 70 3 1905 654 724
598 1958 51 3 2009 0 51
259 2031 36 3 2067 0 36
985 1928 72 2 2087 87 159
710 24 76 4 2094 1994 2070
503 1703 79 4 2173 391 470
779 2176 70 3 2246 0 70
59 2321 52 4 2373 0 52
241 2260 68 2 2380 52 120
446 2411 46 3 2457 0 46
60 2462 49 4 2511 0 49
368 2521 41 4 2562 0 41
892 2553 44 4 2606 9 53
292 2503 67 3 2663 93 160
683 493 79 2 2689 2117 2196
992 2770 81 4 2851 0 81
932 495 84 3 2854 2275 2359
480 2871 59 4 2930 0 59
669 2974 52 2 3026 0 52
494 3015 72 2 3098 11 83
90 3164 64 3 3228 0 64
919 3327 32 2 3359 0 32
875 3269 61 4 3362 32 93
952 3143 71 3 3371 157 228
489 3383 65 4 3448 0 65
868 3485 55 4 3540 0 55
961 3531 70 4 3610 9 79
692 3640 56 3 3696 0 56
33 3688 57 3 3753 8 65
943 3765 55 4 3820 0 55
804 3488 72 3 3850 290 362
599 2997 75 4 3862 790 865
240 3278 75 4 3906 553 628
655 3917 62 2 3979 0 62
374 3959 67 1 4046 20 87
247 4095 43 4 4138 0 43
603 4063 62 4 4168 43 105
202 4135 65 3 4233 33 98
359 3391 76 4 4281 814 890
326 4302 71 4 4373 0 71
799 4394 57 1 4451 0 57
859 4490 59 4 4549 0 59
862 4382 67 3 4565 116 183
35 3579 76 3 4611 956 1032
183 4622 30 2 4652 0 30
507 4697 43 4 4740 0 43
890 4628 57 2 4752 67 124
776 4738 67 2 4819 14 81
354 4850 65 3 4915 0 65
251 4754 71 2 4955 130 201
239 4961 55 3 5016 0 55
808 5039 45 3 5084 0 45
81 4705 72 4 5127 350 422
69 5152 38 4 5190 0 38
901 5146 55 4 5239 38 93
306 5151 65 3 5304 88 153
404 5339 59 3 5398 0 59
902 5411 66 4 5477 0 66
385 5180 72 1 5501 249 321
189 5526 46 2 5572 0 46
850 5555 56 3 5628 17 73
361 5666 48 4 5714 0 48
482 5723 51 4 5774 0 51
700 5767 52 2 5826 7 59
563 5865 37 3 5902 0 37
783 5690 60 3 5914 164 224
1 5663 64 2 5975 248 312
227 6013 28 3 6041 0 28
910 6054 20 4 6074 0 20
739 6019 56 2 6117 42 98
694 5935 68 3 6147 144 212
244 6153 46 4 6199 0 46
431 6129 72 3 6265 64 136
821 5337 73 4 6278 868 941
744 6286 69 2 6355 0 69
235 5384 73 2 6420 963 1036
913 6445 68 2 6513 0 68
944 5852 74 4 6562 636 710
546 3800 77 4 6609 2732 2809
175 6615 52 4 6667 0 52
908 4910 77 3 6738 1751 1828
236 6762 61 4 6823 0 61
542 6206 78 4 6877 593 671
16 2908 78 3 6911 3925 4003
581 6946 35 1 6981 0 35
74 7031 38 3 7069 0 38
15 7009 60 4 7107 38 98
108 7118 51 4 7169 0 51
693 7114 52 4 7217 51 103
415 7227 56 3 7283 0 56
211 7137 57 4 7330 136 193
133 7325 57 2 7387 5 62
102 7412 52 2 7464 0 52
242 7493 61 3 7554 0 61
706 7310 63 2 7563 190 253
418 7640 47 3 7687 0 47
217 7620 61 4 7728 47 108
14 7235 64 3 7735 436 500
498 7780 28 4 7808 0 28
533 7864 30 3 7894 0 30
993 7837 54 2 7921 30 84
760 7761 63 4 7936 112 175
997 7907 66 4 8002 29 95
847 7440 66 1 8042 536 602
104 7861 67 1 8109 181 248
792 8166 30 4 8196 0 30
767 8172 44 4 8240 24 68
64 8234 62 2 8302 6 68
798 7493 68 4 8313 752 820
531 8388 40 4 8428 0 40
70 8441 43 3 8484 0 43
31 8453 46 3 8530 31 77
686 8574 33 4 8607 0 33
314 8577 34 4 8641 30 64
765 8600 56 1 8697 41 97
182 7432 69 3 8703 1202 1271
447 7743 69 3 8703 891 960
679 7665 70 4 8773 1038 1108
811 7342 72 4 8845 1431 1503
978 8875 69 4 8944 0 69
670 8955 58 3 9013 0 58
218 8945 60 4 9063 58 118
300 8512 73 2 9105 520 593
215 9132 40 2 9172 0 40
380 9135 56 2 9228 37 93
631 8847 75 3 9276 354 429
146 9301 52 4 9353 0 52
998 9359 77 1 9436 0 77
797 9441 59 3 9500 0 59
832 9518 62 3 9580 0 62
484 9586 58 2 9644 0 58
956 9539 63 4 9701 99 162
62 9746 55 2 9801 0 55
71 9808 53 3 9861 0 53
775 9875 34 3 9909 0 34
904 9834 57 2 9952 61 118
742 9771 58 2 10003 174 232
562 10083 29 2 10112 0 29
477 10083 54 1 10166 29 83
652 10059 59 4 10201 83 142
299 9877 65 3 10210 268 333
256 9718 67 3 10249 464 531
680 7023 78 2 10249 3148 3226
815 4668 79 4 10265 5518 5597
492 10386 29 4 10415 0 29
287 10362 43 2 10434 29 72
91 10307 62 2 10441 72 134
979 10473 58 4 10531 0 58
73 10444 60 4 10562 58 118
349 10646 41 4 10687 0 41
302 10693 49 3 10742 0 49
828 10646 54 3 10790 90 144
82 10625 55 4 10824 144 199
610 10715 55 2 10879 109 164
827 10798 65 1 10944 81 146
464 6758 79 2 10994 4157 4236
899 9322 79 2 10994 1593 1672
771 11048 42 4 11090 0 42
630 11091 59 2 11150 0 59
327 10999 77 2 11177 101 178
568 11297 41 2 11338 0 41
977 11442 52 4 11494 0 52
658 11408 62 3 11522 52 114
649 11373 71 4 11558 114 185
162 11596 60 3 11656 0 60
967 11576 65 4 11701 60 125
273 11728 58 3 11786 0 58
344 11787 42 3 11829 0 42
23 11704 58 1 11862 100 158
688 11752 73 3 11935 110 183
137 11913 77 3 12012 22 99
912 11432 77 1 12068 559 636
506 12094 46 3 12140 0 46
511 12075 57 4 12178 46 103
22 11269 79 2 12187 839 918
222 12271 43 4 12314 0 43
791 12388 35 4 12423 0 35
284 12325 67 3 12427 35 102
976 12253 68 2 12466 145 213
857 12521 42 3 12563 0 42
101 12578 40 4 12618 0 40
938 12489 54 4 12625 82 136
704 12591 67 1 12692 34 101
365 12782 52 2 12834 0 52
633 12737 58 2 12847 52 110
499 12417 70 1 12849 362 432
193 12850 36 2 12886 0 36
515 8545 80 3 12913 4288 4368
169 4628 80 3 12914 8206 8286
845 6314 80 3 12962 6568 6648
118 12990 44 3 13034 0 44
588 13096 48 4 13144 0 48
747 13056 52 3 13156 48 100
490 6106 81 4 13187 7000 7081
524 13206 53 1 13259 0 53
347 13239 74 4 13333 20 94
276 13400 48 2 13448 0 48
331 13440 51 3 13499 8 59
651 13477 61 3 13560 22 83
576 13566 54 3 13620 0 54
103 13253 75 3 13622 294 369
951 13651 40 2 13691 0 40
530 6427 81 2 13724 7216 7297
696 5958 83 3 13807 7766 7849
166 13851 46 3 13897 0 46
500 13827 47 1 13920 46 93
392 13811 53 3 13957 93 146
521 12093 84 3 14037 1860 1944
433 14049 59 2 14108 0 59
128 14160 54 3 14214 0 54
378 6810 84 2 14234 7340 7424
68 14239 59 2 14298 0 59
307 9637 84 1 14377 4656 4740
106 14380 35 3 14415 0 35
336 14460 33 2 14493 0 33
402 14406 52 3 14500 42 94
607 14553 48 4 14601 0 48
953 14476 53 3 14601 72 125
577 14703 72 3 14775 0 72
525 14646 73 4 14791 72 145
268 14823 56 4 14879 0 56
353 14572 81 2 14883 230 311
158 14886 59 2 14945 0 59
400 14932 65 1 15010 13 78
197 15110 49 4 15159 0 49
508 15161 55 2 15216 0 55
702 15080 60 4 15244 104 164
766 15088 66 2 15310 156 222
230 15348 52 4 15400 0 52
456 15436 40 3 15476 0 40
585 15529 59 4 15588 0 59
36 15590 55 3 15645 0 55
93 15284 73 3 15662 305 378
257 15300 73 3 15662 289 362
718 15701 71 1 15772 0 71
340 15366 73 2 15806 367 440
308 15043 79 4 15848 726 805
512 15887 44 4 15931 0 44
884 15965 40 3 16005 0 40
152 15956 43 4 16039 40 83
185 15863 56 2 16046 127 183
501 16155 52 4 16207 0 52
262 16130 65 1 16247 52 117
412 16078 67 3 16262 117 184
141 16193 70 4 16332 69 139
613 16377 35 4 16412 0 35
596 16344 39 2 16418 35 74
629 16386 51 4 16469 32 83
297 16356 58 3 16527 113 171
269 16539 32 4 16571 0 32
852 16420 62 3 16621 139 201
184 15944 70 3 16647 633 703
245 16598 71 4 16718 49 120
900 16176 74 4 16866 616 690
154 16646 74 4 16866 146 220
39 16872 50 1 16922 0 50
833 16871 73 1 16994 50 123
963 17038 59 1 17097 0 59
595 17124 32 3 17156 0 32
668 17210 56 3 17266 0 56
922 17187 57 3 17300 56 113
80 17116 57 2 17318 145 202
666 17203 64 1 17382 115 179
295 16135 74 2 17388 1179 1253
420 17457 53 3 17510 0 53
816 17570 43 3 17613 0 43
701 17640 31 1 17671 0 31
120 17656 42 2 17713 15 57
949 17548 50 4 17714 116 166
372 17593 51 3 17765 121 172
517 17550 56 3 17821 215 271
89 17749 61 4 17882 72 133
176 17892 51 4 17943 0 51
608 17448 62 3 17948 438 500
465 17551 63 2 18011 397 460
968 17805 75 3 18086 206 281
405 17309 75 2 18101 717 792
168 18117 32 4 18149 0 32
46 18178 41 4 18219 0 41
756 18174 42 3 18257 41 83
48 18192 50 4 18307 65 115
605 18161 55 4 18349 133 188
350 18290 73 4 18422 59 132
440 18433 58 4 18491 0 58
721 18534 42 1 18576 0 42
290 18555 62 1 18638 21 83
26 18378 74 4 18658 206 280
551 18732 20 4 18752 0 20
773 18191 75 2 18753 487 562
824 18865 49 3 18914 0 49
935 18904 50 4 18964 10 60
157 19001 43 4 19044 0 43
565 18867 54 3 19061 140 194
745 19062 55 3 19117 0 55
837 19078 57 2 19174 39 96
589 18931 62 3 19235 242 304
929 18871 68 3 19303 364 432
274 17315 76 3 19315 1924 2000
413 17539 76 3 19315 1700 1776
177 19403 34 3 19437 0 34
667 19383 50 2 19467 34 84
879 19384 62 1 19529 83 145
5 19401 66 2 19595 128 194
806 16552 77 4 19604 2975 3052
72 19615 56 4 19671 0 56
858 19687 56 4 19743 0 56
160 16895 79 2 19795 2821 2900
57 16213 80 4 19875 3582 3662
43 11805 85 4 19989 8099 8184
58 13560 85 4 19991 6346 6431
863 1349 87 4 20061 18625 18712
522 3362 87 3 20148 16699 16786
317 20219 59 3 20278 0 59
540 866 87 1 20294 19341 19428
872 20352 51 4 20403 0 51
457 20351 61 4 20463 51 112
644 20397 75 4 20538 66 141
583 20653 49 4 20702 0 49
398 15800 88 3 20706 4818 4906
566 4092 88 3 20706 16526 16614
246 20772 49 3 20821 0 49
224 20887 28 4 20915 0 28
238 20979 47 3 21026 0 47
130 20966 48 4 21061 47 95
486 20910 59 4 21069 100 159
190 20792 70 3 21073 211 281
575 20952 72 4 21145 121 193
441 13758 88 1 21167 7321 7409
678 21203 64 2 21267 0 64
592 4221 89 3 21320 17010 17099
332 21408 56 4 21464 0 56
399 21508 44 4 21552 0 44
705 21386 66 2 21552 100 166
729 15500 90 4 21576 5986 6076
362 21613 69 4 21682 0 69
996 21715 56 4 21771 0 56
195 21689 62 3 21807 56 118
754 921 90 2 21853 20842 20932
557 21860 59 3 21919 0 59
794 21883 70 2 21989 36 106
261 22022 86 2 22108 0 86
208 12765 91 4 22159 9303 9394
455 14840 93 4 22252 7319 7412
320 17793 93 3 22345 4459 4552
983 22356 54 3 22410 0 54
20 22354 73 2 22481 54 127
870 22536 38 3 22574 0 38
841 22475 88 1 22607 44 132
485 7016 93 2 22691 15582 15675
87 22781 46 4 22827 0 46
67 21220 94 2 22831 1517 1611
582 22884 56 4 22940 0 56
231 22966 39 3 23005 0 39
312 22862 74 4 23031 95 169
234 23040 56 3 23096 0 56
250 23079 66 3 23162 17 83
4 23202 53 2 23255 0 53
32 23256 50 4 23306 0 50
543 23193 57 3 23353 103 160
237 23369 54 3 23423 0 54
281 23430 38 1 23468 0 38
676 23478 20 4 23498 0 20
571 23539 41 4 23580 0 41
617 23515 50 3 23606 41 91
732 23556 57 3 23663 50 107
597 23367 58 4 23685 260 318
212 23700 23 3 23723 0 23
587 23335 60 4 23754 359 419
893 23717 60 3 23814 37 97
110 23530 61 4 23875 284 345
520 23911 50 3 23961 0 50
746 23997 45 4 24042 0 45
636 23927 52 4 24058 79 131
403 24004 57 3 24115 54 111
914 24136 42 4 24178 0 42
891 23787 61 2 24182 334 395
641 24347 43 3 24390 0 43
880 24313 44 3 24400 43 87
341 24268 52 4 24415 95 147
186 24313 52 4 24459 94 146
277 24239 57 3 24487 191 248
836 23221 62 4 24492 1209 1271
987 23520 62 1 24554 972 1034
650 24597 46 4 24643 0 46
982 24624 51 2 24694 19 70
19 23470 64 4 24715 1181 1245
474 24781 51 3 24832 0 51
305 24597 70 2 24836 169 239
475 24855 61 1 24916 0 61
131 23755 71 4 24968 1142 1213
111 25022 47 3 25069 0 47
225 24988 54 4 25089 47 101
313 25132 60 2 25192 0 60
772 25169 65 3 25257 23 88
689 24328 74 2 25268 866 940
920 25351 43 2 25394 0 43
736 25307 52 3 25402 43 95
377 25408 41 4 25449 0 41
151 23782 75 3 25479 1622 1697
370 25503 59 4 25562 0 59
460 24181 78 2 25616 1357 1435
45 23033 80 4 25658 2545 2625
640 25675 50 4 25725 0 50
782 23595 81 4 25789 2113 2194
363 23329 88 3 25877 2460 2548
280 17200 94 1 25938 8644 8738
98 25943 52 4 25995 0 52
831 26009 47 1 26056 0 47
390 26040 52 3 26108 16 68
358 26123 44 2 26167 0 44
964 26181 46 4 26227 0 46
100 26230 41 3 26271 0 41
463 26112 50 3 26293 131 181
382 26220 51 3 26344 73 124
156 26196 57 3 26401 148 205
454 26134 59 4 26460 267 326
3 25946 61 4 26503 496 557
554 26003 66 4 26569 500 566
395 26629 41 2 26670 0 41
422 26510 73 4 26683 100 173
781 26737 51 3 26788 0 51
528 26419 73 2 26807 315 388
393 26820 61 2 26881 0 61
564 26462 76 3 27020 482 558
346 26626 76 3 27020 318 394
784 26962 78 4 27098 58 136
789 27133 68 1 27201 0 68
883 27222 35 2 27257 0 35
348 27219 60 1 27314 35 95
129 26036 81 2 27342 1225 1306
435 27229 85 4 27427 113 198
476 27473 50 4 27523 0 50
855 27536 75 4 27611 0 75
916 15309 96 3 27643 12238 12334
386 27687 52 4 27739 0 52
733 27765 44 4 27809 0 44
267 27664 52 3 27812 96 148
986 27857 65 1 27922 0 65
321 27746 68 4 27945 131 199
578 21616 100 2 28024 6308 6408
472 28088 20 2 28108 0 20
876 28183 40 4 28223 0 40
123 28214 68 4 28291 9 77
659 28307 48 4 28355 0 48
258 28367 57 4 28424 0 57
950 28330 61 2 28473 82 143
282 28479 25 4 28504 0 25
709 28552 61 4 28613 0 61
342 28527 70 3 28658 61 131
478 28174 72 4 28676 430 502
66 28245 77 4 28753 431 508
770 28820 44 4 28864 0 44
423 28794 52 2 28890 44 96
905 28896 52 2 28948 0 52
221 28866 76 3 29018 76 152
989 29099 56 2 29155 0 56
416 29185 46 2 29231 0 46
449 29253 44 2 29297 0 44
122 29264 79 3 29376 33 112
96 29474 59 3 29533 0 59
493 29683 53 3 29736 0 53
526 29762 49 4 29811 0 49
698 29802 53 3 29864 9 62
351 29820 58 4 29922 44 102
737 29937 58 4 29995 0 58
634 29935 77 3 30096 84 161
802 30044 77 3 30147 26 103
54 30231 60 4 30291 0 60
301 30350 42 4 30392 0 42
115 30382 62 4 30454 10 72
205 30324 62 3 30490 104 166
751 30429 76 3 30566 61 137
149 30610 57 1 30667 0 57
194 30609 64 2 30730 57 121
642 30670 81 3 30811 60 141
143 30874 51 2 30925 0 51
725 30219 100 3 30929 610 710
819 30340 100 3 30974 534 634
778 31016 45 2 31061 0 45
934 30994 69 4 31108 45 114
930 31164 63 4 31227 0 63
381 31114 70 4 31247 63 133
915 31266 65 3 31331 0 65
24 31336 34 4 31370 0 34
812 30975 71 4 31392 346 417
749 31246 82 2 31474 146 228
728 31265 91 4 31565 209 300
909 31568 44 3 31612 0 44
664 31571 73 3 31685 41 114
990 31707 91 4 31798 0 91
602 31882 56 2 31938 0 56
948 31843 72 3 31971 56 128
580 31991 30 2 32021 0 30
712 32119 32 2 32151 0 32
844 32207 39 4 32246 0 39
675 32270 71 2 32341 0 71
939 32430 26 1 32456 0 26
871 32411 47 3 32484 26 73
818 32474 49 4 32533 10 59
448 32573 44 3 32617 0 44
570 32447 49 3 32626 130 179
657 32427 77 3 32703 199 276
854 32303 77 1 32710 330 407
647 32736 52 4 32788 0 52
717 32823 59 1 32882 0 59
144 32674 78 3 32899 147 225
388 33154 60 3 33214 0 60
646 33278 43 3 33321 0 43
495 33284 44 3 33365 37 81
394 33228 55 1 33370 87 142
419 33391 62 1 33453 0 62
988 33478 60 2 33538 0 60
55 33429 64 2 33577 84 148
877 33482 67 3 33644 95 162
147 33691 55 4 33746 0 55
88 33886 49 4 33935 0 49
425 33895 68 3 34003 40 108
731 34100 26 4 34126 0 26
467 34065 45 4 34136 26 71
278 34062 72 4 34205 71 143
461 34272 56 2 34328 0 56
973 34124 73 2 34334 137 210
411 34195 76 4 34410 139 215
621 34265 76 3 34486 145 221
984 34368 78 1 34564 118 196
609 34567 62 4 34629 0 62
936 34659 47 4 34706 0 47
639 34643 59 1 34749 47 106
44 34818 70 4 34888 0 70
140 34621 96 3 34901 184 280
822 35116 49 4 35165 0 49
601 35107 52 3 35208 49 101
969 35162 53 4 35261 46 99
453 35056 61 3 35271 154 215
505 35279 43 1 35322 0 43
628 35384 43 3 35427 0 43
622 35323 69 4 35435 43 112
671 35456 58 2 35514 0 58
790 35500 60 3 35574 14 74
213 35596 34 4 35630 0 34
473 35554 62 4 35670 54 116
150 35699 25 3 35724 0 25
470 35234 71 4 35736 431 502
645 35011 73 3 35764 680 753
379 35437 74 4 35838 327 401
549 35868 23 4 35891 0 23
623 35928 31 2 35959 0 31
572 35447 79 2 35971 445 524
866 35978 73 3 36051 0 73
604 35448 89 1 36133 596 685
896 36167 40 3 36207 0 40
672 36236 44 1 36280 0 44
509 36273 59 3 36339 7 66
626 36294 71 2 36410 45 116
260 36523 27 3 36550 0 27
878 35439 90 3 36553 1024 1114
889 36094 90 3 36554 370 460
544 36628 71 4 36699 0 71
75 36705 55 2 36760 0 55
206 36732 57 4 36817 28 85
573 36886 28 4 36914 0 28
518 36876 70 4 36974 28 98
843 36779 70 2 36985 136 206
714 37090 60 1 37150 0 60
663 37231 43 4 37274 0 43
648 37260 44 2 37318 14 58
333 37222 58 4 37367 87 145
163 37367 58 3 37425 0 58
921 37434 45 2 37479 0 45
660 37481 20 3 37501 0 20
199 37537 57 1 37594 0 57
148 37473 59 4 37615 83 142
270 37439 61 4 37676 176 237
931 37217 68 4 37730 445 513
18 37751 49 3 37800 0 49
375 37351 69 1 37848 428 497
894 37879 54 3 37933 0 54
591 37894 59 3 37992 39 98
113 38011 45 4 38056 0 45
713 38151 43 4 38194 0 43
853 38107 44 4 38194 43 87
136 38072 49 3 38208 87 136
192 37912 59 1 38232 261 320
970 38128 63 4 38295 104 167
298 38258 69 4 38364 37 106
529 37574 72 4 38405 759 831
471 38405 75 4 38480 0 75
252 38043 81 4 38561 437 518
279 38612 59 1 38671 0 59
316 38675 30 2 38705 0 30
584 38035 83 2 38733 615 698
124 37475 86 3 38819 1258 1344
882 38891 47 3 38938 0 47
65 38049 89 3 38955 817 906
126 39184 65 3 39249 0 65
730 39134 75 4 39274 65 140
85 39491 49 4 39540 0 49
643 39622 45 3 39667 0 45
842 39583 49 2 39677 45 94
918 39651 53 3 39730 26 79
191 39550 58 1 39755 147 205
409 39771 46 4 39817 0 46
814 39819 37 3 39856 0 37
947 39819 39 3 39895 37 76
851 39897 55 2 39952 0 55
139 39927 62 4 40014 25 87
959 39456 69 1 40018 493 562
339 40080 72 4 40152 0 72
682 39846 83 3 40173 244 327
615 40182 56 3 40238 0 56
865 40227 74 3 40312 11 85
727 40361 63 2 40424 0 63
243 40209 75 2 40450 166 241
401 39936 87 3 40528 505 592
203 40534 49 4 40583 0 49
95 40639 61 4 40700 0 61
945 40544 63 1 40707 100 163
272 40547 75 4 40782 160 235
962 40822 69 3 40891 0 69
743 39864 100 3 40945 981 1081
439 41026 44 1 41070 0 44
112 41025 51 4 41120 44 95
552 41162 55 4 41217 0 55
427 41227 67 4 41294 0 67
414 41353 54 4 41407 0 54
188 41388 62 4 41469 19 81
255 41271 74 2 41484 139 213
697 41506 69 1 41575 0 69
719 41017 83 4 41576 476 559
838 41734 58 2 41792 0 58
788 41787 88 4 41880 5 93
614 42052 57 4 42109 0 57
458 42186 61 1 42247 0 61
159 42406 93 4 42499 0 93
6 42596 38 1 42634 0 38
840 42553 47 4 42638 38 85
547 42605 57 1 42695 33 90
430 42758 51 4 42809 0 51
928 42588 67 1 42813 158 225
360 43113 48 3 43161 0 48
758 43240 68 3 43308 0 68
813 43364 64 4 43428 0 64
579 43581 84 3 43665 0 84
826 43701 39 4 43740 0 39
809 43667 49 2 43755 39 88
310 43688 69 1 43824 67 136
777 43842 76 2 43918 0 76
825 43999 76 4 44075 0 76
421 44156 61 4 44217 0 61
618 44202 65 3 44282 15 80
923 44376 81 4 44457 0 81
548 44574 76 3 44650 0 76
995 44636 98 1 44748 14 112
874 44756 48 4 44804 0 48
164 44940 47 4 44987 0 47
226 45066 41 4 45107 0 41
264 45147 61 3 45208 0 61
860 45267 69 4 45336 0 69
600 45360 29 4 45389 0 29
958 45407 20 4 45427 0 20
38 45396 39 4 45455 20 59
752 45467 61 4 45528 0 61
653 45641 63 4 45704 0 63
514 45622 86 4 45771 63 149
933 45972 51 2 46023 0 51
954 45970 56 4 46077 51 107
795 46040 75 4 46152 37 112
864 46292 49 4 46341 0 49
322 46390 73 4 46463 0 73
319 46528 66 4 46594 0 66
681 46867 61 2 46928 0 61
510 46943 64 4 47007 0 64
715 47088 34 4 47122 0 34
170 47075 56 2 47165 34 90
204 47078 75 4 47240 87 162
254 47279 64 3 47343 0 64
220 47389 52 1 47441 0 52
444 47470 73 1 47543 0 73
699 47325 85 1 47553 143 228
174 47029 87 2 47555 439 526
121 47749 58 4 47807 0 58
764 47923 45 3 47968 0 45
249 47923 55 3 48023 45 100
895 47867 57 4 48024 100 157
200 47769 68 4 48032 195 263
76 47722 71 4 48076 283 354
708 48169 57 1 48226 0 57
438 48261 40 2 48301 0 40
974 48241 74 4 48355 40 114
586 48235 74 2 48423 114 188
275 48495 70 3 48565 0 70
228 48473 79 2 48622 70 149
329 48168 82 2 48644 394 476
293 47757 100 1 48652 795 895
569 48674 61 4 48735 0 61
561 48721 73 2 48808 14 87
665 48873 44 2 48917 0 44
328 48821 62 4 48927 44 106
926 48954 61 2 49015 0 61
538 49076 65 3 49141 0 65
941 49193 53 4 49246 0 53
537 49215 60 2 49306 31 91
28 49591 46 4 49637 0 46
753 49754 54 4 49808 0 54
288 49866 50 2 49916 0 50
624 49840 54 4 49944 50 104
30 49790 77 1 49989 122 199
481 49882 89 4 50078 107 196
383 50103 44 2 50147 0 44
135 50190 37 4 50227 0 37
691 50213 59 4 50286 14 73
906 50324 61 3 50385 0 61
523 50306 67 3 50434 61 128
266 50239 75 3 50489 175 250
179 50493 59 2 50552 0 59
335 50569 37 3 50606 0 37
180 50567 42 3 50646 37 79
834 50599 67 4 50713 47 114
940 50760 51 1 50811 0 51
535 50174 90 1 50819 555 645
966 50846 55 3 50901 0 55
437 50546 92 2 50966 328 420
555 51077 70 2 51147 0 70
687 51151 86 3 51237 0 86
21 51777 46 2 51823 0 46
37 51878 43 4 51921 0 43
846 51869 56 3 51968 43 99
674 52227 20 3 52247 0 20
2 52183 55 3 52258 20 75
47 52297 43 4 52340 0 43
132 52296 57 2 52396 43 100
334 52300 62 3 52458 96 158
590 52228 75 3 52495 192 267
389 52241 80 3 52575 254 334
550 52859 30 4 52889 0 30
165 52850 76 4 52956 30 106
594 52957 56 3 53013 0 56
356 53107 71 2 53178 0 71
673 53099 80 4 53250 71 151
207 52869 100 3 53263 294 394
999 53353 80 4 53433 0 80
167 53673 73 1 53746 0 73
957 53873 63 4 53936 0 63
541 53930 81 4 54017 6 87
367 54180 25 3 54205 0 25
616 54175 57 2 54257 25 82
296 54343 56 1 54399 0 56
369 54461 20 3 54481 0 20
539 54530 57 3 54587 0 57
925 54460 66 2 54603 77 143
7 54662 38 2 54700 0 38
635 54704 44 3 54748 0 44
907 54656 69 4 54807 82 151
502 54824 48 3 54872 0 48
50 54438 93 4 54873 342 435
198 54941 48 3 54989 0 48
424 55110 60 2 55170 0 60
483 55130 81 2 55251 40 121
285 55948 70 2 56018 0 70
352 56161 61 4 56222 0 61
286 56243 66 4 56309 0 66
823 56334 70 4 56404 0 70
119 56506 39 4 56545 0 39
10 56505 56 1 56600 39 95
223 56533 88 4 56688 67 155
632 56800 53 4 56853 0 53
434 56877 51 4 56928 0 51
469 56870 54 1 56975 51 105
27 56761 58 4 56977 158 216
545 56922 74 4 57051 55 129
991 57474 60 4 57534 0 60
294 57402 94 3 57556 60 154
707 57808 83 4 57891 0 83
291 57815 90 4 57981 76 166
384 58444 46 4 58490 0 46
513 58434 52 4 58532 46 98
442 58860 48 2 58908 0 48
516 58918 47 4 58965 0 47
173 58919 54 4 59019 46 100
625 59075 37 4 59112 0 37
532 59093 53 4 59165 19 72
955 59666 66 2 59732 0 66
619 59825 50 2 59875 0 50
84 59904 44 4 59948 0 44
376 59899 48 4 59991 44 92
716 60002 60 4 60062 0 60
606 59805 63 1 60070 202 265
763 59779 65 4 60109 265 330
637 60113 39 4 60152 0 39
620 60400 34 4 60434 0 34
79 60370 49 2 60453 34 83
52 60383 55 3 60508 70 125
417 60318 68 3 60524 138 206
161 60412 83 3 60607 112 195
17 60265 86 4 60640 289 375
740 60675 46 2 60721 0 46
560 60606 90 4 60776 80 170
142 60779 67 2 60846 0 67
410 61174 62 1 61236 0 62
155 61439 64 2 61503 0 64
462 61563 43 3 61606 0 43
491 61546 53 2 61642 43 96
980 61649 52 4 61701 0 52
92 61709 47 4 61756 0 47
387 61521 54 4 61770 195 249
196 61626 64 3 61834 144 208
519 62029 35 2 62064 0 35
735 62092 40 4 62132 0 40
366 62073 68 4 62181 40 108
330 61975 81 4 62199 143 224
684 62205 68 4 62273 0 68
309 62202 71 3 62341 68 139
343 61929 84 4 62376 363 447
810 62603 45 4 62648 0 45
536 62771 64 3 62835 0 64
116 62888 35 3 62923 0 35
611 62844 61 2 62940 35 96
801 63006 64 4 63070 0 64
304 62949 67 3 63080 64 131
946 63114 33 1 63147 0 33
134 63155 65 3 63220 0 65
807 63291 54 3 63345 0 54
786 63353 37 2 63390 0 37
233 63363 54 3 63444 27 81
432 62905 71 4 63455 479 550
994 62941 71 4 63456 444 515
178 63121 71 3 63527 335 406
787 63865 45 4 63910 0 45
248 63808 65 4 63918 45 110
8 63909 71 2 63989 9 80
171 64225 61 2 64286 0 61
40 64581 58 4 64639 0 58
755 64649 71 3 64720 0 71
885 65206 43 4 65249 0 43
29 65523 50 3 65573 0 50
654 65677 28 2 65705 0 28
450 65794 52 4 65846 0 52
172 65879 56 1 65935 0 56
9 65893 63 2 65998 42 105
397 65936 65 4 66063 62 127
445 66247 71 4 66318 0 71
898 66393 68 3 66461 0 68
452 66632 43 1 66675 0 43
153 66596 52 2 66691 43 95
897 66722 39 4 66761 0 39
937 66645 86 4 66816 85 171
695 66920 20 4 66940 0 20
769 66902 72 2 66994 20 92
488 67019 75 1 67162 68 143
283 67026 75 1 67169 68 143
504 67498 67 4 67565 0 67
942 67667 44 1 67711 0 44
848 67649 58 4 67751 44 102
51 67936 65 4 68001 0 65
886 68006 48 2 68054 0 48
429 68035 60 4 68114 19 79
724 68117 36 2 68153 0 36
325 68134 52 2 68205 19 71
459 68208 43 3 68251 0 43
117 68103 64 3 68309 142 206
337 68398 71 4 68496 27 98
229 68442 71 4 68540 27 98
34 68558 39 3 68597 0 39
1000 68740 77 1 68817 0 77
443 69050 57 4 69107 0 57
867 69238 52 4 69290 0 52
830 69319 44 4 69363 0 44
214 69372 39 2 69411 0 39
209 69438 56 1 69494 0 56
911 69316 66 2 69521 139 205
887 69552 51 2 69603 0 51
805 69589 65 4 69668 14 79
558 69599 84 3 69752 69 153
796 69769 69 2 69838 0 69
406 70363 58 2 70421 0 58
553 70784 54 4 70838 0 54
720 71011 71 3 71082 0 71
63 71087 54 3 71141 0 54
574 71157 20 4 71177 0 20
497 71167 50 4 71227 10 60
187 71373 65 4 71438 0 65
25 71753 57 4 71810 0 57
315 71788 68 2 71878 22 90
981 72156 38 4 72194 0 38
881 72635 56 3 72691 0 56
49 72991 72 3 73063 0 72
662 73371 55 2 73426 0 55
468 73473 43 1 73516 0 43
125 73511 53 3 73569 5 58
345 73711 54 1 73765 0 54
972 73967 79 4 74046 0 79
534 74063 61 4 74124 0 61
487 74130 65 4 74195 0 65
960 74286 76 4 74362 0 76
917 74543 65 2 74608 0 65
869 74865 60 1 74925 0 60
408 75072 53 2 75125 0 53
428 75072 61 4 75186 53 114
145 75058 65 3 75288 165 230
734 75097 65 3 75302 140 205
466 75086 92 4 75394 216 308
357 75534 49 2 75583 0 49
373 75543 57 3 75640 40 97
436 75820 78 1 75898 0 78
677 75919 59 4 75978 0 59
768 75973 59 2 76037 5 64
761 76090 39 2 76129 0 39
265 75942 82 2 76158 134 216
289 76476 45 4 76521 0 45
627 76703 55 1 76758 0 55
971 76738 90 2 76848 20 110
762 76850 51 4 76901 0 51
86 77190 41 3 77231 0 41
873 77533 81 2 77614 0 81
661 77597 95 4 77709 17 112
181 78076 49 2 78125 0 49
726 78148 89 4 78237 0 89
559 78175 92 4 78329 62 154
817 78350 75 3 78425 0 75
114 78410 83 2 78508 15 98
109 78594 38 4 78632 0 38
396 78524 74 3 78636 38 112
750 78995 56 4 79051 0 56
780 79182 69 2 79251 0 69
612 79511 58 1 79569 0 58
263 79886 69 3 79955 0 69
793 80062 73 4 80135 0 73
738 80195 58 4 80253 0 58
78 80560 84 3 80644 0 84
924 80869 99 3 80968 0 99
11 80975 43 3 81018 0 43
318 81027 59 3 81086 0 59
53 81326 55 4 81381 0 55
861 81545 71 3 81616 0 71
391 81938 71 4 82009 0 71
311 81876 71 2 82018 71 142
451 82516 40 3 82556 0 40
839 82496 58 4 82594 40 98
338 83331 72 4 83403 0 72
324 83816 59 1 83875 0 59
426 83793 84 4 83936 59 143
323 84028 65 3 84093 0 65
820 84131 44 4 84175 0 44
42 84249 50 4 84299 0 50
210 84362 62 4 84424 0 62
371 84518 27 1 84545 0 27
723 84633 59 3 84692 0 59
690 85111 54 4 85165 0 54
903 85169 66 4 85235 0 66
105 85547 75 3 85622 0 75
741 85880 87 2 85967 0 87
638 86303 58 4 86361 0 58
656 86915 54 4 86969 0 54
835 86955 73 3 87042 14 87
527 87351 58 2 87409 0 58
685 87933 79 3 88012 0 79
56 88120 66 1 88186 0 66
774 88786 60 3 88846 0 60
927 89116 54 4 89170 0 54
711 90498 73 3 90571 0 73
703 91461 50 1 91511 0 50
253 91823 74 4 91897 0 74
41 92267 82 3 92349 0 82
829 93306 61 2 93367 0 61
83 93644 57 3 93701 0 57
216 94867 48 4 94915 0 48
107 95852 62 2 95914 0 62
12 96339 57 3 96396 0 57
