95516 1000 3718 3645
714 3 64 4 67 0 64
600 21 93 2 160 46 139
716 24 94 4 254 136 230
169 230 57 4 311 24 81
198 298 44 1 355 13 57
712 274 63 4 418 81 144
256 215 87 2 505 203 290
632 482 83 2 588 23 106
319 289 90 1 678 299 389
536 646 62 2 740 32 94
945 653 82 2 822 87 169
660 804 72 4 894 18 90
11 833 56 2 950 61 117
243 860 62 4 1012 90 152
725 1001 93 3 1105 11 104
138 1103 55 4 1160 2 57
113 1040 69 4 1229 120 189
591 1224 48 1 1277 5 53
249 1239 45 4 1322 38 83
902 1196 64 4 1386 126 190
604 1364 72 3 1458 22 94
470 1440 60 4 1518 18 78
558 1489 44 4 1562 29 73
144 1540 54 4 1616 22 76
361 1388 91 4 1707 228 319
537 1644 65 3 1772 63 128
452 483 95 3 1867 1289 1384
89 1863 38 1 1905 4 42
78 1902 56 3 1961 3 59
562 1912 53 4 2014 49 102
609 1860 60 2 2074 154 214
404 1946 68 4 2142 128 196
429 2100 52 1 2194 42 94
100 2172 61 4 2255 22 83
871 2083 84 3 2339 172 256
81 2274 81 2 2420 65 146
974 2362 66 2 2486 58 124
161 2392 72 2 2558 94 166
291 2514 66 4 2624 44 110
890 2502 69 3 2693 122 191
451 2650 64 4 2757 43 107
897 2671 67 2 2824 86 153
296 2376 76 2 2900 448 524
479 2370 81 2 2981 530 611
28 2359 85 3 3066 622 707
867 3055 75 4 3141 11 86
729 2364 86 4 3227 777 863
422 3157 53 2 3280 70 123
47 3276 67 4 3347 4 71
179 3302 58 2 3405 45 103
813 2837 86 4 3491 568 654
299 3455 70 3 3561 36 106
104 3132 87 4 3648 429 516
680 3611 54 3 3702 37 91
166 2491 87 3 3789 1211 1298
312 3724 40 4 3829 65 105
949 3707 43 2 3872 122 165
776 3861 58 4 3930 11 69
706 3904 59 2 3989 26 85
490 3736 73 4 4062 253 326
676 4016 55 2 4117 46 101
216 4063 86 4 4203 54 140
918 4174 60 4 4263 29 89
710 4209 58 4 4321 54 112
363 4197 76 3 4397 124 200
106 4329 68 2 4465 68 136
541 4418 49 4 4514 47 96
654 4478 69 4 4583 36 105
2 4581 52 1 4635 2 54
32 4618 61 3 4696 17 78
789 4652 66 2 4762 44 110
496 4607 81 2 4843 155 236
869 4359 83 4 4926 484 567
369 2921 87 1 5013 2005 2092
51 4976 76 3 5089 37 113
602 3839 89 2 5178 1250 1339
53 4662 90 2 5268 516 606
331 5267 59 3 5327 1 60
814 5259 83 4 5410 68 151
866 5372 84 2 5494 38 122
133 5226 88 4 5582 268 356
21 5532 47 4 5629 50 97
18 5552 78 4 5707 77 155
750 5694 65 4 5772 13 78
192 5193 88 2 5860 579 667
500 5851 50 4 5910 9 59
677 5812 88 2 5998 98 186
702 5965 42 2 6040 33 75
374 5267 89 3 6129 773 862
817 6080 56 3 6185 49 105
101 6115 60 4 6245 70 130
983 6204 27 4 6272 41 68
178 6256 65 2 6337 16 81
958 6113 66 3 6403 224 290
544 6046 73 3 6476 357 430
534 6133 80 1 6556 343 423
735 6529 51 1 6607 27 78
325 6588 38 1 6645 19 57
512 6642 72 4 6717 3 75
555 6349 83 4 6800 368 451
376 6780 61 2 6861 20 81
467 6814 56 2 6917 47 103
247 6835 63 2 6980 82 145
124 6943 41 4 7021 37 78
267 6928 59 4 7080 93 152
824 7059 54 3 7134 21 75
117 6852 74 2 7208 282 356
389 6919 77 2 7285 289 366
164 6795 80 4 7365 490 570
539 7306 66 4 7431 59 125
148 7328 66 4 7497 103 169
354 7469 47 2 7544 28 75
373 7511 57 1 7601 33 90
724 7139 85 3 7686 462 547
809 7602 33 4 7719 84 117
723 7687 64 4 7783 32 96
300 7616 68 4 7851 167 235
488 7640 72 4 7923 211 283
406 7877 48 1 7971 46 94
344 7928 39 3 8010 43 82
527 7882 85 2 8095 128 213
943 8090 22 3 8117 5 27
638 6432 86 3 8203 1685 1771
757 6119 86 1 8289 2084 2170
610 8251 49 3 8338 38 87
625 7829 87 4 8425 509 596
252 8356 69 4 8494 69 138
227 6463 88 1 8582 2031 2119
693 8561 65 4 8647 21 86
554 8609 56 2 8703 38 94
648 7028 89 4 8792 1675 1764
734 8768 51 4 8843 24 75
504 6908 89 2 8932 1935 2024
242 8859 78 4 9010 73 151
577 8993 64 4 9074 17 81
52 8591 89 1 9163 483 572
253 8698 90 4 9253 465 555
275 9214 72 4 9325 39 111
599 9268 51 1 9376 57 108
896 9345 64 4 9440 31 95
446 9312 75 2 9515 128 203
305 9167 85 3 9600 348 433
707 9587 51 2 9651 13 64
731 7792 90 3 9741 1859 1949
23 9735 69 4 9810 6 75
967 9806 62 4 9872 4 66
717 9854 62 4 9934 18 80
342 9932 45 4 9979 2 47
997 9942 56 4 10035 37 93
375 10020 31 4 10066 15 46
970 9980 32 4 10098 86 118
667 10039 32 4 10130 59 91
91 10111 35 2 10165 19 54
780 10018 62 2 10227 147 209
431 10210 60 3 10287 17 77
517 9682 78 3 10365 605 683
221 10213 78 3 10443 152 230
136 10419 61 4 10504 24 85
908 10454 52 3 10556 50 102
518 10469 74 2 10630 87 161
379 9937 83 2 10713 693 776
637 10445 90 2 10803 268 358
849 10715 38 1 10841 88 126
84 10748 45 4 10886 93 138
75 10881 55 4 10941 5 60
617 10835 63 2 11004 106 169
832 10990 84 4 11088 14 98
959 11077 80 1 11168 11 91
127 10960 84 3 11252 208 292
650 11237 88 2 11340 15 103
719 11302 38 2 11378 38 76
262 11267 85 4 11463 111 196
652 11436 42 2 11505 27 69
557 11457 67 4 11572 48 115
492 11401 70 3 11642 171 241
939 11641 69 4 11711 1 70
204 11650 80 3 11791 61 141
808 11458 86 2 11877 333 419
659 11838 57 4 11934 39 96
463 11911 31 4 11965 23 54
571 11901 82 4 12047 64 146
700 11582 86 1 12133 465 551
270 12093 80 4 12213 40 120
746 12173 45 4 12258 40 85
134 12181 52 2 12310 77 129
266 12144 80 3 12390 166 246
948 11295 88 3 12478 1095 1183
888 12433 64 4 12542 45 109
176 12431 67 4 12609 111 178
606 12524 75 4 12684 85 160
217 12615 60 1 12744 69 129
403 10891 89 4 12833 1853 1942
223 12819 32 1 12865 14 46
367 12808 62 4 12927 57 119
31 12790 88 2 13015 137 225
607 11904 89 4 13104 1111 1200
506 13074 71 3 13175 30 101
448 13155 49 2 13224 20 69
397 12176 90 4 13314 1048 1138
167 11326 90 4 13404 1988 2078
392 13359 56 2 13460 45 101
469 13356 71 3 13531 104 175
842 13337 71 2 13602 194 265
348 13462 71 2 13673 140 211
396 13514 74 4 13747 159 233
805 13702 48 3 13795 45 93
925 13726 85 4 13880 69 154
718 13833 81 4 13961 47 128
927 9808 90 2 14051 4153 4243
57 9941 90 2 14141 4110 4200
994 1935 91 4 14232 12206 12297
10 4148 91 3 14323 10084 10175
560 14305 51 4 14374 18 69
233 3292 91 3 14465 11082 11173
833 14381 44 4 14509 84 128
154 13606 91 3 14600 903 994
815 14547 46 3 14646 53 99
193 14570 84 1 14730 76 160
618 14729 84 4 14814 1 85
209 12632 91 2 14905 2182 2273
350 14828 51 3 14956 77 128
647 5090 91 1 15047 9866 9957
774 15011 84 4 15131 36 120
531 13363 92 4 15223 1768 1860
705 15175 88 2 15311 48 136
739 2396 92 4 15403 12915 13007
713 10261 92 4 15495 5142 5234
416 15434 82 2 15577 61 143
698 15538 81 3 15658 39 120
993 15520 87 3 15745 138 225
260 15676 47 4 15792 69 116
848 15778 45 4 15837 14 59
678 15807 69 4 15906 30 99
771 10759 92 4 15998 5147 5239
203 15988 49 2 16047 10 59
764 15991 71 3 16118 56 127
468 16052 55 3 16173 66 121
877 16092 91 3 16264 81 172
561 16235 72 4 16336 29 101
311 16213 73 4 16409 123 196
48 16342 71 2 16480 67 138
175 16214 82 4 16562 266 348
671 16504 40 4 16602 58 98
17 16522 59 3 16661 80 139
810 16200 91 3 16752 461 552
334 16692 62 4 16814 60 122
595 16701 80 4 16894 113 193
950 16827 77 2 16971 67 144
261 16957 34 4 17005 14 48
478 13546 92 4 17097 3459 3551
387 17035 83 2 17180 62 145
786 17098 75 3 17255 82 157
851 10963 92 3 17347 6292 6384
107 17040 92 3 17439 307 399
864 4147 92 2 17531 13292 13384
580 6900 92 1 17623 10631 10723
36 17556 51 4 17674 67 118
196 17647 45 3 17719 27 72
542 17692 30 2 17749 27 57
807 17622 58 3 17807 127 185
60 17649 60 4 17867 158 218
529 17757 79 4 17946 110 189
540 17835 81 3 18027 111 192
351 18016 80 4 18107 11 91
695 18092 68 4 18175 15 83
366 13422 93 4 18268 4753 4846
473 18213 82 2 18350 55 137
405 18337 44 3 18394 13 57
80 17171 93 4 18487 1223 1316
49 18400 60 3 18547 87 147
928 18434 73 3 18620 113 186
954 18600 38 2 18658 20 58
15 18632 48 2 18706 26 74
442 18705 58 3 18764 1 59
565 18753 48 2 18812 11 59
241 18665 59 4 18871 147 206
835 18728 61 2 18932 143 204
453 18628 64 4 18996 304 368
165 18741 81 1 19077 255 336
1000 19025 28 3 19105 52 80
944 19050 38 4 19143 55 93
93 19108 51 4 19194 35 86
792 19075 60 1 19254 119 179
986 19076 77 3 19331 178 255
332 19272 71 3 19402 59 130
6 19380 70 2 19472 22 92
673 19431 67 3 19539 41 108
55 19444 78 1 19617 95 173
694 19541 75 2 19692 76 151
94 19644 50 4 19742 48 98
526 19679 50 2 19792 63 113
579 19790 37 1 19829 2 39
855 19824 81 3 19910 5 86
245 18585 85 2 19995 1325 1410
278 19320 85 2 20080 675 760
412 20076 47 4 20127 4 51
73 20011 60 3 20187 116 176
930 20169 62 4 20249 18 80
681 20240 41 4 20290 9 50
159 20130 68 4 20358 160 228
624 20280 73 4 20431 78 151
873 20331 77 4 20508 100 177
923 20503 41 4 20549 5 46
675 20439 67 3 20616 110 177
998 20182 82 3 20698 434 516
475 20624 69 4 20767 74 143
24 20204 84 2 20851 563 647
581 20829 66 3 20917 22 88
895 20879 52 3 20969 38 90
688 18869 87 3 21056 2100 2187
457 21031 77 1 21133 25 102
456 21065 79 4 21212 68 147
821 21201 74 2 21286 11 85
45 21286 47 1 21333 0 47
321 21257 80 4 21413 76 156
314 21345 72 3 21485 68 140
778 21419 50 2 21535 66 116
874 20995 80 1 21615 540 620
937 21180 85 4 21700 435 520
743 21684 71 3 21771 16 87
674 21723 63 2 21834 48 111
343 21799 67 3 21901 35 102
289 21024 86 3 21987 877 963
34 21905 57 2 22044 82 139
214 21485 89 1 22133 559 648
886 22067 70 2 22203 66 136
829 22090 78 4 22281 113 191
804 22169 78 4 22359 112 190
66 18472 90 4 22449 3887 3977
115 22446 89 3 22538 3 92
265 22526 79 4 22617 12 91
79 21446 90 3 22707 1171 1261
491 2448 93 4 22800 20259 20352
194 22740 61 1 22861 60 121
528 22854 73 3 22934 7 80
951 22902 54 3 22988 32 86
655 22790 90 4 23078 198 288
501 23046 91 3 23169 32 123
803 23076 92 3 23261 93 185
966 23215 60 4 23321 46 106
801 23291 79 4 23400 30 109
696 23396 55 2 23455 4 59
741 23311 86 4 23541 144 230
666 23523 33 3 23574 18 51
720 23544 44 4 23618 30 74
323 23606 45 2 23663 12 57
522 23476 70 4 23733 187 257
568 23690 59 4 23792 43 102
33 23701 78 3 23870 91 169
358 23852 74 2 23944 18 92
940 23697 83 1 24027 247 330
72 24008 81 3 24108 19 100
59 24108 52 3 24160 0 52
302 24102 61 2 24221 58 119
975 24058 66 4 24287 163 229
523 24243 75 3 24362 44 119
878 24299 62 3 24424 63 125
9 24381 65 4 24489 43 108
588 23936 88 4 24577 553 641
682 23459 90 3 24667 1118 1208
620 24665 56 3 24723 2 58
493 24690 72 3 24795 33 105
182 24747 69 1 24864 48 117
340 24842 45 4 24909 22 67
77 24653 79 1 24988 256 335
225 24801 85 2 25073 187 272
454 24735 87 3 25160 338 425
509 24683 89 4 25249 477 566
643 23680 90 2 25339 1569 1659
128 25327 76 4 25415 12 88
173 25365 32 4 25447 50 82
853 25171 91 3 25538 276 367
330 25500 64 1 25602 38 102
846 23516 92 4 25694 2086 2178
806 25618 78 2 25772 76 154
494 25718 73 3 25845 54 127
957 25756 87 1 25932 89 176
220 25881 83 2 26015 51 134
686 25895 87 3 26102 120 207
339 26022 68 3 26170 80 148
293 26115 81 1 26251 55 136
271 26241 60 4 26311 10 70
445 26223 81 3 26392 88 169
235 26323 70 3 26462 69 139
819 26333 91 4 26553 129 220
237 26470 65 4 26618 83 148
417 25882 92 3 26710 736 828
357 24394 93 4 26803 2316 2409
112 18918 93 4 26896 7885 7978
401 8662 93 4 26989 18234 18327
870 26948 70 2 27059 41 111
427 9134 93 4 27152 17925 18018
596 23040 93 4 27245 4112 4205
551 6776 93 4 27338 20469 20562
872 14269 93 4 27431 13069 13162
839 27345 77 4 27508 86 163
515 27477 87 4 27595 31 118
197 27553 54 2 27649 42 96
499 11128 93 3 27742 16521 16614
495 27679 49 3 27791 63 112
622 27654 64 2 27855 137 201
608 27799 48 3 27903 56 104
207 27763 66 4 27969 140 206
426 27721 77 4 28046 248 325
887 27778 80 2 28126 268 348
862 25439 93 3 28219 2687 2780
800 7869 93 2 28312 20350 20443
430 28306 62 3 28374 6 68
218 28254 88 1 28462 120 208
533 28386 25 4 28487 76 101
168 20680 93 2 28580 7807 7900
58 28520 69 2 28649 60 129
553 28581 69 3 28718 68 137
425 28503 91 4 28809 215 306
613 28738 71 4 28880 71 142
480 1960 94 4 28974 26920 27014
20 7603 94 4 29068 21371 21465
751 29023 72 1 29140 45 117
825 29128 66 4 29206 12 78
63 29200 62 4 29268 6 68
749 29117 81 3 29349 151 232
566 29316 61 4 29410 33 94
333 29306 72 4 29482 104 176
919 29453 41 1 29523 29 70
145 29422 71 3 29594 101 172
147 29333 78 3 29672 261 339
472 29594 81 4 29753 78 159
968 29225 89 4 29842 528 617
39 29450 89 2 29931 392 481
996 6224 94 4 30025 23707 23801
598 30003 54 4 30079 22 76
383 30069 38 2 30117 10 48
762 30054 62 3 30179 63 125
969 29994 84 3 30263 185 269
476 30232 51 3 30314 31 82
309 12969 94 3 30408 17345 17439
941 17086 94 3 30502 13322 13416
316 30415 62 2 30564 87 149
304 30555 44 2 30608 9 53
246 30569 46 4 30654 39 85
758 30594 54 4 30708 60 114
215 30607 62 4 30770 101 163
575 30726 54 4 30824 44 98
232 30792 51 3 30875 32 83
395 30658 75 4 30950 217 292
56 30757 78 2 31028 193 271
125 30908 83 4 31111 120 203
294 30634 91 3 31202 477 568
394 31136 58 4 31260 66 124
96 31243 86 3 31346 17 103
40 31152 87 3 31433 194 281
879 31354 59 4 31492 79 138
977 31417 80 4 31572 75 155
570 31517 26 4 31598 55 81
946 31535 83 4 31681 63 146
362 31650 77 3 31758 31 108
995 31623 79 3 31837 135 214
284 31759 59 4 31896 78 137
310 31894 86 4 31982 2 88
576 31906 30 4 32012 76 106
199 31991 80 1 32092 21 101
283 31532 86 2 32178 560 646
315 32164 34 4 32212 14 48
559 32192 75 4 32287 20 95
131 32259 69 3 32356 28 97
733 32169 81 3 32437 187 268
726 32381 61 4 32498 56 117
621 32185 86 2 32584 313 399
353 32575 67 4 32651 9 76
756 32635 80 2 32731 16 96
206 32607 81 4 32812 124 205
905 32737 71 3 32883 75 146
753 32670 86 3 32969 213 299
838 32891 87 2 33056 78 165
822 32987 83 3 33139 69 152
909 33076 59 3 33198 63 122
388 33085 67 3 33265 113 180
563 33254 45 4 33310 11 56
603 32304 88 3 33398 1006 1094
980 33341 49 4 33447 57 106
37 33334 70 4 33517 113 183
782 33453 36 3 33553 64 100
139 32525 88 2 33641 1028 1116
812 33633 69 2 33710 8 77
171 33259 92 3 33802 451 543
828 33793 82 4 33884 9 91
668 33746 83 1 33967 138 221
543 33949 77 3 34044 18 95
240 33961 86 4 34130 83 169
292 32866 93 3 34223 1264 1357
847 2650 94 1 34317 31573 31667
364 34313 67 2 34384 4 71
657 10460 95 4 34479 23924 24019
307 4990 95 4 34574 29489 29584
546 34531 58 2 34632 43 101
524 34589 51 1 34683 43 94
834 34625 68 4 34751 58 126
658 34629 91 2 34842 122 213
929 34557 94 4 34936 285 379
489 34898 37 4 34973 38 75
155 14636 95 4 35068 20337 20432
290 35023 94 1 35162 45 139
520 35150 65 4 35227 12 77
345 35125 85 3 35312 102 187
893 35251 59 4 35371 61 120
885 35288 76 4 35447 83 159
347 35435 55 3 35502 12 67
244 35421 76 3 35578 81 157
628 35286 82 2 35660 292 374
732 35624 81 3 35741 36 117
83 35281 83 4 35824 460 543
592 35764 71 3 35895 60 131
505 35759 80 3 35975 136 216
629 35171 88 3 36063 804 892
328 35838 88 3 36151 225 313
269 35944 90 4 36241 207 297
722 36220 64 4 36305 21 85
775 36237 88 2 36393 68 156
421 36359 81 4 36474 34 115
434 36435 89 4 36563 39 128
503 36511 54 2 36617 52 106
641 36590 62 4 36679 27 89
960 36626 40 2 36719 53 93
763 36667 75 4 36794 52 127
224 36754 37 4 36831 40 77
601 36813 57 3 36888 18 75
313 36877 51 2 36939 11 62
109 36789 84 4 37023 150 234
636 36947 91 4 37114 76 167
708 35932 91 2 37205 1182 1273
831 37133 74 2 37279 72 146
796 37209 68 4 37347 70 138
41 36062 92 2 37439 1285 1377
516 37413 33 3 37472 26 59
685 37428 84 4 37556 44 128
611 37486 38 4 37594 70 108
285 37555 57 1 37651 39 96
61 37491 80 4 37731 160 240
295 37718 70 3 37801 13 83
386 37773 73 2 37874 28 101
122 35752 93 4 37967 2122 2215
921 37886 52 4 38019 81 133
594 37311 93 4 38112 708 801
988 35889 93 3 38205 2223 2316
863 36836 94 2 38299 1369 1463
773 33706 95 4 38394 4593 4688
754 38370 72 4 38466 24 96
135 38442 79 3 38545 24 103
971 38484 48 2 38593 61 109
584 38510 53 2 38646 83 136
458 22672 95 4 38741 15974 16069
121 38717 63 2 38804 24 87
327 38779 87 4 38891 25 112
19 38878 70 3 38961 13 83
76 38873 94 4 39055 88 182
840 36355 95 3 39150 2700 2795
646 39084 39 2 39189 66 105
653 39119 47 3 39236 70 117
630 39220 55 4 39291 16 71
230 39217 59 4 39350 74 133
818 39294 60 4 39410 56 116
226 39102 74 4 39484 308 382
597 39352 75 3 39559 132 207
552 39495 62 3 39621 64 126
907 39525 77 4 39698 96 173
487 39246 80 1 39778 452 532
644 39736 33 4 39811 42 75
589 39711 86 2 39897 100 186
228 39881 61 3 39958 16 77
436 39888 87 3 40045 70 157
111 40033 61 2 40106 12 73
913 39931 89 3 40195 175 264
784 39923 92 4 40287 272 364
336 40224 34 1 40321 63 97
356 40217 46 4 40367 104 150
752 40210 60 1 40427 157 217
280 40366 66 3 40493 61 127
141 40364 70 3 40563 129 199
123 40336 75 3 40638 227 302
377 3319 95 3 40733 37319 37414
947 29873 95 3 40828 10860 10955
911 40806 76 3 40904 22 98
255 40840 58 2 40962 64 122
308 40841 59 2 41021 121 180
883 40848 73 2 41094 173 246
679 40872 88 4 41182 222 310
8 41135 79 1 41261 47 126
926 41232 39 2 41300 29 68
876 41261 90 3 41390 39 129
46 5551 95 2 41485 35839 35934
140 41398 65 4 41550 87 152
365 41536 72 1 41622 14 86
932 41605 66 3 41688 17 83
200 41624 55 4 41743 64 119
7 41462 84 3 41827 281 365
791 41396 87 3 41914 431 518
772 41899 53 4 41967 15 68
794 41959 69 2 42036 8 77
697 41871 76 4 42112 165 241
372 42039 85 2 42197 73 158
738 42163 63 4 42260 34 97
521 42250 83 4 42343 10 93
952 42343 89 4 42432 0 89
88 41664 94 3 42526 768 862
378 42461 93 4 42619 65 158
612 42404 95 3 42714 215 310
922 7337 95 2 42809 35377 35472
236 42802 92 2 42901 7 99
181 42841 86 2 42987 60 146
663 42974 65 4 43052 13 78
384 27119 95 1 43147 15933 16028
880 43071 58 3 43205 76 134
701 14180 96 4 43301 29025 29121
370 12411 96 4 43397 30890 30986
564 16112 96 4 43493 27285 27381
820 43437 40 3 43533 56 96
953 43506 86 4 43619 27 113
736 907 96 4 43715 42712 42808
859 43634 88 3 43803 81 169
514 43790 92 4 43895 13 105
38 43824 88 3 43983 71 159
999 43948 86 2 44069 35 121
891 44044 49 3 44118 25 74
222 44075 68 2 44186 43 111
745 44085 77 3 44263 101 178
349 43995 82 3 44345 268 350
43 43865 91 3 44436 480 571
90 44398 46 4 44482 38 84
779 44360 65 3 44547 122 187
390 17461 96 4 44643 27086 27182
857 44573 60 3 44703 70 130
432 44685 51 3 44754 18 69
711 44737 48 1 44802 17 65
191 44675 52 4 44854 127 179
263 44737 68 4 44922 117 185
69 44915 67 3 44989 7 74
219 44892 89 4 45078 97 186
481 45073 79 3 45157 5 84
882 45027 86 3 45243 130 216
631 45119 92 2 45335 124 216
435 44687 95 3 45430 648 743
790 45388 49 4 45479 42 91
547 44999 95 3 45574 480 575
623 45560 76 4 45650 14 90
510 16374 96 3 45746 29276 29372
391 45675 39 4 45785 71 110
572 45693 87 2 45872 92 179
301 45851 52 3 45924 21 73
841 45882 56 1 45980 42 98
850 45896 83 4 46063 84 167
418 45820 87 2 46150 243 330
633 46067 70 3 46220 83 153
381 46187 84 4 46304 33 117
906 46292 62 4 46366 12 74
248 46334 32 2 46398 32 64
306 46167 85 4 46483 231 316
664 46405 43 2 46526 78 121
690 13836 96 3 46622 32690 32786
108 46552 52 2 46674 70 122
238 46543 53 2 46727 131 184
768 12797 96 2 46823 33930 34026
548 20875 96 2 46919 25948 26044
126 45301 96 2 47015 1618 1714
826 46952 76 4 47091 63 139
858 43088 96 2 47187 4003 4099
573 47142 87 4 47274 45 132
97 7021 96 2 47370 40253 40349
760 47359 74 4 47444 11 85
627 47405 76 4 47520 39 115
447 47470 91 4 47611 50 141
16 17261 96 1 47707 30350 30446
990 47675 78 4 47785 32 110
765 47743 51 2 47836 42 93
466 47766 93 3 47929 70 163
759 4462 97 4 48026 43467 43564
582 44067 97 4 48123 3959 4056
783 30471 97 4 48220 17652 17749
898 28525 97 4 48317 19695 19792
691 6553 97 4 48414 41764 41861
709 45650 97 4 48511 2764 2861
836 26227 97 4 48608 22284 22381
229 4388 97 4 48705 44220 44317
498 48653 72 3 48777 52 124
110 48754 65 2 48842 23 88
268 48797 55 3 48897 45 100
151 48804 66 4 48963 93 159
264 48678 88 2 49051 285 373
272 25742 97 4 49148 23309 23406
535 49127 22 4 49170 21 43
868 47838 97 3 49267 1332 1429
777 12938 97 3 49364 36329 36426
170 49325 67 3 49431 39 106
616 49404 69 3 49500 27 96
590 49486 62 4 49562 14 76
297 27893 97 3 49659 21669 21766
14 3405 97 3 49756 46254 46351
408 21199 97 3 49853 28557 28654
160 44389 97 2 49950 5464 5561
380 49865 73 3 50023 85 158
715 49987 37 3 50060 36 73
830 49972 73 4 50133 88 161
29 49904 85 4 50218 229 314
87 50210 32 4 50250 8 40
639 49873 92 3 50342 377 469
964 50088 92 2 50434 254 346
318 50017 96 2 50530 417 513
65 3879 97 2 50627 46651 46748
234 50605 33 4 50660 22 55
449 39821 97 1 50757 10839 10936
914 50693 35 4 50792 64 99
635 50768 74 1 50866 24 98
525 50671 82 2 50948 195 277
335 50779 82 2 51030 169 251
42 50864 87 4 51117 166 253
614 51041 57 3 51174 76 133
450 50785 92 4 51266 389 481
346 25215 98 4 51364 26051 26149
740 21925 98 4 51462 29439 29537
593 34940 98 4 51560 16522 16620
956 33570 98 4 51658 17990 18088
530 4975 98 4 51756 46683 46781
665 2165 98 4 51854 49591 49689
158 51798 88 3 51942 56 144
799 10557 98 4 52040 41385 41483
823 1726 98 4 52138 50314 50412
211 25565 98 4 52236 26573 26671
916 52225 92 1 52328 11 103
502 52316 95 4 52423 12 107
146 52365 72 1 52495 58 130
683 52200 97 4 52592 295 392
186 21296 98 3 52690 31296 31394
973 13867 98 3 52788 38823 38921
26 52710 37 2 52825 78 115
744 30896 98 3 52923 21929 22027
583 21492 98 2 53021 31431 31529
640 12287 98 2 53119 40734 40832
213 53046 90 2 53209 73 163
259 53166 61 3 53270 43 104
258 53262 96 4 53366 8 104
190 51775 98 2 53464 1591 1689
924 53430 46 2 53510 34 80
549 5048 98 2 53608 48462 48560
114 53558 49 3 53657 50 99
459 53655 51 3 53708 2 53
411 53689 57 3 53765 19 76
513 53597 62 2 53827 168 230
320 53620 93 2 53920 207 300
852 53828 63 3 53983 92 155
692 53949 48 4 54031 34 82
371 3846 98 2 54129 50185 50283
382 31110 98 2 54227 23019 23117
797 54182 97 4 54324 45 142
802 54189 97 3 54421 135 232
464 54375 64 4 54485 46 110
137 54392 84 4 54569 93 177
955 54529 42 3 54611 40 82
465 6624 98 2 54709 47987 48085
662 48 98 1 54807 54661 54759
556 54786 82 1 54889 21 103
730 54717 83 3 54972 172 255
699 54804 93 4 55065 168 261
210 55050 64 3 55129 15 79
619 55034 71 4 55200 95 166
183 54883 97 3 55297 317 414
195 55219 73 2 55370 78 151
901 55292 92 3 55462 78 170
208 22036 98 1 55560 33426 33524
661 55491 77 3 55637 69 146
761 55592 64 3 55701 45 109
656 55671 92 3 55793 30 122
402 16357 99 4 55892 39436 39535
409 55859 59 3 55951 33 92
837 55888 77 3 56028 63 140
368 37548 99 4 56127 18480 18579
92 19854 99 4 56226 36273 36372
437 19416 99 4 56325 36810 36909
149 35251 99 4 56424 21074 21173
82 56367 41 4 56465 57 98
670 56352 64 1 56529 113 177
444 44511 99 4 56628 12018 12117
477 23507 99 4 56727 33121 33220
287 56714 31 3 56758 13 44
567 56656 43 1 56801 102 145
433 34844 99 4 56900 21957 22056
856 56819 72 4 56972 81 153
875 22276 99 4 57071 34696 34795
152 56986 30 2 57101 85 115
407 23953 99 4 57200 33148 33247
13 57124 66 4 57266 76 142
920 57261 67 2 57333 5 72
860 57311 59 3 57392 22 81
766 57128 86 4 57478 264 350
163 57188 93 2 57571 290 383
419 49699 99 4 57670 7872 7971
5 5852 99 4 57769 51818 51917
143 57728 98 4 57867 41 139
185 57799 76 4 57943 68 144
22 57888 60 3 58003 55 115
3 57953 65 3 58068 50 115
64 58012 87 1 58155 56 143
201 11008 99 3 58254 47147 47246
770 58190 94 4 58348 64 158
844 58330 59 4 58407 18 77
274 58333 78 2 58485 74 152
781 4588 99 3 58584 53897 53996
414 58555 76 2 58660 29 105
424 27909 99 3 58759 30751 30850
651 58687 76 4 58835 72 148
991 21123 99 3 58934 37712 37811
865 58885 86 4 59020 49 135
861 58960 89 1 59109 60 149
963 58932 94 4 59203 177 271
276 58910 95 4 59298 293 388
511 58852 95 2 59393 446 541
934 4425 99 3 59492 54968 55067
440 20235 99 3 59591 39257 39356
44 30241 99 3 59690 29350 29449
881 59686 54 4 59744 4 58
992 36603 99 3 59843 23141 23240
903 59775 84 3 59927 68 152
687 59875 99 4 60026 52 151
162 59969 79 3 60105 57 136
355 4219 99 3 60204 55886 55985
324 56213 99 3 60303 3991 4090
550 60279 56 3 60359 24 80
474 60205 77 2 60436 154 231
385 1076 99 2 60535 59360 59459
360 60466 53 4 60588 69 122
441 60484 54 2 60642 104 158
933 60576 56 4 60698 66 122
645 60685 37 2 60735 13 50
67 60710 81 4 60816 25 106
254 60691 97 3 60913 125 222
250 60847 62 3 60975 66 128
587 60670 98 3 61073 305 403
281 61057 79 3 61152 16 95
684 61120 68 3 61220 32 100
35 61089 85 3 61305 131 216
118 61305 73 3 61378 0 73
626 61139 88 4 61466 239 327
935 22972 99 2 61565 38494 38593
484 2934 99 1 61664 58631 58730
443 60004 99 1 61763 1660 1759
793 13512 99 1 61862 48251 48350
455 11974 99 1 61961 49888 49987
904 81 100 4 62061 61880 61980
884 32456 100 4 62161 29605 29705
68 29777 100 4 62261 32384 32484
322 59990 100 4 62361 2271 2371
438 32001 100 3 62461 30360 30460
605 25791 100 3 62561 36670 36770
854 62468 79 4 62640 93 172
827 62516 91 4 62731 124 215
27 26097 100 3 62831 36634 36734
485 62754 100 4 62931 77 177
649 62910 74 4 63005 21 95
748 62977 61 3 63066 28 89
86 63006 42 2 63108 60 102
507 62991 82 3 63190 117 199
337 28550 100 3 63290 34640 34740
120 8728 100 2 63390 54562 54662
483 63390 66 2 63456 0 66
251 38897 100 1 63556 24559 24659
184 63514 46 1 63602 42 88
461 63530 49 4 63651 72 121
569 5116 100 1 63751 58535 58635
788 63736 91 4 63842 15 106
54 63822 96 4 63938 20 116
212 63863 88 1 64026 75 163
689 64232 35 4 64267 0 35
4 64251 97 4 64364 16 113
423 64397 96 2 64493 0 96
669 64565 87 3 64652 0 87
899 64575 96 3 64748 77 173
413 64660 73 3 64821 88 161
174 64681 80 4 64901 140 220
142 64717 89 2 64990 184 273
961 64631 98 2 65088 359 457
172 65137 59 3 65196 0 59
130 65250 91 4 65341 0 91
50 65268 69 3 65410 73 142
672 65418 82 4 65500 0 82
965 65557 87 4 65644 0 87
105 65648 99 4 65747 0 99
102 65735 95 4 65842 12 107
586 65887 68 3 65955 0 68
787 65910 58 4 66013 45 103
286 66287 71 3 66358 0 71
119 66432 63 2 66495 0 63
257 66443 36 3 66531 52 88
150 66443 82 4 66613 88 170
428 66556 68 4 66681 57 125
399 66614 65 2 66746 67 132
156 66578 78 3 66824 168 246
460 66778 62 1 66886 46 108
912 66779 87 4 66973 107 194
984 67151 93 3 67244 0 93
30 67427 69 4 67496 0 69
157 67573 63 2 67636 0 63
338 67674 66 4 67740 0 66
288 67813 79 4 67892 0 79
189 68171 38 3 68209 0 38
721 68217 95 3 68312 0 95
98 68288 80 4 68392 24 104
585 68624 75 4 68699 0 75
298 68820 98 3 68918 0 98
116 68874 97 2 69015 44 141
917 68935 54 2 69069 80 134
737 69044 70 3 69139 25 95
303 69106 43 2 69182 33 76
578 69293 91 2 69384 0 91
972 69307 63 3 69447 77 140
471 69534 63 4 69597 0 63
329 69634 73 3 69707 0 73
415 69737 52 2 69789 0 52
962 69948 88 4 70036 0 88
462 70171 80 1 70251 0 80
132 70326 89 4 70415 0 89
889 70597 22 1 70619 0 22
341 70602 89 3 70708 17 106
410 70752 63 3 70815 0 63
985 71040 23 4 71063 0 23
843 71193 96 4 71289 0 96
25 71290 86 3 71376 0 86
70 71374 85 2 71461 2 87
769 71726 41 3 71767 0 41
393 71849 52 3 71901 0 52
202 72015 84 4 72099 0 84
85 72125 93 4 72218 0 93
519 72129 37 2 72255 89 126
981 72359 95 1 72454 0 95
642 72401 35 2 72489 53 88
938 72587 98 4 72685 0 98
767 72590 97 3 72782 95 192
538 73037 81 4 73118 0 81
989 73119 59 2 73178 0 59
74 73158 27 1 73205 20 47
987 73183 56 2 73261 22 78
508 73330 73 3 73403 0 73
177 73399 54 3 73457 4 58
99 73485 57 1 73542 0 57
845 73507 60 3 73602 35 95
811 73704 88 4 73792 0 88
187 73929 91 4 74020 0 91
420 74365 80 1 74445 0 80
62 74780 69 4 74849 0 69
317 75175 75 3 75250 0 75
239 75627 53 3 75680 0 53
742 75679 72 4 75752 1 73
497 75818 52 2 75870 0 52
936 75998 72 4 76070 0 72
615 76380 70 2 76450 0 70
574 76600 77 4 76677 0 77
103 77137 91 4 77228 0 91
727 77333 96 1 77429 0 96
931 77358 41 4 77470 71 112
892 77574 35 4 77609 0 35
326 77798 71 4 77869 0 71
982 78935 81 4 79016 0 81
1 79019 47 4 79066 0 47
482 79114 72 1 79186 0 72
282 79387 79 3 79466 0 79
532 79639 40 4 79679 0 40
703 79896 94 3 79990 0 94
129 80651 85 1 80736 0 85
439 81008 93 4 81101 0 93
277 81114 31 4 81145 0 31
352 81269 32 3 81301 0 32
180 81372 90 4 81462 0 90
205 81902 53 3 81955 0 53
894 82028 82 2 82110 0 82
71 82350 89 2 82439 0 89
273 82581 46 4 82627 0 46
279 82737 89 4 82826 0 89
359 82978 99 2 83077 0 99
231 83228 49 4 83277 0 49
153 83517 52 4 83569 0 52
634 83733 70 3 83803 0 70
798 83869 96 3 83965 0 96
398 84665 55 4 84720 0 55
728 84803 90 2 84893 0 90
188 85279 72 2 85351 0 72
978 85287 91 2 85442 64 155
910 86281 37 4 86318 0 37
486 87337 60 4 87397 0 60
816 87530 91 2 87621 0 91
942 87542 47 4 87668 79 126
400 87649 61 2 87729 19 80
976 87955 84 4 88039 0 84
979 88872 90 4 88962 0 90
785 89577 77 4 89654 0 77
900 91804 96 4 91900 0 96
915 92173 24 4 92197 0 24
704 92236 84 3 92320 0 84
95 93504 44 4 93548 0 44
545 93703 51 4 93754 0 51
755 93936 61 2 93997 0 61
795 94348 62 3 94410 0 62
747 95335 73 4 95408 0 73
12 95419 97 4 95516 0 97
