96964 1000 129 83
858 12 81 2 93 0 81
99 78 44 3 138 16 60
168 136 46 4 185 3 49
675 137 32 4 217 48 80
70 143 45 3 263 75 120
7 160 54 1 317 103 157
266 339 52 2 391 0 52
519 341 76 4 468 51 127
49 394 78 3 547 75 153
935 457 66 3 613 90 156
460 676 27 2 703 0 27
106 688 32 4 736 16 48
348 731 61 4 798 6 67
462 779 49 3 848 20 69
889 785 27 1 875 63 90
389 849 42 4 918 27 69
766 860 28 3 946 58 86
450 876 62 1 1008 70 132
382 895 39 3 1048 114 153
524 931 78 3 1126 117 195
992 952 26 2 1152 174 200
110 1057 37 2 1190 96 133
440 1119 70 1 1260 71 141
937 1125 32 3 1292 135 167
280 1187 89 4 1382 106 195
189 1198 37 3 1419 184 221
405 1228 29 2 1448 191 220
667 1267 92 4 1540 181 273
97 1291 50 2 1590 249 299
690 1326 26 1 1617 265 291
840 1377 70 4 1687 240 310
243 1401 41 2 1728 286 327
584 1442 73 3 1801 286 359
89 1475 60 2 1861 326 386
264 1502 40 4 1901 359 399
88 1525 59 1 1960 376 435
591 1586 79 4 2039 374 453
104 1655 54 2 2094 385 439
838 1715 38 4 2132 379 417
338 1767 69 4 2201 365 434
779 1802 39 4 2240 399 438
980 1979 58 4 2298 261 319
965 2194 67 4 2366 105 172
16 2205 44 1 2410 161 205
422 2242 28 1 2438 168 196
98 2389 68 4 2507 50 118
753 2406 57 1 2564 101 158
179 2467 48 3 2613 98 146
961 2469 41 3 2654 144 185
443 2484 73 2 2727 170 243
14 2513 60 4 2787 214 274
954 2769 29 4 2817 19 48
516 2808 67 1 2885 10 77
601 2822 36 1 2922 64 100
602 2888 49 4 2972 35 84
206 3016 85 4 3101 0 85
496 3020 35 1 3137 82 117
681 3086 42 3 3179 51 93
274 3116 44 4 3224 64 108
349 3246 55 1 3301 0 55
957 3317 42 2 3359 0 42
219 3393 44 2 3437 0 44
805 3474 28 4 3502 0 28
100 3480 22 4 3525 23 45
328 3524 58 3 3584 2 60
424 3645 23 3 3668 0 23
953 3665 54 2 3723 4 58
697 3702 66 4 3790 22 88
806 3708 21 3 3811 82 103
128 3813 49 4 3862 0 49
578 3851 30 2 3893 12 42
248 3973 62 3 4035 0 62
414 4072 48 4 4120 0 48
358 4079 44 2 4165 42 86
287 4158 81 4 4247 8 89
90 4189 28 2 4276 59 87
843 4323 30 2 4353 0 30
125 4363 28 2 4391 0 28
605 4452 31 3 4483 0 31
573 4510 62 4 4572 0 62
669 4545 26 4 4599 28 54
989 4573 43 3 4642 26 69
862 4586 79 2 4722 57 136
273 4605 24 3 4746 117 141
427 4661 46 2 4793 86 132
228 4661 44 2 4837 132 176
350 4710 63 4 4900 127 190
285 4735 24 2 4924 165 189
559 4742 88 3 5012 182 270
816 4826 42 4 5055 187 229
10 4870 58 4 5113 185 243
799 4975 69 2 5182 138 207
525 4982 27 3 5209 200 227
926 5043 36 4 5246 167 203
136 5044 37 3 5283 202 239
746 5139 63 1 5346 144 207
533 5215 49 4 5396 132 181
886 5246 37 1 5433 150 187
621 5324 39 1 5472 109 148
972 5356 62 3 5535 117 179
84 5395 26 4 5561 140 166
149 5402 52 2 5613 159 211
730 5466 26 3 5639 147 173
132 5481 28 1 5668 159 187
197 5503 23 3 5691 165 188
302 5504 39 2 5730 187 226
15 5563 63 2 5793 167 230
945 5566 21 2 5814 227 248
343 5651 39 4 5854 164 203
927 5679 78 3 5932 175 253
52 5736 28 2 5960 196 224
751 5757 38 3 5998 203 241
464 5804 53 4 6051 194 247
493 5837 48 4 6100 215 263
172 5888 32 2 6132 212 244
994 5892 48 4 6180 240 288
973 5898 23 4 6203 282 305
226 5903 73 2 6276 300 373
758 5913 84 2 6360 363 447
586 5919 80 4 6440 441 521
888 5930 34 1 6474 510 544
914 5946 36 2 6510 528 564
492 6025 50 4 6560 485 535
370 6026 53 2 6613 534 587
852 6036 20 4 6633 577 597
271 6077 27 4 6661 557 584
655 6097 24 1 6685 564 588
161 6184 68 4 6753 501 569
818 6192 24 4 6777 561 585
654 6213 21 1 6798 564 585
218 6336 80 3 6878 462 542
299 6656 71 1 6950 223 294
351 6668 44 2 6994 282 326
887 6670 50 2 7044 324 374
708 6733 46 1 7090 311 357
668 6761 26 2 7116 329 355
688 6847 29 4 7145 269 298
955 6948 76 2 7222 198 274
412 6956 43 1 7265 266 309
987 6997 59 4 7324 268 327
127 7040 39 3 7363 284 323
173 7086 37 4 7400 277 314
650 7092 57 4 7457 308 365
846 7175 29 2 7487 283 312
600 7242 27 1 7514 245 272
641 7393 62 3 7576 121 183
139 7419 41 4 7617 157 198
259 7431 49 4 7666 186 235
117 7439 52 4 7718 227 279
30 7440 32 4 7750 278 310
376 7479 62 1 7813 272 334
794 7617 27 2 7840 196 223
793 7628 72 4 7912 212 284
537 7720 33 3 7945 192 225
235 7729 56 4 8001 216 272
336 7740 41 2 8042 261 302
865 7768 47 2 8090 275 322
421 7833 88 4 8178 257 345
61 7839 42 3 8220 339 381
714 7856 86 3 8306 364 450
86 7860 67 4 8373 446 513
199 8034 22 2 8395 339 361
929 8084 28 2 8424 312 340
188 8097 33 3 8457 327 360
59 8133 22 4 8479 324 346
272 8250 30 2 8509 229 259
332 8265 53 4 8562 244 297
313 8269 20 4 8582 293 313
723 8360 43 3 8625 222 265
470 8362 21 4 8646 263 284
404 8515 71 3 8718 132 203
296 8523 53 3 8771 195 248
35 8539 44 3 8815 232 276
577 8602 49 4 8864 213 262
541 8664 36 3 8901 201 237
297 8695 63 4 8964 206 269
792 8727 29 2 8993 237 266
732 8738 60 2 9053 255 315
269 8745 22 4 9075 308 330
87 8828 53 2 9128 247 300
406 8869 34 3 9163 260 294
711 8881 42 1 9205 282 324
141 8917 45 4 9250 288 333
703 8918 21 1 9271 332 353
515 8918 47 2 9318 353 400
413 9006 43 4 9361 312 355
213 9030 30 4 9391 331 361
575 9051 40 4 9431 340 380
797 9205 25 4 9457 227 252
200 9362 75 3 9532 95 170
195 9404 33 3 9565 128 161
643 9584 73 4 9657 0 73
902 9584 21 2 9678 73 94
924 9593 26 4 9705 86 112
535 9642 56 3 9761 63 119
788 9712 49 1 9811 50 99
874 9753 29 4 9840 58 87
222 9768 55 3 9896 73 128
872 9778 41 4 9937 118 159
548 9814 55 1 9992 123 178
544 9831 37 4 10029 161 198
570 9841 46 2 10075 188 234
704 9957 46 3 10122 119 165
757 9967 55 3 10177 155 210
254 9997 21 3 10198 180 201
672 10064 57 1 10255 134 191
710 10092 41 4 10297 164 205
239 10128 67 2 10364 169 236
663 10134 43 4 10407 230 273
585 10165 21 2 10428 242 263
864 10246 42 1 10470 182 224
38 10281 25 4 10496 190 215
676 10449 91 4 10587 47 138
43 10486 45 4 10633 102 147
648 10492 38 3 10671 141 179
800 10678 57 2 10735 0 57
931 10803 21 4 10824 0 21
603 10805 24 2 10849 20 44
841 10848 69 3 10919 2 71
482 10857 47 3 10967 63 110
211 10879 33 4 11000 88 121
458 10882 40 3 11040 118 158
569 10900 21 3 11061 140 161
322 11022 27 4 11089 40 67
47 11111 40 3 11151 0 40
983 11132 58 3 11210 20 78
131 11151 31 3 11241 59 90
225 11293 58 4 11351 0 58
158 11299 80 1 11432 53 133
344 11409 77 3 11510 24 101
196 11454 69 4 11580 57 126
897 11497 27 4 11607 83 110
709 11627 39 4 11666 0 39
738 11634 43 4 11710 33 76
432 11706 27 1 11738 5 32
325 11727 35 3 11774 12 47
946 11764 43 3 11818 11 54
368 11896 21 3 11917 0 21
23 11936 69 2 12005 0 69
101 11945 40 2 12046 61 101
622 12059 28 3 12087 0 28
167 12130 44 2 12174 0 44
827 12130 34 3 12208 44 78
319 12248 27 3 12275 0 27
712 12285 28 4 12313 0 28
740 12300 52 3 12366 14 66
95 12301 56 3 12422 65 121
998 12338 42 4 12465 85 127
942 12556 36 1 12592 0 36
354 12582 37 4 12630 11 48
725 12614 49 4 12680 17 66
204 12622 51 1 12731 58 109
314 12718 24 4 12756 14 38
417 12760 22 2 12782 0 22
399 12815 80 4 12895 0 80
316 12890 41 3 12937 6 47
928 12949 92 2 13041 0 92
118 13045 56 2 13101 0 56
240 13463 27 3 13490 0 27
437 13554 22 2 13576 0 22
352 13636 41 4 13677 0 41
276 13712 67 2 13779 0 67
881 13723 21 4 13801 57 78
848 13744 71 4 13872 57 128
371 13758 32 2 13904 114 146
208 13775 60 3 13964 129 189
175 13863 46 1 14011 102 148
920 13871 75 4 14086 140 215
921 14124 92 4 14216 0 92
162 14188 31 4 14248 29 60
813 14246 40 3 14289 3 43
560 14280 31 4 14321 10 41
498 14453 29 2 14482 0 29
491 14518 31 3 14549 0 31
647 14552 34 4 14586 0 34
180 14589 57 4 14646 0 57
878 14617 29 4 14676 30 59
311 14641 21 4 14697 35 56
210 14685 74 2 14772 13 87
538 14746 37 3 14810 27 64
42 14759 28 4 14838 51 79
223 14766 28 3 14866 72 100
308 14783 23 4 14890 84 107
627 14831 60 1 14950 59 119
561 14854 83 1 15033 96 179
506 14872 56 1 15090 162 218
330 14882 60 3 15150 208 268
778 14918 37 4 15187 232 269
415 14980 29 3 15216 207 236
890 15100 43 3 15260 117 160
513 15149 49 2 15309 111 160
9 15180 67 4 15376 129 196
963 15210 70 4 15446 166 236
706 15241 38 3 15485 206 244
48 15409 77 4 15562 76 153
85 15503 38 3 15601 60 98
185 15510 27 4 15628 91 118
72 15651 45 4 15696 0 45
922 15671 25 3 15722 26 51
347 15690 43 2 15765 32 75
851 15704 39 3 15805 62 101
831 15796 87 2 15893 10 97
305 15829 62 2 15956 65 127
646 15869 72 2 16028 87 159
111 15888 34 4 16062 140 174
638 16016 28 3 16091 47 75
760 16083 22 2 16114 9 31
563 16173 30 3 16203 0 30
57 16294 39 3 16333 0 39
501 16304 35 4 16369 30 65
566 16326 28 4 16397 43 71
976 16350 23 4 16421 48 71
67 16352 28 3 16449 69 97
81 16376 68 4 16517 73 141
201 16405 32 3 16550 113 145
830 16413 70 4 16620 137 207
747 16419 52 3 16672 201 253
306 16501 48 2 16720 171 219
34 16560 60 3 16781 161 221
467 16607 33 3 16814 174 207
702 16624 62 3 16876 190 252
520 16641 43 1 16919 235 278
359 16742 95 4 17015 178 273
227 16777 45 2 17060 238 283
762 16781 29 4 17089 279 308
677 16794 39 4 17128 295 334
821 16869 25 2 17153 259 284
692 17075 36 4 17190 79 115
339 17076 48 1 17238 114 162
517 17097 40 3 17278 141 181
234 17101 33 4 17311 177 210
82 17126 78 3 17389 185 263
631 17196 65 3 17455 194 259
678 17285 65 2 17520 170 235
58 17285 70 1 17590 235 305
152 17308 80 3 17670 282 362
673 17324 81 4 17751 346 427
507 17332 45 4 17796 419 464
684 17337 59 3 17855 459 518
192 17406 24 4 17880 450 474
911 17409 49 4 17929 471 520
60 17414 34 2 17963 515 549
356 17451 50 4 18013 512 562
607 17469 27 4 18040 544 571
759 17474 82 1 18122 566 648
283 17496 33 4 18155 626 659
473 17518 22 4 18177 637 659
363 17541 59 3 18236 636 695
66 17639 42 4 18278 597 639
939 17654 87 2 18365 624 711
835 17724 59 3 18424 641 700
880 17727 32 4 18456 697 729
212 17744 79 4 18535 712 791
547 17753 34 4 18569 782 816
817 17990 40 4 18610 580 620
960 18060 21 2 18631 550 571
608 18088 54 3 18685 543 597
326 18259 30 4 18715 426 456
96 18280 47 4 18762 435 482
310 18600 32 2 18795 163 195
270 18634 58 4 18853 161 219
24 18666 71 3 18924 187 258
614 18678 46 4 18970 246 292
735 18682 44 4 19014 288 332
194 18778 70 3 19085 237 307
438 18970 66 2 19151 115 181
552 18975 53 4 19204 176 229
772 19118 34 4 19239 87 121
22 19136 26 1 19265 103 129
165 19282 37 2 19319 0 37
435 19334 67 4 19401 0 67
191 19347 53 4 19455 55 108
532 19365 32 2 19487 90 122
307 19438 30 4 19518 50 80
469 19453 71 2 19589 65 136
952 19494 49 4 19639 96 145
683 19495 56 3 19695 144 200
558 19501 60 1 19755 194 254
682 19514 22 4 19777 241 263
718 19595 49 2 19827 183 232
962 19687 75 4 19902 140 215
475 19950 51 3 20001 0 51
786 19978 29 4 20031 24 53
971 20217 53 4 20270 0 53
679 20288 40 3 20328 0 40
666 20356 38 1 20394 0 38
4 20358 54 3 20449 37 91
429 20369 47 3 20496 80 127
401 20429 20 4 20517 68 88
996 20430 36 4 20553 87 123
640 20486 28 1 20581 67 95
388 20503 50 3 20632 79 129
769 20721 33 2 20754 0 33
597 20758 46 3 20804 0 46
323 20947 21 1 20968 0 21
866 20967 20 4 20989 2 22
834 21030 27 2 21057 0 27
991 21079 46 2 21125 0 46
988 21374 53 2 21427 0 53
728 21425 23 3 21451 3 26
28 21444 24 2 21476 8 32
589 21445 60 2 21536 31 91
637 21561 36 4 21597 0 36
378 21597 61 3 21659 1 62
854 21609 72 3 21732 51 123
320 21628 31 2 21763 104 135
610 21667 21 3 21785 97 118
749 21725 71 2 21856 60 131
392 21810 45 4 21902 47 92
261 21854 89 2 21991 48 137
408 21875 62 4 22054 117 179
974 22008 67 4 22122 47 114
617 22055 86 4 22208 67 153
763 22076 37 4 22246 133 170
242 22120 82 4 22328 126 208
384 22221 52 4 22381 108 160
244 22453 35 4 22488 0 35
233 22515 21 4 22536 0 21
220 22517 53 2 22590 20 73
985 22590 28 3 22619 1 29
724 22595 27 2 22647 25 52
883 22597 33 4 22680 50 83
785 22625 37 1 22718 56 93
859 22634 23 2 22741 84 107
826 22927 58 3 22985 0 58
707 23028 38 4 23066 0 38
434 23080 45 2 23125 0 45
303 23102 60 1 23186 24 84
721 23141 77 3 23264 46 123
687 23147 21 4 23285 117 138
357 23231 27 2 23313 55 82
812 23265 48 3 23361 48 96
288 23396 24 1 23420 0 24
625 23425 20 2 23445 0 20
912 23475 42 4 23517 0 42
291 23674 80 1 23754 0 80
94 23779 37 4 23816 0 37
898 23836 31 1 23867 0 31
634 23884 83 4 23967 0 83
619 23888 58 4 24026 80 138
459 24026 63 3 24090 1 64
144 24036 67 2 24158 55 122
391 24044 63 4 24221 114 177
950 24162 21 2 24243 60 81
455 24179 35 2 24278 64 99
694 24189 54 3 24332 89 143
781 24215 45 4 24377 117 162
250 24218 34 2 24411 159 193
80 24266 29 4 24441 146 175
461 24274 39 4 24480 167 206
31 24280 57 3 24537 200 257
403 24464 44 4 24582 74 118
733 24551 20 1 24603 32 52
214 24586 45 3 24649 18 63
884 24607 31 4 24681 43 74
433 24794 54 4 24848 0 54
984 24886 24 4 24910 0 24
279 24927 64 4 24991 0 64
844 24962 48 3 25040 30 78
268 25073 62 4 25135 0 62
71 25077 62 2 25198 59 121
531 25080 42 2 25240 118 160
765 25114 48 4 25288 126 174
518 25190 26 4 25315 99 125
231 25222 55 3 25370 93 148
903 25475 23 4 25498 0 23
636 25489 58 4 25557 10 68
502 25726 25 4 25751 0 25
828 25761 30 4 25791 0 30
281 25775 28 2 25820 17 45
771 25798 23 1 25844 23 46
121 25824 29 4 25874 21 50
807 25864 45 3 25920 11 56
722 26029 48 3 26077 0 48
198 26113 31 3 26144 0 31
484 26138 54 3 26199 7 61
717 26220 30 1 26250 0 30
304 26288 45 4 26333 0 45
774 26380 24 3 26404 0 24
221 26524 62 3 26586 0 62
580 26526 42 1 26629 61 103
19 26617 34 2 26664 13 47
824 26781 24 4 26805 0 24
613 26951 47 3 26998 0 47
808 26984 27 3 27026 15 42
112 26996 32 3 27058 30 62
184 27087 67 3 27154 0 67
416 27279 21 2 27300 0 21
215 27296 58 3 27359 5 63
444 27393 30 2 27423 0 30
836 27445 81 1 27526 0 81
402 27659 22 2 27681 0 22
545 27681 56 3 27738 1 57
896 27686 35 3 27774 53 88
229 27701 39 4 27813 73 112
598 27794 82 3 27896 20 102
716 27821 25 4 27922 76 101
528 27857 31 3 27953 65 96
224 27894 81 2 28034 59 140
969 27946 42 4 28077 89 131
400 27962 24 4 28101 115 139
441 27990 36 4 28137 111 147
986 28024 40 3 28177 113 153
164 28144 53 3 28231 34 87
767 28161 47 3 28278 70 117
76 28214 36 3 28315 65 101
526 28216 87 3 28402 99 186
107 28216 29 3 28431 186 215
157 28267 78 3 28509 164 242
65 28312 63 3 28573 198 261
203 28380 77 3 28650 193 270
981 28408 61 1 28711 242 303
345 28458 72 4 28783 253 325
885 28517 33 2 28817 267 300
1 28618 24 3 28841 199 223
791 28648 23 4 28864 193 216
982 28680 65 1 28929 184 249
312 28700 56 3 28985 229 285
245 28834 45 4 29031 152 197
660 28893 40 4 29071 138 178
178 28921 71 3 29142 150 221
993 28940 50 4 29192 202 252
142 28982 48 1 29240 210 258
145 29003 25 4 29266 238 263
353 29112 77 4 29343 154 231
901 29163 25 1 29368 180 205
318 29249 43 4 29412 120 163
860 29326 51 1 29463 86 137
393 29384 33 2 29497 80 113
25 29574 26 4 29600 0 26
609 29589 25 4 29626 12 37
252 29659 30 3 29689 0 30
83 29903 72 3 29975 0 72
298 29991 52 3 30043 0 52
327 30079 75 3 30154 0 75
385 30088 93 3 30248 67 160
342 30119 43 4 30291 129 172
581 30485 34 4 30519 0 34
873 30543 20 4 30563 0 20
789 30569 30 1 30599 0 30
829 30592 35 4 30635 8 43
662 30623 22 2 30658 13 35
423 30693 89 1 30782 0 89
941 30733 75 1 30858 50 125
632 30848 42 4 30901 11 53
407 30911 39 2 30950 0 39
755 30919 57 4 31008 32 89
238 30971 56 3 31065 38 94
595 31029 66 4 31132 37 103
77 31070 36 3 31169 63 99
776 31136 28 4 31198 34 62
375 31226 57 1 31283 0 57
290 31280 89 4 31373 4 93
216 31288 58 4 31432 86 144
842 31323 51 1 31483 109 160
465 31394 29 4 31513 90 119
367 31480 27 2 31540 33 60
124 31491 31 4 31572 50 81
689 31536 31 1 31603 36 67
75 31561 27 3 31631 43 70
623 31586 35 2 31666 45 80
742 31588 24 4 31690 78 102
770 31637 45 4 31736 54 99
3 31683 25 4 31761 53 78
837 31783 36 1 31819 0 36
122 31842 26 3 31868 0 26
289 31874 47 4 31921 0 47
908 31932 37 4 31969 0 37
217 32084 30 4 32114 0 30
468 32158 48 1 32206 0 48
249 32352 34 4 32386 0 34
247 32639 42 4 32681 0 42
825 32781 62 4 32843 0 62
18 32792 54 4 32898 52 106
879 32995 44 4 33039 0 44
166 33105 42 3 33147 0 42
20 33147 46 4 33194 1 47
820 33276 37 2 33313 0 37
55 33307 48 4 33362 7 55
671 33474 50 2 33524 0 50
483 33793 33 2 33826 0 33
140 33803 34 1 33861 24 58
133 33814 52 4 33913 47 99
62 33830 93 2 34007 84 177
656 33852 39 4 34046 155 194
999 34002 23 3 34070 45 68
317 34039 57 4 34127 31 88
209 34074 25 3 34153 54 79
587 34086 20 4 34173 67 87
783 34172 26 4 34200 2 28
46 34199 71 4 34272 2 73
744 34250 21 4 34294 23 44
1000 34381 50 4 34431 0 50
50 34451 40 4 34491 0 40
543 34648 26 2 34674 0 26
262 34776 35 2 34811 0 35
892 34873 28 2 34901 0 28
802 34936 56 4 34992 0 56
154 35033 96 2 35129 0 96
713 35217 27 2 35244 0 27
123 35238 23 3 35268 7 30
868 35248 34 2 35303 21 55
113 35252 47 4 35350 51 98
74 35264 41 1 35391 86 127
390 35459 64 3 35523 0 64
445 35483 58 3 35582 41 99
596 35603 27 1 35630 0 27
284 35667 94 4 35761 0 94
882 35729 72 4 35834 33 105
489 35775 38 4 35873 60 98
366 35792 28 3 35901 81 109
809 35820 38 3 35939 81 119
557 35978 20 3 35998 0 20
183 36171 51 3 36222 0 51
64 36186 43 1 36266 37 80
329 36190 30 4 36296 76 106
739 36402 28 4 36430 0 28
917 36434 35 3 36469 0 35
839 36495 41 3 36536 0 41
691 36496 57 4 36594 41 98
477 36640 37 1 36677 0 37
27 36722 49 4 36771 0 49
381 36789 73 4 36862 0 73
69 36794 71 4 36934 69 140
975 36862 23 4 36957 72 95
959 37005 24 4 37029 0 24
508 37018 76 3 37106 12 88
33 37169 44 4 37213 0 44
726 37187 27 2 37241 27 54
256 37317 37 3 37354 0 37
301 37340 22 3 37377 15 37
119 37443 43 4 37486 0 43
426 37576 25 4 37601 0 25
944 37641 48 2 37689 0 48
193 37687 72 2 37762 3 75
236 38165 83 2 38248 0 83
39 38241 63 3 38312 8 71
109 38300 24 4 38337 13 37
861 38316 24 3 38362 22 46
590 38373 50 2 38423 0 50
925 38484 22 1 38506 0 22
160 38552 69 3 38621 0 69
787 38850 60 3 38910 0 60
795 38867 32 1 38943 44 76
395 38903 45 4 38988 40 85
251 38927 46 3 39035 62 108
877 39080 38 4 39118 0 38
593 39351 26 3 39377 0 26
798 39416 57 4 39473 0 57
21 39511 24 4 39535 0 24
451 39570 50 2 39620 0 50
628 39627 31 4 39658 0 31
419 39766 26 1 39792 0 26
780 39784 47 3 39840 9 56
565 39832 67 3 39908 9 76
108 39888 46 2 39955 21 67
479 40008 37 3 40045 0 37
93 40099 72 4 40171 0 72
40 40116 23 4 40195 56 79
594 40162 33 3 40228 33 66
466 40198 37 2 40266 31 68
321 40210 27 4 40293 56 83
365 40210 40 3 40333 83 123
452 40479 25 3 40504 0 25
494 40530 75 2 40605 0 75
295 40544 61 3 40667 62 123
782 40561 29 2 40696 106 135
138 40637 30 2 40727 60 90
876 40849 47 1 40896 0 47
695 40998 87 4 41085 0 87
899 41029 84 1 41170 57 141
246 41043 33 1 41203 127 160
748 41047 84 4 41287 156 240
906 41122 33 2 41321 166 199
187 41152 56 4 41377 169 225
315 41283 21 2 41398 94 115
102 41308 54 4 41453 91 145
583 41359 82 3 41535 94 176
232 41443 74 4 41610 93 167
340 41457 25 2 41635 153 178
553 41762 69 4 41831 0 69
333 41868 72 2 41940 0 72
576 41876 23 3 41964 65 88
652 42009 52 3 42061 0 52
504 42046 64 4 42126 16 80
448 42150 23 2 42173 0 23
453 42428 36 1 42464 0 36
362 42508 30 4 42538 0 30
657 42648 23 3 42671 0 23
752 42652 73 4 42745 20 93
645 42687 70 4 42816 59 129
968 42733 89 3 42905 83 172
487 42794 49 4 42955 112 161
120 42800 35 3 42990 155 190
169 42812 50 3 43040 178 228
592 42821 31 2 43071 219 250
731 43078 51 3 43129 0 51
457 43136 94 2 43230 0 94
737 43159 41 3 43272 72 113
456 43543 44 3 43587 0 44
41 43590 58 1 43648 0 58
286 43691 93 3 43784 0 93
801 43803 61 4 43864 0 61
534 43806 80 4 43945 59 139
777 43927 65 4 44011 19 84
73 44293 54 4 44347 0 54
612 44439 71 3 44510 0 71
449 44486 20 3 44531 25 45
743 44523 33 4 44565 9 42
267 44585 53 4 44638 0 53
263 44714 25 3 44739 0 25
202 44801 55 2 44856 0 55
159 44842 84 4 44941 15 99
895 44865 52 3 44994 77 129
764 44946 30 2 45025 49 79
56 45067 67 3 45134 0 67
32 45119 60 4 45195 16 76
891 45138 26 2 45222 58 84
68 45178 45 4 45267 44 89
913 45770 30 4 45800 0 30
894 45862 52 4 45914 0 52
629 46007 45 1 46052 0 45
850 46055 55 1 46110 0 55
205 46144 38 2 46182 0 38
436 46199 60 4 46259 0 60
411 46545 22 2 46567 0 22
488 46545 41 4 46608 22 63
734 46799 29 3 46828 0 29
680 46898 21 2 46919 0 21
693 46984 22 3 47006 0 22
833 47143 21 2 47164 0 21
661 47147 23 4 47188 18 41
867 47236 61 3 47297 0 61
964 47289 73 4 47371 9 82
418 47369 72 4 47444 3 75
372 47375 43 1 47488 70 113
943 47379 78 4 47566 109 187
394 47446 88 3 47655 121 209
870 47561 40 3 47695 94 134
615 47609 50 3 47746 87 137
909 47695 69 3 47815 51 120
446 47709 23 3 47839 107 130
940 47743 60 2 47899 96 156
471 47839 68 4 47968 61 129
480 47871 33 3 48001 97 130
294 47890 34 3 48035 111 145
750 47898 24 4 48059 137 161
309 47904 31 2 48091 156 187
572 48038 75 4 48166 53 128
11 48215 38 4 48253 0 38
53 48336 68 1 48404 0 68
665 48349 21 4 48426 56 77
5 48424 50 4 48477 3 53
430 48541 30 4 48571 0 30
658 48614 40 3 48654 0 40
51 48614 35 2 48689 40 75
265 48797 55 4 48852 0 55
674 48876 66 4 48942 0 66
871 48953 30 3 48983 0 30
814 48959 67 4 49051 25 92
12 48965 23 2 49074 86 109
510 49003 33 4 49108 72 105
849 49161 50 4 49211 0 50
425 49306 53 4 49359 0 53
148 49323 57 2 49417 37 94
258 49342 59 3 49476 75 134
900 49464 39 2 49516 13 52
571 49488 66 4 49583 29 95
934 49534 58 4 49642 50 108
114 49648 37 4 49685 0 37
651 49824 35 2 49859 0 35
155 49963 73 2 50036 0 73
503 50047 67 4 50114 0 67
606 50147 28 3 50175 0 28
135 50457 74 3 50531 0 74
626 50549 45 2 50594 0 45
539 50715 25 1 50740 0 25
567 50718 49 4 50790 23 72
293 50955 61 4 51016 0 61
103 51022 49 3 51071 0 49
447 51168 42 4 51210 0 42
514 51168 62 3 51272 42 104
105 51410 34 3 51444 0 34
635 51699 22 3 51721 0 22
150 51758 73 2 51831 0 73
237 51806 31 3 51863 26 57
6 51844 25 4 51889 20 45
670 52019 51 3 52070 0 51
253 52048 58 4 52129 23 81
686 52229 49 3 52278 0 49
933 52417 56 4 52473 0 56
137 52427 56 4 52530 47 103
478 52511 24 4 52555 20 44
463 52637 52 2 52689 0 52
773 52812 23 3 52835 0 23
624 53058 61 4 53119 0 61
486 53077 27 3 53147 43 70
472 53140 28 4 53176 8 36
130 53282 75 4 53357 0 75
163 53439 34 1 53473 0 34
698 53611 62 4 53673 0 62
17 53870 31 3 53901 0 31
915 53897 23 2 53925 5 28
756 54001 31 3 54032 0 31
397 54007 33 3 54066 26 59
997 54064 33 3 54100 3 36
37 54157 57 1 54214 0 57
736 54214 68 4 54283 1 69
171 54328 34 2 54362 0 34
509 54562 51 3 54613 0 51
116 54588 31 2 54645 26 57
555 54714 37 3 54751 0 37
554 54876 44 4 54920 0 44
115 55022 21 3 55043 0 21
618 55253 50 2 55303 0 50
823 55292 36 4 55340 12 48
907 55319 38 4 55379 22 60
474 55402 47 2 55449 0 47
497 55457 21 3 55478 0 21
653 55476 28 4 55507 3 31
282 55562 22 3 55584 0 22
620 55658 64 4 55722 0 64
476 55919 23 4 55942 0 23
91 55958 33 3 55991 0 33
819 56390 40 3 56430 0 40
174 56462 26 2 56488 0 26
523 56633 63 2 56696 0 63
966 57020 95 4 57115 0 95
811 57207 21 2 57228 0 21
361 57303 26 2 57329 0 26
562 57431 55 3 57486 0 55
741 57587 23 3 57610 0 23
604 57773 33 3 57806 0 33
530 57918 26 4 57944 0 26
550 58161 41 3 58202 0 41
970 58168 83 4 58286 35 118
720 58257 52 4 58339 30 82
845 58283 33 4 58372 56 89
995 58331 80 2 58453 42 122
431 58447 30 3 58484 7 37
260 58506 91 4 58597 0 91
853 58582 48 2 58646 16 64
715 58715 64 4 58779 0 64
644 58808 21 4 58829 0 21
485 58838 43 4 58881 0 43
78 58881 25 3 58907 1 26
177 58890 65 1 58973 18 83
176 58895 22 4 58995 78 100
664 59038 70 2 59108 0 70
147 59059 35 3 59144 50 85
856 59359 42 4 59401 0 42
863 59360 48 3 59450 42 90
803 59384 55 2 59505 66 121
919 59459 83 4 59589 47 130
847 59508 39 3 59629 82 121
334 59594 45 4 59675 36 81
775 59862 27 2 59889 0 27
936 60696 53 3 60749 0 53
355 60946 21 1 60967 0 21
331 60948 31 4 60999 20 51
527 60959 40 4 61039 40 80
79 61162 37 3 61199 0 37
768 61177 40 4 61240 23 63
92 61199 39 4 61279 41 80
540 61369 36 3 61405 0 36
932 61382 21 2 61427 24 45
44 61487 20 4 61507 0 20
129 61500 51 3 61559 8 59
810 61816 39 3 61855 0 39
893 62037 51 3 62088 0 51
761 62434 46 4 62480 0 46
611 62503 30 3 62533 0 30
967 62557 21 3 62578 0 21
923 62588 71 1 62659 0 71
255 62662 28 4 62690 0 28
522 62776 75 3 62851 0 75
549 62811 28 1 62880 41 69
956 62825 22 4 62902 55 77
796 62941 48 4 62989 0 48
869 62992 21 1 63013 0 21
134 63325 79 4 63404 0 79
495 63530 74 4 63604 0 74
551 63796 36 4 63832 0 36
369 63825 42 4 63875 8 50
153 63915 45 3 63960 0 45
649 63952 42 2 64003 9 51
207 63979 24 4 64028 25 49
521 64003 22 2 64050 25 47
642 64163 31 4 64194 0 31
804 64526 67 4 64593 0 67
727 64618 40 2 64658 0 40
277 64636 49 4 64708 23 72
278 64817 21 4 64838 0 21
36 65300 52 4 65352 0 52
26 65500 20 4 65520 0 20
257 65861 37 3 65898 0 37
190 66204 50 1 66254 0 50
599 66254 51 3 66306 1 52
958 66283 65 4 66372 24 89
126 66509 61 4 66570 0 61
546 66701 51 2 66752 0 51
910 66856 27 2 66883 0 27
579 67000 66 4 67066 0 66
905 67026 47 4 67114 41 88
386 67109 24 3 67139 6 30
696 67482 71 4 67553 0 71
977 67493 32 3 67586 61 93
633 67802 69 4 67871 0 69
745 67822 62 4 67934 50 112
8 67863 57 4 67991 71 128
832 67963 48 2 68040 29 77
979 68022 50 4 68091 19 69
949 68144 87 4 68231 0 87
511 68436 53 4 68489 0 53
699 68664 27 3 68691 0 27
2 68802 46 1 68848 0 46
346 69124 46 4 69170 0 46
45 69134 32 3 69203 37 69
855 69451 76 1 69527 0 76
947 69598 47 3 69645 0 47
719 69718 43 2 69761 0 43
379 69814 55 3 69869 0 55
364 69964 81 3 70045 0 81
701 70058 21 1 70079 0 21
29 70481 47 2 70528 0 47
978 70599 40 1 70639 0 40
568 71322 45 4 71367 0 45
373 71363 68 2 71436 5 73
490 71461 76 2 71537 0 76
170 71745 45 4 71790 0 45
383 71827 34 2 71861 0 34
616 71860 41 4 71903 2 43
938 72737 52 3 72789 0 52
729 72978 23 3 73001 0 23
146 73097 29 3 73126 0 29
916 73345 32 3 73377 0 32
918 73718 39 2 73757 0 39
182 73756 34 3 73792 2 36
639 73800 25 4 73825 0 25
360 73881 40 4 73921 0 40
181 74070 58 2 74128 0 58
790 74416 38 3 74454 0 38
875 74445 50 1 74505 10 60
300 74479 44 4 74550 27 71
529 74517 22 2 74573 34 56
505 74626 48 2 74674 0 48
292 75438 44 1 75482 0 44
337 75811 58 4 75869 0 58
230 76042 66 3 76108 0 66
588 76320 29 1 76349 0 29
512 76341 32 4 76382 9 41
574 76508 30 4 76538 0 30
341 76665 53 3 76718 0 53
948 77005 23 4 77028 0 23
990 77939 30 2 77969 0 30
439 78063 40 4 78103 0 40
156 78123 32 4 78155 0 32
442 78251 63 4 78314 0 63
630 78680 21 4 78701 0 21
54 78953 62 3 79015 0 62
685 79200 50 4 79250 0 50
582 80016 50 4 80066 0 50
387 80239 21 1 80260 0 21
380 80537 35 4 80572 0 35
410 80735 34 3 80769 0 34
428 80886 61 4 80947 0 61
659 81662 59 3 81721 0 59
377 81972 22 2 81994 0 22
700 81980 52 4 82047 15 67
396 81987 41 2 82088 60 101
536 82974 59 2 83033 0 59
143 83039 96 1 83135 0 96
335 83583 60 4 83643 0 60
822 83970 27 2 83997 0 27
374 84522 21 4 84543 0 21
241 84587 37 3 84624 0 37
275 84655 24 4 84679 0 24
454 84704 40 1 84744 0 40
481 85167 44 3 85211 0 44
951 85493 67 2 85560 0 67
398 85542 66 4 85627 19 85
151 85585 78 3 85706 43 121
784 85974 50 3 86024 0 50
705 86772 71 1 86843 0 71
904 87857 27 3 87884 0 27
409 88079 27 1 88106 0 27
556 88125 58 3 88183 0 58
13 88660 65 3 88725 0 65
857 88821 38 4 88859 0 38
815 89222 32 2 89254 0 32
186 89230 35 2 89290 25 60
499 89420 38 1 89458 0 38
324 89963 27 3 89990 0 27
420 91884 49 4 91933 0 49
930 92074 25 4 92099 0 25
63 92560 30 4 92590 0 30
542 93332 27 4 93359 0 27
564 95307 39 3 95346 0 39
500 96403 58 4 96461 0 58
754 96939 25 4 96964 0 25
