96964 1000 114 68
99 78 44 3 122 0 44
675 137 32 4 169 0 32
70 143 45 3 214 26 71
168 136 46 4 259 77 123
7 160 54 1 313 99 153
858 12 81 2 314 221 302
266 339 52 2 391 0 52
935 457 66 3 523 0 66
519 341 76 4 533 116 192
49 394 78 3 611 139 217
460 676 27 2 703 0 27
106 688 32 4 735 15 47
889 785 27 1 812 0 27
766 860 28 3 888 0 28
382 895 39 3 934 0 39
992 952 26 2 978 0 26
389 849 42 4 984 93 135
462 779 49 3 990 162 211
348 731 61 4 1007 215 276
110 1057 37 2 1094 0 37
450 876 62 1 1106 168 230
937 1125 32 3 1157 0 32
405 1228 29 2 1257 0 29
189 1198 37 3 1264 29 66
440 1119 70 1 1287 98 168
690 1326 26 1 1352 0 26
97 1291 50 2 1367 26 76
243 1401 41 2 1442 0 41
264 1502 40 4 1542 0 40
88 1525 59 1 1601 17 76
89 1475 60 2 1634 99 159
840 1377 70 4 1647 200 270
104 1655 54 2 1709 0 54
838 1715 38 4 1753 0 38
779 1802 39 4 1841 0 39
338 1767 69 4 1875 39 108
584 1442 73 3 1920 405 478
524 931 78 3 1971 962 1040
980 1979 58 4 2037 0 58
591 1586 79 4 2108 443 522
422 2242 28 1 2270 0 28
16 2205 44 1 2277 28 72
965 2194 67 4 2333 72 139
280 1187 89 4 2336 1060 1149
753 2406 57 1 2463 0 57
961 2469 41 3 2510 0 41
179 2467 48 3 2556 41 89
14 2513 60 4 2616 43 103
98 2389 68 4 2663 206 274
443 2484 73 2 2736 179 252
954 2769 29 4 2798 0 29
667 1267 92 4 2804 1445 1537
601 2822 36 1 2858 0 36
602 2888 49 4 2937 0 49
516 2808 67 1 2960 85 152
496 3020 35 1 3055 0 35
681 3086 42 3 3128 0 42
274 3116 44 4 3172 12 56
206 3016 85 4 3222 121 206
349 3246 55 1 3301 0 55
957 3317 42 2 3359 0 42
219 3393 44 2 3437 0 44
100 3480 22 4 3502 0 22
805 3474 28 4 3524 22 50
328 3524 58 3 3582 0 58
424 3645 23 3 3668 0 23
806 3708 21 3 3729 0 21
953 3665 54 2 3743 24 78
697 3702 66 4 3809 41 107
578 3851 30 2 3881 0 30
128 3813 49 4 3892 30 79
248 3973 62 3 4035 0 62
358 4079 44 2 4123 0 44
414 4072 48 4 4164 44 92
90 4189 28 2 4217 0 28
287 4158 81 4 4273 34 115
843 4323 30 2 4353 0 30
125 4363 28 2 4391 0 28
605 4452 31 3 4483 0 31
669 4545 26 4 4571 0 26
273 4605 24 3 4629 0 24
989 4573 43 3 4640 24 67
228 4661 44 2 4705 0 44
285 4735 24 2 4759 0 24
427 4661 46 2 4775 68 114
573 4510 62 4 4779 207 269
816 4826 42 4 4868 0 42
10 4870 58 4 4928 0 58
350 4710 63 4 4942 169 232
525 4982 27 3 5009 0 27
926 5043 36 4 5079 0 36
136 5044 37 3 5116 35 72
746 5139 63 1 5202 0 63
799 4975 69 2 5207 163 232
886 5246 37 1 5283 0 37
533 5215 49 4 5301 37 86
621 5324 39 1 5363 0 39
84 5395 26 4 5421 0 26
730 5466 26 3 5492 0 26
197 5503 23 3 5526 0 23
132 5481 28 1 5543 34 62
945 5566 21 2 5587 0 21
302 5504 39 2 5603 60 99
149 5402 52 2 5610 156 208
972 5356 62 3 5640 222 284
343 5651 39 4 5690 0 39
52 5736 28 2 5764 0 28
751 5757 38 3 5802 7 45
493 5837 48 4 5885 0 48
973 5898 23 4 5921 0 23
172 5888 32 2 5943 23 55
888 5930 34 1 5977 13 47
914 5946 36 2 6013 31 67
852 6036 20 4 6056 0 20
655 6097 24 1 6121 0 24
271 6077 27 4 6128 24 51
994 5892 48 4 6132 192 240
492 6025 50 4 6182 107 157
654 6213 21 1 6234 0 21
818 6192 24 4 6237 21 45
464 5804 53 4 6244 387 440
370 6026 53 2 6297 218 271
15 5563 63 2 6301 675 738
161 6184 68 4 6369 117 185
226 5903 73 2 6442 466 539
927 5679 78 3 6520 763 841
862 4586 79 2 6535 1870 1949
586 5919 80 4 6615 616 696
351 6668 44 2 6712 0 44
668 6761 26 2 6787 0 26
708 6733 46 1 6805 26 72
887 6670 50 2 6834 114 164
688 6847 29 4 6876 0 29
299 6656 71 1 6922 195 266
412 6956 43 1 6999 0 43
127 7040 39 3 7079 0 39
173 7086 37 4 7123 0 37
846 7175 29 2 7204 0 29
650 7092 57 4 7209 60 117
987 6997 59 4 7220 164 223
600 7242 27 1 7269 0 27
955 6948 76 2 7315 291 367
218 6336 80 3 7328 912 992
30 7440 32 4 7472 0 32
139 7419 41 4 7492 32 73
259 7431 49 4 7541 61 110
117 7439 52 4 7593 102 154
794 7617 27 2 7644 0 27
641 7393 62 3 7656 201 263
376 7479 62 1 7718 177 239
537 7720 33 3 7753 0 33
336 7740 41 2 7794 13 54
61 7839 42 3 7881 0 42
865 7768 47 2 7883 68 115
235 7729 56 4 7939 154 210
86 7860 67 4 8006 79 146
199 8034 22 2 8056 0 22
929 8084 28 2 8112 0 28
59 8133 22 4 8155 0 22
188 8097 33 3 8167 37 70
793 7628 72 4 8181 481 553
758 5913 84 2 8200 2203 2287
313 8269 20 4 8289 0 20
272 8250 30 2 8300 20 50
332 8265 53 4 8353 35 88
470 8362 21 4 8383 0 21
723 8360 43 3 8424 21 64
714 7856 86 3 8453 511 597
35 8539 44 3 8583 0 44
577 8602 49 4 8651 0 49
541 8664 36 3 8700 0 36
296 8523 53 3 8705 129 182
269 8745 22 4 8767 0 22
792 8727 29 2 8778 22 51
406 8869 34 3 8903 0 34
703 8918 21 1 8939 0 21
711 8881 42 1 8966 43 85
213 9030 30 4 9060 0 30
575 9051 40 4 9100 9 49
413 9006 43 4 9119 70 113
141 8917 45 4 9124 162 207
515 8918 47 2 9171 206 253
87 8828 53 2 9183 302 355
732 8738 60 2 9193 395 455
797 9205 25 4 9230 0 25
297 8695 63 4 9259 501 564
404 8515 71 3 9322 736 807
421 7833 88 4 9348 1427 1515
195 9404 33 3 9437 0 33
200 9362 75 3 9470 33 108
559 4742 88 3 9544 4714 4802
902 9584 21 2 9605 0 21
924 9593 26 4 9631 12 38
535 9642 56 3 9698 0 56
874 9753 29 4 9782 0 29
872 9778 41 4 9823 4 45
544 9831 37 4 9868 0 37
570 9841 46 2 9914 27 73
788 9712 49 1 9914 153 202
254 9997 21 3 10018 0 21
704 9957 46 3 10024 21 67
222 9768 55 3 10048 225 280
757 9967 55 3 10091 69 124
710 10092 41 4 10133 0 41
585 10165 21 2 10186 0 21
663 10134 43 4 10198 21 64
38 10281 25 4 10306 0 25
864 10246 42 1 10313 25 67
548 9814 55 1 10318 449 504
672 10064 57 1 10375 254 311
239 10128 67 2 10442 247 314
648 10492 38 3 10530 0 38
43 10486 45 4 10569 38 83
643 9584 73 4 10573 916 989
676 10449 91 4 10664 124 215
800 10678 57 2 10735 0 57
931 10803 21 4 10824 0 21
603 10805 24 2 10848 19 43
569 10900 21 3 10921 0 21
211 10879 33 4 10933 21 54
458 10882 40 3 10973 51 91
482 10857 47 3 10998 94 141
322 11022 27 4 11049 0 27
841 10848 69 3 11085 168 237
131 11151 31 3 11182 0 31
47 11111 40 3 11182 31 71
983 11132 58 3 11240 50 108
225 11293 58 4 11351 0 58
897 11497 27 4 11524 0 27
196 11454 69 4 11550 27 96
344 11409 77 3 11582 96 173
158 11299 80 1 11604 225 305
709 11627 39 4 11666 0 39
432 11706 27 1 11733 0 27
325 11727 35 3 11768 6 41
738 11634 43 4 11771 94 137
946 11764 43 3 11814 7 50
368 11896 21 3 11917 0 21
101 11945 40 2 11985 0 40
23 11936 69 2 12045 40 109
622 12059 28 3 12087 0 28
827 12130 34 3 12164 0 34
167 12130 44 2 12208 34 78
319 12248 27 3 12275 0 27
712 12285 28 4 12313 0 28
998 12338 42 4 12380 0 42
740 12300 52 3 12407 55 107
95 12301 56 3 12463 106 162
942 12556 36 1 12592 0 36
354 12582 37 4 12629 10 47
725 12614 49 4 12678 15 64
314 12718 24 4 12742 0 24
204 12622 51 1 12753 80 131
417 12760 22 2 12782 0 22
316 12890 41 3 12931 0 41
399 12815 80 4 12936 41 121
928 12949 92 2 13041 0 92
118 13045 56 2 13101 0 56
240 13463 27 3 13490 0 27
437 13554 22 2 13576 0 22
352 13636 41 4 13677 0 41
881 13723 21 4 13744 0 21
371 13758 32 2 13790 0 32
208 13775 60 3 13850 15 75
175 13863 46 1 13909 0 46
276 13712 67 2 13938 159 226
848 13744 71 4 14009 194 265
920 13871 75 4 14084 138 213
162 14188 31 4 14219 0 31
560 14280 31 4 14311 0 31
813 14246 40 3 14317 31 71
921 14124 92 4 14318 102 194
498 14453 29 2 14482 0 29
491 14518 31 3 14549 0 31
647 14552 34 4 14586 0 34
311 14641 21 4 14662 0 21
878 14617 29 4 14667 21 50
180 14589 57 4 14696 50 107
308 14783 23 4 14806 0 23
42 14759 28 4 14810 23 51
223 14766 28 3 14838 44 72
538 14746 37 3 14862 79 116
778 14918 37 4 14955 0 37
506 14872 56 1 14965 37 93
415 14980 29 3 15009 0 29
330 14882 60 3 15054 112 172
890 15100 43 3 15143 0 43
627 14831 60 1 15147 256 316
513 15149 49 2 15198 0 49
706 15241 38 3 15279 0 38
9 15180 67 4 15303 56 123
963 15210 70 4 15373 93 163
210 14685 74 2 15395 636 710
48 15409 77 4 15486 0 77
185 15510 27 4 15537 0 27
85 15503 38 3 15568 27 65
561 14854 83 1 15620 683 766
922 15671 25 3 15696 0 25
851 15704 39 3 15743 0 39
347 15690 43 2 15778 45 88
72 15651 45 4 15803 107 152
111 15888 34 4 15922 0 34
305 15829 62 2 15925 34 96
646 15869 72 2 15997 56 128
638 16016 28 3 16044 0 28
760 16083 22 2 16105 0 22
831 15796 87 2 16108 225 312
563 16173 30 3 16203 0 30
976 16350 23 4 16373 0 23
566 16326 28 4 16377 23 51
67 16352 28 3 16405 25 53
201 16405 32 3 16437 0 32
501 16304 35 4 16450 111 146
57 16294 39 3 16479 146 185
306 16501 48 2 16549 0 48
747 16419 52 3 16579 108 160
467 16607 33 3 16640 0 33
520 16641 43 1 16684 0 43
34 16560 60 3 16715 95 155
762 16781 29 4 16810 0 29
677 16794 39 4 16849 16 55
821 16869 25 2 16894 0 25
227 16777 45 2 16915 93 138
702 16624 62 3 16915 229 291
81 16376 68 4 16983 539 607
830 16413 70 4 17053 570 640
234 17101 33 4 17134 0 33
692 17075 36 4 17144 33 69
517 17097 40 3 17184 47 87
339 17076 48 1 17232 108 156
631 17196 65 3 17297 36 101
507 17332 45 4 17377 0 45
192 17406 24 4 17430 0 24
60 17414 34 2 17464 16 50
607 17469 27 4 17496 0 27
473 17518 22 4 17540 0 22
283 17496 33 4 17551 22 55
911 17409 49 4 17595 137 186
66 17639 42 4 17681 0 42
356 17451 50 4 17687 186 236
880 17727 32 4 17759 0 32
547 17753 34 4 17793 6 40
684 17337 59 3 17815 419 478
363 17541 59 3 17871 271 330
835 17724 59 3 17901 118 177
678 17285 65 2 17931 581 646
817 17990 40 4 18030 0 40
58 17285 70 1 18041 686 756
960 18060 21 2 18081 0 21
608 18088 54 3 18142 0 54
82 17126 78 3 18194 990 1068
326 18259 30 4 18289 0 30
96 18280 47 4 18336 9 56
212 17744 79 4 18350 527 606
152 17308 80 3 18430 1042 1122
673 17324 81 4 18511 1106 1187
759 17474 82 1 18593 1037 1119
310 18600 32 2 18632 0 32
735 18682 44 4 18726 0 44
614 18678 46 4 18768 44 90
270 18634 58 4 18782 90 148
194 18778 70 3 18852 4 74
24 18666 71 3 18923 186 257
552 18975 53 4 19028 0 53
438 18970 66 2 19089 53 119
22 19136 26 1 19162 0 26
772 19118 34 4 19178 26 60
939 17654 87 2 19180 1439 1526
359 16742 95 4 19253 2416 2511
165 19282 37 2 19319 0 37
532 19365 32 2 19397 0 32
191 19347 53 4 19432 32 85
307 19438 30 4 19468 0 30
682 19514 22 4 19536 0 22
952 19494 49 4 19565 22 71
718 19595 49 2 19644 0 49
683 19495 56 3 19670 119 175
558 19501 60 1 19730 169 229
435 19334 67 4 19752 351 418
469 19453 71 2 19823 299 370
962 19687 75 4 19898 136 211
786 19978 29 4 20007 0 29
475 19950 51 3 20030 29 80
971 20217 53 4 20270 0 53
679 20288 40 3 20328 0 40
666 20356 38 1 20394 0 38
401 20429 20 4 20449 0 20
996 20430 36 4 20485 19 55
640 20486 28 1 20514 0 28
429 20369 47 3 20525 109 156
388 20503 50 3 20575 22 72
4 20358 54 3 20629 217 271
769 20721 33 2 20754 0 33
597 20758 46 3 20804 0 46
866 20967 20 4 20987 0 20
323 20947 21 1 20988 20 41
834 21030 27 2 21057 0 27
991 21079 46 2 21125 0 46
728 21425 23 3 21448 0 23
28 21444 24 2 21472 4 28
988 21374 53 2 21474 47 100
589 21445 60 2 21534 29 89
637 21561 36 4 21597 0 36
320 21628 31 2 21659 0 31
610 21667 21 3 21688 0 21
378 21597 61 3 21710 52 113
749 21725 71 2 21796 0 71
392 21810 45 4 21855 0 45
408 21875 62 4 21937 0 62
854 21609 72 3 21960 279 351
974 22008 67 4 22075 0 67
763 22076 37 4 22113 0 37
242 22120 82 4 22202 0 82
384 22221 52 4 22273 0 52
617 22055 86 4 22332 191 277
261 21854 89 2 22373 430 519
244 22453 35 4 22488 0 35
233 22515 21 4 22536 0 21
220 22517 53 2 22589 19 72
724 22595 27 2 22622 0 27
859 22634 23 2 22657 0 23
985 22590 28 3 22668 50 78
883 22597 33 4 22701 71 104
785 22625 37 1 22738 76 113
826 22927 58 3 22985 0 58
707 23028 38 4 23066 0 38
434 23080 45 2 23125 0 45
687 23147 21 4 23168 0 21
303 23102 60 1 23206 44 104
357 23231 27 2 23258 0 27
812 23265 48 3 23313 0 48
721 23141 77 3 23358 140 217
288 23396 24 1 23420 0 24
625 23425 20 2 23445 0 20
912 23475 42 4 23517 0 42
291 23674 80 1 23754 0 80
94 23779 37 4 23816 0 37
898 23836 31 1 23867 0 31
619 23888 58 4 23946 0 58
634 23884 83 4 24025 58 141
391 24044 63 4 24107 0 63
459 24026 63 3 24152 63 126
950 24162 21 2 24183 0 21
250 24218 34 2 24252 0 34
455 24179 35 2 24252 38 73
80 24266 29 4 24295 0 29
461 24274 39 4 24334 21 60
781 24215 45 4 24365 105 150
694 24189 54 3 24419 176 230
403 24464 44 4 24508 0 44
31 24280 57 3 24520 183 240
733 24551 20 1 24571 0 20
884 24607 31 4 24638 0 31
214 24586 45 3 24662 31 76
144 24036 67 2 24673 570 637
433 24794 54 4 24848 0 54
984 24886 24 4 24910 0 24
844 24962 48 3 25010 0 48
279 24927 64 4 25039 48 112
531 25080 42 2 25122 0 42
765 25114 48 4 25170 8 56
518 25190 26 4 25216 0 26
231 25222 55 3 25277 0 55
268 25073 62 4 25306 171 233
71 25077 62 2 25368 229 291
903 25475 23 4 25498 0 23
636 25489 58 4 25556 9 67
502 25726 25 4 25751 0 25
771 25798 23 1 25821 0 23
281 25775 28 2 25826 23 51
121 25824 29 4 25855 2 31
828 25761 30 4 25871 80 110
807 25864 45 3 25916 7 52
722 26029 48 3 26077 0 48
198 26113 31 3 26144 0 31
484 26138 54 3 26198 6 60
717 26220 30 1 26250 0 30
304 26288 45 4 26333 0 45
774 26380 24 3 26404 0 24
580 26526 42 1 26568 0 42
19 26617 34 2 26651 0 34
221 26524 62 3 26662 76 138
824 26781 24 4 26805 0 24
808 26984 27 3 27011 0 27
112 26996 32 3 27043 15 47
613 26951 47 3 27057 59 106
184 27087 67 3 27154 0 67
416 27279 21 2 27300 0 21
215 27296 58 3 27358 4 62
444 27393 30 2 27423 0 30
836 27445 81 1 27526 0 81
402 27659 22 2 27681 0 22
896 27686 35 3 27721 0 35
229 27701 39 4 27760 20 59
545 27681 56 3 27811 74 130
716 27821 25 4 27846 0 25
528 27857 31 3 27888 0 31
400 27962 24 4 27986 0 24
441 27990 36 4 28026 0 36
986 28024 40 3 28066 2 42
969 27946 42 4 28088 100 142
224 27894 81 2 28117 142 223
767 28161 47 3 28208 0 47
107 28216 29 3 28245 0 29
76 28214 36 3 28279 29 65
164 28144 53 3 28309 112 165
65 28312 63 3 28375 0 63
981 28408 61 1 28469 0 61
885 28517 33 2 28550 0 33
345 28458 72 4 28574 44 116
1 28618 24 3 28642 0 24
203 28380 77 3 28647 190 267
791 28648 23 4 28671 0 23
312 28700 56 3 28756 0 56
982 28680 65 1 28801 56 121
245 28834 45 4 28879 0 45
660 28893 40 4 28933 0 40
145 29003 25 4 29028 0 25
142 28982 48 1 29055 25 73
993 28940 50 4 29063 73 123
178 28921 71 3 29127 135 206
901 29163 25 1 29188 0 25
353 29112 77 4 29229 40 117
157 28267 78 3 29242 897 975
318 29249 43 4 29292 0 43
598 27794 82 3 29313 1437 1519
860 29326 51 1 29377 0 51
393 29384 33 2 29417 0 33
526 28216 87 3 29484 1181 1268
609 29589 25 4 29614 0 25
25 29574 26 4 29625 25 51
252 29659 30 3 29689 0 30
83 29903 72 3 29975 0 72
298 29991 52 3 30043 0 52
342 30119 43 4 30162 0 43
327 30079 75 3 30197 43 118
385 30088 93 3 30290 109 202
581 30485 34 4 30519 0 34
873 30543 20 4 30563 0 20
789 30569 30 1 30599 0 30
662 30623 22 2 30645 0 22
829 30592 35 4 30656 29 64
941 30733 75 1 30808 0 75
632 30848 42 4 30890 0 42
423 30693 89 1 30899 117 206
407 30911 39 2 30950 0 39
238 30971 56 3 31027 0 56
755 30919 57 4 31063 87 144
77 31070 36 3 31106 0 36
776 31136 28 4 31164 0 28
595 31029 66 4 31193 98 164
375 31226 57 1 31283 0 57
842 31323 51 1 31374 0 51
465 31394 29 4 31423 0 29
216 31288 58 4 31426 80 138
367 31480 27 2 31507 0 27
124 31491 31 4 31538 16 47
742 31588 24 4 31612 0 24
75 31561 27 3 31612 24 51
689 31536 31 1 31620 53 84
623 31586 35 2 31655 34 69
3 31683 25 4 31708 0 25
770 31637 45 4 31725 43 88
290 31280 89 4 31755 386 475
837 31783 36 1 31819 0 36
122 31842 26 3 31868 0 26
289 31874 47 4 31921 0 47
908 31932 37 4 31969 0 37
217 32084 30 4 32114 0 30
468 32158 48 1 32206 0 48
249 32352 34 4 32386 0 34
247 32639 42 4 32681 0 42
18 32792 54 4 32846 0 54
825 32781 62 4 32897 54 116
879 32995 44 4 33039 0 44
166 33105 42 3 33147 0 42
20 33147 46 4 33193 0 46
820 33276 37 2 33313 0 37
55 33307 48 4 33361 6 54
671 33474 50 2 33524 0 50
483 33793 33 2 33826 0 33
140 33803 34 1 33860 23 57
656 33852 39 4 33899 8 47
133 33814 52 4 33951 85 137
999 34002 23 3 34025 0 23
587 34086 20 4 34106 0 20
209 34074 25 3 34119 20 45
317 34039 57 4 34141 45 102
62 33830 93 2 34169 246 339
783 34172 26 4 34198 0 26
744 34250 21 4 34271 0 21
46 34199 71 4 34291 21 92
1000 34381 50 4 34431 0 50
50 34451 40 4 34491 0 40
543 34648 26 2 34674 0 26
262 34776 35 2 34811 0 35
892 34873 28 2 34901 0 28
802 34936 56 4 34992 0 56
154 35033 96 2 35129 0 96
123 35238 23 3 35261 0 23
713 35217 27 2 35267 23 50
868 35248 34 2 35301 19 53
74 35264 41 1 35342 37 78
113 35252 47 4 35389 90 137
445 35483 58 3 35541 0 58
390 35459 64 3 35581 58 122
596 35603 27 1 35630 0 27
366 35792 28 3 35820 0 28
489 35775 38 4 35841 28 66
809 35820 38 3 35879 21 59
882 35729 72 4 35905 104 176
284 35667 94 4 35937 176 270
557 35978 20 3 35998 0 20
329 36190 30 4 36220 0 30
64 36186 43 1 36259 30 73
183 36171 51 3 36295 73 124
739 36402 28 4 36430 0 28
917 36434 35 3 36469 0 35
839 36495 41 3 36536 0 41
691 36496 57 4 36593 40 97
477 36640 37 1 36677 0 37
27 36722 49 4 36771 0 49
975 36862 23 4 36885 0 23
69 36794 71 4 36888 23 94
381 36789 73 4 36956 94 167
959 37005 24 4 37029 0 24
508 37018 76 3 37105 11 87
726 37187 27 2 37214 0 27
33 37169 44 4 37240 27 71
301 37340 22 3 37362 0 22
256 37317 37 3 37376 22 59
119 37443 43 4 37486 0 43
426 37576 25 4 37601 0 25
944 37641 48 2 37689 0 48
193 37687 72 2 37761 2 74
109 38300 24 4 38324 0 24
861 38316 24 3 38348 8 32
39 38241 63 3 38352 48 111
236 38165 83 2 38359 111 194
590 38373 50 2 38423 0 50
925 38484 22 1 38506 0 22
160 38552 69 3 38621 0 69
795 38867 32 1 38899 0 32
395 38903 45 4 38948 0 45
251 38927 46 3 38994 21 67
787 38850 60 3 39033 123 183
877 39080 38 4 39118 0 38
593 39351 26 3 39377 0 26
798 39416 57 4 39473 0 57
21 39511 24 4 39535 0 24
451 39570 50 2 39620 0 50
628 39627 31 4 39658 0 31
419 39766 26 1 39792 0 26
780 39784 47 3 39839 8 55
108 39888 46 2 39934 0 46
565 39832 67 3 39952 53 120
479 40008 37 3 40045 0 37
40 40116 23 4 40139 0 23
594 40162 33 3 40195 0 33
321 40210 27 4 40237 0 27
466 40198 37 2 40262 27 64
365 40210 40 3 40302 52 92
93 40099 72 4 40331 160 232
452 40479 25 3 40504 0 25
782 40561 29 2 40590 0 29
295 40544 61 3 40634 29 90
138 40637 30 2 40667 0 30
494 40530 75 2 40725 120 195
876 40849 47 1 40896 0 47
246 41043 33 1 41076 0 33
906 41122 33 2 41155 0 33
187 41152 56 4 41211 3 59
748 41047 84 4 41249 118 202
315 41283 21 2 41304 0 21
102 41308 54 4 41362 0 54
340 41457 25 2 41482 0 25
232 41443 74 4 41542 25 99
583 41359 82 3 41543 102 184
899 41029 84 1 41575 462 546
695 40998 87 4 41631 546 633
553 41762 69 4 41831 0 69
576 41876 23 3 41899 0 23
333 41868 72 2 41963 23 95
652 42009 52 3 42061 0 52
504 42046 64 4 42125 15 79
448 42150 23 2 42173 0 23
453 42428 36 1 42464 0 36
362 42508 30 4 42538 0 30
657 42648 23 3 42671 0 23
645 42687 70 4 42757 0 70
592 42821 31 2 42852 0 31
120 42800 35 3 42866 31 66
487 42794 49 4 42909 66 115
169 42812 50 3 42959 97 147
752 42652 73 4 42979 254 327
968 42733 89 3 43068 246 335
731 43078 51 3 43129 0 51
737 43159 41 3 43200 0 41
457 43136 94 2 43271 41 135
456 43543 44 3 43587 0 44
41 43590 58 1 43648 0 58
286 43691 93 3 43784 0 93
801 43803 61 4 43864 0 61
777 43927 65 4 43992 0 65
534 43806 80 4 44009 123 203
73 44293 54 4 44347 0 54
449 44486 20 3 44506 0 20
743 44523 33 4 44556 0 33
612 44439 71 3 44563 53 124
267 44585 53 4 44638 0 53
263 44714 25 3 44739 0 25
202 44801 55 2 44856 0 55
895 44865 52 3 44917 0 52
764 44946 30 2 44976 0 30
159 44842 84 4 45022 96 180
891 45138 26 2 45164 0 26
68 45178 45 4 45223 0 45
32 45119 60 4 45250 71 131
56 45067 67 3 45265 131 198
913 45770 30 4 45800 0 30
894 45862 52 4 45914 0 52
629 46007 45 1 46052 0 45
850 46055 55 1 46110 0 55
205 46144 38 2 46182 0 38
436 46199 60 4 46259 0 60
411 46545 22 2 46567 0 22
488 46545 41 4 46608 22 63
734 46799 29 3 46828 0 29
680 46898 21 2 46919 0 21
693 46984 22 3 47006 0 22
833 47143 21 2 47164 0 21
661 47147 23 4 47187 17 40
867 47236 61 3 47297 0 61
372 47375 43 1 47418 0 43
418 47369 72 4 47484 43 115
964 47289 73 4 47485 123 196
870 47561 40 3 47601 0 40
943 47379 78 4 47603 146 224
615 47609 50 3 47659 0 50
446 47709 23 3 47732 0 23
940 47743 60 2 47803 0 60
750 47898 24 4 47922 0 24
309 47904 31 2 47953 18 49
480 47871 33 3 47959 55 88
294 47890 34 3 47993 69 103
471 47839 68 4 48029 122 190
909 47695 69 3 48037 273 342
572 48038 75 4 48113 0 75
394 47446 88 3 48158 624 712
11 48215 38 4 48253 0 38
665 48349 21 4 48370 0 21
5 48424 50 4 48474 0 50
53 48336 68 1 48475 71 139
430 48541 30 4 48571 0 30
51 48614 35 2 48649 0 35
658 48614 40 3 48689 35 75
265 48797 55 4 48852 0 55
674 48876 66 4 48942 0 66
12 48965 23 2 48988 0 23
871 48953 30 3 49006 23 53
510 49003 33 4 49039 3 36
814 48959 67 4 49106 80 147
849 49161 50 4 49211 0 50
425 49306 53 4 49359 0 53
148 49323 57 2 49416 36 93
900 49464 39 2 49503 0 39
258 49342 59 3 49514 113 172
934 49534 58 4 49592 0 58
571 49488 66 4 49638 84 150
114 49648 37 4 49685 0 37
651 49824 35 2 49859 0 35
155 49963 73 2 50036 0 73
503 50047 67 4 50114 0 67
606 50147 28 3 50175 0 28
135 50457 74 3 50531 0 74
626 50549 45 2 50594 0 45
539 50715 25 1 50740 0 25
567 50718 49 4 50789 22 71
293 50955 61 4 51016 0 61
103 51022 49 3 51071 0 49
447 51168 42 4 51210 0 42
514 51168 62 3 51272 42 104
105 51410 34 3 51444 0 34
635 51699 22 3 51721 0 22
237 51806 31 3 51837 0 31
6 51844 25 4 51869 0 25
150 51758 73 2 51887 56 129
670 52019 51 3 52070 0 51
253 52048 58 4 52128 22 80
686 52229 49 3 52278 0 49
478 52511 24 4 52535 0 24
933 52417 56 4 52544 71 127
137 52427 56 4 52553 70 126
463 52637 52 2 52689 0 52
773 52812 23 3 52835 0 23
486 53077 27 3 53104 0 27
472 53140 28 4 53168 0 28
624 53058 61 4 53174 55 116
130 53282 75 4 53357 0 75
163 53439 34 1 53473 0 34
698 53611 62 4 53673 0 62
915 53897 23 2 53920 0 23
17 53870 31 3 53924 23 54
756 54001 31 3 54032 0 31
397 54007 33 3 54066 26 59
997 54064 33 3 54098 1 34
37 54157 57 1 54214 0 57
736 54214 68 4 54282 0 68
171 54328 34 2 54362 0 34
116 54588 31 2 54619 0 31
509 54562 51 3 54644 31 82
555 54714 37 3 54751 0 37
554 54876 44 4 54920 0 44
115 55022 21 3 55043 0 21
823 55292 36 4 55328 0 36
907 55319 38 4 55366 9 47
618 55253 50 2 55377 74 124
474 55402 47 2 55449 0 47
497 55457 21 3 55478 0 21
653 55476 28 4 55506 2 30
282 55562 22 3 55584 0 22
620 55658 64 4 55722 0 64
476 55919 23 4 55942 0 23
91 55958 33 3 55991 0 33
819 56390 40 3 56430 0 40
174 56462 26 2 56488 0 26
523 56633 63 2 56696 0 63
966 57020 95 4 57115 0 95
811 57207 21 2 57228 0 21
361 57303 26 2 57329 0 26
562 57431 55 3 57486 0 55
741 57587 23 3 57610 0 23
604 57773 33 3 57806 0 33
530 57918 26 4 57944 0 26
550 58161 41 3 58202 0 41
845 58283 33 4 58316 0 33
720 58257 52 4 58342 33 85
995 58331 80 2 58422 11 91
431 58447 30 3 58477 0 30
970 58168 83 4 58480 229 312
853 58582 48 2 58630 0 48
260 58506 91 4 58645 48 139
715 58715 64 4 58779 0 64
644 58808 21 4 58829 0 21
176 58895 22 4 58917 0 22
78 58881 25 3 58928 22 47
485 58838 43 4 58928 47 90
177 58890 65 1 58993 38 103
147 59059 35 3 59094 0 35
664 59038 70 2 59143 35 105
856 59359 42 4 59401 0 42
863 59360 48 3 59449 41 89
803 59384 55 2 59504 65 120
847 59508 39 3 59547 0 39
334 59594 45 4 59639 0 45
919 59459 83 4 59671 129 212
775 59862 27 2 59889 0 27
936 60696 53 3 60749 0 53
355 60946 21 1 60967 0 21
331 60948 31 4 60998 19 50
527 60959 40 4 61038 39 79
79 61162 37 3 61199 0 37
92 61199 39 4 61238 0 39
768 61177 40 4 61278 61 101
932 61382 21 2 61403 0 21
540 61369 36 3 61426 21 57
44 61487 20 4 61507 0 20
129 61500 51 3 61558 7 58
810 61816 39 3 61855 0 39
893 62037 51 3 62088 0 51
761 62434 46 4 62480 0 46
611 62503 30 3 62533 0 30
967 62557 21 3 62578 0 21
923 62588 71 1 62659 0 71
255 62662 28 4 62690 0 28
956 62825 22 4 62847 0 22
549 62811 28 1 62861 22 50
522 62776 75 3 62901 50 125
796 62941 48 4 62989 0 48
869 62992 21 1 63013 0 21
134 63325 79 4 63404 0 79
495 63530 74 4 63604 0 74
551 63796 36 4 63832 0 36
369 63825 42 4 63874 7 49
521 64003 22 2 64025 0 22
207 63979 24 4 64025 22 46
649 63952 42 2 64040 46 88
153 63915 45 3 64048 88 133
642 64163 31 4 64194 0 31
804 64526 67 4 64593 0 67
727 64618 40 2 64658 0 40
277 64636 49 4 64707 22 71
278 64817 21 4 64838 0 21
36 65300 52 4 65352 0 52
26 65500 20 4 65520 0 20
257 65861 37 3 65898 0 37
190 66204 50 1 66254 0 50
599 66254 51 3 66305 0 51
958 66283 65 4 66370 22 87
126 66509 61 4 66570 0 61
546 66701 51 2 66752 0 51
910 66856 27 2 66883 0 27
905 67026 47 4 67073 0 47
386 67109 24 3 67133 0 24
579 67000 66 4 67137 71 137
977 67493 32 3 67525 0 32
696 67482 71 4 67585 32 103
8 67863 57 4 67920 0 57
745 67822 62 4 67941 57 119
832 67963 48 2 68011 0 48
979 68022 50 4 68072 0 50
633 67802 69 4 68088 217 286
949 68144 87 4 68231 0 87
511 68436 53 4 68489 0 53
699 68664 27 3 68691 0 27
2 68802 46 1 68848 0 46
45 69134 32 3 69166 0 32
346 69124 46 4 69202 32 78
855 69451 76 1 69527 0 76
947 69598 47 3 69645 0 47
719 69718 43 2 69761 0 43
379 69814 55 3 69869 0 55
364 69964 81 3 70045 0 81
701 70058 21 1 70079 0 21
29 70481 47 2 70528 0 47
978 70599 40 1 70639 0 40
568 71322 45 4 71367 0 45
373 71363 68 2 71435 4 72
490 71461 76 2 71537 0 76
170 71745 45 4 71790 0 45
383 71827 34 2 71861 0 34
616 71860 41 4 71902 1 42
938 72737 52 3 72789 0 52
729 72978 23 3 73001 0 23
146 73097 29 3 73126 0 29
916 73345 32 3 73377 0 32
182 73756 34 3 73790 0 34
918 73718 39 2 73791 34 73
639 73800 25 4 73825 0 25
360 73881 40 4 73921 0 40
181 74070 58 2 74128 0 58
790 74416 38 3 74454 0 38
529 74517 22 2 74539 0 22
300 74479 44 4 74545 22 66
875 74445 50 1 74570 75 125
505 74626 48 2 74674 0 48
292 75438 44 1 75482 0 44
337 75811 58 4 75869 0 58
230 76042 66 3 76108 0 66
588 76320 29 1 76349 0 29
512 76341 32 4 76381 8 40
574 76508 30 4 76538 0 30
341 76665 53 3 76718 0 53
948 77005 23 4 77028 0 23
990 77939 30 2 77969 0 30
439 78063 40 4 78103 0 40
156 78123 32 4 78155 0 32
442 78251 63 4 78314 0 63
630 78680 21 4 78701 0 21
54 78953 62 3 79015 0 62
685 79200 50 4 79250 0 50
582 80016 50 4 80066 0 50
387 80239 21 1 80260 0 21
380 80537 35 4 80572 0 35
410 80735 34 3 80769 0 34
428 80886 61 4 80947 0 61
659 81662 59 3 81721 0 59
377 81972 22 2 81994 0 22
396 81987 41 2 82035 7 48
700 81980 52 4 82087 55 107
536 82974 59 2 83033 0 59
143 83039 96 1 83135 0 96
335 83583 60 4 83643 0 60
822 83970 27 2 83997 0 27
374 84522 21 4 84543 0 21
241 84587 37 3 84624 0 37
275 84655 24 4 84679 0 24
454 84704 40 1 84744 0 40
481 85167 44 3 85211 0 44
398 85542 66 4 85608 0 66
951 85493 67 2 85626 66 133
151 85585 78 3 85704 41 119
784 85974 50 3 86024 0 50
705 86772 71 1 86843 0 71
904 87857 27 3 87884 0 27
409 88079 27 1 88106 0 27
556 88125 58 3 88183 0 58
13 88660 65 3 88725 0 65
857 88821 38 4 88859 0 38
815 89222 32 2 89254 0 32
186 89230 35 2 89289 24 59
499 89420 38 1 89458 0 38
324 89963 27 3 89990 0 27
420 91884 49 4 91933 0 49
930 92074 25 4 92099 0 25
63 92560 30 4 92590 0 30
542 93332 27 4 93359 0 27
564 95307 39 3 95346 0 39
500 96403 58 4 96461 0 58
754 96939 25 4 96964 0 25
