96932 1000 110 63
102 33 25 2 58 0 25
589 161 39 1 200 0 39
847 184 50 2 251 17 67
434 259 52 4 311 0 52
706 347 31 4 378 0 31
406 353 25 2 404 26 51
157 375 39 4 443 29 68
751 376 43 2 486 67 110
624 404 24 4 511 83 107
191 423 55 3 566 88 143
604 485 68 1 634 81 149
325 491 69 4 704 144 213
783 505 86 2 790 199 285
277 508 21 1 811 282 303
791 702 49 4 861 110 159
836 715 43 4 904 146 189
597 731 26 3 930 173 199
7 832 25 4 956 99 124
288 838 53 3 1009 118 171
712 908 60 4 1069 101 161
362 945 29 4 1099 125 154
969 1038 30 3 1129 61 91
377 1091 85 4 1215 39 124
557 1230 62 4 1292 0 62
941 1262 47 3 1340 31 78
614 1331 23 1 1364 10 33
250 1386 49 4 1435 0 49
184 1460 51 4 1511 0 51
828 1465 31 4 1543 47 78
889 1616 27 4 1643 0 27
243 1724 44 3 1768 0 44
884 1743 67 2 1836 26 93
195 1781 31 2 1868 56 87
671 1838 58 3 1927 31 89
448 1871 67 4 1995 57 124
173 1884 56 4 2051 111 167
653 1938 31 2 2083 114 145
31 2053 56 4 2140 31 87
408 2099 30 3 2171 42 72
581 2173 25 3 2198 0 25
978 2177 66 2 2265 22 88
295 2220 68 2 2334 46 114
161 2237 41 3 2375 97 138
666 2247 55 3 2430 128 183
66 2348 61 4 2492 83 144
688 2398 28 3 2520 94 122
488 2471 62 4 2583 50 112
649 2483 55 2 2638 100 155
796 2573 51 4 2690 66 117
667 2578 57 2 2747 112 169
392 2592 55 3 2802 155 210
701 2630 23 3 2825 172 195
947 2698 46 2 2872 128 174
944 2717 35 4 2907 155 190
481 2719 55 2 2962 188 243
309 2749 34 4 2996 213 247
972 2891 83 1 3080 106 189
728 2968 40 2 3120 112 152
467 3105 45 4 3166 16 61
668 3127 62 4 3229 40 102
873 3205 23 4 3253 25 48
675 3225 38 4 3291 28 66
550 3320 24 4 3344 0 24
782 3370 56 3 3426 0 56
386 3384 47 4 3474 43 90
471 3443 82 4 3557 32 114
278 3554 40 3 3598 4 44
747 3556 55 2 3653 42 97
493 3666 28 2 3694 0 28
4 3752 43 3 3795 0 43
563 3929 53 2 3982 0 53
357 3946 61 3 4044 37 98
655 3947 32 4 4076 97 129
925 3972 52 2 4128 104 156
943 4059 28 3 4157 70 98
39 4135 33 2 4191 23 56
438 4137 52 2 4243 54 106
222 4139 29 4 4272 104 133
359 4139 40 3 4312 133 173
92 4199 41 4 4354 114 155
509 4242 60 1 4414 112 172
216 4250 45 1 4459 164 209
210 4296 62 3 4521 163 225
110 4360 33 4 4555 162 195
339 4372 28 2 4583 183 211
954 4456 83 3 4666 127 210
373 4464 32 4 4698 202 234
136 4524 44 3 4743 175 219
364 4563 45 2 4788 180 225
927 4610 84 2 4872 178 262
768 4640 36 4 4908 232 268
621 4654 55 3 4963 254 309
15 4750 48 1 5012 214 262
961 4785 82 4 5094 227 309
534 4889 21 3 5115 205 226
98 4920 21 2 5136 195 216
181 4922 28 4 5164 214 242
35 4972 70 4 5235 193 263
813 4999 65 2 5300 236 301
27 5112 49 4 5349 188 237
870 5136 83 3 5432 213 296
942 5188 41 3 5474 245 286
425 5212 56 3 5530 262 318
766 5245 33 4 5563 285 318
46 5263 39 3 5602 300 339
154 5295 46 4 5648 307 353
208 5328 30 3 5678 320 350
918 5364 36 1 5714 314 350
591 5376 67 3 5781 338 405
308 5489 32 2 5814 293 325
986 5559 59 4 5873 255 314
205 5575 45 1 5918 298 343
703 5614 39 2 5957 304 343
169 5657 23 2 5980 300 323
300 5675 57 1 6037 305 362
586 5734 23 3 6060 303 326
716 5735 70 3 6130 325 395
968 5762 41 4 6171 368 409
886 5937 44 4 6216 235 279
361 5956 23 4 6239 260 283
596 5963 80 4 6319 276 356
47 5965 39 3 6358 354 393
378 6252 26 3 6385 107 133
798 6266 28 4 6413 119 147
575 6345 31 3 6444 68 99
907 6350 64 3 6508 94 158
755 6416 26 3 6535 93 119
924 6432 79 4 6614 103 182
287 6575 57 4 6672 40 97
739 6583 54 4 6726 89 143
562 6746 69 1 6815 0 69
19 6793 76 4 6892 23 99
61 6814 54 4 6946 78 132
899 6843 20 4 6967 104 124
748 6847 34 4 7001 120 154
606 6889 34 4 7035 112 146
266 6996 30 2 7066 40 70
387 7057 36 3 7103 10 46
771 7085 54 3 7158 19 73
950 7098 25 4 7183 60 85
347 7212 89 2 7301 0 89
220 7276 83 4 7385 26 109
227 7339 62 3 7448 47 109
83 7356 52 3 7500 92 144
825 7488 32 3 7533 13 45
602 7549 43 3 7592 0 43
734 7621 23 4 7644 0 23
619 7645 29 1 7674 0 29
992 7656 38 4 7713 19 57
180 7695 38 4 7752 19 57
926 7701 20 4 7772 51 71
551 7706 44 4 7816 66 110
646 7788 52 3 7869 29 81
399 7845 41 4 7911 25 66
776 7901 47 3 7959 11 58
674 7918 40 4 8000 42 82
914 8060 46 2 8106 0 46
799 8132 98 4 8230 0 98
579 8265 41 3 8306 0 41
527 8299 28 4 8335 8 36
971 8315 91 4 8427 21 112
632 8479 46 2 8525 0 46
935 8505 79 3 8605 21 100
949 8581 70 2 8676 25 95
684 8604 26 2 8702 72 98
470 8620 43 4 8746 83 126
95 8747 21 4 8768 0 21
217 8771 44 3 8815 0 44
678 8866 27 2 8893 0 27
352 8879 42 4 8936 15 57
913 8886 95 3 9031 50 145
187 8894 67 4 9098 137 204
554 8903 26 2 9125 196 222
424 8904 27 2 9152 221 248
745 8958 63 2 9215 194 257
394 8965 24 4 9239 250 274
165 9004 35 4 9274 235 270
255 9007 65 4 9339 267 332
934 9088 33 2 9372 251 284
682 9100 69 3 9442 273 342
778 9202 24 3 9466 240 264
162 9284 40 3 9506 182 222
1 9317 38 2 9544 189 227
521 9346 24 4 9568 198 222
879 9379 54 4 9623 190 244
911 9380 27 3 9650 243 270
960 9654 25 4 9679 0 25
390 9697 45 2 9742 0 45
442 9751 41 3 9792 0 41
433 9867 54 3 9921 0 54
736 9910 80 3 10002 12 92
998 9953 27 4 10030 50 77
787 10038 59 3 10097 0 59
650 10058 66 4 10164 40 106
328 10060 63 4 10227 104 167
26 10060 41 4 10268 167 208
332 10078 83 2 10351 190 273
171 10087 51 2 10402 264 315
363 10104 39 2 10442 299 338
981 10229 42 2 10484 213 255
476 10232 56 2 10540 252 308
478 10267 70 4 10610 273 343
677 10348 47 1 10657 262 309
104 10363 39 4 10696 294 333
402 10401 27 3 10723 295 322
9 10425 51 2 10775 299 350
976 10719 24 2 10799 56 80
199 10761 55 3 10855 39 94
356 10818 47 4 10903 38 85
651 10836 42 2 10945 67 109
200 10839 20 1 10965 106 126
643 10880 40 4 11006 86 126
625 10997 76 3 11083 10 86
198 10998 62 4 11145 85 147
84 11031 27 4 11173 115 142
975 11090 37 2 11210 83 120
293 11183 52 3 11263 28 80
753 11262 28 3 11292 2 30
246 11356 25 4 11381 0 25
539 11412 25 3 11437 0 25
740 11467 41 4 11508 0 41
282 11470 44 4 11553 39 83
453 11527 33 3 11587 27 60
209 11532 40 4 11627 55 95
489 11608 31 2 11659 20 51
224 11698 53 2 11751 0 53
235 11703 64 2 11816 49 113
422 11794 41 3 11858 23 64
866 11803 35 4 11893 55 90
229 11813 87 3 11980 80 167
790 11845 50 4 12031 136 186
159 11863 27 3 12058 168 195
566 11923 48 3 12106 135 183
464 12016 62 4 12169 91 153
317 12027 56 1 12225 142 198
627 12027 43 2 12268 198 241
192 12093 28 3 12296 175 203
141 12291 24 4 12321 6 30
256 12311 42 2 12364 11 53
160 12324 65 4 12430 41 106
692 12381 56 4 12487 50 106
792 12393 37 4 12524 94 131
360 12400 39 2 12563 124 163
254 12523 21 4 12585 41 62
696 12540 59 3 12644 45 104
568 12549 84 4 12728 95 179
49 12565 41 4 12770 164 205
170 12665 64 4 12834 105 169
494 12725 41 4 12875 109 150
54 12727 41 4 12916 148 189
202 12741 50 2 12967 176 226
977 12760 32 4 12999 207 239
272 13003 22 1 13025 0 22
963 13033 27 2 13060 0 27
312 13073 47 4 13120 0 47
43 13130 21 3 13151 0 21
318 13156 53 4 13209 0 53
857 13196 47 2 13257 14 61
178 13258 76 4 13334 0 76
370 13260 35 4 13370 75 110
512 13274 74 2 13444 96 170
263 13333 51 1 13495 111 162
340 13357 45 3 13541 139 184
166 13374 53 4 13594 167 220
393 13498 70 2 13665 97 167
330 13580 58 4 13723 85 143
297 13613 24 4 13748 111 135
952 13770 30 4 13800 0 30
371 13801 57 4 13858 0 57
513 13911 88 2 13999 0 88
213 14198 29 3 14227 0 29
486 14264 49 4 14313 0 49
490 14303 30 4 14344 11 41
14 14306 60 3 14404 38 98
13 14447 28 3 14475 0 28
441 14455 63 4 14539 21 84
827 14487 63 3 14603 53 116
343 14571 51 4 14655 33 84
121 14580 62 1 14717 75 137
197 14591 50 2 14767 126 176
932 14628 29 4 14797 140 169
658 14638 82 4 14879 159 241
451 14784 47 3 14927 96 143
838 14863 83 3 15010 64 147
327 15063 56 2 15119 0 56
629 15142 36 4 15178 0 36
875 15143 37 1 15216 36 73
57 15236 38 4 15274 0 38
869 15245 34 1 15309 30 64
498 15250 35 4 15344 59 94
284 15250 59 4 15403 94 153
695 15252 45 2 15448 151 196
542 15262 24 4 15472 186 210
473 15415 57 4 15530 58 115
189 15473 46 1 15576 57 103
545 15476 35 3 15612 101 136
829 15521 33 2 15645 91 124
285 15563 22 4 15667 82 104
100 15588 44 4 15712 80 124
664 15607 88 2 15800 105 193
236 15713 78 3 15879 88 166
974 15733 65 4 15944 146 211
107 15743 21 2 15965 201 222
988 15760 21 4 15986 205 226
680 15763 20 2 16006 223 243
896 15805 64 1 16071 202 266
647 15828 45 2 16116 243 288
313 15850 53 3 16169 266 319
3 15906 27 2 16196 263 290
823 15934 47 1 16243 262 309
786 15961 52 4 16295 282 334
484 15964 21 1 16316 331 352
603 15987 79 2 16395 329 408
196 16051 41 4 16437 345 386
585 16051 29 4 16466 386 415
840 16093 64 4 16530 373 437
761 16124 52 1 16582 406 458
41 16196 35 4 16617 386 421
414 16209 23 3 16640 408 431
841 16268 24 3 16664 372 396
895 16416 67 3 16732 249 316
461 16504 46 4 16778 228 274
685 16572 56 2 16834 206 262
244 16706 79 4 16914 129 208
806 16863 65 4 16980 52 117
81 16941 38 4 17019 40 78
600 17015 30 4 17050 5 35
129 17016 39 2 17089 34 73
275 17021 71 2 17161 69 140
615 17030 29 4 17190 131 160
660 17044 54 3 17244 146 200
70 17107 30 4 17275 138 168
702 17219 68 3 17343 56 124
315 17219 41 3 17384 124 165
204 17341 26 4 17411 44 70
631 17351 35 4 17446 60 95
775 17382 76 3 17522 64 140
273 17387 41 2 17564 136 177
201 17408 88 4 17652 156 244
610 17420 63 3 17715 232 295
883 17477 44 2 17759 238 282
240 17495 26 1 17785 264 290
45 17498 31 3 17816 287 318
322 17524 84 1 17901 293 377
553 17626 26 4 17927 275 301
718 17637 29 4 17956 290 319
286 17705 23 1 17979 251 274
21 17709 27 4 18006 270 297
663 17782 69 1 18075 224 293
436 17797 49 2 18124 278 327
528 17908 25 2 18150 217 242
612 18012 47 3 18197 138 185
503 18086 39 1 18236 111 150
735 18101 22 3 18258 135 157
905 18193 30 3 18289 66 96
705 18256 53 3 18342 33 86
179 18295 69 4 18412 48 117
904 18333 71 1 18483 79 150
334 18382 21 1 18505 102 123
214 18432 42 2 18547 73 115
867 18447 55 2 18602 100 155
403 18602 66 4 18669 1 67
52 18603 55 3 18724 66 121
726 18613 48 4 18773 112 160
496 18693 36 4 18809 80 116
331 18738 22 4 18832 72 94
997 18921 68 2 18989 0 68
570 18922 54 3 19044 68 122
816 19097 24 4 19121 0 24
608 19127 24 4 19151 0 24
68 19217 22 4 19239 0 22
743 19217 32 2 19271 22 54
59 19236 43 3 19315 36 79
722 19356 41 4 19397 0 41
593 19368 33 3 19431 30 63
910 19377 34 4 19465 54 88
955 19468 64 2 19532 0 64
920 19492 43 1 19576 41 84
93 19533 93 1 19669 43 136
142 19571 93 2 19763 99 192
119 19604 26 4 19789 159 185
398 19635 32 4 19821 154 186
797 19690 79 1 19901 132 211
30 19712 36 4 19937 189 225
151 19751 25 4 19962 186 211
633 19871 70 3 20033 92 162
881 19996 47 2 20081 38 85
348 20291 51 3 20342 0 51
469 20404 32 4 20436 0 32
697 20445 65 2 20510 0 65
428 20453 25 3 20536 58 83
894 20458 50 2 20586 78 128
672 20468 88 3 20674 118 206
133 20582 20 4 20695 93 113
426 20687 55 2 20751 9 64
6 20877 64 1 20941 0 64
569 21069 24 3 21093 0 24
559 21135 81 3 21216 0 81
269 21208 50 3 21267 9 59
520 21353 37 3 21390 0 37
416 21362 71 3 21462 29 100
113 21415 36 4 21499 48 84
487 21422 40 3 21539 77 117
238 21540 48 2 21588 0 48
694 21576 44 4 21633 13 57
258 21607 51 4 21685 27 78
544 21735 23 2 21758 0 23
725 21871 28 2 21899 0 28
807 21892 39 4 21939 8 47
87 21969 65 3 22034 0 65
174 22113 62 3 22175 0 62
333 22410 83 4 22493 0 83
723 22438 24 4 22518 56 80
381 22483 35 2 22553 35 70
785 22578 27 3 22605 0 27
853 22626 25 3 22651 0 25
676 22667 21 3 22688 0 21
773 22702 29 4 22731 0 29
423 22738 37 4 22775 0 37
8 22797 21 3 22818 0 21
302 22839 27 1 22866 0 27
65 22863 62 4 22929 4 66
648 22915 45 3 22975 15 60
922 22962 40 4 23016 14 54
132 22978 31 3 23048 39 70
549 23035 27 4 23076 14 41
11 23041 24 4 23100 35 59
912 23095 98 3 23199 6 104
526 23096 29 3 23228 103 132
301 23183 62 1 23291 46 108
802 23194 54 2 23345 97 151
645 23224 29 2 23374 121 150
382 23326 37 2 23412 49 86
892 23379 92 4 23505 34 126
85 23489 22 3 23528 17 39
319 23590 44 4 23634 0 44
877 23697 56 2 23753 0 56
874 23847 34 3 23881 0 34
310 23921 49 1 23970 0 49
902 23980 34 4 24014 0 34
417 24028 38 3 24066 0 38
384 24097 51 4 24148 0 51
531 24384 79 4 24463 0 79
480 24464 57 1 24521 0 57
38 24508 32 3 24554 14 46
103 24530 79 4 24634 25 104
518 24547 56 4 24690 87 143
230 24752 28 4 24780 0 28
321 24906 74 2 24980 0 74
354 24921 75 4 25056 60 135
572 24972 49 3 25105 84 133
937 25041 55 4 25161 65 120
262 25071 24 3 25185 90 114
78 25144 71 2 25257 42 113
980 25164 51 1 25308 93 144
991 25192 42 4 25351 117 159
903 25231 30 4 25381 120 150
595 25234 56 4 25437 147 203
106 25277 72 3 25509 160 232
190 25291 29 3 25538 218 247
683 25301 71 3 25609 237 308
880 25308 34 4 25643 301 335
443 25359 34 2 25678 285 319
28 25491 50 4 25728 187 237
844 25504 22 4 25750 224 246
413 25507 69 2 25819 243 312
225 25559 24 4 25843 260 284
578 25640 96 2 25939 203 299
99 25648 32 4 25972 292 324
226 25657 55 3 26027 315 370
73 25776 48 4 26075 251 299
577 25805 64 4 26139 270 334
994 25892 53 4 26192 247 300
618 25916 28 2 26220 276 304
172 25918 79 4 26299 302 381
497 25989 30 1 26330 311 341
69 26098 42 4 26372 232 274
856 26218 33 3 26405 154 187
109 26322 30 3 26436 84 114
831 26388 66 3 26502 48 114
863 26438 64 4 26567 65 129
367 26503 46 4 26613 64 110
375 26590 43 4 26657 24 67
241 26644 25 3 26683 14 39
76 26700 45 4 26745 0 45
253 26802 62 3 26864 0 62
153 26869 59 2 26928 0 59
900 26982 56 4 27038 0 56
185 26986 67 4 27106 53 120
871 27025 36 4 27142 81 117
989 27087 43 4 27186 56 99
259 27203 28 2 27231 0 28
661 27282 26 2 27308 0 26
122 27306 54 4 27363 3 57
826 27359 29 3 27393 5 34
727 27363 34 1 27427 30 64
580 27425 75 2 27503 3 78
897 27446 26 3 27530 58 84
822 27533 57 2 27590 0 57
584 27581 38 4 27629 10 48
415 27621 29 4 27659 9 38
492 27656 71 4 27731 4 75
832 27681 44 4 27776 51 95
532 27729 34 4 27810 47 81
12 27754 34 3 27845 57 91
350 27773 25 3 27870 72 97
850 27804 41 4 27911 66 107
17 27969 30 4 27999 0 30
951 28034 63 3 28097 0 63
211 28191 31 3 28222 0 31
270 28255 58 2 28313 0 58
561 28331 42 4 28373 0 42
372 28376 32 4 28408 0 32
482 28521 57 1 28578 0 57
882 28630 90 3 28720 0 90
582 28631 54 2 28775 90 144
839 28685 36 3 28811 90 126
858 28700 94 3 28905 111 205
427 28716 46 4 28951 189 235
514 28793 39 1 28991 159 198
731 28810 27 3 29018 181 208
711 28812 44 4 29062 206 250
762 28927 61 4 29123 135 196
379 29186 64 1 29250 0 64
212 29201 38 2 29289 50 88
401 29263 66 3 29356 27 93
146 29312 73 4 29430 45 118
411 29326 31 4 29461 104 135
233 29338 21 2 29482 123 144
812 29444 78 3 29561 39 117
908 29451 62 3 29623 110 172
860 29834 25 3 29859 0 25
744 29870 82 4 29952 0 82
55 29901 41 2 29994 52 93
400 29926 27 4 30021 68 95
541 29935 59 4 30080 86 145
143 30184 62 1 30246 0 62
681 30252 24 4 30276 0 24
274 30291 87 4 30378 0 87
547 30333 51 3 30430 46 97
772 30398 42 4 30473 33 75
846 30531 26 3 30557 0 26
872 30602 40 4 30642 0 40
885 30649 55 4 30704 0 55
64 30689 46 4 30751 16 62
738 30773 46 2 30819 0 46
391 30883 53 3 30936 0 53
245 30938 21 4 30959 0 21
640 31126 94 3 31220 0 94
298 31149 59 4 31280 72 131
800 31276 42 4 31323 5 47
965 31311 69 3 31393 13 82
125 31389 46 3 31440 5 51
852 31484 22 2 31506 0 22
891 31486 21 2 31528 21 42
101 31717 25 4 31742 0 25
477 31719 21 3 31764 24 45
276 31774 81 3 31855 0 81
764 31781 88 4 31944 75 163
203 31816 40 2 31984 128 168
921 31899 40 2 32025 86 126
548 32084 80 3 32164 0 80
588 32216 21 3 32237 0 21
306 32378 42 4 32420 0 42
232 32488 41 4 32529 0 41
984 32617 75 3 32692 0 75
616 32648 40 4 32733 45 85
945 32740 23 2 32763 0 23
323 32744 29 1 32793 20 49
709 32908 25 2 32933 0 25
763 32965 58 2 33023 0 58
303 33029 32 4 33061 0 32
439 33089 46 4 33135 0 46
80 33136 37 3 33173 0 37
594 33237 78 3 33315 0 78
754 33239 40 3 33356 77 117
507 33249 42 3 33398 107 149
933 33334 38 2 33437 65 103
42 33355 30 4 33467 82 112
252 33422 32 3 33500 46 78
982 33534 42 3 33576 0 42
407 33592 37 4 33629 0 37
483 33629 38 4 33668 1 39
519 33646 40 3 33709 23 63
710 33647 63 3 33772 62 125
36 33710 83 3 33856 63 146
349 33837 59 3 33916 20 79
898 33946 32 4 33978 0 32
77 33985 79 4 34064 0 79
206 34194 62 4 34256 0 62
58 34208 25 4 34282 49 74
888 34284 43 3 34327 0 43
183 34375 24 3 34399 0 24
721 34486 44 2 34530 0 44
560 34503 23 4 34554 28 51
71 34526 85 3 34639 28 113
445 34584 26 2 34666 56 82
344 34619 25 1 34691 47 72
472 34760 58 3 34818 0 58
820 34782 36 2 34855 37 73
529 34842 34 4 34890 14 48
32 34877 81 3 34972 14 95
326 34907 35 4 35008 66 101
801 34963 76 4 35084 45 121
592 34988 74 4 35159 97 171
760 35074 33 4 35192 85 118
533 35082 36 4 35228 110 146
338 35196 23 1 35252 33 56
769 35357 65 4 35422 0 65
793 35546 68 4 35614 0 68
662 35637 29 4 35666 0 29
139 35714 22 3 35736 0 22
574 35728 60 4 35797 9 69
194 35784 38 4 35836 14 52
843 35795 48 2 35884 41 89
164 35960 68 3 36028 0 68
811 35978 69 4 36098 51 120
444 36300 39 3 36339 0 39
53 36311 53 3 36393 29 82
564 36313 24 4 36417 80 104
641 36335 42 1 36459 82 124
397 36370 23 4 36483 90 113
134 36494 32 3 36526 0 32
341 36507 84 3 36611 20 104
23 36533 39 4 36651 79 118
138 36849 48 3 36897 0 48
446 36950 60 2 37010 0 60
720 37091 67 3 37158 0 67
817 37120 59 2 37218 39 98
946 37144 35 3 37253 74 109
590 37186 21 4 37275 68 89
940 37190 62 4 37337 85 147
140 37204 65 3 37402 133 198
939 37235 49 3 37451 167 216
505 37239 62 3 37513 212 274
454 37342 27 4 37541 172 199
251 37344 73 3 37614 197 270
248 37364 24 4 37638 250 274
345 37411 64 4 37702 227 291
936 37555 24 2 37727 148 172
223 37606 37 2 37764 121 158
118 37606 38 2 37802 158 196
979 37787 43 4 37846 16 59
750 37845 39 4 37886 2 41
281 37983 45 3 38028 0 45
124 37996 30 3 38059 33 63
63 38098 59 3 38157 0 59
654 38259 50 4 38309 0 50
501 38486 61 2 38547 0 61
789 38525 63 1 38611 23 86
719 38540 72 1 38683 71 143
149 38709 41 3 38750 0 41
292 38908 28 2 38936 0 28
887 38933 58 2 38995 4 62
280 39073 29 1 39102 0 29
239 39174 28 2 39202 0 28
385 39174 47 2 39249 28 75
876 39228 52 2 39302 22 74
459 39481 86 1 39567 0 86
730 39561 62 3 39630 7 69
152 39586 75 3 39706 45 120
389 39704 34 4 39741 3 37
37 39723 35 1 39777 19 54
485 39856 53 2 39909 0 53
849 39879 52 4 39962 31 83
628 40225 62 4 40287 0 62
156 40306 26 4 40332 0 26
337 40344 62 4 40406 0 62
112 40578 55 4 40633 0 55
60 40659 34 4 40693 0 34
845 40675 54 2 40748 19 73
299 40985 78 4 41063 0 78
864 41097 83 3 41180 0 83
985 41205 47 3 41252 0 47
126 41245 27 4 41280 8 35
717 41355 52 1 41407 0 52
405 41364 80 3 41488 44 124
638 41473 50 1 41539 16 66
636 41633 66 3 41699 0 66
462 41881 67 2 41948 0 67
995 41970 47 3 42017 0 47
724 42027 73 2 42100 0 73
409 42328 37 3 42365 0 37
96 42432 24 4 42456 0 24
40 42459 52 3 42511 0 52
556 42488 73 3 42585 24 97
938 42544 58 4 42644 42 100
962 42678 96 4 42774 0 96
499 42863 28 3 42891 0 28
693 42981 21 3 43002 0 21
795 43016 58 4 43074 0 58
466 43137 46 3 43183 0 46
948 43246 27 1 43273 0 27
324 43314 51 4 43365 0 51
708 43327 26 3 43392 39 65
830 43395 38 1 43433 0 38
758 43500 24 3 43524 0 24
447 43720 67 3 43787 0 67
617 43873 30 4 43903 0 30
75 43889 51 2 43955 15 66
810 43986 64 4 44050 0 64
44 43990 35 3 44086 61 96
999 44061 58 3 44145 26 84
388 44186 32 1 44218 0 32
781 44371 62 2 44433 0 62
431 44398 36 4 44470 36 72
108 44555 35 4 44590 0 35
193 44591 41 4 44632 0 41
546 44800 30 4 44830 0 30
687 44846 61 3 44907 0 61
155 44848 21 2 44929 60 81
901 44956 53 4 45009 0 53
729 44991 22 1 45032 19 41
366 45038 22 2 45060 0 22
123 45046 45 4 45106 15 60
5 45055 47 2 45153 51 98
449 45056 33 4 45186 97 130
779 45062 28 4 45215 125 153
865 45101 34 2 45249 114 148
430 45117 36 4 45285 132 168
450 45351 22 4 45373 0 22
609 45354 75 4 45449 20 95
565 45804 28 1 45832 0 28
630 45827 24 4 45857 6 30
737 45865 57 3 45922 0 57
506 45995 63 3 46058 0 63
805 46098 35 3 46133 0 35
351 46157 45 4 46202 0 45
67 46198 30 4 46233 5 35
91 46272 44 3 46316 0 44
33 46463 57 4 46520 0 57
990 46508 57 4 46578 13 70
890 46675 23 4 46698 0 23
404 46679 53 2 46752 20 73
851 46829 50 4 46879 0 50
314 46969 59 3 47028 0 59
74 47024 21 2 47050 5 26
510 47049 28 4 47079 2 30
305 47439 46 4 47485 0 46
752 47531 45 3 47576 0 45
601 47542 61 4 47638 35 96
218 47545 27 2 47665 93 120
576 47612 49 2 47715 54 103
24 47641 50 3 47765 74 124
956 47728 50 2 47816 38 88
421 47778 58 3 47875 39 97
741 47806 48 4 47923 69 117
689 47892 49 3 47973 32 81
804 47910 53 2 48026 63 116
756 48049 44 2 48093 0 44
16 48138 27 4 48165 0 27
859 48216 50 4 48266 0 50
127 48242 20 4 48287 25 45
929 48267 81 2 48368 20 101
10 48325 33 4 48402 44 77
307 48446 75 4 48521 0 75
837 48464 24 4 48546 58 82
383 48606 53 3 48659 0 53
818 48751 73 4 48824 0 73
620 48885 66 2 48951 0 66
455 48956 45 2 49001 0 45
815 49028 35 3 49063 0 35
116 49408 47 2 49455 0 47
336 49590 85 4 49675 0 85
794 49694 38 4 49732 0 38
639 49703 53 2 49786 30 83
607 49709 32 2 49818 77 109
279 49950 71 2 50021 0 71
893 49977 30 3 50052 45 75
508 50159 63 4 50222 0 63
523 50345 54 3 50399 0 54
148 50736 28 4 50764 0 28
117 50806 49 4 50855 0 49
707 50893 72 4 50965 0 72
257 50995 28 4 51023 0 28
29 51027 79 4 51106 0 79
504 51086 46 4 51153 21 67
158 51383 52 3 51435 0 52
22 51500 64 4 51564 0 64
665 51541 59 4 51624 24 83
634 51569 33 3 51658 56 89
291 51631 26 2 51685 28 54
186 51726 50 2 51776 0 50
819 51736 26 2 51803 41 67
916 51739 32 4 51835 64 96
105 51775 30 2 51865 60 90
365 51835 65 1 51931 31 96
587 52260 97 4 52357 0 97
231 52513 34 4 52547 0 34
524 52526 43 2 52591 22 65
605 52719 53 4 52772 0 53
699 52915 83 2 52998 0 83
809 52986 21 2 53020 13 34
704 53017 26 3 53047 4 30
770 53104 49 3 53153 0 49
114 53197 53 1 53250 0 53
147 53246 63 4 53314 5 68
759 53351 48 4 53399 0 48
714 53395 58 1 53458 5 63
463 53516 20 4 53536 0 20
435 53612 27 4 53639 0 27
691 54048 36 4 54084 0 36
163 54493 45 4 54538 0 45
491 54525 58 2 54597 14 72
833 54743 85 4 54828 0 85
517 54941 34 4 54975 0 34
583 55011 32 3 55043 0 32
131 55235 33 4 55268 0 33
656 55349 36 4 55385 0 36
242 55448 24 3 55472 0 24
418 55568 27 4 55595 0 27
540 55699 53 4 55752 0 53
89 55847 59 2 55906 0 59
380 56016 54 4 56070 0 54
642 56036 62 4 56133 35 97
368 56038 72 4 56205 95 167
928 56090 42 1 56248 116 158
543 56136 53 4 56301 112 165
320 56393 53 3 56446 0 53
458 56474 21 2 56495 0 21
732 56667 28 1 56695 0 28
342 56699 31 3 56730 0 31
495 56837 45 4 56882 0 45
536 56973 44 1 57017 0 44
861 57029 26 3 57055 0 26
264 57305 30 4 57335 0 30
511 57442 28 3 57470 0 28
626 57488 23 2 57511 0 23
698 57760 38 4 57798 0 38
673 57921 61 4 57982 0 61
854 57990 81 4 58071 0 81
906 58119 25 4 58144 0 25
765 58483 29 2 58512 0 29
535 58547 78 4 58625 0 78
247 58828 72 3 58900 0 72
167 58835 57 2 58958 66 123
567 59298 51 1 59349 0 51
358 59328 22 4 59372 22 44
465 59366 29 4 59402 7 36
967 59371 31 4 59433 31 62
814 59522 52 3 59574 0 52
437 59557 97 3 59672 18 115
283 59597 34 3 59707 76 110
474 59603 86 3 59793 104 190
613 59659 27 4 59820 134 161
784 59669 46 3 59866 151 197
177 59965 74 4 60039 0 74
290 59990 34 3 60074 50 84
175 60474 95 3 60569 0 95
917 60593 54 2 60647 0 54
296 60667 72 1 60739 0 72
774 60711 47 3 60787 29 76
475 60750 45 3 60833 38 83
432 61075 46 4 61121 0 46
90 61122 59 2 61181 0 59
111 61465 44 2 61509 0 44
598 61518 24 4 61542 0 24
176 61549 21 4 61570 0 21
742 61576 66 1 61642 0 66
396 61617 32 4 61675 26 58
931 61719 40 4 61759 0 40
48 61924 59 2 61983 0 59
168 61996 40 4 62036 0 40
2 62048 23 3 62071 0 23
1000 62111 60 4 62171 0 60
456 62385 67 3 62452 0 67
82 62608 30 4 62638 0 30
25 62810 61 3 62871 0 61
530 63074 90 1 63164 0 90
715 63125 21 3 63186 40 61
834 63303 65 2 63368 0 65
515 63310 47 4 63416 59 106
94 63547 39 2 63586 0 39
355 63597 49 4 63646 0 49
679 63618 22 3 63669 29 51
686 63634 32 4 63701 35 67
659 63742 67 3 63809 0 67
144 63807 44 1 63854 3 47
652 63835 32 3 63887 20 52
429 63940 29 4 63969 0 29
207 64119 35 4 64154 0 35
265 64120 35 1 64190 35 70
623 64530 81 4 64611 0 81
115 64828 66 3 64894 0 66
346 64869 82 2 64977 26 108
88 65284 34 3 65318 0 34
120 65772 70 4 65842 0 70
953 65773 34 3 65877 70 104
420 66418 69 2 66487 0 69
268 66564 63 4 66627 0 63
964 66646 28 3 66674 0 28
412 66702 21 4 66723 0 21
599 66825 50 2 66875 0 50
395 66919 23 1 66942 0 23
552 67626 78 3 67704 0 78
571 67657 46 3 67751 48 94
260 67812 22 4 67834 0 22
353 67851 44 2 67895 0 44
855 67927 27 2 67954 0 27
468 68088 88 4 68176 0 88
311 68090 71 4 68248 87 158
72 68098 42 4 68290 150 192
670 68161 56 4 68346 129 185
97 68375 45 4 68420 0 45
746 68872 64 2 68936 0 64
261 68919 53 2 68990 18 71
713 69147 38 4 69185 0 38
700 69437 23 3 69460 0 23
525 69584 64 2 69648 0 64
868 69642 23 2 69672 7 30
440 69777 47 2 69824 0 47
294 69830 30 4 69860 0 30
516 69933 58 1 69991 0 58
20 70061 50 4 70111 0 50
788 70278 57 4 70335 0 57
644 70342 38 4 70380 0 38
502 70472 33 3 70505 0 33
304 70803 43 4 70846 0 43
777 70873 47 3 70920 0 47
622 71173 21 2 71194 0 21
915 71204 33 3 71237 0 33
316 71542 32 2 71574 0 32
460 71994 57 4 72051 0 57
219 72028 52 1 72104 24 76
987 72051 33 1 72137 53 86
50 72101 29 4 72167 37 66
780 72142 26 3 72194 26 52
234 72191 68 2 72263 4 72
878 72203 63 1 72327 61 124
376 72308 46 3 72374 20 66
182 72380 56 3 72436 0 56
135 72556 24 4 72580 0 24
555 72565 72 4 72653 16 88
919 72645 46 3 72700 9 55
522 73014 28 1 73042 0 28
145 73103 27 4 73130 0 27
930 73163 29 4 73192 0 29
993 73353 54 4 73407 0 54
289 73649 35 4 73684 0 35
611 73679 57 4 73742 6 63
56 73748 46 2 73794 0 46
733 73920 82 4 74002 0 82
34 73927 43 2 74046 76 119
410 73985 31 4 74077 61 92
237 74991 43 4 75034 0 43
973 75506 42 3 75548 0 42
452 75651 77 4 75728 0 77
966 75958 47 4 76005 0 47
573 76010 25 4 76035 0 25
215 76179 36 3 76215 0 36
150 76535 54 3 76589 0 54
51 76903 33 4 76936 0 33
558 76951 38 2 76989 0 38
130 77261 39 2 77300 0 39
690 77382 41 3 77423 0 41
18 77715 35 3 77750 0 35
959 77892 40 4 77932 0 40
749 78154 59 1 78213 0 59
228 78318 72 4 78390 0 72
657 78787 45 4 78832 0 45
62 79244 44 3 79288 0 44
479 79494 85 3 79579 0 85
335 79613 32 3 79645 0 32
757 79777 37 4 79814 0 37
824 80431 31 2 80462 0 31
374 81226 62 4 81288 0 62
996 81307 49 3 81356 0 49
862 81465 32 3 81497 0 32
821 81946 26 3 81972 0 26
835 82710 60 4 82770 0 60
221 82929 32 1 82961 0 32
909 82930 45 2 83007 32 77
767 83153 62 2 83215 0 62
538 83298 28 3 83326 0 28
500 83577 33 2 83610 0 33
923 83970 32 3 84002 0 32
970 84682 33 4 84715 0 33
537 84859 37 1 84896 0 37
137 86250 75 3 86325 0 75
808 86673 40 4 86713 0 40
635 87748 57 4 87805 0 57
848 87976 56 3 88032 0 56
842 88536 31 4 88567 0 31
128 89131 57 2 89188 0 57
669 89141 76 3 89265 48 124
329 89174 86 3 89351 91 177
803 89197 27 1 89379 155 182
957 90220 33 4 90253 0 33
249 90246 41 2 90295 8 49
637 91007 57 3 91064 0 57
267 91044 31 4 91096 21 52
983 92221 44 4 92265 0 44
79 92589 65 3 92654 0 65
86 92989 58 2 93047 0 58
369 93683 60 4 93743 0 60
188 93747 26 2 93773 0 26
457 94613 29 3 94642 0 29
958 94980 25 4 95005 0 25
271 95562 44 2 95606 0 44
419 96846 86 3 96932 0 86
