98851 1000 1128 1068
633 16 78 2 94 0 78
991 32 63 4 158 63 126
722 38 45 2 203 120 165
96 196 45 3 249 8 53
145 202 42 4 291 47 89
999 224 60 3 352 68 128
802 236 70 4 422 116 186
920 289 68 4 490 133 201
811 291 68 4 558 199 267
38 301 41 2 600 258 299
919 330 73 2 673 270 343
311 368 56 2 729 305 361
192 392 40 3 769 337 377
704 496 53 3 822 273 326
467 614 47 4 870 209 256
816 617 45 3 915 253 298
897 644 52 2 967 271 323
193 711 42 4 1009 256 298
612 717 63 4 1072 292 355
259 753 69 1 1141 319 388
525 780 59 3 1200 361 420
95 927 79 3 1280 274 353
663 946 39 4 1319 334 373
974 993 85 3 1404 326 411
236 1003 52 4 1456 401 453
14 1006 76 2 1532 450 526
555 1044 72 4 1604 488 560
408 1066 75 4 1679 538 613
280 1095 75 3 1754 584 659
382 1105 27 2 1781 649 676
777 1233 63 4 1845 549 612
849 1307 38 2 1883 538 576
526 1354 56 2 1939 529 585
258 1418 55 4 1994 521 576
343 1427 66 1 2060 567 633
853 1532 78 1 2138 528 606
144 1573 68 4 2206 565 633
138 1580 37 4 2243 626 663
975 1643 71 4 2314 600 671
766 1688 74 4 2388 626 700
883 1843 66 4 2455 546 612
803 1910 60 3 2515 545 605
478 1914 60 4 2575 601 661
937 1916 56 4 2631 659 715
676 1924 54 4 2685 707 761
487 1934 80 3 2765 751 831
940 1979 61 4 2826 786 847
741 2091 67 4 2893 735 802
283 2093 58 2 2951 800 858
574 2177 59 3 3010 774 833
770 2246 79 2 3089 764 843
79 2429 77 4 3167 661 738
248 2477 57 4 3224 690 747
18 2584 80 2 3304 640 720
289 2703 34 3 3338 601 635
969 2704 52 4 3390 634 686
60 2790 68 2 3458 600 668
318 2878 83 4 3541 580 663
750 2946 97 1 3638 595 692
417 2965 74 3 3712 673 747
29 3014 58 3 3770 698 756
295 3032 52 4 3822 738 790
485 3078 67 3 3889 744 811
828 3095 76 3 3966 795 871
209 3112 36 4 4002 854 890
296 3230 49 3 4051 772 821
235 3337 72 4 4123 714 786
998 3373 88 4 4211 750 838
972 3469 52 4 4263 742 794
513 3536 66 3 4329 727 793
780 3585 88 3 4417 744 832
351 3768 45 3 4462 649 694
344 3839 64 3 4526 623 687
622 3871 77 3 4603 655 732
592 3954 97 3 4701 650 747
440 3975 74 4 4775 726 800
630 4008 73 1 4848 767 840
270 4017 54 3 4902 831 885
15 4040 27 1 4929 862 889
435 4125 55 1 4984 804 859
547 4131 67 2 5051 853 920
523 4162 57 3 5108 889 946
935 4186 67 3 5175 922 989
160 4223 49 4 5224 952 1001
201 4224 77 1 5301 1000 1077
939 4277 55 3 5356 1024 1079
179 4297 61 3 5417 1059 1120
956 4410 43 4 5460 1007 1050
784 4445 63 4 5523 1015 1078
673 4481 48 4 5571 1042 1090
494 4632 81 4 5653 940 1021
30 4655 89 4 5742 998 1087
870 4698 74 4 5816 1044 1118
721 4719 67 4 5883 1097 1164
639 4740 50 3 5933 1143 1193
499 4753 47 3 5980 1180 1227
989 4802 50 1 6030 1178 1228
155 4807 53 2 6083 1223 1276
212 4823 20 2 6103 1260 1280
50 4889 57 4 6160 1214 1271
692 5000 73 2 6233 1160 1233
793 5037 61 4 6294 1196 1257
835 5040 39 3 6333 1254 1293
783 5081 37 2 6370 1252 1289
918 5184 28 3 6398 1186 1214
501 5199 59 4 6457 1199 1258
267 5264 54 2 6511 1193 1247
914 5275 63 1 6574 1236 1299
309 5283 56 2 6630 1291 1347
700 5296 59 4 6689 1334 1393
926 5352 69 4 6758 1337 1406
785 5396 27 4 6785 1362 1389
472 5412 48 3 6833 1373 1421
471 5437 74 4 6907 1396 1470
459 5584 45 4 6953 1324 1369
306 5763 67 4 7020 1190 1257
632 5810 63 2 7083 1210 1273
154 5826 53 4 7136 1257 1310
577 5867 45 2 7181 1269 1314
836 5907 42 4 7223 1274 1316
250 5964 85 4 7308 1259 1344
822 5976 51 3 7359 1332 1383
598 5987 45 4 7404 1372 1417
230 6060 67 1 7471 1344 1411
591 6095 56 4 7527 1376 1432
198 6158 59 2 7586 1369 1428
535 6188 43 1 7629 1398 1441
141 6215 52 2 7681 1414 1466
470 6259 60 2 7741 1422 1482
726 6262 49 2 7790 1479 1528
401 6268 61 1 7851 1522 1583
867 6294 62 2 7913 1557 1619
963 6295 48 2 7961 1618 1666
85 6424 46 3 8007 1537 1583
869 6519 62 4 8069 1488 1550
961 6551 38 1 8107 1518 1556
442 6569 57 4 8164 1538 1595
960 6574 65 3 8229 1590 1655
400 6593 68 4 8297 1636 1704
976 6672 66 4 8363 1625 1691
303 6681 28 4 8391 1682 1710
727 6741 39 4 8430 1650 1689
114 6843 71 2 8501 1587 1658
589 6878 88 2 8589 1623 1711
21 7096 30 2 8620 1494 1524
433 7154 56 3 8676 1466 1522
603 7186 63 4 8739 1490 1553
885 7200 64 4 8803 1539 1603
288 7242 45 2 8848 1561 1606
393 7269 56 2 8904 1579 1635
396 7323 60 3 8964 1581 1641
419 7463 61 3 9025 1501 1562
428 7558 42 4 9067 1467 1509
823 7584 55 3 9122 1483 1538
871 7602 44 2 9166 1520 1564
500 7634 50 2 9216 1532 1582
307 7636 86 4 9302 1580 1666
461 7659 64 2 9366 1643 1707
851 7682 51 4 9417 1684 1735
275 7771 36 4 9453 1646 1682
946 7774 67 4 9520 1679 1746
337 7895 66 2 9586 1625 1691
101 7905 65 2 9651 1681 1746
161 7992 36 2 9687 1659 1695
72 8014 62 2 9749 1673 1735
680 8046 41 4 9790 1703 1744
505 8090 50 3 9840 1700 1750
225 8126 68 1 9908 1714 1782
133 8188 42 4 9950 1720 1762
414 8220 56 2 10006 1730 1786
815 8327 60 4 10066 1679 1739
427 8383 61 3 10127 1683 1744
773 8408 60 3 10187 1719 1779
688 8421 50 2 10237 1766 1816
965 8445 43 3 10280 1792 1835
584 8557 98 4 10378 1723 1821
415 8561 68 3 10446 1817 1885
406 8653 52 3 10499 1794 1846
409 8668 59 4 10558 1831 1890
454 8676 60 2 10618 1882 1942
817 8710 65 1 10683 1908 1973
239 8712 69 4 10752 1971 2040
539 8749 85 2 10837 2003 2088
891 8763 63 4 10900 2074 2137
583 8972 60 3 10960 1928 1988
685 9048 77 3 11037 1912 1989
319 9069 47 2 11084 1968 2015
703 9136 62 4 11146 1948 2010
37 9281 67 1 11213 1865 1932
671 9328 60 3 11273 1885 1945
174 9383 59 4 11332 1890 1949
54 9441 63 4 11395 1891 1954
188 9460 77 2 11472 1935 2012
455 9547 37 3 11509 1925 1962
211 9558 85 1 11594 1951 2036
827 9593 100 2 11694 2001 2101
797 9687 58 1 11752 2007 2065
952 9880 65 4 11817 1872 1937
781 10071 65 3 11882 1746 1811
390 10154 66 2 11948 1728 1794
388 10195 73 3 12021 1753 1826
962 10309 63 1 12084 1712 1775
950 10336 31 3 12115 1748 1779
324 10397 44 3 12159 1718 1762
649 10474 93 1 12253 1686 1779
153 10598 37 4 12290 1655 1692
8 10606 72 2 12362 1684 1756
893 10703 60 1 12422 1659 1719
738 10708 38 4 12460 1714 1752
488 10736 33 4 12493 1724 1757
345 10747 55 4 12548 1746 1801
474 10899 39 4 12587 1649 1688
686 10937 83 4 12670 1650 1733
808 11042 75 2 12745 1628 1703
905 11058 61 3 12806 1687 1748
585 11132 46 2 12852 1674 1720
795 11219 47 2 12899 1633 1680
191 11231 56 3 12955 1668 1724
412 11273 72 4 13027 1682 1754
460 11287 62 3 13089 1740 1802
681 11334 58 4 13147 1755 1813
693 11368 52 2 13199 1779 1831
691 11405 73 2 13272 1794 1867
47 11405 69 4 13341 1867 1936
512 11410 54 4 13395 1931 1985
929 11422 60 2 13455 1973 2033
559 11559 38 3 13493 1896 1934
796 11613 61 3 13554 1880 1941
955 11672 58 4 13612 1882 1940
342 11705 72 4 13684 1907 1979
546 11712 66 4 13750 1972 2038
169 11861 56 4 13806 1889 1945
679 11885 71 4 13877 1921 1992
615 11899 82 3 13959 1978 2060
644 11924 39 4 13998 2035 2074
560 11963 69 2 14067 2035 2104
452 12206 58 2 14126 1862 1920
932 12220 38 3 14164 1906 1944
841 12250 65 2 14229 1914 1979
81 12257 55 3 14284 1972 2027
569 12259 46 2 14330 2025 2071
298 12353 58 4 14388 1977 2035
66 12354 50 3 14438 2034 2084
57 12436 63 3 14501 2002 2065
747 12440 74 4 14575 2061 2135
391 12443 51 3 14626 2132 2183
733 12469 54 3 14680 2157 2211
205 12598 50 3 14730 2082 2132
252 12622 44 2 14774 2108 2152
502 12739 75 4 14849 2035 2110
553 12754 55 4 14904 2095 2150
519 12849 79 4 14983 2055 2134
353 12861 62 1 15045 2122 2184
338 12925 55 3 15100 2120 2175
384 12927 58 2 15158 2173 2231
292 13002 58 4 15216 2156 2214
635 13215 67 1 15283 2001 2068
55 13269 32 2 15315 2014 2046
210 13295 83 4 15398 2020 2103
451 13358 85 3 15483 2040 2125
469 13381 47 3 15530 2102 2149
126 13455 78 4 15608 2075 2153
504 13469 49 4 15657 2139 2188
710 13504 91 3 15748 2153 2244
687 13525 37 1 15785 2223 2260
243 13527 65 3 15850 2258 2323
82 13582 54 4 15904 2268 2322
613 13614 59 4 15963 2290 2349
909 13772 42 1 16005 2191 2233
80 13917 41 3 16046 2088 2129
616 13973 53 4 16099 2073 2126
418 13992 58 2 16157 2107 2165
218 14073 49 4 16207 2085 2134
261 14087 30 4 16237 2120 2150
40 14091 64 1 16301 2146 2210
944 14174 74 4 16375 2127 2201
448 14209 55 3 16430 2166 2221
263 14243 69 1 16499 2187 2256
515 14254 60 2 16559 2245 2305
647 14284 67 3 16626 2275 2342
821 14313 59 3 16685 2313 2372
491 14360 98 4 16783 2325 2423
445 14528 52 4 16835 2255 2307
186 14550 53 4 16888 2285 2338
942 14594 61 3 16949 2294 2355
652 14598 35 3 16984 2351 2386
3 14610 57 4 17041 2374 2431
399 14625 59 4 17100 2416 2475
541 14652 40 3 17140 2448 2488
607 14724 63 4 17203 2416 2479
294 14795 34 2 17237 2408 2442
530 14802 46 1 17283 2435 2481
260 14919 51 4 17334 2364 2415
413 14938 80 2 17414 2396 2476
528 14997 59 3 17473 2417 2476
906 15056 69 4 17542 2417 2486
397 15114 97 1 17639 2428 2525
724 15206 62 2 17701 2433 2495
468 15213 63 4 17764 2488 2551
475 15286 68 4 17832 2478 2546
281 15315 37 1 17869 2517 2554
490 15374 75 3 17944 2495 2570
771 15387 84 1 18028 2557 2641
556 15468 63 4 18091 2560 2623
31 15580 52 4 18143 2511 2563
58 15582 82 4 18225 2561 2643
386 15595 40 2 18265 2630 2670
907 15652 58 3 18323 2613 2671
424 15676 43 1 18366 2647 2690
477 15677 43 3 18409 2689 2732
159 15724 46 3 18455 2685 2731
7 15783 20 4 18475 2672 2692
302 15889 78 4 18553 2586 2664
590 15891 66 2 18619 2662 2728
760 15892 66 3 18685 2727 2793
484 15901 53 4 18738 2784 2837
62 15997 82 3 18820 2741 2823
720 16101 56 2 18876 2719 2775
689 16129 78 4 18954 2747 2825
988 16154 60 1 19014 2800 2860
643 16155 65 2 19079 2859 2924
438 16158 50 2 19129 2921 2971
682 16416 49 2 19179 2714 2763
190 16462 37 4 19216 2717 2754
171 16515 55 3 19271 2701 2756
659 16591 51 4 19322 2680 2731
158 16595 53 3 19375 2727 2780
786 16661 53 3 19428 2714 2767
660 16664 64 2 19492 2764 2828
170 16943 70 4 19562 2549 2619
300 16954 66 3 19628 2608 2674
642 16966 75 3 19703 2662 2737
105 16981 28 1 19731 2722 2750
609 17019 76 3 19807 2712 2788
240 17077 47 4 19854 2730 2777
677 17113 53 3 19907 2741 2794
221 17135 41 3 19948 2772 2813
840 17289 91 3 20039 2659 2750
548 17359 21 4 20060 2680 2701
237 17399 61 4 20121 2661 2722
596 17534 46 4 20167 2587 2633
758 17567 38 2 20205 2600 2638
981 17626 28 3 20233 2579 2607
563 17670 68 4 20301 2563 2631
323 17730 56 4 20357 2571 2627
305 17767 53 2 20410 2590 2643
776 17906 47 3 20457 2504 2551
135 17943 54 4 20511 2514 2568
705 17967 42 2 20553 2544 2586
712 17973 60 4 20613 2580 2640
984 18064 36 2 20649 2549 2585
103 18082 62 2 20711 2567 2629
888 18090 74 3 20785 2621 2695
873 18101 47 4 20832 2684 2731
597 18106 72 4 20904 2726 2798
640 18240 73 4 20977 2664 2737
899 18282 63 4 21040 2695 2758
508 18319 54 3 21094 2721 2775
782 18453 74 2 21168 2641 2715
568 18484 57 3 21225 2684 2741
806 18518 49 3 21274 2707 2756
284 18548 65 4 21339 2726 2791
653 18584 65 1 21404 2755 2820
994 18751 82 2 21486 2653 2735
520 18914 58 2 21544 2572 2630
127 18959 75 3 21619 2585 2660
778 19116 61 4 21680 2503 2564
799 19204 68 3 21749 2477 2545
674 19239 65 4 21814 2510 2575
698 19246 61 3 21875 2568 2629
102 19380 65 4 21940 2495 2560
756 19390 70 4 22010 2550 2620
626 19416 77 3 22087 2594 2671
903 19542 83 2 22170 2545 2628
358 19668 62 3 22232 2502 2564
645 19685 93 3 22325 2547 2640
540 19688 39 2 22364 2637 2676
196 19781 41 1 22405 2583 2624
614 19841 75 3 22480 2564 2639
178 19869 62 3 22542 2611 2673
394 19886 76 4 22618 2656 2732
629 19890 38 3 22656 2728 2766
765 19944 68 3 22724 2712 2780
544 19959 75 3 22799 2765 2840
347 20090 89 3 22888 2709 2798
25 20125 64 4 22952 2763 2827
878 20139 62 4 23014 2813 2875
13 20218 76 3 23090 2796 2872
287 20219 71 2 23161 2871 2942
562 20320 69 4 23230 2841 2910
290 20473 78 4 23308 2757 2835
896 20577 62 3 23370 2731 2793
392 20590 68 4 23438 2780 2848
336 20689 54 4 23492 2749 2803
325 20762 71 3 23563 2730 2801
380 20805 47 3 23610 2758 2805
199 20806 52 3 23662 2804 2856
637 20995 70 3 23732 2667 2737
957 21171 66 2 23798 2561 2627
925 21244 60 3 23858 2554 2614
794 21335 64 4 23922 2523 2587
180 21344 54 3 23976 2578 2632
83 21387 62 2 24038 2589 2651
349 21519 67 3 24105 2519 2586
150 21644 81 3 24186 2461 2542
115 21703 71 1 24258 2484 2555
77 21739 51 4 24309 2519 2570
538 21778 49 3 24358 2531 2580
91 21923 56 4 24414 2435 2491
593 21946 40 3 24454 2468 2508
859 21980 40 4 24494 2474 2514
759 22183 74 2 24568 2311 2385
731 22186 45 4 24613 2382 2427
256 22205 50 3 24663 2408 2458
52 22280 33 2 24696 2383 2416
894 22334 60 2 24756 2362 2422
749 22347 87 2 24843 2409 2496
402 22453 48 4 24891 2390 2438
503 22646 67 3 24958 2245 2312
381 22648 66 4 25024 2310 2376
936 22722 54 4 25078 2302 2356
755 22732 47 2 25125 2346 2393
829 22800 64 1 25189 2325 2389
623 22835 71 4 25260 2354 2425
371 22839 20 2 25280 2421 2441
251 22861 65 3 25345 2419 2484
729 22870 58 2 25403 2475 2533
163 22876 45 2 25448 2527 2572
578 22904 36 4 25484 2544 2580
605 22912 39 4 25523 2572 2611
370 23048 31 1 25554 2475 2506
173 23115 64 2 25618 2439 2503
820 23269 64 2 25682 2349 2413
745 23331 68 3 25750 2351 2419
272 23416 45 1 25795 2334 2379
985 23532 41 4 25836 2263 2304
921 23625 64 4 25900 2211 2275
579 23666 84 1 25984 2234 2318
993 23690 45 2 26029 2294 2339
924 23738 84 3 26113 2291 2375
892 23988 76 3 26189 2125 2201
838 24000 32 1 26221 2189 2221
837 24051 20 4 26241 2170 2190
41 24098 61 3 26302 2143 2204
207 24114 35 3 26337 2188 2223
715 24165 48 2 26385 2172 2220
378 24263 71 1 26457 2123 2194
669 24337 66 3 26523 2120 2186
887 24340 65 2 26588 2183 2248
996 24351 40 1 26628 2237 2277
228 24402 57 2 26685 2226 2283
554 24410 60 3 26745 2275 2335
405 24508 71 3 26816 2237 2308
889 24555 76 1 26892 2261 2337
580 24580 77 3 26969 2312 2389
104 24611 69 4 27038 2358 2427
746 24614 66 2 27104 2424 2490
125 24742 49 3 27153 2362 2411
232 24745 64 4 27217 2408 2472
172 24915 80 3 27297 2302 2382
326 24977 73 2 27370 2320 2393
422 25022 61 1 27431 2348 2409
321 25069 20 2 27451 2362 2382
732 25112 72 3 27523 2339 2411
812 25297 63 3 27586 2226 2289
902 25445 57 4 27643 2141 2198
522 25734 61 4 27704 1909 1970
49 25738 96 4 27800 1966 2062
928 25764 70 4 27870 2036 2106
672 25833 81 1 27951 2037 2118
12 25948 62 4 28013 2003 2065
662 26024 33 1 28046 1989 2022
432 26027 48 3 28094 2019 2067
426 26117 59 4 28153 1977 2036
421 26269 99 3 28252 1884 1983
363 26414 34 1 28287 1839 1873
177 26469 87 3 28374 1818 1905
518 26559 82 3 28456 1815 1897
329 26668 64 3 28520 1788 1852
264 26779 80 3 28600 1741 1821
941 26825 54 3 28654 1775 1829
385 26896 49 3 28703 1758 1807
387 27130 48 4 28751 1573 1621
39 27150 58 4 28809 1601 1659
374 27222 65 3 28874 1587 1652
266 27266 77 2 28951 1608 1685
365 27288 49 1 29000 1663 1712
763 27452 44 4 29044 1548 1592
933 27543 58 3 29102 1501 1559
453 27749 69 4 29171 1353 1422
801 27781 79 4 29250 1390 1469
690 27876 63 4 29313 1374 1437
56 27905 52 4 29365 1408 1460
532 27966 82 4 29447 1399 1481
551 28032 50 4 29497 1415 1465
217 28081 49 4 29546 1416 1465
168 28164 70 4 29616 1382 1452
466 28187 71 3 29687 1429 1500
166 28335 79 4 29767 1353 1432
335 28343 24 2 29791 1424 1448
638 28345 67 3 29858 1446 1513
917 28416 50 4 29908 1442 1492
536 28431 73 3 29981 1477 1550
978 28664 51 4 30032 1317 1368
197 28675 75 3 30107 1357 1432
587 28706 51 2 30158 1401 1452
187 28711 50 4 30208 1447 1497
128 28930 55 3 30263 1278 1333
845 28950 73 3 30336 1313 1386
162 29064 45 4 30381 1272 1317
238 29070 83 1 30464 1311 1394
768 29191 50 3 30514 1273 1323
51 29199 88 3 30602 1315 1403
923 29222 68 3 30670 1380 1448
120 29227 58 3 30728 1443 1501
754 29243 58 4 30786 1485 1543
995 29265 55 3 30841 1521 1576
112 29287 70 4 30911 1554 1624
509 29439 70 4 30981 1472 1542
879 29536 68 3 31049 1445 1513
498 29648 87 1 31136 1401 1488
602 29737 63 3 31200 1400 1463
850 29739 76 4 31276 1461 1537
550 29762 71 4 31347 1514 1585
774 29816 87 3 31434 1531 1618
194 29828 79 4 31513 1606 1685
866 29916 77 2 31590 1597 1674
769 30209 52 2 31642 1381 1433
627 30227 78 3 31720 1415 1493
980 30269 53 2 31773 1451 1504
339 30289 74 2 31847 1484 1558
735 30387 56 3 31903 1460 1516
744 30420 79 3 31982 1483 1562
611 30469 77 4 32059 1513 1590
24 30588 77 3 32136 1471 1548
231 30648 47 4 32183 1488 1535
757 30717 68 3 32251 1466 1534
601 30757 68 3 32319 1494 1562
979 30813 79 4 32398 1506 1585
479 30817 59 4 32457 1581 1640
327 30827 66 3 32523 1630 1696
970 30907 58 4 32581 1616 1674
524 30983 39 4 32620 1598 1637
561 31095 100 1 32720 1525 1625
761 31145 62 4 32783 1576 1638
610 31358 71 4 32854 1425 1496
74 31395 81 2 32935 1459 1540
516 31483 40 4 32975 1452 1492
719 31647 67 3 33042 1328 1395
84 31687 84 2 33126 1355 1439
375 31739 60 3 33186 1387 1447
617 31786 32 1 33218 1400 1432
736 31825 39 4 33257 1393 1432
863 32000 72 3 33329 1257 1329
185 32001 52 2 33381 1328 1380
437 32027 52 4 33433 1354 1406
322 32095 70 4 33503 1338 1408
111 32182 65 4 33568 1321 1386
151 32259 46 4 33614 1309 1355
534 32275 96 4 33710 1339 1435
483 32289 46 3 33756 1421 1467
152 32356 53 3 33809 1400 1453
588 32360 81 2 33890 1449 1530
458 32504 39 4 33929 1386 1425
826 32568 55 4 33984 1361 1416
567 32652 79 2 34063 1332 1411
986 32667 48 3 34111 1396 1444
36 32789 34 4 34146 1323 1357
834 32806 72 3 34218 1340 1412
286 32870 81 3 34299 1348 1429
88 32872 68 2 34367 1427 1495
22 32882 59 4 34426 1485 1544
694 33075 52 4 34478 1351 1403
99 33311 69 4 34547 1167 1236
830 33446 36 1 34583 1101 1137
143 33449 42 3 34625 1134 1176
389 33460 72 3 34697 1165 1237
465 33544 57 4 34754 1153 1210
665 33588 65 4 34819 1166 1231
678 33599 52 4 34871 1220 1272
631 33611 68 2 34939 1260 1328
877 33619 64 4 35003 1320 1384
594 33635 45 4 35048 1368 1413
506 33656 59 4 35107 1392 1451
967 33686 91 4 35198 1421 1512
517 33730 58 4 35256 1468 1526
872 33743 58 3 35314 1513 1571
473 33771 60 2 35374 1543 1603
934 33844 74 4 35448 1530 1604
954 33877 71 4 35519 1571 1642
507 34161 23 4 35543 1359 1382
423 34273 42 3 35585 1270 1312
655 34279 56 4 35641 1306 1362
315 34356 74 4 35715 1285 1359
572 34405 61 4 35776 1310 1371
620 34563 56 1 35832 1213 1269
664 34578 56 4 35888 1254 1310
317 34595 20 4 35908 1293 1313
951 35005 70 3 35978 903 973
19 35117 63 4 36041 861 924
675 35276 72 2 36113 765 837
233 35367 78 2 36191 746 824
16 35369 48 1 36239 822 870
45 35431 64 3 36303 808 872
92 35656 80 1 36384 648 728
46 35737 62 3 36446 647 709
293 35760 48 2 36494 686 734
254 35947 76 4 36570 547 623
147 35969 69 4 36639 601 670
71 36007 39 2 36678 632 671
223 36201 60 2 36738 477 537
439 36230 70 4 36808 508 578
63 36281 39 4 36847 527 566
876 36326 67 2 36915 522 589
340 36350 65 3 36980 565 630
107 36449 57 3 37037 531 588
862 36505 55 3 37092 532 587
847 36615 77 1 37169 477 554
367 36638 46 4 37215 531 577
916 37087 56 4 37272 129 185
450 37117 84 1 37356 155 239
434 37130 75 4 37431 226 301
912 37250 66 3 37498 182 248
9 37303 49 2 37547 195 244
818 37326 60 3 37607 221 281
819 37338 59 4 37666 269 328
566 37388 66 3 37732 278 344
852 37482 50 4 37783 251 301
886 37548 67 3 37850 235 302
809 37595 85 3 37935 255 340
167 37723 55 2 37990 212 267
857 37770 74 3 38065 221 295
361 37803 43 1 38108 262 305
297 37832 63 3 38171 276 339
599 37839 81 2 38252 332 413
890 37841 40 2 38292 411 451
898 37991 60 4 38352 301 361
341 38066 70 4 38423 287 357
332 38247 47 2 38470 176 223
462 38326 48 2 38518 144 192
457 38498 55 1 38574 21 76
89 38624 64 4 38688 0 64
5 38687 34 3 38723 2 36
366 38854 44 1 38898 0 44
249 38910 78 1 38988 0 78
904 39061 44 4 39105 0 44
641 39151 46 3 39197 0 46
983 39168 64 3 39262 30 94
843 39236 38 3 39301 27 65
931 39262 40 3 39341 39 79
966 39425 94 4 39519 0 94
549 39530 83 2 39613 0 83
429 39919 52 2 39971 0 52
748 40024 77 4 40101 0 77
310 40261 75 4 40336 0 75
355 40292 38 3 40375 45 83
790 40354 56 3 40432 22 78
529 40375 51 2 40483 57 108
723 40430 42 4 40526 54 96
299 40444 52 2 40578 82 134
208 40508 73 4 40652 71 144
464 40585 75 4 40728 68 143
657 40593 43 2 40771 135 178
958 40599 63 4 40834 172 235
742 40741 56 4 40891 94 150
463 40780 41 2 40932 111 152
350 40900 43 2 40976 33 76
369 41023 53 4 41076 0 53
552 41035 68 4 41145 42 110
496 41161 61 3 41222 0 61
32 41243 40 4 41283 0 40
64 41344 88 3 41432 0 88
915 41368 35 2 41468 65 100
953 41755 60 4 41815 0 60
395 41826 54 4 41880 0 54
176 41913 35 2 41948 0 35
17 41966 68 4 42034 0 68
489 42023 46 2 42081 12 58
805 42054 57 3 42139 28 85
357 42078 52 3 42191 61 113
696 42198 81 1 42279 0 81
20 42226 55 2 42335 54 109
882 42244 42 4 42377 91 133
276 42402 41 3 42443 0 41
48 42691 97 4 42788 0 97
595 42996 32 3 43028 0 32
860 43076 72 2 43148 0 72
1000 43092 33 2 43182 57 90
697 43139 46 4 43228 43 89
558 43281 82 4 43363 0 82
213 43299 69 4 43433 65 134
751 43311 58 1 43491 122 180
308 43416 81 3 43573 76 157
646 43500 60 4 43634 74 134
304 43541 51 4 43685 93 144
410 43641 89 4 43775 45 134
740 43912 47 2 43959 0 47
65 44063 40 4 44103 0 40
839 44121 71 3 44192 0 71
775 44300 57 3 44357 0 57
753 44470 82 2 44552 0 82
314 44548 51 4 44604 5 56
699 44689 58 2 44747 0 58
667 45015 39 3 45054 0 39
425 45034 89 3 45144 21 110
106 45201 43 4 45244 0 43
575 45205 70 2 45315 40 110
658 45247 82 4 45398 69 151
481 45258 45 4 45443 140 185
449 45322 64 3 45508 122 186
943 45338 51 4 45559 170 221
149 45356 62 3 45621 203 265
480 45380 52 3 45673 241 293
832 45500 78 4 45752 174 252
625 45763 58 3 45821 0 58
407 45857 100 3 45957 0 100
492 45942 65 2 46023 16 81
831 46328 67 4 46395 0 67
814 46541 44 4 46585 0 44
411 46669 86 2 46755 0 86
28 46842 64 3 46906 0 64
203 46851 39 4 46946 56 95
930 46890 94 4 47040 56 150
316 46907 48 4 47088 133 181
600 46930 74 3 47163 159 233
113 46964 43 4 47206 199 242
246 47056 73 3 47279 150 223
734 47095 83 3 47363 185 268
709 47295 56 4 47420 69 125
711 47304 82 1 47502 116 198
182 47551 66 3 47617 0 66
416 47723 70 4 47793 0 70
124 47768 46 2 47840 26 72
136 47772 39 3 47879 68 107
97 47929 48 4 47977 0 48
533 48057 73 3 48130 0 73
33 48127 56 4 48187 4 60
271 48164 70 3 48258 24 94
880 48328 69 2 48397 0 69
110 48354 70 3 48468 44 114
650 48564 20 4 48584 0 20
537 48643 30 1 48673 0 30
373 48653 57 4 48731 21 78
6 49060 48 2 49108 0 48
604 49064 38 3 49147 45 83
334 49297 91 3 49388 0 91
90 49394 57 4 49451 0 57
444 49462 62 3 49524 0 62
139 49471 59 2 49584 54 113
206 49474 68 4 49652 110 178
61 49561 64 4 49717 92 156
362 49908 59 4 49967 0 59
2 49962 72 3 50040 6 78
901 50018 65 4 50106 23 88
441 50227 53 2 50280 0 53
565 50354 71 3 50425 0 71
997 50422 88 2 50514 4 92
356 50564 67 4 50631 0 67
222 50720 48 3 50768 0 48
247 50756 77 3 50846 13 90
216 50821 56 1 50903 26 82
331 51058 21 1 51079 0 21
973 51201 46 3 51247 0 46
116 51344 71 4 51415 0 71
320 51380 66 4 51482 36 102
291 51458 65 2 51548 25 90
184 51651 79 4 51730 0 79
59 51677 63 1 51794 54 117
42 51771 80 4 51875 24 104
123 51864 74 2 51950 12 86
244 51961 47 3 52008 0 47
364 52035 68 2 52103 0 68
130 52054 70 3 52174 50 120
242 52397 43 3 52440 0 43
226 52553 68 3 52621 0 68
791 52554 39 3 52661 68 107
571 52613 56 4 52717 48 104
971 52710 52 4 52770 8 60
788 52733 56 2 52827 38 94
255 52801 31 4 52859 27 58
621 53068 78 4 53146 0 78
219 53070 60 2 53207 77 137
858 53121 64 3 53271 86 150
146 53203 61 1 53333 69 130
634 53453 62 3 53515 0 62
140 53516 65 2 53581 0 65
118 53704 85 2 53789 0 85
70 53772 61 2 53851 18 79
947 53914 66 2 53980 0 66
964 54110 80 3 54190 0 80
557 54233 85 4 54318 0 85
100 54420 56 4 54476 0 56
11 54526 42 3 54568 0 42
668 54599 37 3 54636 0 37
200 54922 66 1 54988 0 66
215 54937 62 3 55051 52 114
134 54983 53 3 55104 68 121
148 55322 53 4 55375 0 53
265 55562 71 3 55633 0 71
482 55611 64 4 55698 23 87
346 56258 62 3 56320 0 62
117 56351 66 4 56417 0 66
608 56456 67 4 56523 0 67
521 56651 69 3 56720 0 69
824 56653 100 4 56821 68 168
447 56750 58 4 56880 72 130
654 56832 67 3 56948 49 116
683 56836 61 4 57009 112 173
44 57200 56 4 57256 0 56
119 57218 32 3 57289 39 71
456 57314 72 3 57386 0 72
352 57487 49 3 57536 0 49
312 57548 82 2 57630 0 82
398 57554 59 4 57690 77 136
245 57607 31 4 57721 83 114
436 57771 81 1 57852 0 81
53 57893 75 1 57968 0 75
195 58160 57 2 58217 0 57
87 58487 81 3 58568 0 81
848 58809 79 4 58888 0 79
767 58825 68 3 58957 64 132
328 58893 48 3 59006 65 113
69 58988 40 3 59047 19 59
651 59000 68 4 59115 47 115
900 59043 69 2 59185 73 142
368 59228 63 3 59291 0 63
376 59284 79 3 59371 8 87
864 59392 49 4 59441 0 49
948 59440 78 2 59520 2 80
713 59447 70 2 59591 74 144
725 59467 48 3 59639 124 172
865 59490 35 2 59674 149 184
278 59505 56 2 59730 169 225
132 59658 62 4 59793 73 135
772 59670 46 4 59839 123 169
224 59893 58 4 59951 0 58
913 60410 40 4 60450 0 40
377 60517 54 4 60571 0 54
156 60645 38 1 60683 0 38
666 61014 67 4 61081 0 67
108 61024 45 3 61127 58 103
75 61327 64 2 61391 0 64
86 61380 55 3 61447 12 67
78 61524 58 4 61582 0 58
895 61692 75 3 61767 0 75
122 61747 78 4 61846 21 99
514 61979 54 2 62033 0 54
792 62284 38 4 62322 0 38
927 62425 59 4 62484 0 59
701 62519 84 3 62603 0 84
884 62574 73 4 62677 30 103
430 62577 49 4 62726 100 149
76 62622 77 2 62804 105 182
98 62630 50 4 62854 174 224
129 62869 96 4 62965 0 96
739 62927 45 3 63011 39 84
684 63003 52 4 63064 9 61
670 63020 92 3 63157 45 137
716 63043 46 4 63203 114 160
446 63095 65 4 63269 109 174
109 63209 53 2 63323 61 114
67 63558 62 2 63620 0 62
987 63561 69 1 63690 60 129
702 63788 48 3 63836 0 48
234 63874 69 4 63943 0 69
476 63957 76 3 64033 0 76
798 64329 52 3 64381 0 52
1 64340 38 1 64420 42 80
383 64655 41 3 64696 0 41
372 64893 78 4 64971 0 78
204 65045 49 4 65094 0 49
624 65134 50 2 65184 0 50
420 65358 70 4 65428 0 70
531 65891 21 2 65912 0 21
379 66003 67 3 66070 0 67
268 66483 34 2 66517 0 34
175 66751 34 1 66785 0 34
714 66830 44 1 66874 0 44
404 66994 69 4 67063 0 69
707 67088 61 4 67149 0 61
737 67236 46 2 67282 0 46
800 67367 57 4 67424 0 57
959 68063 38 3 68101 0 38
779 68141 63 4 68204 0 63
854 68177 47 4 68252 28 75
229 68198 35 2 68287 54 89
661 68363 45 1 68408 0 45
861 68498 37 4 68535 0 37
301 68659 59 4 68718 0 59
486 68687 59 4 68778 32 91
34 68784 38 2 68822 0 38
844 68856 57 3 68913 0 57
706 69088 85 4 69173 0 85
527 69117 40 3 69214 57 97
214 69121 39 4 69253 93 132
606 69157 66 3 69319 96 162
787 69236 55 4 69375 84 139
43 69289 45 4 69420 86 131
990 69331 69 4 69490 90 159
94 69386 75 2 69565 104 179
10 69925 68 3 69993 0 68
157 70188 73 2 70261 0 73
945 70901 66 4 70967 0 66
810 71201 62 3 71263 0 62
189 71343 44 3 71387 0 44
262 71386 67 3 71455 2 69
582 71392 41 4 71497 64 105
333 71407 46 3 71543 90 136
431 71460 68 3 71612 84 152
121 71489 66 4 71678 123 189
708 71648 37 4 71716 31 68
27 71878 50 4 71928 0 50
922 72240 54 2 72294 0 54
992 72508 51 2 72559 0 51
718 72575 67 2 72642 0 67
511 72800 83 2 72883 0 83
330 72961 38 3 72999 0 38
26 73040 68 3 73108 0 68
813 73511 56 4 73567 0 56
510 73625 42 4 73667 0 42
137 74356 58 3 74414 0 58
257 74666 48 4 74714 0 48
202 75201 65 2 75266 0 65
648 75376 42 2 75418 0 42
495 75480 50 4 75530 0 50
717 75530 74 3 75605 1 75
313 75739 78 4 75817 0 78
938 75758 61 3 75879 60 121
183 75902 65 4 75967 0 65
982 75954 59 3 76027 14 73
273 76266 73 4 76339 0 73
165 76493 38 3 76531 0 38
564 76593 56 4 76649 0 56
359 76620 77 3 76727 30 107
908 76705 63 2 76791 23 86
68 77174 67 3 77241 0 67
4 77406 71 3 77477 0 71
586 77524 71 2 77595 0 71
282 77596 56 4 77652 0 56
764 77955 85 3 78040 0 85
131 78037 26 3 78067 4 30
542 78107 51 4 78158 0 51
142 78213 38 2 78251 0 38
576 78286 39 3 78325 0 39
656 78324 56 4 78382 2 58
360 78380 73 4 78456 3 76
619 78516 51 4 78567 0 51
241 78664 33 3 78697 0 33
789 79043 80 4 79123 0 80
842 79097 57 4 79181 27 84
875 79277 26 2 79303 0 26
825 79467 63 4 79530 0 63
73 79569 59 3 79628 0 59
911 79851 64 3 79915 0 64
543 80088 34 3 80122 0 34
274 80687 60 4 80747 0 60
573 80723 77 2 80825 25 102
253 80872 93 4 80965 0 93
833 81092 66 1 81158 0 66
269 81618 42 1 81660 0 42
636 82203 60 3 82263 0 60
354 82570 63 4 82633 0 63
846 82752 52 4 82804 0 52
752 83213 57 3 83270 0 57
855 83213 56 2 83326 57 113
279 83358 45 3 83403 0 45
618 83611 79 1 83690 0 79
23 83725 100 4 83825 0 100
881 84104 73 3 84177 0 73
968 84475 77 4 84552 0 77
35 84701 52 1 84753 0 52
220 84768 78 4 84846 0 78
285 85110 42 4 85152 0 42
910 85599 77 3 85676 0 77
628 85799 65 2 85864 0 65
403 85947 46 4 85993 0 46
743 86198 61 4 86259 0 61
728 86332 72 3 86404 0 72
443 86453 55 2 86508 0 55
804 86524 60 1 86584 0 60
730 86801 60 4 86861 0 60
277 87537 86 2 87623 0 86
949 87538 56 2 87680 86 142
807 87571 52 2 87732 109 161
695 87783 62 4 87845 0 62
227 89670 30 4 89700 0 30
868 89728 69 2 89797 0 69
164 89917 96 3 90013 0 96
497 90043 57 2 90100 0 57
581 90219 47 4 90266 0 47
181 90691 75 2 90766 0 75
856 90703 72 3 90839 64 136
93 91189 71 3 91260 0 71
570 93550 94 3 93644 0 94
493 93954 63 4 94017 0 63
545 94137 61 4 94198 0 61
762 94159 34 4 94233 40 74
348 94733 48 4 94781 0 48
874 95076 64 4 95140 0 64
977 98800 51 2 98851 0 51
