96440 1000 895 835
403 149 40 4 189 0 40
241 143 51 3 234 40 91
224 128 55 3 274 91 146
693 73 56 3 275 146 202
543 24 59 4 285 202 261
848 328 42 4 370 0 42
481 291 48 4 381 42 90
725 401 39 3 440 0 39
107 29 67 1 481 385 452
316 529 20 3 549 0 20
773 511 48 4 579 20 68
644 422 69 3 618 127 196
170 627 60 3 687 0 60
645 741 50 4 791 0 50
923 838 64 3 902 0 64
602 767 65 4 920 88 153
1000 943 29 2 972 0 29
950 956 52 2 1024 16 68
660 1031 50 4 1081 0 50
263 782 69 4 1120 269 338
499 527 70 4 1127 530 600
343 396 78 3 1205 731 809
817 1330 41 4 1371 0 41
616 1324 59 3 1424 41 100
612 1255 71 3 1426 100 171
921 1505 36 2 1541 0 36
608 1501 46 2 1583 36 82
198 1483 55 3 1620 82 137
434 1290 71 2 1648 287 358
280 1574 71 2 1705 60 131
565 1741 55 3 1796 0 55
420 1718 61 3 1834 55 116
870 1906 61 4 1967 0 61
297 1842 66 2 1969 61 127
837 1697 75 2 2023 251 326
857 2055 43 2 2098 0 43
815 2132 38 2 2170 0 38
99 2130 60 2 2228 38 98
471 1463 76 4 2240 701 777
71 834 82 3 2272 1356 1438
378 2316 42 2 2358 0 42
724 2323 46 4 2404 35 81
727 2407 49 2 2456 0 49
351 2480 40 4 2520 0 40
461 2492 59 3 2579 28 87
283 2337 60 1 2612 215 275
567 2603 65 3 2677 9 74
452 2737 39 2 2776 0 39
522 2750 46 4 2822 26 72
185 2828 44 4 2872 0 44
93 2770 48 3 2914 96 144
556 2733 58 4 2968 177 235
710 2979 37 2 3016 0 37
912 2757 58 3 3063 248 306
449 3083 46 3 3129 0 46
967 2708 64 3 3148 376 440
774 3171 62 4 3233 0 62
155 2917 68 4 3278 293 361
184 3300 50 4 3350 0 50
514 3381 49 1 3430 0 49
528 3294 57 4 3450 99 156
246 3344 58 2 3508 106 164
625 3564 63 4 3627 0 63
226 3405 63 2 3634 166 229
957 3344 68 1 3702 290 358
394 3215 69 2 3755 471 540
542 2721 73 1 3828 1034 1107
577 3003 75 4 3903 825 900
242 3935 41 3 3976 0 41
650 3967 60 1 4036 9 69
315 3926 63 2 4090 101 164
469 4098 53 1 4151 0 53
139 4225 54 3 4279 0 54
371 4331 37 3 4368 0 37
112 4329 47 4 4413 37 84
636 4440 43 3 4483 0 43
744 4495 53 3 4548 0 53
951 4356 57 4 4566 153 210
2 4313 59 4 4609 237 296
799 4581 59 3 4668 28 87
265 4704 57 4 4761 0 57
235 4769 37 3 4806 0 37
623 4656 59 2 4821 106 165
946 4675 61 3 4882 146 207
740 4346 64 3 4946 536 600
444 4192 67 3 4946 687 754
647 4785 69 2 5015 161 230
715 5042 45 4 5087 0 45
919 5041 52 4 5138 45 97
361 5147 45 3 5192 0 45
948 5213 23 4 5236 0 23
473 5146 47 4 5261 68 115
192 5084 53 4 5306 169 222
124 5182 59 4 5365 124 183
432 5371 64 3 5435 0 64
519 5452 48 3 5500 0 48
80 5438 65 4 5551 48 113
196 5199 66 4 5608 343 409
723 5350 68 1 5676 258 326
31 5738 42 3 5780 0 42
939 5770 51 2 5831 10 61
632 5904 33 3 5937 0 33
336 5941 34 4 5975 0 34
16 5976 45 1 6021 0 45
554 5983 51 3 6072 38 89
610 6081 40 4 6121 0 40
872 5911 55 4 6162 196 251
21 6122 58 3 6220 40 98
120 5853 65 4 6234 316 381
76 5693 67 4 6235 475 542
974 6027 67 4 6301 207 274
538 6402 33 4 6435 0 33
114 5677 71 2 6445 697 768
639 6456 54 4 6510 0 54
961 6512 49 3 6561 0 49
780 6515 71 3 6632 46 117
880 6087 71 2 6634 476 547
97 6667 58 4 6725 0 58
829 6666 62 1 6786 58 120
924 4530 72 4 6799 2197 2269
827 4950 73 3 6872 1849 1922
72 3944 73 1 6920 2903 2976
26 5891 73 1 6969 1005 1078
665 4467 75 4 7044 2502 2577
430 7117 49 4 7166 0 49
993 7069 60 3 7178 49 109
70 7169 69 4 7247 9 78
118 2322 75 3 7264 4867 4942
143 7280 48 4 7328 0 48
24 6180 75 3 7366 1111 1186
288 7397 64 4 7461 0 64
32 7480 47 4 7527 0 47
144 7542 48 4 7590 0 48
906 5962 77 3 7602 1563 1640
604 7648 39 2 7687 0 39
978 2663 78 3 7719 4978 5056
816 7721 63 4 7784 0 63
60 7827 40 4 7867 0 40
445 7825 57 1 7922 40 97
477 4531 78 2 7957 3348 3426
30 7971 57 3 8028 0 57
11 7240 78 1 8092 774 852
622 8127 65 1 8192 0 65
850 8237 32 3 8269 0 32
268 8303 51 3 8354 0 51
841 8369 51 2 8420 0 51
355 8454 42 3 8496 0 42
157 8299 53 4 8496 144 197
5 8430 54 2 8550 66 120
654 8578 51 3 8629 0 51
718 8301 59 3 8660 300 359
493 8422 66 4 8726 238 304
480 8745 41 4 8786 0 41
527 8834 63 4 8897 0 63
123 8896 64 3 8961 1 65
916 8459 70 3 8964 435 505
885 8699 72 2 9036 265 337
575 9068 49 1 9117 0 49
7 9052 51 4 9152 49 100
399 9106 59 2 9211 46 105
407 4802 79 3 9243 4362 4441
876 3758 79 3 9243 5406 5485
935 5166 79 2 9322 4077 4156
413 9442 37 3 9479 0 37
953 9402 42 1 9481 37 79
733 9536 49 3 9585 0 49
738 9469 58 4 9588 61 119
787 6736 81 2 9589 2772 2853
290 4587 82 4 9671 5002 5084
640 111 82 2 9709 9516 9598
747 9739 59 2 9798 0 59
406 9857 36 3 9893 0 36
587 9878 45 2 9938 15 60
983 9875 53 3 9991 63 116
419 10006 53 3 10059 0 53
84 10120 35 4 10155 0 35
178 10143 37 3 10192 12 49
160 10028 61 2 10192 103 164
595 10209 59 4 10268 0 59
593 10288 57 2 10345 0 57
154 10227 60 4 10385 98 158
729 10421 27 4 10448 0 27
965 10469 51 2 10520 0 51
915 10420 62 4 10569 87 149
683 10551 62 4 10622 9 71
426 10538 66 4 10688 84 150
50 10694 50 3 10744 0 50
996 10357 68 1 10771 346 414
250 10830 44 3 10874 0 44
896 10274 69 4 10884 541 610
761 10895 51 1 10946 0 51
347 10972 20 1 10992 0 20
228 10746 70 1 11025 209 279
217 11030 36 4 11066 0 36
376 10862 72 3 11133 199 271
82 11177 27 2 11204 0 27
393 11140 44 2 11211 27 71
8 10127 72 2 11315 1116 1188
391 10670 72 2 11331 589 661
537 11101 74 2 11405 230 304
363 9804 75 3 11412 1533 1608
252 11437 43 4 11480 0 43
785 11489 62 2 11551 0 62
49 11607 48 4 11655 0 48
386 11713 49 2 11762 0 49
682 11781 51 4 11832 0 51
711 11824 58 4 11890 8 66
53 11747 58 2 11929 124 182
194 11635 63 1 11934 236 299
456 11995 61 2 12056 0 61
930 12004 64 3 12120 52 116
590 11827 68 4 12127 232 300
765 12182 57 4 12239 0 57
74 12233 60 4 12299 6 66
341 12307 58 3 12365 0 58
658 12300 59 3 12417 58 117
694 11787 70 2 12431 574 644
681 11840 71 3 12502 591 662
293 12519 54 4 12573 0 54
4 11921 75 3 12631 635 710
629 12632 41 4 12673 0 41
691 12441 77 4 12749 231 308
439 11923 77 1 12826 826 903
839 12888 33 3 12921 0 33
431 12923 26 3 12949 0 26
992 12857 43 2 12959 59 102
333 12964 59 2 13023 0 59
3 13028 37 3 13065 0 37
375 13069 40 2 13109 0 40
825 13079 60 4 13169 30 90
564 13279 47 3 13326 0 47
574 13314 57 4 13383 12 69
853 13225 63 4 13392 104 167
807 13128 66 3 13402 208 274
579 13411 54 2 13465 0 54
652 13506 49 4 13555 0 49
702 13568 42 3 13610 0 42
90 13617 66 4 13683 0 66
779 13408 66 3 13685 211 277
255 13728 39 1 13767 0 39
215 13346 68 3 13786 372 440
688 12943 70 2 13842 829 899
236 13884 31 3 13915 0 31
354 13573 73 4 13946 300 373
627 13981 49 4 14030 0 49
35 14048 52 4 14100 0 52
714 14115 42 3 14157 0 42
173 14116 46 3 14203 41 87
483 14162 57 3 14260 41 98
555 14024 67 2 14294 203 270
552 13616 74 1 14333 643 717
651 14379 57 1 14436 0 57
34 14446 64 1 14510 0 64
387 14523 60 4 14583 0 60
167 14585 41 4 14626 0 41
137 13224 75 4 14630 1331 1406
936 14651 57 4 14708 0 57
239 14717 36 2 14753 0 36
459 14744 54 3 14807 9 63
19 14687 65 4 14863 111 176
104 14683 67 3 14930 180 247
732 14932 56 4 14988 0 56
12 14992 62 3 15054 0 62
91 11029 78 2 15061 3954 4032
307 9978 78 2 15062 5006 5084
36 15068 50 3 15118 0 50
332 15112 60 2 15178 6 66
455 15206 48 2 15254 0 48
303 15259 31 2 15290 0 31
218 15262 50 4 15340 28 78
845 15336 66 4 15406 4 70
854 15363 75 4 15481 43 118
824 15489 51 3 15540 0 51
152 15567 51 4 15618 0 51
476 15650 62 4 15712 0 62
458 15737 56 2 15793 0 56
563 15789 58 3 15851 4 62
970 15858 56 4 15914 0 56
914 15873 57 4 15971 41 98
63 16012 54 4 16066 0 54
321 15927 61 4 16086 98 159
918 16087 59 4 16146 0 59
900 16185 51 2 16236 0 51
190 16198 57 3 16293 38 95
894 16266 63 3 16356 27 90
530 16452 42 4 16494 0 42
362 16409 45 3 16496 42 87
472 16396 53 4 16536 87 140
913 16592 39 3 16631 0 39
586 16498 59 4 16634 77 136
188 16234 64 4 16658 360 424
25 15830 64 2 16675 781 845
673 16078 66 4 16741 597 663
14 16798 41 3 16839 0 41
491 16816 45 4 16884 23 68
509 16770 63 4 16919 86 149
489 16105 67 3 16957 785 852
501 17090 56 2 17146 0 56
401 16254 68 4 17149 827 895
496 16682 68 4 17149 399 467
405 17157 59 4 17216 0 59
745 15630 68 1 17231 1533 1601
966 17251 38 4 17289 0 38
339 17286 50 2 17339 3 53
878 17391 42 4 17433 0 42
22 17275 55 4 17436 106 161
588 17232 67 1 17484 185 252
193 16655 71 2 17554 828 899
589 17618 50 2 17668 0 50
410 17607 59 3 17716 50 109
513 17761 50 2 17811 0 50
772 17751 54 3 17855 50 104
13 17873 53 4 17926 0 53
737 17829 60 4 17968 79 139
437 17584 61 1 17971 326 387
997 17974 41 1 18015 0 41
751 18042 38 3 18080 0 38
576 17629 62 2 18112 421 483
578 18114 55 2 18169 0 55
460 17791 64 2 18231 376 440
279 17570 65 2 18282 647 712
886 18319 50 2 18369 0 50
606 17801 69 4 18401 531 600
764 18406 68 3 18474 0 68
211 17899 70 4 18539 570 640
396 18573 58 1 18631 0 58
254 18632 52 4 18684 0 52
557 18708 55 4 18763 0 55
753 18632 57 4 18796 107 164
467 18136 70 3 18831 625 695
672 18843 31 4 18874 0 31
492 15792 73 4 18919 3054 3127
249 16362 74 2 18993 2557 2631
836 18744 75 4 19068 249 324
730 19130 61 2 19191 0 61
768 19216 42 4 19258 0 42
266 19262 49 3 19311 0 49
517 19317 56 2 19373 0 56
392 19204 62 4 19413 147 209
466 19348 62 3 19475 65 127
559 19531 63 3 19594 0 63
484 19317 67 4 19605 221 288
907 18318 79 3 19609 1212 1291
145 19648 34 2 19682 0 34
141 19631 48 4 19713 34 82
810 19616 58 3 19756 82 140
985 18231 79 1 19828 1518 1597
844 19910 50 2 19960 0 50
251 19932 57 2 20017 28 85
373 19933 69 4 20086 84 153
47 19887 70 1 20133 176 246
487 12324 80 3 20148 7744 7824
568 13087 80 3 20148 6981 7061
689 20169 53 2 20222 0 53
849 20306 55 3 20361 0 55
349 20281 66 2 20402 55 121
540 20466 23 1 20489 0 23
861 20298 74 2 20499 127 201
720 16275 81 3 20581 4225 4306
121 15975 81 3 20581 4525 4606
370 20623 40 3 20663 0 40
273 20648 67 3 20730 15 82
558 20769 20 2 20789 0 20
757 20786 46 3 20835 3 49
398 20835 52 4 20887 0 52
926 20773 65 1 20952 114 179
98 20724 70 3 20983 189 259
191 21014 44 4 21058 0 44
177 21076 42 4 21118 0 42
833 21078 61 2 21179 40 101
231 21146 69 3 21248 33 102
229 20993 77 1 21286 216 293
294 21292 72 3 21364 0 72
164 12392 82 4 21388 8914 8996
869 14382 83 4 21471 7006 7089
929 21517 38 4 21555 0 38
335 8330 83 3 21556 13143 13226
977 21625 48 4 21673 0 48
662 14051 83 2 21687 7553 7636
214 21723 37 4 21760 0 37
15 21694 57 4 21788 37 94
100 21993 26 3 22019 0 26
465 21975 47 2 22048 26 73
838 22085 62 4 22147 0 62
748 22009 76 4 22186 101 177
207 10329 84 4 22244 11831 11915
41 16123 84 4 22244 6037 6121
234 8715 84 4 22244 13445 13529
550 9892 85 3 22414 12437 12522
497 9836 85 3 22414 12493 12578
357 22476 35 3 22511 0 35
28 22544 48 4 22592 0 48
220 22630 53 2 22683 0 53
119 22684 56 4 22740 0 56
365 22569 67 4 22768 132 199
275 22860 52 3 22912 0 52
186 22802 58 4 22912 52 110
562 22545 76 2 22954 333 409
278 4071 85 2 23029 18873 18958
125 11268 85 2 23029 11676 11761
653 23063 61 4 23124 0 61
425 20059 86 3 23176 3031 3117
200 23260 41 3 23301 0 41
223 23251 61 2 23353 41 102
66 7778 86 2 23364 15500 15586
175 23499 50 4 23549 0 50
731 23451 55 1 23556 50 105
964 23480 65 1 23621 76 141
520 23394 70 2 23634 170 240
89 23542 74 2 23708 92 166
475 23765 44 4 23809 0 44
879 23747 66 4 23857 44 110
243 23874 37 4 23911 0 37
687 23940 36 2 23976 0 36
299 23758 72 4 24002 172 244
87 24029 41 4 24070 0 41
901 23845 72 2 24115 198 270
867 24150 45 4 24195 0 45
756 24152 50 3 24245 43 93
582 24121 51 2 24267 95 146
705 24289 40 2 24329 0 40
322 24397 38 3 24435 0 38
863 24348 62 3 24448 38 100
92 24416 65 3 24513 32 97
440 24432 66 4 24579 81 147
240 24190 68 3 24606 348 416
648 24620 67 3 24687 0 67
969 23775 73 3 24740 892 965
770 23385 76 2 24768 1307 1383
524 3889 87 4 24921 20945 21032
42 7027 87 4 24921 17807 17894
423 25081 68 2 25149 0 68
54 25149 71 4 25220 0 71
790 25115 77 3 25297 105 182
904 21681 87 4 25311 3543 3630
101 9717 87 4 25311 15507 15594
679 25313 64 4 25377 0 64
304 25448 41 4 25489 0 41
986 25543 49 3 25592 0 49
306 25484 56 4 25594 54 110
742 25557 61 4 25655 37 98
881 25705 29 4 25734 0 29
569 25704 46 1 25779 29 75
270 25840 53 4 25893 0 53
296 25770 61 4 25893 62 123
835 25560 61 2 25905 284 345
94 25978 57 4 26035 0 57
274 25959 65 4 26081 57 122
348 26049 67 4 26148 32 99
353 25900 78 4 26172 194 272
135 26194 38 4 26232 0 38
549 26288 55 3 26343 0 55
181 26277 56 4 26388 55 111
708 26507 56 4 26563 0 56
805 26538 68 4 26631 25 93
891 26359 70 4 26634 205 275
327 26406 70 4 26652 176 246
631 26531 74 2 26726 121 195
546 25799 85 3 26744 860 945
197 1564 87 3 26758 25107 25194
342 26835 38 2 26873 0 38
938 26881 56 2 26937 0 56
781 26958 37 3 26995 0 37
314 27031 60 3 27091 0 60
755 27097 41 3 27138 0 41
85 27130 60 4 27198 8 68
596 27253 63 4 27316 0 63
809 27101 65 2 27326 160 225
843 26986 68 4 27352 298 366
257 27405 45 4 27450 0 45
515 27360 46 4 27451 45 91
763 27410 62 4 27513 41 103
451 27458 63 3 27576 55 118
330 27479 68 4 27644 97 165
619 27371 72 4 27716 273 345
75 27719 22 2 27741 0 22
776 27806 52 4 27858 0 52
267 27623 76 3 27866 167 243
129 27945 43 3 27988 0 43
237 27904 66 2 28013 43 109
643 27171 81 3 28048 796 877
409 26852 82 1 28101 1167 1249
438 28168 57 4 28225 0 57
581 26952 85 2 28243 1206 1291
713 10027 87 2 28253 18139 18226
603 3609 88 3 28341 24644 24732
778 28366 81 4 28447 0 81
676 28449 44 4 28493 0 44
210 28559 53 1 28612 0 53
535 28421 84 4 28628 123 207
892 17510 88 2 28691 11093 11181
384 28729 72 4 28801 0 72
470 28847 44 3 28891 0 44
221 28814 63 4 28921 44 107
57 28944 54 3 28998 0 54
671 29202 45 3 29247 0 45
864 29177 46 3 29268 45 91
858 29309 25 4 29334 0 25
462 29199 50 2 29343 94 144
450 29224 68 4 29411 119 187
149 12707 89 2 29425 16629 16718
701 5261 89 2 29425 24075 24164
889 8846 89 2 29425 20490 20579
726 29434 89 4 29523 0 89
397 29603 35 3 29638 0 35
436 29702 65 4 29767 0 65
258 29616 70 2 29773 87 157
621 29788 48 3 29836 0 48
78 29645 72 1 29893 176 248
917 25685 90 4 29894 4119 4209
525 29895 79 3 29974 0 79
427 29978 38 4 30016 0 38
868 30021 46 3 30067 0 46
269 30375 37 3 30412 0 37
598 30390 43 3 30455 22 65
709 30333 58 4 30471 80 138
247 30511 35 3 30546 0 35
979 30324 65 1 30562 173 238
482 2972 90 3 30565 27503 27593
168 29411 90 3 30565 1064 1154
984 21499 90 3 30565 8976 9066
646 30571 28 4 30599 0 28
821 9271 92 4 30685 21322 21414
468 30703 40 4 30743 0 40
806 13047 92 2 30817 17678 17770
201 30903 28 3 30931 0 28
786 30982 31 4 31013 0 31
163 31019 67 3 31086 0 67
183 24046 92 1 31127 6989 7081
358 14040 92 1 31127 16995 17087
615 31173 59 1 31232 0 59
585 31254 59 4 31313 0 59
148 31359 45 4 31404 0 45
859 31332 53 3 31430 45 98
667 31337 66 4 31496 93 159
388 31175 68 3 31523 280 348
663 31537 69 4 31606 0 69
159 31624 38 3 31662 0 38
890 31639 54 4 31716 23 77
796 31264 75 4 31759 420 495
766 31703 79 4 31838 56 135
561 13443 92 1 31884 18349 18441
675 31936 54 3 31990 0 54
366 32036 48 3 32084 0 48
287 31972 59 4 32097 66 125
791 32196 60 4 32256 0 60
814 32140 63 4 32263 60 123
187 31989 81 2 32301 231 312
395 32304 79 4 32383 0 79
454 32386 63 2 32449 0 63
508 32446 77 1 32526 3 80
495 27307 93 4 32654 5254 5347
532 15953 93 4 32654 16608 16701
369 26162 93 3 32747 6492 6585
416 32869 48 4 32917 0 48
108 32799 88 4 32935 48 136
412 19039 94 4 32977 13844 13938
536 32981 48 3 33029 0 48
153 33008 67 4 33096 21 88
834 33183 81 2 33264 0 81
23 33291 26 2 33317 0 26
81 33320 56 3 33376 0 56
842 33278 71 2 33431 82 153
77 33302 80 3 33511 129 209
903 33519 65 2 33584 0 65
949 33165 85 3 33629 379 464
40 31260 94 3 33650 2296 2390
446 7573 94 1 33838 26171 26265
345 32243 94 1 33838 1501 1595
111 33932 43 4 33975 0 43
206 33996 69 2 34065 0 69
256 34084 46 1 34130 0 46
10 34139 20 3 34159 0 20
281 34095 70 1 34220 55 125
573 33965 72 4 34252 215 287
380 34064 81 4 34333 188 269
128 34306 89 3 34422 27 116
678 34436 28 3 34464 0 28
59 34466 33 4 34499 0 33
942 34621 46 3 34667 0 46
828 34677 52 3 34729 0 52
37 34574 60 4 34732 98 158
374 479 96 4 34739 34164 34260
762 7779 96 4 34739 26864 26960
238 34780 71 4 34851 0 71
212 34918 77 3 34995 0 77
601 35063 34 3 35097 0 34
717 4071 100 4 35121 30950 31050
975 2449 100 4 35121 32572 32672
133 35142 54 2 35196 0 54
943 35223 62 2 35285 0 62
637 35396 42 4 35438 0 42
429 35438 48 4 35486 0 48
504 35331 73 3 35494 90 163
887 35525 28 1 35553 0 28
79 35541 67 1 35620 12 79
721 35501 71 2 35667 95 166
597 35684 60 1 35744 0 60
346 35732 63 4 35807 12 75
216 35350 82 4 35865 433 515
67 35936 100 3 36036 0 100
142 36205 49 4 36254 0 49
329 36154 65 1 36268 49 114
758 36684 35 4 36719 0 35
286 36838 37 3 36875 0 37
404 37031 33 1 37064 0 33
485 37099 51 4 37150 0 51
195 37175 64 4 37239 0 64
956 37254 26 2 37280 0 26
424 37089 67 4 37297 141 208
117 37358 66 3 37424 0 66
875 37415 70 4 37494 9 79
998 37381 72 4 37566 113 185
488 37297 74 4 37579 208 282
971 37159 77 2 37656 420 497
819 37685 48 3 37733 0 48
52 37669 49 1 37766 48 97
905 37785 50 4 37835 0 50
902 37728 64 3 37880 88 152
262 37830 67 4 37947 50 117
259 37135 79 2 38013 799 878
51 38079 60 3 38139 0 60
39 38028 61 2 38149 60 121
769 38151 52 4 38203 0 52
448 38227 32 4 38259 0 32
607 38224 51 2 38307 32 83
271 38250 54 2 38361 57 111
968 38312 64 3 38425 49 113
402 38450 67 2 38517 0 67
408 38532 38 3 38570 0 38
728 38533 52 3 38622 37 89
230 38110 78 2 38637 449 527
367 38667 41 1 38708 0 41
722 38399 79 4 38757 279 358
789 38776 55 4 38831 0 55
925 38890 53 1 38943 0 53
390 38858 60 2 38971 53 113
219 38717 82 2 39007 208 290
225 39063 79 4 39142 0 79
29 39187 45 4 39232 0 45
808 39220 56 1 39288 12 68
735 39085 96 2 39339 158 254
666 37915 100 4 39368 1353 1453
415 39369 46 2 39415 0 46
932 39433 46 4 39479 0 46
389 39468 53 1 39532 11 64
980 39537 49 3 39586 0 49
995 39872 60 2 39932 0 60
866 40029 43 4 40072 0 43
609 40153 20 2 40173 0 20
510 40231 51 4 40282 0 51
541 40151 60 3 40282 71 131
910 40116 66 4 40313 131 197
999 40077 69 3 40343 197 266
494 40084 73 3 40416 259 332
379 39967 73 2 40422 382 455
533 40431 66 4 40497 0 66
317 40503 46 3 40549 0 46
826 40798 61 4 40859 0 61
385 40925 29 2 40954 0 29
920 40787 90 1 40967 90 180
989 41053 57 3 41110 0 57
670 41187 37 3 41224 0 37
261 41112 80 4 41229 37 117
162 41202 82 2 41311 27 109
46 40983 85 2 41324 256 341
127 41420 49 4 41469 0 49
441 41292 100 4 41473 81 181
893 41544 30 4 41574 0 30
754 41614 46 4 41660 0 46
312 41657 52 4 41712 3 55
852 41553 58 4 41730 119 177
113 41525 79 4 41790 186 265
320 41867 47 3 41914 0 47
531 41927 38 2 41965 0 38
703 41984 45 3 42029 0 45
310 42040 34 4 42074 0 34
6 41859 53 4 42076 164 217
572 42111 53 4 42164 0 53
706 41977 56 4 42185 152 208
110 41825 69 2 42220 326 395
642 42257 58 4 42315 0 58
801 42305 67 3 42382 10 77
208 42430 44 4 42474 0 44
800 42305 70 1 42496 121 191
855 41529 80 1 42504 895 975
43 41780 85 2 42589 724 809
158 42665 56 4 42721 0 56
417 42633 64 3 42753 56 120
103 43084 65 1 43149 0 65
442 43209 46 4 43255 0 46
309 43263 59 4 43322 0 59
897 43077 89 4 43336 170 259
464 43367 45 3 43412 0 45
474 43364 93 3 43502 45 138
505 43550 56 4 43606 0 56
877 43379 94 4 43652 179 273
871 43692 37 4 43729 0 37
277 43741 81 4 43822 0 81
189 43736 84 4 43901 81 165
804 43910 52 2 43962 0 52
171 43926 66 3 44028 36 102
324 43965 68 2 44096 63 131
172 44097 63 3 44160 0 63
202 44156 68 3 44228 4 72
973 44256 57 4 44313 0 57
771 43973 69 4 44353 311 380
933 44232 70 3 44423 121 191
169 44104 74 3 44497 319 393
109 44533 36 2 44569 0 36
138 44539 47 4 44616 30 77
690 44615 56 3 44672 1 57
797 44458 99 3 44735 178 277
44 44793 46 3 44839 0 46
677 44917 44 4 44961 0 44
566 44887 68 3 44999 44 112
55 45036 85 4 45121 0 85
166 45422 65 4 45487 0 65
331 45507 62 4 45569 0 62
931 45682 32 3 45714 0 32
976 45659 70 3 45761 32 102
823 45996 75 4 46071 0 75
788 46072 71 2 46143 0 71
743 46155 61 2 46216 0 61
668 46317 50 3 46367 0 50
941 46634 80 2 46714 0 80
64 46643 81 3 46795 71 152
551 46798 51 2 46849 0 51
511 46912 77 4 46989 0 77
759 47022 37 1 47059 0 37
381 47008 55 4 47100 37 92
865 47116 54 4 47170 0 54
48 47257 77 4 47334 0 77
130 47389 49 4 47438 0 49
840 47369 62 3 47480 49 111
122 47609 26 4 47635 0 26
356 47722 53 3 47775 0 53
846 47703 59 3 47815 53 112
411 47835 60 3 47895 0 60
372 47906 57 1 47963 0 57
571 48047 58 2 48105 0 58
62 48270 30 2 48300 0 30
96 48239 51 3 48320 30 81
106 48421 56 4 48477 0 56
282 48362 66 3 48484 56 122
325 48378 82 1 48566 106 188
58 48608 57 4 48665 0 57
847 48666 51 4 48717 0 51
611 48611 69 3 48785 105 174
502 48851 64 4 48915 0 64
289 48970 54 4 49024 0 54
521 49251 51 1 49302 0 51
68 49343 75 2 49418 0 75
414 49634 33 2 49667 0 33
209 49710 48 4 49758 0 48
981 49740 69 3 49827 18 87
777 49986 74 3 50060 0 74
350 49947 92 1 50113 74 166
600 50227 53 4 50280 0 53
539 50463 42 4 50505 0 42
213 50419 55 3 50516 42 97
624 50749 58 3 50807 0 58
95 50686 70 4 50814 58 128
433 50708 84 4 50898 106 190
958 50976 51 3 51027 0 51
507 50711 84 1 51033 238 322
793 51288 82 3 51370 0 82
782 51765 50 3 51815 0 50
20 51931 63 3 51994 0 63
634 51998 69 4 52067 0 69
620 52328 43 1 52371 0 43
18 52625 56 4 52681 0 56
83 52914 36 3 52950 0 36
704 52900 67 1 53003 36 103
377 52851 74 3 53028 103 177
359 52771 91 3 53039 177 268
126 53223 50 3 53273 0 50
972 53339 38 3 53377 0 38
570 53302 50 4 53390 38 88
523 53209 82 3 53429 138 220
862 53749 66 3 53815 0 66
699 53989 77 3 54066 0 77
115 54029 79 4 54145 37 116
150 53955 83 1 54194 156 239
712 54255 67 3 54322 0 67
959 54376 35 2 54411 0 35
544 54527 62 2 54589 0 62
161 54517 77 3 54656 62 139
526 54657 75 2 54732 0 75
284 54469 78 3 54761 214 292
418 54381 90 4 54793 322 412
382 54808 70 4 54878 0 70
741 54948 65 1 55013 0 65
506 54911 78 3 55054 65 143
898 55092 48 3 55140 0 48
298 55062 69 1 55179 48 117
952 55087 82 3 55261 92 174
661 55298 73 4 55371 0 73
199 55420 57 4 55477 0 57
987 55664 77 4 55741 0 77
136 55786 36 4 55822 0 36
291 55674 83 2 55860 103 186
463 56021 51 2 56072 0 51
784 56085 32 3 56117 0 32
545 56186 54 3 56240 0 54
697 56152 61 3 56267 54 115
813 56322 48 3 56370 0 48
88 56184 62 3 56377 131 193
696 56387 65 3 56452 0 65
686 56111 70 3 56477 296 366
954 56546 62 3 56608 0 62
707 56624 55 3 56679 0 55
179 56733 76 4 56809 0 76
883 56862 36 4 56898 0 36
486 57251 53 4 57304 0 53
775 57335 56 4 57391 0 56
628 57436 45 4 57481 0 45
340 57342 62 4 57498 94 156
368 57329 68 3 57560 163 231
680 57803 59 2 57862 0 59
264 58171 45 3 58216 0 45
500 58255 61 3 58316 0 61
69 58326 74 3 58400 0 74
716 58262 85 2 58475 128 213
478 58483 66 4 58549 0 66
33 58552 70 4 58622 0 70
927 58675 45 2 58720 0 45
285 58657 48 3 58750 45 93
547 58902 49 3 58951 0 49
301 58882 65 4 58996 49 114
116 59022 56 2 59078 0 56
428 59082 60 2 59142 0 60
630 59143 59 3 59202 0 59
132 58961 68 4 59239 210 278
204 59255 87 4 59342 0 87
156 59429 60 3 59489 0 60
182 59727 45 2 59772 0 45
922 59807 35 4 59842 0 35
895 59905 62 3 59967 0 62
479 59926 76 4 60043 41 117
613 60044 55 2 60099 0 55
991 60310 58 4 60368 0 58
830 60414 71 3 60485 0 71
548 60769 67 4 60836 0 67
27 60871 45 3 60916 0 45
338 60952 65 4 61017 0 65
657 60848 66 3 61024 110 176
882 60867 70 3 61094 157 227
334 60898 86 3 61180 196 282
831 61234 79 4 61313 0 79
203 61376 64 4 61440 0 64
38 61449 50 2 61499 0 50
899 61500 63 4 61563 0 63
955 61590 53 4 61653 10 63
988 61633 53 4 61696 10 63
937 61602 56 2 61752 94 150
1 61758 54 4 61812 0 54
674 61599 66 3 61872 207 273
323 61935 31 4 61966 0 31
982 62057 53 4 62110 0 53
592 62668 55 1 62723 0 55
812 62857 56 3 62913 0 56
685 62979 85 4 63064 0 85
176 63082 100 4 63182 0 100
61 63196 67 3 63263 0 67
614 63198 94 2 63357 65 159
909 63400 58 4 63458 0 58
641 63669 61 1 63730 0 61
749 63849 46 4 63895 0 46
272 63940 60 2 64000 0 60
783 63879 72 4 64027 76 148
302 64052 68 3 64120 0 68
105 64123 62 4 64185 0 62
698 64221 54 4 64275 0 54
319 64274 54 2 64329 1 55
649 64186 64 3 64358 108 172
960 64388 44 2 64432 0 44
818 64210 76 4 64478 192 268
227 64556 48 4 64604 0 48
580 64819 35 1 64854 0 35
292 64902 100 4 65002 0 100
360 65300 61 4 65361 0 61
990 65350 71 4 65432 11 82
798 65577 46 3 65623 0 46
447 65643 66 3 65709 0 66
328 65925 35 4 65960 0 35
911 66111 52 4 66163 0 52
739 66112 76 2 66239 51 127
802 66255 56 1 66311 0 56
65 66338 30 4 66368 0 30
151 66615 69 4 66684 0 69
599 66569 81 2 66719 69 150
498 66791 32 4 66823 0 32
503 66980 57 4 67037 0 57
86 67262 51 1 67313 0 51
746 67238 60 4 67349 51 111
457 67386 56 4 67442 0 56
318 67415 60 4 67502 27 87
313 67368 62 4 67546 116 178
147 67855 67 3 67922 0 67
792 68028 30 3 68058 0 30
695 68141 27 3 68168 0 27
435 68268 99 3 68367 0 99
734 68431 74 1 68505 0 74
822 68569 68 3 68637 0 68
443 68684 23 2 68707 0 23
684 68672 58 4 68753 23 81
873 68703 78 4 68831 50 128
669 68841 70 2 68911 0 70
934 68968 52 2 69020 0 52
140 69025 59 2 69084 0 59
963 69272 50 4 69322 0 50
73 69322 57 4 69379 0 57
664 69250 60 3 69417 107 167
453 69458 63 4 69521 0 63
311 69280 90 3 69570 200 290
245 69787 40 4 69827 0 40
244 69817 78 4 69905 10 88
752 70038 67 3 70105 0 67
659 70150 68 2 70218 0 68
794 70395 55 4 70450 0 55
803 70698 50 4 70748 0 50
421 70886 51 3 70937 0 51
553 71037 52 3 71089 0 52
874 71021 66 4 71139 52 118
400 71405 27 1 71432 0 27
344 71414 76 4 71508 18 94
146 71557 53 4 71610 0 53
947 71732 54 2 71786 0 54
17 72164 59 3 72223 0 59
832 72187 60 3 72283 36 96
591 72382 48 2 72430 0 48
583 72621 76 4 72697 0 76
134 73162 36 4 73198 0 36
276 73198 62 2 73260 0 62
560 73503 86 2 73589 0 86
165 73618 75 4 73693 0 75
222 73756 56 4 73812 0 56
260 74034 59 4 74093 0 59
928 74333 26 4 74359 0 26
516 74301 92 3 74419 26 118
364 74641 37 1 74678 0 37
232 74757 50 3 74807 0 50
205 74742 72 4 74864 50 122
337 74937 64 2 75001 0 64
945 74885 100 4 75049 64 164
811 75336 69 4 75405 0 69
656 75239 100 3 75408 69 169
253 75689 73 2 75762 0 73
9 75904 95 1 75999 0 95
617 76120 76 4 76196 0 76
767 76044 79 4 76199 76 155
56 76311 71 3 76382 0 71
180 76435 61 2 76496 0 61
529 76389 66 2 76516 61 127
944 76365 73 4 76582 144 217
635 77131 72 1 77203 0 72
490 77237 70 3 77307 0 70
994 77525 51 3 77576 0 51
383 77535 63 3 77639 41 104
305 78080 73 2 78153 0 73
534 78298 64 4 78362 0 64
851 79767 30 4 79797 0 30
584 79855 57 4 79912 0 57
908 79746 79 1 79912 87 166
860 80054 66 3 80120 0 66
45 80465 54 3 80519 0 54
512 80662 52 2 80714 0 52
655 80598 65 4 80715 52 117
308 81853 67 2 81920 0 67
760 82005 51 4 82056 0 51
750 82091 71 3 82162 0 71
233 82533 69 4 82602 0 69
633 82677 39 1 82716 0 39
326 82651 58 4 82748 39 97
131 82994 50 4 83044 0 50
352 83364 59 2 83423 0 59
518 83516 72 4 83588 0 72
888 84693 50 2 84743 0 50
638 85251 57 4 85308 0 57
962 85353 70 3 85423 0 70
295 86203 66 1 86269 0 66
300 86935 51 3 86986 0 51
884 87123 61 2 87184 0 61
594 87792 67 4 87859 0 67
422 87705 88 2 87860 67 155
719 88238 68 2 88306 0 68
736 89071 52 1 89123 0 52
248 89113 94 2 89217 10 104
795 89353 60 4 89413 0 60
174 89804 50 3 89854 0 50
102 90264 41 2 90305 0 41
700 90415 75 2 90490 0 75
820 92995 68 3 93063 0 68
856 93297 54 3 93351 0 54
605 93439 52 4 93491 0 52
626 93853 67 4 93920 0 67
940 93857 79 4 93999 63 142
692 95247 62 4 95309 0 62
618 96374 66 1 96440 0 66
