96932 1389 117 70
102 33 25 2 58 0 25
589 161 39 1 200 0 39
847 184 50 2 250 16 66
434 259 52 4 311 0 52
706 347 31 4 378 0 31
406 353 25 2 403 25 50
157 375 39 4 442 28 67
751 376 43 2 485 66 109
624 404 24 4 509 81 105
277 508 21 1 730 201 222
191 423 55 3 735 257 312
604 485 68 1 753 200 268
325 491 69 4 772 212 281
783 505 86 2 808 217 303
791 702 49 4 857 106 155
836 715 43 4 900 142 185
597 731 26 3 926 169 195
7 832 25 4 951 94 119
362 945 29 4 1080 106 135
288 838 53 3 1083 192 245
712 908 60 4 1093 125 185
969 1038 30 3 1123 55 85
377 1091 85 4 1208 32 117
557 1230 62 4 1292 0 62
941 1262 47 3 1339 30 77
614 1331 23 1 1362 8 31
250 1386 49 4 1435 0 49
184 1460 51 4 1511 0 51
828 1465 31 4 1542 46 77
889 1616 27 4 1643 0 27
243 1724 44 3 1768 0 44
884 1743 67 2 1835 25 92
195 1781 31 2 1866 54 85
671 1838 58 3 1924 28 86
448 1871 67 4 2041 103 170
653 1938 31 2 2072 103 134
173 1884 56 4 2078 138 194
31 2053 56 4 2134 25 81
408 2099 30 3 2164 35 65
581 2173 25 3 2198 0 25
978 2177 66 2 2264 21 87
161 2237 41 3 2355 77 118
295 2220 68 2 2423 135 203
666 2247 55 3 2478 176 231
688 2398 28 3 2506 80 108
66 2348 61 4 2517 108 169
488 2471 62 4 2629 96 158
649 2483 55 2 2634 96 151
701 2630 23 3 2807 154 177
796 2573 51 4 2808 184 235
667 2578 57 2 2815 180 237
947 2698 46 2 2861 117 163
944 2717 35 4 2896 144 179
392 2592 55 3 2951 304 359
309 2749 34 4 2985 202 236
481 2719 55 2 3040 266 321
728 2968 40 2 3080 72 112
972 2891 83 1 3113 139 222
467 3105 45 4 3158 8 53
668 3127 62 4 3220 31 93
873 3205 23 4 3243 15 38
675 3225 38 4 3281 18 56
550 3320 24 4 3344 0 24
782 3370 56 3 3426 0 56
386 3384 47 4 3473 42 89
471 3443 82 4 3555 30 112
278 3554 40 3 3595 1 41
747 3556 55 2 3650 39 94
493 3666 28 2 3694 0 28
4 3752 43 3 3795 0 43
563 3929 53 2 3982 0 53
655 3947 32 4 4064 85 117
357 3946 61 3 4125 118 179
943 4059 28 3 4153 66 94
925 3972 52 2 4155 131 183
39 4135 33 2 4188 20 53
222 4139 29 4 4267 99 128
359 4139 40 3 4307 128 168
438 4137 52 2 4309 120 172
92 4199 41 4 4350 110 151
216 4250 45 1 4445 150 195
509 4242 60 1 4505 203 263
110 4360 33 4 4538 145 178
339 4372 28 2 4566 166 194
210 4296 62 3 4578 220 282
373 4464 32 4 4660 164 196
136 4524 44 3 4704 136 180
364 4563 45 2 4749 141 186
954 4456 83 3 4782 243 326
768 4640 36 4 4868 192 228
15 4750 48 1 4966 168 216
927 4610 84 2 5000 306 390
621 4654 55 3 5055 346 401
534 4889 21 3 5076 166 187
98 4920 21 2 5097 156 177
181 4922 28 4 5125 175 203
961 4785 82 4 5257 390 472
27 5112 49 4 5306 145 194
35 4972 70 4 5326 284 354
813 4999 65 2 5391 327 392
942 5188 41 3 5432 203 244
766 5245 33 4 5515 237 270
46 5263 39 3 5554 252 291
154 5295 46 4 5600 259 305
870 5136 83 3 5633 414 497
208 5328 30 3 5663 305 335
918 5364 36 1 5699 299 335
425 5212 56 3 5755 487 543
308 5489 32 2 5787 266 298
205 5575 45 1 5882 262 307
703 5614 39 2 5921 268 307
169 5657 23 2 5944 264 287
591 5376 67 3 6011 568 635
586 5734 23 3 6034 277 300
968 5762 41 4 6125 322 363
986 5559 59 4 6134 516 575
886 5937 44 4 6178 197 241
300 5675 57 1 6185 453 510
361 5956 23 4 6208 229 252
47 5965 39 3 6297 293 332
716 5735 70 3 6317 512 582
596 5963 80 4 6347 304 384
378 6252 26 3 6373 95 121
798 6266 28 4 6401 107 135
575 6345 31 3 6432 56 87
755 6416 26 3 6508 66 92
907 6350 64 3 6572 158 222
924 6432 79 4 6601 90 169
287 6575 57 4 6708 76 133
739 6583 54 4 6712 75 129
562 6746 69 1 6815 0 69
19 6793 76 4 6941 72 148
899 6843 20 4 6961 98 118
748 6847 34 4 6995 114 148
61 6814 54 4 6999 131 185
606 6889 34 4 7033 110 144
266 6996 30 2 7063 37 67
387 7057 36 3 7099 6 42
950 7098 25 4 7174 51 76
771 7085 54 3 7178 39 93
347 7212 89 2 7301 0 89
220 7276 83 4 7384 25 108
227 7339 62 3 7496 95 157
83 7356 52 3 7498 90 142
825 7488 32 3 7530 10 42
602 7549 43 3 7592 0 43
734 7621 23 4 7644 0 23
619 7645 29 1 7674 0 29
992 7656 38 4 7712 18 56
180 7695 38 4 7750 17 55
926 7701 20 4 7770 49 69
551 7706 44 4 7814 64 108
646 7788 52 3 7866 26 78
399 7845 41 4 7907 21 62
776 7901 47 3 7954 6 53
674 7918 40 4 7994 36 76
914 8060 46 2 8106 0 46
799 8132 98 4 8230 0 98
579 8265 41 3 8306 0 41
527 8299 28 4 8334 7 35
971 8315 91 4 8425 19 110
632 8479 46 2 8525 0 46
935 8505 79 3 8604 20 99
684 8604 26 2 8680 50 76
949 8581 70 2 8700 49 119
470 8620 43 4 8743 80 123
95 8747 21 4 8768 0 21
217 8771 44 3 8815 0 44
678 8866 27 2 8893 0 27
352 8879 42 4 8935 14 56
554 8903 26 2 9061 132 158
424 8904 27 2 9088 157 184
913 8886 95 3 9133 152 247
394 8965 24 4 9207 218 242
187 8894 67 4 9224 263 330
165 9004 35 4 9259 220 255
934 9088 33 2 9342 221 254
745 8958 63 2 9405 384 447
778 9202 24 3 9429 203 227
255 9007 65 4 9444 372 437
162 9284 40 3 9484 160 200
1 9317 38 2 9522 167 205
682 9100 69 3 9541 372 441
521 9346 24 4 9565 195 219
911 9380 27 3 9642 235 262
879 9379 54 4 9646 213 267
960 9654 25 4 9679 0 25
390 9697 45 2 9742 0 45
442 9751 41 3 9792 0 41
433 9867 54 3 9921 0 54
736 9910 80 3 10001 11 91
998 9953 27 4 10028 48 75
787 10038 59 3 10097 0 59
26 10060 41 4 10238 137 178
650 10058 66 4 10354 230 296
363 10104 39 2 10393 250 289
328 10060 63 4 10406 283 346
981 10229 42 2 10448 177 219
332 10078 83 2 10531 370 453
171 10087 51 2 10582 444 495
677 10348 47 1 10629 234 281
104 10363 39 4 10668 266 305
402 10401 27 3 10695 267 294
476 10232 56 2 10751 463 519
478 10267 70 4 10771 434 504
9 10425 51 2 10772 296 347
976 10719 24 2 10796 53 77
199 10761 55 3 10851 35 90
356 10818 47 4 10898 33 80
651 10836 42 2 10940 62 104
200 10839 20 1 10960 101 121
643 10880 40 4 11000 80 120
625 10997 76 3 11126 53 129
84 11031 27 4 11153 95 122
198 10998 62 4 11165 105 167
975 11090 37 2 11202 75 112
293 11183 52 3 11254 19 71
753 11262 28 3 11290 0 28
246 11356 25 4 11381 0 25
539 11412 25 3 11437 0 25
740 11467 41 4 11508 0 41
282 11470 44 4 11552 38 82
453 11527 33 3 11585 25 58
209 11532 40 4 11625 53 93
489 11608 31 2 11656 17 48
224 11698 53 2 11751 0 53
235 11703 64 2 11815 48 112
422 11794 41 3 11856 21 62
866 11803 35 4 11891 53 88
790 11845 50 4 11991 96 146
159 11863 27 3 12018 128 155
229 11813 87 3 12055 155 242
566 11923 48 3 12103 132 180
627 12027 43 2 12246 176 219
192 12093 28 3 12274 153 181
464 12016 62 4 12286 208 270
317 12027 56 1 12292 209 265
141 12291 24 4 12316 1 25
256 12311 42 2 12358 5 47
160 12324 65 4 12423 34 99
792 12393 37 4 12510 80 117
360 12400 39 2 12549 110 149
692 12381 56 4 12555 118 174
254 12523 21 4 12576 32 53
49 12565 41 4 12717 111 152
696 12540 59 3 12726 127 186
568 12549 84 4 12760 127 211
494 12725 41 4 12851 85 126
54 12727 41 4 12892 124 165
202 12741 50 2 12942 151 201
977 12760 32 4 12974 182 214
170 12665 64 4 12988 259 323
272 13003 22 1 13025 0 22
963 13033 27 2 13060 0 27
312 13073 47 4 13120 0 47
43 13130 21 3 13151 0 21
318 13156 53 4 13209 0 53
857 13196 47 2 13256 13 60
178 13258 76 4 13334 0 76
370 13260 35 4 13369 74 109
340 13357 45 3 13514 112 157
512 13274 74 2 13538 190 264
263 13333 51 1 13589 205 256
166 13374 53 4 13642 215 268
393 13498 70 2 13712 144 214
297 13613 24 4 13736 99 123
330 13580 58 4 13744 106 164
952 13770 30 4 13800 0 30
371 13801 57 4 13858 0 57
513 13911 88 2 13999 0 88
213 14198 29 3 14227 0 29
486 14264 49 4 14313 0 49
490 14303 30 4 14343 10 40
14 14306 60 3 14403 37 97
13 14447 28 3 14475 0 28
441 14455 63 4 14538 20 83
827 14487 63 3 14601 51 114
197 14591 50 2 14751 110 160
343 14571 51 4 14752 130 181
932 14628 29 4 14781 124 153
121 14580 62 1 14843 201 263
658 14638 82 4 14875 155 237
451 14784 47 3 14922 91 138
838 14863 83 3 15005 59 142
327 15063 56 2 15119 0 56
629 15142 36 4 15178 0 36
875 15143 37 1 15215 35 72
57 15236 38 4 15274 0 38
869 15245 34 1 15308 29 63
498 15250 35 4 15343 58 93
695 15252 45 2 15438 141 186
542 15262 24 4 15462 176 200
284 15250 59 4 15471 162 221
473 15415 57 4 15528 56 113
189 15473 46 1 15574 55 101
545 15476 35 3 15609 98 133
829 15521 33 2 15642 88 121
285 15563 22 4 15664 79 101
100 15588 44 4 15708 76 120
664 15607 88 2 15796 101 189
107 15743 21 2 15917 153 174
988 15760 21 4 15938 157 178
680 15763 20 2 15958 175 195
236 15713 78 3 15986 195 273
647 15828 45 2 16081 208 253
974 15733 65 4 16096 298 363
3 15906 27 2 16173 240 267
823 15934 47 1 16220 239 286
484 15964 21 1 16291 306 327
896 15805 64 1 16305 436 500
196 16051 41 4 16396 304 345
585 16051 29 4 16425 345 374
313 15850 53 3 16478 575 628
41 16196 35 4 16563 332 367
414 16209 23 3 16586 354 377
786 15961 52 4 16588 575 627
841 16268 24 3 16612 320 344
603 15987 79 2 16641 575 654
840 16093 64 4 16705 548 612
761 16124 52 1 16707 531 583
461 16504 46 4 16753 203 249
895 16416 67 3 16820 337 404
685 16572 56 2 16876 248 304
244 16706 79 4 16905 120 199
806 16863 65 4 16970 42 107
81 16941 38 4 17008 29 67
600 17015 30 4 17045 0 30
129 17016 39 2 17084 29 68
615 17030 29 4 17163 104 133
275 17021 71 2 17234 142 213
70 17107 30 4 17264 127 157
660 17044 54 3 17268 170 224
315 17219 41 3 17359 99 140
702 17219 68 3 17377 90 158
204 17341 26 4 17403 36 62
631 17351 35 4 17438 52 87
273 17387 41 2 17529 101 142
775 17382 76 3 17655 197 273
883 17477 44 2 17699 178 222
240 17495 26 1 17725 204 230
45 17498 31 3 17756 227 258
201 17408 88 4 17844 348 436
610 17420 63 3 17857 374 437
553 17626 26 4 17883 231 257
718 17637 29 4 17912 246 275
286 17705 23 1 17935 207 230
21 17709 27 4 17962 226 253
322 17524 84 1 17996 388 472
436 17797 49 2 18095 249 298
528 17908 25 2 18120 187 212
663 17782 69 1 18139 288 357
612 18012 47 3 18186 127 174
503 18086 39 1 18225 100 139
735 18101 22 3 18247 124 146
905 18193 30 3 18277 54 84
705 18256 53 3 18330 21 74
179 18295 69 4 18399 35 104
334 18382 21 1 18470 67 88
904 18333 71 1 18491 87 158
214 18432 42 2 18533 59 101
867 18447 55 2 18588 86 141
403 18602 66 4 18668 0 66
726 18613 48 4 18766 105 153
52 18603 55 3 18771 113 168
496 18693 36 4 18807 78 114
331 18738 22 4 18829 69 91
997 18921 68 2 18989 0 68
570 18922 54 3 19043 67 121
816 19097 24 4 19121 0 24
608 19127 24 4 19151 0 24
68 19217 22 4 19239 0 22
743 19217 32 2 19271 22 54
59 19236 43 3 19314 35 78
722 19356 41 4 19397 0 41
593 19368 33 3 19430 29 62
910 19377 34 4 19464 53 87
955 19468 64 2 19532 0 64
920 19492 43 1 19575 40 83
93 19533 93 1 19718 92 185
119 19604 26 4 19744 114 140
142 19571 93 2 19787 123 216
398 19635 32 4 19819 152 184
30 19712 36 4 19905 157 193
151 19751 25 4 19930 154 179
797 19690 79 1 19959 190 269
633 19871 70 3 20029 88 158
881 19996 47 2 20076 33 80
348 20291 51 3 20342 0 51
469 20404 32 4 20436 0 32
697 20445 65 2 20510 0 65
428 20453 25 3 20535 57 82
894 20458 50 2 20585 77 127
133 20582 20 4 20655 53 73
672 20468 88 3 20693 137 225
426 20687 55 2 20748 6 61
6 20877 64 1 20941 0 64
569 21069 24 3 21093 0 24
559 21135 81 3 21216 0 81
269 21208 50 3 21266 8 58
520 21353 37 3 21390 0 37
416 21362 71 3 21461 28 99
113 21415 36 4 21497 46 82
487 21422 40 3 21537 75 115
238 21540 48 2 21588 0 48
694 21576 44 4 21632 12 56
258 21607 51 4 21683 25 76
544 21735 23 2 21758 0 23
725 21871 28 2 21899 0 28
807 21892 39 4 21938 7 46
87 21969 65 3 22034 0 65
174 22113 62 3 22175 0 62
333 22410 83 4 22493 0 83
723 22438 24 4 22517 55 79
381 22483 35 2 22552 34 69
785 22578 27 3 22605 0 27
853 22626 25 3 22651 0 25
676 22667 21 3 22688 0 21
773 22702 29 4 22731 0 29
423 22738 37 4 22775 0 37
8 22797 21 3 22818 0 21
302 22839 27 1 22866 0 27
65 22863 62 4 22928 3 65
648 22915 45 3 22973 13 58
922 22962 40 4 23013 11 51
132 22978 31 3 23044 35 66
549 23035 27 4 23071 9 36
11 23041 24 4 23095 30 54
912 23095 98 3 23193 0 98
526 23096 29 3 23222 97 126
301 23183 62 1 23334 89 151
645 23224 29 2 23363 110 139
802 23194 54 2 23367 119 173
382 23326 37 2 23404 41 78
892 23379 92 4 23496 25 117
85 23489 22 3 23518 7 29
319 23590 44 4 23634 0 44
877 23697 56 2 23753 0 56
874 23847 34 3 23881 0 34
310 23921 49 1 23970 0 49
902 23980 34 4 24014 0 34
417 24028 38 3 24066 0 38
384 24097 51 4 24148 0 51
531 24384 79 4 24463 0 79
480 24464 57 1 24521 0 57
38 24508 32 3 24553 13 45
103 24530 79 4 24682 73 152
518 24547 56 4 24688 85 141
230 24752 28 4 24780 0 28
321 24906 74 2 24980 0 74
572 24972 49 3 25079 58 107
354 24921 75 4 25104 108 183
262 25071 24 3 25178 83 107
937 25041 55 4 25183 87 142
78 25144 71 2 25304 89 160
991 25192 42 4 25346 112 154
903 25231 30 4 25376 115 145
980 25164 51 1 25377 162 213
190 25291 29 3 25506 186 215
880 25308 34 4 25590 248 282
443 25359 34 2 25624 231 265
595 25234 56 4 25630 340 396
106 25277 72 3 25652 303 375
28 25491 50 4 25702 161 211
844 25504 22 4 25724 198 220
683 25301 71 3 25745 373 444
225 25559 24 4 25819 236 260
99 25648 32 4 25901 221 253
413 25507 69 2 25970 394 463
73 25776 48 4 26018 194 242
578 25640 96 2 26114 378 474
226 25657 55 3 26169 457 512
618 25916 28 2 26197 253 281
497 25989 30 1 26277 258 288
577 25805 64 4 26291 422 486
69 26098 42 4 26333 193 235
994 25892 53 4 26336 391 444
172 25918 79 4 26365 368 447
856 26218 33 3 26398 147 180
109 26322 30 3 26428 76 106
831 26388 66 3 26494 40 106
863 26438 64 4 26558 56 120
367 26503 46 4 26604 55 101
375 26590 43 4 26647 14 57
241 26644 25 3 26672 3 28
76 26700 45 4 26745 0 45
253 26802 62 3 26864 0 62
153 26869 59 2 26928 0 59
900 26982 56 4 27038 0 56
871 27025 36 4 27124 63 99
185 26986 67 4 27141 88 155
989 27087 43 4 27184 54 97
259 27203 28 2 27231 0 28
661 27282 26 2 27308 0 26
122 27306 54 4 27362 2 56
826 27359 29 3 27391 3 32
727 27363 34 1 27425 28 62
580 27425 75 2 27500 0 75
897 27446 26 3 27526 54 80
822 27533 57 2 27590 0 57
584 27581 38 4 27628 9 47
415 27621 29 4 27657 7 36
492 27656 71 4 27728 1 72
832 27681 44 4 27772 47 91
532 27729 34 4 27806 43 77
12 27754 34 3 27840 52 86
350 27773 25 3 27865 67 92
850 27804 41 4 27906 61 102
17 27969 30 4 27999 0 30
951 28034 63 3 28097 0 63
211 28191 31 3 28222 0 31
270 28255 58 2 28313 0 58
561 28331 42 4 28373 0 42
372 28376 32 4 28408 0 32
482 28521 57 1 28578 0 57
882 28630 90 3 28720 0 90
839 28685 36 3 28806 85 121
427 28716 46 4 28902 140 186
582 28631 54 2 28906 221 275
514 28793 39 1 28945 113 152
858 28700 94 3 28989 195 289
731 28810 27 3 29016 179 206
711 28812 44 4 29060 204 248
762 28927 61 4 29121 133 194
379 29186 64 1 29250 0 64
212 29201 38 2 29288 49 87
401 29263 66 3 29354 25 91
411 29326 31 4 29435 78 109
233 29338 21 2 29456 97 118
146 29312 73 4 29479 94 167
812 29444 78 3 29607 85 163
908 29451 62 3 29619 106 168
860 29834 25 3 29859 0 25
744 29870 82 4 29952 0 82
55 29901 41 2 29993 51 92
400 29926 27 4 30020 67 94
541 29935 59 4 30079 85 144
143 30184 62 1 30246 0 62
681 30252 24 4 30276 0 24
274 30291 87 4 30378 0 87
547 30333 51 3 30429 45 96
772 30398 42 4 30471 31 73
846 30531 26 3 30557 0 26
872 30602 40 4 30642 0 40
885 30649 55 4 30704 0 55
64 30689 46 4 30750 15 61
738 30773 46 2 30819 0 46
391 30883 53 3 30936 0 53
245 30938 21 4 30959 0 21
640 31126 94 3 31220 0 94
298 31149 59 4 31279 71 130
800 31276 42 4 31321 3 45
965 31311 69 3 31390 10 79
125 31389 46 3 31436 1 47
852 31484 22 2 31506 0 22
891 31486 21 2 31527 20 41
101 31717 25 4 31742 0 25
477 31719 21 3 31763 23 44
276 31774 81 3 31855 0 81
203 31816 40 2 31945 89 129
764 31781 88 4 31983 114 202
921 31899 40 2 32023 84 124
548 32084 80 3 32164 0 80
588 32216 21 3 32237 0 21
306 32378 42 4 32420 0 42
232 32488 41 4 32529 0 41
984 32617 75 3 32692 0 75
616 32648 40 4 32732 44 84
945 32740 23 2 32763 0 23
323 32744 29 1 32792 19 48
709 32908 25 2 32933 0 25
763 32965 58 2 33023 0 58
303 33029 32 4 33061 0 32
439 33089 46 4 33135 0 46
80 33136 37 3 33173 0 37
594 33237 78 3 33315 0 78
754 33239 40 3 33355 76 116
507 33249 42 3 33397 106 148
933 33334 38 2 33435 63 101
42 33355 30 4 33465 80 110
252 33422 32 3 33497 43 75
982 33534 42 3 33576 0 42
407 33592 37 4 33629 0 37
483 33629 38 4 33667 0 38
519 33646 40 3 33707 21 61
710 33647 63 3 33770 60 123
36 33710 83 3 33853 60 143
349 33837 59 3 33912 16 75
898 33946 32 4 33978 0 32
77 33985 79 4 34064 0 79
206 34194 62 4 34256 0 62
58 34208 25 4 34281 48 73
888 34284 43 3 34327 0 43
183 34375 24 3 34399 0 24
721 34486 44 2 34530 0 44
560 34503 23 4 34553 27 50
71 34526 85 3 34638 27 112
445 34584 26 2 34664 54 80
344 34619 25 1 34689 45 70
472 34760 58 3 34818 0 58
820 34782 36 2 34854 36 72
529 34842 34 4 34888 12 46
32 34877 81 3 34969 11 92
326 34907 35 4 35004 62 97
801 34963 76 4 35130 91 167
592 34988 74 4 35154 92 166
760 35074 33 4 35187 80 113
533 35082 36 4 35223 105 141
338 35196 23 1 35246 27 50
769 35357 65 4 35422 0 65
793 35546 68 4 35614 0 68
662 35637 29 4 35666 0 29
139 35714 22 3 35736 0 22
574 35728 60 4 35796 8 68
194 35784 38 4 35834 12 50
843 35795 48 2 35882 39 87
164 35960 68 3 36028 0 68
811 35978 69 4 36097 50 119
444 36300 39 3 36339 0 39
564 36313 24 4 36413 76 100
641 36335 42 1 36455 78 120
53 36311 53 3 36458 94 147
397 36370 23 4 36481 88 111
134 36494 32 3 36526 0 32
341 36507 84 3 36610 19 103
23 36533 39 4 36649 77 116
138 36849 48 3 36897 0 48
446 36950 60 2 37010 0 60
720 37091 67 3 37158 0 67
946 37144 35 3 37243 64 99
817 37120 59 2 37252 73 132
590 37186 21 4 37273 66 87
939 37235 49 3 37422 138 187
940 37190 62 4 37484 232 294
140 37204 65 3 37499 230 295
454 37342 27 4 37526 157 184
248 37364 24 4 37600 212 236
505 37239 62 3 37662 361 423
251 37344 73 3 37685 268 341
936 37555 24 2 37709 130 154
345 37411 64 4 37723 248 312
223 37606 37 2 37760 117 154
118 37606 38 2 37798 154 192
979 37787 43 4 37841 11 54
750 37845 39 4 37884 0 39
281 37983 45 3 38028 0 45
124 37996 30 3 38058 32 62
63 38098 59 3 38157 0 59
654 38259 50 4 38309 0 50
501 38486 61 2 38547 0 61
789 38525 63 1 38660 72 135
719 38540 72 1 38682 70 142
149 38709 41 3 38750 0 41
292 38908 28 2 38936 0 28
887 38933 58 2 38994 3 61
280 39073 29 1 39102 0 29
239 39174 28 2 39202 0 28
385 39174 47 2 39249 28 75
876 39228 52 2 39301 21 73
459 39481 86 1 39567 0 86
730 39561 62 3 39629 6 68
152 39586 75 3 39704 43 118
389 39704 34 4 39738 0 34
37 39723 35 1 39773 15 50
485 39856 53 2 39909 0 53
849 39879 52 4 39961 30 82
628 40225 62 4 40287 0 62
156 40306 26 4 40332 0 26
337 40344 62 4 40406 0 62
112 40578 55 4 40633 0 55
60 40659 34 4 40693 0 34
845 40675 54 2 40747 18 72
299 40985 78 4 41063 0 78
864 41097 83 3 41180 0 83
985 41205 47 3 41252 0 47
126 41245 27 4 41279 7 34
717 41355 52 1 41407 0 52
405 41364 80 3 41487 43 123
638 41473 50 1 41537 14 64
636 41633 66 3 41699 0 66
462 41881 67 2 41948 0 67
995 41970 47 3 42017 0 47
724 42027 73 2 42100 0 73
409 42328 37 3 42365 0 37
96 42432 24 4 42456 0 24
40 42459 52 3 42511 0 52
556 42488 73 3 42584 23 96
938 42544 58 4 42642 40 98
962 42678 96 4 42774 0 96
499 42863 28 3 42891 0 28
693 42981 21 3 43002 0 21
795 43016 58 4 43074 0 58
466 43137 46 3 43183 0 46
948 43246 27 1 43273 0 27
324 43314 51 4 43365 0 51
708 43327 26 3 43391 38 64
830 43395 38 1 43433 0 38
758 43500 24 3 43524 0 24
447 43720 67 3 43787 0 67
617 43873 30 4 43903 0 30
75 43889 51 2 43954 14 65
810 43986 64 4 44050 0 64
44 43990 35 3 44085 60 95
999 44061 58 3 44143 24 82
388 44186 32 1 44218 0 32
781 44371 62 2 44433 0 62
431 44398 36 4 44469 35 71
108 44555 35 4 44590 0 35
193 44591 41 4 44632 0 41
546 44800 30 4 44830 0 30
687 44846 61 3 44907 0 61
155 44848 21 2 44928 59 80
901 44956 53 4 45009 0 53
729 44991 22 1 45031 18 40
366 45038 22 2 45060 0 22
123 45046 45 4 45105 14 59
5 45055 47 2 45152 50 97
449 45056 33 4 45185 96 129
779 45062 28 4 45213 123 151
865 45101 34 2 45247 112 146
430 45117 36 4 45283 130 166
450 45351 22 4 45373 0 22
609 45354 75 4 45448 19 94
565 45804 28 1 45832 0 28
630 45827 24 4 45856 5 29
737 45865 57 3 45922 0 57
506 45995 63 3 46058 0 63
805 46098 35 3 46133 0 35
351 46157 45 4 46202 0 45
67 46198 30 4 46232 4 34
91 46272 44 3 46316 0 44
33 46463 57 4 46520 0 57
990 46508 57 4 46577 12 69
890 46675 23 4 46698 0 23
404 46679 53 2 46751 19 72
851 46829 50 4 46879 0 50
314 46969 59 3 47028 0 59
74 47024 21 2 47049 4 25
510 47049 28 4 47077 0 28
305 47439 46 4 47485 0 46
752 47531 45 3 47576 0 45
218 47545 27 2 47653 81 108
601 47542 61 4 47664 61 122
576 47612 49 2 47713 52 101
24 47641 50 3 47763 72 122
956 47728 50 2 47813 35 85
741 47806 48 4 47911 57 105
421 47778 58 3 47919 83 141
689 47892 49 3 47968 27 76
804 47910 53 2 48021 58 111
756 48049 44 2 48093 0 44
16 48138 27 4 48165 0 27
859 48216 50 4 48266 0 50
127 48242 20 4 48286 24 44
929 48267 81 2 48367 19 100
10 48325 33 4 48400 42 75
307 48446 75 4 48521 0 75
837 48464 24 4 48545 57 81
383 48606 53 3 48659 0 53
818 48751 73 4 48824 0 73
620 48885 66 2 48951 0 66
455 48956 45 2 49001 0 45
815 49028 35 3 49063 0 35
116 49408 47 2 49455 0 47
336 49590 85 4 49675 0 85
794 49694 38 4 49732 0 38
607 49709 32 2 49814 73 105
639 49703 53 2 49817 61 114
279 49950 71 2 50021 0 71
893 49977 30 3 50051 44 74
508 50159 63 4 50222 0 63
523 50345 54 3 50399 0 54
148 50736 28 4 50764 0 28
117 50806 49 4 50855 0 49
707 50893 72 4 50965 0 72
257 50995 28 4 51023 0 28
29 51027 79 4 51106 0 79
504 51086 46 4 51152 20 66
158 51383 52 3 51435 0 52
22 51500 64 4 51564 0 64
665 51541 59 4 51623 23 82
634 51569 33 3 51656 54 87
291 51631 26 2 51682 25 51
186 51726 50 2 51776 0 50
819 51736 26 2 51802 40 66
916 51739 32 4 51834 63 95
105 51775 30 2 51864 59 89
365 51835 65 1 51929 29 94
587 52260 97 4 52357 0 97
231 52513 34 4 52547 0 34
524 52526 43 2 52590 21 64
605 52719 53 4 52772 0 53
699 52915 83 2 52998 0 83
809 52986 21 2 53019 12 33
704 53017 26 3 53045 2 28
770 53104 49 3 53153 0 49
114 53197 53 1 53250 0 53
147 53246 63 4 53313 4 67
759 53351 48 4 53399 0 48
714 53395 58 1 53457 4 62
463 53516 20 4 53536 0 20
435 53612 27 4 53639 0 27
691 54048 36 4 54084 0 36
163 54493 45 4 54538 0 45
491 54525 58 2 54596 13 71
833 54743 85 4 54828 0 85
517 54941 34 4 54975 0 34
583 55011 32 3 55043 0 32
131 55235 33 4 55268 0 33
656 55349 36 4 55385 0 36
242 55448 24 3 55472 0 24
418 55568 27 4 55595 0 27
540 55699 53 4 55752 0 53
89 55847 59 2 55906 0 59
380 56016 54 4 56070 0 54
642 56036 62 4 56182 84 146
928 56090 42 1 56224 92 134
368 56038 72 4 56246 136 208
543 56136 53 4 56299 110 163
320 56393 53 3 56446 0 53
458 56474 21 2 56495 0 21
732 56667 28 1 56695 0 28
342 56699 31 3 56730 0 31
495 56837 45 4 56882 0 45
536 56973 44 1 57017 0 44
861 57029 26 3 57055 0 26
264 57305 30 4 57335 0 30
511 57442 28 3 57470 0 28
626 57488 23 2 57511 0 23
698 57760 38 4 57798 0 38
673 57921 61 4 57982 0 61
854 57990 81 4 58071 0 81
906 58119 25 4 58144 0 25
765 58483 29 2 58512 0 29
535 58547 78 4 58625 0 78
247 58828 72 3 58900 0 72
167 58835 57 2 58957 65 122
567 59298 51 1 59349 0 51
358 59328 22 4 59371 21 43
465 59366 29 4 59400 5 34
967 59371 31 4 59431 29 60
814 59522 52 3 59574 0 52
437 59557 97 3 59671 17 114
283 59597 34 3 59705 74 108
613 59659 27 4 59782 96 123
784 59669 46 3 59828 113 159
474 59603 86 3 59864 175 261
177 59965 74 4 60039 0 74
290 59990 34 3 60073 49 83
175 60474 95 3 60569 0 95
917 60593 54 2 60647 0 54
296 60667 72 1 60739 0 72
774 60711 47 3 60786 28 75
475 60750 45 3 60831 36 81
432 61075 46 4 61121 0 46
90 61122 59 2 61181 0 59
111 61465 44 2 61509 0 44
598 61518 24 4 61542 0 24
176 61549 21 4 61570 0 21
742 61576 66 1 61642 0 66
396 61617 32 4 61674 25 57
931 61719 40 4 61759 0 40
48 61924 59 2 61983 0 59
168 61996 40 4 62036 0 40
2 62048 23 3 62071 0 23
1000 62111 60 4 62171 0 60
456 62385 67 3 62452 0 67
82 62608 30 4 62638 0 30
25 62810 61 3 62871 0 61
530 63074 90 1 63164 0 90
715 63125 21 3 63185 39 60
834 63303 65 2 63368 0 65
515 63310 47 4 63415 58 105
94 63547 39 2 63586 0 39
355 63597 49 4 63646 0 49
679 63618 22 3 63668 28 50
686 63634 32 4 63700 34 66
659 63742 67 3 63809 0 67
144 63807 44 1 63853 2 46
652 63835 32 3 63885 18 50
429 63940 29 4 63969 0 29
207 64119 35 4 64154 0 35
265 64120 35 1 64189 34 69
623 64530 81 4 64611 0 81
115 64828 66 3 64894 0 66
346 64869 82 2 64976 25 107
88 65284 34 3 65318 0 34
120 65772 70 4 65842 0 70
953 65773 34 3 65876 69 103
420 66418 69 2 66487 0 69
268 66564 63 4 66627 0 63
964 66646 28 3 66674 0 28
412 66702 21 4 66723 0 21
599 66825 50 2 66875 0 50
395 66919 23 1 66942 0 23
552 67626 78 3 67704 0 78
571 67657 46 3 67750 47 93
260 67812 22 4 67834 0 22
353 67851 44 2 67895 0 44
855 67927 27 2 67954 0 27
468 68088 88 4 68176 0 88
72 68098 42 4 68268 128 170
311 68090 71 4 68339 178 249
670 68161 56 4 68345 128 184
97 68375 45 4 68420 0 45
746 68872 64 2 68936 0 64
261 68919 53 2 68989 17 70
713 69147 38 4 69185 0 38
700 69437 23 3 69460 0 23
525 69584 64 2 69648 0 64
868 69642 23 2 69671 6 29
440 69777 47 2 69824 0 47
294 69830 30 4 69860 0 30
516 69933 58 1 69991 0 58
20 70061 50 4 70111 0 50
788 70278 57 4 70335 0 57
644 70342 38 4 70380 0 38
502 70472 33 3 70505 0 33
304 70803 43 4 70846 0 43
777 70873 47 3 70920 0 47
622 71173 21 2 71194 0 21
915 71204 33 3 71237 0 33
316 71542 32 2 71574 0 32
460 71994 57 4 72051 0 57
987 72051 33 1 72134 50 83
219 72028 52 1 72136 56 108
50 72101 29 4 72165 35 64
780 72142 26 3 72191 23 49
234 72191 68 2 72259 0 68
878 72203 63 1 72322 56 119
376 72308 46 3 72368 14 60
182 72380 56 3 72436 0 56
135 72556 24 4 72580 0 24
555 72565 72 4 72652 15 87
919 72645 46 3 72698 7 53
522 73014 28 1 73042 0 28
145 73103 27 4 73130 0 27
930 73163 29 4 73192 0 29
993 73353 54 4 73407 0 54
289 73649 35 4 73684 0 35
611 73679 57 4 73741 5 62
56 73748 46 2 73794 0 46
733 73920 82 4 74002 0 82
34 73927 43 2 74045 75 118
410 73985 31 4 74076 60 91
237 74991 43 4 75034 0 43
973 75506 42 3 75548 0 42
452 75651 77 4 75728 0 77
966 75958 47 4 76005 0 47
573 76010 25 4 76035 0 25
215 76179 36 3 76215 0 36
150 76535 54 3 76589 0 54
51 76903 33 4 76936 0 33
558 76951 38 2 76989 0 38
130 77261 39 2 77300 0 39
690 77382 41 3 77423 0 41
18 77715 35 3 77750 0 35
959 77892 40 4 77932 0 40
749 78154 59 1 78213 0 59
228 78318 72 4 78390 0 72
657 78787 45 4 78832 0 45
62 79244 44 3 79288 0 44
479 79494 85 3 79579 0 85
335 79613 32 3 79645 0 32
757 79777 37 4 79814 0 37
824 80431 31 2 80462 0 31
374 81226 62 4 81288 0 62
996 81307 49 3 81356 0 49
862 81465 32 3 81497 0 32
821 81946 26 3 81972 0 26
835 82710 60 4 82770 0 60
221 82929 32 1 82961 0 32
909 82930 45 2 83006 31 76
767 83153 62 2 83215 0 62
538 83298 28 3 83326 0 28
500 83577 33 2 83610 0 33
923 83970 32 3 84002 0 32
970 84682 33 4 84715 0 33
537 84859 37 1 84896 0 37
137 86250 75 3 86325 0 75
808 86673 40 4 86713 0 40
635 87748 57 4 87805 0 57
848 87976 56 3 88032 0 56
842 88536 31 4 88567 0 31
128 89131 57 2 89188 0 57
669 89141 76 3 89314 97 173
803 89197 27 1 89341 117 144
329 89174 86 3 89377 117 203
957 90220 33 4 90253 0 33
249 90246 41 2 90294 7 48
637 91007 57 3 91064 0 57
267 91044 31 4 91095 20 51
983 92221 44 4 92265 0 44
79 92589 65 3 92654 0 65
86 92989 58 2 93047 0 58
369 93683 60 4 93743 0 60
188 93747 26 2 93773 0 26
457 94613 29 3 94642 0 29
958 94980 25 4 95005 0 25
271 95562 44 2 95606 0 44
419 96846 86 3 96932 0 86
