98352 1864 7085 7011
49 140 75 3 215 0 75
251 205 100 3 365 60 160
537 205 86 3 401 110 196
639 269 99 4 650 282 381
999 277 100 1 750 373 473
458 305 74 4 824 445 519
377 397 89 3 863 377 466
82 404 65 4 1028 559 624
256 455 90 3 1118 573 663
439 860 49 3 1317 408 457
9 583 84 1 1351 684 768
916 590 94 2 1445 761 855
649 595 97 2 1542 850 947
552 709 87 2 1629 833 920
139 766 99 3 1878 1013 1112
760 773 95 4 1923 1055 1150
115 848 71 2 1994 1075 1146
525 897 86 2 2180 1197 1283
661 935 79 4 2309 1295 1374
266 996 83 4 2392 1313 1396
931 1036 79 4 2621 1506 1585
528 1061 83 4 2704 1560 1643
715 1078 86 4 2790 1626 1712
17 1104 86 3 2826 1636 1722
650 1179 87 4 2863 1597 1684
870 1237 69 1 2932 1626 1695
620 1308 68 3 2950 1574 1642
830 2086 44 2 3044 914 958
389 1331 63 3 3057 1663 1726
719 1383 76 3 3133 1674 1750
12 1403 98 3 3181 1680 1778
569 1527 99 3 3280 1654 1753
837 1547 68 4 3398 1783 1851
130 1579 59 2 3407 1769 1828
118 1612 74 2 3431 1745 1819
791 2513 44 4 3525 968 1012
196 1626 80 4 3655 1949 2029
444 2608 50 3 3755 1097 1147
946 1654 58 3 3763 2051 2109
240 2673 42 2 3805 1090 1132
855 1682 70 2 3875 2123 2193
945 2712 49 1 3924 1163 1212
275 2779 44 4 4018 1195 1239
327 1980 73 3 4041 1988 2061
841 2060 89 3 4180 2031 2120
577 2150 72 3 4202 1980 2052
592 2237 87 4 4389 2065 2152
92 2310 90 2 4529 2129 2219
688 2367 90 2 4619 2162 2252
809 2504 84 2 4803 2215 2299
752 2526 64 3 4917 2327 2391
636 3538 27 4 4944 1379 1406
529 2534 72 2 5016 2410 2482
690 2557 75 3 5091 2459 2534
988 2677 63 3 5104 2364 2427
153 2726 86 3 5140 2328 2414
428 2878 77 4 5167 2212 2289
355 2892 66 2 5183 2225 2291
854 4193 35 4 5318 1090 1125
279 3077 100 3 5368 2191 2291
629 3090 67 1 5435 2278 2345
930 3181 98 4 5533 2254 2352
5 3187 60 3 5593 2346 2406
401 3260 54 3 5597 2283 2337
411 3281 100 3 5797 2416 2516
720 3371 67 4 5964 2526 2593
885 3380 93 2 6007 2534 2627
882 3423 96 4 6103 2584 2680
136 3463 78 2 6181 2640 2718
591 3512 78 3 6259 2669 2747
477 3550 65 4 6424 2809 2874
623 3651 61 4 6435 2723 2784
116 5031 47 3 6482 1404 1451
73 5115 35 4 6667 1517 1552
768 5142 41 1 6758 1575 1616
290 4134 84 4 6842 2624 2708
774 4192 70 4 6912 2650 2720
956 5308 24 2 7086 1754 1778
438 4216 80 2 7166 2870 2950
354 4256 90 4 7256 2910 3000
3 5449 47 3 7353 1857 1904
904 5464 42 1 7395 1889 1931
630 4361 95 4 7440 2984 3079
89 4500 62 4 7452 2890 2952
183 4510 81 3 7483 2892 2973
996 4529 87 4 7520 2904 2991
500 4560 70 4 7590 2960 3030
6 4567 75 3 7665 3023 3098
705 5882 25 4 7790 1883 1908
263 4593 58 4 7798 3147 3205
217 4687 99 2 7947 3161 3260
547 4754 99 4 8046 3193 3292
773 4848 66 4 8112 3198 3264
184 4854 56 4 8368 3458 3514
627 4889 91 3 8409 3429 3520
11 4941 75 3 8484 3468 3543
162 5060 91 3 8525 3374 3465
394 5089 92 2 8667 3486 3578
874 5104 88 4 8755 3563 3651
891 5118 90 4 8945 3737 3827
385 6702 45 4 9090 2343 2388
407 5155 82 3 9322 4085 4167
317 6765 47 3 9369 2557 2604
311 5185 90 4 9459 4184 4274
509 5256 88 4 9497 4153 4241
679 5279 77 2 9574 4218 4295
947 5293 78 4 9602 4231 4309
668 5348 80 4 9682 4254 4334
366 5400 65 4 9797 4332 4397
412 5438 65 2 9812 4309 4374
374 5775 85 2 10197 4337 4422
582 5846 67 2 10214 4301 4368
544 5854 67 4 10281 4360 4427
496 5869 81 1 10312 4362 4443
475 7724 44 4 10356 2588 2632
621 5952 89 3 10495 4454 4543
708 5971 71 3 10566 4524 4595
973 7885 30 4 10596 2681 2711
249 6098 63 4 10759 4598 4661
527 6131 91 3 10850 4628 4719
994 6190 89 2 10989 4710 4799
799 6192 72 4 11061 4797 4869
974 6206 100 3 11261 4955 5055
586 6249 72 4 11283 4962 5034
282 6255 98 4 11331 4978 5076
662 8376 43 4 11474 3055 3098
101 6357 93 4 11517 5067 5160
173 6490 74 3 11641 5077 5151
67 6523 57 3 11648 5068 5125
440 6543 64 3 11712 5105 5169
247 6602 84 3 11896 5210 5294
296 6641 99 4 11945 5205 5304
632 6666 76 4 11971 5229 5305
709 6698 85 3 12006 5223 5308
215 8980 40 2 12046 3026 3066
950 6702 55 4 12051 5294 5349
575 6703 94 3 12195 5398 5492
166 6714 83 4 12328 5531 5614
189 6743 86 4 12464 5635 5721
788 6758 67 2 12581 5756 5823
285 9313 44 4 12725 3368 3412
558 6818 91 1 12766 5857 5948
211 6914 84 3 12850 5852 5936
697 7058 55 2 12905 5792 5847
478 7095 80 2 12985 5810 5890
710 7106 75 2 13010 5829 5904
178 7260 63 4 13123 5800 5863
924 7270 85 3 13158 5803 5888
765 7304 69 3 13227 5854 5923
609 7451 77 4 13354 5826 5903
432 9989 49 3 13403 3365 3414
856 7457 99 3 13452 5896 5995
807 7463 82 4 13534 5989 6071
804 7504 72 2 13606 6030 6102
274 7619 86 3 13792 6087 6173
437 7762 55 3 13997 6180 6235
344 7784 59 2 14006 6163 6222
129 7812 69 4 14075 6194 6263
497 7902 91 3 14166 6173 6264
446 7917 89 2 14255 6249 6338
465 7932 75 3 14330 6323 6398
133 7953 87 3 14367 6327 6414
87 8059 72 3 14439 6308 6380
457 8074 59 3 14448 6315 6374
520 8121 99 3 14547 6327 6426
584 8167 82 1 14629 6380 6462
871 8207 95 4 14674 6372 6467
899 8208 63 3 14687 6416 6479
135 11252 48 2 14885 3585 3633
746 8316 71 4 14956 6569 6640
578 11358 24 1 14980 3598 3622
70 8337 79 1 15009 6593 6672
255 11504 42 3 15251 3705 3747
763 8428 99 2 15300 6773 6872
521 8433 52 3 15302 6817 6869
113 8640 88 3 15340 6612 6700
851 8686 68 2 15358 6604 6672
4 11758 32 4 15390 3600 3632
596 8709 77 4 15417 6631 6708
413 11784 45 2 15462 3633 3678
205 8745 72 2 15484 6667 6739
716 9052 90 3 15674 6532 6622
761 9071 89 3 15713 6553 6642
434 9114 89 2 15802 6599 6688
703 9135 96 2 15898 6667 6763
779 9159 94 2 15992 6739 6833
448 9166 54 4 16046 6826 6880
659 9222 86 1 16082 6774 6860
384 9237 57 4 16239 6945 7002
604 9262 72 3 16261 6927 6999
346 9286 95 4 16306 6925 7020
236 9391 72 3 16428 6965 7037
822 9498 65 3 16543 6980 7045
310 9643 88 4 16631 6900 6988
406 12958 38 4 16669 3673 3711
814 9746 91 3 16760 6923 7014
737 9746 78 4 16788 6964 7042
568 9876 76 3 16914 6962 7038
514 9930 90 2 16954 6934 7024
665 9934 73 3 16977 6970 7043
180 13306 42 2 17019 3671 3713
386 10032 96 3 17065 6937 7033
226 10086 82 2 17147 6979 7061
117 10125 68 2 17165 6972 7040
248 10161 99 4 17214 6954 7053
550 10179 94 4 17308 7035 7129
939 10215 88 3 17396 7093 7181
35 10232 60 4 17456 7164 7224
815 10247 60 1 17516 7209 7269
866 10277 89 4 17605 7239 7328
781 10433 84 4 17639 7122 7206
331 10517 95 4 17734 7122 7217
185 10632 99 4 17883 7152 7251
701 10672 86 2 18019 7261 7347
961 14309 26 2 18095 3760 3786
252 10835 82 4 18127 7210 7292
742 10926 89 3 18266 7251 7340
957 14501 39 4 18355 3815 3854
486 11024 88 1 18393 7281 7369
483 11185 74 3 18467 7208 7282
343 11203 62 3 18479 7214 7276
258 11207 81 4 18560 7272 7353
370 11256 96 2 18706 7354 7450
14 11403 93 4 18849 7353 7446
182 11438 96 1 18895 7361 7457
775 11456 80 1 18925 7389 7469
744 11500 76 4 18951 7375 7451
210 15214 27 4 19028 3787 3814
403 15232 35 4 19063 3796 3831
876 15316 40 3 19103 3747 3787
20 11972 96 4 19249 7181 7277
847 11981 85 3 19334 7268 7353
903 15554 41 4 19425 3830 3871
714 12013 100 1 19475 7362 7462
842 15692 47 1 19522 3783 3830
941 12161 78 3 19550 7311 7389
818 12228 69 1 19619 7322 7391
523 12304 68 4 19687 7315 7383
75 12364 90 4 19827 7373 7463
90 12468 60 1 19937 7409 7469
860 12485 61 2 20048 7502 7563
853 12510 96 2 20094 7488 7584
563 12736 95 3 20239 7408 7503
337 12760 77 2 20316 7479 7556
675 12830 97 4 20413 7486 7583
937 12835 65 1 20428 7528 7593
968 16525 48 3 20476 3903 3951
743 12878 88 4 20514 7548 7636
812 13009 73 3 20587 7505 7578
225 13085 100 3 20787 7602 7702
617 16812 47 2 20834 3975 4022
728 13126 88 4 20872 7658 7746
408 17036 45 4 21117 4036 4081
504 13469 79 4 21196 7648 7727
918 13692 80 4 21326 7554 7634
601 13784 91 1 21417 7542 7633
684 13803 63 1 21480 7614 7677
510 13845 84 2 21564 7635 7719
484 17457 38 4 21602 4107 4145
700 13914 91 3 21743 7738 7829
404 17558 27 2 21820 4235 4262
459 14017 98 3 21968 7853 7951
109 17682 32 1 22000 4286 4318
795 14134 94 4 22144 7916 8010
246 14152 88 4 22182 7942 8030
261 14223 87 2 22269 7959 8046
144 14254 92 4 22411 8065 8157
342 14300 89 4 22500 8111 8200
76 18103 41 2 22591 4447 4488
793 14369 82 3 22623 8172 8254
897 14376 98 4 22671 8197 8295
466 14501 60 4 22731 8170 8230
191 14641 91 3 22872 8140 8231
669 14743 83 4 23055 8229 8312
693 14819 71 3 23276 8386 8457
420 14856 56 4 23282 8370 8426
694 14899 76 3 23308 8333 8409
657 14932 71 1 23329 8326 8397
383 15203 65 1 23594 8326 8391
214 15338 61 2 23655 8256 8317
507 15479 90 4 23695 8126 8216
66 15500 69 3 23814 8245 8314
542 15546 99 4 24013 8368 8467
892 19343 40 2 24053 4670 4710
864 15750 82 1 24235 8403 8485
838 15835 92 3 24377 8450 8542
831 15934 89 2 24466 8443 8532
167 15951 76 2 24542 8515 8591
910 16028 53 3 24695 8614 8667
410 16082 65 4 24710 8563 8628
227 16090 93 3 25003 8820 8913
88 19975 32 4 25035 5028 5060
570 16123 97 4 25082 8862 8959
204 16281 52 2 25084 8751 8803
199 16298 78 4 25162 8786 8864
341 16345 91 4 25203 8767 8858
816 16374 92 3 25245 8779 8871
884 20358 39 3 25334 4937 4976
456 16645 71 3 25405 8689 8760
734 16690 89 4 25544 8765 8854
505 20618 44 4 25588 4926 4970
124 16748 59 4 25597 8790 8849
868 16788 88 4 25735 8859 8947
360 20760 45 1 25830 5025 5070
777 20782 35 4 25865 5048 5083
372 16859 94 2 25959 9006 9100
863 16877 74 2 25983 9032 9106
844 16887 97 1 26080 9096 9193
147 16935 76 3 26156 9145 9221
667 17058 84 3 26340 9198 9282
150 17122 84 3 26424 9218 9302
997 21223 43 4 26517 5251 5294
676 17210 80 4 26547 9257 9337
358 17232 92 4 26589 9265 9357
1 17357 94 4 26683 9232 9326
776 17412 96 2 26729 9221 9317
423 17465 58 2 26887 9364 9422
314 17490 61 3 26998 9447 9508
169 17545 74 4 27122 9503 9577
100 21811 22 3 27194 5361 5383
239 17573 98 3 27242 9571 9669
213 21836 34 4 27276 5406 5440
756 17610 88 4 27314 9616 9704
137 22000 31 3 27395 5364 5395
328 17699 97 2 27442 9646 9743
491 22049 40 4 27532 5443 5483
706 17707 100 4 27582 9775 9875
980 22085 43 4 27625 5497 5540
402 17846 84 3 27709 9779 9863
333 17884 72 4 27931 9975 10047
42 17894 98 3 28029 10037 10135
770 17945 65 4 28044 10034 10099
26 18074 93 3 28137 9970 10063
556 22515 50 4 28187 5622 5672
753 18215 60 3 28347 10072 10132
159 18313 60 3 28407 10034 10094
624 18341 93 4 28500 10066 10159
597 22842 30 4 28580 5708 5738
539 18406 87 3 28667 10174 10261
50 18458 97 4 28714 10159 10256
18 18466 75 4 28789 10248 10323
158 22980 45 3 28834 5809 5854
29 22996 49 3 28983 5938 5987
393 18493 85 4 29018 10440 10525
122 18523 93 1 29111 10495 10588
666 18523 62 3 29173 10588 10650
861 18546 97 4 29320 10677 10774
600 23303 30 4 29350 6017 6047
194 18827 88 3 29388 10473 10561
208 18848 82 3 29470 10540 10622
494 18939 68 4 29588 10581 10649
817 18943 85 3 29673 10645 10730
977 18945 80 3 29803 10778 10858
640 19000 90 3 29893 10803 10893
531 19221 93 4 30036 10722 10815
878 19227 90 4 30126 10809 10899
425 19256 81 2 30157 10820 10901
900 19306 74 3 30281 10901 10975
418 19329 73 4 30304 10902 10975
986 19470 60 4 30464 10934 10994
976 19478 72 4 30486 10936 11008
22 19480 89 3 30525 10956 11045
332 19559 84 4 30709 11066 11150
323 19571 53 3 30762 11138 11191
48 19680 64 4 30826 11082 11146
271 19728 78 3 30954 11148 11226
727 24515 47 4 31051 6489 6536
771 19745 94 2 31095 11256 11350
923 19771 68 4 31113 11274 11342
685 19774 95 4 31158 11289 11384
228 19905 99 4 31207 11203 11302
283 19919 59 1 31216 11238 11297
382 19924 63 4 31279 11292 11355
922 24855 35 2 31314 6424 6459
177 19924 94 4 31358 11340 11434
371 19932 68 4 31426 11426 11494
322 20113 89 3 31515 11313 11402
291 25142 50 4 31665 6473 6523
618 20353 88 3 31753 11312 11400
663 20360 51 4 31754 11343 11394
52 20520 96 1 31800 11184 11280
469 20580 93 4 31843 11170 11263
301 25573 50 3 31893 6270 6320
13 20643 81 2 31924 11200 11281
516 20667 86 3 32010 11257 11343
58 20760 94 2 32154 11300 11394
867 20832 71 4 32275 11372 11443
992 20933 95 4 32470 11442 11537
858 21004 86 1 32606 11516 11602
152 26152 33 4 32739 6554 6587
103 21096 94 2 32783 11593 11687
561 21113 82 2 32815 11620 11702
232 21117 69 1 32834 11648 11717
969 21173 95 4 32879 11611 11706
875 21221 78 4 32957 11658 11736
132 26432 47 4 33004 6525 6572
579 21383 64 3 33118 11671 11735
739 21497 86 1 33204 11621 11707
551 21577 54 3 33258 11627 11681
965 21590 94 3 33402 11718 11812
506 21614 87 3 33439 11738 11825
759 21624 98 4 33637 11915 12013
736 21654 58 4 33645 11933 11991
993 21689 84 4 33779 12006 12090
585 21800 99 4 33928 12029 12128
813 21990 85 4 34013 11938 12023
443 22024 80 3 34143 12039 12119
572 22164 97 2 34290 12029 12126
908 22225 66 4 34306 12015 12081
644 27724 50 4 34406 6632 6682
481 22231 85 4 34441 12125 12210
145 22251 65 3 34556 12240 12305
678 22251 83 2 34589 12255 12338
31 27893 29 3 34668 6746 6775
111 22281 86 4 34754 12387 12473
560 22491 68 3 34822 12263 12331
45 22567 70 1 34992 12355 12425
522 22594 62 2 35004 12348 12410
223 22623 75 3 35029 12331 12406
289 22672 86 4 35065 12307 12393
898 22732 74 3 35189 12383 12457
732 22791 61 2 35200 12348 12409
607 22863 90 4 35240 12287 12377
349 22964 98 3 35288 12226 12324
237 22990 74 4 35362 12298 12372
912 28843 33 4 35395 6519 6552
590 22992 92 2 35437 12353 12445
820 28894 47 3 35484 6543 6590
380 23063 92 4 35526 12371 12463
442 23138 66 4 35592 12388 12454
433 23189 78 4 35670 12403 12481
826 23197 60 4 35680 12423 12483
545 23341 81 3 35811 12389 12470
451 23391 82 4 35943 12470 12552
36 23429 80 3 36023 12514 12594
63 23438 86 4 36159 12635 12721
767 23488 96 2 36305 12721 12817
176 23524 85 4 36390 12781 12866
581 23589 67 3 36507 12851 12918
735 23618 93 3 36600 12889 12982
207 23663 88 4 36688 12937 13025
645 29986 35 3 36723 6702 6737
606 23702 59 4 36732 12971 13030
131 23862 72 1 36804 12870 12942
895 23864 92 3 36846 12890 12982
712 23953 91 2 36887 12843 12934
696 24029 87 2 36924 12808 12895
958 24036 70 3 37044 12938 13008
188 24155 81 4 37125 12889 12970
803 24159 94 4 37219 12966 13060
242 30594 48 3 37267 6625 6673
683 24213 99 3 37316 13004 13103
565 24262 79 4 37345 13004 13083
635 24370 96 4 37491 13025 13121
320 30802 47 1 37638 6789 6836
165 24396 89 1 37677 13192 13281
488 30841 39 3 37716 6836 6875
911 24454 71 4 37837 13312 13383
979 24471 69 4 37906 13366 13435
574 30997 45 2 37951 6909 6954
692 24776 99 2 38100 13225 13324
967 24905 54 1 38104 13145 13199
646 25030 56 4 38210 13124 13180
378 25109 71 1 38231 13051 13122
453 25128 97 3 38278 13053 13150
832 25154 59 4 38287 13074 13133
47 31681 27 2 38364 6656 6683
10 31685 43 2 38407 6679 6722
745 31849 40 1 38497 6608 6648
148 25630 91 4 38588 12867 12958
106 31995 49 4 38687 6643 6692
499 25672 93 1 38730 12965 13058
7 25732 70 4 38800 12998 13068
396 25779 92 3 38842 12971 13063
350 32161 43 4 38885 6681 6724
747 25802 95 4 38980 13083 13178
8 25936 76 3 39056 13044 13120
689 25962 94 4 39100 13044 13138
631 25981 98 2 39148 13069 13167
381 25995 80 4 39228 13153 13233
24 26034 91 4 39319 13194 13285
55 26133 65 2 39484 13286 13351
329 26137 97 3 39631 13397 13494
564 32669 46 4 39677 6962 7008
441 26371 98 3 39925 13456 13554
707 26474 83 2 40058 13501 13584
455 26487 89 4 40097 13521 13610
61 33073 50 4 40147 7024 7074
449 26652 99 3 40246 13495 13594
951 26752 71 2 40317 13494 13565
819 26805 80 4 40347 13462 13542
588 26816 68 3 40515 13631 13699
487 26907 99 3 40564 13558 13657
107 26931 78 2 40592 13583 13661
231 26934 94 4 40736 13708 13802
254 27016 51 3 40887 13820 13871
634 27035 82 4 41019 13902 13984
810 27054 75 2 41044 13915 13990
257 27065 68 2 41062 13929 13997
772 27295 76 1 41138 13767 13843
278 27373 68 3 41206 13765 13833
426 27400 94 2 41250 13756 13850
975 27542 61 1 41261 13658 13719
123 27585 88 4 41299 13626 13714
827 27715 76 2 41325 13534 13610
397 27771 89 3 41564 13704 13793
110 27802 72 3 41686 13812 13884
794 34580 41 3 41727 7106 7147
872 27887 92 4 41769 13790 13882
265 27930 76 4 41845 13839 13915
647 27975 82 2 41977 13920 14002
859 28127 72 2 41999 13800 13872
347 28157 73 3 42022 13792 13865
369 28181 82 2 42054 13791 13873
495 28366 83 4 42137 13688 13771
498 28406 60 4 42197 13731 13791
671 28786 62 4 42209 13361 13423
648 29067 88 1 42297 13142 13230
722 29153 98 3 42345 13094 13192
789 35602 37 3 42382 6743 6780
126 29228 70 3 42402 13104 13174
518 29275 62 4 42464 13127 13189
672 29439 89 3 42553 13025 13114
792 35858 33 3 42586 6695 6728
143 29454 62 1 42598 13082 13144
800 35920 46 4 42644 6678 6724
318 29480 99 3 42693 13114 13213
340 29569 67 2 42710 13074 13141
79 29572 80 2 42740 13088 13168
896 29610 93 3 42833 13130 13223
297 29646 62 3 42845 13137 13199
53 36230 36 4 42881 6615 6651
112 29711 75 4 42956 13170 13245
962 29744 99 2 43155 13312 13411
532 29774 53 4 43158 13331 13384
526 29856 89 3 43197 13252 13341
238 29915 91 3 43238 13232 13323
277 36678 37 4 43325 6610 6647
414 30105 71 4 43346 13170 13241
766 36898 28 1 43524 6598 6626
203 30362 86 2 43560 13112 13198
69 30377 82 4 43642 13183 13265
615 30439 54 4 43746 13253 13307
953 30533 94 2 43840 13213 13307
264 30744 86 4 43976 13146 13232
206 30759 67 2 43993 13167 13234
480 30763 82 3 44075 13230 13312
664 30787 95 4 44220 13338 13433
932 37619 41 4 44311 6651 6692
571 30871 93 2 44354 13390 13483
368 30873 94 3 44448 13481 13575
359 30898 79 3 44527 13550 13629
391 31007 83 4 44610 13520 13603
292 31092 51 3 44611 13468 13519
880 31404 93 4 44704 13207 13300
653 31422 51 3 44805 13332 13383
802 31668 65 3 44870 13137 13202
81 38304 25 2 44895 6566 6591
972 31837 67 4 44962 13058 13125
91 31874 93 4 45105 13138 13231
741 31980 67 4 45172 13125 13192
154 32014 73 2 45245 13158 13231
399 32195 55 4 45300 13050 13105
450 32206 81 2 45331 13044 13125
201 32469 74 1 45355 12812 12886
114 32490 72 2 45427 12865 12937
284 32534 79 3 45456 12843 12922
824 32540 59 3 45465 12866 12925
782 32579 94 4 45509 12836 12930
825 32624 89 4 45548 12835 12924
260 32647 94 4 45642 12901 12995
865 32693 60 4 45702 12949 13009
409 32700 75 2 45777 13002 13077
305 32793 86 3 45813 12934 13020
538 32835 68 2 45881 12978 13046
127 32893 78 4 46009 13038 13116
829 32987 87 3 46096 13022 13109
262 40112 44 4 46190 6034 6078
436 33073 95 1 46235 13067 13162
595 33160 59 3 46294 13075 13134
543 33268 79 1 46423 13076 13155
221 33293 80 2 46453 13080 13160
160 33304 86 3 46489 13099 13185
611 33494 80 4 46669 13095 13175
192 33521 61 2 46680 13098 13159
512 33554 98 4 46778 13126 13224
989 33582 65 2 46793 13146 13211
652 33641 95 4 46888 13152 13247
216 33678 88 4 46926 13160 13248
805 33688 96 3 47022 13238 13334
471 33887 55 4 47027 13085 13140
345 34009 69 3 47046 12968 13037
202 34319 81 4 47177 12777 12858
319 34334 83 1 47260 12843 12926
229 34363 93 2 47303 12847 12940
721 41468 43 4 47446 5935 5978
315 34365 66 3 47462 13031 13097
102 34455 70 4 47632 13107 13177
524 34469 54 3 47636 13113 13167
222 34606 93 3 47729 13030 13123
429 41799 49 2 47778 5930 5979
784 34703 98 4 47876 13075 13173
686 41856 30 4 47906 6020 6050
633 34731 80 4 47936 13125 13205
749 34927 92 3 48278 13259 13351
33 35082 81 4 48309 13146 13227
51 35292 90 1 48349 12967 13057
326 35725 97 4 48496 12674 12771
171 35776 99 1 48545 12670 12769
187 42564 50 1 48595 5981 6031
43 36102 89 3 48684 12493 12582
877 36248 67 2 48701 12386 12453
942 36315 74 3 48725 12336 12410
610 36351 80 2 48805 12374 12454
769 36377 57 1 48812 12378 12435
925 43072 45 4 48907 5790 5835
398 36632 54 4 49011 12325 12379
503 36753 59 4 49020 12208 12267
21 36844 81 4 49051 12126 12207
119 36866 62 4 49113 12185 12247
460 36944 78 4 49141 12119 12197
651 36975 95 4 49186 12116 12211
557 37040 53 4 49189 12096 12149
935 37111 79 4 49218 12028 12107
348 37222 51 2 49369 12096 12147
352 37328 97 1 49416 11991 12088
599 37457 63 4 49429 11909 11972
77 37494 79 4 49508 11935 12014
724 37510 75 4 49583 11998 12073
751 37579 81 4 49664 12004 12085
642 44312 22 4 49686 5352 5374
431 37742 77 1 49713 11894 11971
587 37774 93 1 49756 11889 11982
934 44501 29 4 49785 5255 5284
540 37855 91 4 49826 11880 11971
879 38010 98 4 49924 11816 11914
198 38116 79 3 49953 11758 11837
335 38118 85 3 50038 11835 11920
862 38235 83 4 50071 11753 11836
151 38312 58 4 50129 11759 11817
670 38416 93 4 50222 11713 11806
95 38432 64 4 50236 11740 11804
680 38573 60 4 50246 11613 11673
687 38712 91 2 50337 11534 11625
682 38732 80 3 50417 11605 11685
276 39220 55 4 50572 11297 11352
750 39498 89 1 50661 11074 11163
619 39561 61 3 50722 11100 11161
209 39709 97 2 50819 11013 11110
959 39804 84 2 50853 10965 11049
517 39873 81 4 50884 10930 11011
280 39907 53 3 50887 10927 10980
156 39929 75 3 50962 10958 11033
954 46072 42 3 51054 4940 4982
353 40075 79 4 51133 10979 11058
121 40211 95 4 51278 10972 11067
508 40293 98 1 51326 10935 11033
108 40316 64 4 51390 11010 11074
559 40451 60 2 51500 10989 11049
888 40467 87 3 51537 10983 11070
713 40556 78 4 51615 10981 11059
605 40649 57 3 51622 10916 10973
309 40797 83 3 51705 10825 10908
492 40937 96 3 51801 10768 10864
268 41165 54 3 51855 10636 10690
233 41185 80 1 51985 10720 10800
823 41344 99 1 52034 10591 10690
726 47191 42 3 52076 4843 4885
461 41429 59 4 52185 10697 10756
883 41450 89 4 52274 10735 10824
421 41485 97 3 52421 10839 10936
462 41539 76 4 52547 10932 11008
755 41552 80 1 52577 10945 11025
553 41655 84 2 52611 10872 10956
681 41807 54 3 52765 10904 10958
949 41928 70 4 52935 10937 11007
730 41972 82 3 53017 10963 11045
86 42005 67 3 53034 10962 11029
190 42017 94 4 53078 10967 11061
300 42022 89 1 53117 11006 11095
625 42052 97 1 53164 11015 11112
873 42251 89 4 53253 10913 11002
424 42291 98 4 53351 10962 11060
234 42611 97 4 53448 10740 10837
901 42958 63 3 53461 10440 10503
325 43061 96 4 53507 10350 10446
840 43095 56 4 53613 10462 10518
762 43187 91 4 53704 10426 10517
27 43409 93 4 53797 10295 10388
603 43757 89 4 53836 9990 10079
259 43761 67 1 54003 10175 10242
699 43814 74 2 54027 10139 10213
161 44066 90 4 54217 10061 10151
59 44107 92 2 54259 10060 10152
786 44153 100 3 54359 10106 10206
482 44598 87 3 54446 9761 9848
985 44733 54 4 54650 9863 9917
473 44860 91 4 54791 9840 9931
193 44939 90 2 54831 9802 9892
546 45114 97 4 54928 9717 9814
179 45181 96 4 55024 9747 9843
798 50374 31 4 55055 4650 4681
288 45258 69 4 55074 9747 9816
843 45272 99 4 55123 9752 9851
833 45283 97 3 55270 9890 9987
138 45435 77 4 55397 9885 9962
93 45550 70 4 55417 9797 9867
758 45697 77 4 55444 9670 9747
998 50874 44 1 55538 4620 4664
140 45950 83 3 55571 9538 9621
614 46041 78 3 55599 9480 9558
890 50974 47 1 55646 4625 4672
940 46086 90 1 55836 9660 9750
74 46163 66 2 56002 9773 9839
778 46198 73 4 56025 9754 9827
357 46336 70 3 56095 9689 9759
711 46372 90 1 56135 9673 9763
56 46455 96 2 56231 9680 9776
534 46574 62 4 56293 9657 9719
269 46785 99 4 56442 9558 9657
30 46821 85 4 56477 9571 9656
533 47015 76 3 56553 9462 9538
163 47065 94 3 56597 9438 9532
321 47075 72 3 56669 9522 9594
467 47238 96 4 56815 9481 9577
97 47259 75 4 56840 9506 9581
302 47328 80 4 56870 9462 9542
19 47407 86 2 56906 9413 9499
44 47433 74 3 56930 9423 9497
464 47487 89 1 56969 9393 9482
134 47499 91 3 57010 9420 9511
628 47726 69 1 57029 9234 9303
16 47773 57 2 57036 9206 9263
419 47773 68 1 57104 9263 9331
608 47847 75 1 57129 9207 9282
250 47876 64 2 57143 9203 9267
104 47879 53 4 57146 9214 9267
913 47955 89 1 57185 9141 9230
905 53084 35 2 57420 4301 4336
245 48204 51 3 57471 9216 9267
501 48378 69 4 57590 9143 9212
417 48508 92 3 57632 9032 9124
72 48860 79 4 57711 8772 8851
489 48885 99 2 57760 8776 8875
593 48909 84 3 57794 8801 8885
32 49051 90 4 57884 8743 8833
944 49227 59 2 57943 8657 8716
702 49242 85 3 58028 8701 8786
970 49250 69 4 58047 8728 8797
921 49354 91 4 58188 8743 8834
186 49371 77 4 58215 8767 8844
468 49372 63 4 58278 8843 8906
836 49541 83 1 58311 8687 8770
422 49705 75 4 58336 8556 8631
906 49844 82 4 58418 8492 8574
307 49849 64 4 58482 8569 8633
364 49872 78 2 58510 8560 8638
387 49885 55 3 58515 8575 8630
15 49989 87 4 58602 8526 8613
808 50060 57 4 58659 8542 8599
914 50132 99 4 58758 8527 8626
907 54846 33 4 58791 3912 3945
98 50316 51 2 58942 8575 8626
641 50485 95 2 58987 8407 8502
295 50497 91 2 59078 8490 8581
638 50537 92 4 59170 8541 8633
801 50540 66 4 59186 8580 8646
613 55358 40 4 59276 3878 3918
181 50793 70 4 59296 8433 8503
170 50978 77 2 59473 8418 8495
80 51013 93 3 59516 8410 8503
463 51026 60 2 59576 8490 8550
294 51060 72 4 59598 8466 8538
28 51076 82 3 59630 8472 8554
926 51090 52 1 59632 8490 8542
38 51271 92 3 59724 8361 8453
34 51427 55 3 59729 8247 8302
312 56145 44 4 59773 3584 3628
846 51480 59 2 59782 8243 8302
583 51538 83 2 59865 8244 8327
536 51608 81 4 59896 8207 8288
365 51757 71 3 59917 8089 8160
562 51856 87 1 60004 8061 8148
983 51961 89 4 60043 7993 8082
96 52021 72 3 60065 7972 8044
573 56780 27 4 60092 3285 3312
852 57011 30 4 60172 3131 3161
698 52706 87 3 60209 7416 7503
893 52967 79 4 60288 7242 7321
655 52984 94 3 60332 7254 7348
395 53011 88 4 60370 7271 7359
230 53077 93 4 60413 7243 7336
616 57400 47 4 60510 3063 3110
219 53105 64 4 60524 7355 7419
955 53219 71 4 60545 7255 7326
37 53233 75 2 60570 7262 7337
172 57533 50 4 60620 3037 3087
351 53361 62 2 60632 7209 7271
889 53660 91 4 60773 7022 7113
445 53819 80 4 60853 6954 7034
200 53845 64 1 60867 6958 7022
598 53939 85 1 61052 7028 7113
94 53985 93 3 61095 7017 7110
966 54119 78 4 61123 6926 7004
984 54383 54 4 61127 6690 6744
704 54468 95 4 61172 6609 6704
392 54636 91 3 61263 6536 6627
821 54695 79 3 61392 6618 6697
963 54792 88 4 61430 6550 6638
293 54856 80 4 61460 6524 6604
535 54867 86 2 61496 6543 6629
849 54868 84 4 61530 6578 6662
25 55124 80 2 61610 6406 6486
470 58991 44 4 61654 2619 2663
881 55222 67 1 61671 6382 6449
887 55353 71 1 61742 6318 6389
917 55458 69 2 61761 6234 6303
447 55512 98 4 61859 6249 6347
430 55559 55 2 61864 6250 6305
376 55703 76 3 61940 6161 6237
85 59526 47 3 61987 2414 2461
435 55966 98 3 62085 6021 6119
313 56269 91 2 62176 5816 5907
936 56596 97 1 62273 5580 5677
390 56831 97 3 62320 5392 5489
125 57054 97 4 62367 5216 5313
174 57357 52 3 62369 4960 5012
738 60529 31 3 62400 1840 1871
298 60531 26 4 62426 1869 1895
149 57644 57 4 62533 4832 4889
691 57694 88 4 62571 4789 4877
785 57816 92 4 62613 4705 4797
589 58018 55 2 62618 4545 4600
835 58023 90 4 62658 4545 4635
643 58039 87 3 62695 4569 4656
60 60988 41 3 62736 1707 1748
267 58488 53 4 62789 4248 4301
549 58519 76 1 62815 4220 4296
336 58537 78 3 62843 4228 4306
519 58934 98 3 62941 3909 4007
388 59182 92 3 62983 3709 3801
39 59322 92 2 63025 3611 3703
948 59444 54 4 63029 3531 3585
902 59602 88 4 63067 3377 3465
41 59770 80 3 63197 3347 3427
427 59817 62 3 63209 3330 3392
99 60553 53 3 63212 2606 2659
978 62443 34 3 63246 769 803
511 60628 77 4 63323 2618 2695
338 61058 75 4 63498 2365 2440
105 61419 53 4 63501 2029 2082
218 63048 50 4 63601 503 553
515 61992 89 4 63640 1559 1648
308 62033 59 4 63699 1607 1666
654 62457 68 3 63767 1242 1310
677 63317 42 3 63809 450 492
806 62478 51 3 63810 1281 1332
270 62597 94 4 63854 1163 1257
472 62682 84 4 63888 1122 1206
243 63019 51 3 63939 869 920
253 63068 83 4 64072 921 1004
783 63238 84 4 64106 784 868
971 63463 75 3 64131 593 668
71 63600 78 4 64209 531 609
330 63631 81 4 64340 628 709
919 63926 71 3 64511 514 585
729 63945 71 4 64582 566 637
995 63986 57 4 64589 546 603
982 64057 97 2 64636 482 579
490 64106 63 4 64649 480 543
915 64121 78 1 64677 478 556
555 64161 100 3 64777 516 616
567 64587 48 3 64875 240 288
566 64505 87 3 64912 320 407
1000 64519 60 4 64922 343 403
40 64908 85 2 65007 14 99
141 64954 80 2 65087 53 133
241 65428 39 4 65467 0 39
612 65652 87 2 65739 0 87
594 65668 60 2 65899 171 231
304 65680 69 4 65918 169 238
235 65736 64 4 65982 182 246
723 65802 73 1 66055 180 253
981 65906 89 4 66094 99 188
195 66006 82 4 66226 138 220
839 66057 78 4 66304 169 247
658 66164 28 1 66332 140 168
733 66165 28 3 66360 167 195
637 66107 92 2 66502 303 395
485 66177 68 3 66520 275 343
212 66196 79 4 66549 274 353
952 66596 91 4 66687 0 91
869 66836 95 4 66931 0 95
361 67022 86 1 67108 0 86
224 67497 47 2 67544 0 47
306 68035 79 2 68114 0 79
416 68210 35 4 68245 0 35
828 68485 97 1 68582 0 97
674 68607 75 1 68682 0 75
502 68646 68 2 68750 36 104
580 69124 64 4 69188 0 64
927 69455 63 2 69518 0 63
530 69490 60 4 69628 78 138
339 69501 96 1 69674 77 173
886 69764 69 1 69833 0 69
548 69798 94 4 69977 85 179
695 69831 90 3 70067 146 236
324 69846 75 4 70142 221 296
796 69970 52 2 70144 122 174
928 70355 84 3 70439 0 84
797 70372 86 3 70525 67 153
157 70542 99 4 70641 0 99
493 70737 98 2 70835 0 98
78 70757 41 4 70876 78 119
65 71127 64 3 71191 0 64
987 71307 59 4 71366 0 59
541 71382 91 4 71473 0 91
479 71441 79 3 71552 32 111
287 71782 46 4 71828 0 46
272 72278 97 3 72375 0 97
120 72294 85 3 72460 81 166
452 72411 70 3 72530 49 119
938 72593 58 4 72651 0 58
845 72741 89 4 72830 0 89
790 72957 94 3 73051 0 94
356 73384 37 4 73421 0 37
857 73415 52 2 73473 6 58
920 73650 90 2 73740 0 90
303 73750 56 2 73806 0 56
513 73864 98 4 73962 0 98
2 73996 39 2 74035 0 39
850 74458 92 2 74550 0 92
83 74634 99 3 74733 0 99
725 74742 80 4 74822 0 80
660 75105 97 3 75202 0 97
787 75280 75 3 75355 0 75
146 75427 48 3 75475 0 48
316 75518 79 3 75597 0 79
929 75945 92 3 76037 0 92
281 75966 67 4 76104 71 138
964 76070 90 2 76194 34 124
379 76136 84 4 76328 108 192
244 76138 97 4 76425 190 287
286 76210 66 3 76441 165 231
454 76455 85 3 76540 0 85
622 76718 87 2 76805 0 87
164 76835 88 3 76923 0 88
375 76930 67 4 76997 0 67
62 77107 45 1 77152 0 45
168 77122 43 4 77195 30 73
626 77336 96 4 77432 0 96
373 77354 84 3 77516 78 162
909 77489 96 3 77662 77 173
273 77508 89 4 77701 104 193
748 78705 68 4 78773 0 68
811 79122 80 2 79202 0 80
894 79166 79 3 79281 36 115
764 79346 79 3 79425 0 79
155 79706 68 4 79774 0 68
128 80001 97 4 80098 0 97
740 80760 69 4 80829 0 69
220 81002 72 3 81074 0 72
57 81146 81 2 81227 0 81
175 81176 67 4 81344 101 168
718 81180 78 3 81372 114 192
554 82012 93 3 82105 0 93
400 82321 79 2 82400 0 79
576 82459 31 3 82490 0 31
405 82990 73 2 83063 0 73
84 83062 96 1 83159 1 97
990 83241 54 2 83295 0 54
754 83732 87 4 83819 0 87
834 84375 96 3 84471 0 96
363 84710 80 4 84790 0 80
780 84984 78 2 85062 0 78
415 84996 91 4 85153 66 157
362 85069 66 3 85219 84 150
46 85211 68 2 85287 8 76
299 85342 73 4 85415 0 73
68 85762 78 4 85840 0 78
731 86039 77 4 86116 0 77
933 86368 80 3 86448 0 80
991 86899 76 4 86975 0 76
717 86937 54 4 87029 38 92
54 87589 97 3 87686 0 97
367 87833 66 4 87899 0 66
602 88234 51 4 88285 0 51
848 88716 75 3 88791 0 75
142 88879 70 4 88949 0 70
197 89280 95 4 89375 0 95
476 89325 65 4 89440 50 115
64 89884 60 3 89944 0 60
23 90465 91 3 90556 0 91
673 91515 99 4 91614 0 99
943 92243 57 4 92300 0 57
334 93079 97 2 93176 0 97
960 94087 86 4 94173 0 86
656 95785 87 3 95872 0 87
757 97336 99 3 97435 0 99
474 98267 85 3 98352 0 85
