96010 1000 3503 3430
8 5 86 3 91 0 86
168 7 92 3 184 85 177
614 19 40 2 224 165 205
713 46 63 4 287 178 241
881 109 89 2 377 179 268
727 140 70 4 447 237 307
243 188 71 3 518 259 330
619 284 98 2 616 234 332
572 292 84 4 701 325 409
729 327 97 3 798 374 471
6 341 93 4 891 457 550
343 455 66 4 957 436 502
386 507 57 3 1014 450 507
546 521 97 4 1111 493 590
104 554 99 4 1210 557 656
878 557 98 1 1308 653 751
665 587 91 4 1399 721 812
784 649 83 2 1483 751 834
147 730 89 4 1572 753 842
897 824 52 3 1624 748 800
295 988 97 3 1721 636 733
344 1052 78 3 1799 669 747
26 1129 96 3 1895 670 766
106 1176 90 2 1985 719 809
733 1191 66 4 2051 794 860
381 1207 93 1 2144 844 937
759 1231 84 3 2228 913 997
697 1321 27 4 2255 907 934
40 1321 67 3 2322 934 1001
493 1329 68 4 2390 993 1061
832 1337 85 3 2475 1053 1138
78 1398 57 4 2532 1077 1134
577 1433 82 3 2615 1100 1182
117 1445 82 4 2697 1170 1252
645 1512 89 4 2786 1185 1274
43 1615 90 3 2876 1171 1261
997 1622 99 3 2975 1254 1353
845 1686 90 4 3065 1289 1379
874 1834 76 2 3141 1231 1307
430 2071 50 3 3191 1070 1120
148 2081 70 2 3261 1110 1180
752 2140 93 2 3354 1121 1214
962 2146 24 2 3378 1208 1232
496 2171 64 3 3442 1207 1271
226 2207 49 3 3491 1235 1284
912 2214 60 4 3551 1277 1337
640 2283 97 4 3648 1268 1365
719 2352 94 3 3742 1296 1390
739 2423 75 1 3817 1319 1394
740 2429 95 2 3912 1388 1483
238 2499 53 3 3965 1413 1466
506 2543 50 3 4016 1423 1473
10 2602 81 1 4097 1414 1495
578 2636 76 2 4173 1461 1537
969 2696 86 4 4259 1477 1563
269 2705 57 4 4316 1554 1611
275 2711 62 4 4378 1605 1667
828 2813 69 4 4447 1565 1634
257 2859 85 2 4532 1588 1673
663 2867 42 3 4574 1665 1707
505 2872 67 2 4641 1702 1769
341 2902 33 2 4674 1739 1772
530 2999 92 4 4766 1675 1767
462 3099 81 1 4847 1667 1748
196 3160 88 3 4935 1687 1775
347 3328 42 3 4977 1607 1649
391 3357 79 2 5056 1620 1699
974 3441 98 4 5154 1615 1713
23 3446 80 4 5234 1708 1788
582 3479 51 4 5285 1755 1806
766 3487 97 4 5382 1798 1895
156 3563 99 4 5481 1819 1918
359 3594 56 4 5537 1887 1943
934 3651 50 3 5587 1886 1936
199 3735 53 3 5640 1852 1905
286 3739 71 4 5711 1901 1972
894 3753 41 3 5752 1958 1999
623 3781 47 2 5799 1971 2018
250 3836 96 2 5895 1963 2059
686 3913 91 2 5986 1982 2073
954 3918 83 3 6069 2068 2151
717 3942 69 1 6138 2127 2196
816 3964 37 3 6175 2174 2211
754 3984 69 4 6245 2192 2261
176 4000 99 2 6344 2245 2344
470 4163 55 2 6399 2181 2236
46 4167 52 4 6451 2232 2284
455 4238 92 2 6543 2213 2305
200 4379 92 3 6635 2164 2256
662 4380 32 4 6667 2255 2287
841 4399 95 3 6762 2268 2363
502 4623 40 3 6802 2139 2179
588 4626 57 3 6859 2176 2233
618 4632 97 3 6956 2227 2324
190 4653 76 2 7032 2303 2379
659 4737 97 3 7129 2295 2392
757 4775 77 3 7206 2354 2431
56 4819 82 4 7288 2387 2469
849 4831 74 4 7362 2457 2531
467 4886 96 3 7458 2476 2572
406 5010 68 2 7526 2448 2516
38 5097 91 2 7617 2429 2520
945 5124 44 4 7661 2493 2537
523 5127 62 2 7723 2534 2596
813 5221 74 4 7797 2502 2576
324 5223 69 3 7866 2574 2643
921 5224 89 4 7955 2642 2731
799 5244 84 1 8039 2711 2795
389 5305 95 2 8134 2734 2829
276 5339 64 3 8198 2795 2859
864 5366 81 3 8279 2832 2913
738 5367 82 3 8361 2912 2994
304 5511 64 4 8425 2850 2914
27 5545 22 2 8447 2880 2902
100 5730 85 2 8532 2717 2802
877 5752 61 2 8593 2780 2841
264 5802 72 4 8665 2791 2863
512 5867 88 3 8753 2798 2886
249 5880 71 4 8824 2873 2944
655 5953 81 4 8905 2871 2952
956 5975 54 4 8959 2930 2984
154 6053 79 4 9038 2906 2985
15 6121 81 3 9119 2917 2998
795 6218 39 2 9159 2902 2941
330 6240 56 3 9215 2919 2975
121 6305 95 3 9310 2910 3005
993 6367 51 3 9361 2943 2994
699 6442 100 4 9461 2919 3019
669 6606 91 2 9552 2855 2946
361 6657 60 3 9612 2895 2955
552 6705 93 2 9705 2907 3000
584 6743 86 4 9791 2962 3048
844 6761 100 4 9891 3030 3130
240 6943 60 4 9951 2948 3008
20 7109 86 3 10037 2842 2928
679 7146 39 3 10076 2891 2930
778 7197 88 4 10164 2879 2967
682 7201 79 2 10243 2963 3042
202 7234 71 2 10314 3009 3080
377 7246 84 2 10398 3068 3152
465 7372 91 4 10489 3026 3117
632 7424 49 2 10538 3065 3114
211 7434 99 4 10637 3104 3203
163 7472 96 1 10733 3165 3261
549 7529 83 1 10816 3204 3287
7 7638 95 4 10911 3178 3273
367 7693 81 1 10992 3218 3299
543 7752 28 4 11020 3240 3268
847 7834 37 3 11057 3186 3223
205 7876 82 2 11139 3181 3263
830 7924 32 4 11171 3215 3247
222 8001 35 4 11206 3170 3205
351 8005 90 3 11296 3201 3291
919 8049 90 4 11386 3247 3337
580 8189 75 2 11461 3197 3272
434 8293 83 4 11544 3168 3251
595 8309 87 3 11631 3235 3322
268 8440 75 2 11706 3191 3266
539 8550 44 3 11750 3156 3200
45 8735 86 2 11836 3015 3101
755 8766 69 3 11905 3070 3139
571 8779 64 4 11969 3126 3190
770 9070 94 3 12063 2899 2993
447 9124 29 2 12093 2940 2969
714 9192 46 3 12139 2901 2947
891 9230 36 3 12175 2909 2945
350 9382 47 1 12222 2793 2840
138 9394 84 1 12306 2828 2912
517 9397 72 1 12378 2909 2981
725 9435 79 3 12457 2943 3022
730 9439 93 3 12550 3018 3111
888 9541 85 4 12635 3009 3094
854 9561 96 2 12731 3074 3170
356 9580 71 4 12802 3151 3222
924 9639 75 2 12877 3163 3238
292 9698 90 4 12967 3179 3269
834 9705 90 3 13057 3262 3352
695 9753 99 2 13156 3304 3403
837 9794 95 2 13251 3362 3457
741 9934 48 3 13299 3317 3365
274 10010 66 4 13365 3289 3355
544 10204 68 2 13433 3161 3229
915 10430 87 2 13520 3003 3090
497 10454 94 4 13614 3066 3160
115 10471 33 3 13647 3143 3176
999 10507 89 3 13736 3140 3229
81 10526 68 4 13804 3210 3278
54 10544 64 3 13868 3260 3324
331 10545 68 3 13936 3323 3391
92 10597 79 4 14015 3339 3418
461 10639 95 3 14110 3376 3471
248 10651 76 4 14186 3459 3535
223 10703 32 4 14218 3483 3515
47 10772 100 4 14318 3446 3546
930 10879 88 2 14406 3439 3527
949 11015 82 4 14488 3391 3473
437 11041 71 2 14559 3447 3518
266 11064 96 1 14655 3495 3591
743 11141 65 3 14720 3514 3579
532 11199 57 1 14777 3521 3578
507 11297 73 2 14850 3480 3553
826 11341 86 1 14936 3509 3595
800 11353 51 2 14987 3583 3634
788 11407 66 2 15053 3580 3646
723 11586 61 1 15114 3467 3528
436 11709 91 4 15205 3405 3496
449 11926 36 1 15241 3279 3315
781 11998 92 4 15333 3243 3335
469 12025 70 4 15403 3308 3378
110 12121 76 3 15480 3283 3359
410 12195 54 4 15534 3285 3339
426 12208 63 4 15597 3326 3389
820 12214 87 3 15684 3383 3470
494 12257 91 3 15775 3427 3518
412 12322 95 3 15870 3453 3548
423 12328 94 4 15964 3542 3636
802 12364 48 3 16012 3600 3648
780 12384 67 2 16079 3628 3695
21 12395 79 3 16158 3684 3763
746 12442 67 4 16225 3716 3783
609 12471 58 3 16283 3754 3812
305 12599 89 4 16372 3684 3773
596 12631 54 2 16426 3741 3795
794 12853 85 3 16511 3573 3658
693 12854 94 1 16605 3657 3751
581 12868 89 4 16694 3737 3826
32 12889 95 2 16789 3805 3900
402 12906 40 4 16829 3883 3923
610 12921 64 3 16893 3908 3972
861 13044 37 4 16930 3849 3886
782 13110 43 1 16973 3820 3863
172 13205 39 4 17012 3768 3807
79 13233 84 3 17096 3779 3863
134 13283 40 4 17136 3813 3853
368 13313 98 2 17234 3823 3921
923 13372 83 4 17317 3862 3945
363 13389 81 3 17398 3928 4009
553 13394 64 2 17462 4004 4068
893 13487 52 4 17514 3975 4027
210 13544 99 3 17613 3970 4069
60 13603 82 3 17695 4010 4092
821 13632 76 3 17771 4063 4139
851 13750 30 4 17801 4021 4051
916 13762 88 3 17889 4039 4127
317 13808 64 2 17953 4081 4145
151 13855 45 4 17998 4098 4143
666 13862 100 3 18098 4136 4236
393 13907 93 3 18191 4191 4284
825 14086 69 4 18260 4105 4174
971 14124 100 2 18360 4136 4236
850 14213 92 2 18452 4147 4239
395 14437 57 4 18509 4015 4072
457 14480 69 3 18578 4029 4098
589 14500 99 3 18677 4078 4177
75 14531 85 1 18762 4146 4231
197 14618 84 4 18846 4144 4228
459 14633 99 3 18945 4213 4312
18 14635 95 1 19040 4310 4405
86 14731 26 3 19066 4309 4335
913 14776 65 4 19131 4290 4355
745 14990 73 2 19204 4141 4214
294 15106 45 3 19249 4098 4143
1000 15122 88 3 19337 4127 4215
464 15220 49 1 19386 4117 4166
11 15372 82 1 19468 4014 4096
300 15438 87 2 19556 4031 4118
612 15484 93 4 19649 4072 4165
526 15545 63 3 19712 4104 4167
297 15676 95 2 19807 4036 4131
277 15681 92 2 19899 4126 4218
809 15868 84 3 19983 4031 4115
128 15948 68 4 20051 4035 4103
591 16082 46 4 20097 3969 4015
468 16169 54 2 20151 3928 3982
352 16214 52 3 20203 3937 3989
966 16227 82 3 20285 3976 4058
473 16268 67 3 20352 4017 4084
890 16362 80 3 20432 3990 4070
131 16403 97 4 20529 4029 4126
288 16465 37 3 20566 4064 4101
791 16486 87 3 20653 4080 4167
30 16578 77 2 20730 4075 4152
293 16632 68 2 20798 4098 4166
654 16666 95 4 20893 4132 4227
793 16818 92 2 20985 4075 4167
692 16873 69 3 21054 4112 4181
817 16880 81 2 21135 4174 4255
245 16893 56 3 21191 4242 4298
529 16971 26 3 21217 4220 4246
170 17218 88 1 21305 3999 4087
761 17308 75 4 21380 3997 4072
952 17314 96 3 21476 4066 4162
146 17330 64 4 21540 4146 4210
958 17385 53 1 21593 4155 4208
25 17414 49 3 21642 4179 4228
3 17447 61 4 21703 4195 4256
42 17466 58 4 21761 4237 4295
887 17612 98 4 21859 4149 4247
285 17701 72 4 21931 4158 4230
289 17743 76 3 22007 4188 4264
981 17877 87 2 22094 4130 4217
642 17927 86 3 22180 4167 4253
383 18125 80 4 22260 4055 4135
933 18193 69 3 22329 4067 4136
397 18216 72 4 22401 4113 4185
764 18294 61 3 22462 4107 4168
254 18350 76 4 22538 4112 4188
840 18382 89 1 22627 4156 4245
670 18420 55 4 22682 4207 4262
807 18475 97 3 22779 4207 4304
129 18483 44 4 22823 4296 4340
798 18495 58 2 22881 4328 4386
355 18546 88 4 22969 4335 4423
19 18557 66 2 23035 4412 4478
388 18600 74 2 23109 4435 4509
267 18647 89 4 23198 4462 4551
418 18671 66 4 23264 4527 4593
911 18679 92 1 23356 4585 4677
600 18698 85 1 23441 4658 4743
357 18797 71 1 23512 4644 4715
790 18918 87 1 23599 4594 4681
519 19057 91 3 23690 4542 4633
885 19078 80 4 23770 4612 4692
328 19096 80 2 23850 4674 4754
209 19133 36 3 23886 4717 4753
456 19135 68 2 23954 4751 4819
932 19231 85 3 24039 4723 4808
963 19237 82 2 24121 4802 4884
372 19312 70 3 24191 4809 4879
644 19355 92 4 24283 4836 4928
109 19424 60 4 24343 4859 4919
833 19469 34 4 24377 4874 4908
559 19550 79 2 24457 4828 4907
80 19605 89 1 24546 4852 4941
629 19653 81 3 24627 4893 4974
554 19698 98 3 24725 4929 5027
515 19796 70 4 24795 4929 4999
237 19887 73 2 24868 4908 4981
957 19900 83 1 24951 4968 5051
905 19919 95 1 25046 5032 5127
270 19996 42 4 25088 5050 5092
385 20015 78 1 25166 5073 5151
528 20019 71 3 25237 5147 5218
626 20056 71 2 25308 5181 5252
806 20315 56 4 25364 4993 5049
570 20462 91 4 25455 4902 4993
105 20486 97 3 25552 4969 5066
908 20518 66 4 25618 5034 5100
884 20551 86 1 25704 5067 5153
256 20842 80 4 25784 4862 4942
379 20867 94 3 25878 4917 5011
334 21045 66 4 25944 4833 4899
574 21065 39 4 25983 4879 4918
299 21176 69 4 26052 4807 4876
822 21223 69 4 26121 4829 4898
107 21252 81 3 26202 4869 4950
875 21319 62 3 26264 4883 4945
690 21354 56 4 26320 4910 4966
935 21358 48 4 26368 4962 5010
736 21419 77 2 26445 4949 5026
892 21448 66 3 26511 4997 5063
653 21470 52 4 26563 5041 5093
66 21564 51 2 26614 4999 5050
797 21711 62 4 26676 4903 4965
896 21898 82 3 26758 4778 4860
207 22161 79 4 26837 4597 4676
721 22162 43 2 26880 4675 4718
175 22239 47 4 26927 4641 4688
296 22259 79 4 27006 4668 4747
316 22278 98 3 27104 4728 4826
991 22313 44 4 27148 4791 4835
811 22364 75 2 27223 4784 4859
236 22457 98 3 27321 4766 4864
597 22482 82 1 27403 4839 4921
558 22543 97 2 27500 4860 4957
136 22592 67 2 27567 4908 4975
122 22667 94 3 27661 4900 4994
44 23076 82 4 27743 4585 4667
804 23377 35 4 27778 4366 4401
534 23479 83 2 27861 4299 4382
836 23506 83 3 27944 4355 4438
996 23605 55 3 27999 4339 4394
660 23672 97 4 28096 4327 4424
384 23742 54 4 28150 4354 4408
722 23743 37 4 28187 4407 4444
598 23846 92 2 28279 4341 4433
586 23853 86 4 28365 4426 4512
409 24024 45 2 28410 4341 4386
590 24114 99 4 28509 4296 4395
565 24135 79 4 28588 4374 4453
142 24138 52 3 28640 4450 4502
4 24192 49 3 28689 4448 4497
242 24202 77 3 28766 4487 4564
978 24238 97 4 28863 4528 4625
480 24404 72 4 28936 4460 4532
262 24432 53 1 28989 4504 4557
215 24437 98 4 29087 4552 4650
408 24450 71 3 29158 4637 4708
808 24452 69 4 29227 4706 4775
886 24489 87 3 29314 4738 4825
326 24546 81 3 29395 4768 4849
889 24641 42 4 29437 4754 4796
848 24644 97 2 29534 4793 4890
290 24686 58 3 29592 4848 4906
180 24723 92 4 29684 4869 4961
140 24741 39 2 29723 4943 4982
239 24744 88 2 29811 4979 5067
342 24961 55 2 29866 4850 4905
338 24978 91 4 29957 4888 4979
984 24980 80 2 30037 4977 5057
55 25032 78 3 30115 5005 5083
509 25167 81 4 30196 4948 5029
635 25312 34 2 30230 4884 4918
879 25318 98 4 30328 4912 5010
964 25386 98 4 30426 4942 5040
696 25395 68 3 30494 5031 5099
989 25470 64 3 30558 5024 5088
375 25529 78 3 30636 5029 5107
995 25541 58 2 30694 5095 5153
880 25605 85 3 30779 5089 5174
970 25636 72 1 30851 5143 5215
873 25705 98 4 30949 5146 5244
982 25798 76 2 31025 5151 5227
917 25813 100 3 31125 5212 5312
34 25833 49 3 31174 5292 5341
922 26060 90 3 31264 5114 5204
705 26069 72 3 31336 5195 5267
150 26356 95 1 31431 4980 5075
203 26379 80 4 31511 5052 5132
476 26457 69 3 31580 5054 5123
961 26480 64 2 31644 5100 5164
910 26558 86 4 31730 5086 5172
422 26733 70 4 31800 4997 5067
319 26804 63 4 31863 4996 5059
498 26879 97 4 31960 4984 5081
977 26892 69 4 32029 5068 5137
649 26929 99 3 32128 5100 5199
548 26980 83 3 32211 5148 5231
312 26991 96 3 32307 5220 5316
419 27002 39 4 32346 5305 5344
371 27070 86 4 32432 5276 5362
120 27109 95 4 32527 5323 5418
471 27185 29 2 32556 5342 5371
69 27232 68 4 32624 5324 5392
985 27284 91 3 32715 5340 5431
178 27392 70 3 32785 5323 5393
907 27431 73 4 32858 5354 5427
737 27453 81 4 32939 5405 5486
707 27492 62 3 33001 5447 5509
448 27700 55 4 33056 5301 5356
282 27750 79 1 33135 5306 5385
639 27798 69 3 33204 5337 5406
143 27800 97 4 33301 5404 5501
925 27802 96 3 33397 5499 5595
132 27813 31 3 33428 5584 5615
460 27890 95 2 33523 5538 5633
187 28046 37 3 33560 5477 5514
475 28047 78 2 33638 5513 5591
689 28074 93 3 33731 5564 5657
988 28119 54 4 33785 5612 5666
364 28214 80 4 33865 5571 5651
82 28289 66 2 33931 5576 5642
680 28300 84 3 34015 5631 5715
403 28304 61 4 34076 5711 5772
445 28351 91 1 34167 5725 5816
189 28364 51 3 34218 5803 5854
320 28493 45 2 34263 5725 5770
454 28497 69 4 34332 5766 5835
768 28542 88 3 34420 5790 5878
734 28591 48 4 34468 5829 5877
975 28689 57 3 34525 5779 5836
489 28713 48 1 34573 5812 5860
161 28719 86 3 34659 5854 5940
895 28868 73 4 34733 5792 5865
67 28948 22 3 34755 5785 5807
803 28959 75 4 34830 5796 5871
641 29057 70 1 34900 5773 5843
831 29071 70 4 34970 5829 5899
487 29075 50 4 35020 5895 5945
369 29086 84 4 35104 5934 6018
867 29169 61 4 35165 5935 5996
279 29213 90 2 35255 5952 6042
684 29231 85 4 35340 6024 6109
348 29235 38 3 35378 6105 6143
664 29262 83 4 35461 6116 6199
374 29410 78 4 35539 6051 6129
77 29521 40 3 35579 6018 6058
64 29635 39 3 35618 5944 5983
602 29721 97 4 35715 5897 5994
124 29723 95 4 35810 5992 6087
938 29734 93 4 35903 6076 6169
311 29900 56 3 35959 6003 6059
380 29947 84 4 36043 6012 6096
871 30005 99 4 36142 6038 6137
401 30041 74 3 36216 6101 6175
902 30198 75 4 36291 6018 6093
13 30205 64 3 36355 6086 6150
399 30264 80 2 36435 6091 6171
521 30288 99 4 36534 6147 6246
674 30497 52 2 36586 6037 6089
271 30606 59 3 36645 5980 6039
622 30659 87 4 36732 5986 6073
648 30710 70 4 36802 6022 6092
453 30778 90 4 36892 6024 6114
486 30846 88 3 36980 6046 6134
872 30852 96 3 37076 6128 6224
29 30881 39 4 37115 6195 6234
17 30974 100 4 37215 6141 6241
442 30998 90 4 37305 6217 6307
968 31048 95 3 37400 6257 6352
177 31048 68 4 37468 6352 6420
302 31090 86 3 37554 6378 6464
903 31097 95 4 37649 6457 6552
965 31117 89 4 37738 6532 6621
862 31159 69 2 37807 6579 6648
540 31209 71 3 37878 6598 6669
535 31369 85 4 37963 6509 6594
706 31438 70 3 38033 6525 6595
306 31564 98 2 38131 6469 6567
838 31575 76 3 38207 6556 6632
675 31641 44 4 38251 6566 6610
9 31641 39 2 38290 6610 6649
152 31825 99 4 38389 6465 6564
438 31924 62 2 38451 6465 6527
724 31937 66 4 38517 6514 6580
630 31975 88 2 38605 6542 6630
339 32099 83 4 38688 6506 6589
765 32355 34 3 38722 6333 6367
192 32625 60 3 38782 6097 6157
298 32712 42 4 38824 6070 6112
579 32795 85 4 38909 6029 6114
272 32857 75 2 38984 6052 6127
678 32884 87 3 39071 6100 6187
12 33106 81 4 39152 5965 6046
474 33144 94 2 39246 6008 6102
801 33156 55 3 39301 6090 6145
49 33185 43 1 39344 6116 6159
810 33228 90 2 39434 6116 6206
427 33257 29 1 39463 6177 6206
501 33268 95 3 39558 6195 6290
336 33287 74 4 39632 6271 6345
524 33364 44 3 39676 6268 6312
68 33481 68 1 39744 6195 6263
89 33612 41 2 39785 6132 6173
973 33612 67 4 39852 6173 6240
98 33752 95 1 39947 6100 6195
615 33761 90 3 40037 6186 6276
751 33865 60 4 40097 6172 6232
479 34003 83 3 40180 6094 6177
113 34025 96 2 40276 6155 6251
779 34102 60 3 40336 6174 6234
191 34334 51 4 40387 6002 6053
920 34423 29 4 40416 5964 5993
278 34427 40 4 40456 5989 6029
990 34630 81 2 40537 5826 5907
656 34677 80 4 40618 5861 5941
536 34694 89 4 40707 5924 6013
940 34787 81 1 40788 5920 6001
87 34849 75 2 40863 5939 6014
634 35002 90 3 40953 5861 5951
358 35018 70 2 41023 5935 6005
671 35099 91 4 41114 5924 6015
241 35173 91 2 41205 5941 6032
987 35217 93 4 41298 5988 6081
444 35257 96 3 41394 6041 6137
711 35359 95 2 41489 6035 6130
898 35377 84 3 41573 6112 6196
633 35488 88 3 41661 6085 6173
928 35587 86 3 41747 6074 6160
141 35651 98 3 41845 6096 6194
673 35666 63 4 41908 6179 6242
212 35709 97 4 42005 6199 6296
24 35743 80 4 42085 6262 6342
194 35783 86 3 42171 6302 6388
560 35869 33 2 42204 6302 6335
776 36056 73 3 42277 6148 6221
805 36090 48 2 42325 6187 6235
783 36097 59 4 42384 6228 6287
621 36099 93 3 42477 6285 6378
281 36230 33 2 42510 6247 6280
936 36242 76 4 42586 6268 6344
774 36265 60 4 42646 6321 6381
218 36337 66 2 42712 6309 6375
691 36482 73 3 42785 6230 6303
93 36499 51 4 42836 6286 6337
1 36696 85 2 42921 6140 6225
566 36841 76 4 42997 6080 6156
373 36894 93 2 43090 6103 6196
677 37213 71 4 43161 5877 5948
668 37304 81 4 43242 5857 5938
747 37446 50 3 43292 5796 5846
883 38011 65 1 43357 5281 5346
335 38136 66 2 43423 5221 5287
953 38137 82 3 43505 5286 5368
763 38235 94 3 43599 5270 5364
927 38239 75 4 43674 5360 5435
688 38400 91 2 43765 5274 5365
127 38416 81 4 43846 5349 5430
980 38421 50 4 43896 5425 5475
843 38447 67 3 43963 5449 5516
309 38456 67 4 44030 5507 5574
221 38470 67 2 44097 5560 5627
213 38572 94 3 44191 5525 5619
35 38632 36 3 44227 5559 5595
857 38735 39 1 44266 5492 5531
562 38800 64 2 44330 5466 5530
114 38873 68 3 44398 5457 5525
313 38896 69 3 44467 5502 5571
994 38918 99 3 44566 5549 5648
88 38929 92 3 44658 5637 5729
983 38946 77 4 44735 5712 5789
726 39063 100 2 44835 5672 5772
557 39114 81 1 44916 5721 5802
291 39115 43 4 44959 5801 5844
573 39171 91 2 45050 5788 5879
224 39435 35 4 45085 5615 5650
900 39720 49 4 45134 5365 5414
315 39782 94 3 45228 5352 5446
216 39785 77 2 45305 5443 5520
112 40106 99 2 45404 5199 5298
108 40144 97 3 45501 5260 5357
484 40343 36 4 45537 5158 5194
819 40441 92 4 45629 5096 5188
325 40498 55 4 45684 5131 5186
767 40507 98 2 45782 5177 5275
353 40620 98 3 45881 5163 5261
918 40685 66 3 45947 5196 5262
95 40690 98 4 46045 5257 5355
301 40735 68 1 46113 5310 5378
700 40759 68 4 46181 5354 5422
856 40784 60 3 46241 5397 5457
195 40996 41 2 46282 5245 5286
39 41048 98 4 46380 5234 5332
792 41128 89 4 46469 5252 5341
703 41141 77 4 46546 5328 5405
126 41178 68 4 46614 5368 5436
514 41182 48 4 46662 5432 5480
852 41245 37 4 46699 5417 5454
948 41247 37 4 46736 5452 5489
777 41270 77 3 46813 5466 5543
96 41309 87 4 46900 5504 5591
390 41388 47 4 46947 5512 5559
926 41438 67 3 47014 5509 5576
322 41467 66 4 47080 5547 5613
159 41528 80 4 47160 5552 5632
762 41641 93 3 47253 5519 5612
396 41778 89 3 47342 5475 5564
451 41866 88 3 47430 5476 5564
508 41866 59 4 47489 5564 5623
52 41969 94 2 47583 5520 5614
193 42057 94 4 47677 5526 5620
756 42106 60 3 47737 5571 5631
545 42281 96 4 47833 5456 5552
22 42394 75 4 47908 5439 5514
643 42415 85 4 47993 5493 5578
955 42669 90 4 48083 5324 5414
167 42715 73 4 48156 5368 5441
28 42726 93 2 48249 5430 5523
710 42816 83 2 48332 5433 5516
428 42847 48 2 48380 5485 5533
593 42877 88 3 48468 5503 5591
481 43183 98 3 48566 5285 5383
184 43342 71 4 48637 5224 5295
522 43346 76 3 48713 5291 5367
718 43394 74 3 48787 5319 5393
753 43424 72 1 48859 5363 5435
750 43559 89 4 48948 5300 5389
102 44003 96 4 49044 4945 5041
731 44054 86 3 49130 4990 5076
547 44057 66 3 49196 5073 5139
94 44127 83 4 49279 5069 5152
446 44234 96 4 49375 5045 5141
229 44262 48 4 49423 5113 5161
233 44280 69 4 49492 5143 5212
882 44484 88 1 49580 5008 5096
533 44492 74 4 49654 5088 5162
160 44536 95 3 49749 5118 5213
116 44684 89 3 49838 5065 5154
370 44697 88 4 49926 5141 5229
188 44823 57 4 49983 5103 5160
967 44835 76 3 50059 5148 5224
181 44898 78 4 50137 5161 5239
443 44941 76 1 50213 5196 5272
601 44993 67 4 50280 5220 5287
450 45169 59 3 50339 5111 5170
244 45218 73 4 50412 5121 5194
606 45334 70 4 50482 5078 5148
769 45385 60 4 50542 5097 5157
16 45397 71 3 50613 5145 5216
219 45480 92 4 50705 5133 5225
429 45565 79 4 50784 5140 5219
83 45571 87 4 50871 5213 5300
346 45670 85 1 50956 5201 5286
57 45747 50 4 51006 5209 5259
568 45885 88 3 51095 5122 5210
603 46187 84 3 51179 4908 4992
477 46284 78 3 51257 4895 4973
155 46302 99 4 51356 4955 5054
118 46341 83 3 51439 5015 5098
85 46349 78 3 51517 5090 5168
685 46564 51 3 51568 4953 5004
415 46631 64 4 51632 4937 5001
230 46680 54 4 51686 4952 5006
65 46800 84 2 51770 4886 4970
287 46930 93 2 51863 4840 4933
758 47036 96 1 51959 4827 4923
310 47139 88 4 52047 4820 4908
472 47205 73 4 52120 4842 4915
411 47205 79 4 52199 4915 4994
214 47209 100 4 52299 4990 5090
651 47341 61 2 52360 4958 5019
796 47414 42 4 52402 4946 4988
235 47477 82 3 52484 4925 5007
72 47622 74 4 52558 4862 4936
382 47633 70 1 52628 4925 4995
541 47813 83 1 52711 4815 4898
125 47984 88 4 52799 4727 4815
173 47994 49 4 52848 4805 4854
201 48030 81 3 52929 4818 4899
458 48056 91 1 53020 4873 4964
979 48115 96 4 53116 4905 5001
63 48345 26 2 53142 4771 4797
417 48363 51 2 53193 4779 4830
687 48400 82 3 53275 4793 4875
899 48411 55 2 53330 4864 4919
931 48426 77 4 53407 4904 4981
853 48674 91 2 53498 4733 4824
525 48717 88 3 53586 4781 4869
164 48737 92 3 53678 4849 4941
824 48774 88 3 53766 4904 4992
157 49470 94 2 53860 4296 4390
303 49734 49 3 53909 4126 4175
842 49868 56 3 53965 4041 4097
818 49876 100 3 54065 4089 4189
2 50108 92 4 54157 3957 4049
815 50207 36 1 54193 3950 3986
145 50445 55 2 54248 3748 3803
227 50569 98 2 54346 3679 3777
405 50643 49 4 54395 3703 3752
698 50749 57 2 54452 3646 3703
620 50902 87 2 54539 3550 3637
510 51121 87 2 54627 3419 3506
217 51147 41 4 54668 3480 3521
914 51156 59 4 54727 3512 3571
252 51424 93 4 54820 3303 3396
511 51699 91 3 54911 3121 3212
491 51732 78 4 54989 3179 3257
439 51842 40 3 55029 3147 3187
166 51985 89 4 55118 3044 3133
327 52149 96 4 55214 2969 3065
551 52269 75 3 55289 2945 3020
585 52319 61 3 55350 2970 3031
76 52479 51 4 55401 2871 2922
253 52522 98 3 55499 2879 2977
575 52528 57 4 55556 2971 3028
998 52589 96 4 55652 2967 3063
901 52644 89 2 55741 3008 3097
74 52678 99 4 55840 3063 3162
772 52750 72 3 55912 3090 3162
504 53007 63 3 55975 2905 2968
208 53085 75 4 56050 2890 2965
5 53099 69 4 56119 2951 3020
362 53317 77 2 56196 2802 2879
179 53331 64 3 56260 2865 2929
204 53374 98 2 56358 2886 2984
354 53385 92 4 56450 2973 3065
36 53491 90 3 56540 2959 3049
947 53561 71 4 56611 2979 3050
542 53591 91 3 56702 3020 3111
360 53762 43 4 56745 2940 2983
839 53773 97 3 56842 2972 3069
261 53876 73 2 56915 2966 3039
787 54137 84 2 56999 2778 2862
228 54397 76 4 57075 2602 2678
937 54478 60 3 57135 2597 2657
260 54543 95 3 57231 2593 2688
760 54629 89 1 57320 2602 2691
863 54656 57 4 57377 2664 2721
50 54685 57 4 57434 2692 2749
823 54753 94 3 57528 2681 2775
378 54905 75 1 57603 2623 2698
735 54926 91 3 57694 2677 2768
283 54967 83 4 57777 2727 2810
149 55030 64 1 57841 2747 2811
859 55191 99 4 57940 2650 2749
90 55378 45 4 57985 2562 2607
520 55521 91 1 58076 2464 2555
70 55553 79 4 58155 2523 2602
531 55561 43 3 58198 2594 2637
516 55607 76 4 58274 2591 2667
865 55629 90 4 58364 2645 2735
365 55763 53 2 58417 2601 2654
944 55767 57 3 58474 2650 2707
349 55770 69 4 58543 2704 2773
789 55785 86 3 58629 2758 2844
564 55808 79 3 58708 2821 2900
702 55823 27 1 58735 2885 2912
681 55881 84 4 58819 2854 2938
658 55975 59 4 58878 2844 2903
58 55993 80 4 58958 2885 2965
939 56060 44 2 59002 2898 2942
321 56161 84 4 59086 2841 2925
694 56179 91 2 59177 2907 2998
561 56249 60 4 59237 2928 2988
943 56356 89 3 59326 2881 2970
284 56362 44 4 59370 2964 3008
231 56368 49 4 59419 3002 3051
594 56407 37 3 59456 3012 3049
650 56535 41 1 59497 2921 2962
646 56575 52 4 59549 2922 2974
337 56718 92 1 59641 2831 2923
435 56790 74 4 59715 2851 2925
137 56868 91 4 59806 2847 2938
133 57319 42 3 59849 2488 2530
413 57371 53 4 59902 2478 2531
607 57387 52 3 59954 2515 2567
198 57675 77 4 60031 2279 2356
130 58079 94 4 60125 1952 2046
868 58094 47 4 60172 2031 2078
387 58266 76 2 60248 1906 1982
518 58471 53 4 60301 1777 1830
425 58532 91 4 60392 1769 1860
48 58546 78 2 60470 1846 1924
165 58588 53 3 60523 1882 1935
683 58637 59 3 60582 1886 1945
550 58837 85 1 60667 1745 1830
527 59033 92 4 60759 1634 1726
992 59095 44 3 60803 1664 1708
827 59101 77 4 60880 1702 1779
103 59444 85 3 60965 1436 1521
599 59460 92 3 61057 1505 1597
345 59518 71 3 61128 1539 1610
858 59540 60 4 61188 1588 1648
812 59827 37 4 61226 1362 1399
720 60176 100 3 61326 1050 1150
866 60242 26 2 61352 1084 1110
904 60362 71 4 61423 990 1061
333 60844 99 4 61522 579 678
483 61123 95 4 61617 399 494
906 61177 95 4 61712 440 535
748 61340 79 3 61792 373 452
652 61478 96 4 61888 314 410
91 61486 34 3 61922 402 436
625 61789 91 3 62014 134 225
876 61818 73 4 62087 196 269
608 61840 77 4 62164 247 324
41 62003 44 2 62209 162 206
972 62240 75 3 62315 0 75
478 62255 85 3 62401 61 146
400 62289 63 1 62464 112 175
986 62314 98 3 62562 150 248
708 62457 70 3 62633 106 176
829 62494 65 3 62698 139 204
492 62777 78 3 62855 0 78
482 62780 57 4 62913 76 133
499 62789 95 4 63008 124 219
123 62875 41 4 63050 134 175
62 63162 49 3 63211 0 49
701 63300 99 3 63399 0 99
394 63348 59 3 63459 52 111
53 63741 87 4 63828 0 87
712 63865 74 4 63939 0 74
556 64197 75 1 64272 0 75
909 64299 98 4 64397 0 98
538 64479 100 3 64579 0 100
424 64657 78 1 64735 0 78
392 64921 91 4 65012 0 91
265 65072 59 3 65131 0 59
314 65088 46 4 65178 44 90
258 65168 90 3 65269 11 101
631 65559 66 1 65625 0 66
636 65716 77 3 65793 0 77
749 65843 92 2 65935 0 92
490 65994 77 3 66071 0 77
466 66024 80 2 66152 48 128
709 66049 93 4 66245 103 196
715 66328 99 3 66427 0 99
744 66402 83 3 66511 26 109
624 66447 58 3 66570 65 123
785 66505 96 1 66666 65 161
716 66648 90 4 66757 19 109
704 66871 79 4 66950 0 79
576 67162 59 1 67221 0 59
323 67225 60 2 67285 0 60
421 67360 56 3 67416 0 56
247 67775 85 1 67860 0 85
416 67934 30 2 67964 0 30
432 68014 53 2 68067 0 53
99 68179 79 2 68258 0 79
951 68434 97 3 68531 0 97
786 68552 56 3 68608 0 56
946 68876 92 4 68968 0 92
119 68915 91 2 69060 54 145
84 68925 48 4 69108 135 183
139 69036 81 4 69190 73 154
97 69755 94 3 69849 0 94
463 69820 50 2 69900 30 80
587 69825 81 2 69981 75 156
567 69851 87 3 70069 131 218
869 69871 95 4 70164 198 293
182 70054 98 4 70263 111 209
976 70105 83 4 70346 158 241
185 70107 66 3 70412 239 305
332 70172 85 4 70498 241 326
318 70328 89 3 70587 170 259
376 70338 80 3 70667 249 329
280 70762 53 3 70815 0 53
452 70956 71 4 71027 0 71
563 71062 78 2 71140 0 78
742 71074 74 2 71215 67 141
513 71114 36 4 71251 101 137
732 71118 89 3 71340 133 222
661 71180 98 3 71439 161 259
307 71230 83 2 71522 209 292
495 71350 87 3 71610 173 260
398 71367 65 4 71675 243 308
158 71537 95 4 71771 139 234
676 71599 59 2 71830 172 231
37 72103 26 2 72129 0 26
440 72390 97 4 72487 0 97
153 72483 70 4 72558 5 75
929 72740 64 2 72804 0 64
232 72882 92 2 72974 0 92
773 73200 69 3 73269 0 69
329 73257 86 1 73356 13 99
251 73266 85 3 73441 90 175
942 74326 98 3 74424 0 98
959 74711 47 4 74758 0 47
71 75160 70 2 75230 0 70
771 75396 95 1 75491 0 95
814 75731 59 1 75790 0 59
407 75828 29 4 75857 0 29
611 75842 48 1 75906 16 64
627 76132 70 4 76202 0 70
657 76142 79 4 76282 61 140
637 76404 84 3 76488 0 84
628 76718 71 4 76789 0 71
647 76989 59 4 77048 0 59
59 77040 75 3 77124 9 84
500 77053 91 4 77216 72 163
537 77304 93 2 77397 0 93
433 77422 76 4 77498 0 76
503 77475 50 1 77549 24 74
135 78220 64 4 78284 0 64
31 78538 78 2 78616 0 78
485 78588 96 2 78713 29 125
186 78872 99 4 78971 0 99
431 78912 76 2 79048 60 136
488 79083 31 4 79114 0 31
225 79415 62 3 79477 0 62
101 79579 80 2 79659 0 80
617 79755 45 3 79800 0 45
835 80269 87 4 80356 0 87
61 80271 31 1 80388 86 117
51 80289 96 4 80484 99 195
592 80457 43 2 80528 28 71
441 80647 84 2 80731 0 84
420 80731 33 1 80765 1 34
220 80858 48 3 80906 0 48
183 80941 69 2 81010 0 69
171 81136 97 3 81233 0 97
613 81649 93 3 81742 0 93
870 81730 50 3 81793 13 63
555 81807 99 4 81906 0 99
728 81837 92 2 81999 70 162
308 82044 83 3 82127 0 83
206 82053 43 4 82171 75 118
672 82298 68 4 82366 0 68
604 82344 58 4 82425 23 81
259 82557 51 4 82608 0 51
263 82595 98 2 82707 14 112
33 82808 51 4 82859 0 51
404 83379 84 2 83463 0 84
860 83384 92 3 83556 80 172
414 83919 82 4 84001 0 82
855 84199 88 2 84287 0 88
846 84230 48 4 84336 58 106
174 84233 97 3 84433 103 200
950 84280 80 4 84513 153 233
941 84632 59 2 84691 0 59
111 84801 62 3 84863 0 62
340 85108 95 4 85203 0 95
960 85336 65 4 85401 0 65
255 85961 75 2 86036 0 75
638 86281 49 3 86330 0 49
616 86409 46 2 86455 0 46
14 86958 77 4 87035 0 77
775 87210 74 2 87284 0 74
246 87653 89 3 87742 0 89
144 89204 69 2 89273 0 69
273 89916 66 4 89982 0 66
569 90298 94 3 90392 0 94
366 91094 81 1 91175 0 81
73 91576 95 3 91671 0 95
234 92454 73 4 92527 0 73
667 92510 81 4 92609 18 99
583 92607 97 2 92707 3 100
605 94522 86 2 94608 0 86
162 94572 74 4 94683 37 111
169 95954 56 4 96010 0 56
