96440 1000 843 783
543 24 59 4 83 0 59
693 73 56 3 139 10 66
224 128 55 3 194 11 66
403 149 40 4 234 45 85
241 143 51 3 285 91 142
107 29 67 1 352 256 323
848 328 42 4 394 24 66
481 291 48 4 442 103 151
725 401 39 3 481 41 80
644 422 69 3 550 59 128
316 529 20 3 570 21 41
773 511 48 4 618 59 107
499 527 70 4 688 91 161
170 627 60 3 748 61 121
645 741 50 4 798 7 57
602 767 65 4 863 31 96
923 838 64 3 927 25 89
263 782 69 4 996 145 214
1000 943 29 2 1025 53 82
950 956 52 2 1077 69 121
660 1031 50 4 1127 46 96
343 396 78 3 1205 731 809
71 834 82 3 1287 371 453
612 1255 71 3 1358 32 103
817 1330 41 4 1399 28 69
616 1324 59 3 1458 75 134
434 1290 71 2 1529 168 239
921 1505 36 2 1565 24 60
608 1501 46 2 1611 64 110
198 1483 55 3 1666 128 183
280 1574 71 2 1737 92 163
420 1718 61 3 1798 19 80
565 1741 55 3 1853 57 112
297 1842 66 2 1919 11 77
870 1906 61 4 1980 13 74
837 1697 75 2 2055 283 358
857 2055 43 2 2098 0 43
471 1463 76 4 2174 635 711
815 2132 38 2 2212 42 80
99 2130 60 2 2272 82 142
640 111 82 2 2354 2161 2243
378 2316 42 2 2396 38 80
724 2323 46 4 2442 73 119
727 2407 49 2 2491 35 84
351 2480 40 4 2531 11 51
461 2492 59 3 2590 39 98
283 2337 60 1 2650 253 313
567 2603 65 3 2715 47 112
967 2708 64 3 2779 7 71
452 2737 39 2 2818 42 81
522 2750 46 4 2864 68 114
185 2828 44 4 2908 36 80
93 2770 48 3 2956 138 186
556 2733 58 4 3014 223 281
710 2979 37 2 3051 35 72
912 2757 58 3 3109 294 352
449 3083 46 3 3155 26 72
155 2917 68 4 3223 238 306
774 3171 62 4 3285 52 114
394 3215 69 2 3354 70 139
184 3300 50 4 3404 54 104
514 3381 49 1 3453 23 72
528 3294 57 4 3510 159 216
246 3344 58 2 3568 166 224
625 3564 63 4 3631 4 67
226 3405 63 2 3694 226 289
957 3344 68 1 3762 350 418
542 2721 73 1 3835 1041 1114
577 3003 75 4 3910 832 907
118 2322 75 3 3985 1588 1663
242 3935 41 3 4026 50 91
650 3967 60 1 4086 59 119
315 3926 63 2 4149 160 223
469 4098 53 1 4202 51 104
444 4192 67 3 4269 10 77
139 4225 54 3 4323 44 98
2 4313 59 4 4382 10 69
371 4331 37 3 4419 51 88
112 4329 47 4 4466 90 137
636 4440 43 3 4509 26 69
744 4495 53 3 4562 14 67
951 4356 57 4 4619 206 263
799 4581 59 3 4678 38 97
623 4656 59 2 4737 22 81
265 4704 57 4 4794 33 90
235 4769 37 3 4831 25 62
946 4675 61 3 4892 156 217
740 4346 64 3 4956 546 610
647 4785 69 2 5025 171 240
924 4530 72 4 5097 495 567
715 5042 45 4 5142 55 100
919 5041 52 4 5194 101 153
361 5147 45 3 5239 47 92
948 5213 23 4 5262 26 49
473 5146 47 4 5309 116 163
192 5084 53 4 5362 225 278
124 5182 59 4 5421 180 239
432 5371 64 3 5485 50 114
519 5452 48 3 5533 33 81
80 5438 65 4 5598 95 160
196 5199 66 4 5664 399 465
723 5350 68 1 5732 314 382
76 5693 67 4 5799 39 106
31 5738 42 3 5841 61 103
939 5770 51 2 5892 71 122
120 5853 65 4 5957 39 104
632 5904 33 3 5990 53 86
336 5941 34 4 6024 49 83
16 5976 45 1 6069 48 93
554 5983 51 3 6120 86 137
610 6081 40 4 6160 39 79
872 5911 55 4 6215 249 304
21 6122 58 3 6273 93 151
974 6027 67 4 6340 246 313
880 6087 71 2 6411 253 324
538 6402 33 4 6444 9 42
114 5677 71 2 6515 767 838
961 6512 49 3 6564 3 52
639 6456 54 4 6618 108 162
780 6515 71 3 6689 103 174
97 6667 58 4 6747 22 80
829 6666 62 1 6809 81 143
827 4950 73 3 6882 1859 1932
72 3944 73 1 6955 2938 3011
26 5891 73 1 7028 1064 1137
665 4467 75 4 7103 2561 2636
993 7069 60 3 7163 34 94
430 7117 49 4 7212 46 95
70 7169 69 4 7281 43 112
143 7280 48 4 7329 1 49
24 6180 75 3 7404 1149 1224
288 7397 64 4 7468 7 71
906 5962 77 3 7545 1506 1583
32 7480 47 4 7592 65 112
144 7542 48 4 7640 50 98
978 2663 78 3 7718 4977 5055
604 7648 39 2 7757 70 109
816 7721 63 4 7820 36 99
477 4531 78 2 7898 3289 3367
60 7827 40 4 7938 71 111
445 7825 57 1 7995 113 170
30 7971 57 3 8052 24 81
11 7240 78 1 8130 812 890
622 8127 65 1 8195 3 68
407 4802 79 3 8274 3393 3472
850 8237 32 3 8306 37 69
268 8303 51 3 8357 3 54
157 8299 53 4 8410 58 111
841 8369 51 2 8461 41 92
355 8454 42 3 8503 7 49
5 8430 54 2 8557 73 127
718 8301 59 3 8616 256 315
654 8578 51 3 8667 38 89
493 8422 66 4 8733 245 311
916 8459 70 3 8803 274 344
480 8745 41 4 8844 58 99
527 8834 63 4 8907 10 73
123 8896 64 3 8971 11 75
885 8699 72 2 9043 272 344
876 3758 79 3 9122 5285 5364
575 9068 49 1 9171 54 103
7 9052 51 4 9222 119 170
399 9106 59 2 9281 116 175
935 5166 79 2 9360 4115 4194
787 6736 81 2 9441 2624 2705
953 9402 42 1 9483 39 81
413 9442 37 3 9520 41 78
738 9469 58 4 9578 51 109
733 9536 49 3 9627 42 91
290 4587 82 4 9709 5040 5122
335 8330 83 3 9792 1379 1462
747 9739 59 2 9851 53 112
363 9804 75 3 9926 47 122
406 9857 36 3 9962 69 105
587 9878 45 2 10007 84 129
983 9875 53 3 10060 132 185
419 10006 53 3 10113 54 107
160 10028 61 2 10174 85 146
84 10120 35 4 10209 54 89
178 10143 37 3 10246 66 103
595 10209 59 4 10305 37 96
593 10288 57 2 10362 17 74
154 10227 60 4 10422 135 195
729 10421 27 4 10449 1 28
915 10420 62 4 10511 29 91
965 10469 51 2 10562 42 93
683 10551 62 4 10624 11 73
426 10538 66 4 10690 86 152
996 10357 68 1 10758 333 401
50 10694 50 3 10808 64 114
896 10274 69 4 10877 534 603
250 10830 44 3 10921 47 91
761 10895 51 1 10972 26 77
347 10972 20 1 10992 0 20
228 10746 70 1 11062 246 316
217 11030 36 4 11098 32 68
376 10862 72 3 11170 236 308
393 11140 44 2 11214 30 74
82 11177 27 2 11241 37 64
391 10670 72 2 11313 571 643
8 10127 72 2 11385 1186 1258
537 11101 74 2 11459 284 358
252 11437 43 4 11502 22 65
785 11489 62 2 11564 13 75
91 11029 78 2 11642 535 613
49 11607 48 4 11690 35 83
194 11635 63 1 11753 55 118
386 11713 49 2 11802 40 89
682 11781 51 4 11853 21 72
711 11824 58 4 11911 29 87
53 11747 58 2 11969 164 222
590 11827 68 4 12037 142 210
456 11995 61 2 12098 42 103
930 12004 64 3 12162 94 158
694 11787 70 2 12232 375 445
765 12182 57 4 12289 50 107
74 12233 60 4 12349 56 116
341 12307 58 3 12407 42 100
658 12300 59 3 12466 107 166
681 11840 71 3 12537 626 697
293 12519 54 4 12591 18 72
4 11921 75 3 12666 670 745
629 12632 41 4 12707 34 75
691 12441 77 4 12784 266 343
439 11923 77 1 12861 861 938
992 12857 43 2 12904 4 47
839 12888 33 3 12937 16 49
431 12923 26 3 12963 14 40
688 12943 70 2 13033 20 90
3 13028 37 3 13070 5 42
375 13069 40 2 13110 1 41
333 12964 59 2 13169 146 205
825 13079 60 4 13229 90 150
853 13225 63 4 13292 4 67
564 13279 47 3 13339 13 60
574 13314 57 4 13396 25 82
807 13128 66 3 13462 268 334
579 13411 54 2 13516 51 105
652 13506 49 4 13565 10 59
779 13408 66 3 13631 157 223
702 13568 42 3 13673 63 105
90 13617 66 4 13739 56 122
255 13728 39 1 13778 11 50
215 13346 68 3 13846 432 500
354 13573 73 4 13919 273 346
236 13884 31 3 13950 35 66
552 13616 74 1 14024 334 408
627 13981 49 4 14073 43 92
35 14048 52 4 14125 25 77
714 14115 42 3 14167 10 52
173 14116 46 3 14213 51 97
483 14162 57 3 14270 51 108
555 14024 67 2 14337 246 313
137 13224 75 4 14412 1113 1188
651 14379 57 1 14469 33 90
34 14446 64 1 14533 23 87
387 14523 60 4 14593 10 70
167 14585 41 4 14634 8 49
307 9978 78 2 14712 4656 4734
936 14651 57 4 14769 61 118
239 14717 36 2 14805 52 88
459 14744 54 3 14859 61 115
19 14687 65 4 14924 172 237
104 14683 67 3 14991 241 308
732 14932 56 4 15047 59 115
12 14992 62 3 15109 55 117
36 15068 50 3 15159 41 91
332 15112 60 2 15219 47 107
455 15206 48 2 15267 13 61
303 15259 31 2 15298 8 39
218 15262 50 4 15348 36 86
845 15336 66 4 15414 12 78
854 15363 75 4 15489 51 126
824 15489 51 3 15540 0 51
487 12324 80 3 15620 3216 3296
152 15567 51 4 15671 53 104
476 15650 62 4 15733 21 83
745 15630 68 1 15801 103 171
458 15737 56 2 15857 64 120
563 15789 58 3 15915 68 126
970 15858 56 4 15971 57 113
914 15873 57 4 16028 98 155
63 16012 54 4 16082 16 70
321 15927 61 4 16143 155 216
918 16087 59 4 16202 56 115
900 16185 51 2 16253 17 68
190 16198 57 3 16310 55 112
894 16266 63 3 16373 44 107
188 16234 64 4 16437 139 203
362 16409 45 3 16482 28 73
530 16452 42 4 16524 30 72
472 16396 53 4 16577 128 181
586 16498 59 4 16636 79 138
913 16592 39 3 16675 44 83
25 15830 64 2 16739 845 909
673 16078 66 4 16805 661 727
14 16798 41 3 16846 7 48
491 16816 45 4 16891 30 75
509 16770 63 4 16954 121 184
489 16105 67 3 17021 849 916
496 16682 68 4 17089 339 407
401 16254 68 4 17157 835 903
501 17090 56 2 17213 67 123
405 17157 59 4 17272 56 115
966 17251 38 4 17310 21 59
339 17286 50 2 17360 24 74
22 17275 55 4 17415 85 140
878 17391 42 4 17457 24 66
588 17232 67 1 17524 225 292
193 16655 71 2 17595 869 940
437 17584 61 1 17656 11 72
589 17618 50 2 17706 38 88
410 17607 59 3 17765 99 158
513 17761 50 2 17815 4 54
772 17751 54 3 17869 64 118
737 17829 60 4 17929 40 100
13 17873 53 4 17982 56 109
997 17974 41 1 18023 8 49
576 17629 62 2 18085 394 456
751 18042 38 3 18123 43 81
578 18114 55 2 18178 9 64
460 17791 64 2 18242 387 451
279 17570 65 2 18307 672 737
606 17801 69 4 18376 506 575
886 18319 50 2 18426 57 107
764 18406 68 3 18494 20 88
211 17899 70 4 18564 595 665
467 18136 70 3 18634 428 498
254 18632 52 4 18686 2 54
753 18632 57 4 18743 54 111
557 18708 55 4 18798 35 90
396 18573 58 1 18856 225 283
672 18843 31 4 18887 13 44
492 15792 73 4 18960 3095 3168
249 16362 74 2 19034 2598 2672
836 18744 75 4 19109 290 365
907 18318 79 3 19188 791 870
730 19130 61 2 19249 58 119
768 19216 42 4 19291 33 75
266 19262 49 3 19340 29 78
517 19317 56 2 19396 23 79
392 19204 62 4 19458 192 254
466 19348 62 3 19520 110 172
484 19317 67 4 19587 203 270
559 19531 63 3 19650 56 119
145 19648 34 2 19684 2 36
141 19631 48 4 19732 53 101
810 19616 58 3 19790 116 174
985 18231 79 1 19869 1559 1638
568 13087 80 3 19949 6782 6862
844 19910 50 2 19999 39 89
251 19932 57 2 20056 67 124
373 19933 69 4 20125 123 192
47 19887 70 1 20195 238 308
689 20169 53 2 20248 26 79
720 16275 81 3 20329 3973 4054
849 20306 55 3 20384 23 78
349 20281 66 2 20450 103 169
861 20298 74 2 20524 152 226
540 20466 23 1 20547 58 81
121 15975 81 3 20628 4572 4653
370 20623 40 3 20668 5 45
273 20648 67 3 20735 20 87
98 20724 70 3 20805 11 81
558 20769 20 2 20825 36 56
757 20786 46 3 20871 39 85
398 20835 52 4 20923 36 88
926 20773 65 1 20988 150 215
164 12392 82 4 21070 8596 8678
191 21014 44 4 21114 56 100
177 21076 42 4 21156 38 80
833 21078 61 2 21217 78 139
231 21146 69 3 21286 71 140
229 20993 77 1 21363 293 370
294 21292 72 3 21435 71 143
869 14382 83 4 21518 7053 7136
929 21517 38 4 21556 1 39
662 14051 83 2 21639 7505 7588
977 21625 48 4 21687 14 62
207 10329 84 4 21771 11358 11442
214 21723 37 4 21808 48 85
15 21694 57 4 21865 114 171
41 16123 84 4 21949 5742 5826
234 8715 84 4 22033 13234 13318
100 21993 26 3 22059 40 66
465 21975 47 2 22106 84 131
838 22085 62 4 22168 21 83
748 22009 76 4 22244 159 235
497 9836 85 3 22329 12408 12493
550 9892 85 3 22414 12437 12522
125 11268 85 2 22499 11146 11231
357 22476 35 3 22534 23 58
278 4071 85 2 22619 18463 18548
28 22544 48 4 22667 75 123
220 22630 53 2 22720 37 90
119 22684 56 4 22776 36 92
365 22569 67 4 22843 207 274
186 22802 58 4 22901 41 99
275 22860 52 3 22953 41 93
562 22545 76 2 23029 408 484
425 20059 86 3 23115 2970 3056
653 23063 61 4 23176 52 113
66 7778 86 2 23262 15398 15484
200 23260 41 3 23303 2 43
223 23251 61 2 23364 52 113
42 7027 87 4 23451 16337 16424
731 23451 55 1 23506 0 55
175 23499 50 4 23556 7 57
964 23480 65 1 23621 76 141
520 23394 70 2 23691 227 297
89 23542 74 2 23765 149 223
475 23765 44 4 23809 0 44
879 23747 66 4 23875 62 128
243 23874 37 4 23912 1 38
299 23758 72 4 23984 154 226
687 23940 36 2 24020 44 80
901 23845 72 2 24092 175 247
87 24029 41 4 24133 63 104
582 24121 51 2 24184 12 63
867 24150 45 4 24229 34 79
756 24152 50 3 24279 77 127
240 24190 68 3 24347 89 157
705 24289 40 2 24387 58 98
863 24348 62 3 24449 39 101
322 24397 38 3 24487 52 90
92 24416 65 3 24552 71 136
440 24432 66 4 24618 120 186
969 23775 73 3 24691 843 916
648 24620 67 3 24758 71 138
770 23385 76 2 24834 1373 1449
101 9717 87 4 24921 15117 15204
524 3889 87 4 25008 21032 21119
904 21681 87 4 25095 3327 3414
423 25081 68 2 25163 14 82
54 25149 71 4 25234 14 85
790 25115 77 3 25311 119 196
197 1564 87 3 25398 23747 23834
679 25313 64 4 25462 85 149
304 25448 41 4 25503 14 55
306 25484 56 4 25559 19 75
986 25543 49 3 25608 16 65
742 25557 61 4 25669 51 112
835 25560 61 2 25730 109 170
881 25705 29 4 25759 25 54
569 25704 46 1 25805 55 101
296 25770 61 4 25866 35 96
270 25840 53 4 25919 26 79
353 25900 78 4 25997 19 97
94 25978 57 4 26054 19 76
274 25959 65 4 26119 95 160
348 26049 67 4 26186 70 137
546 25799 85 3 26271 387 472
135 26194 38 4 26309 77 115
549 26288 55 3 26364 21 76
181 26277 56 4 26420 87 143
891 26359 70 4 26490 61 131
327 26406 70 4 26560 84 154
708 26507 56 4 26616 53 109
805 26538 68 4 26684 78 146
631 26531 74 2 26758 153 227
713 10027 87 2 26845 16731 16818
342 26835 38 2 26883 10 48
938 26881 56 2 26939 2 58
409 26852 82 1 27021 87 169
781 26958 37 3 27058 63 100
314 27031 60 3 27118 27 87
755 27097 41 3 27159 21 62
85 27130 60 4 27219 29 89
809 27101 65 2 27284 118 183
596 27253 63 4 27347 31 94
843 26986 68 4 27415 361 429
257 27405 45 4 27460 10 55
515 27360 46 4 27506 100 146
763 27410 62 4 27568 96 158
451 27458 63 3 27631 110 173
330 27479 68 4 27699 152 220
619 27371 72 4 27771 328 400
75 27719 22 2 27793 52 74
267 27623 76 3 27869 170 246
776 27806 52 4 27921 63 115
237 27904 66 2 27987 17 83
129 27945 43 3 28030 42 85
643 27171 81 3 28111 859 940
581 26952 85 2 28196 1159 1244
438 28168 57 4 28253 28 85
603 3609 88 3 28341 24644 24732
892 17510 88 2 28429 10831 10919
778 28366 81 4 28510 63 144
676 28449 44 4 28554 61 105
535 28421 84 4 28638 133 217
210 28559 53 1 28691 79 132
149 12707 89 2 28780 15984 16073
384 28729 72 4 28852 51 123
470 28847 44 3 28896 5 49
221 28814 63 4 28959 82 145
57 28944 54 3 29013 15 69
701 5261 89 2 29102 23752 23841
889 8846 89 2 29191 20256 20345
864 29177 46 3 29237 14 60
671 29202 45 3 29282 35 80
462 29199 50 2 29332 83 133
858 29309 25 4 29357 23 48
450 29224 68 4 29425 133 201
917 25685 90 4 29515 3740 3830
726 29434 89 4 29604 81 170
397 29603 35 3 29639 1 36
258 29616 70 2 29709 23 93
436 29702 65 4 29774 7 72
78 29645 72 1 29846 129 201
621 29788 48 3 29894 58 106
984 21499 90 3 29984 8395 8485
427 29978 38 4 30022 6 44
868 30021 46 3 30068 1 47
525 29895 79 3 30147 173 252
482 2972 90 3 30237 27175 27265
168 29411 90 3 30327 826 916
979 30324 65 1 30392 3 68
269 30375 37 3 30429 17 54
598 30390 43 3 30472 39 82
709 30333 58 4 30530 139 197
247 30511 35 3 30565 19 54
821 9271 92 4 30657 21294 21386
646 30571 28 4 30685 86 114
806 13047 92 2 30777 17638 17730
468 30703 40 4 30817 74 114
561 13443 92 1 30909 17374 17466
201 30903 28 3 30937 6 34
183 24046 92 1 31029 6891 6983
786 30982 31 4 31060 47 78
163 31019 67 3 31127 41 108
358 14040 92 1 31219 17087 17179
615 31173 59 1 31278 46 105
585 31254 59 4 31337 24 83
859 31332 53 3 31390 5 58
148 31359 45 4 31435 31 76
667 31337 66 4 31501 98 164
388 31175 68 3 31569 326 394
663 31537 69 4 31638 32 101
159 31624 38 3 31676 14 52
890 31639 54 4 31730 37 91
796 31264 75 4 31805 466 541
766 31703 79 4 31884 102 181
532 15953 93 4 31977 15931 16024
675 31936 54 3 32031 41 95
287 31972 59 4 32090 59 118
366 32036 48 3 32138 54 102
187 31989 81 2 32219 149 230
791 32196 60 4 32279 23 83
814 32140 63 4 32342 139 202
395 32304 79 4 32421 38 117
454 32386 63 2 32484 35 98
508 32446 77 1 32561 38 115
495 27307 93 4 32654 5254 5347
369 26162 93 3 32747 6492 6585
412 19039 94 4 32841 13708 13802
108 32799 88 4 32929 42 130
416 32869 48 4 32977 60 108
40 31260 94 3 33071 1717 1811
536 32981 48 3 33119 90 138
153 33008 67 4 33186 111 178
834 33183 81 2 33267 3 84
949 33165 85 3 33352 102 187
23 33291 26 2 33378 61 87
81 33320 56 3 33434 58 114
842 33278 71 2 33505 156 227
77 33302 80 3 33585 203 283
903 33519 65 2 33650 66 131
446 7573 94 1 33744 26077 26171
345 32243 94 1 33838 1501 1595
374 479 96 4 33934 33359 33455
111 33932 43 4 33977 2 45
573 33965 72 4 34049 12 84
206 33996 69 2 34118 53 122
256 34084 46 1 34164 34 80
10 34139 20 3 34184 25 45
281 34095 70 1 34254 89 159
380 34064 81 4 34335 190 271
128 34306 89 3 34424 29 118
762 7779 96 4 34520 26645 26741
678 34436 28 3 34548 84 112
59 34466 33 4 34581 82 115
37 34574 60 4 34641 7 67
942 34621 46 3 34687 20 66
828 34677 52 3 34739 10 62
717 4071 100 4 34839 30668 30768
238 34780 71 4 34910 59 130
975 2449 100 4 35010 32461 32561
212 34918 77 3 35087 92 169
601 35063 34 3 35121 24 58
133 35142 54 2 35196 0 54
943 35223 62 2 35285 0 62
504 35331 73 3 35404 0 73
637 35396 42 4 35446 8 50
429 35438 48 4 35494 8 56
216 35350 82 4 35576 144 226
887 35525 28 1 35604 51 79
79 35541 67 1 35671 63 130
721 35501 71 2 35742 170 241
597 35684 60 1 35802 58 118
346 35732 63 4 35865 70 133
67 35936 100 3 36036 0 100
329 36154 65 1 36219 0 65
142 36205 49 4 36268 14 63
758 36684 35 4 36719 0 35
286 36838 37 3 36875 0 37
404 37031 33 1 37064 0 33
424 37089 67 4 37156 0 67
485 37099 51 4 37207 57 108
195 37175 64 4 37271 32 96
956 37254 26 2 37297 17 43
488 37297 74 4 37371 0 74
117 37358 66 3 37437 13 79
875 37415 70 4 37507 22 92
998 37381 72 4 37579 126 198
971 37159 77 2 37656 420 497
259 37135 79 2 37735 521 600
819 37685 48 3 37783 50 98
52 37669 49 1 37832 114 163
905 37785 50 4 37882 47 97
902 37728 64 3 37946 154 218
262 37830 67 4 38013 116 183
666 37915 100 4 38113 98 198
51 38079 60 3 38173 34 94
769 38151 52 4 38225 22 74
607 38224 51 2 38276 1 52
448 38227 32 4 38308 49 81
271 38250 54 2 38362 58 112
39 38028 61 2 38423 334 395
968 38312 64 3 38487 111 175
402 38450 67 2 38554 37 104
408 38532 38 3 38592 22 60
728 38533 52 3 38644 59 111
230 38110 78 2 38722 534 612
367 38667 41 1 38763 55 96
722 38399 79 4 38842 364 443
789 38776 55 4 38897 66 121
925 38890 53 1 38950 7 60
390 38858 60 2 39010 92 152
219 38717 82 2 39092 293 375
225 39063 79 4 39171 29 108
735 39085 96 2 39267 86 182
29 39187 45 4 39312 80 125
808 39220 56 1 39368 92 148
415 39369 46 2 39415 0 46
932 39433 46 4 39479 0 46
389 39468 53 1 39532 11 64
980 39537 49 3 39586 0 49
995 39872 60 2 39932 0 60
379 39967 73 2 40040 0 73
866 40029 43 4 40083 11 54
999 40077 69 3 40152 6 75
541 40151 60 3 40212 1 61
609 40153 20 2 40232 59 79
510 40231 51 4 40283 1 52
910 40116 66 4 40349 167 233
494 40084 73 3 40422 265 338
533 40431 66 4 40497 0 66
317 40503 46 3 40549 0 46
920 40787 90 1 40877 0 90
826 40798 61 4 40938 79 140
385 40925 29 2 40967 13 42
46 40983 85 2 41068 0 85
989 41053 57 3 41125 15 72
261 41112 80 4 41205 13 93
670 41187 37 3 41242 18 55
162 41202 82 2 41324 40 122
441 41292 100 4 41424 32 132
127 41420 49 4 41473 4 53
113 41525 79 4 41604 0 79
893 41544 30 4 41634 60 90
754 41614 46 4 41680 20 66
312 41657 52 4 41732 23 75
852 41553 58 4 41790 179 237
855 41529 80 1 41870 261 341
320 41867 47 3 41917 3 50
6 41859 53 4 41970 58 111
531 41927 38 2 42008 43 81
703 41984 45 3 42053 24 69
310 42040 34 4 42087 13 47
706 41977 56 4 42143 110 166
572 42111 53 4 42196 32 85
110 41825 69 2 42265 371 440
642 42257 58 4 42323 8 66
801 42305 67 3 42390 18 85
800 42305 70 1 42460 85 155
208 42430 44 4 42504 30 74
43 41780 85 2 42589 724 809
417 42633 64 3 42697 0 64
158 42665 56 4 42753 32 88
897 43077 89 4 43166 0 89
103 43084 65 1 43231 82 147
442 43209 46 4 43277 22 68
309 43263 59 4 43336 14 73
474 43364 93 3 43457 0 93
464 43367 45 3 43502 90 135
877 43379 94 4 43596 123 217
505 43550 56 4 43652 46 102
871 43692 37 4 43729 0 37
189 43736 84 4 43820 0 84
277 43741 81 4 43901 79 160
804 43910 52 2 43962 0 52
171 43926 66 3 44028 36 102
324 43965 68 2 44096 63 131
771 43973 69 4 44165 123 192
172 44097 63 3 44228 68 131
202 44156 68 3 44296 72 140
973 44256 57 4 44353 40 97
933 44232 70 3 44423 121 191
169 44104 74 3 44497 319 393
797 44458 99 3 44596 39 138
109 44533 36 2 44632 63 99
138 44539 47 4 44679 93 140
690 44615 56 3 44735 64 120
44 44793 46 3 44839 0 46
566 44887 68 3 44955 0 68
677 44917 44 4 44999 38 82
55 45036 85 4 45121 0 85
166 45422 65 4 45487 0 65
331 45507 62 4 45569 0 62
976 45659 70 3 45729 0 70
931 45682 32 3 45761 47 79
823 45996 75 4 46071 0 75
788 46072 71 2 46143 0 71
743 46155 61 2 46216 0 61
668 46317 50 3 46367 0 50
941 46634 80 2 46714 0 80
64 46643 81 3 46795 71 152
551 46798 51 2 46849 0 51
511 46912 77 4 46989 0 77
381 47008 55 4 47063 0 55
759 47022 37 1 47100 41 78
865 47116 54 4 47170 0 54
48 47257 77 4 47334 0 77
840 47369 62 3 47431 0 62
130 47389 49 4 47480 42 91
122 47609 26 4 47635 0 26
846 47703 59 3 47762 0 59
356 47722 53 3 47815 40 93
411 47835 60 3 47895 0 60
372 47906 57 1 47963 0 57
571 48047 58 2 48105 0 58
96 48239 51 3 48290 0 51
62 48270 30 2 48320 20 50
282 48362 66 3 48428 0 66
106 48421 56 4 48484 7 63
325 48378 82 1 48566 106 188
58 48608 57 4 48665 0 57
611 48611 69 3 48734 54 123
847 48666 51 4 48785 68 119
502 48851 64 4 48915 0 64
289 48970 54 4 49024 0 54
521 49251 51 1 49302 0 51
68 49343 75 2 49418 0 75
414 49634 33 2 49667 0 33
209 49710 48 4 49758 0 48
981 49740 69 3 49827 18 87
350 49947 92 1 50039 0 92
777 49986 74 3 50113 53 127
600 50227 53 4 50280 0 53
213 50419 55 3 50474 0 55
539 50463 42 4 50516 11 53
95 50686 70 4 50756 0 70
624 50749 58 3 50814 7 65
433 50708 84 4 50898 106 190
507 50711 84 1 50982 187 271
958 50976 51 3 51033 6 57
793 51288 82 3 51370 0 82
782 51765 50 3 51815 0 50
20 51931 63 3 51994 0 63
634 51998 69 4 52067 0 69
620 52328 43 1 52371 0 43
18 52625 56 4 52681 0 56
359 52771 91 3 52862 0 91
377 52851 74 3 52936 11 85
83 52914 36 3 52972 22 58
704 52900 67 1 53039 72 139
523 53209 82 3 53291 0 82
126 53223 50 3 53341 68 118
972 53339 38 3 53379 2 40
570 53302 50 4 53429 77 127
862 53749 66 3 53815 0 66
150 53955 83 1 54038 0 83
699 53989 77 3 54115 49 126
115 54029 79 4 54194 86 165
712 54255 67 3 54322 0 67
959 54376 35 2 54411 0 35
418 54381 90 4 54501 30 120
284 54469 78 3 54579 32 110
544 54527 62 2 54641 52 114
161 54517 77 3 54718 124 201
526 54657 75 2 54793 61 136
382 54808 70 4 54878 0 70
506 54911 78 3 54989 0 78
741 54948 65 1 55054 41 106
298 55062 69 1 55131 0 69
898 55092 48 3 55179 39 87
952 55087 82 3 55261 92 174
661 55298 73 4 55371 0 73
199 55420 57 4 55477 0 57
987 55664 77 4 55741 0 77
291 55674 83 2 55824 67 150
136 55786 36 4 55860 38 74
463 56021 51 2 56072 0 51
784 56085 32 3 56117 0 32
686 56111 70 3 56187 6 76
545 56186 54 3 56241 1 55
697 56152 61 3 56302 89 150
88 56184 62 3 56364 118 180
813 56322 48 3 56412 42 90
696 56387 65 3 56477 25 90
954 56546 62 3 56608 0 62
707 56624 55 3 56679 0 55
179 56733 76 4 56809 0 76
883 56862 36 4 56898 0 36
486 57251 53 4 57304 0 53
368 57329 68 3 57397 0 68
775 57335 56 4 57453 62 118
628 57436 45 4 57498 17 62
340 57342 62 4 57560 156 218
680 57803 59 2 57862 0 59
264 58171 45 3 58216 0 45
500 58255 61 3 58316 0 61
716 58262 85 2 58401 54 139
69 58326 74 3 58475 75 149
478 58483 66 4 58549 0 66
33 58552 70 4 58622 0 70
285 58657 48 3 58705 0 48
927 58675 45 2 58750 30 75
301 58882 65 4 58947 0 65
547 58902 49 3 58996 45 94
132 58961 68 4 59064 35 103
116 59022 56 2 59120 42 98
428 59082 60 2 59180 38 98
630 59143 59 3 59239 37 96
204 59255 87 4 59342 0 87
156 59429 60 3 59489 0 60
182 59727 45 2 59772 0 45
922 59807 35 4 59842 0 35
895 59905 62 3 59967 0 62
479 59926 76 4 60043 41 117
613 60044 55 2 60099 0 55
991 60310 58 4 60368 0 58
830 60414 71 3 60485 0 71
548 60769 67 4 60836 0 67
657 60848 66 3 60914 0 66
27 60871 45 3 60959 43 88
338 60952 65 4 61024 7 72
882 60867 70 3 61094 157 227
334 60898 86 3 61180 196 282
831 61234 79 4 61313 0 79
203 61376 64 4 61440 0 64
38 61449 50 2 61499 0 50
899 61500 63 4 61563 0 63
955 61590 53 4 61643 0 53
988 61633 53 4 61696 10 63
937 61602 56 2 61752 94 150
674 61599 66 3 61818 153 219
1 61758 54 4 61872 60 114
323 61935 31 4 61966 0 31
982 62057 53 4 62110 0 53
592 62668 55 1 62723 0 55
812 62857 56 3 62913 0 56
685 62979 85 4 63064 0 85
176 63082 100 4 63182 0 100
61 63196 67 3 63263 0 67
614 63198 94 2 63357 65 159
909 63400 58 4 63458 0 58
641 63669 61 1 63730 0 61
749 63849 46 4 63895 0 46
783 63879 72 4 63967 16 88
272 63940 60 2 64027 27 87
302 64052 68 3 64120 0 68
105 64123 62 4 64185 0 62
649 64186 64 3 64250 0 64
698 64221 54 4 64304 29 83
319 64274 54 2 64358 30 84
818 64210 76 4 64434 148 224
960 64388 44 2 64478 46 90
227 64556 48 4 64604 0 48
580 64819 35 1 64854 0 35
292 64902 100 4 65002 0 100
360 65300 61 4 65361 0 61
990 65350 71 4 65432 11 82
798 65577 46 3 65623 0 46
447 65643 66 3 65709 0 66
328 65925 35 4 65960 0 35
911 66111 52 4 66163 0 52
739 66112 76 2 66239 51 127
802 66255 56 1 66311 0 56
65 66338 30 4 66368 0 30
599 66569 81 2 66650 0 81
151 66615 69 4 66719 35 104
498 66791 32 4 66823 0 32
503 66980 57 4 67037 0 57
746 67238 60 4 67298 0 60
86 67262 51 1 67349 36 87
313 67368 62 4 67430 0 62
457 67386 56 4 67486 44 100
318 67415 60 4 67546 71 131
147 67855 67 3 67922 0 67
792 68028 30 3 68058 0 30
695 68141 27 3 68168 0 27
435 68268 99 3 68367 0 99
734 68431 74 1 68505 0 74
822 68569 68 3 68637 0 68
684 68672 58 4 68730 0 58
443 68684 23 2 68753 46 69
873 68703 78 4 68831 50 128
669 68841 70 2 68911 0 70
934 68968 52 2 69020 0 52
140 69025 59 2 69084 0 59
664 69250 60 3 69310 0 60
963 69272 50 4 69360 38 88
73 69322 57 4 69417 38 95
311 69280 90 3 69507 137 227
453 69458 63 4 69570 49 112
245 69787 40 4 69827 0 40
244 69817 78 4 69905 10 88
752 70038 67 3 70105 0 67
659 70150 68 2 70218 0 68
794 70395 55 4 70450 0 55
803 70698 50 4 70748 0 50
421 70886 51 3 70937 0 51
874 71021 66 4 71087 0 66
553 71037 52 3 71139 50 102
400 71405 27 1 71432 0 27
344 71414 76 4 71508 18 94
146 71557 53 4 71610 0 53
947 71732 54 2 71786 0 54
17 72164 59 3 72223 0 59
832 72187 60 3 72283 36 96
591 72382 48 2 72430 0 48
583 72621 76 4 72697 0 76
134 73162 36 4 73198 0 36
276 73198 62 2 73260 0 62
560 73503 86 2 73589 0 86
165 73618 75 4 73693 0 75
222 73756 56 4 73812 0 56
260 74034 59 4 74093 0 59
516 74301 92 3 74393 0 92
928 74333 26 4 74419 60 86
364 74641 37 1 74678 0 37
205 74742 72 4 74814 0 72
232 74757 50 3 74864 57 107
945 74885 100 4 74985 0 100
337 74937 64 2 75049 48 112
656 75239 100 3 75339 0 100
811 75336 69 4 75408 3 72
253 75689 73 2 75762 0 73
9 75904 95 1 75999 0 95
767 76044 79 4 76123 0 79
617 76120 76 4 76199 3 79
56 76311 71 3 76382 0 71
944 76365 73 4 76455 17 90
180 76435 61 2 76516 20 81
529 76389 66 2 76582 127 193
635 77131 72 1 77203 0 72
490 77237 70 3 77307 0 70
994 77525 51 3 77576 0 51
383 77535 63 3 77639 41 104
305 78080 73 2 78153 0 73
534 78298 64 4 78362 0 64
908 79746 79 1 79825 0 79
851 79767 30 4 79855 58 88
584 79855 57 4 79912 0 57
860 80054 66 3 80120 0 66
45 80465 54 3 80519 0 54
655 80598 65 4 80663 0 65
512 80662 52 2 80715 1 53
308 81853 67 2 81920 0 67
760 82005 51 4 82056 0 51
750 82091 71 3 82162 0 71
233 82533 69 4 82602 0 69
326 82651 58 4 82709 0 58
633 82677 39 1 82748 32 71
131 82994 50 4 83044 0 50
352 83364 59 2 83423 0 59
518 83516 72 4 83588 0 72
888 84693 50 2 84743 0 50
638 85251 57 4 85308 0 57
962 85353 70 3 85423 0 70
295 86203 66 1 86269 0 66
300 86935 51 3 86986 0 51
884 87123 61 2 87184 0 61
422 87705 88 2 87793 0 88
594 87792 67 4 87860 1 68
719 88238 68 2 88306 0 68
736 89071 52 1 89123 0 52
248 89113 94 2 89217 10 104
795 89353 60 4 89413 0 60
174 89804 50 3 89854 0 50
102 90264 41 2 90305 0 41
700 90415 75 2 90490 0 75
820 92995 68 3 93063 0 68
856 93297 54 3 93351 0 54
605 93439 52 4 93491 0 52
626 93853 67 4 93920 0 67
940 93857 79 4 93999 63 142
692 95247 62 4 95309 0 62
618 96374 66 1 96440 0 66
