98851 1724 1568 1508
633 16 78 2 94 0 78
722 38 45 2 189 106 151
991 32 63 4 202 107 170
96 196 45 3 247 6 51
145 202 42 4 289 45 87
999 224 60 3 449 165 225
38 301 41 2 540 198 239
802 236 70 4 610 304 374
920 289 68 4 678 321 389
192 392 40 3 718 286 326
811 291 68 4 736 377 445
919 330 73 2 809 406 479
311 368 56 2 815 391 447
467 614 47 4 862 201 248
816 617 45 3 907 245 290
193 711 42 4 999 246 288
704 496 53 3 1052 503 556
897 644 52 2 1154 458 510
663 946 39 4 1243 258 297
612 717 63 4 1306 526 589
259 753 69 1 1475 653 722
525 780 59 3 1584 745 804
382 1105 27 2 1611 479 506
95 927 79 3 1640 634 713
974 993 85 3 1725 647 732
236 1003 52 4 1727 672 724
849 1307 38 2 1765 420 458
14 1006 76 2 1841 759 835
555 1044 72 4 1863 747 819
408 1066 75 4 1988 847 922
280 1095 75 3 2013 843 918
138 1580 37 4 2150 533 570
777 1233 63 4 2163 867 930
526 1354 56 2 2269 859 915
258 1418 55 4 2324 851 906
343 1427 66 1 2390 897 963
853 1532 78 1 2668 1058 1136
144 1573 68 4 2686 1045 1113
975 1643 71 4 2807 1093 1164
766 1688 74 4 2881 1119 1193
883 1843 66 4 2947 1038 1104
803 1910 60 3 2957 987 1047
478 1914 60 4 2967 993 1053
937 1916 56 4 3023 1051 1107
676 1924 54 4 3077 1099 1153
487 1934 80 3 3107 1093 1173
940 1979 61 4 3168 1128 1189
741 2091 67 4 3185 1027 1094
289 2703 34 3 3219 482 516
283 2093 58 2 3277 1126 1184
574 2177 59 3 3336 1100 1159
770 2246 79 2 3415 1090 1169
79 2429 77 4 3542 1036 1113
248 2477 57 4 3599 1065 1122
18 2584 80 2 3779 1115 1195
209 3112 36 4 3815 667 703
969 2704 52 4 3817 1061 1113
296 3230 49 3 3866 587 636
60 2790 68 2 3884 1026 1094
318 2878 83 4 3917 956 1039
750 2946 97 1 4064 1021 1118
417 2965 74 3 4088 1049 1123
29 3014 58 3 4196 1124 1182
295 3032 52 4 4248 1164 1216
485 3078 67 3 4265 1120 1187
828 3095 76 3 4291 1120 1196
351 3768 45 3 4336 523 568
235 3337 72 4 4458 1049 1121
998 3373 88 4 4546 1085 1173
15 4040 27 1 4723 656 683
972 3469 52 4 4725 1204 1256
513 3536 66 3 4841 1239 1305
780 3585 88 3 4979 1306 1394
160 4223 49 4 5028 756 805
344 3839 64 3 5192 1289 1353
622 3871 77 3 5219 1271 1348
956 4410 43 4 5262 809 852
592 3954 97 3 5359 1308 1405
673 4481 48 4 5407 878 926
440 3975 74 4 5431 1382 1456
630 4008 73 1 5454 1373 1446
270 4017 54 3 5508 1437 1491
435 4125 55 1 5663 1483 1538
639 4740 50 3 5713 923 973
499 4753 47 3 5760 960 1007
547 4131 67 2 5777 1579 1646
989 4802 50 1 5827 975 1025
212 4823 20 2 5897 1054 1074
523 4162 57 3 5904 1685 1742
935 4186 67 3 5971 1718 1785
201 4224 77 1 6048 1747 1824
835 5040 39 3 6137 1058 1097
939 4277 55 3 6142 1810 1865
783 5081 37 2 6179 1061 1098
179 4297 61 3 6190 1832 1893
918 5184 28 3 6218 1006 1034
784 4445 63 4 6281 1773 1836
785 5396 27 4 6558 1135 1162
472 5412 48 3 6606 1146 1194
494 4632 81 4 6687 1974 2055
30 4655 89 4 6726 1982 2071
870 4698 74 4 6750 1978 2052
459 5584 45 4 6795 1166 1211
721 4719 67 4 6812 2026 2093
155 4807 53 2 6965 2105 2158
577 5867 45 2 7010 1098 1143
50 4889 57 4 7017 2071 2128
836 5907 42 4 7059 1110 1152
692 5000 73 2 7132 2059 2132
598 5987 45 4 7227 1195 1240
793 5037 61 4 7238 2140 2201
535 6188 43 1 7431 1200 1243
501 5199 59 4 7490 2232 2291
726 6262 49 2 7589 1278 1327
267 5264 54 2 7643 2325 2379
963 6295 48 2 7741 1398 1446
914 5275 63 1 7754 2416 2479
309 5283 56 2 7760 2421 2477
85 6424 46 3 7806 1336 1382
700 5296 59 4 7815 2460 2519
926 5352 69 4 7834 2413 2482
961 6551 38 1 7922 1333 1371
471 5437 74 4 8096 2585 2659
303 6681 28 4 8174 1465 1493
727 6741 39 4 8213 1433 1472
306 5763 67 4 8230 2400 2467
632 5810 63 2 8293 2420 2483
154 5826 53 4 8346 2467 2520
250 5964 85 4 8381 2332 2417
21 7096 30 2 8411 1285 1315
822 5976 51 3 8412 2385 2436
230 6060 67 1 8579 2452 2519
288 7242 45 2 8624 1337 1382
591 6095 56 4 8680 2529 2585
198 6158 59 2 8739 2522 2581
141 6215 52 2 8741 2474 2526
470 6259 60 2 8801 2482 2542
428 7558 42 4 8843 1243 1285
401 6268 61 1 8904 2575 2636
871 7602 44 2 8948 1302 1346
500 7634 50 2 8998 1314 1364
867 6294 62 2 9060 2704 2766
275 7771 36 4 9196 1389 1425
869 6519 62 4 9258 2677 2739
442 6569 57 4 9365 2739 2796
960 6574 65 3 9380 2741 2806
161 7992 36 2 9416 1388 1424
400 6593 68 4 9484 2823 2891
680 8046 41 4 9525 1438 1479
505 8090 50 3 9575 1435 1485
976 6672 66 4 9591 2853 2919
133 8188 42 4 9683 1453 1495
114 6843 71 2 9754 2840 2911
589 6878 88 2 9792 2826 2914
433 7154 56 3 9948 2738 2794
688 8421 50 2 9998 1527 1577
965 8445 43 3 10041 1553 1596
603 7186 63 4 10054 2805 2868
885 7200 64 4 10068 2804 2868
393 7269 56 2 10174 2849 2905
396 7323 60 3 10334 2951 3011
419 7463 61 3 10445 2921 2982
823 7584 55 3 10550 2911 2966
307 7636 86 4 10636 2914 3000
461 7659 64 2 10700 2977 3041
319 9069 47 2 10747 1631 1678
851 7682 51 4 10748 3015 3066
946 7774 67 4 10815 2974 3041
337 7895 66 2 10831 2870 2936
101 7905 65 2 10896 2926 2991
72 8014 62 2 11008 2932 2994
455 9547 37 3 11145 1561 1598
225 8126 68 1 11213 3019 3087
414 8220 56 2 11269 2993 3049
815 8327 60 4 11329 2942 3002
427 8383 61 3 11340 2896 2957
773 8408 60 3 11400 2932 2992
584 8557 98 4 11448 2793 2891
415 8561 68 3 11516 2887 2955
406 8653 52 3 11568 2863 2915
409 8668 59 4 11627 2900 2959
454 8676 60 2 11637 2901 2961
817 8710 65 1 11702 2927 2992
950 10336 31 3 11733 1366 1397
239 8712 69 4 11752 2971 3040
324 10397 44 3 11796 1355 1399
539 8749 85 2 11831 2997 3082
891 8763 63 4 11894 3068 3131
583 8972 60 3 11904 2872 2932
153 10598 37 4 11941 1306 1343
685 9048 77 3 12018 2893 2970
738 10708 38 4 12106 1360 1398
488 10736 33 4 12139 1370 1403
703 9136 62 4 12201 3003 3065
37 9281 67 1 12218 2870 2937
671 9328 60 3 12228 2840 2900
474 10899 39 4 12267 1329 1368
174 9383 59 4 12326 2884 2943
54 9441 63 4 12339 2835 2898
188 9460 77 2 12466 2929 3006
585 11132 46 2 12512 1334 1380
211 9558 85 1 12547 2904 2989
827 9593 100 2 12597 2904 3004
795 11219 47 2 12644 1378 1425
797 9687 58 1 12702 2957 3015
952 9880 65 4 12867 2922 2987
781 10071 65 3 13132 2996 3061
390 10154 66 2 13148 2928 2994
559 11559 38 3 13186 1589 1627
388 10195 73 3 13209 2941 3014
962 10309 63 1 13272 2900 2963
649 10474 93 1 13465 2898 2991
644 11924 39 4 13654 1691 1730
8 10606 72 2 13676 2998 3070
893 10703 60 1 13736 2973 3033
345 10747 55 4 13741 2939 2994
932 12220 38 3 13829 1571 1609
569 12259 46 2 13975 1670 1716
686 10937 83 4 14008 2988 3071
808 11042 75 2 14033 2916 2991
66 12354 50 3 14133 1729 1779
905 11058 61 3 14144 3025 3086
205 12598 50 3 14394 1746 1796
252 12622 44 2 14438 1772 1816
191 11231 56 3 14444 3157 3213
412 11273 72 4 14466 3121 3193
460 11287 62 3 14528 3179 3241
681 11334 58 4 14586 3194 3252
693 11368 52 2 14688 3268 3320
691 11405 73 2 14711 3233 3306
47 11405 69 4 14830 3356 3425
512 11410 54 4 14884 3420 3474
929 11422 60 2 14894 3412 3472
796 11613 61 3 14905 3231 3292
55 13269 32 2 14987 1686 1718
955 11672 58 4 14995 3265 3323
342 11705 72 4 15067 3290 3362
546 11712 66 4 15133 3355 3421
469 13381 47 3 15180 1752 1799
169 11861 56 4 15236 3319 3375
504 13469 49 4 15285 1767 1816
679 11885 71 4 15356 3400 3471
687 13525 37 1 15393 1831 1868
615 11899 82 3 15475 3494 3576
560 11963 69 2 15594 3562 3631
452 12206 58 2 15602 3338 3396
909 13772 42 1 15644 1830 1872
841 12250 65 2 15659 3344 3409
81 12257 55 3 15664 3352 3407
80 13917 41 3 15705 1747 1788
298 12353 58 4 15813 3402 3460
218 14073 49 4 15862 1740 1789
261 14087 30 4 15892 1775 1805
57 12436 63 3 15955 3456 3519
747 12440 74 4 16029 3515 3589
391 12443 51 3 16130 3636 3687
733 12469 54 3 16234 3711 3765
502 12739 75 4 16359 3545 3620
553 12754 55 4 16414 3605 3660
519 12849 79 4 16493 3565 3644
652 14598 35 3 16578 1945 1980
353 12861 62 1 16690 3767 3829
541 14652 40 3 16730 2038 2078
338 12925 55 3 16735 3755 3810
384 12927 58 2 16793 3808 3866
294 14795 34 2 16827 1998 2032
530 14802 46 1 16873 2025 2071
292 13002 58 4 16881 3821 3879
635 13215 67 1 16898 3616 3683
210 13295 83 4 17031 3653 3736
451 13358 85 3 17166 3723 3808
126 13455 78 4 17244 3711 3789
710 13504 91 3 17385 3790 3881
281 15315 37 1 17472 2120 2157
243 13527 65 3 17587 3995 4060
82 13582 54 4 17641 4005 4059
613 13614 59 4 17650 3977 4036
386 15595 40 2 17790 2155 2195
424 15676 43 1 17883 2164 2207
477 15677 43 3 17926 2206 2249
616 13973 53 4 17929 3903 3956
159 15724 46 3 17975 2205 2251
418 13992 58 2 17983 3933 3991
7 15783 20 4 18003 2200 2220
40 14091 64 1 18167 4012 4076
944 14174 74 4 18241 3993 4067
448 14209 55 3 18296 4032 4087
263 14243 69 1 18315 4003 4072
515 14254 60 2 18425 4111 4171
438 16158 50 2 18575 2367 2417
647 14284 67 3 18592 4241 4308
821 14313 59 3 18601 4229 4288
491 14360 98 4 18649 4191 4289
445 14528 52 4 18651 4071 4123
186 14550 53 4 18654 4051 4104
682 16416 49 2 18703 2238 2287
190 16462 37 4 18740 2241 2278
942 14594 61 3 18751 4096 4157
3 14610 57 4 18808 4141 4198
399 14625 59 4 18917 4233 4292
607 14724 63 4 19030 4243 4306
260 14919 51 4 19031 4061 4112
413 14938 80 2 19111 4093 4173
105 16981 28 1 19239 2230 2258
528 14997 59 3 19298 4242 4301
240 17077 47 4 19345 2221 2268
906 15056 69 4 19364 4239 4308
221 17135 41 3 19455 2279 2320
397 15114 97 1 19502 4291 4388
724 15206 62 2 19514 4246 4308
468 15213 63 4 19577 4301 4364
548 17359 21 4 19598 2218 2239
475 15286 68 4 19616 4262 4330
490 15374 75 3 19691 4242 4317
771 15387 84 1 19725 4254 4338
596 17534 46 4 19771 2191 2237
758 17567 38 2 19809 2204 2242
556 15468 63 4 19822 4291 4354
981 17626 28 3 19850 2196 2224
31 15580 52 4 19852 4220 4272
58 15582 82 4 19934 4270 4352
907 15652 58 3 20042 4332 4390
776 17906 47 3 20089 2136 2183
705 17967 42 2 20181 2172 2214
302 15889 78 4 20259 4292 4370
590 15891 66 2 20275 4318 4384
984 18064 36 2 20311 2211 2247
873 18101 47 4 20458 2310 2357
760 15892 66 3 20474 4516 4582
484 15901 53 4 20527 4573 4626
62 15997 82 3 20609 4530 4612
720 16101 56 2 20665 4508 4564
689 16129 78 4 20743 4536 4614
988 16154 60 1 20753 4539 4599
643 16155 65 2 20818 4598 4663
806 18518 49 3 20917 2350 2399
171 16515 55 3 21072 4502 4557
659 16591 51 4 21073 4431 4482
158 16595 53 3 21076 4428 4481
786 16661 53 3 21129 4415 4468
660 16664 64 2 21193 4465 4529
170 16943 70 4 21213 4200 4270
300 16954 66 3 21229 4209 4275
642 16966 75 3 21304 4263 4338
609 17019 76 3 21430 4335 4411
677 17113 53 3 21483 4317 4370
840 17289 91 3 21674 4294 4385
237 17399 61 4 21735 4275 4336
540 19688 39 2 21874 2147 2186
196 19781 41 1 21915 2093 2134
563 17670 68 4 21983 4245 4313
629 19890 38 3 22121 2193 2231
323 17730 56 4 22127 4341 4397
305 17767 53 2 22230 4410 4463
135 17943 54 4 22234 4237 4291
712 17973 60 4 22394 4361 4421
103 18082 62 2 22506 4362 4424
888 18090 74 3 22580 4416 4490
597 18106 72 4 22652 4474 4546
640 18240 73 4 22675 4362 4435
899 18282 63 4 22788 4443 4506
508 18319 54 3 22792 4419 4473
782 18453 74 2 22866 4339 4413
380 20805 47 3 22963 2111 2158
568 18484 57 3 23020 4479 4536
284 18548 65 4 23035 4422 4487
653 18584 65 1 23050 4401 4466
994 18751 82 2 23132 4299 4381
520 18914 58 2 23140 4168 4226
127 18959 75 3 23165 4131 4206
778 19116 61 4 23226 4049 4110
799 19204 68 3 23294 4022 4090
674 19239 65 4 23409 4105 4170
698 19246 61 3 23470 4163 4224
102 19380 65 4 23485 4040 4105
756 19390 70 4 23555 4095 4165
626 19416 77 3 23582 4089 4166
903 19542 83 2 23665 4040 4123
358 19668 62 3 23727 3997 4059
538 21778 49 3 23826 1999 2048
645 19685 93 3 23869 4091 4184
614 19841 75 3 23894 3978 4053
593 21946 40 3 23984 1998 2038
859 21980 40 4 24024 2004 2044
178 19869 62 3 24036 4105 4167
394 19886 76 4 24062 4100 4176
765 19944 68 3 24080 4068 4136
544 19959 75 3 24105 4071 4146
731 22186 45 4 24200 1969 2014
256 22205 50 3 24250 1995 2045
347 20090 89 3 24289 4110 4199
52 22280 33 2 24322 2009 2042
25 20125 64 4 24336 4147 4211
878 20139 62 4 24398 4197 4259
13 20218 76 3 24474 4180 4256
287 20219 71 2 24495 4205 4276
402 22453 48 4 24543 2042 2090
562 20320 69 4 24562 4173 4242
290 20473 78 4 24590 4039 4117
896 20577 62 3 24702 4063 4125
392 20590 68 4 24770 4112 4180
755 22732 47 2 24817 2038 2085
336 20689 54 4 24821 4078 4132
371 22839 20 2 24941 2082 2102
325 20762 71 3 25012 4179 4250
163 22876 45 2 25107 2186 2231
578 22904 36 4 25143 2203 2239
605 22912 39 4 25182 2231 2270
199 20806 52 3 25184 4326 4378
370 23048 31 1 25215 2136 2167
637 20995 70 3 25235 4170 4240
957 21171 66 2 25301 4064 4130
925 21244 60 3 25311 4007 4067
794 21335 64 4 25375 3976 4040
180 21344 54 3 25429 4031 4085
83 21387 62 2 25441 3992 4054
272 23416 45 1 25486 2025 2070
349 21519 67 3 25503 3917 3984
985 23532 41 4 25544 1971 2012
150 21644 81 3 25575 3850 3931
115 21703 71 1 25646 3872 3943
993 23690 45 2 25741 2006 2051
77 21739 51 4 25742 3952 4003
91 21923 56 4 25798 3819 3875
838 24000 32 1 25880 1848 1880
837 24051 20 4 25900 1829 1849
759 22183 74 2 25974 3717 3791
207 24114 35 3 26009 1860 1895
715 24165 48 2 26057 1844 1892
894 22334 60 2 26117 3723 3783
996 24351 40 1 26257 1866 1906
749 22347 87 2 26294 3860 3947
503 22646 67 3 26561 3848 3915
381 22648 66 4 26677 3963 4029
936 22722 54 4 26681 3905 3959
125 24742 49 3 26730 1939 1988
829 22800 64 1 26794 3930 3994
623 22835 71 4 26815 3909 3980
251 22861 65 3 26880 3954 4019
729 22870 58 2 26938 4010 4068
321 25069 20 2 27008 1919 1939
173 23115 64 2 27072 3893 3957
820 23269 64 2 27136 3803 3867
745 23331 68 3 27154 3755 3823
921 23625 64 4 27218 3529 3593
579 23666 84 1 27252 3502 3586
924 23738 84 3 27386 3564 3648
892 23988 76 3 27462 3398 3474
41 24098 61 3 27523 3364 3425
662 26024 33 1 27606 1549 1582
432 26027 48 3 27654 1579 1627
378 24263 71 1 27675 3341 3412
669 24337 66 3 27741 3338 3404
887 24340 65 2 27756 3351 3416
228 24402 57 2 27813 3354 3411
554 24410 60 3 27823 3353 3413
405 24508 71 3 27844 3265 3336
363 26414 34 1 27878 1430 1464
889 24555 76 1 27904 3273 3349
580 24580 77 3 27981 3324 3401
104 24611 69 4 28050 3370 3439
746 24614 66 2 28066 3386 3452
232 24745 64 4 28130 3321 3385
172 24915 80 3 28210 3215 3295
326 24977 73 2 28283 3233 3306
385 26896 49 3 28332 1387 1436
422 25022 61 1 28343 3260 3321
732 25112 72 3 28365 3181 3253
812 25297 63 3 28378 3018 3081
387 27130 48 4 28426 1248 1296
902 25445 57 4 28483 2981 3038
522 25734 61 4 28544 2749 2810
365 27288 49 1 28643 1306 1355
49 25738 96 4 28689 2855 2951
928 25764 70 4 28709 2875 2945
763 27452 44 4 28753 1257 1301
672 25833 81 1 28784 2870 2951
12 25948 62 4 28796 2786 2848
426 26117 59 4 28855 2679 2738
421 26269 99 3 28954 2586 2685
177 26469 87 3 29091 2535 2622
518 26559 82 3 29223 2582 2664
551 28032 50 4 29273 1191 1241
329 26668 64 3 29287 2555 2619
217 28081 49 4 29336 1206 1255
264 26779 80 3 29366 2507 2587
941 26825 54 3 29470 2591 2645
335 28343 24 2 29544 1177 1201
917 28416 50 4 29644 1178 1228
39 27150 58 4 29652 2444 2502
374 27222 65 3 29717 2430 2495
266 27266 77 2 29744 2401 2478
187 28711 50 4 29944 1183 1233
933 27543 58 3 29952 2351 2409
453 27749 69 4 29971 2153 2222
801 27781 79 4 30100 2240 2319
690 27876 63 4 30113 2174 2237
162 29064 45 4 30158 1049 1094
56 27905 52 4 30210 2253 2305
532 27966 82 4 30242 2194 2276
768 29191 50 3 30292 1051 1101
168 28164 70 4 30612 2378 2448
466 28187 71 3 30633 2375 2446
166 28335 79 4 30712 2298 2377
638 28345 67 3 30779 2367 2434
536 28431 73 3 30852 2348 2421
978 28664 51 4 30953 2238 2289
197 28675 75 3 31028 2278 2353
587 28706 51 2 31129 2372 2423
128 28930 55 3 31184 2199 2254
845 28950 73 3 31207 2184 2257
238 29070 83 1 31240 2087 2170
51 29199 88 3 31478 2191 2279
923 29222 68 3 31496 2206 2274
120 29227 58 3 31554 2269 2327
754 29243 58 4 31612 2311 2369
995 29265 55 3 31667 2347 2402
112 29287 70 4 31687 2330 2400
509 29439 70 4 31757 2248 2318
231 30648 47 4 31804 1109 1156
879 29536 68 3 31822 2218 2286
498 29648 87 1 31959 2224 2311
602 29737 63 3 32122 2322 2385
850 29739 76 4 32148 2333 2409
550 29762 71 4 32219 2386 2457
524 30983 39 4 32258 1236 1275
774 29816 87 3 32295 2392 2479
194 29828 79 4 32324 2417 2496
866 29916 77 2 32401 2408 2485
769 30209 52 2 32453 2192 2244
627 30227 78 3 32481 2176 2254
980 30269 53 2 32484 2162 2215
339 30289 74 2 32558 2195 2269
516 31483 40 4 32648 1125 1165
735 30387 56 3 32654 2211 2267
744 30420 79 3 32683 2184 2263
611 30469 77 4 32710 2164 2241
24 30588 77 3 32837 2172 2249
617 31786 32 1 32919 1101 1133
757 30717 68 3 32937 2152 2220
736 31825 39 4 32976 1112 1151
601 30757 68 3 32994 2169 2237
979 30813 79 4 33023 2131 2210
479 30817 59 4 33132 2256 2315
327 30827 66 3 33198 2305 2371
970 30907 58 4 33256 2291 2349
151 32259 46 4 33352 1047 1093
483 32289 46 3 33448 1113 1159
561 31095 100 1 33498 2303 2403
761 31145 62 4 33610 2403 2465
610 31358 71 4 33631 2202 2273
458 32504 39 4 33670 1127 1166
74 31395 81 2 33701 2225 2306
986 32667 48 3 33849 1134 1182
719 31647 67 3 33866 2152 2219
84 31687 84 2 33900 2129 2213
36 32789 34 4 33934 1111 1145
375 31739 60 3 33994 2195 2255
863 32000 72 3 34166 2094 2166
185 32001 52 2 34168 2115 2167
437 32027 52 4 34220 2141 2193
322 32095 70 4 34240 2075 2145
111 32182 65 4 34255 2008 2073
534 32275 96 4 34351 1980 2076
830 33446 36 1 34387 905 941
143 33449 42 3 34429 938 980
152 32356 53 3 34482 2073 2126
588 32360 81 2 34563 2122 2203
594 33635 45 4 34808 1128 1173
826 32568 55 4 34913 2290 2345
567 32652 79 2 35042 2311 2390
834 32806 72 3 35214 2336 2408
286 32870 81 3 35245 2294 2375
88 32872 68 2 35263 2323 2391
22 32882 59 4 35272 2331 2390
507 34161 23 4 35295 1111 1134
694 33075 52 4 35297 2170 2222
99 33311 69 4 35316 1936 2005
423 34273 42 3 35358 1043 1085
389 33460 72 3 35530 1998 2070
465 33544 57 4 35537 1936 1993
665 33588 65 4 35602 1949 2014
317 34595 20 4 35672 1057 1077
678 33599 52 4 35674 2023 2075
631 33611 68 2 35692 2013 2081
877 33619 64 4 35706 2023 2087
506 33656 59 4 35715 2000 2059
967 33686 91 4 35756 1979 2070
517 33730 58 4 35764 1976 2034
872 33743 58 3 35772 1971 2029
473 33771 60 2 35832 2001 2061
934 33844 74 4 35856 1938 2012
954 33877 71 4 35927 1979 2050
655 34279 56 4 35983 1648 1704
16 35369 48 1 36081 664 712
315 34356 74 4 36105 1675 1749
572 34405 61 4 36166 1700 1761
620 34563 56 1 36172 1553 1609
664 34578 56 4 36178 1544 1600
293 35760 48 2 36326 518 566
951 35005 70 3 36346 1271 1341
19 35117 63 4 36359 1179 1242
675 35276 72 2 36381 1033 1105
233 35367 78 2 36509 1064 1142
71 36007 39 2 36548 502 541
45 35431 64 3 36562 1067 1131
92 35656 80 1 36592 856 936
46 35737 62 3 36654 855 917
63 36281 39 4 36743 423 462
254 35947 76 4 36869 846 922
147 35969 69 4 36888 850 919
223 36201 60 2 36998 737 797
367 36638 46 4 37094 410 456
439 36230 70 4 37114 814 884
876 36326 67 2 37131 738 805
340 36350 65 3 37146 731 796
107 36449 57 3 37153 647 704
862 36505 55 3 37158 598 653
847 36615 77 1 37185 493 570
916 37087 56 4 37341 198 254
450 37117 84 1 37375 174 258
434 37130 75 4 37450 245 320
9 37303 49 2 37499 147 196
912 37250 66 3 37615 299 365
852 37482 50 4 37715 183 233
818 37326 60 3 37725 339 399
819 37338 59 4 37784 387 446
566 37388 66 3 37850 396 462
886 37548 67 3 37917 302 369
809 37595 85 3 38002 322 407
361 37803 43 1 38045 199 242
890 37841 40 2 38185 304 344
167 37723 55 2 38190 412 467
857 37770 74 3 38214 370 444
297 37832 63 3 38277 382 445
599 37839 81 2 38358 438 519
898 37991 60 4 38368 317 377
332 38247 47 2 38415 121 168
341 38066 70 4 38435 299 369
462 38326 48 2 38483 109 157
457 38498 55 1 38553 0 55
89 38624 64 4 38688 0 64
5 38687 34 3 38722 1 35
366 38854 44 1 38898 0 44
249 38910 78 1 38988 0 78
904 39061 44 4 39105 0 44
641 39151 46 3 39197 0 46
983 39168 64 3 39261 29 93
843 39236 38 3 39299 25 63
931 39262 40 3 39339 37 77
966 39425 94 4 39519 0 94
549 39530 83 2 39613 0 83
429 39919 52 2 39971 0 52
748 40024 77 4 40101 0 77
310 40261 75 4 40336 0 75
355 40292 38 3 40374 44 82
790 40354 56 3 40430 20 76
723 40430 42 4 40522 50 92
529 40375 51 2 40523 97 148
299 40444 52 2 40625 129 181
208 40508 73 4 40648 67 140
657 40593 43 2 40741 105 148
464 40585 75 4 40816 156 231
958 40599 63 4 40879 217 280
463 40780 41 2 40920 99 140
742 40741 56 4 40926 129 185
350 40900 43 2 40969 26 69
369 41023 53 4 41076 0 53
552 41035 68 4 41144 41 109
496 41161 61 3 41222 0 61
32 41243 40 4 41283 0 40
64 41344 88 3 41432 0 88
915 41368 35 2 41467 64 99
953 41755 60 4 41815 0 60
395 41826 54 4 41880 0 54
176 41913 35 2 41948 0 35
17 41966 68 4 42034 0 68
489 42023 46 2 42080 11 57
805 42054 57 3 42187 76 133
357 42078 52 3 42189 59 111
696 42198 81 1 42279 0 81
882 42244 42 4 42371 85 127
20 42226 55 2 42376 95 150
276 42402 41 3 42443 0 41
48 42691 97 4 42788 0 97
595 42996 32 3 43028 0 32
860 43076 72 2 43148 0 72
1000 43092 33 2 43181 56 89
697 43139 46 4 43227 42 88
558 43281 82 4 43363 0 82
213 43299 69 4 43482 114 183
751 43311 58 1 43490 121 179
308 43416 81 3 43571 74 155
646 43500 60 4 43681 121 181
304 43541 51 4 43682 90 141
410 43641 89 4 43771 41 130
740 43912 47 2 43959 0 47
65 44063 40 4 44103 0 40
839 44121 71 3 44192 0 71
775 44300 57 3 44357 0 57
753 44470 82 2 44552 0 82
314 44548 51 4 44603 4 55
699 44689 58 2 44747 0 58
667 45015 39 3 45054 0 39
425 45034 89 3 45143 20 109
106 45201 43 4 45244 0 43
575 45205 70 2 45314 39 109
481 45258 45 4 45409 106 151
658 45247 82 4 45441 112 194
449 45322 64 3 45655 269 333
943 45338 51 4 45656 267 318
149 45356 62 3 45718 300 362
480 45380 52 3 45720 288 340
832 45500 78 4 45748 170 248
625 45763 58 3 45821 0 58
407 45857 100 3 45957 0 100
492 45942 65 2 46022 15 80
831 46328 67 4 46395 0 67
814 46541 44 4 46585 0 44
411 46669 86 2 46755 0 86
28 46842 64 3 46906 0 64
203 46851 39 4 46945 55 94
316 46907 48 4 47043 88 136
930 46890 94 4 47137 153 247
113 46964 43 4 47180 173 216
600 46930 74 3 47204 200 274
246 47056 73 3 47327 198 271
734 47095 83 3 47360 182 265
709 47295 56 4 47466 115 171
711 47304 82 1 47498 112 194
182 47551 66 3 47617 0 66
416 47723 70 4 47793 0 70
124 47768 46 2 47839 25 71
136 47772 39 3 47878 67 106
97 47929 48 4 47977 0 48
533 48057 73 3 48130 0 73
33 48127 56 4 48186 3 59
271 48164 70 3 48256 22 92
880 48328 69 2 48397 0 69
110 48354 70 3 48467 43 113
650 48564 20 4 48584 0 20
537 48643 30 1 48673 0 30
373 48653 57 4 48730 20 77
6 49060 48 2 49108 0 48
604 49064 38 3 49146 44 82
334 49297 91 3 49388 0 91
90 49394 57 4 49451 0 57
444 49462 62 3 49524 0 62
139 49471 59 2 49633 103 162
206 49474 68 4 49701 159 227
61 49561 64 4 49715 90 154
362 49908 59 4 49967 0 59
2 49962 72 3 50039 5 77
901 50018 65 4 50104 21 86
441 50227 53 2 50280 0 53
565 50354 71 3 50425 0 71
997 50422 88 2 50513 3 91
356 50564 67 4 50631 0 67
222 50720 48 3 50768 0 48
247 50756 77 3 50845 12 89
216 50821 56 1 50901 24 80
331 51058 21 1 51079 0 21
973 51201 46 3 51247 0 46
116 51344 71 4 51415 0 71
320 51380 66 4 51481 35 101
291 51458 65 2 51546 23 88
184 51651 79 4 51730 0 79
59 51677 63 1 51793 53 116
42 51771 80 4 51873 22 102
123 51864 74 2 51947 9 83
244 51961 47 3 52008 0 47
364 52035 68 2 52103 0 68
130 52054 70 3 52173 49 119
242 52397 43 3 52440 0 43
226 52553 68 3 52621 0 68
791 52554 39 3 52660 67 106
571 52613 56 4 52716 47 103
971 52710 52 4 52768 6 58
788 52733 56 2 52824 35 91
255 52801 31 4 52855 23 54
621 53068 78 4 53146 0 78
219 53070 60 2 53256 126 186
858 53121 64 3 53270 85 149
146 53203 61 1 53331 67 128
634 53453 62 3 53515 0 62
140 53516 65 2 53581 0 65
118 53704 85 2 53789 0 85
70 53772 61 2 53850 17 78
947 53914 66 2 53980 0 66
964 54110 80 3 54190 0 80
557 54233 85 4 54318 0 85
100 54420 56 4 54476 0 56
11 54526 42 3 54568 0 42
668 54599 37 3 54636 0 37
200 54922 66 1 54988 0 66
215 54937 62 3 55100 101 163
134 54983 53 3 55103 67 120
148 55322 53 4 55375 0 53
265 55562 71 3 55633 0 71
482 55611 64 4 55697 22 86
346 56258 62 3 56320 0 62
117 56351 66 4 56417 0 66
608 56456 67 4 56523 0 67
521 56651 69 3 56720 0 69
824 56653 100 4 56820 67 167
447 56750 58 4 56878 70 128
654 56832 67 3 56995 96 163
683 56836 61 4 57006 109 170
44 57200 56 4 57256 0 56
119 57218 32 3 57288 38 70
456 57314 72 3 57386 0 72
352 57487 49 3 57536 0 49
312 57548 82 2 57630 0 82
245 57607 31 4 57711 73 104
398 57554 59 4 57720 107 166
436 57771 81 1 57852 0 81
53 57893 75 1 57968 0 75
195 58160 57 2 58217 0 57
87 58487 81 3 58568 0 81
848 58809 79 4 58888 0 79
767 58825 68 3 58956 63 131
328 58893 48 3 59004 63 111
69 58988 40 3 59044 16 56
651 59000 68 4 59162 94 162
900 59043 69 2 59181 69 138
368 59228 63 3 59291 0 63
376 59284 79 3 59370 7 86
864 59392 49 4 59441 0 49
948 59440 78 2 59519 1 79
725 59467 48 3 59617 102 150
865 59490 35 2 59652 127 162
713 59447 70 2 59722 205 275
278 59505 56 2 59728 167 223
772 59670 46 4 59824 108 154
132 59658 62 4 59836 116 178
224 59893 58 4 59951 0 58
913 60410 40 4 60450 0 40
377 60517 54 4 60571 0 54
156 60645 38 1 60683 0 38
666 61014 67 4 61081 0 67
108 61024 45 3 61126 57 102
75 61327 64 2 61391 0 64
86 61380 55 3 61446 11 66
78 61524 58 4 61582 0 58
895 61692 75 3 61767 0 75
122 61747 78 4 61845 20 98
514 61979 54 2 62033 0 54
792 62284 38 4 62322 0 38
927 62425 59 4 62484 0 59
701 62519 84 3 62603 0 84
430 62577 49 4 62702 76 125
884 62574 73 4 62725 78 151
98 62630 50 4 62825 145 195
76 62622 77 2 62852 153 230
129 62869 96 4 62965 0 96
739 62927 45 3 63010 38 83
684 63003 52 4 63062 7 59
716 63043 46 4 63158 69 115
670 63020 92 3 63200 88 180
446 63095 65 4 63265 105 170
109 63209 53 2 63318 56 109
67 63558 62 2 63620 0 62
987 63561 69 1 63689 59 128
702 63788 48 3 63836 0 48
234 63874 69 4 63943 0 69
476 63957 76 3 64033 0 76
798 64329 52 3 64381 0 52
1 64340 38 1 64419 41 79
383 64655 41 3 64696 0 41
372 64893 78 4 64971 0 78
204 65045 49 4 65094 0 49
624 65134 50 2 65184 0 50
420 65358 70 4 65428 0 70
531 65891 21 2 65912 0 21
379 66003 67 3 66070 0 67
268 66483 34 2 66517 0 34
175 66751 34 1 66785 0 34
714 66830 44 1 66874 0 44
404 66994 69 4 67063 0 69
707 67088 61 4 67149 0 61
737 67236 46 2 67282 0 46
800 67367 57 4 67424 0 57
959 68063 38 3 68101 0 38
779 68141 63 4 68204 0 63
854 68177 47 4 68251 27 74
229 68198 35 2 68286 53 88
661 68363 45 1 68408 0 45
861 68498 37 4 68535 0 37
301 68659 59 4 68718 0 59
486 68687 59 4 68777 31 90
34 68784 38 2 68822 0 38
844 68856 57 3 68913 0 57
706 69088 85 4 69173 0 85
527 69117 40 3 69213 56 96
214 69121 39 4 69252 92 131
606 69157 66 3 69368 145 211
43 69289 45 4 69413 79 124
787 69236 55 4 69418 127 182
990 69331 69 4 69537 137 206
94 69386 75 2 69562 101 176
10 69925 68 3 69993 0 68
157 70188 73 2 70261 0 73
945 70901 66 4 70967 0 66
810 71201 62 3 71263 0 62
189 71343 44 3 71387 0 44
262 71386 67 3 71454 1 68
582 71392 41 4 71495 62 103
333 71407 46 3 71541 88 134
431 71460 68 3 71659 131 199
121 71489 66 4 71675 120 186
708 71648 37 4 71712 27 64
27 71878 50 4 71928 0 50
922 72240 54 2 72294 0 54
992 72508 51 2 72559 0 51
718 72575 67 2 72642 0 67
511 72800 83 2 72883 0 83
330 72961 38 3 72999 0 38
26 73040 68 3 73108 0 68
813 73511 56 4 73567 0 56
510 73625 42 4 73667 0 42
137 74356 58 3 74414 0 58
257 74666 48 4 74714 0 48
202 75201 65 2 75266 0 65
648 75376 42 2 75418 0 42
495 75480 50 4 75530 0 50
717 75530 74 3 75604 0 74
313 75739 78 4 75817 0 78
938 75758 61 3 75878 59 120
183 75902 65 4 75967 0 65
982 75954 59 3 76026 13 72
273 76266 73 4 76339 0 73
165 76493 38 3 76531 0 38
564 76593 56 4 76649 0 56
359 76620 77 3 76726 29 106
908 76705 63 2 76789 21 84
68 77174 67 3 77241 0 67
4 77406 71 3 77477 0 71
586 77524 71 2 77595 0 71
282 77596 56 4 77652 0 56
764 77955 85 3 78040 0 85
131 78037 26 3 78066 3 29
542 78107 51 4 78158 0 51
142 78213 38 2 78251 0 38
576 78286 39 3 78325 0 39
656 78324 56 4 78381 1 57
360 78380 73 4 78454 1 74
619 78516 51 4 78567 0 51
241 78664 33 3 78697 0 33
789 79043 80 4 79123 0 80
842 79097 57 4 79180 26 83
875 79277 26 2 79303 0 26
825 79467 63 4 79530 0 63
73 79569 59 3 79628 0 59
911 79851 64 3 79915 0 64
543 80088 34 3 80122 0 34
274 80687 60 4 80747 0 60
573 80723 77 2 80824 24 101
253 80872 93 4 80965 0 93
833 81092 66 1 81158 0 66
269 81618 42 1 81660 0 42
636 82203 60 3 82263 0 60
354 82570 63 4 82633 0 63
846 82752 52 4 82804 0 52
752 83213 57 3 83320 50 107
855 83213 56 2 83326 57 113
279 83358 45 3 83403 0 45
618 83611 79 1 83690 0 79
23 83725 100 4 83825 0 100
881 84104 73 3 84177 0 73
968 84475 77 4 84552 0 77
35 84701 52 1 84753 0 52
220 84768 78 4 84846 0 78
285 85110 42 4 85152 0 42
910 85599 77 3 85676 0 77
628 85799 65 2 85864 0 65
403 85947 46 4 85993 0 46
743 86198 61 4 86259 0 61
728 86332 72 3 86404 0 72
443 86453 55 2 86508 0 55
804 86524 60 1 86584 0 60
730 86801 60 4 86861 0 60
277 87537 86 2 87623 0 86
949 87538 56 2 87729 135 191
807 87571 52 2 87731 108 160
695 87783 62 4 87845 0 62
227 89670 30 4 89700 0 30
868 89728 69 2 89797 0 69
164 89917 96 3 90013 0 96
497 90043 57 2 90100 0 57
581 90219 47 4 90266 0 47
181 90691 75 2 90766 0 75
856 90703 72 3 90838 63 135
93 91189 71 3 91260 0 71
570 93550 94 3 93644 0 94
493 93954 63 4 94017 0 63
545 94137 61 4 94198 0 61
762 94159 34 4 94232 39 73
348 94733 48 4 94781 0 48
874 95076 64 4 95140 0 64
977 98800 51 2 98851 0 51
