98515 1859 5028 4955
747 44 74 3 118 0 74
17 63 72 4 290 155 227
197 74 53 3 393 266 319
137 102 53 4 396 241 294
669 276 36 4 482 170 206
826 120 70 1 502 312 382
186 159 91 4 543 293 384
699 371 34 4 627 222 256
208 386 41 3 668 241 282
733 236 77 4 795 482 559
144 356 95 4 990 539 634
141 389 82 4 1022 551 633
628 393 53 3 1025 579 632
953 449 90 4 1065 526 616
398 469 57 2 1122 596 653
288 541 54 3 1126 531 585
290 837 84 3 1310 389 473
396 1096 48 3 1408 264 312
917 944 85 1 1443 414 499
433 1146 23 4 1466 297 320
55 967 86 4 1602 549 635
531 1037 64 3 1666 565 629
914 1084 74 3 1790 632 706
549 1162 81 4 1921 678 759
696 1165 95 3 1966 706 801
179 1178 84 2 2100 838 922
662 1257 74 4 2174 843 917
485 1263 83 1 2257 911 994
928 1773 41 3 2448 634 675
753 1332 93 4 2541 1116 1209
362 1453 85 3 2576 1038 1123
630 1573 53 3 2629 1003 1056
641 1575 60 4 2689 1054 1114
979 1611 69 4 2808 1128 1197
79 1690 84 4 2892 1118 1202
771 1722 94 1 3036 1220 1314
238 1743 95 4 3081 1243 1338
36 1772 55 4 3086 1259 1314
236 2443 45 4 3231 743 788
3 1785 88 4 3269 1396 1484
656 1905 95 3 3364 1364 1459
85 1979 59 3 3423 1385 1444
192 2038 88 2 3461 1335 1423
827 2084 91 4 3502 1327 1418
151 2117 91 2 3593 1385 1476
751 2212 80 2 3673 1381 1461
140 2247 60 3 3683 1376 1436
676 2946 41 3 3724 737 778
626 3051 35 3 3909 823 858
553 2364 77 3 3936 1495 1572
24 2373 82 4 3968 1513 1595
278 2463 81 3 4249 1705 1786
655 2613 76 3 4325 1636 1712
105 3382 46 1 4371 943 989
51 2742 80 2 4501 1679 1759
471 2876 53 1 4504 1575 1628
184 2955 57 4 4611 1599 1656
257 3016 95 2 4656 1545 1640
548 3022 99 3 4755 1634 1733
111 3946 43 4 4848 859 902
289 3948 49 4 4897 900 949
162 3147 83 2 4930 1700 1783
145 3202 96 2 5126 1828 1924
170 3218 78 3 5154 1858 1936
332 3228 86 4 5190 1876 1962
677 3235 54 4 5194 1905 1959
809 4183 39 3 5233 1011 1050
95 3352 80 4 5313 1881 1961
209 3448 86 2 5349 1815 1901
855 3501 88 2 5437 1848 1936
480 3675 74 4 5561 1812 1886
786 4509 47 4 5608 1052 1099
399 3695 84 1 5692 1913 1997
337 3822 53 2 5695 1820 1873
46 3856 89 3 5884 1939 2028
158 4802 47 4 5931 1082 1129
331 3981 100 4 5981 1900 2000
875 4962 37 2 6018 1019 1056
980 3981 91 3 6059 1987 2078
472 4000 65 3 6074 2009 2074
245 4249 65 1 6339 2025 2090
134 5249 47 1 6386 1090 1137
685 4397 78 4 6664 2189 2267
279 4477 91 4 6755 2187 2278
434 4504 89 4 6794 2201 2290
516 5537 49 4 6843 1257 1306
578 4539 84 2 6927 2304 2388
632 4697 83 4 7010 2230 2313
15 4698 82 4 7042 2262 2344
438 4698 72 4 7114 2344 2416
504 5077 53 1 7267 2137 2190
343 5126 52 4 7369 2191 2243
169 5209 68 2 7387 2110 2178
40 5215 83 1 7470 2172 2255
910 5222 88 4 7558 2248 2336
415 5262 87 4 7695 2346 2433
648 6436 33 4 7928 1459 1492
535 5264 87 3 7965 2614 2701
552 5302 69 3 8034 2663 2732
270 5323 66 2 8100 2711 2777
188 6583 32 4 8132 1517 1549
47 5328 70 4 8152 2754 2824
19 5356 94 3 8196 2746 2840
461 5597 89 4 8335 2649 2738
287 5635 91 2 8576 2850 2941
638 6969 47 3 8623 1607 1654
756 5780 92 4 8715 2843 2935
103 5821 73 2 8838 2944 3017
152 5922 98 2 8936 2916 3014
210 7205 45 3 8981 1731 1776
777 6028 87 3 9018 2903 2990
189 6102 61 2 9029 2866 2927
26 6102 77 1 9106 2927 3004
927 6191 79 3 9185 2915 2994
345 6247 61 4 9346 3038 3099
16 7543 38 4 9484 1903 1941
961 6312 84 3 9518 3122 3206
355 6366 57 2 9575 3152 3209
675 6395 80 4 9705 3230 3310
877 6420 91 4 9746 3235 3326
201 7782 32 4 9778 1964 1996
124 6423 89 3 9817 3305 3394
547 6425 92 3 9859 3342 3434
78 6471 78 4 10037 3488 3566
825 6503 92 4 10129 3534 3626
595 6668 69 3 10198 3461 3530
909 8243 40 3 10288 2005 2045
565 6687 95 3 10333 3551 3646
629 6858 83 4 10416 3475 3558
657 6864 97 3 10463 3502 3599
667 6870 68 2 10481 3543 3611
916 6927 57 4 10538 3554 3611
363 7003 55 3 10643 3585 3640
832 8626 26 2 10669 2017 2043
309 7048 90 4 10859 3721 3811
281 7084 68 4 10927 3775 3843
601 7159 100 2 11077 3818 3918
903 8935 50 4 11277 2292 2342
610 7283 83 1 11510 4144 4227
576 7322 86 3 11696 4288 4374
836 7417 69 4 11765 4279 4348
420 9216 45 3 11860 2599 2644
92 7423 60 3 11920 4437 4497
469 7455 64 2 11934 4415 4479
886 7473 51 3 12035 4511 4562
84 7493 83 3 12168 4592 4675
207 9461 38 3 12306 2807 2845
319 7577 88 1 12394 4729 4817
110 7624 67 1 12411 4720 4787
921 7682 66 3 12427 4679 4745
587 7856 70 3 12697 4771 4841
511 7899 65 1 12712 4748 4813
869 9959 46 4 12808 2803 2849
621 7914 83 3 12841 4844 4927
555 8033 99 3 12940 4808 4907
689 10082 46 4 12986 2858 2904
118 8169 72 3 13008 4767 4839
9 8209 60 2 13018 4749 4809
643 8325 79 3 13197 4793 4872
541 10356 44 2 13241 2841 2885
964 10481 49 4 13390 2860 2909
90 8450 91 2 13431 4890 4981
784 8513 69 4 13600 5018 5087
109 8573 87 3 13637 4977 5064
416 8684 94 1 13681 4903 4997
973 8685 77 2 13708 4946 5023
559 8707 73 4 13781 5001 5074
780 8720 62 3 13793 5011 5073
122 8768 86 4 13829 4975 5061
627 8776 81 4 13910 5053 5134
117 8852 91 1 14051 5108 5199
640 8900 54 2 14055 5101 5155
193 8930 60 4 14115 5125 5185
722 8942 89 3 14204 5173 5262
865 11284 47 4 14251 2920 2967
671 8946 74 2 14275 5255 5329
475 9008 90 4 14315 5217 5307
574 9022 90 2 14355 5243 5333
505 9042 61 3 14366 5263 5324
101 9080 70 3 14386 5236 5306
590 9097 60 2 14496 5339 5399
114 9166 89 2 14635 5380 5469
429 9211 81 3 14766 5474 5555
299 9227 74 3 14790 5489 5563
150 9291 75 3 14815 5449 5524
738 11956 37 4 14852 2859 2896
175 9300 100 4 14902 5502 5602
710 9358 70 4 14972 5544 5614
987 9378 71 3 14993 5544 5615
499 9424 90 3 15033 5519 5609
450 9445 83 3 15066 5538 5621
904 9514 90 4 15156 5552 5642
82 9629 52 3 15258 5577 5629
76 9651 88 4 15396 5657 5745
408 9698 98 1 15444 5648 5746
529 9743 55 2 15449 5651 5706
444 9827 93 1 15492 5572 5665
618 12646 40 2 15582 2896 2936
163 9956 90 4 15622 5576 5666
820 10000 62 2 15784 5722 5784
425 10206 63 2 15897 5628 5691
172 10210 95 2 15942 5637 5732
217 10279 87 4 15979 5613 5700
942 10413 96 1 16075 5566 5662
993 10438 93 4 16168 5637 5730
752 10486 79 3 16247 5682 5761
37 10494 98 4 16295 5703 5801
27 10520 64 3 16309 5725 5789
326 13594 37 3 16396 2765 2802
654 10739 76 4 16522 5707 5783
73 10959 94 4 16716 5663 5757
187 11004 81 3 16797 5712 5793
926 13916 46 2 16843 2881 2927
432 11039 64 4 16907 5804 5868
971 11163 99 4 17106 5844 5943
636 11178 79 3 17185 5928 6007
818 11569 69 3 17504 5866 5935
519 11601 64 2 17518 5853 5917
670 14457 31 3 17549 3061 3092
164 11617 82 4 17581 5882 5964
796 11679 64 4 17595 5852 5916
335 11711 52 3 17597 5834 5886
199 11745 77 4 17624 5802 5879
647 12000 61 1 17835 5774 5835
293 12220 88 4 18123 5815 5903
508 12335 69 4 18242 5838 5907
792 15163 36 4 18278 3079 3115
116 12400 76 4 18304 5828 5904
850 15246 27 4 18331 3058 3085
593 12428 71 4 18352 5853 5924
77 12476 57 1 18409 5876 5933
955 15413 43 3 18602 3146 3189
577 12635 79 2 18681 5967 6046
539 12767 89 3 18870 6014 6103
98 12803 92 4 18912 6017 6109
759 12808 85 4 19047 6154 6239
550 12879 99 2 19146 6168 6267
551 12914 77 4 19173 6182 6259
498 13124 92 4 19415 6199 6291
43 16039 47 3 19512 3426 3473
561 13265 83 2 19545 6197 6280
805 13339 96 3 19791 6356 6452
39 13555 58 4 19849 6236 6294
959 13595 85 2 19884 6204 6289
741 13650 62 1 19896 6184 6246
506 13778 77 2 20023 6168 6245
478 13788 96 2 20119 6235 6331
743 13813 78 2 20147 6256 6334
123 16680 49 3 20246 3517 3566
873 13889 76 3 20272 6307 6383
634 16827 30 1 20302 3445 3475
132 13926 91 3 20343 6326 6417
666 13979 96 4 20439 6364 6460
837 14000 70 4 20509 6439 6509
852 14054 98 3 20707 6555 6653
859 14108 97 4 20754 6549 6646
988 14138 61 3 20765 6566 6627
706 14225 78 3 20793 6490 6568
30 14268 53 4 20946 6625 6678
314 14268 91 4 20987 6628 6719
195 14291 97 4 21084 6696 6793
509 14385 82 2 21116 6649 6731
682 17558 47 3 21463 3858 3905
424 14706 59 1 21472 6707 6766
358 14735 53 4 21525 6737 6790
840 14805 97 2 21622 6720 6817
879 14807 86 3 21658 6765 6851
612 14919 99 4 21807 6789 6888
439 14990 63 1 21870 6817 6880
403 15003 89 4 22009 6917 7006
397 17975 38 3 22047 4034 4072
412 15005 83 3 22080 6992 7075
382 15011 78 2 22108 7019 7097
160 15077 65 4 22123 6981 7046
822 15156 98 4 22171 6917 7015
294 18295 28 4 22249 3926 3954
846 15266 56 4 22355 7033 7089
167 15317 57 4 22362 6988 7045
42 15319 57 1 22469 7093 7150
678 18501 41 2 22510 3968 4009
894 15332 98 3 22558 7128 7226
789 15438 69 3 22577 7070 7139
853 15526 68 2 22695 7101 7169
906 15547 68 3 22763 7148 7216
295 18733 49 4 22812 4030 4079
614 18779 36 3 22848 4033 4069
711 15579 80 3 22878 7219 7299
867 15693 70 4 22948 7185 7255
823 15712 94 4 22992 7186 7280
772 15743 92 2 23184 7349 7441
328 15844 89 2 23273 7340 7429
526 15908 86 1 23309 7315 7401
226 15928 97 3 23406 7381 7478
947 15960 98 3 23504 7446 7544
782 16038 65 2 23519 7416 7481
579 16121 62 3 23581 7398 7460
949 16143 96 2 23677 7438 7534
330 16157 89 4 23716 7470 7559
104 19653 35 3 23751 4063 4098
929 16164 88 3 23789 7537 7625
147 19700 35 4 23874 4139 4174
154 16309 94 2 23918 7515 7609
952 19850 37 3 24005 4118 4155
591 16475 98 2 24053 7480 7578
32 16504 97 4 24150 7549 7646
536 16563 71 3 24171 7537 7608
992 16638 70 4 24191 7483 7553
62 16893 92 4 24333 7348 7440
284 16923 73 3 24406 7410 7483
354 16965 74 1 24430 7391 7465
596 16966 70 2 24500 7464 7534
644 17001 86 1 24586 7499 7585
400 17242 60 3 24696 7394 7454
763 17260 67 4 24763 7436 7503
308 17262 65 4 24778 7451 7516
4 17365 52 3 24980 7563 7615
453 17439 67 2 25047 7541 7608
223 17474 58 3 25055 7523 7581
686 17483 87 4 25092 7522 7609
958 17487 89 2 25181 7605 7694
410 21277 38 4 25219 3904 3942
939 17518 53 2 25222 7651 7704
660 17549 81 3 25303 7673 7754
348 17645 86 1 25389 7658 7744
515 21490 35 4 25424 3899 3934
897 21519 30 4 25454 3905 3935
833 17710 76 2 25480 7694 7770
844 17792 66 2 25646 7788 7854
736 17832 75 2 25721 7814 7889
802 21798 39 3 25810 3973 4012
774 17851 75 4 25885 7959 8034
935 17886 53 3 25888 7949 8002
133 17898 77 4 25965 7990 8067
336 18254 90 4 26105 7761 7851
639 18306 57 2 26162 7799 7856
847 18342 84 3 26196 7770 7854
86 18420 78 3 26324 7826 7904
996 18445 80 2 26404 7879 7959
862 18638 99 4 26553 7816 7915
20 18663 67 3 26570 7840 7907
600 18683 87 3 26607 7837 7924
545 18882 94 3 26751 7775 7869
575 19020 51 4 26852 7781 7832
317 19035 93 3 26895 7767 7860
83 19037 75 4 26970 7858 7933
585 19066 59 1 27079 7954 8013
296 19254 51 4 27230 7925 7976
687 19275 60 3 27240 7905 7965
651 19528 52 3 27342 7762 7814
467 19580 63 2 27405 7762 7825
322 23733 32 3 27537 3772 3804
388 19697 99 3 27586 7790 7889
880 19810 72 4 27758 7876 7948
216 23970 44 4 27802 3788 3832
258 19946 83 4 27835 7806 7889
35 20327 93 2 28128 7708 7801
360 20339 81 1 28259 7839 7920
732 20355 87 2 28346 7904 7991
138 24423 32 1 28378 3923 3955
173 20512 69 2 28397 7816 7885
564 20572 93 1 28490 7825 7918
520 24585 46 4 28586 3955 4001
431 20648 83 4 28619 7888 7971
831 20775 72 2 28691 7844 7916
701 20839 98 1 28789 7852 7950
474 24766 33 3 28872 4073 4106
999 20923 65 4 28887 7899 7964
672 20923 60 4 28897 7914 7974
67 24851 31 4 28978 4096 4127
994 20963 92 3 29070 8015 8107
919 20981 81 2 29101 8039 8120
793 21024 92 1 29143 8027 8119
893 21240 87 4 29330 8003 8090
221 21339 89 2 29419 7991 8080
922 21418 73 4 29542 8051 8124
995 25440 38 3 29680 4202 4240
775 21560 93 2 29723 8070 8163
156 21613 54 1 29777 8110 8164
131 21625 60 1 29837 8152 8212
390 21706 81 2 29918 8131 8212
791 21737 81 4 30049 8231 8312
91 21804 51 3 30150 8295 8346
546 21891 51 4 30151 8209 8260
731 22017 92 2 30193 8084 8176
466 22059 84 2 30277 8134 8218
715 22209 95 3 30372 8068 8163
176 26178 34 2 30406 4194 4228
496 22325 65 4 30421 8031 8096
891 22335 75 3 30496 8086 8161
304 22402 94 4 30540 8044 8138
380 22422 71 2 30561 8068 8139
372 22464 97 4 30608 8047 8144
477 22730 95 2 30703 7878 7973
1 22853 65 2 30818 7900 7965
803 22964 94 4 30912 7854 7948
583 22975 60 1 30922 7887 7947
527 23072 86 3 31058 7900 7986
454 26924 48 3 31106 4134 4182
957 23096 79 1 31135 7960 8039
407 23174 73 3 31208 7961 8034
482 23194 89 4 31247 7964 8053
443 23212 81 3 31328 8035 8116
266 23217 70 4 31348 8061 8131
658 23426 77 4 31375 7872 7949
267 23503 87 3 31412 7822 7909
918 27292 37 2 31449 4120 4157
1000 23543 96 3 31495 7856 7952
665 23677 91 2 31586 7818 7909
507 23682 86 1 31622 7854 7940
49 23848 100 3 31672 7724 7824
808 23893 58 4 31680 7729 7787
619 23897 86 2 31766 7783 7869
479 24059 89 3 31905 7757 7846
344 24104 90 4 31995 7801 7891
589 27927 40 4 32035 4068 4108
341 24138 66 4 32051 7847 7913
900 24166 98 4 32149 7885 7983
901 24168 93 4 32242 7981 8074
810 28093 46 1 32288 4149 4195
890 28123 38 3 32376 4215 4253
913 24215 87 3 32413 8111 8198
622 24217 100 2 32513 8196 8296
729 24242 96 4 32609 8271 8367
383 24470 98 2 32757 8189 8287
233 24509 99 3 32806 8198 8297
230 24621 61 1 32967 8285 8346
239 28622 46 3 33013 4345 4391
884 24660 73 3 33086 8353 8426
912 24700 55 1 33091 8336 8391
945 24845 66 3 33207 8296 8362
603 28900 49 3 33256 4307 4356
369 24860 54 2 33310 8396 8450
976 29035 43 4 33403 4325 4368
598 25004 85 3 33438 8349 8434
260 25036 69 3 33457 8352 8421
373 29208 50 4 33507 4249 4299
442 25087 74 4 33531 8370 8444
271 29256 47 3 33578 4275 4322
830 25094 97 4 33675 8484 8581
493 25259 89 3 33764 8416 8505
300 25284 99 2 33813 8430 8529
604 25311 92 1 33955 8552 8644
698 25420 85 2 34040 8535 8620
739 25493 68 4 34208 8647 8715
860 25560 70 3 34228 8598 8668
225 25628 79 2 34307 8600 8679
56 25709 88 2 34345 8548 8636
801 29919 34 3 34379 4426 4460
448 25719 59 1 34438 8660 8719
446 25733 90 2 34478 8655 8745
125 25756 73 4 34501 8672 8745
5 30171 29 2 34530 4330 4359
231 26013 89 2 34569 8467 8556
975 26053 68 2 34587 8466 8534
196 26239 64 2 34601 8298 8362
986 30574 32 4 34783 4177 4209
960 26487 84 4 34817 8246 8330
386 26635 92 4 34909 8182 8274
375 26652 99 2 34958 8207 8306
418 26728 70 4 35078 8280 8350
128 30885 31 4 35109 4193 4224
488 26813 62 3 35121 8246 8308
735 26867 95 4 35266 8304 8399
274 27003 99 1 35415 8313 8412
129 27120 56 4 35471 8295 8351
229 27363 61 4 35582 8158 8219
649 31536 46 2 35628 4046 4092
302 31563 39 2 35717 4115 4154
237 27682 67 2 35784 8035 8102
695 27690 56 3 35790 8044 8100
305 27805 70 4 35860 7985 8055
845 27879 92 4 35902 7931 8023
71 27968 71 3 36023 7984 8055
694 32132 50 4 36173 3991 4041
858 28002 93 1 36216 8121 8214
435 28105 68 3 36234 8061 8129
457 28131 95 3 36329 8103 8198
620 28191 93 4 36472 8188 8281
277 28287 88 2 36560 8185 8273
119 28311 90 4 36600 8199 8289
702 28538 63 3 36713 8112 8175
165 28608 96 2 36809 8105 8201
366 28612 87 4 36896 8197 8284
12 28688 75 2 36921 8158 8233
93 28845 95 4 37066 8126 8221
458 28858 78 4 37144 8208 8286
931 28907 68 4 37262 8287 8355
248 29022 69 2 37281 8190 8259
681 29307 64 1 37395 8024 8088
419 29348 87 4 37482 8047 8134
13 29489 96 4 37628 8043 8139
528 29492 95 3 37673 8086 8181
887 29583 91 4 37714 8040 8131
484 29606 63 3 37827 8158 8221
532 29618 66 2 37843 8159 8225
512 29711 93 2 37886 8082 8175
703 29815 92 4 37928 8021 8113
468 29923 80 4 38108 8105 8185
659 30441 88 4 38296 7767 7855
240 34606 44 4 38340 3690 3734
368 30503 96 2 38386 7787 7883
938 30531 64 4 38400 7805 7869
746 30673 88 2 38438 7677 7765
379 34893 40 3 38478 3545 3585
6 30795 98 4 38676 7783 7881
63 34998 30 4 38706 3678 3708
540 30799 70 4 38726 7857 7927
974 30955 74 3 38800 7771 7845
734 30957 69 4 38819 7793 7862
459 31052 87 2 38856 7717 7804
645 35310 29 3 38935 3596 3625
430 31134 96 3 38981 7751 7847
377 35336 43 4 39024 3645 3688
282 35350 44 2 39068 3674 3718
983 31150 71 4 39239 8018 8089
700 31433 85 1 39324 7806 7891
843 31488 86 4 39410 7836 7922
253 31543 93 3 39503 7867 7960
447 31577 94 4 39647 7976 8070
45 31802 91 3 39738 7845 7936
264 31917 70 2 39908 7921 7991
623 31976 62 3 39920 7882 7944
171 32086 76 4 39946 7784 7860
874 32122 75 4 40021 7824 7899
88 32344 99 4 40370 7927 8026
311 32417 72 3 40392 7903 7975
668 32500 78 4 40420 7842 7920
848 32551 66 4 40436 7819 7885
613 32706 97 4 40533 7730 7827
932 32739 84 1 40567 7744 7828
211 32810 68 3 40585 7707 7775
607 36774 34 2 40719 3911 3945
761 32875 100 3 40769 7794 7894
727 33054 88 3 40857 7715 7803
785 33074 91 2 40898 7733 7824
972 33093 93 3 40991 7805 7898
885 33150 93 4 41034 7791 7884
616 33176 93 1 41127 7858 7951
510 37252 44 4 41171 3875 3919
268 33483 79 3 41250 7688 7767
127 37306 36 4 41286 3944 3980
108 37315 45 3 41331 3971 4016
718 33534 69 4 41350 7747 7816
200 33638 80 3 41380 7662 7742
557 33746 60 2 41440 7634 7694
680 33798 64 4 41504 7642 7706
334 33960 87 1 41691 7644 7731
568 33990 75 3 41766 7701 7776
352 34254 84 4 41900 7562 7646
143 34268 68 2 41968 7632 7700
542 34338 83 2 42001 7580 7663
642 34489 61 4 42062 7512 7573
320 34562 57 2 42119 7500 7557
2 34580 69 3 42188 7539 7608
436 38314 39 4 42227 3874 3913
544 34902 77 4 42304 7325 7402
94 38508 33 4 42337 3796 3829
14 34913 86 4 42423 7424 7510
316 34917 83 3 42456 7456 7539
500 38656 43 3 42499 3800 3843
683 35030 63 1 42512 7419 7482
567 35290 95 3 42607 7222 7317
53 35396 81 3 42738 7261 7342
524 35400 75 4 42913 7438 7513
800 39163 40 2 42953 3750 3790
476 35415 99 1 43002 7488 7587
728 39176 25 4 43027 3826 3851
748 35427 93 2 43120 7600 7693
965 35486 74 4 43294 7734 7808
492 35600 64 3 43458 7794 7858
514 35650 86 3 43494 7758 7844
767 35714 99 1 43543 7730 7829
497 35784 73 4 43616 7759 7832
864 35796 73 2 43689 7820 7893
977 35800 80 4 43769 7889 7969
393 35817 97 4 43866 7952 8049
449 39888 50 4 43916 3978 4028
594 36048 70 3 43936 7818 7888
310 36109 87 3 43973 7777 7864
318 36130 95 2 44068 7843 7938
940 36153 93 4 44111 7865 7958
232 36177 74 4 44185 7934 8008
219 36178 92 2 44227 7957 8049
324 36206 65 1 44242 7971 8036
813 36530 97 3 44339 7712 7809
7 36714 69 4 44408 7625 7694
523 36744 91 4 44499 7664 7755
563 36859 82 1 44581 7640 7722
863 36986 67 2 44698 7645 7712
991 37187 66 2 44714 7461 7527
23 37259 93 1 44907 7555 7648
781 37465 81 3 44938 7392 7473
411 37489 96 4 45034 7449 7545
481 37539 75 3 45109 7495 7570
663 37592 62 3 45121 7467 7529
22 37703 53 3 45124 7368 7421
937 37757 79 2 45203 7367 7446
275 37837 89 4 45292 7366 7455
213 37890 80 3 45322 7352 7432
494 37970 91 3 45363 7302 7393
33 38093 52 3 45415 7270 7322
757 38148 84 3 45549 7317 7401
625 38187 97 4 45696 7412 7509
437 42145 49 3 45745 3551 3600
572 38437 67 2 45912 7408 7475
323 38511 67 3 45929 7351 7418
674 38813 90 3 46169 7266 7356
99 38921 92 2 46261 7248 7340
60 42621 33 4 46344 3690 3723
769 38955 97 3 46391 7339 7436
582 42670 28 3 46419 3721 3749
704 39076 80 3 46449 7293 7373
146 39078 64 3 46463 7321 7385
760 39107 76 4 46489 7306 7382
350 42914 35 1 46524 3575 3610
898 39206 83 2 46557 7268 7351
66 39252 92 3 46599 7255 7347
586 39312 54 3 46653 7287 7341
183 39316 62 4 46815 7437 7499
997 39355 94 4 46859 7410 7504
365 39361 74 3 46933 7498 7572
842 39401 95 2 46978 7482 7577
351 39592 81 4 47209 7536 7617
371 39670 83 4 47292 7539 7622
998 39749 97 3 47389 7543 7640
254 39830 51 3 47440 7559 7610
185 40025 78 1 47618 7515 7593
315 40129 82 4 47650 7439 7521
828 40312 100 3 47800 7388 7488
650 40530 91 3 47891 7270 7361
693 40586 97 2 48088 7405 7502
824 40718 99 4 48237 7420 7519
204 40871 65 3 48252 7316 7381
814 40886 54 3 48256 7316 7370
558 41040 86 3 48342 7216 7302
615 41062 74 2 48366 7230 7304
804 41108 96 4 48412 7208 7304
59 41400 55 3 48517 7062 7117
359 41459 91 1 48658 7108 7199
716 41687 83 1 48691 6921 7004
178 41709 84 2 48825 7032 7116
376 45351 49 4 48924 3524 3573
413 41946 99 4 48973 6928 7027
292 42013 84 4 49007 6910 6994
881 42055 68 4 49025 6902 6970
18 42066 80 3 49105 6959 7039
259 42095 70 4 49175 7010 7080
839 45651 50 1 49375 3674 3724
149 42172 96 4 49421 7153 7249
606 42174 92 1 49563 7297 7389
936 42217 73 4 49636 7346 7419
251 42362 74 3 49710 7274 7348
483 42367 96 2 49806 7343 7439
944 42443 85 4 49941 7413 7498
721 42463 91 3 50032 7478 7569
61 42565 90 4 50172 7517 7607
503 42620 86 4 50208 7502 7588
198 46577 36 4 50344 3731 3767
130 46577 48 3 50392 3767 3815
455 43163 59 1 50401 7179 7238
452 43178 83 2 50434 7173 7256
456 43192 82 3 50516 7242 7324
841 43203 98 3 50664 7363 7461
770 46839 43 2 50757 3875 3918
44 43302 59 3 50816 7455 7514
168 43420 95 2 50961 7446 7541
10 43428 79 4 51040 7533 7612
394 43517 89 4 51079 7473 7562
353 43525 99 4 51178 7554 7653
182 43564 91 4 51269 7614 7705
385 43653 53 3 51322 7616 7669
876 47345 40 1 51412 4027 4067
256 43705 56 4 51418 7657 7713
349 47426 45 4 51463 3992 4037
269 43829 80 3 51493 7584 7664
426 43940 95 2 51538 7503 7598
571 43941 99 4 51637 7597 7696
854 44172 75 2 51712 7465 7540
34 44181 91 1 51803 7531 7622
705 44280 66 3 51869 7523 7589
247 44353 82 4 51901 7466 7548
402 44387 73 1 51924 7464 7537
29 44395 77 3 51951 7479 7556
816 48080 40 3 52041 3921 3961
440 44414 88 4 52079 7577 7665
64 44474 66 4 52145 7605 7671
346 44706 90 1 52235 7439 7529
155 44825 57 2 52342 7460 7517
956 44911 86 2 52378 7381 7467
52 44943 94 4 52422 7385 7479
635 44986 53 3 52425 7386 7439
441 45156 99 2 52624 7369 7468
384 45185 61 4 52685 7439 7500
8 45306 78 4 52713 7329 7407
819 45522 83 3 52796 7191 7274
203 49067 36 3 52832 3729 3765
215 45597 90 1 52972 7285 7375
276 45610 66 2 53038 7362 7428
470 45619 81 4 53069 7369 7450
228 45639 67 4 53236 7530 7597
566 45774 85 4 53371 7512 7597
249 45782 96 1 53417 7539 7635
367 45818 81 3 53448 7549 7630
427 45897 80 3 53578 7601 7681
391 45939 85 2 53763 7739 7824
181 45991 88 3 53851 7772 7860
261 46026 74 4 53875 7775 7849
501 46069 91 3 54066 7906 7997
263 46147 66 2 54132 7919 7985
280 46168 82 4 54214 7964 8046
339 46445 90 4 54254 7719 7809
794 46576 84 4 54338 7678 7762
915 46676 97 3 54435 7662 7759
338 46721 99 3 54484 7664 7763
684 46743 51 4 54485 7691 7742
242 46823 76 3 54561 7662 7738
48 46841 99 2 54760 7820 7919
11 46939 92 3 54852 7821 7913
768 46958 57 1 54909 7894 7951
381 47004 52 4 54911 7855 7907
361 47127 91 4 55002 7784 7875
605 47195 83 4 55185 7907 7990
246 47292 82 3 55267 7893 7975
180 47296 86 3 55353 7971 8057
799 47502 80 3 55583 8001 8081
924 47647 72 3 55755 8036 8108
191 47679 64 3 55769 8026 8090
451 47781 68 4 55887 8038 8106
285 48022 72 4 55909 7815 7887
811 48121 67 2 55926 7738 7805
100 48139 78 2 56004 7787 7865
521 52165 45 4 56049 3839 3884
306 48392 86 1 56135 7657 7743
652 48410 84 1 56169 7675 7759
985 48575 93 4 56212 7544 7637
834 52469 45 3 56257 3743 3788
374 48637 59 4 56266 7570 7629
990 48665 61 4 56277 7551 7612
65 48707 73 4 56450 7670 7743
327 49008 74 3 56474 7392 7466
120 49089 74 4 56498 7335 7409
321 49096 80 1 56578 7402 7482
750 49159 91 2 56669 7419 7510
356 49242 93 4 56712 7377 7470
762 53096 42 4 56754 3616 3658
177 49270 94 3 56798 7434 7528
96 49271 52 1 56850 7527 7579
72 49283 92 3 56892 7517 7609
241 49374 68 3 56910 7468 7536
707 49576 94 2 57004 7334 7428
50 49629 95 4 57099 7375 7470
963 49672 58 3 57107 7377 7435
905 53581 42 3 57149 3526 3568
560 49678 97 4 57246 7471 7568
21 49686 78 3 57274 7510 7588
462 49720 96 2 57420 7604 7700
783 49887 62 2 57432 7483 7545
414 49898 76 3 57458 7484 7560
25 49932 93 3 57551 7526 7619
633 49962 55 2 57606 7589 7644
673 50038 90 3 57646 7518 7608
821 50230 74 4 57670 7366 7440
892 50362 86 2 57756 7308 7394
81 50648 80 4 57786 7058 7138
970 50714 68 4 57804 7022 7090
978 50752 88 4 57892 7052 7140
409 50755 79 2 57971 7137 7216
870 50785 57 3 58028 7186 7243
611 50855 94 2 58072 7123 7217
889 51021 73 4 58095 7001 7074
190 51100 57 1 58152 6995 7052
530 51152 86 4 58188 6950 7036
933 51168 55 2 58243 7020 7075
312 51262 99 3 58292 6931 7030
422 51292 98 3 58390 7000 7098
907 51324 59 3 58449 7066 7125
525 51351 75 3 58474 7048 7123
113 51356 78 3 58552 7118 7196
491 51469 64 2 58566 7033 7097
856 51554 91 4 58657 7012 7103
224 51576 89 4 58696 7031 7120
389 51612 65 3 58711 7034 7099
220 51715 72 2 58733 6946 7018
968 51794 82 2 58815 6939 7021
543 52094 52 2 58817 6671 6723
70 52232 98 4 58965 6635 6733
463 52569 88 4 59103 6446 6534
502 52587 86 2 59139 6466 6552
713 52613 76 4 59215 6526 6602
982 52833 53 3 59318 6432 6485
899 52946 54 4 59372 6372 6426
720 53152 87 2 59459 6220 6307
714 53339 96 3 59505 6070 6166
709 53451 95 1 59550 6004 6099
392 53583 66 1 59666 6017 6083
653 53699 89 4 59755 5967 6056
599 53724 60 4 59815 6031 6091
307 53950 80 3 59845 5815 5895
303 54009 99 4 59894 5786 5885
883 54332 67 4 59961 5562 5629
868 54611 55 4 59966 5300 5355
690 57873 49 2 60015 2093 2142
31 54619 74 2 60039 5346 5420
871 54692 91 4 60080 5297 5388
989 54974 68 2 60098 5056 5124
157 55060 73 2 60171 5038 5111
252 55212 98 3 60419 5109 5207
631 55312 71 2 60440 5057 5128
588 55409 96 3 60636 5131 5227
637 55534 97 4 60683 5052 5149
608 55802 77 3 60760 4881 4958
776 55976 99 4 60859 4784 4883
908 55984 96 4 60955 4875 4971
692 56072 80 3 60985 4833 4913
486 56257 83 4 61018 4678 4761
817 59064 47 3 61065 1954 2001
948 56364 54 3 61069 4651 4705
464 56394 61 4 61130 4675 4736
737 56488 85 4 61215 4642 4727
954 56530 91 2 61256 4635 4726
89 56712 75 3 61381 4594 4669
460 57023 89 3 61620 4508 4597
624 57141 90 3 61660 4429 4519
570 57262 65 2 61675 4348 4413
723 57302 84 4 61709 4323 4407
58 57607 68 1 61727 4052 4120
325 58113 73 4 61800 3614 3687
911 58212 97 3 61847 3538 3635
97 58213 90 2 61887 3584 3674
115 60271 45 3 61932 1616 1661
406 58223 77 2 61959 3659 3736
518 58227 83 4 62042 3732 3815
227 58397 90 3 62132 3645 3735
888 58430 67 4 62149 3652 3719
161 58461 76 1 62175 3638 3714
755 58624 96 2 62221 3501 3597
969 58789 95 4 62316 3432 3527
745 58838 56 4 62322 3428 3484
68 59206 75 4 62397 3116 3191
807 59238 71 3 62468 3159 3230
967 59323 74 4 62492 3095 3169
301 59365 77 1 62569 3127 3204
378 59378 94 3 62613 3141 3235
428 59474 63 2 62626 3089 3152
166 59510 98 2 62674 3066 3164
950 59521 85 4 62709 3103 3188
234 60068 96 4 62855 2691 2787
347 60295 100 4 62955 2560 2660
57 60431 80 3 63035 2524 2604
107 62112 49 1 63134 973 1022
602 60716 93 2 63227 2418 2511
112 62316 41 4 63318 961 1002
489 60944 80 4 63348 2324 2404
370 61089 60 3 63358 2209 2269
153 61283 99 3 63407 2025 2124
218 62579 44 4 63451 828 872
730 61560 91 4 63642 1991 2082
357 61568 58 3 63650 2024 2082
829 61786 77 3 63727 1864 1941
749 61975 82 4 63759 1702 1784
923 62104 99 4 63808 1605 1704
778 63095 40 4 63848 713 753
255 62119 56 3 63904 1729 1785
313 62241 83 4 63937 1613 1696
121 62593 57 4 63994 1344 1401
766 62608 55 2 64049 1386 1441
798 62665 99 2 64148 1384 1483
445 62828 82 1 64230 1320 1402
556 63124 78 2 64358 1156 1234
487 63327 99 3 64407 981 1080
80 63489 59 4 64516 968 1027
297 63508 95 4 64561 958 1053
724 63570 60 3 64571 941 1001
387 63727 92 1 64613 794 886
273 63760 94 3 64657 803 897
404 63951 58 2 64665 656 714
513 63993 73 1 64688 622 695
584 65059 55 1 65114 0 55
930 65349 68 3 65417 0 68
849 65491 71 2 65562 0 71
661 65542 44 4 65656 70 114
726 65502 85 4 65691 104 189
815 65652 82 4 65773 39 121
395 65748 56 1 65879 75 131
569 65757 99 4 65928 72 171
857 66264 76 4 66340 0 76
838 66684 32 2 66716 0 32
861 66807 80 2 66887 0 80
719 67104 70 4 67174 0 70
740 67115 74 3 67298 109 183
617 67129 71 4 67319 119 190
851 67334 68 2 67402 0 68
38 67457 73 1 67530 0 73
298 67533 65 2 67598 0 65
691 67609 50 2 67659 0 50
28 67750 31 3 67781 0 31
878 68073 58 4 68131 0 58
872 68118 96 4 68227 13 109
806 68172 63 2 68290 55 118
139 68618 60 3 68678 0 60
646 68769 60 4 68829 0 60
533 69048 91 1 69139 0 91
495 69629 100 3 69729 0 100
812 69634 88 3 69867 145 233
697 69656 63 2 69880 161 224
679 70122 58 2 70180 0 58
235 70161 92 2 70272 19 111
966 70454 79 4 70533 0 79
688 71046 69 3 71115 0 69
951 71157 29 4 71186 0 29
787 71263 89 4 71352 0 89
946 71347 47 4 71449 55 102
272 71334 83 2 71482 65 148
534 71770 67 4 71837 0 67
609 71846 97 4 71943 0 97
573 71970 46 4 72016 0 46
54 72232 78 4 72310 0 78
283 72281 92 3 72402 29 121
790 72329 64 4 72516 123 187
75 72330 84 3 72600 186 270
136 72448 91 3 72641 102 193
148 72642 67 2 72709 0 67
797 72697 74 2 72783 12 86
342 72762 55 3 72838 21 76
135 73017 90 1 73107 0 90
962 73068 83 4 73190 39 122
925 73138 86 3 73276 52 138
202 73287 77 3 73364 0 77
562 73502 71 4 73573 0 71
758 73610 96 2 73706 0 96
581 73962 70 3 74032 0 70
364 74077 66 2 74143 0 66
206 74121 84 4 74227 22 106
788 74209 95 4 74372 68 163
250 74216 76 4 74398 106 182
941 74335 29 4 74427 63 92
773 74353 98 4 74525 74 172
896 74520 63 3 74588 5 68
417 75029 52 2 75081 0 52
490 75499 90 2 75589 0 90
265 75686 86 3 75772 0 86
421 75738 93 2 75865 34 127
538 75960 69 4 76029 0 69
902 76216 99 3 76315 0 99
943 76377 78 4 76455 0 78
291 76488 55 1 76543 0 55
405 76683 65 3 76748 0 65
142 76967 92 4 77059 0 92
205 77120 89 1 77209 0 89
754 77474 36 2 77510 0 36
102 77526 88 2 77614 0 88
597 77707 69 1 77776 0 69
934 77727 91 2 77967 149 240
340 77731 79 2 78046 236 315
473 77771 72 4 78068 225 297
423 77823 76 3 78094 195 271
212 77987 96 2 78240 157 253
795 78016 65 2 78255 174 239
554 78173 94 4 78349 82 176
69 78615 92 4 78707 0 92
712 78715 63 2 78778 0 63
517 78749 86 3 78864 29 115
742 79138 81 4 79219 0 81
882 79199 92 4 79311 20 112
244 79253 91 4 79402 58 149
779 79534 67 4 79601 0 67
708 79546 46 2 79647 55 101
194 79554 97 2 79844 193 290
243 79596 98 3 79892 198 296
664 79606 61 4 79953 286 347
725 79725 76 3 79979 178 254
537 80809 61 4 80870 0 61
835 81332 54 4 81386 0 54
159 81562 67 4 81629 0 67
87 82031 78 3 82109 0 78
764 82321 87 3 82408 0 87
222 82986 100 3 83086 0 100
106 83563 71 2 83634 0 71
981 84605 24 4 84629 0 24
895 85029 50 1 85079 0 50
41 85548 48 3 85596 0 48
866 86480 98 4 86578 0 98
522 86588 61 4 86649 0 61
580 86740 100 1 86840 0 100
74 86881 55 4 86936 0 55
401 87041 71 4 87112 0 71
765 87106 32 3 87144 6 38
286 87216 43 3 87259 0 43
126 87264 46 2 87310 0 46
744 88776 80 2 88856 0 80
717 88779 49 4 88905 77 126
333 89132 99 3 89231 0 99
984 89243 95 2 89338 0 95
465 89930 88 3 90018 0 88
329 90847 64 4 90911 0 64
262 92305 65 1 92370 0 65
592 93438 33 4 93471 0 33
174 94710 70 2 94780 0 70
214 94762 86 4 94866 18 104
920 98458 57 3 98515 0 57
