101654 1000 234 174
36 1057 69 2 1126 0 69
719 2603 49 3 2652 0 49
614 3145 45 3 3190 0 45
956 3970 33 4 4003 0 33
619 4635 47 2 4682 0 47
735 5698 64 2 5762 0 64
666 7886 47 1 7933 0 47
426 8094 43 4 8137 0 43
350 9142 47 3 9189 0 47
61 9513 93 3 9606 0 93
688 10032 56 3 10088 0 56
788 10114 62 1 10176 0 62
126 10286 48 3 10334 0 48
409 10425 53 2 10478 0 53
951 10537 57 3 10594 0 57
57 11622 100 3 11722 0 100
867 11794 50 4 11844 0 50
873 11839 64 3 11908 5 69
837 11875 69 2 11977 33 102
670 11958 70 2 12047 19 89
219 12143 63 4 12206 0 63
172 12478 54 1 12532 0 54
131 13017 87 3 13104 0 87
938 13657 57 4 13714 0 57
311 14179 60 4 14239 0 60
831 14201 69 3 14308 38 107
491 14249 53 4 14361 59 112
611 14563 44 2 14607 0 44
146 14594 61 3 14668 13 74
983 14825 57 3 14882 0 57
78 15269 48 4 15317 0 48
834 15350 62 4 15412 0 62
165 15649 57 3 15706 0 57
503 15767 59 2 15826 0 59
320 16166 91 1 16257 0 91
953 16315 49 1 16364 0 49
578 16356 84 2 16448 8 92
459 16602 41 4 16643 0 41
965 16647 60 3 16707 0 60
275 16959 61 3 17020 0 61
369 17084 54 4 17138 0 54
346 17230 37 1 17267 0 37
387 17433 67 1 17500 0 67
720 17506 82 3 17588 0 82
373 18059 50 4 18109 0 50
175 18232 68 2 18300 0 68
787 18782 86 2 18868 0 86
41 19125 73 3 19198 0 73
214 19183 56 3 19254 15 71
218 19603 47 4 19650 0 47
393 20146 59 4 20205 0 59
154 20377 46 4 20423 0 46
415 20439 50 3 20489 0 50
355 20912 53 3 20965 0 53
996 20990 63 1 21053 0 63
50 21005 37 4 21090 48 85
980 21135 70 1 21205 0 70
826 21342 71 3 21413 0 71
852 22170 53 4 22223 0 53
366 22327 37 4 22364 0 37
123 22737 66 3 22803 0 66
136 23080 68 1 23148 0 68
323 23177 76 4 23253 0 76
488 23367 31 3 23398 0 31
375 23534 56 1 23590 0 56
276 23620 52 3 23672 0 52
341 23641 45 4 23717 31 76
113 24279 59 2 24338 0 59
137 24281 64 2 24402 57 121
169 24500 68 3 24568 0 68
581 24548 54 3 24622 20 74
399 24639 61 3 24700 0 61
785 25034 59 3 25093 0 59
2 25160 56 4 25216 0 56
920 25185 66 4 25282 31 97
60 25297 69 1 25366 0 69
801 26101 84 4 26185 0 84
97 26187 52 4 26239 0 52
38 26723 69 3 26792 0 69
942 26783 27 2 26819 9 36
766 26724 57 3 26876 95 152
615 27051 64 4 27115 0 64
339 27393 60 3 27453 0 60
945 27466 55 4 27521 0 55
15 27624 43 3 27667 0 43
432 27748 69 2 27817 0 69
134 27975 62 3 28037 0 62
722 28066 67 1 28133 0 67
197 28620 40 1 28660 0 40
286 28653 24 2 28684 7 31
773 29433 52 3 29485 0 52
655 29470 58 2 29543 15 73
859 29520 45 2 29588 23 68
524 29626 35 2 29661 0 35
759 29869 76 3 29945 0 76
317 30472 54 3 30526 0 54
580 30502 64 2 30590 24 88
485 30665 73 4 30738 0 73
235 31120 45 4 31165 0 45
281 31150 71 4 31236 15 86
205 31309 68 3 31377 0 68
223 31390 77 3 31467 0 77
710 31400 74 4 31541 67 141
992 31645 46 4 31691 0 46
204 31692 65 3 31757 0 65
742 32071 40 2 32111 0 40
532 32084 52 1 32163 27 79
507 32295 29 3 32324 0 29
258 32313 67 4 32391 11 78
747 32838 91 4 32929 0 91
164 32908 77 3 33006 21 98
531 33098 64 3 33162 0 64
9 33234 84 3 33318 0 84
604 33359 88 3 33447 0 88
28 33432 54 2 33501 15 69
189 33558 21 2 33579 0 21
418 33659 51 4 33710 0 51
782 33813 79 1 33892 0 79
510 33844 33 4 33925 48 81
376 33988 57 1 34045 0 57
322 34001 84 3 34129 44 128
227 34164 73 3 34237 0 73
1 34177 61 4 34298 60 121
932 34439 79 3 34518 0 79
889 34487 50 4 34568 31 81
908 34758 57 3 34815 0 57
702 34801 44 3 34859 14 58
270 35015 77 2 35092 0 77
911 35061 44 1 35136 31 75
262 35029 57 4 35193 107 164
818 35202 20 2 35222 0 20
549 35774 47 3 35821 0 47
334 35798 50 2 35871 23 73
92 35827 52 1 35923 44 96
505 35914 55 1 35978 9 64
643 35816 61 4 36039 162 223
672 36279 100 3 36379 0 100
430 36293 72 3 36451 86 158
691 36484 43 3 36527 0 43
910 36531 48 3 36579 0 48
475 36803 40 2 36843 0 40
921 36996 61 2 37057 0 61
541 37063 66 1 37129 0 66
37 37170 41 3 37211 0 41
972 37254 67 4 37321 0 67
970 37325 81 4 37406 0 81
822 37389 55 4 37461 17 72
328 37570 31 3 37601 0 31
232 37760 27 2 37787 0 27
162 37979 32 3 38011 0 32
981 37987 76 2 38087 24 100
724 38030 44 4 38131 57 101
652 38073 87 3 38218 58 145
471 38134 48 3 38266 84 132
988 38175 56 2 38322 91 147
901 38140 87 4 38409 182 269
451 38466 64 3 38530 0 64
35 38614 60 2 38674 0 60
727 38652 51 4 38725 22 73
583 38786 66 3 38852 0 66
576 38829 53 4 38905 23 76
481 38870 71 3 38976 35 106
567 38818 83 4 39059 158 241
120 39229 61 4 39290 0 61
790 39273 41 3 39331 17 58
233 39362 53 1 39415 0 53
704 39459 54 3 39513 0 54
356 39982 51 3 40033 0 51
212 40219 69 4 40288 0 69
23 40255 72 1 40360 33 105
326 40568 34 4 40602 0 34
804 40707 51 4 40758 0 51
713 40730 66 4 40824 28 94
528 40792 77 4 40901 32 109
979 41132 29 2 41161 0 29
780 41199 66 4 41265 0 66
332 41273 74 4 41347 0 74
417 41429 62 3 41491 0 62
653 41526 58 4 41584 0 58
127 41572 58 3 41642 12 70
280 41653 36 3 41689 0 36
755 41696 77 3 41773 0 77
630 41817 80 2 41897 0 80
284 41898 44 4 41942 0 44
931 41948 65 4 42013 0 65
71 41960 56 4 42069 53 109
283 42017 65 3 42134 52 117
616 42028 82 4 42216 106 188
342 42342 45 1 42387 0 45
167 42595 77 4 42672 0 77
210 42643 68 2 42740 29 97
423 42814 73 4 42887 0 73
610 42839 97 2 42984 48 145
796 43086 63 4 43149 0 63
749 43152 52 2 43204 0 52
698 43180 36 4 43240 24 60
443 43280 42 2 43322 0 42
632 43890 33 3 43923 0 33
421 43981 42 3 44023 0 42
242 44023 61 3 44084 0 61
489 44034 49 4 44133 50 99
849 44203 66 3 44269 0 66
516 44333 69 1 44402 0 69
675 44337 40 3 44442 65 105
743 44460 61 4 44521 0 61
817 44573 35 4 44608 0 35
919 44677 53 1 44730 0 53
95 44799 79 2 44878 0 79
814 44817 59 4 44937 61 120
453 45060 69 3 45129 0 69
150 45363 51 4 45414 0 51
803 45401 30 4 45444 13 43
445 45469 82 2 45551 0 82
923 45518 53 3 45604 33 86
435 45559 54 1 45658 45 99
851 45571 64 4 45722 87 151
943 45562 86 3 45808 160 246
253 45755 92 4 45900 53 145
133 45931 81 2 46012 0 81
935 45964 75 1 46087 48 123
260 46093 68 2 46161 0 68
428 46115 35 4 46196 46 81
746 46245 48 4 46293 0 48
917 46341 62 3 46403 0 62
665 46376 41 2 46444 27 68
868 46422 59 4 46503 22 81
497 46463 75 4 46578 40 115
76 46577 31 4 46609 1 32
425 46528 61 4 46670 81 142
147 46520 72 4 46742 150 222
684 46773 47 4 46820 0 47
158 46826 21 1 46847 0 21
506 46828 64 4 46911 19 83
609 46923 68 2 46991 0 68
312 46941 55 2 47046 50 105
272 46967 85 3 47131 79 164
582 47072 55 4 47186 59 114
572 47332 36 4 47368 0 36
176 47449 54 3 47503 0 54
65 47492 80 4 47583 11 91
395 47583 53 4 47636 0 53
592 48038 70 4 48108 0 70
529 48164 75 2 48239 0 75
473 48669 53 3 48722 0 53
324 48712 62 4 48784 10 72
543 48783 43 3 48827 1 44
984 48848 54 4 48902 0 54
427 48954 63 4 49017 0 63
937 48955 65 2 49082 62 127
119 49094 63 2 49157 0 63
90 49151 74 2 49231 6 80
985 49721 53 3 49774 0 53
613 49770 55 2 49829 4 59
285 49818 63 2 49892 11 74
329 49937 40 2 49977 0 40
396 49951 68 2 50045 26 94
392 49952 96 3 50141 93 189
370 50099 74 2 50215 42 116
761 50524 55 2 50579 0 55
325 50750 76 4 50826 0 76
949 50858 36 3 50894 0 36
799 51183 60 4 51243 0 60
422 51424 40 1 51464 0 40
102 51433 80 4 51544 31 111
402 51469 61 2 51605 75 136
639 51494 62 4 51667 111 173
414 51690 100 1 51790 0 100
629 51835 79 4 51914 0 79
987 52078 56 2 52134 0 56
872 52151 80 4 52231 0 80
836 52193 48 4 52279 38 86
519 52439 51 3 52490 0 51
634 52504 51 2 52555 0 51
712 52529 71 3 52626 26 97
495 52567 77 2 52703 59 136
434 52640 36 4 52739 63 99
21 52718 71 2 52810 21 92
570 52740 63 3 52873 70 133
64 52904 61 3 52965 0 61
705 52912 67 4 53032 53 120
968 52955 71 3 53103 77 148
608 53093 73 4 53176 10 83
82 53131 45 2 53221 45 90
795 53202 31 2 53252 19 50
447 53219 39 1 53291 33 72
738 53158 46 1 53337 133 179
526 53280 61 3 53398 57 118
830 53353 52 4 53450 45 97
3 53390 53 3 53503 60 113
139 53629 72 3 53701 0 72
449 53779 49 3 53828 0 49
563 53798 49 4 53877 30 79
309 53965 46 3 54011 0 46
626 54015 69 4 54084 0 69
43 54064 62 1 54146 20 82
27 54081 68 2 54214 65 133
633 54170 68 2 54282 44 112
636 54234 78 3 54360 48 126
77 54446 37 2 54483 0 37
458 54462 60 4 54543 21 81
764 54527 51 1 54594 16 67
876 54570 44 1 54638 24 68
587 54607 64 2 54702 31 95
595 54806 47 4 54853 0 47
352 54844 47 4 54900 9 56
24 54936 50 1 54986 0 50
601 54975 52 4 55038 11 63
975 55028 70 4 55108 10 80
45 55097 45 3 55153 11 56
797 55063 51 3 55204 90 141
173 55166 64 4 55268 38 102
424 55261 45 4 55313 7 52
46 55390 71 3 55461 0 71
194 55404 30 4 55491 57 87
893 55471 70 2 55561 20 90
625 55528 86 4 55647 33 119
674 55627 62 2 55709 20 82
685 55567 64 4 55773 142 206
347 55723 45 3 55818 50 95
17 55779 51 1 55869 39 90
862 55599 64 2 55933 270 334
571 56113 49 1 56162 0 49
930 56250 76 3 56326 0 76
501 56299 71 1 56397 27 98
344 56465 62 3 56527 0 62
858 56704 47 2 56751 0 47
18 56826 68 3 56894 0 68
668 56921 37 4 56958 0 37
658 56967 58 4 57025 0 58
299 57038 61 3 57099 0 61
407 57101 55 2 57156 0 55
397 57197 75 2 57272 0 75
740 57272 48 1 57320 0 48
303 57449 49 2 57498 0 49
479 57530 64 2 57594 0 64
29 57664 44 4 57708 0 44
711 57795 45 4 57840 0 45
145 57981 65 2 58046 0 65
763 58084 47 3 58131 0 47
579 58131 41 4 58172 0 41
500 58188 61 3 58249 0 61
53 58241 69 3 58318 8 77
494 58253 34 4 58352 65 99
878 58394 61 3 58455 0 61
335 58554 54 2 58608 0 54
530 58603 36 3 58644 5 41
138 58637 67 4 58711 7 74
508 58582 81 3 58792 129 210
470 58712 79 4 58871 80 159
240 58831 71 3 58942 40 111
307 58655 87 1 59029 287 374
842 58967 41 4 59070 62 103
249 58990 42 3 59112 80 122
99 59095 44 4 59156 17 61
809 58970 83 4 59239 186 269
16 59238 35 4 59274 1 36
288 58902 100 3 59374 372 472
880 59306 58 3 59432 68 126
866 59369 77 3 59509 63 140
646 59490 51 4 59560 19 70
683 59543 51 4 59611 17 68
525 59585 50 3 59661 26 76
627 59625 85 4 59746 36 121
111 59693 39 2 59785 53 92
692 59759 64 3 59849 26 90
404 59784 82 4 59931 65 147
819 59869 31 3 59962 62 93
257 59979 51 4 60030 0 51
623 59990 72 4 60102 40 112
349 60094 68 3 60170 8 76
706 60217 48 3 60265 0 48
441 60300 29 3 60329 0 29
598 60352 70 4 60422 0 70
948 60389 62 1 60484 33 95
553 60600 43 3 60643 0 43
640 60653 33 2 60686 0 33
348 60699 54 4 60753 0 54
254 60713 50 3 60803 40 90
941 60962 68 3 61030 0 68
368 61114 22 4 61136 0 22
157 61128 64 4 61200 8 72
477 61120 67 3 61267 80 147
72 61428 57 4 61485 0 57
835 61441 56 3 61541 44 100
663 61435 76 4 61617 106 182
217 61515 78 4 61695 102 180
656 61629 75 2 61770 66 141
725 61758 56 4 61826 12 68
909 61771 51 1 61877 55 106
118 61873 41 4 61918 4 45
557 61803 71 4 61989 115 186
962 61998 64 4 62062 0 64
48 62051 57 4 62119 11 68
947 62109 67 4 62186 10 77
504 62182 47 4 62233 4 51
31 62208 41 3 62274 25 66
452 62330 64 3 62394 0 64
106 62356 64 3 62458 38 102
383 62418 42 2 62500 40 82
386 62447 50 3 62550 53 103
296 62423 66 4 62616 127 193
98 62601 59 4 62675 15 74
839 62632 54 3 62729 43 97
765 62610 62 4 62791 119 181
552 62612 62 4 62853 179 241
812 62813 59 4 62912 40 99
499 62779 72 3 62984 133 205
673 62697 73 4 63057 287 360
487 62786 81 1 63138 271 352
811 63091 61 3 63199 47 108
391 63175 63 4 63262 24 87
363 63186 79 3 63341 76 155
379 63339 63 3 63404 2 65
667 62586 82 3 63486 818 900
199 62361 85 3 63571 1125 1210
390 63561 53 4 63624 10 63
986 63658 77 3 63735 0 77
362 63659 54 3 63789 76 130
246 63813 51 4 63864 0 51
717 63947 20 1 63967 0 20
455 63973 53 3 64026 0 53
891 63974 62 3 64088 52 114
584 64241 59 4 64300 0 59
925 64245 47 4 64347 55 102
850 64378 62 2 64440 0 62
306 64428 63 3 64503 12 75
907 64457 54 4 64557 46 100
810 64495 60 3 64617 62 122
149 64574 56 4 64673 43 99
997 64578 69 2 64742 95 164
906 64534 72 3 64814 208 280
243 64788 59 3 64873 26 85
703 64802 61 3 64934 71 132
360 64764 76 3 65010 170 246
384 64947 39 2 65049 63 102
808 64944 71 4 65120 105 176
371 65240 64 1 65304 0 64
551 65348 66 3 65414 0 66
963 65672 46 4 65718 0 46
364 65740 56 3 65796 0 56
261 65799 54 1 65853 0 54
699 65819 29 3 65882 34 63
838 65833 79 4 65961 49 128
864 66060 66 3 66126 0 66
480 66092 58 4 66184 34 92
215 66254 50 3 66304 0 50
521 66419 62 1 66481 0 62
569 66476 44 3 66525 5 49
224 66506 40 3 66565 19 59
26 66490 71 2 66636 75 146
916 66605 48 3 66684 31 79
372 66597 49 2 66733 87 136
206 66569 59 3 66792 164 223
846 66776 52 4 66844 16 68
403 66772 59 4 66903 72 131
815 66884 49 2 66952 19 68
11 66804 61 2 67013 148 209
558 66886 63 3 67076 127 190
420 67029 66 4 67142 47 113
110 66738 75 3 67217 404 479
677 67192 58 3 67275 25 83
54 66603 87 4 67362 672 759
377 67327 75 4 67437 35 110
696 67420 41 4 67478 17 58
239 67418 43 2 67521 60 103
899 67427 58 3 67579 94 152
607 67547 40 4 67619 32 72
42 67553 61 3 67680 66 127
493 67622 65 4 67745 58 123
91 67367 75 4 67820 378 453
870 67819 35 4 67855 1 36
248 67793 60 3 67915 62 122
478 67566 86 4 68001 349 435
305 68118 38 3 68156 0 38
929 68260 77 3 68337 0 77
918 68430 70 3 68500 0 70
380 68518 60 4 68578 0 60
902 68574 67 4 68645 4 71
250 68583 66 1 68711 62 128
74 68663 52 4 68763 48 100
966 68746 63 4 68826 17 80
308 68561 77 4 68903 265 342
59 68768 78 2 68981 135 213
588 68969 37 2 69018 12 49
978 68941 46 3 69064 77 123
707 68959 53 4 69117 105 158
922 68989 65 2 69182 128 193
900 68863 84 4 69266 319 403
515 68573 95 4 69361 693 788
681 69368 79 2 69447 0 79
898 69470 100 4 69570 0 100
135 69554 66 4 69636 16 82
290 69622 39 2 69675 14 53
689 69884 46 4 69930 0 46
676 69952 66 2 70018 0 66
939 69952 90 4 70108 66 156
752 70103 74 2 70182 5 79
440 70123 60 4 70242 59 119
291 70146 60 2 70302 96 156
116 70175 64 3 70366 127 191
457 70029 75 4 70441 337 412
884 70568 54 2 70622 0 54
484 70606 33 1 70655 16 49
739 70693 70 3 70763 0 70
647 70787 73 4 70860 0 73
265 70854 42 4 70902 6 48
351 70829 59 1 70961 73 132
960 70937 61 4 71022 24 85
144 70885 66 4 71088 137 203
827 71070 25 1 71113 18 43
171 70956 70 3 71183 157 227
840 71154 53 3 71236 29 82
523 71163 70 2 71306 73 143
715 71255 53 3 71359 51 104
874 71240 60 4 71419 119 179
750 71383 44 1 71463 36 80
273 71307 74 1 71537 156 230
733 71541 84 4 71625 0 84
954 71659 47 4 71706 0 47
353 71693 68 3 71774 13 81
709 71661 90 4 71864 113 203
517 71856 49 4 71913 8 57
196 71908 48 2 71961 5 53
200 71915 58 4 72019 46 104
904 71979 51 1 72070 40 91
682 72046 63 4 72133 24 87
730 71823 67 3 72200 310 377
511 72178 39 4 72239 22 61
361 72168 50 2 72289 71 121
888 72192 52 3 72341 97 149
791 72315 35 4 72376 26 61
777 72371 73 4 72449 5 78
259 72420 61 4 72510 29 90
913 72487 46 3 72556 23 69
784 72417 63 4 72619 139 202
155 72486 73 3 72692 133 206
228 72309 76 3 72768 383 459
789 72759 52 2 72820 9 61
686 71789 79 4 72899 1031 1110
304 72861 50 4 72949 38 88
25 72901 43 2 72992 48 91
955 72966 56 1 73048 26 82
87 73034 53 4 73101 14 67
748 72453 83 3 73184 648 731
245 73160 30 3 73214 24 54
807 73199 52 4 73266 15 67
714 73202 61 1 73327 64 125
192 73311 59 3 73386 16 75
211 73310 60 4 73446 76 136
680 73263 73 4 73519 183 256
638 73184 73 2 73592 335 408
762 73554 41 4 73633 38 79
648 73614 49 4 73682 19 68
58 73660 60 2 73742 22 82
825 73680 73 3 73815 62 135
545 73809 63 3 73878 6 69
163 73824 61 4 73939 54 115
472 73562 76 3 74015 377 453
461 73968 68 2 74083 47 115
535 74064 34 4 74117 19 53
824 74035 66 4 74183 82 148
338 74042 69 1 74252 141 210
310 74123 76 2 74328 129 205
854 74298 46 3 74374 30 76
44 74361 61 3 74435 13 74
514 73829 78 4 74513 606 684
117 73135 79 4 74592 1378 1457
905 74571 59 4 74651 21 80
318 74071 82 4 74733 580 662
694 74729 48 2 74781 4 52
469 74247 83 2 74864 534 617
533 74819 45 3 74909 45 90
300 74906 47 3 74956 3 50
546 74813 72 4 75028 143 215
159 74955 72 4 75100 73 145
778 75095 40 4 75140 5 45
6 74841 77 2 75217 299 376
999 74621 84 4 75301 596 680
875 75246 64 4 75365 55 119
671 75348 49 4 75414 17 66
642 75326 52 4 75466 88 140
745 75338 68 4 75534 128 196
731 75475 32 3 75566 59 91
961 75452 87 3 75653 114 201
957 75677 60 4 75737 0 60
537 75726 82 3 75819 11 93
89 75824 70 4 75894 0 70
39 75833 55 3 75949 61 116
410 75852 75 4 76024 97 172
560 75999 49 4 76073 25 74
544 76029 35 4 76108 44 79
585 76022 53 3 76161 86 139
207 75973 56 4 76217 188 244
564 76189 42 3 76259 28 70
914 76228 26 3 76285 31 57
321 76189 80 3 76365 96 176
924 76345 66 3 76431 20 86
184 76364 75 4 76506 67 142
760 76350 78 3 76584 156 234
994 76551 51 4 76635 33 84
70 76620 22 3 76657 15 37
114 76533 69 1 76726 124 193
83 76710 82 4 76808 16 98
20 75902 82 3 76890 906 988
30 76849 39 4 76929 41 80
378 76871 51 3 76980 58 109
337 76939 57 4 77037 41 98
405 76309 91 2 77128 728 819
160 77079 42 3 77170 49 91
230 77042 72 4 77242 128 200
483 77202 35 3 77277 40 75
255 77231 60 2 77337 46 106
792 77326 100 2 77437 11 111
367 77398 75 1 77512 39 114
213 77529 75 2 77604 0 75
853 77564 34 2 77638 40 74
241 77597 45 3 77683 41 86
190 77614 72 4 77755 69 141
829 77775 59 1 77834 0 59
195 77829 39 4 77873 5 44
952 77792 43 3 77916 81 124
991 77820 74 1 77990 96 170
843 77947 62 4 78052 43 105
7 78012 45 4 78097 40 85
178 78039 47 4 78144 58 105
93 78070 47 3 78191 74 121
448 78086 80 3 78271 105 185
121 78201 90 4 78361 70 160
274 78293 47 3 78408 68 115
586 78484 72 1 78556 0 72
411 78547 58 1 78614 9 67
419 78577 67 3 78681 37 104
679 78624 43 4 78724 57 100
394 78675 70 3 78794 49 119
482 78731 45 3 78839 63 108
783 78608 70 2 78909 231 301
444 78718 73 4 78982 191 264
438 78576 77 4 79059 406 483
774 79032 34 3 79093 27 61
130 79000 44 4 79137 93 137
357 79002 76 4 79213 135 211
47 79160 26 3 79239 53 79
267 79167 67 2 79306 72 139
969 79275 61 3 79367 31 92
287 79347 59 4 79426 20 79
566 79320 68 2 79494 106 174
406 79438 58 4 79552 56 114
374 79533 44 3 79596 19 63
193 79144 70 2 79666 452 522
289 79261 74 3 79740 405 479
446 79605 90 4 79830 135 225
844 79804 44 4 79874 26 70
753 79852 53 3 79927 22 75
606 79902 45 4 79972 25 70
915 79966 26 2 79998 6 32
177 79749 61 4 80059 249 310
772 78939 90 2 80149 1120 1210
892 80129 59 4 80208 20 79
605 80163 49 4 80257 45 94
319 80169 58 1 80315 88 146
109 80225 72 2 80387 90 162
661 80365 74 4 80461 22 96
271 80459 72 1 80533 2 74
779 80502 71 2 80604 31 102
88 80543 54 4 80658 61 115
191 80633 47 3 80705 25 72
413 80577 66 4 80771 128 194
620 80722 61 3 80832 49 110
292 80696 67 4 80899 136 203
222 80888 65 4 80964 11 76
103 80859 69 4 81033 105 174
624 80602 69 3 81102 431 500
770 81041 71 4 81173 61 132
732 81164 54 4 81227 9 63
359 81131 61 1 81288 96 157
433 81246 54 3 81342 42 96
757 81275 55 1 81397 67 122
786 81387 75 4 81472 10 85
358 80775 81 3 81553 697 778
122 81490 37 4 81590 63 100
456 81585 48 4 81638 5 53
416 81498 65 1 81703 140 205
179 81653 58 4 81761 50 108
208 81708 44 4 81805 53 97
701 81727 57 4 81862 78 135
166 81670 58 2 81920 192 250
697 81688 68 2 81988 232 300
244 81861 69 4 82057 127 196
540 82037 41 1 82098 20 61
998 82016 50 4 82148 82 132
439 81918 70 4 82218 230 300
973 82155 57 4 82275 63 120
225 81562 73 4 82348 713 786
855 81690 73 3 82421 658 731
277 82019 75 2 82496 402 477
153 82439 59 4 82555 57 116
737 82507 26 4 82581 48 74
336 82526 77 4 82658 55 132
203 82598 50 4 82708 60 110
80 82616 54 3 82762 92 146
385 82759 48 3 82810 3 51
816 82791 64 4 82874 19 83
577 82867 54 3 82928 7 61
597 82896 77 3 83005 32 109
887 82990 49 4 83054 15 64
590 83018 49 2 83103 36 85
170 83097 43 3 83146 6 49
882 82996 77 3 83223 150 227
454 80813 82 2 83305 2410 2492
520 80342 83 3 83388 2963 3046
871 80864 84 3 83472 2524 2608
959 83447 28 1 83500 25 53
55 83433 52 2 83552 67 119
793 83491 79 2 83631 61 140
771 83566 59 4 83690 65 124
174 80890 85 4 83775 2800 2885
188 83357 96 3 83871 418 514
186 83820 78 2 83949 51 129
84 80034 100 1 84049 3915 4015
32 83966 82 3 84131 83 165
946 84083 62 4 84193 48 110
538 84067 68 2 84261 126 194
107 84238 62 2 84323 23 85
252 84220 77 4 84400 103 180
708 84406 70 4 84476 0 70
559 84565 22 4 84587 0 22
68 84629 84 2 84713 0 84
340 84633 40 4 84753 80 120
618 84648 46 4 84799 105 151
268 84732 52 4 84851 67 119
278 84822 63 4 84914 29 92
315 84841 73 3 84987 73 146
798 84949 69 2 85056 38 107
502 85108 59 3 85167 0 59
462 85122 55 4 85222 45 100
644 85183 73 4 85295 39 112
554 85292 51 2 85346 3 54
775 85324 38 2 85384 22 60
693 85275 66 2 85450 109 175
181 85441 26 1 85476 9 35
333 85444 60 1 85536 32 92
881 85456 69 4 85605 80 149
216 85228 75 2 85680 377 452
151 85670 45 2 85725 10 55
860 85711 66 2 85791 14 80
555 85790 20 3 85811 1 21
845 85737 50 2 85861 74 124
389 85707 76 4 85937 154 230
594 85930 68 4 86005 7 75
547 85971 47 4 86052 34 81
589 85962 75 4 86127 90 165
180 86122 56 3 86183 5 61
539 86140 66 4 86249 43 109
575 86228 69 1 86318 21 90
183 85306 77 4 86395 1012 1089
802 86380 39 3 86434 15 54
156 85850 78 3 86512 584 662
869 85672 84 3 86596 840 924
496 86530 32 4 86628 66 98
600 86623 75 3 86703 5 80
382 86682 39 4 86742 21 60
474 86701 54 4 86796 41 95
664 86486 84 3 86880 310 394
1000 86816 58 2 86938 64 122
314 86922 52 4 86990 16 68
343 86896 63 4 87053 94 157
879 87038 52 1 87105 15 67
678 87102 63 1 87168 3 66
751 85191 93 3 87261 1977 2070
513 87252 66 3 87327 9 75
161 86771 100 4 87427 556 656
316 87538 50 4 87588 0 50
463 87587 56 3 87644 1 57
982 87610 76 3 87720 34 110
542 87696 40 3 87760 24 64
971 87715 72 4 87832 45 117
141 87758 81 4 87913 74 155
69 87952 52 4 88004 0 52
863 87958 70 4 88074 46 116
657 88044 52 4 88126 30 82
958 88112 32 4 88158 14 46
63 88150 71 4 88229 8 79
781 88179 49 1 88278 50 99
115 88118 72 2 88350 160 232
669 88296 51 3 88401 54 105
556 88325 59 4 88460 76 135
251 88435 41 2 88501 25 66
400 88281 64 4 88565 220 284
612 88334 65 1 88630 231 296
950 88593 37 2 88667 37 74
152 88282 87 4 88754 385 472
202 88151 91 4 88845 603 694
865 88760 38 4 88883 85 123
229 89052 68 1 89120 0 68
104 89137 47 2 89184 0 47
518 89174 55 3 89239 10 65
940 89182 66 4 89305 57 123
294 89363 48 4 89411 0 48
754 89368 46 2 89457 43 89
498 89430 66 4 89523 27 93
468 89495 81 3 89604 28 109
512 89557 56 4 89660 47 103
231 89538 59 3 89719 122 181
256 89712 37 3 89756 7 44
534 89630 63 3 89819 126 189
695 89793 54 2 89873 26 80
651 89631 69 4 89942 242 311
847 89930 52 4 89994 12 64
234 89946 37 1 90031 48 85
105 89885 63 4 90094 146 209
718 89909 63 4 90157 185 248
813 90102 40 3 90197 55 95
659 90030 68 4 90265 167 235
903 89987 69 4 90334 278 347
124 90328 47 2 90381 6 53
8 89720 69 4 90450 661 730
143 90440 65 2 90515 10 75
596 89845 69 2 90584 670 739
436 90523 66 1 90650 61 127
993 90622 64 4 90714 28 92
293 90704 50 2 90764 10 60
263 90748 66 4 90830 16 82
129 90658 68 4 90898 172 240
40 90590 70 2 90968 308 378
883 90640 74 4 91042 328 402
890 91028 30 4 91072 14 44
5 90277 76 3 91148 795 871
345 91135 40 2 91188 13 53
848 91077 46 4 91234 111 157
716 91192 37 4 91271 42 79
741 91270 48 1 91319 1 49
101 91307 49 4 91368 12 61
934 91336 64 2 91432 32 96
221 91392 56 3 91488 40 96
298 91480 50 2 91538 8 58
22 91247 65 4 91603 291 356
933 91103 66 1 91669 500 566
327 91628 37 1 91706 41 78
209 91628 52 4 91758 78 130
823 91673 53 3 91811 85 138
964 91766 54 4 91865 45 99
201 91638 67 2 91932 227 294
33 91700 68 2 92000 232 300
19 91944 59 3 92059 56 115
758 92054 57 4 92116 5 62
81 92050 67 4 92183 66 133
522 92174 40 4 92223 9 49
100 92218 52 4 92275 5 57
486 92216 67 3 92342 59 126
536 92117 70 3 92412 225 295
476 91862 71 1 92483 550 621
492 92382 72 3 92555 101 173
412 92146 73 2 92628 409 482
67 89783 77 3 92705 2845 2922
690 92081 77 1 92782 624 701
721 92745 42 1 92824 37 79
603 92481 81 4 92905 343 424
723 89592 81 3 92986 3313 3394
927 91018 82 3 93068 1968 2050
12 92995 33 4 93101 73 106
734 91105 84 3 93185 1996 2080
490 93173 59 3 93244 12 71
132 92466 87 3 93331 778 865
700 91404 87 2 93418 1927 2014
885 93350 57 4 93475 68 125
331 93371 78 3 93553 104 182
828 93509 60 3 93613 44 104
187 93611 31 4 93644 2 33
354 93615 42 3 93686 29 71
631 93646 46 3 93732 40 86
926 93622 53 4 93785 110 163
550 93569 63 1 93848 216 279
66 93824 52 4 93900 24 76
450 93774 72 4 93972 126 198
236 93959 20 4 93992 13 33
279 93923 71 3 94063 69 140
62 94037 72 2 94135 26 98
467 94082 58 3 94193 53 111
744 94137 74 1 94267 56 130
220 94234 48 3 94315 33 81
565 94195 80 4 94395 120 200
800 94357 69 3 94464 38 107
726 94434 45 3 94509 30 75
974 94460 65 2 94574 49 114
442 94399 74 4 94648 175 249
573 94578 47 4 94695 70 117
437 94673 60 2 94755 22 82
593 94665 63 4 94818 90 153
247 94767 50 2 94868 51 101
381 94734 71 2 94939 134 205
464 94428 83 4 95022 511 594
768 94951 63 1 95085 71 134
989 95080 59 3 95144 5 64
14 95094 43 4 95187 50 93
85 95128 48 3 95235 59 107
466 95189 38 4 95273 46 84
237 95146 60 3 95333 127 187
34 95309 60 3 95393 24 84
226 94997 66 3 95459 396 462
509 94945 84 4 95543 514 598
776 95490 53 4 95596 53 106
976 95585 59 3 95655 11 70
635 95604 43 4 95698 51 94
73 95599 66 2 95764 99 165
548 95743 69 1 95833 21 90
94 95091 90 4 95923 742 832
833 95922 52 3 95975 1 53
628 95911 76 3 96051 64 140
805 96044 56 2 96107 7 63
112 95987 58 4 96165 120 178
401 90317 96 2 96261 5848 5944
238 96224 42 4 96303 37 79
912 96168 45 4 96348 135 180
527 96198 88 1 96436 150 238
662 96361 64 4 96500 75 139
977 93942 96 2 96596 2558 2654
637 90465 100 3 96696 6131 6231
465 96676 43 1 96739 20 63
857 96734 51 4 96790 5 56
295 96748 58 2 96848 42 100
266 96847 55 3 96903 1 56
4 96670 60 4 96963 233 293
13 96949 49 4 97012 14 63
561 96867 64 3 97076 145 209
49 97074 49 4 97125 2 51
408 96826 65 3 97190 299 364
877 97168 42 3 97232 22 64
729 97167 50 4 97282 65 115
264 97207 53 1 97335 75 128
75 97256 64 4 97399 79 143
460 97393 56 4 97455 6 62
429 97382 60 3 97515 73 133
617 97513 62 2 97577 2 64
297 96710 65 2 97642 867 932
928 97635 47 4 97689 7 54
832 97679 50 4 97739 10 60
660 97700 60 2 97799 39 99
269 97797 36 4 97835 2 38
51 97791 43 1 97878 44 87
568 97876 66 3 97944 2 68
301 97912 55 3 97999 32 87
649 97988 33 3 98032 11 44
821 97958 54 4 98086 74 128
602 98072 57 4 98143 14 71
125 97631 67 3 98210 512 579
621 98185 54 4 98264 25 79
756 98243 33 3 98297 21 54
894 97174 67 3 98364 1123 1190
330 98321 40 4 98404 43 83
142 98364 52 1 98456 40 92
140 98413 55 2 98511 43 98
856 97477 67 1 98578 1034 1101
79 98557 50 3 98628 21 71
645 98625 28 2 98656 3 31
794 97760 68 2 98724 896 964
820 97628 69 4 98793 1096 1165
148 98728 59 3 98852 65 124
591 98785 65 2 98917 67 132
86 98896 59 4 98976 21 80
767 98964 64 3 99040 12 76
622 98995 52 4 99092 45 97
313 99068 62 2 99154 24 86
641 99120 55 1 99209 34 89
806 99158 42 2 99251 51 93
198 99152 62 3 99313 99 161
52 99036 65 4 99378 277 342
990 99326 47 4 99425 52 99
654 99397 57 3 99482 28 85
398 98963 65 2 99547 519 584
574 99528 40 4 99587 19 59
128 99557 38 2 99625 30 68
282 99570 48 4 99673 55 103
96 99629 41 4 99714 44 85
56 99681 48 2 99762 33 81
10 99503 54 4 99816 259 313
431 99603 55 3 99871 213 268
728 99854 42 1 99913 17 59
599 99874 41 3 99954 39 80
365 99944 51 4 100005 10 61
936 99879 57 2 100062 126 183
995 99844 65 2 100127 218 283
967 97619 69 4 100196 2508 2577
185 97343 69 3 100265 2853 2922
388 96639 71 4 100336 3626 3697
861 98929 71 3 100407 1407 1478
108 97819 73 2 100480 2588 2661
562 98633 73 2 100553 1847 1920
769 98276 74 4 100627 2277 2351
650 97930 74 4 100701 2697 2771
944 98446 76 4 100777 2255 2331
168 97006 77 3 100854 3771 3848
897 97000 78 2 100932 3854 3932
895 99454 81 3 101013 1478 1559
736 97398 85 1 101098 3615 3700
302 98909 86 1 101184 2189 2275
182 97452 87 3 101271 3732 3819
687 99740 91 3 101362 1531 1622
896 97691 92 4 101454 3671 3763
841 97613 100 3 101554 3841 3941
886 96628 100 2 101654 4926 5026
