100345 1000 89 42
720 2594 92 4 2686 0 92
670 4283 57 3 4340 0 57
783 5836 64 3 5900 0 64
660 7667 85 1 7752 0 85
963 10213 48 4 10261 0 48
931 10874 57 4 10931 0 57
7 11190 23 3 11213 0 23
487 12109 20 3 12129 0 20
68 12401 74 3 12475 0 74
735 12676 56 1 12732 0 56
985 13475 22 4 13497 0 22
346 14783 85 3 14868 0 85
918 14962 32 4 14994 0 32
753 15039 69 4 15108 0 69
535 15073 50 2 15158 35 85
486 15208 65 1 15273 0 65
943 15889 25 4 15914 0 25
195 16128 31 3 16159 0 31
892 16879 40 2 16919 0 40
825 17036 43 2 17079 0 43
16 17038 25 4 17104 41 66
637 17234 28 2 17262 0 28
682 17266 34 1 17300 0 34
385 17441 35 2 17476 0 35
55 18207 59 2 18266 0 59
600 18489 43 3 18532 0 43
755 19106 48 3 19154 0 48
204 19300 30 2 19330 0 30
261 19335 75 1 19410 0 75
420 19379 33 3 19443 31 64
368 19539 61 3 19600 0 61
434 19634 48 2 19682 0 48
322 19769 48 3 19817 0 48
692 19778 39 4 19856 39 78
61 20032 53 4 20085 0 53
296 20257 70 2 20327 0 70
290 20889 83 4 20972 0 83
499 20959 31 3 21003 13 44
843 21399 22 3 21421 0 22
365 21476 47 2 21523 0 47
221 21757 25 2 21782 0 25
311 21972 75 3 22047 0 75
136 22510 51 2 22561 0 51
747 22679 52 3 22731 0 52
830 22762 57 4 22819 0 57
143 23090 46 2 23136 0 46
769 23318 84 1 23402 0 84
324 23389 24 4 23426 13 37
865 23454 27 3 23481 0 27
767 24278 34 3 24312 0 34
826 24289 40 3 24352 23 63
687 24520 48 4 24568 0 48
161 24608 45 3 24653 0 45
496 25037 58 3 25095 0 58
139 25196 73 2 25269 0 73
596 25508 39 3 25547 0 39
78 25590 28 2 25618 0 28
167 25846 81 3 25927 0 81
605 25960 63 4 26023 0 63
458 26187 27 4 26214 0 27
18 26426 27 2 26453 0 27
522 26553 31 4 26584 0 31
47 26816 32 4 26848 0 32
400 26818 30 2 26878 30 60
312 26860 48 4 26926 18 66
163 27046 78 4 27124 0 78
87 27142 23 2 27165 0 23
697 27152 45 4 27210 13 58
903 27297 21 4 27318 0 21
182 27427 66 3 27493 0 66
698 28042 40 4 28082 0 40
132 28227 75 1 28302 0 75
648 28373 73 4 28446 0 73
754 28754 40 4 28794 0 40
958 28807 66 2 28873 0 66
441 28821 54 4 28927 52 106
155 28970 61 4 29031 0 61
574 29164 49 2 29213 0 49
771 29289 38 4 29327 0 38
284 29297 39 1 29366 30 69
121 29367 31 2 29398 0 31
334 29415 23 3 29438 0 23
859 29440 28 1 29468 0 28
314 29725 72 4 29797 0 72
15 29857 34 4 29891 0 34
115 30259 60 4 30319 0 60
473 30416 56 4 30472 0 56
249 30418 48 4 30520 54 102
749 30539 71 4 30610 0 71
387 30602 81 2 30691 8 89
62 30641 85 3 30776 50 135
401 30752 68 3 30844 24 92
935 31141 20 4 31161 0 20
800 31337 56 4 31393 0 56
135 31434 75 1 31509 0 75
551 31576 29 3 31605 0 29
777 31605 92 3 31697 0 92
22 31741 81 3 31822 0 81
740 31959 33 1 31992 0 33
333 32243 51 4 32294 0 51
371 32344 66 1 32410 0 66
866 32486 42 3 32528 0 42
3 32569 25 3 32594 0 25
207 32759 36 4 32795 0 36
74 32775 22 4 32817 20 42
993 33254 40 3 33294 0 40
924 33517 66 3 33583 0 66
758 33912 58 4 33970 0 58
654 34104 22 4 34126 0 22
638 34143 63 3 34206 0 63
604 34450 72 4 34522 0 72
895 34583 43 3 34626 0 43
916 34646 41 4 34687 0 41
932 34925 21 2 34946 0 21
14 35086 66 4 35152 0 66
584 35201 20 1 35221 0 20
223 35241 45 1 35286 0 45
741 35345 32 3 35377 0 32
389 35619 27 4 35646 0 27
35 35637 32 1 35678 9 41
254 35917 55 3 35972 0 55
663 36006 48 3 36054 0 48
882 36244 38 1 36282 0 38
589 36348 73 4 36421 0 73
210 36366 27 3 36448 55 82
416 36356 39 4 36487 92 131
796 36419 39 3 36526 68 107
272 36496 21 4 36547 30 51
542 36623 36 3 36659 0 36
898 36625 82 1 36741 34 116
289 36745 52 1 36797 0 52
129 36930 64 3 36994 0 64
491 36933 54 3 37048 61 115
820 37039 41 3 37089 9 50
381 37059 30 2 37119 30 60
492 37146 41 2 37187 0 41
823 37193 24 3 37217 0 24
447 37377 74 2 37451 0 74
707 37750 28 2 37778 0 28
586 37921 44 3 37965 0 44
173 38199 27 1 38226 0 27
419 38666 43 3 38709 0 43
900 38773 73 3 38846 0 73
374 38819 31 4 38877 27 58
988 38949 28 4 38977 0 28
33 39178 41 4 39219 0 41
315 39190 32 4 39251 29 61
961 39214 37 1 39288 37 74
146 39398 46 4 39444 0 46
198 39479 44 3 39523 0 44
837 39693 60 4 39753 0 60
675 39742 83 4 39836 11 94
510 39801 41 3 39877 35 76
443 39871 28 2 39905 6 34
39 39861 59 2 39964 44 103
969 40090 50 4 40140 0 50
553 40177 23 2 40200 0 23
853 40374 44 3 40418 0 44
804 40440 64 4 40504 0 64
672 40476 45 3 40549 28 73
833 40463 69 3 40618 86 155
147 40716 70 4 40786 0 70
482 40861 24 4 40885 0 24
889 41244 21 4 41265 0 21
273 41427 49 4 41476 0 49
851 41474 43 4 41519 2 45
657 41929 35 4 41964 0 35
508 42038 22 4 42060 0 22
326 42202 46 4 42248 0 46
869 42463 62 4 42525 0 62
849 42503 23 1 42548 22 45
549 42720 58 2 42778 0 58
620 42795 29 3 42824 0 29
112 42925 25 4 42950 0 25
117 43409 35 4 43444 0 35
948 43557 66 4 43623 0 66
101 43872 79 3 43951 0 79
410 43874 65 3 44016 77 142
43 43981 20 3 44036 35 55
531 44013 33 4 44069 23 56
304 44035 48 2 44117 34 82
539 44104 34 3 44151 13 47
685 44144 36 2 44187 7 43
325 44149 76 3 44263 38 114
52 44374 36 2 44410 0 36
470 44416 23 4 44439 0 23
34 44453 87 2 44540 0 87
448 44527 54 4 44594 13 67
77 44570 32 3 44626 24 56
500 44678 32 4 44710 0 32
616 44734 84 2 44818 0 84
581 44797 24 2 44842 21 45
462 45358 58 1 45416 0 58
588 45378 58 3 45474 38 96
187 45445 75 4 45549 29 104
485 45504 44 3 45593 45 89
97 45653 49 3 45702 0 49
505 45663 60 3 45762 39 99
489 45827 25 3 45852 0 25
688 45834 29 4 45881 18 47
949 45856 42 4 45923 25 67
923 45845 52 3 45975 78 130
787 45936 24 3 45999 39 63
632 45997 62 1 46061 2 64
471 46033 58 3 46119 28 86
474 46144 28 3 46172 0 28
879 46221 27 3 46248 0 27
977 46611 45 4 46656 0 45
237 46648 68 2 46724 8 76
994 46744 37 3 46781 0 37
344 47041 34 4 47075 0 34
488 47074 59 1 47134 1 60
781 47190 89 1 47279 0 89
459 47244 56 4 47335 35 91
452 47506 47 4 47553 0 47
472 47517 22 2 47575 36 58
525 47545 25 2 47600 30 55
693 47724 40 2 47764 0 40
566 47893 37 3 47930 0 37
982 47985 35 3 48020 0 35
41 48070 87 4 48157 0 87
506 48327 21 1 48348 0 21
122 48383 40 2 48423 0 40
287 48482 25 3 48507 0 25
713 48590 53 2 48643 0 53
938 48608 23 2 48666 35 58
951 48780 24 4 48804 0 24
395 48884 23 4 48907 0 23
303 48971 25 3 48996 0 25
813 49113 58 4 49171 0 58
965 49169 26 3 49197 2 28
712 49196 41 4 49238 1 42
468 49163 46 2 49284 75 121
313 49222 47 4 49331 62 109
921 49535 32 3 49567 0 32
235 49608 79 3 49687 0 79
906 49635 55 1 49742 52 107
148 49808 30 4 49838 0 30
563 49828 53 4 49891 10 63
404 50195 41 1 50236 0 41
10 50357 42 4 50399 0 42
552 50383 32 2 50431 16 48
81 50393 64 3 50495 38 102
431 50370 66 1 50561 125 191
650 50500 48 2 50609 61 109
243 50620 34 4 50654 0 34
513 50834 46 3 50880 0 46
483 50898 43 3 50941 0 43
53 51136 86 4 51222 0 86
936 51206 35 2 51257 16 51
567 51174 56 1 51313 83 139
265 51298 49 2 51362 15 64
127 51338 31 4 51393 24 55
891 51411 92 3 51503 0 92
641 51549 46 3 51595 0 46
464 51630 21 4 51651 0 21
699 51651 63 2 51714 0 63
642 51654 86 4 51800 60 146
212 51747 38 2 51838 53 91
26 51800 56 3 51894 38 94
168 51731 69 4 51963 163 232
677 51934 32 2 51995 29 61
440 51949 46 3 52041 46 92
793 52033 41 1 52082 8 49
683 51944 65 4 52147 138 203
839 51821 69 2 52216 326 395
945 52196 53 3 52269 20 73
213 51669 96 3 52365 600 696
114 52396 57 1 52453 0 57
32 52582 33 4 52615 0 33
370 52815 40 4 52855 0 40
751 53165 40 2 53205 0 40
379 53260 84 4 53344 0 84
803 53341 53 1 53397 3 56
181 53510 84 4 53594 0 84
478 53521 30 2 53624 73 103
192 53568 66 4 53690 56 122
104 53555 81 2 53771 135 216
108 53752 57 3 53828 19 76
503 53822 45 3 53873 6 51
469 53766 60 4 53933 107 167
855 53945 48 2 53993 0 48
270 54061 55 3 54116 0 55
224 54217 83 4 54300 0 83
875 54236 21 2 54321 64 85
230 54279 44 3 54365 42 86
362 54384 32 4 54416 0 32
172 54419 60 1 54479 0 60
363 54476 23 2 54502 3 26
757 54449 68 2 54570 53 121
429 54784 39 4 54823 0 39
550 54814 68 4 54891 9 77
380 55014 50 3 55064 0 50
635 55036 75 4 55139 28 103
421 55070 61 3 55200 69 130
57 55312 60 4 55372 0 60
730 55380 31 4 55411 0 31
664 55391 70 3 55481 20 90
818 55534 32 3 55566 0 32
211 55619 48 4 55667 0 48
323 55717 47 4 55764 0 47
999 55748 71 2 55835 16 87
206 56024 21 3 56045 0 21
274 56077 85 4 56162 0 85
809 56129 43 3 56205 33 76
913 56185 57 1 56262 20 77
795 56167 68 3 56330 95 163
524 56276 39 2 56369 54 93
806 56287 71 3 56440 82 153
520 56746 20 4 56766 0 20
575 56885 22 4 56907 0 22
738 57009 63 2 57072 0 63
608 57029 35 4 57107 43 78
710 57105 55 1 57162 2 57
28 57109 52 4 57214 53 105
42 57243 56 3 57299 0 56
263 57429 66 3 57495 0 66
160 57591 71 4 57662 0 71
9 57662 72 3 57734 0 72
893 57614 79 3 57813 120 199
734 57857 28 4 57885 0 28
773 57882 86 2 57971 3 89
881 58117 51 3 58168 0 51
359 58169 49 4 58218 0 49
547 58504 39 3 58543 0 39
669 58582 28 2 58610 0 28
521 58964 28 1 58992 0 28
138 58986 26 1 59018 6 32
990 59015 43 3 59061 3 46
267 59208 35 1 59243 0 35
762 59240 44 2 59287 3 47
684 59302 79 2 59381 0 79
628 59335 62 4 59443 46 108
790 59494 79 4 59573 0 79
937 59499 35 3 59608 74 109
580 59592 34 2 59642 16 50
840 59605 72 3 59714 37 109
876 59753 46 2 59799 0 46
352 59855 83 4 59938 0 83
922 59929 20 4 59958 9 29
450 59859 29 4 59987 99 128
991 59875 35 4 60022 112 147
583 59932 35 4 60057 90 125
590 59975 44 3 60101 82 126
728 59918 47 3 60148 183 230
704 60141 51 3 60199 7 58
444 59972 73 2 60272 227 300
557 60221 46 2 60318 51 97
526 60308 31 3 60349 10 41
794 60322 57 3 60406 27 84
639 60227 69 4 60475 179 248
745 60467 66 4 60541 8 74
612 60362 72 4 60613 179 251
149 60301 79 3 60692 312 391
888 60643 47 4 60739 49 96
291 60728 35 4 60774 11 46
946 60711 59 3 60833 63 122
457 60802 61 4 60894 31 92
376 60741 73 3 60967 153 226
445 61009 47 3 61056 0 47
560 61021 58 4 61114 35 93
269 61060 46 4 61160 54 100
883 61176 54 3 61230 0 54
319 61241 42 4 61283 0 42
203 61259 21 2 61304 24 45
896 61412 56 1 61468 0 56
189 61480 27 3 61507 0 27
197 61499 38 4 61545 8 46
746 61503 40 2 61585 42 82
480 61569 49 4 61634 16 65
810 61615 20 3 61654 19 39
202 61591 32 4 61686 63 95
987 61536 54 4 61740 150 204
218 61519 54 3 61794 221 275
681 61489 62 3 61856 305 367
8 61776 81 2 61937 80 161
392 61902 25 2 61962 35 60
45 61890 54 4 62016 72 126
106 61968 26 4 62042 48 74
157 62014 27 3 62069 28 55
731 62009 73 1 62142 60 133
543 61566 83 4 62225 576 659
193 62144 24 4 62249 81 105
476 62358 26 2 62384 0 26
564 62371 40 3 62424 13 53
772 62481 30 2 62511 0 30
151 62568 44 2 62612 0 44
711 62706 71 4 62777 0 71
976 62828 44 4 62872 0 44
350 63021 72 4 63093 0 72
330 63075 28 3 63121 18 46
721 63047 30 3 63151 74 104
227 63173 85 4 63258 0 85
348 63174 33 3 63291 84 117
48 63192 42 2 63333 99 141
911 63321 35 3 63368 12 47
250 63266 43 2 63411 102 145
518 63713 21 3 63734 0 21
954 63798 53 3 63851 0 53
860 63999 66 2 64065 0 66
239 64111 57 3 64168 0 57
645 64159 71 4 64239 9 80
884 64273 44 4 64317 0 44
88 64323 23 4 64346 0 23
116 64330 26 3 64372 16 42
799 64351 21 3 64393 21 42
797 64387 53 1 64446 6 59
585 64397 42 3 64488 49 91
64 64361 59 4 64547 127 186
490 64405 68 2 64615 142 210
390 64557 45 4 64660 58 103
83 64609 46 4 64706 51 97
399 64391 84 3 64790 315 399
914 64739 49 4 64839 51 100
887 64839 32 2 64871 0 32
925 64867 45 4 64916 4 49
70 64716 83 3 64999 200 283
857 65029 38 4 65067 0 38
848 65083 24 1 65107 0 24
234 65095 24 1 65131 12 36
36 65145 32 4 65177 0 32
438 65167 48 4 65225 10 58
862 65191 91 4 65316 34 125
928 65293 53 3 65369 23 76
413 65350 36 2 65405 19 55
577 65284 59 3 65464 121 180
975 65435 22 3 65486 29 51
847 65411 78 4 65564 75 153
2 65513 23 3 65587 51 74
124 65511 79 3 65666 76 155
858 65686 76 3 65762 0 76
30 65748 53 3 65815 14 67
383 66017 41 3 66058 0 41
185 66053 42 4 66100 5 47
82 66112 57 4 66169 0 57
111 66121 77 3 66246 48 125
24 66220 28 2 66274 26 54
956 66212 53 4 66327 62 115
495 66136 91 1 66418 191 282
484 66416 76 4 66494 2 78
292 66495 60 1 66555 0 60
532 66509 52 2 66607 46 98
545 66545 65 4 66672 62 127
279 66638 31 3 66703 34 65
750 66727 34 2 66761 0 34
655 66729 50 3 66811 32 82
437 66768 20 3 66831 43 63
236 66922 46 3 66968 0 46
634 67078 59 4 67137 0 59
569 67117 24 4 67161 20 44
700 67079 47 2 67208 82 129
217 67111 51 4 67259 97 148
248 67093 61 2 67320 166 227
838 67294 44 3 67364 26 70
964 67311 69 1 67433 53 122
846 67108 87 3 67520 325 412
231 67476 55 4 67575 44 99
679 67521 24 2 67599 54 78
509 67540 32 4 67631 59 91
511 67587 43 4 67674 44 87
512 67464 70 1 67744 210 280
262 67832 82 3 67914 0 82
910 67874 27 2 67941 40 67
295 67849 52 3 67993 92 144
739 67989 22 3 68015 4 26
822 68075 51 3 68126 0 51
280 68122 34 3 68160 4 38
338 68100 89 3 68249 60 149
320 68218 54 4 68303 31 85
752 68441 71 3 68512 0 71
651 68506 29 1 68541 6 35
271 68494 61 4 68602 47 108
29 68449 70 1 68672 153 223
332 68663 59 4 68731 9 68
617 68723 40 4 68771 8 48
514 68830 30 3 68860 0 30
378 68946 34 3 68980 0 34
412 69049 87 4 69136 0 87
927 69054 64 4 69200 82 146
850 69333 35 2 69368 0 35
4 69390 43 4 69433 0 43
597 69552 30 4 69582 0 30
134 69616 78 1 69694 0 78
66 69669 28 4 69722 25 53
95 69800 24 4 69824 0 24
502 69965 45 1 70010 0 45
625 70163 24 2 70187 0 24
406 70180 52 3 70239 7 59
780 70237 25 1 70264 2 27
868 70384 86 4 70470 0 86
668 70499 63 2 70562 0 63
808 70632 92 4 70724 0 92
917 70757 56 2 70813 0 56
555 70819 32 3 70851 0 32
6 70855 74 4 70929 0 74
85 70916 28 2 70957 13 41
283 70946 40 4 70997 11 51
920 70938 43 4 71040 59 102
92 71036 41 4 71081 4 45
941 71044 36 4 71117 37 73
463 70965 75 2 71192 152 227
939 71242 34 3 71276 0 34
613 71285 29 3 71314 0 29
582 71370 72 4 71442 0 72
90 71493 24 1 71517 0 24
798 71511 56 3 71573 6 62
610 71573 26 4 71599 0 26
84 71556 28 3 71627 43 71
676 71622 24 3 71651 5 29
970 71731 20 3 71751 0 20
442 71739 71 3 71822 12 83
959 71860 52 3 71912 0 52
831 71903 84 3 71996 9 93
479 71916 36 4 72032 80 116
556 72002 20 3 72052 30 50
455 72129 68 4 72197 0 68
972 72189 34 4 72231 8 42
456 72176 42 3 72273 55 97
109 72219 92 4 72365 54 146
356 72399 60 4 72459 0 60
842 72418 40 3 72499 41 81
926 72412 43 3 72542 87 130
786 72561 21 3 72582 0 21
51 72567 32 4 72614 15 47
177 72589 26 2 72640 25 51
208 72684 34 4 72718 0 34
538 72796 71 4 72867 0 71
275 72953 58 3 73011 0 58
722 72987 56 4 73067 24 80
417 73145 58 3 73203 0 58
983 73301 49 4 73350 0 49
335 73337 39 2 73389 13 52
103 73441 54 4 73495 0 54
658 73474 35 4 73530 21 56
515 73459 36 4 73566 71 107
696 73603 82 4 73685 0 82
706 73706 39 4 73745 0 39
427 73725 35 4 73780 20 55
225 73866 40 3 73906 0 40
246 73967 20 4 73987 0 20
611 74036 56 4 74092 0 56
863 74102 79 4 74181 0 79
984 74153 38 2 74219 28 66
69 74191 53 2 74272 28 81
102 74248 31 3 74303 24 55
942 74276 29 4 74332 27 56
594 74320 34 4 74366 12 46
715 74359 36 2 74402 7 43
871 74312 53 3 74455 90 143
293 74291 55 4 74510 164 219
558 74464 23 3 74533 46 69
827 74184 68 4 74601 349 417
778 74576 27 4 74628 25 52
768 74543 55 2 74683 85 140
125 74603 58 3 74741 80 138
266 74723 73 2 74814 18 91
347 74810 45 2 74859 4 49
674 74782 69 2 74928 77 146
98 74913 40 4 74968 15 55
425 74655 84 3 75052 313 397
301 75029 21 4 75073 23 44
997 75042 44 4 75117 31 75
44 74987 83 3 75200 130 213
113 74120 87 4 75287 1080 1167
744 75340 28 3 75368 0 28
523 75398 20 4 75418 0 20
686 75414 29 4 75447 4 33
343 75436 32 4 75479 11 43
107 75406 60 1 75539 73 133
133 75533 43 3 75582 6 49
649 75483 80 3 75662 99 179
536 75628 32 4 75694 34 66
541 75603 42 4 75736 91 133
570 75740 20 4 75760 0 20
666 75777 74 4 75851 0 74
573 75793 27 3 75878 58 85
886 75928 34 3 75962 0 34
461 75976 37 4 76013 0 37
759 76065 26 3 76091 0 26
591 76075 50 3 76141 16 66
241 76150 39 1 76189 0 39
817 76160 56 4 76245 29 85
128 76265 43 1 76308 0 43
341 76293 22 4 76330 15 37
689 76295 63 2 76393 35 98
31 76367 29 2 76422 26 55
618 76290 72 4 76494 132 204
294 76430 27 3 76521 64 91
968 76511 49 4 76570 10 59
908 76567 41 2 76611 3 44
801 76786 35 2 76821 0 35
281 76794 27 4 76848 27 54
409 76837 21 3 76869 11 32
38 76832 60 3 76929 37 97
870 76872 57 3 76986 57 114
12 76960 21 4 77007 26 47
403 76846 68 3 77075 161 229
565 77159 25 3 77184 0 25
678 77384 27 3 77411 0 27
72 77439 57 4 77496 0 57
504 77484 66 2 77562 12 78
436 77528 30 2 77592 34 64
727 77534 40 3 77632 58 98
126 77629 48 3 77680 3 51
919 77543 50 4 77730 137 187
349 77687 37 4 77767 43 80
844 77694 48 2 77815 73 121
955 77608 53 1 77868 207 260
622 77806 80 1 77948 62 142
158 78034 79 2 78113 0 79
779 78109 41 2 78154 4 45
65 78119 42 2 78196 35 77
703 78047 76 3 78272 149 225
373 78264 52 3 78324 8 60
816 78278 30 4 78354 46 76
643 78324 32 2 78386 30 62
233 78368 22 3 78408 18 40
253 78406 31 3 78439 2 33
342 78376 54 4 78493 63 117
58 78463 27 4 78520 30 57
214 78568 40 4 78608 0 40
56 78647 42 2 78689 0 42
130 78673 65 3 78754 16 81
978 78817 33 4 78850 0 33
388 78898 33 2 78931 0 33
159 79098 66 3 79164 0 66
776 79153 25 4 79189 11 36
264 79107 89 4 79278 82 171
726 79404 41 2 79445 0 41
705 79430 32 4 79477 15 47
96 79635 25 1 79660 0 25
46 79734 60 3 79794 0 60
357 79741 26 2 79820 53 79
856 79768 58 3 79878 52 110
238 79928 43 1 79971 0 43
255 80056 46 3 80102 0 46
397 80076 57 4 80159 26 83
73 80157 33 4 80192 2 35
562 80060 60 3 80252 132 192
286 80216 31 1 80283 36 67
201 80063 69 3 80352 220 289
358 80330 45 2 80397 22 67
257 80564 48 4 80612 0 48
1000 80761 40 1 80801 0 40
603 80834 50 3 80884 0 50
80 80925 79 2 81004 0 79
396 80988 42 4 81046 16 58
184 80942 45 2 81091 104 149
962 81039 76 3 81167 52 128
258 81115 28 3 81195 52 80
369 81065 88 2 81283 130 218
219 81213 34 4 81317 70 104
979 81296 27 4 81344 21 48
770 81306 57 4 81401 38 95
742 81399 23 1 81424 2 25
435 81388 27 1 81451 36 63
554 81440 52 3 81503 11 63
37 81502 21 1 81524 1 22
716 81489 30 4 81554 35 65
623 81269 60 4 81614 285 345
282 81573 28 2 81642 41 69
909 81587 42 4 81684 55 97
601 81658 24 4 81708 26 50
386 81603 51 2 81759 105 156
446 81538 64 2 81823 221 285
782 81819 34 4 81857 4 38
912 81825 41 3 81898 32 73
277 81896 59 4 81957 2 61
967 81818 74 1 82031 139 213
640 82080 63 4 82143 0 63
215 82133 76 4 82219 10 86
475 82171 23 4 82242 48 71
723 82182 78 4 82320 60 138
527 82357 23 2 82380 0 23
957 82380 41 4 82421 0 41
50 82437 74 4 82511 0 74
339 82513 20 1 82533 0 20
216 82525 21 4 82554 8 29
119 82543 29 1 82583 11 40
934 82558 22 3 82605 25 47
232 82536 44 3 82649 69 113
288 82625 48 3 82697 24 72
841 82720 33 2 82753 0 33
13 82750 32 2 82785 3 35
901 82786 24 4 82810 0 24
980 82808 41 4 82851 2 43
276 82799 44 3 82895 52 96
729 82876 20 4 82915 19 39
247 82823 47 1 82962 92 139
630 83027 66 4 83093 0 66
196 83048 52 4 83145 45 97
717 83133 23 3 83168 12 35
615 83061 55 4 83223 107 162
878 83216 24 3 83247 7 31
673 83092 56 3 83303 155 211
259 83268 40 4 83343 35 75
607 83249 49 4 83392 94 143
451 83358 24 4 83416 34 58
627 83375 34 2 83450 41 75
307 83032 63 4 83513 418 481
228 83298 69 4 83582 215 284
493 83547 47 4 83629 35 82
763 83597 32 4 83661 32 64
99 83599 60 4 83721 62 122
131 83720 55 3 83776 1 56
244 83766 63 2 83839 10 73
375 83838 34 3 83873 1 35
568 83801 68 3 83941 72 140
695 83404 82 2 84023 537 619
328 84002 44 3 84067 21 65
548 84052 20 3 84087 15 35
905 84031 35 4 84122 56 91
788 84039 64 2 84186 83 147
430 84154 36 4 84222 32 68
760 84006 84 3 84306 216 300
691 84253 57 3 84363 53 110
140 84357 42 4 84405 6 48
54 84386 31 2 84436 19 50
5 84279 65 4 84501 157 222
366 84462 66 2 84567 39 105
89 84562 25 2 84592 5 30
579 83960 92 3 84684 632 724
361 84679 20 2 84704 5 25
599 84673 39 4 84743 31 70
329 84712 23 3 84766 31 54
302 84675 90 4 84856 91 181
719 84852 25 4 84881 4 29
631 84880 74 4 84955 1 75
930 84941 22 3 84977 14 36
164 85024 37 4 85061 0 37
944 85197 38 3 85235 0 38
498 85208 44 3 85279 27 71
497 85248 21 1 85300 31 52
517 85268 36 3 85336 32 68
308 85320 96 4 85432 16 112
205 85492 35 3 85527 0 35
854 85528 30 2 85558 0 30
382 85592 24 1 85616 0 24
178 85613 34 3 85650 3 37
835 85676 32 3 85708 0 32
199 85873 69 4 85942 0 69
165 85938 72 4 86014 4 76
974 86008 27 3 86041 6 33
829 85968 51 4 86092 73 124
384 86095 68 2 86163 0 68
318 86187 48 2 86235 0 48
602 86202 50 3 86285 33 83
885 86220 83 4 86368 65 148
354 86323 29 1 86397 45 74
593 86375 44 4 86441 22 66
418 86405 91 4 86532 36 127
761 86475 22 2 86554 57 79
454 86606 26 2 86632 0 26
644 86624 21 4 86653 8 29
150 86644 26 4 86679 9 35
364 86646 52 3 86731 33 85
162 86660 59 2 86790 71 130
702 86780 54 3 86844 10 64
680 86796 80 4 86924 48 128
402 86861 25 4 86949 63 88
229 86883 39 4 86988 66 105
209 86895 39 4 87027 93 132
268 86863 55 4 87082 164 219
336 86907 65 2 87147 175 240
708 87087 38 4 87185 60 98
398 87174 40 4 87225 11 51
802 87125 43 2 87268 100 143
811 87263 26 1 87294 5 31
621 87292 39 4 87333 2 41
950 86934 70 4 87403 399 469
93 87385 57 3 87460 18 75
947 87436 36 4 87496 24 60
433 87488 60 4 87556 8 68
63 87506 46 3 87602 50 96
904 87600 28 4 87630 2 30
467 87517 52 3 87682 113 165
996 87670 22 3 87704 12 34
407 87679 35 3 87739 25 60
540 87664 49 2 87788 75 124
907 87723 62 3 87850 65 127
423 87800 41 3 87891 50 91
316 86939 72 3 87963 952 1024
100 87421 82 4 88045 542 624
872 87437 86 3 88131 608 694
25 88077 41 2 88172 54 95
40 88336 37 3 88373 0 37
154 88379 64 4 88443 0 64
834 88445 40 2 88485 0 40
405 88449 21 2 88506 36 57
449 88493 60 4 88566 13 73
86 88523 20 2 88586 43 63
141 88572 26 4 88612 14 40
226 88539 34 3 88646 73 107
415 88596 38 4 88684 50 88
992 88655 23 4 88707 29 52
183 88634 38 3 88745 73 111
145 88729 44 3 88789 16 60
614 88763 27 4 88816 26 53
953 88800 24 4 88840 16 40
152 88790 46 2 88886 50 96
306 88843 52 4 88938 43 95
995 88841 73 4 89011 97 170
123 89033 65 4 89098 0 65
67 89173 30 3 89203 0 30
477 89176 30 1 89233 27 57
252 89233 54 4 89287 0 54
659 89303 21 3 89324 0 21
94 89311 54 4 89378 13 67
952 89443 51 2 89494 0 51
690 89470 82 3 89576 24 106
595 89591 95 3 89686 0 95
592 89748 27 1 89775 0 27
439 89868 48 2 89916 0 48
766 90049 35 2 90084 0 35
340 90114 66 1 90180 0 66
902 90268 22 4 90290 0 22
897 90304 23 4 90327 0 23
317 90325 60 3 90387 2 62
812 90381 36 4 90423 6 42
789 90355 48 4 90471 68 116
27 90453 41 4 90512 18 59
633 90493 63 4 90575 19 82
426 90624 34 3 90658 0 34
533 90722 63 3 90785 0 63
175 90770 57 3 90842 15 72
609 90814 30 3 90872 28 58
507 90747 62 3 90934 125 187
662 90931 25 3 90959 3 28
624 90948 23 4 90982 11 34
559 90903 58 3 91040 79 137
587 91038 42 4 91082 2 44
656 90894 68 2 91150 188 256
501 91138 56 4 91206 12 68
819 91248 52 1 91300 0 52
118 91251 72 2 91372 49 121
571 91407 40 4 91447 0 40
785 91487 40 4 91527 0 40
465 91547 46 4 91593 0 46
864 91671 24 2 91695 0 24
516 91676 32 4 91727 19 51
310 91741 25 4 91766 0 25
940 91759 67 2 91833 7 74
701 91821 27 2 91860 12 39
11 91844 22 4 91882 16 38
377 91800 30 4 91912 82 112
791 91817 39 2 91951 95 134
300 91776 42 2 91993 175 217
561 91987 22 2 92015 6 28
194 91933 46 3 92061 82 128
23 92019 22 3 92083 42 64
960 92056 35 3 92118 27 62
867 91981 48 4 92166 137 185
748 91826 49 4 92215 340 389
544 92123 62 3 92277 92 154
256 92224 28 2 92305 53 81
647 92299 38 4 92343 6 44
824 92332 72 3 92415 11 83
652 91782 80 2 92495 633 713
137 92439 32 4 92527 56 88
428 92567 29 3 92596 0 29
736 92603 70 4 92673 0 70
360 92725 51 4 92776 0 51
832 92762 47 4 92823 14 61
297 92778 31 4 92854 45 76
629 92887 74 2 92961 0 74
180 92961 45 4 93006 0 45
169 92987 43 1 93049 19 62
828 92944 77 2 93126 105 182
852 92967 82 2 93208 159 241
353 93205 32 1 93240 3 35
718 93232 85 3 93325 8 93
345 93282 42 2 93367 43 85
653 93304 55 4 93422 63 118
49 93683 22 4 93705 0 22
170 93710 26 4 93736 0 26
572 93802 20 4 93822 0 20
153 93937 23 3 93960 0 23
337 93951 22 2 93982 9 31
890 93951 32 4 94014 31 63
110 93960 58 4 94072 54 112
285 94134 43 4 94177 0 43
530 94166 22 3 94199 11 33
529 94178 35 4 94234 21 56
372 94230 46 4 94280 4 50
176 94229 62 4 94342 51 113
861 94299 56 3 94398 43 99
694 94353 31 4 94429 45 76
880 94188 63 1 94492 241 304
756 94164 64 4 94556 328 392
929 94613 44 3 94657 0 44
877 94626 65 2 94722 31 96
1 94693 66 3 94788 29 95
171 94627 69 3 94857 161 230
166 94842 31 3 94888 15 46
21 94871 28 1 94916 17 45
424 94884 38 2 94954 32 70
60 94930 23 3 94977 24 47
367 94957 35 4 95012 20 55
251 94988 37 1 95049 24 61
737 95074 28 4 95102 0 28
606 95128 51 2 95179 0 51
327 95145 51 4 95230 34 85
91 95368 77 3 95445 0 77
393 95588 36 4 95624 0 36
725 95588 45 3 95669 36 81
915 95701 28 4 95729 0 28
626 95748 74 2 95822 0 74
411 95789 22 4 95844 33 55
874 95795 24 3 95868 49 73
220 95860 28 4 95896 8 36
709 95859 46 4 95942 37 83
743 95801 74 3 96016 141 215
144 96128 22 2 96150 0 22
190 96162 77 2 96239 0 77
578 96188 25 4 96264 51 76
815 96194 36 4 96300 70 106
355 96268 25 4 96325 32 57
671 96290 35 2 96360 35 70
724 96230 40 3 96400 130 170
845 96170 41 4 96441 230 271
805 96188 41 4 96482 253 294
792 96471 25 3 96507 11 36
422 96431 52 4 96559 76 128
981 96515 49 4 96608 44 93
299 96572 27 3 96635 36 63
76 96297 63 1 96698 338 401
933 96677 51 4 96749 21 72
240 96733 68 3 96817 16 84
765 96773 25 4 96842 44 69
331 96806 70 1 96912 36 106
733 96844 30 4 96942 68 98
391 96895 38 3 96980 47 85
186 96867 56 3 97036 113 169
774 96965 57 3 97093 71 128
971 97064 58 4 97151 29 87
494 97122 22 3 97173 29 51
260 97123 29 3 97202 50 79
17 97043 65 3 97267 159 224
775 97208 36 1 97303 59 95
19 97294 73 4 97376 9 82
414 97357 25 3 97401 19 44
242 97380 77 1 97478 21 98
453 97438 63 4 97541 40 103
75 97489 29 3 97570 52 81
576 97569 28 3 97598 1 29
598 97488 42 4 97640 110 152
20 97635 27 3 97667 5 32
460 97667 36 4 97703 0 36
174 97613 43 4 97746 90 133
732 97615 44 3 97790 131 175
899 97786 41 4 97831 4 45
105 97804 24 1 97855 27 51
619 97801 27 4 97882 54 81
784 97848 61 2 97943 34 95
764 96889 90 1 98033 1054 1144
351 97944 52 3 98085 89 141
534 98077 30 4 98115 8 38
142 98036 55 3 98170 79 134
807 98145 26 3 98196 25 51
873 98073 72 2 98268 123 195
973 98200 46 4 98314 68 114
986 98235 49 4 98363 79 128
59 98353 31 2 98394 10 41
836 98328 41 2 98435 66 107
156 98394 52 3 98487 41 93
894 98485 39 3 98526 2 41
120 98501 23 2 98549 25 48
191 98296 60 3 98609 253 313
989 98588 55 3 98664 21 76
408 98575 72 1 98736 89 161
298 98699 29 2 98765 37 66
636 98762 47 4 98812 3 50
966 98799 39 3 98851 13 52
394 98838 61 4 98912 13 74
79 98896 49 4 98961 16 65
519 98833 66 4 99027 128 194
309 98965 28 4 99055 62 90
305 99029 83 4 99138 26 109
528 99117 57 4 99195 21 78
714 99175 29 2 99224 20 49
661 99159 65 3 99289 65 130
432 99250 23 3 99312 39 62
321 99184 67 4 99379 128 195
179 98348 86 4 99465 1031 1117
546 99176 92 4 99557 289 381
71 99524 32 3 99589 33 65
667 99626 80 4 99706 0 80
278 99701 24 2 99730 5 29
481 99684 38 3 99768 46 84
466 99750 56 3 99824 18 74
245 99628 79 3 99903 196 275
998 99848 22 1 99925 55 77
814 99886 31 3 99956 39 70
222 99844 32 4 99988 112 144
646 99950 39 4 100027 38 77
821 99980 41 2 100068 47 88
200 99974 63 2 100131 94 157
537 99868 68 1 100199 263 331
188 99987 70 4 100269 212 282
665 99889 76 4 100345 380 456
