100823 1396 168 121
148 1094 83 4 1177 0 83
35 3954 36 4 3990 0 36
815 4164 66 2 4230 0 66
66 7327 22 3 7349 0 22
345 7415 43 4 7458 0 43
463 7640 24 3 7664 0 24
823 8801 54 4 8855 0 54
63 9721 27 4 9748 0 27
667 10421 46 3 10467 0 46
628 10667 39 2 10706 0 39
227 11362 57 4 11419 0 57
92 12169 32 4 12201 0 32
109 12686 24 1 12710 0 24
210 12707 63 3 12773 3 66
249 12995 64 3 13059 0 64
708 13042 20 4 13079 17 37
428 13112 84 1 13196 0 84
730 13938 43 3 13981 0 43
834 14373 42 3 14415 0 42
937 15299 20 4 15319 0 20
967 15735 52 4 15787 0 52
290 16116 87 3 16203 0 87
30 16284 71 4 16355 0 71
768 16658 84 1 16742 0 84
974 16856 46 4 16902 0 46
426 17048 79 4 17127 0 79
95 17268 29 4 17297 0 29
550 17616 56 2 17672 0 56
618 17662 61 4 17733 10 71
631 17764 22 3 17786 0 22
464 17942 37 4 17979 0 37
76 18190 21 3 18211 0 21
429 18881 57 1 18938 0 57
509 19431 39 3 19470 0 39
94 19803 42 4 19845 0 42
718 20207 27 2 20234 0 27
736 20327 25 2 20352 0 25
352 20693 40 2 20733 0 40
630 21174 61 3 21235 0 61
728 21321 27 4 21348 0 27
182 22038 41 4 22079 0 41
108 22173 51 4 22224 0 51
479 22318 31 4 22349 0 31
946 23323 23 4 23346 0 23
893 23481 46 3 23527 0 46
496 23548 56 4 23604 0 56
256 23837 34 3 23871 0 34
904 24084 22 3 24106 0 22
225 24151 52 2 24203 0 52
613 24484 38 3 24522 0 38
107 24645 54 2 24699 0 54
112 24691 50 3 24799 58 108
275 24677 82 1 24831 72 154
221 25127 20 3 25147 0 20
753 25426 62 4 25488 0 62
603 25813 23 4 25836 0 23
792 26327 34 3 26361 0 34
859 26506 67 4 26573 0 67
787 26747 52 4 26799 0 52
46 26964 69 2 27033 0 69
494 27352 40 3 27392 0 40
184 27558 51 3 27609 0 51
245 27816 42 3 27858 0 42
504 28005 72 2 28077 0 72
610 28167 64 2 28231 0 64
923 28889 69 3 28958 0 69
912 29187 47 4 29234 0 47
517 29256 59 4 29315 0 59
312 29331 81 4 29412 0 81
41 29351 55 3 29517 111 166
347 29368 61 2 29528 99 160
12 29515 38 2 29616 63 101
922 29470 89 4 29655 96 185
81 29839 47 4 29886 0 47
587 29990 20 2 30010 0 20
516 30654 67 3 30721 0 67
144 30769 22 1 30791 0 22
198 31062 39 3 31101 0 39
588 31099 58 3 31159 2 60
330 31310 39 3 31349 0 39
984 31494 38 4 31532 0 38
697 31582 43 2 31625 0 43
621 31851 44 4 31895 0 44
848 32015 22 4 32037 0 22
847 32297 60 4 32357 0 60
746 32338 50 3 32407 19 69
957 32532 56 3 32588 0 56
732 32681 23 4 32704 0 23
97 32697 37 4 32741 7 44
372 32900 40 3 32940 0 40
781 33314 88 3 33402 0 88
771 33365 83 4 33485 37 120
643 33495 25 3 33520 0 25
117 33510 61 3 33581 10 71
555 33591 34 4 33625 0 34
311 33595 78 3 33703 30 108
93 33724 23 3 33747 0 23
390 33748 23 1 33771 0 23
317 33956 39 2 33995 0 39
427 34018 78 3 34096 0 78
573 34083 81 3 34177 13 94
7 34291 55 3 34346 0 55
442 34384 27 4 34411 0 27
500 34406 22 4 34433 5 27
722 34591 22 4 34613 0 22
381 34786 23 4 34809 0 23
698 34967 77 2 35044 0 77
518 34991 68 4 35112 53 121
206 35154 68 3 35222 0 68
506 35500 35 3 35535 0 35
103 35534 57 2 35592 1 58
745 35575 69 4 35661 17 86
898 35718 36 3 35754 0 36
306 35760 33 4 35793 0 33
583 35947 51 2 35998 0 51
839 36059 55 4 36114 0 55
489 36098 42 4 36156 16 58
638 36329 55 2 36384 0 55
711 36493 24 3 36517 0 24
721 36620 21 4 36641 0 21
342 36636 30 4 36671 5 35
615 36997 92 4 37089 0 92
241 37141 23 3 37164 0 23
749 37192 62 3 37254 0 62
186 37300 28 3 37328 0 28
989 37366 34 3 37400 0 34
648 37492 33 2 37525 0 33
731 37563 20 3 37583 0 20
772 37698 29 4 37727 0 29
159 37772 29 3 37801 0 29
829 38044 82 2 38126 0 82
365 38057 55 4 38181 69 124
351 38150 41 3 38222 31 72
493 38428 59 3 38487 0 59
22 38533 53 3 38586 0 53
668 38670 87 2 38757 0 87
646 38684 24 4 38781 73 97
535 38792 50 2 38842 0 50
752 38804 89 3 38931 38 127
575 38875 42 4 38973 56 98
364 38884 45 2 39018 89 134
805 39023 44 1 39067 0 44
455 39165 32 4 39197 0 32
987 39420 54 3 39474 0 54
754 39510 54 1 39564 0 54
890 39719 60 3 39779 0 60
713 39772 31 2 39810 7 38
763 39824 63 3 39887 0 63
889 40088 30 4 40118 0 30
482 40224 23 3 40247 0 23
10 40277 32 3 40309 0 32
468 40320 22 2 40342 0 22
774 40427 21 3 40448 0 21
119 40467 25 3 40492 0 25
397 40935 20 2 40955 0 20
443 41033 31 3 41064 0 31
304 41080 26 3 41106 0 26
645 41099 41 4 41147 7 48
386 41301 35 3 41336 0 35
17 41334 47 4 41383 2 49
821 41397 23 4 41420 0 23
301 41458 80 4 41538 0 80
192 41467 60 3 41598 71 131
242 41641 49 2 41690 0 49
970 41676 31 4 41721 14 45
55 41724 32 3 41756 0 32
905 41860 32 3 41892 0 32
480 41893 70 4 41963 0 70
343 42043 81 4 42124 0 81
694 42150 84 4 42234 0 84
424 42171 29 3 42263 63 92
591 42300 56 1 42356 0 56
546 42336 28 3 42384 20 48
155 42345 28 4 42412 39 67
608 42447 29 3 42476 0 29
991 42542 37 3 42579 0 37
921 42754 72 4 42826 0 72
685 42800 69 2 42895 26 95
554 42843 26 1 42921 52 78
310 42846 52 3 42973 75 127
596 43177 52 4 43229 0 52
868 43187 58 3 43287 42 100
138 43411 21 3 43432 0 21
232 43751 24 4 43775 0 24
597 43970 77 4 44047 0 77
740 44082 52 4 44134 0 52
5 44117 77 2 44211 17 94
953 44254 68 3 44322 0 68
585 44268 27 4 44349 54 81
73 44293 20 4 44419 106 126
358 44281 51 1 44420 88 139
136 44609 32 4 44641 0 32
955 44644 46 2 44690 0 46
881 44753 24 3 44777 0 24
622 44805 66 2 44871 0 66
748 44871 58 3 44929 0 58
321 44930 29 2 44959 0 29
508 44947 40 4 44999 12 52
910 45079 58 1 45137 0 58
78 45110 44 4 45181 27 71
86 45117 61 4 45242 64 125
113 45257 58 4 45315 0 58
764 45326 60 2 45386 0 60
779 45405 70 1 45475 0 70
233 45453 57 3 45532 22 79
940 45503 45 2 45577 29 74
634 45563 54 1 45631 14 68
456 45815 46 3 45861 0 46
161 45919 57 4 45976 0 57
842 45951 37 3 46013 25 62
462 46096 31 2 46127 0 31
533 46167 37 3 46204 0 37
701 46171 76 1 46330 83 159
127 46196 58 2 46338 84 142
89 46389 92 2 46481 0 92
857 46484 31 1 46515 0 31
273 46646 95 3 46741 0 95
407 46652 34 3 46775 89 123
244 46661 44 4 46819 114 158
727 46776 33 4 46852 43 76
369 46803 60 4 46912 49 109
102 46858 42 2 46954 54 96
133 47402 50 2 47452 0 50
756 47469 27 4 47496 0 27
307 47495 29 2 47525 1 30
42 47638 45 4 47683 0 45
691 47661 76 2 47759 22 98
36 47968 48 2 48016 0 48
908 47978 91 4 48107 38 129
279 48136 46 2 48182 0 46
579 48241 34 4 48275 0 34
68 48280 69 1 48349 0 69
451 48443 20 4 48463 0 20
53 48640 25 4 48665 0 25
529 48664 58 4 48723 1 59
469 48751 79 2 48830 0 79
212 48910 47 3 48957 0 47
166 48962 35 4 48997 0 35
373 49100 48 2 49148 0 48
860 49173 32 4 49205 0 32
920 49385 72 3 49457 0 72
985 49419 82 4 49539 38 120
128 49473 46 4 49585 66 112
511 49479 37 4 49622 106 143
188 49550 37 3 49659 72 109
473 49671 58 2 49729 0 58
314 49929 84 4 50013 0 84
156 50262 64 2 50326 0 64
899 50768 40 2 50808 0 40
154 50964 71 2 51035 0 71
611 51053 28 4 51081 0 28
477 51188 39 4 51227 0 39
396 51260 93 3 51353 0 93
843 51262 31 2 51384 91 122
106 51335 40 4 51474 99 139
896 51300 59 3 51483 124 183
539 51824 48 2 51872 0 48
513 52163 25 1 52188 0 25
288 52458 67 4 52525 0 67
110 52518 47 2 52572 7 54
657 52735 53 4 52788 0 53
410 52803 76 1 52879 0 76
650 52812 33 4 52912 67 100
303 52837 29 3 52941 75 104
865 52883 30 3 52971 58 88
580 52985 63 1 53048 0 63
559 53038 43 1 53091 10 53
599 53041 75 4 53166 50 125
104 53124 36 4 53202 42 78
791 53258 86 3 53344 0 86
869 53281 25 3 53369 63 88
465 53296 45 3 53414 73 118
913 53419 77 4 53496 0 77
146 53617 43 4 53660 0 43
655 53631 22 3 53682 29 51
387 53690 26 1 53716 0 26
854 53741 70 4 53811 0 70
421 53790 38 3 53849 21 59
837 54134 61 2 54195 0 61
297 54370 21 3 54391 0 21
204 54415 55 4 54470 0 55
234 54479 75 3 54554 0 75
49 54486 24 3 54578 68 92
563 54879 61 2 54940 0 61
328 55251 71 4 55322 0 71
243 55275 24 4 55346 47 71
891 55318 30 4 55376 28 58
247 55484 39 2 55523 0 39
625 55958 50 4 56008 0 50
293 56346 30 2 56376 0 30
949 56383 60 3 56443 0 60
825 56410 64 3 56507 33 97
258 56627 62 2 56689 0 62
101 56733 68 4 56801 0 68
367 56800 35 3 56836 1 36
423 56827 70 3 56906 9 79
872 56990 49 4 57039 0 49
871 57011 32 1 57071 28 60
466 57050 39 2 57110 21 60
48 57099 46 2 57156 11 57
34 57240 30 3 57270 0 30
514 57386 44 3 57430 0 44
687 57703 36 2 57739 0 36
268 57773 44 3 57817 0 44
642 58038 36 3 58074 0 36
178 58169 24 3 58193 0 24
402 58241 59 2 58300 0 59
758 58257 29 4 58329 43 72
750 58333 83 4 58416 0 83
199 58435 63 3 58498 0 63
723 58534 32 4 58566 0 32
626 58661 23 3 58684 0 23
284 58875 61 3 58936 0 61
524 58922 50 4 58986 14 64
18 58980 54 3 59040 6 60
77 59022 29 4 59119 68 97
173 58990 59 4 59128 79 138
131 59245 45 2 59290 0 45
205 59308 55 4 59363 0 55
193 59325 68 4 59431 38 106
981 59387 28 4 59459 44 72
111 59436 78 4 59537 23 101
348 59474 44 4 59581 63 107
566 59475 80 3 59711 156 236
793 59516 57 2 59718 145 202
660 59801 77 4 59878 0 77
380 59811 38 2 59916 67 105
8 59832 69 4 59985 84 153
714 59967 29 4 60014 18 47
547 59977 32 3 60096 87 119
527 59971 63 3 60109 75 138
877 60201 53 3 60254 0 53
187 60258 50 4 60308 0 50
846 60336 67 3 60403 0 67
577 60411 60 3 60471 0 60
531 60542 81 3 60623 0 81
644 60576 43 3 60666 47 90
420 60648 23 4 60789 118 141
181 60596 66 3 60805 143 209
134 60618 53 4 60808 137 190
481 60932 70 4 61002 0 70
254 60958 26 4 61028 44 70
169 60973 43 4 61071 55 98
999 61050 74 3 61145 21 95
819 61135 28 2 61173 10 38
476 61254 25 1 61279 0 25
263 61327 55 2 61382 0 55
950 61331 35 4 61417 51 86
814 61346 22 3 61439 71 93
782 61365 36 1 61475 74 110
316 61365 35 1 61510 110 145
100 61433 41 4 61551 77 118
994 61482 26 3 61577 69 95
990 61590 35 3 61625 0 35
729 61608 50 3 61675 17 67
661 61756 31 2 61787 0 31
295 61794 61 2 61855 0 61
609 61884 64 3 61948 0 64
515 61901 42 3 61990 47 89
6 61992 34 1 62026 0 34
202 62023 22 3 62048 3 25
435 62038 44 3 62092 10 54
58 62096 31 4 62127 0 31
968 62172 25 4 62197 0 25
145 62367 25 4 62392 0 25
637 62392 26 4 62418 0 26
459 62431 44 4 62475 0 44
153 62489 47 4 62536 0 47
977 62554 42 4 62596 0 42
336 62555 48 3 62644 41 89
629 62572 33 2 62677 72 105
827 62628 62 4 62739 49 111
216 62678 32 2 62771 61 93
132 62770 64 4 62835 1 65
824 62871 40 1 62911 0 40
368 62904 59 4 62970 7 66
607 62921 30 4 63000 49 79
432 62922 30 4 63030 78 108
960 62970 25 3 63105 110 135
803 62982 28 4 63133 123 151
51 62985 24 3 63157 148 172
264 62931 61 2 63168 176 237
438 63126 40 4 63258 92 132
415 63079 59 3 63267 129 188
712 63206 27 3 63344 111 138
338 63176 77 2 63371 118 195
416 63345 36 4 63407 26 62
226 63423 35 3 63458 0 35
972 63580 89 2 63669 0 89
964 63697 23 4 63720 0 23
209 63804 81 2 63885 0 81
98 63829 67 3 63952 56 123
817 64195 39 4 64234 0 39
620 64326 34 4 64360 0 34
998 64332 28 3 64388 28 56
929 64403 25 3 64428 0 25
800 64459 36 4 64495 0 36
448 64469 22 4 64517 26 48
54 64470 46 2 64563 47 93
384 64651 45 3 64696 0 45
589 64721 24 1 64745 0 24
959 64787 25 4 64812 0 25
669 64823 51 4 64874 0 51
765 64853 52 4 64926 21 73
570 64898 31 1 64957 28 59
394 64907 95 1 65052 50 145
799 64977 53 3 65105 75 128
412 65099 38 1 65143 6 44
175 65243 53 3 65296 0 53
699 65279 26 4 65372 67 93
831 65262 75 4 65397 60 135
852 65323 35 3 65482 124 159
237 65320 73 3 65555 162 235
285 65405 22 2 65577 150 172
916 65370 64 3 65591 157 221
255 65724 29 2 65753 0 29
207 65767 38 4 65805 0 38
16 65994 71 4 66065 0 71
291 66037 44 4 66109 28 72
40 66114 23 3 66137 0 23
167 66158 30 4 66188 0 30
236 66280 70 3 66350 0 70
125 66294 73 3 66473 106 179
274 66317 54 4 66477 106 160
495 66407 31 4 66508 70 101
562 66432 24 4 66532 76 100
240 66507 36 2 66568 25 61
123 66629 80 3 66709 0 80
84 66724 50 4 66774 0 50
276 66946 34 3 66980 0 34
346 67001 22 2 67023 0 22
804 67038 86 1 67124 0 86
471 67047 33 4 67157 77 110
150 67157 67 3 67224 0 67
796 67159 33 2 67257 65 98
943 67440 26 3 67466 0 26
735 67592 23 3 67615 0 23
11 67605 42 3 67657 10 52
530 67608 69 4 67726 49 118
870 67737 62 4 67799 0 62
938 67868 55 4 67923 0 55
776 67893 37 3 67960 30 67
734 68021 34 4 68055 0 34
405 68054 22 3 68077 1 23
882 68081 81 3 68162 0 81
418 68112 61 2 68273 100 161
849 68154 64 2 68287 69 133
840 68257 74 3 68361 30 104
47 68394 49 4 68443 0 49
121 68422 59 4 68502 21 80
472 68448 28 2 68530 54 82
875 68450 40 4 68570 80 120
826 68584 87 3 68671 0 87
512 68598 38 3 68709 73 111
784 68907 49 3 68956 0 49
704 68969 31 2 69000 0 31
375 69054 30 4 69084 0 30
939 69128 88 4 69216 0 88
532 69475 46 4 69521 0 46
33 69598 34 1 69632 0 34
592 69669 80 1 69749 0 80
639 69710 23 3 69772 39 62
75 69734 60 1 69882 88 148
783 69793 20 4 69902 89 109
67 69803 37 3 69939 99 136
23 69754 87 4 69976 135 222
231 69909 31 4 70057 117 148
31 69972 22 2 70079 85 107
962 69825 71 4 70100 204 275
60 69996 21 2 70121 104 125
147 70024 48 4 70169 97 145
942 70112 50 3 70269 107 157
724 70037 69 3 70338 232 301
522 70246 26 4 70364 92 118
363 70145 51 4 70365 169 220
313 70403 48 4 70451 0 48
696 70559 61 4 70620 0 61
887 70619 21 3 70691 51 72
203 70592 84 3 70725 49 133
362 70700 51 4 70776 25 76
498 70733 60 2 70886 93 153
322 70737 73 3 70909 99 172
217 70941 28 4 70969 0 28
544 70956 51 4 71020 13 64
425 71001 35 2 71105 69 104
44 70996 67 4 71122 59 126
705 71051 29 4 71201 121 150
223 71027 87 4 71238 124 211
961 71212 25 3 71263 26 51
83 71487 73 3 71560 0 73
954 71574 31 3 71605 0 31
880 71682 27 4 71709 0 27
578 71722 39 3 71761 0 39
560 71732 65 4 71826 29 94
726 71815 24 4 71850 11 35
26 71888 41 4 71929 0 41
168 71897 32 3 71961 32 64
934 71937 34 3 71995 24 58
152 72123 65 2 72188 0 65
659 72202 51 4 72253 0 51
993 72226 52 4 72305 27 79
862 72365 36 1 72401 0 36
569 72580 36 1 72616 0 36
409 72594 63 3 72679 22 85
598 72644 24 2 72703 35 59
251 72747 71 2 72818 0 71
902 72933 63 2 72996 0 63
267 73018 54 2 73072 0 54
549 73052 49 3 73171 70 119
45 73025 66 4 73187 96 162
595 73106 32 4 73219 81 113
201 73185 44 1 73263 34 78
802 73344 30 3 73374 0 30
189 73353 35 4 73409 21 56
689 73359 33 1 73442 50 83
717 73393 41 2 73533 99 140
215 73392 66 3 73549 91 157
741 73454 79 3 73678 145 224
917 73565 23 3 73701 113 136
151 73543 53 2 73704 108 161
403 73736 77 2 73813 0 77
945 73779 55 4 73868 34 89
450 73862 43 2 73911 6 49
633 73903 31 3 73942 8 39
70 73934 24 2 73966 8 32
502 73971 62 4 74033 0 62
235 74016 51 4 74084 17 68
414 74095 70 4 74165 0 70
528 74147 25 1 74290 118 143
319 74155 43 4 74333 135 178
715 74138 52 4 74335 145 197
788 74142 82 3 74367 143 225
673 74244 30 3 74397 123 153
884 74325 31 1 74478 122 153
238 74375 39 2 74517 103 142
520 74286 74 1 74541 181 255
335 74478 22 3 74613 113 135
561 74494 32 3 74695 169 201
838 74522 50 2 74745 173 223
265 74403 57 4 74752 292 349
552 74479 82 1 74784 223 305
334 74631 49 4 74833 153 202
557 74691 23 2 74856 142 165
431 74712 33 4 74889 144 177
252 74725 41 2 74930 164 205
997 74776 20 3 74950 154 174
909 74848 68 2 75018 102 170
388 75004 33 2 75051 14 47
374 75194 64 4 75258 0 64
911 75289 62 3 75351 0 62
299 75329 21 4 75372 22 43
114 75360 35 4 75407 12 47
158 75386 23 4 75430 21 44
755 75414 66 4 75496 16 82
460 75517 59 4 75576 0 59
219 75553 29 4 75605 23 52
627 75573 50 3 75655 32 82
61 75574 32 2 75687 81 113
757 75672 47 4 75734 15 62
13 75900 39 1 75939 0 39
305 76014 56 4 76070 0 56
332 76021 34 3 76104 49 83
844 76060 63 3 76217 94 157
568 76103 93 3 76260 64 157
194 76241 67 3 76327 19 86
491 76337 92 4 76429 0 92
879 76418 74 1 76503 11 85
640 76634 42 4 76676 0 42
411 76684 28 2 76712 0 28
525 76752 87 4 76839 0 87
798 76834 51 1 76890 5 56
538 76877 41 4 76931 13 54
662 77032 26 3 77058 0 26
59 77121 79 2 77200 0 79
341 77138 48 3 77248 62 110
841 77144 50 4 77298 104 154
359 77258 27 4 77425 140 167
969 77241 59 4 77434 134 193
930 77245 58 4 77442 139 197
170 77394 44 4 77486 48 92
789 77469 21 1 77507 17 38
250 77583 68 4 77651 0 68
853 77700 28 4 77728 0 28
807 77706 55 2 77783 22 77
430 77759 32 3 77815 24 56
391 77934 80 2 78014 0 80
400 77962 45 2 78059 52 97
454 78052 57 2 78116 7 64
57 78127 32 3 78159 0 32
919 78246 36 1 78282 0 36
353 78571 33 3 78604 0 33
833 78611 25 1 78636 0 25
766 78888 67 2 78955 0 67
458 79004 23 4 79027 0 23
382 79061 93 4 79154 0 93
324 79102 47 3 79201 52 99
924 79147 31 4 79232 54 85
742 79164 36 1 79268 68 104
99 79166 49 2 79317 102 151
914 79181 38 4 79355 136 174
553 79320 33 3 79488 135 168
164 79275 71 4 79509 163 234
208 79302 52 3 79511 157 209
906 79512 64 2 79576 0 64
445 79542 35 4 79661 84 119
501 79559 41 2 79702 102 143
565 79539 72 2 79724 113 185
294 79738 53 4 79791 0 53
85 79797 43 1 79840 0 43
690 79944 22 4 79966 0 22
983 79968 49 4 80017 0 49
229 80031 44 1 80075 0 44
370 80068 66 1 80141 7 73
813 80136 41 3 80182 5 46
965 80185 74 3 80259 0 74
856 80306 47 1 80353 0 47
441 80325 52 4 80455 78 130
616 80347 74 2 80529 108 182
239 80441 27 4 80556 88 115
816 80363 79 4 80585 143 222
200 80456 35 2 80620 129 164
652 80518 41 4 80761 202 243
649 80591 43 3 80854 220 263
526 80457 63 4 80867 347 410
641 80630 22 3 80889 237 259
770 80475 78 3 80917 364 442
576 80671 31 3 80948 246 277
218 80758 20 4 81018 240 260
361 80532 79 2 81047 436 515
948 80776 39 4 81086 271 310
183 80842 21 4 81107 244 265
281 80919 34 4 81241 288 322
392 80708 75 4 81266 483 558
836 80983 22 3 81288 283 305
269 81012 30 3 81318 276 306
574 81028 24 3 81342 290 314
408 81091 34 2 81376 251 285
433 80866 51 4 81377 460 511
835 81145 38 4 81415 232 270
446 80909 65 3 81430 456 521
483 81163 43 4 81473 267 310
944 81196 36 4 81509 277 313
195 81280 47 3 81606 279 326
447 81295 32 4 81638 311 343
663 81423 47 4 81785 315 362
864 81444 30 2 81815 341 371
510 81459 47 1 81862 356 403
253 81273 68 3 81880 539 607
536 81312 54 4 81934 568 622
490 81681 46 4 82030 303 349
936 81320 75 1 82055 660 735
709 81695 24 2 82079 360 384
850 81721 22 2 82101 358 380
978 81796 49 2 82200 355 404
897 81541 63 4 82213 609 672
586 81899 33 3 82246 314 347
952 81934 35 2 82281 312 347
163 81681 74 4 82305 550 624
973 82086 31 4 82336 219 250
671 81722 67 2 82353 564 631
74 82194 38 2 82441 209 247
594 82216 32 3 82523 275 307
141 82254 34 3 82557 269 303
636 82296 43 3 82600 261 304
266 82136 96 1 82646 414 510
487 82207 62 3 82658 389 451
739 82585 46 3 82704 73 119
404 82653 28 4 82732 51 79
677 82662 46 4 82778 70 116
190 82776 21 3 82849 52 73
196 82746 53 3 82852 53 106
832 82843 48 3 82900 9 57
558 82897 38 3 82988 53 91
339 82852 65 3 83003 86 151
257 82996 39 4 83142 107 146
262 82906 64 4 83156 186 250
947 82952 97 2 83203 154 251
777 83085 63 4 83316 168 231
27 83137 51 2 83317 129 180
143 83294 69 2 83386 23 92
665 83373 31 4 83417 13 44
9 83499 72 4 83571 0 72
271 83565 54 2 83625 6 60
894 83576 57 4 83682 49 106
785 83638 78 3 83760 44 122
452 83807 55 1 83862 0 55
149 83977 46 3 84023 0 46
540 84121 44 3 84165 0 44
693 84147 37 2 84202 18 55
951 84186 23 4 84225 16 39
272 84201 26 4 84251 24 50
337 84280 56 3 84336 0 56
39 84373 24 4 84397 0 24
801 84521 32 2 84553 0 32
398 84533 27 2 84580 20 47
925 84539 23 2 84603 41 64
619 84633 32 3 84665 0 32
982 84670 74 1 84744 0 74
260 84733 29 4 84873 111 140
19 84701 73 3 84896 122 195
191 84726 61 3 84907 120 181
523 84849 38 4 84945 58 96
419 84988 26 1 85014 0 26
105 85017 64 2 85081 0 64
488 85075 56 4 85137 6 62
976 85098 26 1 85163 39 65
320 85309 23 1 85332 0 23
287 85403 34 2 85437 0 34
674 85412 79 3 85516 25 104
794 85455 37 4 85553 61 98
137 85517 85 3 85638 36 121
537 85632 70 3 85708 6 76
457 85676 74 2 85782 32 106
135 85740 66 2 85848 42 108
686 85812 33 4 85881 36 69
581 85834 32 4 85913 47 79
572 85905 49 3 86062 108 157
24 85840 68 3 86080 172 240
360 85939 36 4 86116 141 177
808 85864 63 1 86129 202 265
371 86083 25 2 86204 96 121
289 86093 26 2 86230 111 137
4 86043 66 3 86246 137 203
14 86179 26 4 86272 67 93
907 86286 36 1 86322 0 36
963 86370 35 3 86405 0 35
185 86420 47 3 86467 0 47
975 86586 23 3 86609 0 23
980 86624 31 2 86655 0 31
37 86701 35 3 86736 0 35
333 86705 37 4 86773 31 68
521 86731 26 3 86799 42 68
422 86819 31 3 86850 0 31
176 86869 65 4 86934 0 65
855 86891 25 4 86959 43 68
340 86921 47 4 87006 38 85
406 86952 37 3 87043 54 91
707 86960 40 2 87083 83 123
1000 86971 30 3 87113 112 142
96 87018 30 4 87143 95 125
681 87023 32 4 87175 120 152
647 87057 26 3 87251 168 194
211 87154 37 2 87388 197 234
584 87045 62 2 87400 293 355
302 87136 58 3 87408 214 272
812 87141 68 3 87426 217 285
197 87479 39 4 87518 0 39
551 87494 68 3 87586 24 92
120 87520 27 4 87613 66 93
958 87575 59 3 87672 38 97
760 87664 45 3 87717 8 53
767 87684 36 4 87753 33 69
703 87873 26 3 87899 0 26
719 87908 27 3 87935 0 27
556 87920 59 4 87994 15 74
545 88076 49 4 88125 0 49
25 88139 43 3 88182 0 43
759 88173 48 3 88230 9 57
88 88363 25 2 88388 0 25
828 88438 28 3 88466 0 28
399 88504 25 2 88529 0 25
706 88597 44 3 88641 0 44
986 88614 31 2 88672 27 58
157 88694 25 3 88719 0 25
140 88711 33 3 88752 8 41
124 88725 62 3 88814 27 89
811 88762 24 4 88838 52 76
475 88817 22 2 88860 21 43
867 88857 23 4 88883 3 26
956 88934 96 3 89030 0 96
858 88971 43 1 89073 59 102
716 88978 42 2 89115 95 137
327 88981 48 3 89163 134 182
895 88992 46 2 89209 171 217
2 89094 28 4 89237 115 143
283 89125 40 3 89277 112 152
116 89139 41 4 89318 138 179
878 89154 47 3 89415 214 261
874 89187 36 4 89451 228 264
72 89190 42 3 89493 261 303
492 89195 27 4 89520 298 325
90 89252 46 1 89566 268 314
171 89276 31 2 89597 290 321
129 89285 29 2 89626 312 341
401 89152 53 3 89629 424 477
747 89336 39 3 89668 293 332
932 89460 39 4 89707 208 247
82 89495 46 2 89753 212 258
139 89528 32 4 89785 225 257
50 89625 33 3 89868 210 243
118 89653 38 4 89906 215 253
444 89737 49 4 89955 169 218
20 89587 60 4 89965 318 378
614 89880 35 3 90100 185 220
695 89830 51 2 90101 220 271
928 89993 26 4 90127 108 134
795 89873 67 4 90144 204 271
126 90033 42 3 90236 161 203
28 90021 57 2 90243 165 222
886 90151 47 1 90290 92 139
926 90261 26 2 90416 129 155
440 90204 66 3 90432 162 228
604 90241 69 2 90451 141 210
876 90374 22 4 90473 77 99
927 90444 44 4 90617 129 173
593 90464 46 1 90663 153 199
941 90424 76 4 90689 189 265
612 90488 40 3 90729 201 241
773 90520 42 4 90821 259 301
751 90443 55 1 90826 328 383
56 90580 21 2 90947 346 367
296 90584 30 1 90977 363 393
675 90491 55 4 91032 486 541
69 90566 55 4 91037 416 471
461 90572 86 2 91073 415 501
900 90641 53 3 91176 482 535
467 90983 22 4 91198 193 215
733 90916 58 3 91256 282 340
653 90965 79 3 91335 291 370
354 91014 78 4 91363 271 349
393 91101 73 3 91486 312 385
174 91321 45 4 91581 215 260
292 91243 53 2 91634 338 391
786 91394 38 4 91672 240 278
165 91248 54 4 91676 374 428
80 91420 29 3 91705 256 285
966 91468 36 4 91741 237 273
635 91270 58 1 91749 421 479
995 91527 26 4 91775 222 248
357 91363 52 3 91777 362 414
915 91684 25 3 91852 143 168
300 91765 23 3 91875 87 110
762 91656 82 2 91907 169 251
286 91783 26 4 91933 124 150
602 91814 41 3 91974 119 160
679 91902 55 3 92029 72 127
376 92002 64 1 92093 27 91
971 92065 56 4 92149 28 84
996 92289 49 4 92338 0 49
672 92310 29 3 92367 28 57
702 92327 47 4 92414 40 87
883 92333 35 4 92449 81 116
769 92338 24 4 92473 111 135
680 92358 44 4 92517 115 159
417 92490 51 2 92568 27 78
683 92613 63 3 92676 0 63
688 92677 54 4 92731 0 54
248 92699 47 3 92778 32 79
214 92772 54 2 92832 6 60
822 92812 50 4 92882 20 70
684 92861 35 3 92967 71 106
851 92870 46 4 93063 147 193
21 92813 58 4 93071 200 258
115 92861 60 3 93081 160 220
91 93043 25 4 93106 38 63
437 93047 30 3 93136 59 89
606 93049 34 4 93170 87 121
676 93100 71 3 93241 70 141
600 93233 28 3 93269 8 36
172 93325 93 2 93418 0 93
567 93389 50 2 93468 29 79
485 93445 63 2 93531 23 86
484 93566 23 4 93589 0 23
678 93603 36 4 93639 0 36
309 93617 58 1 93697 22 80
439 93986 70 4 94056 0 70
449 93987 21 4 94077 69 90
700 94031 25 1 94102 46 71
564 94035 54 2 94156 67 121
315 94177 27 3 94204 0 27
162 94243 52 3 94295 0 52
818 94375 27 4 94402 0 27
259 94383 36 2 94488 69 105
378 94380 61 4 94499 58 119
71 94443 34 3 94533 56 90
326 94463 47 3 94630 120 167
542 94451 78 4 94658 129 207
453 94602 33 2 94691 56 89
356 94628 21 4 94762 113 134
935 94687 21 3 94783 75 96
820 94609 53 2 94786 124 177
903 94712 50 1 94836 74 124
651 94713 48 4 94884 123 171
888 94757 43 3 94927 127 170
571 94844 85 2 95062 133 218
761 94942 27 4 95089 120 147
623 94966 21 2 95110 123 144
790 94875 76 4 95136 185 261
470 94981 42 3 95178 155 197
65 95003 31 2 95209 175 206
866 95006 45 1 95254 203 248
318 95113 55 1 95459 291 346
720 95263 44 3 95503 196 240
775 95147 79 4 95582 356 435
505 95179 52 3 95634 403 455
601 95369 27 4 95661 265 292
177 95231 67 4 95678 380 447
325 95469 46 3 95774 259 305
664 95490 21 2 95795 284 305
861 95265 64 4 95809 480 544
366 95579 28 3 95887 280 308
979 95312 61 4 95898 525 586
32 95425 52 3 95950 473 525
383 95684 41 3 95991 266 307
160 95541 63 3 96004 400 463
543 95662 74 2 96028 292 366
918 95990 46 2 96074 38 84
389 96026 48 2 96172 98 146
122 96024 76 3 96298 198 274
507 96046 53 4 96351 252 305
863 96210 41 1 96392 141 182
499 96071 61 4 96453 321 382
52 96145 52 4 96455 258 310
656 96352 46 3 96551 153 199
725 96222 56 2 96657 379 435
434 96452 40 4 96847 355 395
230 96329 62 3 96859 468 530
519 96374 60 4 96869 435 495
809 96594 23 4 96892 275 298
582 96598 34 4 96926 294 328
744 96391 63 4 96939 485 548
277 96628 33 3 96972 311 344
931 96402 67 3 96989 520 587
988 96419 82 4 97021 520 602
737 96746 26 2 97047 275 301
224 96428 83 2 97080 569 652
780 96772 21 3 97101 308 329
308 96778 32 4 97133 323 355
62 96855 30 4 97263 378 408
670 96886 33 2 97296 377 410
261 97110 30 2 97476 336 366
142 96802 76 2 97502 624 700
344 96824 64 2 97516 628 692
64 97210 50 3 97566 306 356
413 97256 45 3 97611 310 355
228 96905 76 4 97637 656 732
180 97307 33 4 97670 330 363
654 97316 43 4 97713 354 397
692 96986 70 4 97733 677 747
355 97017 67 1 97800 716 783
845 97471 31 3 97831 329 360
379 97474 25 4 97856 357 382
130 97636 38 4 97944 270 308
710 97697 41 4 97985 247 288
246 97715 24 4 98009 270 294
1 97351 63 3 98072 658 721
901 97783 39 4 98161 339 378
797 97839 42 3 98253 372 414
350 97852 29 1 98282 401 430
213 97527 93 2 98325 705 798
179 97975 41 4 98416 400 441
282 97723 90 3 98456 643 733
778 97751 63 4 98469 655 718
329 98089 22 4 98541 430 452
15 98108 48 1 98589 433 481
87 97797 80 4 98619 742 822
385 98192 48 2 98667 427 475
503 98204 50 3 98717 463 513
624 98318 41 3 98858 499 540
278 97969 77 2 98885 839 916
395 98455 28 1 98963 480 508
605 98088 65 3 98978 825 890
222 98580 20 1 99148 548 568
830 98232 52 4 99200 916 968
892 98295 91 3 99341 955 1046
617 98368 92 3 99433 973 1065
933 98939 40 4 99473 494 534
658 98531 83 3 99556 942 1025
666 98543 67 4 99573 963 1030
43 99049 40 4 99613 524 564
323 99061 47 4 99710 602 649
992 98545 59 4 99719 1115 1174
280 99100 39 3 99808 669 708
885 99127 23 1 99831 681 704
38 98619 51 2 99832 1162 1213
29 99195 22 4 99854 637 659
474 98754 89 3 99893 1050 1139
806 99218 26 4 99919 675 701
541 99225 45 2 99964 694 739
298 98758 58 1 99972 1156 1214
497 99256 44 3 100016 716 760
331 99276 32 2 100048 740 772
478 98773 77 4 100075 1225 1302
743 99368 25 1 100200 807 832
548 99416 50 2 100250 784 834
220 99456 26 4 100276 794 820
632 98944 55 2 100281 1282 1337
738 99480 47 4 100328 801 848
3 99484 41 3 100369 844 885
377 99533 21 1 100390 836 857
590 99538 23 4 100413 852 875
270 99058 82 4 100445 1305 1387
810 99628 27 4 100522 867 894
79 99080 82 1 100554 1392 1474
436 99898 49 1 100603 656 705
534 99948 47 1 100650 655 702
873 99353 93 2 100743 1297 1390
349 99360 91 4 100784 1333 1424
682 99625 74 3 100808 1109 1183
486 99980 65 4 100823 778 843
