108540 1000 1785 1711
403 3723 62 4 3785 0 62
899 3724 68 2 3853 61 129
239 4102 71 2 4173 0 71
865 5222 42 3 5264 0 42
931 5844 64 4 5908 0 64
378 6049 79 3 6128 0 79
921 6374 93 4 6467 0 93
599 6680 42 4 6722 0 42
985 7008 74 3 7082 0 74
245 7528 22 1 7550 0 22
364 7827 92 3 7919 0 92
625 9062 85 4 9147 0 85
26 9629 90 2 9719 0 90
157 9799 49 4 9848 0 49
783 11098 89 4 11187 0 89
546 12022 30 3 12052 0 30
192 12114 95 2 12209 0 95
284 12740 64 1 12804 0 64
737 13496 55 1 13551 0 55
193 13608 38 4 13646 0 38
895 14336 99 2 14435 0 99
366 14845 94 3 14939 0 94
871 15168 63 1 15231 0 63
96 15374 93 4 15467 0 93
39 15652 95 3 15747 0 95
510 15970 57 3 16027 0 57
524 16543 39 4 16582 0 39
243 16548 81 2 16663 34 115
752 17046 98 1 17144 0 98
138 17444 65 4 17509 0 65
642 17655 70 2 17725 0 70
212 17579 84 4 17733 70 154
286 17596 90 4 17823 137 227
491 17570 94 3 17908 244 338
279 18664 77 3 18741 0 77
930 18851 85 4 18936 0 85
455 18974 47 4 19021 0 47
499 19616 69 4 19685 0 69
288 19548 73 1 19690 69 142
158 19493 97 2 19732 142 239
770 19429 98 4 19766 239 337
948 19895 95 3 19990 0 95
333 20293 44 4 20337 0 44
834 20336 77 4 20414 1 78
909 20360 82 3 20496 54 136
773 20420 84 1 20580 76 160
617 20858 86 4 20944 0 86
266 21058 71 4 21129 0 71
133 21266 91 1 21357 0 91
652 21682 63 2 21745 0 63
233 22551 94 3 22645 0 94
763 22977 31 3 23008 0 31
855 23071 87 4 23158 0 87
101 23532 85 3 23617 0 85
758 23450 96 4 23631 85 181
959 23880 85 3 23965 0 85
211 23955 90 4 24055 10 100
8 24205 87 3 24292 0 87
222 24403 75 4 24478 0 75
216 24319 85 4 24479 75 160
275 24356 87 3 24566 123 210
144 24384 88 4 24654 182 270
146 24864 69 2 24933 0 69
541 24977 55 3 25032 0 55
292 25620 52 4 25672 0 52
324 25622 70 4 25742 50 120
845 25780 68 2 25848 0 68
9 25953 42 3 25995 0 42
920 26107 87 2 26194 0 87
646 26607 59 4 26666 0 59
543 26679 46 2 26725 0 46
748 26939 88 3 27027 0 88
850 27116 30 3 27146 0 30
532 27080 36 2 27146 30 66
610 27122 48 2 27194 24 72
641 27094 66 2 27260 100 166
276 27418 78 4 27496 0 78
530 27622 49 1 27671 0 49
854 27566 66 3 27681 49 115
214 27809 48 2 27857 0 48
19 28266 62 3 28328 0 62
898 28944 47 4 28991 0 47
477 28926 92 4 29065 47 139
766 29124 70 2 29194 0 70
803 29226 36 3 29262 0 36
32 29300 96 3 29396 0 96
506 29608 95 4 29703 0 95
554 29712 92 2 29804 0 92
17 29824 95 4 29919 0 95
645 29599 100 2 29981 282 382
644 30557 91 2 30648 0 91
648 30753 63 2 30816 0 63
356 30692 82 4 30837 63 145
468 30756 97 1 30934 81 178
705 31061 58 3 31119 0 58
797 31051 61 2 31170 58 119
373 31751 48 4 31799 0 48
970 31723 62 4 31833 48 110
381 31678 77 1 31865 110 187
517 31907 82 3 31989 0 82
972 32045 84 3 32129 0 84
965 31955 90 4 32163 118 208
441 32503 73 2 32576 0 73
156 32523 85 2 32661 53 138
446 32505 91 4 32752 156 247
125 32918 93 3 33011 0 93
344 33266 77 4 33343 0 77
130 33258 93 4 33428 77 170
323 33690 39 2 33729 0 39
518 33753 52 3 33805 0 52
751 33821 58 3 33879 0 58
843 33881 29 3 33910 0 29
960 33754 59 2 33951 138 197
605 33942 71 3 34022 9 80
585 33684 79 3 34071 308 387
301 34041 96 3 34167 30 126
566 34206 92 4 34298 0 92
673 34315 87 2 34402 0 87
355 34307 91 1 34485 87 178
713 34580 44 4 34624 0 44
675 34631 46 4 34677 0 46
727 34975 69 4 35044 0 69
653 35060 97 4 35157 0 97
265 35295 66 1 35361 0 66
14 35287 90 1 35443 66 156
600 35195 94 4 35445 156 250
451 35172 99 3 35521 250 349
632 35614 54 4 35668 0 54
755 35550 66 1 35670 54 120
521 35697 44 3 35741 0 44
16 35898 89 4 35987 0 89
988 36047 82 3 36129 0 82
509 36131 81 4 36212 0 81
659 36237 79 2 36316 0 79
793 36339 43 3 36382 0 43
149 36320 71 4 36434 43 114
246 35930 98 4 36441 413 511
639 36821 97 3 36918 0 97
952 37044 59 3 37103 0 59
166 37072 92 4 37195 31 123
910 37327 24 3 37351 0 24
155 37436 59 2 37495 0 59
33 37364 90 4 37513 59 149
433 37649 41 4 37690 0 41
305 37981 73 4 38054 0 73
128 38061 99 2 38160 0 99
505 38188 78 3 38266 0 78
172 38339 54 3 38393 0 54
627 38210 100 3 38420 110 210
933 38588 53 1 38641 0 53
626 38506 89 2 38648 53 142
553 38511 99 3 38747 137 236
986 38767 82 1 38849 0 82
367 38862 74 4 38936 0 74
271 38760 94 4 39010 156 250
624 39335 62 1 39397 0 62
805 39484 59 2 39543 0 59
602 39566 83 4 39649 0 83
856 39487 83 1 39709 139 222
613 39404 88 4 39717 225 313
813 39675 90 2 39807 42 132
900 39853 61 4 39914 0 61
814 39690 93 2 39961 178 271
703 39969 70 1 40039 0 70
555 39964 76 4 40110 70 146
548 39868 96 4 40203 239 335
34 40068 98 2 40301 135 233
721 40396 86 2 40482 0 86
550 39992 99 2 40486 395 494
478 40541 82 4 40623 0 82
105 40650 95 1 40745 0 95
377 40774 62 4 40836 0 62
740 41121 52 3 41173 0 52
1000 41198 45 3 41243 0 45
545 41373 69 4 41442 0 69
464 41441 71 4 41513 1 72
998 41671 60 4 41731 0 60
556 41797 59 4 41856 0 59
179 41871 75 2 41946 0 75
808 41963 67 4 42030 0 67
513 42347 81 3 42428 0 81
351 42511 65 4 42576 0 65
269 42491 78 3 42634 65 143
425 42417 93 4 42664 154 247
406 42699 80 4 42779 0 80
515 42780 66 4 42846 0 66
294 42534 99 2 42909 276 375
334 43022 92 4 43114 0 92
825 43127 56 2 43183 0 56
782 43198 79 3 43277 0 79
913 43274 84 1 43361 3 87
693 43221 88 2 43449 140 228
643 43103 100 2 43521 318 418
185 43526 96 2 43622 0 96
113 43704 66 4 43770 0 66
371 43742 71 4 43841 28 99
38 43692 78 3 43907 137 215
750 43762 80 3 43987 145 225
94 43684 88 2 44067 295 383
74 44143 74 4 44217 0 74
685 43822 92 2 44233 319 411
511 44348 37 1 44385 0 37
828 44289 66 3 44392 37 103
46 44274 87 3 44464 103 190
844 44510 34 3 44544 0 34
303 44128 96 4 44553 329 425
944 44141 97 4 44650 412 509
547 44694 90 4 44784 0 90
862 44814 76 4 44890 0 76
148 44915 57 4 44972 0 57
68 44968 64 1 45036 4 68
661 45067 79 4 45146 0 79
247 45152 96 3 45248 0 96
496 44950 97 4 45308 261 358
826 44028 99 3 45308 1181 1280
419 45371 67 2 45438 0 67
171 45484 67 4 45551 0 67
578 45568 70 3 45638 0 70
949 45476 76 2 45689 137 213
342 45786 68 3 45854 0 68
839 45723 84 4 45875 68 152
568 45888 37 4 45925 0 37
79 45941 76 4 46017 0 76
393 45922 85 3 46086 79 164
757 46157 46 4 46203 0 46
327 45723 93 2 46212 396 489
414 46276 31 3 46307 0 31
708 46345 53 4 46398 0 53
784 46445 70 4 46515 0 70
66 46367 76 3 46544 101 177
70 46498 93 1 46637 46 139
664 46655 80 2 46735 0 80
143 46498 99 4 46816 219 318
277 46945 89 4 47034 0 89
531 47072 54 4 47126 0 54
225 47165 51 4 47216 0 51
314 47114 68 4 47245 63 131
428 47367 94 3 47461 0 94
187 47586 69 4 47655 0 69
165 47871 50 3 47921 0 50
523 47895 70 1 47991 26 96
298 47851 96 4 48067 120 216
836 47988 99 2 48166 79 178
21 48233 71 4 48304 0 71
443 48391 42 1 48433 0 42
321 48309 94 3 48445 42 136
715 48546 53 3 48599 0 53
927 48640 78 4 48718 0 78
801 48786 69 4 48855 0 69
256 48865 73 4 48938 0 73
287 48998 92 4 49090 0 92
189 49106 74 4 49180 0 74
799 49336 76 4 49412 0 76
706 49300 80 4 49456 76 156
199 49398 86 4 49542 58 144
285 49325 91 4 49633 217 308
139 49694 32 4 49726 0 32
654 49739 80 1 49819 0 80
159 49634 88 4 49834 112 200
221 49986 35 4 50021 0 35
174 49924 99 3 50058 35 134
205 50072 69 4 50141 0 69
662 50202 86 2 50288 0 86
999 50445 66 1 50511 0 66
153 50561 58 4 50619 0 58
821 50419 81 4 50624 124 205
593 50470 89 3 50713 154 243
253 50736 68 3 50804 0 68
623 50858 51 2 50909 0 51
71 50419 91 2 50923 413 504
186 50929 47 2 50976 0 47
145 50944 54 3 51030 32 86
280 50964 68 4 51098 66 134
449 50799 93 4 51273 381 474
958 51275 88 2 51363 0 88
937 51351 91 4 51454 12 103
453 51022 93 4 51457 342 435
242 51533 56 3 51589 0 56
329 50511 94 3 51607 1002 1096
587 50325 95 3 51608 1188 1283
527 51628 34 3 51662 0 34
936 51800 49 4 51849 0 49
476 51822 52 1 51901 27 79
674 51912 70 4 51982 0 70
756 51967 70 2 52052 15 85
945 51821 83 4 52197 293 376
569 52015 83 4 52207 109 192
258 52125 97 4 52304 82 179
154 52590 69 3 52659 0 69
50 52583 77 1 52729 69 146
771 53058 67 2 53125 0 67
592 53238 70 1 53308 0 70
876 53309 61 2 53370 0 61
440 53246 98 3 53467 123 221
658 53912 88 4 54000 0 88
877 54077 78 2 54155 0 78
80 54105 92 2 54247 50 142
304 54254 79 2 54333 0 79
964 54392 64 4 54456 0 64
350 54170 95 4 54485 220 315
774 54576 52 3 54628 0 52
955 54587 71 2 54699 41 112
824 54771 72 4 54843 0 72
560 54703 81 2 54856 72 153
980 54542 87 4 54905 276 363
306 54753 89 3 54994 152 241
520 55016 61 3 55077 0 61
984 55135 25 2 55160 0 25
325 54839 91 2 55171 241 332
597 54559 93 2 55264 612 705
969 55350 47 4 55397 0 47
195 55424 55 3 55479 0 55
484 55465 59 4 55538 14 73
310 55608 82 3 55690 0 82
359 55921 94 3 56015 0 94
928 55832 97 2 56023 94 191
167 56064 53 3 56117 0 53
151 56160 72 3 56232 0 72
400 56147 100 3 56319 72 172
957 56434 67 4 56501 0 67
49 56467 70 3 56571 34 104
386 56606 79 3 56685 0 79
1 56428 90 4 56734 216 306
135 56782 53 3 56835 0 53
220 56639 97 4 56884 148 245
322 56971 51 4 57022 0 51
47 57092 42 4 57134 0 42
817 57027 70 3 57139 42 112
700 56609 100 1 57147 438 538
723 57177 31 3 57208 0 31
110 57462 57 3 57519 0 57
859 57562 79 1 57641 0 79
590 57649 65 3 57714 0 65
481 57732 40 2 57772 0 40
611 57723 78 4 57841 40 118
616 57851 43 4 57894 0 43
261 57747 96 2 57980 137 233
981 57989 58 3 58047 0 58
709 58043 75 2 58122 4 79
880 57754 99 3 58212 359 458
10 58248 45 4 58293 0 45
44 58409 83 3 58492 0 83
676 58336 92 3 58511 83 175
384 58364 99 3 58610 147 246
226 58706 83 4 58789 0 83
651 58874 41 4 58915 0 41
111 58822 88 4 58951 41 129
126 58654 90 4 58956 212 302
902 58726 94 2 59050 230 324
941 59223 96 4 59319 0 96
394 59434 27 2 59461 0 27
780 59359 89 4 59475 27 116
726 59394 95 4 59570 81 176
318 59629 68 1 59697 0 68
180 59708 65 4 59773 0 65
88 59765 100 4 59873 8 108
785 59893 62 4 59955 0 62
123 59977 23 2 60000 0 23
631 60034 64 4 60098 0 64
252 59972 75 4 60134 87 162
498 60155 58 4 60213 0 58
181 60082 95 2 60287 110 205
842 60416 88 4 60504 0 88
512 60604 75 4 60679 0 75
787 60611 86 4 60765 68 154
916 60818 87 3 60905 0 87
175 60700 88 4 60976 188 276
163 61004 50 4 61054 0 50
951 60841 88 4 61078 149 237
919 60570 90 3 61134 474 564
811 61196 45 4 61241 0 45
116 61151 53 4 61249 45 98
368 61277 77 4 61354 0 77
382 61415 54 4 61469 0 54
514 61359 84 3 61497 54 138
237 61510 56 1 61566 0 56
434 61555 68 2 61634 11 79
807 61564 83 3 61717 70 153
210 61872 37 4 61909 0 37
722 61811 64 2 61912 37 101
456 61744 80 3 61925 101 181
576 61937 65 3 62002 0 65
581 61979 78 4 62080 23 101
563 61871 84 3 62152 197 281
480 61236 89 2 62168 843 932
86 61565 90 3 62258 603 693
124 61368 92 4 62350 890 982
935 62397 72 3 62469 0 72
528 60620 94 4 62517 1803 1897
953 62481 94 4 62593 18 112
943 62347 94 3 62687 246 340
684 62753 72 4 62825 0 72
971 62734 84 3 62890 72 156
162 60650 96 3 62939 2193 2289
840 63026 59 3 63085 0 59
968 63145 42 4 63187 0 42
852 63285 66 4 63351 0 66
841 63218 75 4 63359 66 141
281 63468 50 3 63518 0 50
238 63485 60 3 63578 33 93
338 63500 71 3 63649 78 149
604 63715 69 3 63784 0 69
759 63746 81 3 63865 38 119
302 63628 88 4 63887 171 259
313 63407 88 1 63914 419 507
136 63262 90 4 63956 604 694
665 63722 90 3 64046 234 324
629 63067 91 3 64046 888 979
923 64128 70 3 64198 0 70
369 63310 93 1 64209 806 899
551 64316 39 4 64355 0 39
586 64253 75 4 64367 39 114
83 64372 71 2 64443 0 71
267 64445 87 2 64532 0 87
389 63376 94 3 64575 1105 1199
884 64636 85 4 64721 0 85
204 64576 93 4 64754 85 178
896 64839 41 4 64880 0 41
431 64591 94 4 64889 204 298
701 61751 97 4 64907 3059 3156
956 64109 97 4 64995 789 886
168 65025 79 4 65104 0 79
989 65109 90 2 65199 0 90
710 61836 98 2 65262 3328 3426
466 64654 99 3 65361 608 707
493 63775 100 3 65461 1586 1686
140 65502 85 3 65587 0 85
915 65716 51 4 65767 0 51
583 65752 69 4 65836 15 84
457 65652 81 1 65853 120 201
215 65886 42 3 65928 0 42
339 65888 89 3 66017 40 129
460 66039 73 2 66112 0 73
106 65916 97 1 66187 174 271
954 66343 26 4 66369 0 26
544 66288 65 2 66379 26 91
341 66436 74 4 66510 0 74
579 66297 82 3 66535 156 238
104 66614 30 3 66644 0 30
717 66510 87 4 66652 55 142
435 66689 83 1 66772 0 83
142 66791 55 3 66846 0 55
316 66813 72 4 66918 33 105
760 67011 56 3 67067 0 56
291 66936 92 3 67084 56 148
744 67126 71 3 67197 0 71
903 67107 72 2 67250 71 143
660 67199 79 4 67329 51 130
741 66820 93 4 67381 468 561
348 67467 61 4 67528 0 61
127 67436 77 3 67574 61 138
63 66376 96 3 67599 1127 1223
719 66931 96 3 67655 628 724
109 67696 40 3 67736 0 40
882 67673 96 1 67809 40 136
422 68147 49 3 68196 0 49
533 68181 63 2 68259 15 78
650 68386 47 4 68433 0 47
208 68344 87 4 68478 47 134
309 68563 83 2 68646 0 83
823 68514 89 3 68686 83 172
647 68689 59 4 68748 0 59
830 68732 71 2 68819 16 87
720 68836 35 3 68871 0 35
535 68748 78 4 68932 106 184
888 69029 61 4 69090 0 61
906 68999 66 4 69126 61 127
482 68520 90 3 69146 536 626
203 68302 93 4 69161 766 859
76 69041 96 4 69257 120 216
41 69296 34 4 69330 0 34
863 69486 55 3 69541 0 55
307 69394 94 3 69543 55 149
206 69516 95 4 69638 27 122
594 69395 95 3 69733 243 338
475 69324 96 3 69765 345 441
114 69782 59 4 69841 0 59
732 69888 71 3 69959 0 71
924 69812 71 2 69983 100 171
486 70015 86 4 70101 0 86
735 69914 93 3 70162 155 248
349 69876 96 4 70258 286 382
328 68938 97 1 70299 1264 1361
977 69257 98 3 70397 1042 1140
881 70412 71 4 70483 0 71
82 70510 73 4 70583 0 73
942 70651 65 1 70716 0 65
905 70592 79 3 70736 65 144
69 70433 81 4 70781 267 348
452 70905 49 2 70954 0 49
240 70961 45 4 71006 0 45
975 70862 79 2 71035 94 173
51 70857 81 3 71111 173 254
150 70755 87 2 71122 280 367
680 71176 84 3 71260 0 84
790 71272 77 4 71349 0 77
404 71207 88 4 71425 130 218
991 71024 92 2 71463 347 439
494 71173 94 4 71557 290 384
912 71720 53 2 71773 0 53
849 71821 38 4 71859 0 38
462 71916 56 4 71972 0 56
118 71828 59 3 71974 87 146
102 71983 75 3 72058 0 75
87 71947 77 4 72194 170 247
832 72058 77 4 72203 68 145
45 71765 80 3 72235 390 470
831 71646 84 3 72245 515 599
907 72328 52 2 72380 0 52
574 72284 68 1 72404 52 120
667 72365 71 3 72475 39 110
132 72480 36 2 72516 0 36
504 72307 77 2 72588 204 281
320 72054 86 1 72635 495 581
589 72510 87 4 72722 125 212
65 72814 49 1 72863 0 49
846 72784 63 2 72896 49 112
346 72803 81 2 72977 93 174
686 73049 53 3 73102 0 53
595 73042 68 1 73163 53 121
810 72972 84 4 73182 126 210
343 73229 41 3 73270 0 41
634 71894 92 3 73284 1298 1390
901 73333 33 3 73366 0 33
561 73424 40 4 73464 0 40
213 73399 77 4 73516 40 117
53 73340 81 4 73564 143 224
28 73576 50 1 73626 0 50
207 73569 75 1 73694 50 125
196 73755 67 3 73822 0 67
465 72830 92 3 73872 950 1042
437 73499 92 3 73942 351 443
263 73199 92 3 73952 661 753
48 72439 93 1 74045 1513 1606
917 72448 94 4 74139 1597 1691
375 74141 49 3 74190 0 49
230 74270 34 3 74304 0 34
853 74195 93 4 74322 34 127
223 74368 54 4 74422 0 54
926 74386 86 4 74508 36 122
990 72872 94 2 74549 1583 1677
91 73556 95 4 74739 1088 1183
904 72441 95 4 74739 2203 2298
730 74074 96 4 74835 665 761
470 74892 52 4 74944 0 52
677 74910 76 4 75020 34 110
745 75254 59 4 75313 0 59
495 75204 67 4 75330 59 126
663 75163 71 4 75360 126 197
754 75096 79 3 75372 197 276
570 75409 58 4 75467 0 58
365 75509 60 3 75569 0 60
56 75594 69 3 75663 0 69
866 75722 55 3 75777 0 55
538 75666 64 2 75785 55 119
445 75801 44 2 75845 0 44
932 75533 73 2 75874 268 341
397 75376 81 3 75880 423 504
36 75905 43 4 75948 0 43
257 75905 56 3 76004 43 99
273 75888 73 4 76060 99 172
892 76069 64 3 76133 0 64
891 75579 82 4 76198 537 619
360 76288 67 1 76355 0 67
438 76379 55 4 76434 0 55
390 76250 80 4 76452 122 202
388 76467 64 4 76531 0 64
251 75128 82 2 76542 1332 1414
54 76550 34 2 76584 0 34
571 76553 37 1 76621 31 68
290 75696 85 2 76698 917 1002
806 76737 34 2 76771 0 34
5 76830 34 4 76864 0 34
312 76762 66 3 76871 43 109
789 75727 86 3 77004 1191 1277
37 76141 86 3 77004 777 863
363 75360 87 4 77091 1644 1731
878 75562 88 4 77179 1529 1617
317 77320 58 4 77378 0 58
467 77398 57 2 77455 0 57
812 77376 66 4 77501 59 125
84 77534 50 3 77584 0 50
733 77583 69 4 77653 1 70
699 77639 74 4 77727 14 88
993 77279 75 2 77728 374 449
637 77383 78 4 77806 345 423
562 77840 53 3 77893 0 53
502 77265 85 3 77930 580 665
55 77935 51 4 77986 0 51
398 78058 70 2 78128 0 70
922 77952 73 3 78129 104 177
454 78030 79 4 78208 99 178
27 78289 72 3 78361 0 72
315 77963 84 3 78364 317 401
833 77587 86 4 78445 772 858
278 78474 80 2 78554 0 80
697 78663 53 2 78716 0 53
13 78693 63 4 78779 23 86
682 78621 68 3 78805 116 184
121 78765 73 2 78878 40 113
319 78902 44 4 78946 0 44
526 78898 78 4 79020 44 122
872 78568 82 4 79029 379 461
183 79073 42 1 79115 0 42
678 79034 64 4 79140 42 106
861 79198 75 3 79273 0 75
379 79122 81 3 79296 93 174
736 79295 82 2 79378 1 83
374 78875 86 1 79459 498 584
702 79315 89 4 79548 144 233
283 79659 66 1 79725 0 66
24 79655 84 4 79805 66 150
779 78331 90 2 79833 1412 1502
270 78192 90 2 79835 1553 1643
883 77551 91 3 79926 2284 2375
268 75432 92 3 79938 4414 4506
231 79982 61 2 80043 0 61
816 79942 74 2 80077 61 135
182 80082 44 4 80126 0 44
392 80171 72 3 80243 0 72
399 80315 84 4 80399 0 84
507 80224 90 4 80417 103 193
559 79094 92 3 80449 1263 1355
974 80511 67 4 80578 0 67
250 80529 88 1 80666 49 137
12 77968 93 4 80790 2729 2822
573 76094 93 4 80790 4603 4696
417 80869 77 2 80946 0 77
308 75332 93 4 80960 5535 5628
289 81002 71 4 81073 0 71
497 81109 70 3 81179 0 70
97 81270 54 4 81324 0 54
198 81188 82 4 81324 54 136
201 81339 74 2 81413 0 74
963 81193 89 3 81487 205 294
698 81396 89 2 81576 91 180
427 80465 93 3 81588 1030 1123
580 81590 91 4 81681 0 91
164 81709 61 3 81770 0 61
911 81712 70 2 81840 58 128
152 81780 78 3 81918 60 138
485 81850 79 4 81997 68 147
795 82023 57 4 82080 0 57
412 81891 81 1 82135 163 244
775 82225 55 4 82280 0 55
565 82171 60 4 82286 55 115
217 82333 73 3 82406 0 73
92 82425 51 2 82476 0 51
178 82272 75 3 82485 138 213
516 82245 90 1 82575 240 330
591 81325 93 3 82596 1178 1271
729 82726 66 4 82792 0 66
236 82676 88 3 82830 66 154
694 82784 90 3 82920 46 136
347 77248 93 2 82933 5592 5685
649 82967 77 2 83044 0 77
395 83101 55 4 83156 0 55
994 80592 94 4 83159 2473 2567
447 80714 95 4 83254 2445 2540
635 83636 30 4 83666 0 30
681 83668 39 3 83707 0 39
57 83578 73 4 83720 69 142
4 83563 88 4 83793 142 230
190 83804 47 4 83851 0 47
886 83848 56 2 83907 3 59
93 83871 70 2 83977 36 106
483 84035 53 2 84088 0 53
603 84117 49 2 84166 0 49
426 84099 63 3 84211 49 112
197 84237 31 4 84268 0 31
671 84139 76 4 84318 103 179
376 83943 76 3 84325 306 382
860 84179 76 1 84401 146 222
879 84263 78 4 84479 138 216
929 83957 84 3 84563 522 606
232 84429 85 2 84648 134 219
249 84338 86 1 84734 310 396
656 84767 84 2 84851 0 84
442 84862 53 1 84915 0 53
52 84891 65 4 84980 24 89
487 85000 71 2 85071 0 71
170 84300 88 4 85095 707 795
688 85138 53 1 85191 0 53
408 85176 55 3 85246 15 70
357 85309 34 3 85343 0 34
380 85279 47 3 85360 34 81
262 85194 69 3 85396 133 202
160 85106 83 3 85447 258 341
42 85533 86 2 85619 0 86
331 85622 43 4 85665 0 43
429 85721 50 4 85771 0 50
802 85622 65 3 85780 93 158
108 85812 53 3 85865 0 53
326 85695 68 4 85901 138 206
402 85749 68 3 85969 152 220
890 85563 87 2 86053 403 490
630 85503 87 1 86110 520 607
219 86199 49 2 86248 0 49
89 86255 33 3 86288 0 33
765 86168 69 2 86319 82 151
873 86102 89 4 86350 159 248
337 84980 92 3 86375 1303 1395
59 86471 37 1 86508 0 37
72 86446 69 1 86552 37 106
85 86665 62 4 86727 0 62
352 86642 64 2 86768 62 126
792 86576 75 3 86786 135 210
362 86661 75 3 86852 116 191
768 86896 52 2 86948 0 52
786 86470 77 4 86986 439 516
503 86876 77 4 87034 81 158
791 86726 82 2 87116 308 390
421 87193 65 4 87258 0 65
519 87260 32 4 87292 0 32
473 86668 83 3 87296 545 628
800 87328 81 3 87409 0 81
620 87094 84 2 87461 283 367
687 87486 52 4 87538 0 52
67 87285 86 3 87599 228 314
746 87410 87 3 87686 189 276
772 87711 44 2 87755 0 44
838 87684 88 1 87818 46 134
712 87899 62 3 87961 0 62
747 87883 85 1 88030 62 147
695 87760 90 4 88055 205 295
385 88142 48 4 88190 0 48
173 88182 55 3 88245 8 63
29 88270 58 3 88328 0 58
914 88103 74 3 88338 161 235
804 88180 79 2 88417 158 237
655 88091 82 2 88487 314 396
874 88552 79 4 88631 0 79
966 88080 84 4 88639 475 559
764 88682 33 3 88715 0 33
424 88724 68 2 88792 0 68
413 88647 78 3 88826 101 179
869 88415 85 4 88903 403 488
851 88948 45 2 88993 0 45
598 88923 56 4 89024 45 101
177 89044 39 4 89083 0 39
885 89049 43 3 89126 34 77
474 89055 58 4 89184 71 129
692 89102 70 4 89254 82 152
973 89307 43 1 89350 0 43
572 89178 72 4 89369 119 191
725 89411 39 1 89450 0 39
141 89045 78 4 89486 363 441
946 89028 78 3 89548 442 520
254 87450 90 2 89589 2049 2139
657 89713 44 4 89757 0 44
827 89823 54 4 89877 0 54
372 89715 77 3 89888 96 173
819 89831 81 1 89969 57 138
711 89672 83 4 90011 256 339
829 90053 82 4 90135 0 82
7 90227 24 2 90251 0 24
961 90199 42 4 90265 24 66
73 90294 29 4 90323 0 29
742 90278 44 4 90351 29 73
679 90373 48 3 90421 0 48
122 90469 44 3 90513 0 44
619 90392 51 4 90516 73 124
696 90170 79 4 90531 282 361
868 90333 82 2 90613 198 280
691 90683 49 1 90732 0 49
95 90622 75 4 90746 49 124
492 89899 86 4 90746 761 847
25 90756 64 3 90820 0 64
169 90820 75 4 90895 0 75
893 90897 26 3 90923 0 26
6 90864 88 1 91009 57 145
939 90750 89 4 91092 253 342
293 90732 89 1 91177 356 445
847 91184 45 4 91229 0 45
575 89625 90 4 91265 1550 1640
272 91286 61 4 91347 0 61
762 91420 44 2 91464 0 44
345 91478 35 4 91513 0 35
540 91436 45 2 91544 63 108
479 91404 83 2 91611 124 207
469 91525 85 4 91696 86 171
501 90118 90 3 91708 1500 1590
633 91753 58 4 91811 0 58
370 91768 75 4 91886 43 118
463 91940 47 4 91987 0 47
423 91968 60 4 92047 19 79
234 91868 82 3 92075 125 207
218 92062 88 1 92163 13 101
75 88675 91 4 92173 3407 3498
858 92182 50 4 92232 0 50
137 92347 53 3 92400 0 53
552 92299 62 4 92414 53 115
670 92432 66 2 92498 0 66
918 92405 70 2 92550 75 145
194 92600 31 4 92631 0 31
11 92635 41 4 92676 0 41
996 92604 49 3 92721 68 117
191 92783 43 3 92826 0 43
461 92626 71 4 92835 138 209
354 92422 72 4 92857 363 435
297 92528 74 2 92931 329 403
529 92708 75 4 93006 223 298
439 93047 64 4 93111 0 64
202 93102 76 4 93187 9 85
889 92269 77 2 93193 847 924
704 92936 78 2 93271 257 335
835 92424 80 4 93351 847 927
31 93388 50 4 93438 0 50
987 93401 59 2 93497 37 96
870 93558 65 2 93623 0 65
668 93413 73 3 93635 149 222
707 93644 61 2 93705 0 61
209 93716 43 4 93759 0 43
596 93644 80 3 93828 104 184
259 93834 31 3 93865 0 31
925 93851 72 3 93937 14 86
809 92843 80 2 93965 1042 1122
224 92743 81 4 94046 1222 1303
976 94147 63 4 94210 0 63
716 94231 58 3 94289 0 58
241 94114 64 4 94299 121 185
940 94345 62 4 94407 0 62
778 94181 80 4 94441 180 260
683 93835 82 3 94455 538 620
418 94488 62 4 94550 0 62
767 94599 77 3 94676 0 77
416 94694 30 3 94724 0 30
622 94717 38 4 94762 7 45
601 94792 64 3 94856 0 64
731 94729 81 2 94907 97 178
282 93875 85 4 95012 1052 1137
107 92973 85 4 95012 1954 2039
815 94715 85 4 95062 262 347
777 93955 85 3 95147 1107 1192
875 95175 73 2 95248 0 73
248 93852 86 2 95306 1368 1454
488 92591 86 1 95392 2715 2801
401 95409 70 1 95479 0 70
718 94823 87 1 95549 639 726
672 92202 89 2 95601 3310 3399
64 95081 90 4 95691 520 610
420 95694 31 4 95725 0 31
407 92889 90 3 95812 2833 2923
330 95956 64 2 96020 0 64
228 94475 91 4 96058 1492 1583
459 93748 91 4 96058 2219 2310
534 88554 91 1 96222 7577 7668
864 95112 91 1 96231 1028 1119
887 96350 70 3 96420 0 70
184 96346 83 2 96499 70 153
90 95308 92 3 96568 1168 1260
734 93090 92 3 96568 3386 3478
161 96665 44 3 96709 0 44
857 96715 57 2 96772 0 57
471 96787 52 2 96839 0 52
387 96698 75 1 96893 120 195
978 96705 79 3 96972 188 267
837 96953 80 3 97052 19 99
567 97081 63 4 97144 0 63
614 97077 71 2 97211 63 134
30 97296 41 3 97337 0 41
636 97259 66 4 97366 41 107
77 97383 32 3 97415 0 32
129 97221 67 4 97427 139 206
299 97084 80 4 97497 333 413
938 97458 81 2 97578 39 120
525 97590 31 3 97621 0 31
714 96831 88 4 97672 753 841
43 97693 79 2 97772 0 79
628 97766 82 2 97854 6 88
606 97786 83 3 97937 68 151
391 97938 47 2 97985 0 47
134 98120 47 4 98167 0 47
117 98231 57 1 98288 0 57
894 98319 58 4 98377 0 58
995 98242 63 3 98409 104 167
522 98172 75 4 98425 178 253
739 98082 83 3 98465 300 383
536 98516 50 1 98566 0 50
615 98490 82 4 98622 50 132
769 98076 84 4 98675 515 599
444 98404 85 4 98760 271 356
638 98801 52 4 98853 0 52
588 98801 59 3 98912 52 111
621 98821 64 3 98976 91 155
450 98974 66 3 99042 2 68
997 99124 28 4 99152 0 28
353 98946 83 4 99153 124 207
908 99216 65 3 99281 0 65
967 99302 59 3 99361 0 59
557 99389 24 4 99413 0 24
867 99342 74 4 99459 43 117
255 99492 58 3 99550 0 58
295 99469 72 4 99599 58 130
788 99603 52 2 99655 0 52
558 99653 67 3 99722 2 69
35 99621 74 4 99796 101 175
332 99832 57 3 99889 0 57
409 99731 75 2 99928 122 197
131 99961 69 2 100030 0 69
761 99987 74 1 100104 43 117
608 99290 79 3 100124 755 834
724 99372 81 1 100205 752 833
508 98903 83 2 100216 1230 1313
458 99304 84 4 100300 912 996
934 99312 84 3 100384 988 1072
410 98410 86 3 100429 1933 2019
22 98017 87 4 100486 2382 2469
618 98366 87 4 100544 2091 2178
20 97700 88 3 100599 2811 2899
81 99452 89 4 100688 1147 1236
335 99427 89 3 100777 1261 1350
798 96692 90 4 100846 4064 4154
776 99598 92 4 101030 1340 1432
296 97351 92 4 101030 3587 3679
983 89673 93 4 101237 11471 11564
749 86676 93 4 101237 14468 14561
609 93584 93 4 101237 7560 7653
274 89176 93 4 101305 12036 12129
432 90835 93 3 101584 10656 10749
564 91716 93 3 101584 9775 9868
176 98924 93 3 101584 2567 2660
383 96334 93 3 101677 5250 5343
78 94936 93 2 101863 6834 6927
244 96480 93 2 101863 5290 5383
147 97072 94 4 101957 4791 4885
472 92349 94 2 102051 9608 9702
40 93855 95 4 102241 8291 8386
947 95770 95 4 102241 6376 6471
99 76738 95 3 102309 25476 25571
448 82538 95 3 102309 19676 19771
415 83204 95 3 102311 19012 19107
822 76669 95 3 102350 25586 25681
950 82380 95 3 102356 19881 19976
489 89793 95 3 102420 12532 12627
300 90184 95 2 102895 12616 12711
666 86813 95 2 102895 15987 16082
200 98458 95 2 102895 4342 4437
336 77869 95 2 102895 24931 25026
982 75856 95 2 102895 26944 27039
311 82460 96 4 103087 20531 20627
640 79137 96 4 103087 23854 23950
15 97219 96 4 103183 5868 5964
396 93669 96 3 103375 9610 9706
500 89870 96 3 103375 13409 13505
743 98589 96 3 103567 4882 4978
411 94657 96 3 103567 8814 8910
992 93413 96 3 103663 10154 10250
542 87004 96 2 103855 16755 16851
584 97538 96 2 103855 6221 6317
962 96255 96 2 104047 7696 7792
358 95108 96 2 104047 8843 8939
260 73579 96 1 104108 30433 30529
582 73413 96 1 104167 30658 30754
264 88654 96 1 104202 15452 15548
490 80482 97 4 104590 24011 24108
537 74694 97 4 104590 29799 29896
577 96071 97 4 104590 8422 8519
23 75279 97 4 104590 29214 29311
728 72743 97 4 104784 31944 32041
235 86224 97 4 104784 18463 18560
188 79866 97 3 105172 25209 25306
738 76114 97 3 105172 28961 29058
62 75980 97 3 105172 29095 29192
979 97690 97 3 105172 7385 7482
781 82151 97 2 105366 23118 23215
794 98269 97 2 105366 7000 7097
2 91370 97 1 105463 13996 14093
539 98173 98 4 105659 7388 7486
669 87719 98 4 105659 17842 17940
115 81814 98 3 105855 23943 24041
897 96576 98 3 105855 9181 9279
796 74289 98 3 105953 31566 31664
690 95037 98 1 106149 11014 11112
120 99118 98 1 106149 6933 7031
61 72684 98 1 106247 33465 33563
607 74515 99 4 106445 31831 31930
436 88496 99 4 106445 17850 17949
689 70452 99 4 106466 35915 36014
430 91415 99 4 106554 15040 15139
112 74931 99 3 107049 32019 32118
18 78463 99 3 107049 28487 28586
848 90853 99 3 107049 16097 16196
340 95796 99 3 107049 11154 11253
100 71411 99 3 107049 35539 35638
227 86369 99 3 107247 20779 20878
119 83174 99 3 107247 23974 24073
405 85339 99 3 107346 21908 22007
549 80870 99 2 107544 26575 26674
3 98445 99 2 107544 9000 9099
58 79421 99 2 107841 28321 28420
229 91906 99 2 107841 15836 15935
361 97970 99 2 107841 9772 9871
820 92019 99 1 107940 15822 15921
60 98669 100 4 108240 9471 9571
818 82025 100 4 108240 26115 26215
612 75315 100 4 108240 32825 32925
98 86070 100 4 108440 22270 22370
103 70744 100 4 108440 37596 37696
753 85439 100 1 108540 23001 23101
