102474 1000 554 494
680 1926 76 3 2002 0 76
228 1979 68 4 2071 24 92
901 5269 37 4 5306 0 37
690 5902 55 3 5957 0 55
725 6737 61 3 6798 0 61
70 6915 44 4 6959 0 44
764 7275 69 4 7344 0 69
973 7779 69 4 7848 0 69
758 7958 58 3 8016 0 58
621 9232 51 4 9283 0 51
635 9592 50 4 9642 0 50
111 10198 46 3 10244 0 46
711 10649 66 3 10715 0 66
196 11018 44 4 11062 0 44
400 11090 44 3 11134 0 44
232 12504 57 2 12561 0 57
433 12950 73 1 13023 0 73
798 13079 53 4 13132 0 53
265 13383 44 1 13427 0 44
52 13710 48 4 13758 0 48
235 13843 68 4 13911 0 68
273 13862 76 2 13988 50 126
964 14924 77 2 15001 0 77
131 15680 60 2 15740 0 60
778 15680 64 4 15804 60 124
386 15835 67 4 15902 0 67
692 15915 67 4 15982 0 67
473 16228 67 4 16295 0 67
43 17040 76 4 17116 0 76
137 17175 32 4 17207 0 32
754 17413 74 4 17487 0 74
837 17462 20 3 17508 26 46
77 17569 77 4 17646 0 77
191 18272 54 3 18326 0 54
455 19523 46 2 19569 0 46
923 19678 53 3 19731 0 53
105 19707 53 2 19785 25 78
65 19909 53 2 19962 0 53
613 20062 58 4 20120 0 58
419 20105 84 1 20205 16 100
551 20371 78 4 20449 0 78
938 20710 34 2 20744 0 34
29 20994 36 3 21030 0 36
730 21278 78 3 21356 0 78
153 21428 78 3 21506 0 78
800 21662 47 3 21709 0 47
28 21789 57 4 21846 0 57
623 22052 59 4 22111 0 59
171 22283 87 4 22370 0 87
251 22664 43 3 22707 0 43
939 22699 48 4 22756 9 57
505 23749 78 2 23827 0 78
647 23879 56 3 23935 0 56
408 24106 79 2 24185 0 79
60 24161 66 3 24252 25 91
610 24467 48 3 24515 0 48
746 24518 56 4 24574 0 56
382 24772 68 4 24840 0 68
593 25180 59 1 25239 0 59
656 25320 54 2 25374 0 54
113 25327 62 3 25437 48 110
895 25609 42 1 25651 0 42
641 25880 42 2 25922 0 42
858 26096 76 2 26172 0 76
359 26217 68 4 26285 0 68
701 26364 49 4 26413 0 49
876 26418 73 1 26491 0 73
507 26445 77 2 26569 47 124
453 26529 66 4 26636 41 107
566 26607 56 3 26693 30 86
276 26660 61 3 26755 34 95
767 26710 46 3 26802 46 92
106 26736 43 3 26845 66 109
575 26742 29 1 26874 103 132
809 27038 55 2 27093 0 55
263 27067 83 3 27177 27 110
696 27250 21 3 27271 0 21
991 27272 37 3 27309 0 37
497 27658 57 4 27715 0 57
801 27904 59 4 27963 0 59
250 28105 71 3 28176 0 71
90 28163 40 4 28217 14 54
900 28272 80 4 28352 0 80
422 28461 61 4 28522 0 61
521 28666 56 4 28722 0 56
865 28850 62 3 28912 0 62
995 28905 44 3 28957 8 52
186 29138 27 2 29165 0 27
892 29163 86 3 29252 3 89
302 29562 51 4 29613 0 51
61 29581 30 2 29644 33 63
552 29742 64 3 29806 0 64
917 29745 41 2 29848 62 103
468 30044 71 3 30115 0 71
397 30052 38 4 30154 64 102
569 30874 53 4 30927 0 53
980 30975 75 4 31050 0 75
955 31331 62 1 31393 0 62
896 31356 55 3 31449 38 93
142 31432 59 4 31509 18 77
642 31441 71 1 31580 68 139
877 31451 73 4 31654 130 203
254 31529 42 3 31696 125 167
39 31595 40 4 31737 102 142
354 31621 58 4 31795 116 174
524 31626 74 2 31869 169 243
377 31958 54 4 32012 0 54
130 31990 86 4 32099 23 109
601 32052 43 3 32143 48 91
617 32099 81 3 32224 44 125
14 32479 39 3 32518 0 39
366 32493 52 4 32571 26 78
156 33182 46 3 33228 0 46
125 33211 72 3 33301 18 90
727 33372 44 4 33416 0 44
649 33547 80 4 33627 0 80
487 33707 46 4 33753 0 46
500 33818 51 1 33869 0 51
927 33922 44 4 33966 0 44
135 33989 65 2 34054 0 65
284 34020 38 4 34093 35 73
659 34358 29 3 34387 0 29
220 34758 49 1 34807 0 49
526 34796 54 3 34862 12 66
605 34879 46 4 34925 0 46
322 35318 50 2 35368 0 50
545 35339 73 2 35442 30 103
914 35543 64 3 35607 0 64
327 35661 69 4 35730 0 69
582 36062 52 3 36114 0 52
695 36245 66 2 36311 0 66
425 36296 63 4 36375 16 79
159 36320 68 4 36444 56 124
345 36356 49 3 36493 88 137
482 36689 48 3 36737 0 48
960 36879 47 4 36926 0 47
17 36956 78 4 37034 0 78
165 36959 90 2 37125 76 166
82 37075 67 4 37193 51 118
744 37388 31 2 37419 0 31
488 37662 74 3 37736 0 74
839 37853 63 3 37916 0 63
260 38014 75 4 38089 0 75
92 38194 52 3 38246 0 52
645 38308 55 3 38363 0 55
226 38395 60 2 38455 0 60
203 38480 52 4 38532 0 52
871 38506 65 3 38598 27 92
262 38651 53 4 38704 0 53
42 38810 22 3 38832 0 22
33 38876 44 2 38920 0 44
193 39038 92 4 39130 0 92
62 39047 24 2 39155 84 108
83 39060 54 3 39209 95 149
291 39072 32 2 39241 137 169
993 39138 64 2 39306 104 168
940 39171 72 3 39378 135 207
704 39238 20 3 39398 140 160
810 39514 70 4 39584 0 70
976 39529 48 3 39633 56 104
988 39534 53 2 39686 99 152
672 39876 51 3 39927 0 51
457 39952 57 4 40009 0 57
706 39969 76 4 40086 41 117
51 39984 79 4 40165 102 181
870 40008 77 4 40242 157 234
238 40148 68 2 40311 95 163
403 40204 41 4 40352 107 148
242 40340 61 1 40414 13 74
674 40399 44 4 40459 16 60
56 40404 51 3 40510 55 106
393 40520 64 4 40584 0 64
344 40531 70 4 40655 54 124
301 40692 59 4 40751 0 59
855 40892 56 1 40948 0 56
554 40970 60 3 41030 0 60
811 41084 64 3 41148 0 64
328 41312 67 3 41379 0 67
924 41320 63 2 41443 60 123
261 41494 45 4 41539 0 45
274 41525 38 4 41578 15 53
959 41527 80 4 41658 51 131
406 41664 65 4 41729 0 65
483 41928 66 2 41994 0 66
9 42043 34 2 42077 0 34
576 42113 54 3 42167 0 54
721 42143 66 1 42234 25 91
496 42144 50 4 42284 90 140
495 42209 64 4 42349 76 140
905 42214 65 4 42414 135 200
115 42244 45 3 42459 170 215
36 42301 68 2 42528 159 227
175 42420 76 4 42604 108 184
210 42564 57 1 42662 41 98
780 42869 57 2 42926 0 57
49 42990 72 4 43062 0 72
689 43129 62 1 43191 0 62
618 43131 48 4 43240 61 109
96 43611 40 3 43651 0 40
875 43762 41 3 43803 0 41
141 43770 76 3 43880 34 110
854 43986 61 4 44047 0 61
47 44007 68 4 44116 41 109
715 44033 67 3 44183 83 150
451 44157 86 1 44270 27 113
707 44613 89 4 44702 0 89
117 44676 50 3 44753 27 77
243 44732 73 2 44827 22 95
563 44734 55 3 44882 93 148
247 45007 88 4 45095 0 88
944 45254 60 1 45314 0 60
558 45273 57 3 45372 42 99
84 45486 82 1 45568 0 82
281 45562 50 3 45619 7 57
977 45770 20 4 45790 0 20
225 45891 41 3 45932 0 41
486 46052 80 4 46132 0 80
522 46094 76 1 46209 39 115
127 46147 35 2 46245 63 98
353 46224 44 3 46290 22 66
26 46284 54 2 46345 7 61
80 46377 70 1 46447 0 70
107 46507 49 3 46556 0 49
584 46516 69 2 46626 41 110
494 46572 92 2 46719 55 147
615 46682 36 4 46756 38 74
687 46814 73 4 46887 0 73
154 46816 43 4 46931 72 115
307 46835 68 2 46999 96 164
50 46930 80 4 47080 70 150
660 47144 60 4 47204 0 60
155 47184 50 4 47255 21 71
662 47278 66 3 47344 0 66
216 47360 46 2 47406 0 46
874 47428 61 3 47489 0 61
326 47521 61 4 47582 0 61
267 47572 59 3 47642 11 70
32 47618 42 4 47685 25 67
128 47627 35 4 47720 58 93
308 47685 76 1 47797 36 112
781 47710 52 2 47849 87 139
376 47829 71 2 47921 21 92
836 47886 81 3 48003 36 117
38 48129 79 3 48208 0 79
72 48191 64 1 48273 18 82
799 48235 54 3 48328 39 93
915 48309 24 2 48353 20 44
990 48416 62 1 48478 0 62
364 48518 79 1 48597 0 79
439 48578 22 4 48620 20 42
454 48625 22 2 48647 0 22
399 48666 75 4 48741 0 75
410 48765 54 3 48819 0 54
678 48777 80 1 48900 43 123
143 48938 69 3 49007 0 69
844 49043 84 2 49127 0 84
857 49293 67 4 49360 0 67
595 49294 45 3 49406 67 112
529 49329 56 2 49462 77 133
842 49361 57 3 49519 101 158
217 49543 57 1 49600 0 57
591 49570 28 3 49629 31 59
979 49578 67 4 49696 51 118
341 49607 60 3 49757 90 150
300 49632 51 3 49808 125 176
481 49653 45 2 49853 155 200
503 49713 72 2 49926 141 213
151 49736 47 3 49973 190 237
740 49797 85 4 50058 176 261
198 49908 37 4 50096 151 188
783 49910 59 1 50155 186 245
460 49951 54 4 50209 204 258
173 49972 59 4 50268 237 296
969 50049 50 4 50318 219 269
518 50136 78 1 50397 183 261
129 50195 65 3 50462 202 267
78 50428 81 4 50544 35 116
540 50566 63 4 50629 0 63
912 50601 49 3 50679 29 78
965 50648 68 2 50748 32 100
679 50653 63 4 50811 95 158
87 50723 55 4 50867 89 144
869 50850 49 4 50917 18 67
194 51288 69 2 51357 0 69
966 51304 56 4 51414 54 110
609 51370 52 1 51467 45 97
533 51512 85 3 51597 0 85
673 51733 49 2 51782 0 49
516 51948 69 4 52017 0 69
116 52141 55 4 52196 0 55
437 52360 52 1 52412 0 52
13 52457 50 3 52507 0 50
168 52582 62 4 52644 0 62
333 52657 63 4 52720 0 63
537 52949 72 4 53021 0 72
676 53141 75 3 53216 0 75
499 53170 47 2 53264 47 94
140 53364 53 2 53417 0 53
212 53387 25 2 53443 31 56
120 53397 50 4 53493 46 96
75 53424 55 4 53549 70 125
447 53578 78 2 53656 0 78
362 53681 58 3 53739 0 58
862 53709 55 3 53795 31 86
688 53800 47 3 53847 0 47
747 53875 73 3 53948 0 73
179 53907 86 2 54035 42 128
380 53920 54 4 54089 115 169
10 54156 78 2 54234 0 78
269 54182 58 2 54293 53 111
63 54538 51 1 54589 0 51
720 54706 81 3 54787 0 81
873 54708 63 3 54851 80 143
735 55538 70 3 55608 0 70
40 55610 71 1 55681 0 71
21 55786 84 2 55870 0 84
229 55815 82 1 55953 56 138
97 55895 42 4 55996 59 101
585 55934 84 4 56080 62 146
686 56004 68 4 56149 77 145
224 56017 46 3 56195 132 178
731 56079 51 4 56246 116 167
436 56082 61 3 56308 165 226
430 56119 65 2 56373 189 254
264 56170 86 1 56459 203 289
772 56247 40 4 56499 212 252
237 56254 52 4 56552 246 298
643 56313 89 3 56641 239 328
562 56320 74 4 56715 321 395
88 56362 50 4 56765 353 403
122 56375 61 4 56826 390 451
710 56384 73 1 56899 442 515
769 56546 43 3 56943 354 397
753 56548 58 2 57001 395 453
356 56573 56 4 57057 428 484
671 56578 45 2 57102 479 524
607 56670 52 1 57154 432 484
336 56700 42 3 57196 454 496
763 56847 55 4 57251 349 404
713 56932 77 3 57329 320 397
863 56971 55 3 57384 358 413
280 56971 43 3 57427 413 456
472 56992 39 4 57466 435 474
420 57018 61 4 57527 448 509
319 57171 65 4 57592 356 421
16 57456 45 1 57638 137 182
779 57547 47 4 57685 91 138
279 57637 76 2 57762 49 125
434 57643 82 1 57844 119 201
577 57891 68 4 57959 0 68
4 58136 59 4 58195 0 59
176 58376 73 2 58449 0 73
99 58382 51 3 58501 68 119
600 58671 65 3 58736 0 65
835 58677 54 4 58791 60 114
886 58831 67 4 58898 0 67
548 58993 64 3 59057 0 64
19 59006 80 4 59138 52 132
299 59187 82 3 59269 0 82
581 59205 50 3 59320 65 115
162 59209 42 4 59362 111 153
215 59300 51 3 59414 63 114
218 59409 56 3 59471 6 62
930 59416 33 4 59505 56 89
717 59448 35 1 59540 57 92
396 59475 55 3 59596 66 121
646 59600 61 3 59661 0 61
681 59689 54 2 59743 0 54
211 59809 37 2 59846 0 37
890 59814 58 4 59905 33 91
208 60133 49 4 60182 0 49
588 60186 71 2 60257 0 71
321 60253 89 2 60347 5 94
373 60275 38 4 60386 73 111
736 60641 79 3 60720 0 79
119 60766 70 4 60836 0 70
637 60831 51 4 60888 6 57
812 60835 71 4 60959 53 124
527 60970 49 4 61019 0 49
435 61023 81 3 61104 0 81
289 61204 100 3 61304 0 100
317 61246 77 4 61382 59 136
831 61285 58 4 61440 97 155
742 61367 48 2 61489 74 122
723 61394 46 3 61535 95 141
295 61508 54 3 61590 28 82
962 61517 23 3 61613 73 96
174 61531 50 3 61663 82 132
245 61573 24 2 61688 91 115
402 61612 48 4 61736 76 124
999 61625 50 4 61786 111 161
315 61727 59 3 61846 60 119
363 61752 53 2 61899 94 147
23 61785 41 4 61940 114 155
340 61800 75 3 62016 141 216
794 61849 62 3 62078 167 229
270 61849 48 3 62126 229 277
682 61909 50 3 62176 217 267
133 62183 68 2 62251 0 68
318 62638 89 2 62727 0 89
183 62691 57 2 62785 37 94
846 62766 47 1 62833 20 67
911 62803 44 4 62878 31 75
777 62907 43 3 62950 0 43
952 62987 37 4 63024 0 37
560 63072 66 3 63138 0 66
622 63166 66 2 63232 0 66
423 63233 79 3 63312 0 79
305 63449 23 1 63472 0 23
387 63488 59 4 63547 0 59
463 63661 51 4 63712 0 51
170 63725 63 3 63788 0 63
180 63750 41 2 63830 39 80
852 63765 73 1 63903 65 138
565 63845 38 3 63942 59 97
45 63904 38 4 63980 38 76
161 63927 51 4 64032 54 105
383 63935 67 4 64099 97 164
789 63980 55 1 64154 119 174
816 64091 89 3 64244 64 153
975 64185 61 4 64306 60 121
456 64230 54 1 64360 76 130
520 64345 64 4 64425 16 80
391 64435 68 3 64503 0 68
332 64486 50 2 64554 18 68
891 64543 89 3 64644 12 101
160 64560 61 3 64706 85 146
59 64710 36 3 64746 0 36
471 64767 34 3 64801 0 34
150 64801 70 4 64872 1 71
724 64838 93 4 64966 35 128
244 64873 56 4 65022 93 149
169 64953 53 4 65076 70 123
513 64971 51 4 65127 105 156
166 65021 86 1 65213 106 192
5 65044 65 4 65279 170 235
118 65116 52 1 65331 163 215
907 65188 70 4 65401 143 213
389 65202 71 3 65472 199 270
1 65270 60 1 65533 203 263
658 65585 77 2 65662 0 77
650 65656 65 4 65728 7 72
477 65656 85 4 65813 72 157
438 65822 42 3 65864 0 42
759 65822 74 2 65938 42 116
296 65836 80 3 66019 103 183
523 65882 56 3 66075 137 193
432 65961 65 3 66141 115 180
668 65997 62 2 66203 144 206
7 66053 50 2 66253 150 200
190 66087 69 4 66323 167 236
450 66139 66 2 66389 184 250
297 66287 48 3 66438 103 151
292 66392 68 1 66507 47 115
27 66397 37 4 66544 110 147
240 66447 65 4 66610 98 163
782 66464 70 2 66680 146 216
470 66482 67 3 66747 198 265
898 66494 35 4 66782 253 288
214 66508 38 2 66820 274 312
648 66582 83 4 66904 239 322
774 66631 54 4 66958 273 327
492 66724 40 1 66998 234 274
770 66738 80 1 67078 260 340
559 66751 62 2 67140 327 389
294 66862 51 4 67192 279 330
407 66870 68 1 67260 322 390
53 66908 72 2 67332 352 424
949 66933 38 3 67370 399 437
619 66988 96 3 67466 382 478
963 67051 91 4 67557 415 506
592 67060 28 4 67585 497 525
272 67089 49 4 67634 496 545
378 67395 68 3 67703 240 308
693 67413 59 3 67762 290 349
268 67429 59 2 67821 333 392
223 67434 40 4 67861 387 427
266 67471 46 4 67907 390 436
329 67620 68 4 67975 287 355
108 67676 67 4 68043 300 367
974 67744 73 2 68116 299 372
708 67797 20 4 68136 319 339
298 67927 65 3 68201 209 274
485 67949 80 3 68281 252 332
255 67970 54 1 68335 311 365
684 68001 27 3 68363 335 362
338 68159 75 1 68438 204 279
462 68249 69 4 68507 189 258
913 68326 48 4 68555 181 229
743 68340 62 2 68618 216 278
258 68342 61 4 68679 276 337
144 68432 28 4 68707 247 275
542 68441 32 4 68739 266 298
314 68547 69 4 68808 192 261
163 68564 79 4 68888 245 324
67 68586 55 3 68943 302 357
795 68652 51 4 68994 291 342
549 68660 62 1 69056 334 396
360 68749 67 3 69123 307 374
11 68840 38 4 69162 284 322
136 68927 50 3 69212 235 285
256 69008 90 4 69302 204 294
750 69207 38 3 69341 96 134
950 69225 54 3 69395 116 170
572 69307 72 4 69468 89 161
401 69355 58 3 69526 113 171
195 69384 68 4 69594 142 210
698 69498 53 4 69648 97 150
89 69575 71 4 69719 73 144
517 69614 64 4 69784 106 170
578 69655 64 4 69848 129 193
556 69764 24 4 69873 85 109
664 69824 66 4 69939 49 115
657 69983 81 3 70064 0 81
68 70083 43 2 70126 0 43
953 70135 81 4 70216 0 81
729 70206 53 2 70270 11 64
236 70211 66 4 70336 59 125
304 70380 71 3 70451 0 71
346 70396 52 3 70504 56 108
697 70501 54 1 70559 4 58
57 70628 41 3 70669 0 41
100 70790 75 4 70865 0 75
640 70841 81 4 70947 25 106
925 71050 20 4 71070 0 20
784 71057 55 3 71126 14 69
984 71102 65 1 71192 25 90
830 71168 28 1 71221 25 53
570 71175 56 2 71277 46 102
739 71211 98 1 71376 67 165
755 71227 55 3 71431 149 204
185 71374 45 3 71477 58 103
259 71387 54 2 71531 90 144
249 71408 56 3 71587 123 179
405 71430 31 3 71618 157 188
718 71535 53 4 71672 84 137
918 71798 63 3 71861 0 63
323 71867 50 2 71917 0 50
413 72070 69 3 72139 0 69
102 72155 75 4 72230 0 75
574 72263 84 4 72347 0 84
54 72511 48 2 72559 0 48
882 72516 56 3 72616 44 100
18 72568 76 4 72693 49 125
530 72589 61 3 72754 104 165
806 72608 60 3 72814 146 206
893 72632 81 4 72896 183 264
465 72645 71 2 72967 251 322
379 72701 37 4 73004 266 303
931 72727 39 1 73043 277 316
967 72745 42 3 73085 298 340
316 72926 87 3 73173 160 247
627 72931 100 2 73273 242 342
467 72959 52 3 73325 314 366
123 73096 80 4 73406 230 310
971 73132 80 2 73486 274 354
22 73330 55 1 73542 157 212
936 73404 24 3 73566 138 162
421 73441 66 4 73632 125 191
714 73488 42 3 73675 145 187
983 73612 61 4 73736 63 124
776 73713 79 4 73816 24 103
675 73834 56 4 73890 0 56
860 73966 83 3 74049 0 83
978 74104 58 4 74162 0 58
902 74212 31 2 74243 0 31
461 74402 24 3 74426 0 24
275 74448 64 2 74512 0 64
834 74564 61 4 74625 0 61
384 74669 43 2 74712 0 43
246 74718 69 2 74787 0 69
787 74763 46 4 74834 25 71
535 74765 88 4 74922 69 157
282 74774 54 1 74976 148 202
417 74935 32 1 75009 42 74
757 75053 86 2 75139 0 86
428 75057 49 3 75189 83 132
773 75059 61 3 75250 130 191
101 75142 53 1 75304 109 162
590 75322 45 4 75367 0 45
881 75345 33 3 75401 23 56
152 75360 71 1 75472 41 112
849 75371 57 2 75530 102 159
998 75375 75 3 75605 155 230
954 75422 48 4 75653 183 231
288 75566 59 4 75713 88 147
583 75597 48 4 75761 116 164
928 75991 31 4 76022 0 31
670 76040 61 3 76101 0 61
349 76192 21 4 76213 0 21
951 76362 38 3 76400 0 38
312 76376 70 3 76471 25 95
616 76423 50 4 76522 49 99
666 76514 73 4 76596 9 82
634 76595 57 4 76654 2 59
761 76624 53 1 76708 31 84
916 76694 37 4 76746 15 52
239 77100 68 1 77168 0 68
638 77118 90 3 77259 51 141
958 77157 39 4 77298 102 141
178 77307 66 4 77373 0 66
655 77468 57 4 77525 0 57
24 77665 65 3 77730 0 65
732 77784 46 3 77830 0 46
337 77796 47 3 77878 35 82
838 77881 46 1 77927 0 46
286 77888 45 4 77973 40 85
66 77953 56 2 78030 21 77
367 78018 72 4 78103 13 85
989 78112 68 4 78180 0 68
733 78168 67 2 78248 13 80
415 78180 80 3 78328 68 148
594 78270 43 4 78372 59 102
519 78360 47 3 78420 13 60
906 78462 58 4 78520 0 58
94 78465 21 2 78542 56 77
202 78584 61 4 78645 0 61
121 78797 61 4 78858 0 61
919 78898 60 4 78958 0 60
628 78925 62 1 79021 34 96
861 79033 69 4 79102 0 69
908 79112 74 3 79186 0 74
614 79114 43 4 79230 73 116
445 79130 83 4 79313 100 183
58 79140 62 2 79375 173 235
234 79146 68 4 79443 229 297
498 79184 53 4 79496 259 312
475 79199 68 3 79565 298 366
277 79221 93 4 79658 344 437
825 79272 39 3 79697 386 425
285 79274 72 1 79769 423 495
796 79481 65 4 79834 288 353
248 79503 51 3 79886 332 383
943 79504 53 4 79939 382 435
85 79531 61 1 80000 408 469
365 79550 73 4 80073 450 523
728 79567 79 3 80152 506 585
484 79731 62 2 80214 421 483
69 79740 48 3 80262 474 522
81 79760 64 3 80326 502 566
209 79764 83 4 80409 562 645
636 79781 97 3 80506 628 725
992 79798 48 4 80554 708 756
109 79802 77 4 80631 752 829
35 79855 28 3 80660 777 805
459 79865 44 2 80704 795 839
205 79924 50 2 80754 780 830
12 79975 41 4 80795 779 820
948 80038 49 2 80844 757 806
167 80042 62 3 80906 802 864
449 80080 90 4 80996 826 916
826 80107 48 4 81044 889 937
98 80147 72 3 81116 897 969
474 80274 45 2 81161 842 887
369 80311 62 4 81223 850 912
320 80385 57 3 81280 838 895
339 80470 51 3 81331 810 861
868 80787 32 3 81364 545 577
792 80816 68 2 81432 548 616
909 80834 32 4 81464 598 630
222 80853 62 2 81526 611 673
441 81015 75 3 81601 511 586
785 81034 74 4 81675 567 641
509 81197 70 1 81745 478 548
132 81198 67 4 81812 547 614
888 81205 43 3 81855 607 650
639 81323 76 3 81931 532 608
598 81352 64 3 81996 580 644
184 81364 44 4 82040 632 676
994 81392 38 3 82078 648 686
814 81401 57 3 82135 677 734
204 81474 58 3 82193 661 719
368 81551 85 1 82278 642 727
538 81552 60 4 82338 726 786
444 81586 62 4 82400 752 814
840 81593 51 2 82451 807 858
859 81599 61 4 82512 852 913
921 81648 20 3 82532 864 884
347 81698 71 3 82603 834 905
146 81754 100 2 82703 849 949
887 81784 44 3 82747 919 963
531 81787 46 3 82793 960 1006
91 81819 45 4 82838 974 1019
271 81840 100 2 82938 998 1098
181 81957 53 3 82992 982 1035
207 81961 64 2 83056 1031 1095
525 82025 56 3 83112 1031 1087
324 82069 61 4 83173 1043 1104
824 82095 33 4 83206 1078 1111
543 82119 70 3 83276 1087 1157
479 82140 55 3 83331 1136 1191
31 82300 69 3 83400 1031 1100
941 82401 67 3 83467 999 1066
712 82436 95 4 83562 1031 1126
448 82437 38 3 83600 1125 1163
626 82503 76 4 83676 1097 1173
34 82504 59 4 83735 1172 1231
86 82513 93 3 83828 1222 1315
567 82557 66 2 83894 1271 1337
541 82558 45 4 83939 1336 1381
802 82678 61 3 84000 1261 1322
751 82740 54 4 84054 1260 1314
922 82743 40 2 84094 1311 1351
466 82771 66 4 84160 1323 1389
904 82790 82 4 84242 1370 1452
997 82808 71 4 84313 1434 1505
986 82820 95 2 84408 1493 1588
889 83048 63 3 84472 1361 1424
361 83070 55 4 84527 1402 1457
293 83092 50 2 84577 1435 1485
139 83191 62 4 84639 1386 1448
947 83230 61 3 84700 1409 1470
145 83417 71 3 84771 1283 1354
510 83534 39 2 84810 1237 1276
654 83613 60 3 84870 1197 1257
157 83666 58 2 84928 1204 1262
464 83757 47 3 84975 1171 1218
370 83817 76 3 85051 1158 1234
851 83826 67 4 85118 1225 1292
805 83851 42 2 85160 1267 1309
630 83887 58 2 85218 1273 1331
629 83930 72 4 85290 1288 1360
589 84111 75 4 85365 1179 1254
872 84193 65 3 85430 1172 1237
644 84263 36 4 85466 1167 1203
734 84317 68 4 85534 1149 1217
970 84318 47 4 85581 1216 1263
866 84321 55 3 85636 1260 1315
788 84331 83 4 85719 1305 1388
200 84421 78 2 85798 1299 1377
385 84534 50 3 85848 1264 1314
745 84554 58 2 85906 1294 1352
528 84569 44 4 85950 1337 1381
372 84643 42 3 85992 1307 1349
110 84701 33 1 86025 1291 1324
2 84736 66 4 86091 1289 1355
371 84821 58 2 86149 1270 1328
221 84888 31 1 86180 1261 1292
903 85093 83 4 86263 1087 1170
64 85158 52 3 86315 1105 1157
823 85229 67 2 86382 1086 1153
691 85270 61 2 86443 1112 1173
478 85295 51 4 86494 1148 1199
599 85325 46 4 86540 1169 1215
303 85339 64 4 86604 1201 1265
55 85379 50 1 86654 1225 1275
808 85548 46 3 86700 1106 1152
331 85648 40 3 86740 1052 1092
395 85665 50 4 86790 1075 1125
532 85879 58 4 86849 912 970
702 85881 62 2 86911 968 1030
553 86119 42 4 86953 792 834
148 86237 79 1 87032 716 795
771 86315 54 2 87086 717 771
765 86403 90 4 87176 683 773
350 86440 52 3 87228 736 788
847 86453 43 2 87271 775 818
309 86548 41 3 87312 723 764
199 86604 58 1 87370 708 766
114 86758 92 4 87462 612 704
124 86793 71 3 87534 670 741
829 86819 47 3 87581 715 762
760 86878 60 4 87641 703 763
469 86890 34 3 87675 751 785
580 86907 47 4 87722 768 815
620 86915 69 2 87791 807 876
934 86929 80 2 87871 862 942
206 86959 68 3 87939 912 980
573 87058 54 2 87993 881 935
374 87082 58 4 88051 911 969
409 87169 55 4 88106 882 937
348 87243 71 4 88177 863 934
926 87376 68 1 88245 801 869
819 87416 82 4 88327 829 911
489 87618 65 4 88393 710 775
884 87693 71 1 88464 700 771
351 87696 82 1 88546 768 850
821 87762 75 3 88621 784 859
920 87913 92 4 88713 708 800
597 88002 78 4 88791 711 789
586 88063 39 2 88830 728 767
762 88096 65 2 88895 734 799
665 88176 54 1 88949 719 773
504 88195 59 4 89008 754 813
596 88237 47 2 89055 771 818
187 88272 50 4 89105 783 833
491 88398 80 3 89186 708 788
501 88404 70 2 89256 782 852
46 88419 75 4 89331 837 912
804 88469 57 4 89388 862 919
536 88471 56 3 89444 917 973
956 88526 42 1 89486 918 960
311 88595 68 2 89554 891 959
352 88736 71 3 89625 818 889
446 88761 41 2 89666 864 905
716 88762 56 4 89722 904 960
608 88801 44 2 89766 921 965
506 88878 76 1 89842 888 964
813 88891 76 4 89918 951 1027
37 88926 69 2 89987 992 1061
197 89017 56 4 90043 970 1026
841 89097 57 2 90100 946 1003
879 89132 57 3 90158 969 1026
579 89165 65 2 90223 993 1058
932 89212 62 4 90285 1011 1073
476 89393 65 3 90350 892 957
219 89421 61 4 90411 929 990
44 89542 74 3 90485 869 943
694 89591 49 2 90534 894 943
611 89630 55 4 90589 904 959
431 89729 57 3 90646 860 917
493 89745 59 4 90705 901 960
703 89775 64 4 90769 930 994
394 89793 77 4 90846 976 1053
827 89840 48 4 90894 1006 1054
104 89869 74 3 90968 1025 1099
894 89976 51 3 91019 992 1043
850 89998 94 4 91113 1021 1115
833 90030 41 4 91154 1083 1124
700 90123 70 3 91225 1032 1102
885 90127 56 3 91281 1098 1154
737 90168 77 1 91358 1113 1190
653 90178 50 2 91408 1180 1230
752 90195 46 4 91454 1213 1259
20 90264 41 2 91495 1190 1231
310 90273 46 3 91541 1222 1268
667 90326 54 4 91595 1215 1269
79 90335 36 4 91631 1260 1296
564 90353 42 2 91673 1278 1320
632 90680 82 4 91755 993 1075
257 90868 62 4 91817 887 949
817 91039 54 3 91871 778 832
287 91056 63 2 91934 815 878
8 91060 47 4 91981 874 921
126 91080 94 2 92075 901 995
910 91109 53 4 92128 966 1019
822 91145 54 3 92182 983 1037
612 91264 69 3 92252 919 988
791 91397 87 2 92339 855 942
177 91408 69 4 92408 931 1000
797 91519 85 4 92493 889 974
987 91564 65 3 92558 929 994
201 91582 48 3 92606 976 1024
278 91748 30 4 92636 858 888
330 91749 51 4 92687 887 938
937 91827 57 4 92744 860 917
604 91873 61 3 92805 871 932
705 91881 70 3 92875 924 994
856 91916 71 4 92946 959 1030
502 91936 82 4 93028 1010 1092
15 92005 58 3 93086 1023 1081
325 92176 73 2 93159 910 983
685 92218 53 3 93213 942 995
514 92226 61 4 93274 987 1048
164 92264 73 2 93347 1010 1083
845 92375 74 4 93421 972 1046
929 92410 60 3 93481 1011 1071
669 92494 36 3 93517 987 1023
897 92523 47 3 93564 994 1041
73 92536 75 2 93639 1028 1103
661 92638 58 4 93697 1001 1059
749 92693 71 4 93768 1004 1075
942 92752 68 4 93836 1016 1084
429 92823 36 3 93872 1013 1049
41 92892 80 3 93952 980 1060
550 92997 75 2 94027 955 1030
355 93158 76 3 94103 869 945
726 93176 88 4 94192 928 1016
996 93238 36 4 94228 954 990
820 93440 66 4 94294 788 854
418 93571 91 3 94385 723 814
48 93691 25 2 94410 694 719
631 93718 67 4 94477 692 759
683 93874 55 2 94532 603 658
398 93891 52 3 94584 641 693
189 93904 59 2 94643 680 739
290 93948 67 2 94710 695 762
982 93966 100 1 94810 744 844
786 93975 53 4 94863 835 888
138 94060 86 1 94949 803 889
945 94077 27 4 94976 872 899
158 94115 99 1 95076 862 961
230 94135 51 3 95127 941 992
883 94145 59 2 95186 982 1041
508 94184 70 4 95256 1002 1072
768 94236 86 4 95342 1020 1106
625 94255 55 3 95397 1087 1142
843 94357 62 4 95459 1040 1102
392 94358 56 4 95515 1101 1157
426 94426 63 3 95578 1089 1152
149 94475 60 4 95638 1103 1163
515 94488 32 1 95670 1150 1182
864 94494 77 4 95747 1176 1253
571 94507 89 3 95836 1240 1329
480 94703 49 2 95885 1133 1182
968 94705 69 2 95954 1180 1249
539 94711 29 1 95983 1243 1272
414 94715 64 2 96047 1268 1332
335 94715 34 3 96081 1332 1366
828 94736 75 4 96156 1345 1420
766 94789 43 1 96199 1367 1410
722 94827 100 4 96299 1372 1472
306 94991 63 4 96363 1309 1372
961 95065 65 4 96428 1298 1363
534 95086 39 4 96467 1342 1381
741 95118 64 3 96531 1349 1413
458 95144 76 2 96607 1387 1463
652 95154 90 2 96697 1453 1543
188 95158 43 3 96740 1539 1582
512 95164 61 1 96801 1576 1637
93 95178 61 3 96862 1623 1684
709 95317 48 4 96910 1545 1593
544 95338 71 4 96981 1572 1643
790 95345 48 4 97029 1636 1684
103 95346 55 3 97084 1683 1738
818 95347 54 1 97138 1737 1791
357 95353 58 3 97196 1785 1843
651 95358 20 3 97216 1838 1858
134 95436 60 4 97276 1780 1840
213 95490 61 4 97337 1786 1847
112 95583 50 3 97387 1754 1804
546 95636 56 4 97443 1751 1807
815 95697 66 4 97509 1746 1812
603 95894 48 3 97557 1615 1663
547 95897 68 2 97625 1660 1728
555 95926 79 4 97704 1699 1778
490 96001 78 4 97782 1703 1781
1000 96118 56 2 97838 1664 1720
663 96207 63 1 97901 1631 1694
381 96217 85 2 97986 1684 1769
793 96279 69 4 98055 1707 1776
172 96323 55 2 98111 1733 1788
633 96367 55 3 98166 1744 1799
358 96419 65 3 98231 1747 1812
76 96432 90 4 98321 1799 1889
283 96513 42 3 98363 1808 1850
182 96550 41 1 98404 1813 1854
390 96603 72 4 98476 1801 1873
147 96665 90 3 98566 1811 1901
342 96713 72 4 98638 1853 1925
935 96800 70 2 98708 1838 1908
6 96913 73 4 98781 1795 1868
602 96941 71 4 98852 1840 1911
606 96982 64 4 98916 1870 1934
252 97126 28 4 98944 1790 1818
313 97157 85 1 99029 1787 1872
878 97172 86 4 99115 1857 1943
375 97245 72 3 99187 1870 1942
933 97401 53 4 99240 1786 1839
848 97423 31 4 99271 1817 1848
231 97435 88 3 99359 1836 1924
253 97461 39 3 99398 1898 1937
677 97526 56 2 99454 1872 1928
972 97551 73 2 99527 1903 1976
241 97595 55 2 99582 1932 1987
699 97603 48 3 99630 1979 2027
561 97668 44 1 99674 1962 2006
388 97694 62 4 99736 1980 2042
803 97703 86 4 99822 2033 2119
427 97712 52 3 99874 2110 2162
867 97783 49 4 99923 2091 2140
334 97920 51 4 99974 2003 2054
424 97928 50 4 100024 2046 2096
880 97971 100 4 100124 2053 2153
832 98003 65 3 100189 2121 2186
412 98010 64 2 100253 2179 2243
985 98130 77 4 100331 2124 2201
71 98224 95 3 100426 2107 2202
957 98235 61 4 100487 2191 2252
440 98239 70 2 100557 2248 2318
452 98319 80 4 100637 2238 2318
411 98334 65 4 100702 2303 2368
74 98357 73 1 100775 2345 2418
95 98380 60 3 100835 2395 2455
233 98394 44 4 100879 2441 2485
192 98491 79 4 100958 2388 2467
899 98702 68 4 101026 2256 2324
557 98772 54 4 101080 2254 2308
404 98856 42 1 101122 2224 2266
853 98869 54 4 101176 2253 2307
946 98878 66 3 101242 2298 2364
748 98903 65 4 101307 2339 2404
738 98966 76 4 101383 2341 2417
775 99046 59 4 101442 2337 2396
568 99150 52 3 101494 2292 2344
807 99203 53 1 101547 2291 2344
511 99261 70 1 101617 2286 2356
3 99285 39 3 101656 2332 2371
624 99290 43 4 101699 2366 2409
981 99341 58 4 101757 2358 2416
756 99354 65 1 101822 2403 2468
30 99552 68 3 101890 2270 2338
442 99643 86 4 101976 2247 2333
343 99760 79 3 102055 2216 2295
587 99827 92 3 102147 2228 2320
719 99913 53 4 102200 2234 2287
227 99917 86 3 102286 2283 2369
443 99919 38 4 102324 2367 2405
25 99953 90 4 102414 2371 2461
416 99986 60 1 102474 2428 2488
