108775 1000 1749 1675
28 1987 90 4 2077 0 90
233 2167 79 1 2246 0 79
989 2894 64 3 2958 0 64
371 4647 70 3 4717 0 70
536 5565 60 3 5625 0 60
150 6001 87 2 6088 0 87
380 6251 88 4 6339 0 88
806 6782 37 3 6819 0 37
581 7309 70 4 7379 0 70
306 7609 89 4 7698 0 89
487 7770 70 3 7840 0 70
450 8533 87 4 8649 29 116
800 8591 87 4 8707 29 116
652 10184 70 4 10254 0 70
546 10344 85 3 10429 0 85
372 10729 70 4 10799 0 70
135 10815 90 3 10905 0 90
335 11676 95 4 11771 0 95
724 12525 91 4 12616 0 91
722 13033 65 4 13098 0 65
295 13372 63 2 13435 0 63
466 13891 68 1 13959 0 68
505 14687 48 2 14735 0 48
73 15294 62 4 15356 0 62
492 16126 77 1 16203 0 77
675 16427 95 2 16522 0 95
876 16605 37 4 16642 0 37
808 17322 76 3 17398 0 76
281 17728 98 2 17826 0 98
988 17872 47 4 17919 0 47
615 19143 44 4 19187 0 44
891 19249 90 3 19339 0 90
67 19604 82 4 19686 0 82
866 19707 64 2 19771 0 64
875 19808 35 2 19843 0 35
368 19851 91 3 19942 0 91
857 19943 84 4 20027 0 84
639 20151 98 2 20249 0 98
259 20715 68 4 20783 0 68
997 20907 57 3 20964 0 57
128 21302 47 3 21349 0 47
618 21572 74 4 21646 0 74
811 21551 82 4 21707 74 156
599 21568 94 3 21801 139 233
972 22176 97 3 22273 0 97
333 22775 48 4 22823 0 48
583 22792 52 4 22875 31 83
104 22715 88 2 22903 100 188
880 22876 92 2 22995 27 119
37 23100 33 4 23133 0 33
922 23164 93 4 23257 0 93
159 23428 75 3 23503 0 75
898 23638 35 3 23673 0 35
33 23735 70 3 23805 0 70
713 23695 93 3 23858 70 163
161 23794 95 4 24048 159 254
681 23834 95 4 24048 119 214
458 24259 65 3 24324 0 65
638 24336 59 4 24395 0 59
608 24679 43 2 24722 0 43
612 24713 51 2 24773 9 60
31 24631 89 4 24814 94 183
113 24828 84 3 24912 0 84
827 25569 96 2 25665 0 96
27 25767 87 4 25854 0 87
651 25684 98 3 25869 87 185
623 26106 57 3 26163 0 57
307 26584 99 4 26683 0 99
338 27103 79 4 27182 0 79
194 27245 89 3 27334 0 89
594 27316 97 3 27431 18 115
245 27673 75 3 27748 0 75
787 27764 70 4 27834 0 70
533 27948 96 4 28044 0 96
823 28048 87 4 28135 0 87
176 28228 64 3 28292 0 64
139 28151 84 4 28299 64 148
315 28345 92 4 28437 0 92
918 29005 48 4 29053 0 48
339 29146 90 3 29236 0 90
410 29578 95 3 29673 0 95
756 29939 47 3 29986 0 47
509 30061 62 4 30123 0 62
105 30183 41 4 30224 0 41
815 30108 81 4 30245 56 137
493 29979 86 4 30256 191 277
236 30779 79 3 30858 0 79
750 31270 86 3 31356 0 86
151 31385 58 4 31443 0 58
327 31543 62 4 31605 0 62
62 31560 67 4 31672 45 112
861 31500 77 2 31706 129 206
166 31358 99 3 31721 264 363
928 31744 73 4 31817 0 73
773 31767 85 2 31902 50 135
17 32205 85 1 32290 0 85
561 32397 100 2 32497 0 100
228 32595 66 3 32661 0 66
189 32581 79 4 32726 66 145
34 32873 94 2 32967 0 94
571 33700 58 1 33758 0 58
877 34253 81 4 34334 0 81
544 34387 58 4 34445 0 58
926 34407 76 4 34521 38 114
376 34791 35 3 34826 0 35
220 34816 55 3 34881 10 65
301 34795 61 4 34942 86 147
462 34773 69 4 34993 151 220
92 35227 52 3 35279 0 52
781 35269 83 3 35362 10 93
292 35688 68 3 35756 0 68
122 35760 65 3 35825 0 65
636 36001 31 3 36032 0 31
69 35971 63 4 36065 31 94
630 36028 71 4 36136 37 108
700 36001 79 3 36215 135 214
985 36233 54 4 36287 0 54
598 35940 93 4 36331 298 391
663 36348 96 4 36444 0 96
810 36500 83 1 36583 0 83
393 36680 37 3 36717 0 37
304 36692 57 3 36774 25 82
431 36614 76 3 36784 94 170
993 36477 90 4 36820 253 343
882 36346 98 2 36883 439 537
478 37076 67 3 37143 0 67
75 37115 69 3 37212 28 97
943 37272 82 4 37354 0 82
686 37452 48 4 37500 0 48
503 37399 74 3 37521 48 122
862 37573 56 4 37629 0 56
961 37395 80 4 37653 178 258
180 37318 90 3 37702 294 384
737 37785 84 2 37869 0 84
733 37823 94 2 37963 46 140
633 37883 96 2 38059 80 176
1000 37554 97 3 38073 422 519
556 38077 89 1 38166 0 89
443 38388 73 3 38461 0 73
197 38524 91 2 38615 0 91
954 38776 26 3 38802 0 26
900 38846 89 2 38935 0 89
564 39100 84 3 39184 0 84
29 39060 94 3 39238 84 178
609 39245 35 4 39280 0 35
63 39316 87 2 39403 0 87
550 39452 94 4 39546 0 94
574 39527 96 1 39642 19 115
369 39764 70 4 39834 0 70
95 39891 66 4 39957 0 66
957 39839 68 4 39973 66 134
70 40130 84 3 40214 0 84
330 40446 45 4 40491 0 45
667 40577 86 4 40663 0 86
46 40486 99 4 40676 91 190
81 40716 25 3 40741 0 25
868 40759 79 4 40838 0 79
39 40719 95 2 40915 101 196
814 40719 96 4 41011 196 292
100 41232 73 3 41305 0 73
589 41342 65 1 41407 0 65
829 41295 75 4 41445 75 150
50 41198 92 4 41503 213 305
436 41769 54 3 41823 0 54
665 41706 79 3 41839 54 133
404 41635 84 4 41852 133 217
863 41606 88 3 41911 217 305
43 41643 89 3 42000 268 357
912 41883 92 4 42092 117 209
558 42172 64 3 42236 0 64
222 42233 66 4 42302 3 69
822 42200 94 3 42396 102 196
680 42575 83 3 42658 0 83
156 42723 79 4 42802 0 79
77 43108 57 2 43165 0 57
514 43153 83 4 43248 12 95
311 43239 93 1 43341 9 102
216 43401 70 4 43471 0 70
11 43591 36 3 43627 0 36
312 43647 85 2 43732 0 85
271 43741 72 2 43813 0 72
227 43716 91 1 43895 88 179
741 43928 84 3 44012 0 84
83 44184 75 2 44259 0 75
718 44199 76 4 44335 60 136
207 44367 57 3 44424 0 57
865 44173 96 2 44477 208 304
728 44513 86 2 44599 0 86
905 44695 93 1 44788 0 93
168 44560 97 4 44789 132 229
145 44834 55 1 44889 0 55
841 44847 89 2 44978 42 131
5 45112 44 3 45156 0 44
442 45065 87 1 45196 44 131
202 44858 95 4 45204 251 346
344 45350 98 1 45448 0 98
57 45495 84 2 45579 0 84
452 45586 69 3 45655 0 69
326 45589 94 3 45749 66 160
108 45477 96 3 45820 247 343
235 45911 88 3 45999 0 88
377 46077 64 4 46141 0 64
846 46113 65 3 46206 28 93
535 46217 64 4 46281 0 64
485 46055 87 4 46335 193 280
552 46080 98 4 46433 255 353
3 46583 78 4 46661 0 78
964 46712 37 2 46749 0 37
391 46590 90 4 46788 108 198
303 46840 87 1 46927 0 87
510 47007 51 3 47058 0 51
588 47255 79 3 47334 0 79
388 47203 84 1 47366 79 163
605 47364 89 4 47455 2 91
717 47517 77 4 47594 0 77
696 47478 87 4 47642 77 164
275 47669 69 3 47738 0 69
387 47739 85 3 47824 0 85
214 48400 21 4 48421 0 21
896 48401 42 3 48463 20 62
648 48477 34 3 48511 0 34
932 48451 80 2 48577 46 126
977 48585 72 2 48657 0 72
274 48720 70 4 48790 0 70
619 48624 84 2 48811 103 187
635 48568 87 3 48890 235 322
4 48401 91 1 48981 489 580
26 49064 58 4 49122 0 58
508 48543 97 2 49136 496 593
903 48713 100 4 49236 423 523
296 49355 46 3 49401 0 46
229 49310 68 1 49424 46 114
833 49273 80 2 49467 114 194
746 49238 87 2 49519 194 281
901 49583 72 4 49655 0 72
692 49416 88 2 49679 175 263
895 49735 69 2 49804 0 69
16 49322 91 2 49839 426 517
265 49866 40 1 49906 0 40
791 49970 38 2 50008 0 38
141 49703 99 1 50016 214 313
826 50218 90 2 50308 0 90
519 50325 71 3 50396 0 71
601 50400 66 4 50466 0 66
860 50441 84 4 50550 25 109
206 50388 85 1 50631 158 243
200 50522 86 2 50717 109 195
321 50978 57 4 51035 0 57
512 50997 86 4 51121 38 124
545 51165 87 4 51252 0 87
25 51328 46 2 51374 0 46
329 51368 74 3 51448 6 80
416 51330 81 1 51529 118 199
99 51439 83 3 51612 90 173
805 51406 89 4 51701 206 295
384 51152 95 2 51707 460 555
440 51757 87 4 51844 0 87
642 52001 74 4 52075 0 74
426 51926 97 3 52097 74 171
256 51790 99 3 52114 225 324
684 52199 72 1 52271 0 72
921 52358 58 3 52416 0 58
289 52292 87 4 52437 58 145
649 52553 58 4 52611 0 58
364 52507 75 4 52640 58 133
672 52658 57 4 52715 0 57
406 52680 80 4 52795 35 115
939 52787 95 3 52890 8 103
468 52904 39 4 52943 0 39
540 52940 54 3 52997 3 57
628 53030 53 3 53083 0 53
283 53094 49 4 53143 0 49
109 53182 44 3 53226 0 44
766 53219 61 4 53287 7 68
816 53133 61 3 53309 115 176
170 53296 87 3 53396 13 100
52 53396 90 1 53486 0 90
788 53052 91 4 53566 423 514
45 53590 60 4 53650 0 60
385 53758 62 3 53820 0 62
203 53835 65 3 53900 0 65
491 53947 37 4 53984 0 37
592 53861 75 4 54012 76 151
661 54052 81 2 54133 0 81
597 53884 89 4 54182 209 298
729 54210 60 3 54270 0 60
32 54122 92 4 54334 120 212
842 53744 93 2 54398 561 654
149 54121 95 4 54493 277 372
795 54188 98 4 54591 305 403
794 54617 90 3 54707 0 90
641 54602 98 3 54790 90 188
916 54981 48 1 55029 0 48
246 55172 82 3 55254 0 82
548 55195 88 4 55342 59 147
221 55442 32 3 55474 0 32
247 55377 86 2 55495 32 118
578 55705 59 4 55764 0 59
576 55630 93 2 55782 59 152
360 55817 75 4 55892 0 75
394 55928 34 4 55962 0 34
593 55949 37 3 55999 13 50
553 55910 93 3 56080 77 170
716 56068 93 3 56167 6 99
323 55588 100 2 56172 484 584
834 56302 83 3 56385 0 83
853 56232 94 2 56409 83 177
777 56433 96 4 56529 0 96
66 56180 97 3 56550 273 370
249 56609 35 3 56644 0 35
23 56572 95 4 56702 35 130
778 56841 57 4 56898 0 57
187 56813 60 2 56930 57 117
790 56788 89 3 56994 117 206
435 57051 29 4 57080 0 29
480 57063 90 2 57170 17 107
936 57234 85 4 57319 0 85
310 57162 92 2 57347 93 185
165 57073 93 1 57440 274 367
631 57346 97 3 57537 94 191
266 57594 85 3 57679 0 85
563 57750 59 3 57809 0 59
554 57734 73 3 57866 59 132
743 57890 68 4 57958 0 68
500 57860 74 2 58008 74 148
529 57885 84 1 58092 123 207
975 57609 86 4 58123 428 514
725 58140 66 2 58206 0 66
147 58213 63 4 58276 0 63
54 58314 75 4 58389 0 75
309 58454 82 4 58536 0 82
644 58392 85 4 58559 82 167
277 57958 87 4 58581 536 623
332 58662 32 4 58694 0 32
210 58734 92 3 58826 0 92
402 58836 59 4 58895 0 59
580 58946 71 4 59017 0 71
843 59056 73 2 59129 0 73
502 59145 62 3 59207 0 62
844 59034 75 4 59244 135 210
668 58992 77 4 59304 235 312
218 59158 85 3 59389 146 231
328 58511 93 4 59393 789 882
285 58210 93 4 59393 1090 1183
88 59462 59 4 59521 0 59
858 59506 72 2 59593 15 87
568 59730 62 3 59792 0 62
342 59763 62 2 59854 29 91
374 59868 63 3 59931 0 63
254 59858 65 4 59986 63 128
30 59691 66 3 60009 252 318
772 59639 84 4 60041 318 402
521 59676 86 3 60127 365 451
486 59577 99 1 60180 504 603
812 60307 68 4 60375 0 68
298 60256 86 2 60410 68 154
664 59476 100 4 60434 858 958
637 60638 53 3 60691 0 53
702 60609 67 3 60729 53 120
475 60618 73 4 60802 111 184
411 60567 94 3 60854 193 287
470 60973 71 4 61044 0 71
346 60942 86 2 61099 71 157
761 60609 94 1 61105 402 496
904 61186 42 3 61228 0 42
459 61318 88 4 61406 0 88
433 61431 24 1 61455 0 24
748 61501 43 2 61544 0 43
163 61516 55 2 61599 28 83
715 61485 81 3 61664 98 179
693 61671 84 4 61755 0 84
818 61842 72 1 61914 0 72
86 61830 79 4 61981 72 151
345 61792 98 4 62041 151 249
134 62224 59 4 62283 0 59
947 62301 63 1 62364 0 63
884 62215 97 2 62434 122 219
595 62661 22 3 62683 0 22
764 62675 55 4 62738 8 63
934 62630 72 3 62779 77 149
294 62575 76 3 62800 149 225
142 63005 79 2 63084 0 79
308 62995 90 3 63164 79 169
143 63243 85 4 63328 0 85
774 63329 56 4 63385 0 56
225 63065 92 4 63397 240 332
302 63470 89 3 63559 0 89
430 63694 45 3 63739 0 45
97 63776 58 4 63834 0 58
244 63833 64 2 63898 1 65
1 63893 67 4 63965 5 72
273 63919 75 2 64040 46 121
659 64115 60 4 64175 0 60
21 64147 68 4 64243 28 96
188 64048 76 4 64252 128 204
184 63709 82 2 64289 498 580
698 63809 85 4 64374 480 565
747 64443 66 4 64509 0 66
191 64520 46 4 64566 0 46
643 64410 77 3 64599 112 189
44 64648 54 3 64702 0 54
796 64695 83 1 64785 7 90
543 64807 76 3 64883 0 76
534 65005 43 4 65048 0 43
923 64976 62 2 65081 43 105
551 65089 64 4 65153 0 64
94 64934 82 2 65185 169 251
819 64847 85 4 65254 322 407
215 65003 85 4 65304 216 301
241 64592 85 3 65318 641 726
137 65369 45 3 65414 0 45
253 65333 70 4 65448 45 115
935 65340 75 3 65523 108 183
204 64181 87 2 65559 1291 1378
962 65560 34 4 65594 0 34
931 63661 90 4 65650 1899 1989
832 65740 36 4 65776 0 36
579 65681 81 3 65798 36 117
322 65830 66 1 65896 0 66
496 63744 91 4 65924 2089 2180
968 66018 46 2 66064 0 46
186 65990 47 2 66083 46 93
557 66046 51 4 66134 37 88
736 66090 75 4 66209 44 119
956 65953 79 2 66251 219 298
160 66107 85 4 66336 144 229
735 66348 60 3 66408 0 60
542 66469 57 4 66526 0 57
365 66160 86 2 66539 293 379
963 66564 29 4 66593 0 29
527 66168 87 2 66655 400 487
136 64787 91 3 66717 1839 1930
347 66743 59 3 66802 0 59
252 66829 67 3 66896 0 67
678 66747 69 2 66938 122 191
389 66966 30 4 66996 0 30
840 66742 91 4 67058 225 316
539 66018 91 1 67124 1015 1106
626 67143 37 1 67180 0 37
445 67193 89 4 67282 0 89
317 64892 92 4 67342 2358 2450
890 67392 64 1 67456 0 64
115 67432 67 1 67523 24 91
621 67586 58 4 67644 0 58
878 67478 82 4 67663 103 185
879 64189 94 4 67707 3424 3518
110 67834 69 3 67903 0 69
164 67750 90 1 67909 69 159
64 67933 85 2 68018 0 85
695 68028 49 2 68077 0 49
237 68039 86 3 68163 38 124
770 68222 70 4 68292 0 70
575 67975 89 2 68312 248 337
990 68320 49 4 68369 0 49
873 68444 69 2 68513 0 69
974 68382 71 3 68522 69 140
390 68594 84 4 68678 0 84
660 67959 90 3 68765 716 806
258 68209 90 3 68765 466 556
515 68610 93 4 68858 155 248
38 68878 27 3 68905 0 27
760 64108 94 1 68912 4710 4804
930 68280 95 1 69007 632 727
148 69077 71 4 69148 0 71
830 69230 42 3 69272 0 42
870 69298 39 1 69337 0 39
448 69218 95 3 69394 81 176
40 69548 59 4 69607 0 59
499 69594 70 2 69677 13 83
205 69534 78 3 69741 129 207
687 69464 80 4 69751 207 287
712 69762 54 3 69816 0 54
488 69752 65 4 69871 54 119
745 69564 80 2 69950 306 386
290 69961 65 1 70026 0 65
835 70030 47 4 70077 0 47
276 70144 90 4 70234 0 90
418 69997 93 4 70256 166 259
704 70331 47 3 70378 0 47
208 70310 48 4 70405 47 95
169 70330 82 3 70487 75 157
671 70307 85 3 70569 177 262
859 70626 33 4 70659 0 33
93 70326 90 4 70692 276 366
809 64240 96 4 70708 6372 6468
489 66018 96 4 70708 4594 4690
441 68629 96 4 70708 1983 2079
951 65298 96 3 70804 5410 5506
469 66611 97 2 70901 4193 4290
112 66005 98 4 70999 4896 4994
755 71057 68 4 71125 0 68
337 71079 70 4 71195 46 116
175 71165 86 4 71281 30 116
427 71394 75 4 71469 0 75
614 71317 84 3 71476 75 159
899 71489 64 4 71553 0 64
74 71257 89 2 71593 247 336
471 71624 40 4 71664 0 40
825 71760 57 2 71817 0 57
357 71871 78 4 71949 0 78
640 71733 90 3 71958 135 225
239 71970 72 2 72042 0 72
90 72067 58 4 72125 0 58
367 72102 73 2 72198 23 96
971 72244 79 1 72323 0 79
869 72171 82 4 72359 106 188
798 72363 59 4 72422 0 59
358 72001 87 1 72480 392 479
742 71930 94 1 72562 538 632
758 71666 96 2 72591 829 925
705 68940 98 3 72598 3560 3658
925 72786 49 4 72835 0 49
455 72941 33 3 72974 0 33
412 72948 47 3 73021 26 73
48 72885 69 2 73034 80 149
260 72770 76 4 73044 198 274
824 73080 74 2 73154 0 74
352 73015 83 4 73201 103 186
498 73017 84 3 73285 184 268
538 72975 91 2 73376 310 401
494 72679 91 1 73376 606 697
318 73379 76 3 73455 0 76
407 73412 90 3 73545 43 133
174 73604 43 3 73647 0 43
453 73634 51 4 73698 13 64
422 73701 38 4 73739 0 38
41 68786 98 2 73789 4905 5003
913 67270 98 2 73789 6421 6519
65 73863 23 4 73886 0 23
331 73811 79 3 73913 23 102
855 73792 92 4 73986 102 194
622 73968 94 1 74080 18 112
268 72403 99 4 74176 1674 1773
350 68493 99 1 74275 5683 5782
24 74393 79 2 74472 0 79
938 74349 79 1 74507 79 158
123 74574 67 3 74641 0 67
152 74711 60 2 74771 0 60
217 74704 60 1 74824 60 120
299 74846 44 3 74890 0 44
428 74776 62 3 74930 92 154
477 74638 68 2 74935 229 297
370 74913 74 4 75009 22 96
831 75150 65 4 75215 0 65
980 75151 67 3 75282 64 131
927 75130 74 4 75336 132 206
658 75063 74 2 75343 206 280
359 75190 81 1 75424 153 234
603 75426 43 1 75469 0 43
821 74950 82 3 75495 463 545
51 75620 43 4 75663 0 43
851 75570 56 1 75669 43 99
960 75565 57 3 75721 99 156
838 75635 71 3 75792 86 157
199 74945 84 3 75806 777 861
784 75676 85 4 75891 130 215
525 74900 87 3 75978 991 1078
14 76038 58 3 76096 0 58
689 74853 88 4 76124 1183 1271
251 76205 64 1 76269 0 64
749 75145 88 2 76276 1043 1131
177 76307 75 3 76382 0 75
119 76417 25 3 76442 0 25
80 74852 88 1 76464 1524 1612
929 76289 90 1 76554 175 265
490 74485 92 4 76579 2002 2094
714 76640 65 4 76705 0 65
526 76729 43 4 76772 0 43
425 76820 86 1 76906 0 86
2 76715 89 4 76933 129 218
572 76823 90 4 77023 110 200
887 74717 94 2 77046 2235 2329
650 77047 92 3 77139 0 92
892 77197 67 4 77264 0 67
284 77301 50 4 77351 0 50
940 77232 78 4 77392 82 160
130 77414 81 3 77495 0 81
460 77541 74 1 77615 0 74
596 77665 48 3 77713 0 48
655 77670 67 1 77780 43 110
767 77531 79 2 77799 189 268
937 77498 85 4 77851 268 353
850 77373 91 3 77917 453 544
586 75950 95 2 77953 1908 2003
8 78006 47 3 78053 0 47
399 78050 59 2 78112 3 62
420 78050 78 4 78190 62 140
361 78195 74 3 78269 0 74
602 78345 62 3 78407 0 62
849 78152 85 3 78411 174 259
701 78152 88 2 78499 259 347
103 78507 50 3 78557 0 50
769 78593 35 4 78628 0 35
915 78656 71 3 78727 0 71
910 78509 76 3 78739 154 230
82 78720 76 2 78815 19 95
102 78730 78 4 78893 85 163
107 78703 90 4 78983 190 280
908 79064 78 3 79142 0 78
881 78085 93 2 79146 968 1061
537 79221 65 4 79286 0 65
871 79315 42 4 79357 0 42
198 79308 48 4 79398 42 90
517 79334 76 2 79474 64 140
950 79200 80 4 79511 231 311
744 79555 58 4 79613 0 58
68 79664 35 3 79699 0 35
845 79709 59 3 79768 0 59
709 79574 67 4 79774 133 200
782 79802 63 4 79865 0 63
657 79536 74 2 79892 282 356
591 79700 80 2 79972 192 272
511 80043 77 3 80120 0 77
316 79649 84 3 80133 400 484
417 79314 87 4 80195 794 881
948 79319 88 3 80283 876 964
719 80342 31 4 80373 0 31
49 80351 46 3 80419 22 68
126 80319 60 4 80456 77 137
902 80518 42 4 80560 0 42
513 80507 49 2 80598 42 91
183 80499 55 4 80645 91 146
946 80520 58 2 80703 125 183
392 80507 67 2 80770 196 263
909 80620 68 4 80838 150 218
19 80344 68 3 80863 451 519
751 80667 75 4 80938 196 271
801 80974 25 3 80999 0 25
567 80718 83 3 81046 245 328
753 81077 41 3 81118 0 41
762 81138 47 4 81185 0 47
549 81122 76 4 81245 47 123
447 81299 38 4 81337 0 38
654 81360 65 2 81425 0 65
625 81438 38 3 81476 0 38
562 81368 65 1 81528 95 160
662 81342 69 4 81579 168 237
132 81238 80 3 81600 282 362
293 81643 68 4 81711 0 68
530 80333 84 3 81717 1300 1384
516 81569 84 2 81801 148 232
446 81871 61 2 81932 0 61
465 80597 84 1 81946 1265 1349
87 81980 64 2 82044 0 64
541 82056 65 4 82121 0 65
677 82025 67 4 82176 84 151
325 82050 68 3 82244 126 194
55 82076 72 2 82316 168 240
757 81993 77 1 82393 323 400
528 82463 67 3 82530 0 67
670 82046 83 2 82543 414 497
590 82183 84 4 82627 360 444
22 82687 54 4 82741 0 54
287 82666 57 3 82777 54 111
457 82785 59 4 82844 0 59
523 82905 64 2 82969 0 64
201 82950 71 3 83040 19 90
632 83004 73 3 83113 36 109
257 82707 76 3 83120 337 413
35 82738 81 4 83201 382 463
6 83269 54 2 83323 0 54
752 83258 63 3 83375 54 117
893 83229 78 3 83424 117 195
157 82380 85 4 83442 977 1062
297 81027 86 3 83494 2381 2467
242 83538 60 4 83598 0 60
408 83652 70 3 83722 0 70
837 83746 76 4 83822 0 76
305 83563 81 2 83825 181 262
429 83530 85 4 83902 287 372
129 82813 87 3 83953 1053 1140
504 84074 40 4 84114 0 40
341 84037 45 3 84122 40 85
42 81244 87 2 84125 2794 2881
647 84134 52 4 84186 0 52
555 84249 61 2 84310 0 61
12 84321 85 2 84406 0 85
124 84453 85 3 84538 0 85
522 84239 86 2 84556 231 317
355 84612 73 4 84685 0 73
464 82402 88 2 84743 2253 2341
721 83804 88 2 84743 851 939
785 84744 79 1 84823 0 79
173 84896 37 4 84933 0 37
976 84856 53 4 84946 37 90
874 84932 80 2 85026 14 94
59 85066 48 1 85114 0 48
85 85035 68 4 85151 48 116
463 85117 78 2 85229 34 112
262 81792 88 1 85274 3394 3482
779 85281 45 1 85326 0 45
945 85329 55 1 85384 0 55
864 85315 68 4 85449 66 134
949 85474 69 2 85543 0 69
324 85372 78 3 85596 146 224
520 85328 86 4 85682 268 354
401 85787 62 4 85849 0 62
897 85823 64 1 85913 26 90
804 85964 73 2 86037 0 73
611 85762 83 3 86044 199 282
375 85582 89 4 86053 382 471
366 86123 72 3 86195 0 72
726 86242 70 3 86312 0 70
856 86105 77 4 86324 142 219
363 86371 65 1 86436 0 65
182 86441 38 3 86479 0 38
209 86389 70 4 86544 85 155
867 86471 76 3 86620 73 149
907 86530 79 3 86699 90 169
942 86702 35 4 86737 0 35
196 86722 48 4 86785 15 63
238 86249 82 4 86817 486 568
171 86858 68 4 86926 0 68
991 86877 72 4 86998 49 121
7 86998 73 2 87071 0 73
872 87092 47 3 87139 0 47
454 86963 83 1 87201 155 238
353 87242 69 4 87311 0 69
565 87311 74 4 87385 0 74
953 86720 85 2 87388 583 668
967 87464 71 2 87535 0 71
959 87392 78 1 87541 71 149
255 87575 55 1 87630 0 55
153 87732 44 3 87776 0 44
807 87625 79 4 87814 110 189
624 87817 54 4 87871 0 54
600 87648 79 4 87886 159 238
720 87897 74 4 87971 0 74
839 87986 74 3 88060 0 74
320 88065 62 3 88127 0 62
685 88155 38 2 88193 0 38
56 88130 47 4 88215 38 85
79 87953 80 4 88272 239 319
604 88339 47 4 88386 0 47
264 88491 48 4 88539 0 48
413 88451 59 3 88558 48 107
610 88582 77 2 88659 0 77
911 86264 86 4 88693 2343 2429
473 87830 86 4 88750 834 920
127 87874 86 4 88750 790 876
282 88851 38 4 88889 0 38
739 88787 75 4 88900 38 113
449 87234 86 4 88911 1591 1677
691 88996 27 4 89023 0 27
606 88951 78 4 89056 27 105
793 88042 86 1 89102 974 1060
144 89342 63 3 89405 0 63
409 89261 87 3 89411 63 150
920 88159 87 1 89426 1180 1267
154 87563 87 1 89426 1776 1863
383 89480 60 4 89540 0 60
472 89458 63 2 89581 60 123
497 89803 42 1 89845 0 42
731 89876 40 3 89916 0 40
981 89881 42 1 89958 35 77
96 89875 63 4 90020 82 145
577 89770 72 4 90029 187 259
261 89778 72 3 90101 251 323
894 89715 74 4 90120 331 405
381 90163 52 4 90215 0 52
688 90262 31 3 90293 0 31
98 90225 58 4 90314 31 89
60 90339 71 2 90410 0 71
532 90153 81 4 90446 212 293
634 90492 37 4 90529 0 37
476 89725 82 4 90532 725 807
983 90600 76 4 90676 0 76
140 90710 39 4 90749 0 39
952 90767 67 3 90834 0 67
155 90888 42 3 90930 0 42
966 90785 69 4 90960 106 175
992 90916 69 4 91014 29 98
789 90643 78 4 91040 319 397
269 91107 45 3 91152 0 45
765 91061 49 4 91155 45 94
181 91046 66 3 91206 94 160
314 90712 78 2 91278 488 566
885 90843 78 1 91356 435 513
288 89846 83 3 91371 1442 1525
120 90225 85 3 91456 1146 1231
437 91469 70 3 91539 0 70
138 88794 88 4 91622 2740 2828
482 87047 88 4 91624 4489 4577
944 87281 88 4 91624 4255 4343
776 91679 41 4 91720 0 41
15 91692 75 4 91795 28 103
18 91802 80 2 91882 0 80
379 91894 55 4 91949 0 55
836 91896 71 3 92020 53 124
629 86738 88 3 92034 5208 5296
226 92057 30 1 92087 0 30
395 89378 88 2 92152 2686 2774
397 92288 58 3 92346 0 58
547 92432 58 4 92490 0 58
573 92376 80 4 92514 58 138
711 92276 86 3 92558 196 282
646 86078 89 3 92559 6392 6481
978 92576 52 4 92628 0 52
775 92568 84 2 92704 52 136
230 92566 86 4 92788 136 222
965 87963 89 3 92807 4755 4844
178 92819 51 4 92870 0 51
889 82573 89 2 92915 10253 10342
111 92997 70 3 93067 0 70
195 83375 89 1 93074 9610 9699
286 93104 52 3 93156 0 52
786 93119 64 4 93220 37 101
456 93269 73 4 93342 0 73
193 93405 72 4 93477 0 72
101 93511 70 4 93581 0 70
280 93606 72 4 93678 0 72
690 93687 38 1 93725 0 38
723 93726 56 4 93782 0 56
232 93833 50 3 93883 0 50
483 93658 74 2 93896 164 238
998 93564 76 4 93947 307 383
250 93756 87 4 94034 191 278
653 93844 88 3 94122 190 278
118 94133 42 3 94175 0 42
888 94236 48 1 94284 0 48
587 94269 55 4 94339 15 70
403 94187 71 4 94361 103 174
707 94187 74 1 94435 174 248
106 94513 78 3 94591 0 78
732 94619 51 3 94670 0 51
223 94714 62 3 94776 0 62
461 94619 70 4 94802 113 183
999 94824 65 1 94889 0 65
566 94521 80 3 94919 318 398
451 94298 85 3 94926 543 628
792 94937 82 3 95019 0 82
941 95070 29 4 95099 0 29
351 95110 61 2 95171 0 61
386 95211 77 4 95288 0 77
582 95128 85 2 95333 120 205
219 95355 73 3 95428 0 73
373 86634 90 4 95494 8770 8860
378 82133 90 4 95494 13271 13361
76 84314 90 4 95494 11090 11180
72 82594 90 4 95494 12810 12900
263 82115 90 3 95674 13469 13559
438 94618 90 3 95674 966 1056
117 81588 90 1 95764 14086 14176
848 95852 47 4 95899 0 47
955 95807 88 3 95942 47 135
883 89735 91 4 95990 6164 6255
240 96016 70 4 96086 0 70
234 96111 51 4 96162 0 51
444 96169 51 4 96220 0 51
158 96100 79 2 96281 102 181
803 96072 80 2 96347 195 275
131 96372 43 4 96415 0 43
995 96329 81 2 96471 61 142
424 96324 86 3 96557 147 233
423 81796 91 3 96622 14735 14826
679 96667 77 4 96744 0 77
190 81409 91 2 96790 15290 15381
340 85652 92 4 96882 11138 11230
645 96981 50 3 97031 0 50
356 97057 52 1 97109 0 52
114 97114 58 2 97172 0 58
797 97013 62 2 97203 128 190
495 97267 46 4 97313 0 46
847 97328 73 4 97401 0 73
172 97301 74 4 97460 85 159
506 97186 86 4 97482 210 296
559 97554 59 4 97613 0 59
697 97528 82 2 97669 59 141
617 97710 52 3 97762 0 52
676 97685 60 4 97797 52 112
319 97672 64 3 97848 112 176
919 97853 58 4 97911 0 58
354 97964 75 3 98039 0 75
674 97678 78 3 98059 303 381
560 98065 38 2 98103 0 38
10 98154 55 2 98209 0 55
682 98199 71 4 98280 10 81
740 98285 67 3 98352 0 67
706 97783 79 3 98369 507 586
71 98413 40 2 98453 0 40
9 98460 49 4 98509 0 49
47 98425 73 4 98575 77 150
616 98345 81 3 98612 186 267
336 98621 48 4 98669 0 48
125 98645 49 3 98718 24 73
272 97389 89 4 98749 1271 1360
958 98760 83 2 98843 0 83
768 98942 49 4 98991 0 49
969 98960 60 3 99051 31 91
710 98892 77 4 99078 109 186
531 98986 84 4 99162 92 176
986 96916 91 3 99182 2175 2266
924 99228 80 4 99308 0 80
996 99358 59 2 99417 0 59
886 99379 59 1 99476 38 97
699 99507 66 2 99573 0 66
400 99468 70 3 99612 74 144
58 99627 66 4 99693 0 66
970 99748 53 3 99801 0 53
278 99547 72 1 99803 184 256
414 99558 75 4 99878 245 320
362 99941 30 4 99971 0 30
799 99995 46 3 100041 0 46
185 99390 76 4 100106 640 716
854 99424 76 4 100106 606 682
484 99310 76 3 100134 748 824
507 99330 81 1 100215 804 885
270 99984 85 2 100300 231 316
13 99888 88 4 100388 412 500
146 99868 88 2 100476 520 608
759 99769 89 4 100565 707 796
780 97868 91 3 100645 2686 2777
673 97889 91 3 100645 2665 2756
727 97858 91 2 100736 2787 2878
20 99239 92 4 101104 1773 1865
398 98090 92 4 101104 2922 3014
192 97908 92 4 101104 3104 3196
300 98857 92 4 101104 2155 2247
852 93150 92 3 101254 8012 8104
570 91954 92 3 101254 9208 9300
121 88579 92 2 101530 12859 12951
36 94460 92 2 101530 6978 7070
213 92076 92 2 101530 9362 9454
248 96029 92 1 101622 5501 5593
91 91777 93 4 101994 10124 10217
771 92759 93 4 101994 9142 9235
763 95445 93 4 101994 6456 6549
415 92435 93 4 101994 9466 9559
212 80557 93 3 102273 21623 21716
224 85616 93 3 102273 16564 16657
656 95420 93 3 102273 6760 6853
979 79307 93 2 102387 22987 23080
994 96667 93 2 102423 5663 5756
334 90598 94 4 102893 12201 12295
730 86269 94 4 102893 16530 16624
349 97112 94 4 102893 5687 5781
439 97545 94 4 102893 5254 5348
984 92458 94 4 102893 10341 10435
607 98906 94 3 103081 4081 4175
474 84243 94 3 103081 18744 18838
754 94495 94 2 103269 8680 8774
231 87515 94 2 103269 15660 15754
501 94289 94 2 103363 8980 9074
914 77997 95 4 103428 25336 25431
703 90232 95 4 103552 13225 13320
432 98296 95 4 103585 5194 5289
89 98905 95 3 103775 4775 4870
982 79170 95 3 103775 24510 24605
518 96892 95 3 103870 6883 6978
405 81128 96 4 104062 22838 22934
348 97876 96 4 104062 6090 6186
933 75719 96 2 104218 28403 28499
382 79361 96 2 104306 24849 24945
813 87553 96 2 104306 16657 16753
133 74294 96 1 104347 29957 30053
243 83765 97 4 104541 20679 20776
820 90709 97 4 104541 13735 13832
211 91890 97 3 104832 12845 12942
61 99257 97 3 104832 5478 5575
666 86027 97 3 104832 18708 18805
613 83972 97 3 105026 20957 21054
84 98076 97 3 105026 6853 6950
179 90545 97 2 105317 14675 14772
917 85347 97 2 105317 19873 19970
343 86595 97 2 105317 18625 18722
802 90695 97 1 105414 14622 14719
421 99481 98 4 105806 6227 6325
906 94696 98 4 105806 11012 11110
467 85557 98 4 105806 20151 20249
167 96330 98 4 105806 9378 9476
396 82233 98 3 106002 23671 23769
669 82321 98 3 106002 23583 23681
734 95248 98 3 106100 10754 10852
479 74462 98 2 106296 31736 31834
694 85475 98 2 106296 20723 20821
313 93518 98 2 106394 12778 12876
620 97994 98 1 106590 8498 8596
987 85553 98 1 106590 20939 21037
828 88109 99 4 106986 18778 18877
78 80341 99 4 106986 26546 26645
291 90875 99 4 106986 16012 16111
419 86006 99 4 106986 20881 20980
162 77767 99 4 107085 29219 29318
53 97704 99 3 107580 9777 9876
481 82590 99 3 107580 24891 24990
267 87581 99 3 107580 19900 19999
738 80240 99 3 107580 27241 27340
817 84381 99 3 107580 23100 23199
708 94698 99 3 107679 12882 12981
627 92034 99 2 107778 15645 15744
434 77646 99 1 108075 30330 30429
116 77629 99 1 108075 30347 30446
584 93747 99 1 108075 14229 14328
585 92392 100 4 108275 15783 15883
569 97212 100 4 108275 10963 11063
973 79766 100 4 108475 28609 28709
279 91223 100 4 108475 17152 17252
524 80074 100 3 108575 28401 28501
783 77349 100 2 108675 31226 31326
683 97735 100 1 108775 10940 11040
