101455 1000 380 319
272 3974 71 4 4045 0 71
902 6671 23 3 6694 0 23
769 8126 68 3 8194 0 68
698 8250 56 4 8306 0 56
586 8388 88 3 8476 0 88
15 9439 51 2 9490 0 51
581 9557 20 4 9577 0 20
72 10494 91 4 10585 0 91
899 10981 95 4 11076 0 95
537 11327 58 1 11385 0 58
696 11509 53 2 11562 0 53
6 12025 64 3 12089 0 64
20 12850 70 4 12920 0 70
270 13382 59 3 13441 0 59
689 13474 62 4 13536 0 62
274 13474 80 1 13616 62 142
809 13756 71 2 13827 0 71
594 14300 79 1 14379 0 79
738 14676 86 4 14762 0 86
403 14756 56 3 14819 7 63
882 14927 53 1 14980 0 53
763 15073 29 3 15102 0 29
985 15634 58 1 15692 0 58
824 16341 51 1 16392 0 51
796 16922 43 4 16965 0 43
941 16988 56 3 17044 0 56
493 17066 44 1 17110 0 44
858 17970 62 4 18032 0 62
638 18212 79 4 18291 0 79
765 18342 74 2 18416 0 74
500 18484 71 3 18555 0 71
545 18755 35 1 18790 0 35
424 19421 61 1 19482 0 61
884 19621 71 3 19692 0 71
872 19995 70 1 20065 0 70
817 20626 76 3 20702 0 76
932 20795 55 2 20850 0 55
679 21187 65 2 21252 0 65
816 21476 72 4 21548 0 72
416 21560 65 4 21625 0 65
917 21828 78 4 21906 0 78
829 22674 65 4 22739 0 65
869 22708 66 3 22806 32 98
764 22728 60 3 22866 78 138
735 22837 46 2 22913 30 76
402 22879 82 4 22996 35 117
9 23250 40 4 23290 0 40
298 23264 50 4 23341 27 77
525 23751 44 4 23795 0 44
467 23912 61 2 23973 0 61
739 24190 74 4 24264 0 74
429 24365 22 3 24387 0 22
415 24434 71 3 24505 0 71
834 24509 50 3 24559 0 50
438 24516 60 4 24620 44 104
360 24725 76 2 24801 0 76
190 24844 73 1 24917 0 73
283 24897 54 2 24972 21 75
318 24921 66 3 25039 52 118
776 25030 78 4 25118 10 88
263 25571 44 2 25615 0 44
716 25618 41 4 25659 0 41
565 25674 86 2 25760 0 86
394 25931 30 3 25961 0 30
147 26490 61 4 26551 0 61
5 26587 88 4 26675 0 88
115 26837 74 3 26911 0 74
691 26867 94 3 27006 45 139
875 27013 70 2 27083 0 70
453 27692 72 4 27764 0 72
37 27925 52 3 27977 0 52
413 27927 62 3 28040 51 113
591 28327 37 4 28364 0 37
198 28345 26 4 28391 20 46
305 28361 24 3 28415 30 54
993 28741 63 1 28804 0 63
92 28871 72 4 28943 0 72
206 29108 75 4 29183 0 75
266 29158 53 1 29237 26 79
646 29227 71 4 29309 11 82
27 29425 69 4 29494 0 69
801 29624 67 4 29691 0 67
504 29803 36 4 29839 0 36
918 29844 64 2 29908 0 64
411 29938 55 4 29993 0 55
499 30209 40 3 30249 0 40
583 30420 48 2 30468 0 48
98 30517 43 3 30560 0 43
319 30861 53 4 30914 0 53
322 31150 72 4 31222 0 72
430 31386 55 4 31441 0 55
527 31676 64 4 31740 0 64
74 32128 80 3 32208 0 80
970 32216 73 4 32289 0 73
880 32339 46 2 32385 0 46
222 32388 44 1 32432 0 44
952 32538 57 4 32595 0 57
133 32655 49 1 32704 0 49
310 32673 57 2 32762 32 89
992 32692 48 3 32810 70 118
156 32762 50 2 32861 49 99
700 32763 71 3 32932 98 169
44 32796 60 3 32992 136 196
233 32892 48 3 33041 101 149
367 33023 63 3 33105 19 82
164 33066 57 4 33163 40 97
432 33335 51 3 33386 0 51
923 33335 50 3 33436 51 101
554 33559 45 2 33604 0 45
544 33561 36 4 33641 44 80
823 33586 65 4 33706 55 120
476 33662 94 2 33801 45 139
826 34276 45 3 34321 0 45
459 34349 47 3 34396 0 47
793 34468 33 3 34501 0 33
848 34560 57 3 34617 0 57
375 34640 67 4 34707 0 67
615 34723 54 2 34777 0 54
592 34723 54 4 34831 54 108
955 35140 71 3 35211 0 71
179 35167 54 3 35266 45 99
196 35292 60 4 35352 0 60
163 35426 43 2 35469 0 43
712 35430 32 2 35502 40 72
788 35432 37 3 35539 70 107
855 35466 42 2 35581 73 115
538 35499 65 2 35647 83 148
668 35886 96 3 35982 0 96
883 36455 54 3 36509 0 54
214 36455 48 4 36557 54 102
710 36500 52 4 36610 58 110
975 36956 87 3 37043 0 87
598 37030 45 4 37089 14 59
312 37257 59 3 37316 0 59
330 37665 77 4 37742 0 77
774 37679 60 4 37803 64 124
694 37826 90 3 37916 0 90
832 37889 59 2 37976 28 87
866 37895 50 3 38026 81 131
742 37904 56 2 38082 122 178
134 38016 70 1 38153 67 137
754 38051 53 4 38206 102 155
596 38115 69 3 38276 92 161
606 38132 53 4 38329 144 197
380 38253 87 2 38417 77 164
297 38256 77 3 38494 161 238
815 38285 60 2 38554 209 269
996 38437 65 1 38620 118 183
219 38610 60 3 38681 11 71
518 38782 62 4 38844 0 62
57 38953 64 4 39017 0 64
52 38965 79 4 39097 53 132
613 39109 78 2 39187 0 78
404 39138 64 4 39252 50 114
511 39331 67 2 39398 0 67
75 39332 55 4 39454 67 122
925 39431 50 4 39505 24 74
920 39522 20 4 39542 0 20
381 39549 52 4 39601 0 52
56 39642 62 2 39704 0 62
285 39762 52 4 39814 0 52
997 40020 39 4 40059 0 39
353 40038 54 4 40114 22 76
818 40299 42 4 40341 0 42
135 40457 65 4 40522 0 65
304 40513 48 2 40571 10 58
2 40718 80 4 40798 0 80
253 40825 44 1 40869 0 44
939 41173 61 4 41234 0 61
645 41229 56 2 41291 6 62
900 41511 62 4 41573 0 62
340 41628 46 3 41674 0 46
998 41683 76 2 41759 0 76
881 41698 50 3 41810 62 112
29 42312 69 4 42381 0 69
541 42359 51 1 42433 23 74
331 42506 50 3 42556 0 50
1000 42665 69 4 42734 0 69
534 42719 54 4 42789 16 70
539 42850 54 3 42904 0 54
46 42877 34 2 42939 28 62
728 43055 75 4 43130 0 75
267 43102 46 1 43177 29 75
480 43336 80 4 43416 0 80
905 43349 47 3 43464 68 115
456 43392 81 1 43545 72 153
979 43427 59 2 43605 119 178
513 43450 58 4 43663 155 213
686 43531 44 4 43707 132 176
943 43694 44 2 43752 14 58
194 43759 44 3 43803 0 44
428 43769 68 4 43872 35 103
441 43924 55 2 43979 0 55
407 44199 65 2 44264 0 65
666 44503 63 2 44566 0 63
110 44574 88 2 44662 0 88
677 44607 64 4 44727 56 120
842 44627 39 3 44766 100 139
337 44772 42 2 44814 0 42
158 44810 63 3 44878 5 68
243 44858 71 3 44950 21 92
930 45029 64 4 45093 0 64
659 45050 45 2 45139 44 89
210 45056 50 4 45189 83 133
972 45061 75 3 45264 128 203
300 45102 68 3 45333 163 231
625 45115 52 3 45385 218 270
30 45237 49 2 45434 148 197
120 45469 91 3 45560 0 91
457 45601 66 3 45667 0 66
470 45607 39 2 45707 61 100
974 45880 68 4 45948 0 68
983 45953 79 1 46032 0 79
31 46102 36 4 46138 0 36
211 46109 51 3 46190 30 81
280 46132 85 4 46275 58 143
617 46206 51 3 46327 70 121
934 46207 63 1 46390 120 183
175 46310 20 1 46411 81 101
364 46395 73 3 46485 17 90
868 46621 33 3 46654 0 33
326 46887 91 4 46978 0 91
744 46927 64 4 47043 52 116
501 46966 78 3 47121 77 155
293 47037 88 2 47210 85 173
76 47070 62 3 47272 140 202
91 47293 43 4 47336 0 43
420 47361 56 4 47417 0 56
215 47499 41 4 47540 0 41
553 47519 62 2 47603 22 84
109 47777 61 4 47838 0 61
540 48071 100 2 48171 0 100
802 48275 55 2 48330 0 55
623 48585 86 4 48671 0 86
17 48619 67 4 48739 53 120
768 48657 29 4 48768 82 111
610 48659 20 3 48788 109 129
205 48697 34 3 48823 92 126
745 48775 45 4 48868 48 93
570 48818 59 4 48928 51 110
447 48839 35 2 48963 89 124
672 49176 43 4 49219 0 43
317 49208 44 4 49264 12 56
957 49247 70 2 49335 18 88
160 49301 63 3 49399 35 98
550 49393 84 2 49484 7 91
577 49411 60 1 49545 74 134
720 49456 54 2 49599 89 143
830 49477 100 4 49699 122 222
96 49551 90 3 49790 149 239
281 49663 91 2 49881 127 218
368 49767 67 4 49949 115 182
831 49775 64 3 50013 174 238
749 50009 59 4 50073 5 64
928 50070 44 2 50118 4 48
844 50153 77 4 50230 0 77
770 50211 71 1 50302 20 91
245 50445 50 3 50495 0 50
673 50518 61 3 50579 0 61
88 50629 69 4 50698 0 69
323 50823 49 4 50872 0 49
350 50868 83 4 50956 5 88
782 50984 40 3 51024 0 40
231 51045 84 1 51129 0 84
382 51108 53 4 51183 22 75
944 51139 69 3 51253 45 114
751 51238 58 4 51312 16 74
841 51329 68 4 51397 0 68
371 51452 65 4 51517 0 65
161 51469 49 1 51567 49 98
563 51524 55 4 51623 44 99
289 51645 61 4 51706 0 61
906 51691 68 2 51775 16 84
70 51824 42 2 51866 0 42
514 51966 72 3 52038 0 72
643 52080 37 3 52117 0 37
683 52085 54 1 52172 33 87
661 52099 78 3 52250 73 151
218 52337 62 4 52399 0 62
803 52359 92 1 52492 41 133
495 52569 80 4 52649 0 80
756 52613 61 4 52711 37 98
510 52675 76 4 52788 37 113
82 52775 68 2 52857 14 82
238 52956 40 2 52996 0 40
820 53001 73 2 53074 0 73
914 53023 53 4 53128 52 105
910 53205 56 1 53261 0 56
423 53257 36 3 53298 5 41
575 53330 46 4 53376 0 46
807 53356 61 3 53438 21 82
146 53432 55 4 53494 7 62
958 53506 76 2 53582 0 76
311 53779 83 3 53862 0 83
417 53867 32 3 53899 0 32
808 54033 47 2 54080 0 47
14 54131 45 4 54176 0 45
731 54200 61 4 54261 0 61
530 54251 54 1 54316 11 65
303 54419 57 1 54476 0 57
758 54473 48 4 54525 4 52
799 54546 65 4 54611 0 65
733 54595 83 4 54695 17 100
692 54630 64 2 54760 66 130
207 54663 38 2 54798 97 135
859 54676 75 2 54873 122 197
885 54709 68 3 54942 165 233
384 54717 62 2 55004 225 287
451 54814 85 3 55089 190 275
449 54862 59 4 55148 227 286
599 54870 29 4 55177 278 307
670 54973 61 2 55239 205 266
612 54985 69 4 55308 254 323
703 55070 73 4 55381 238 311
455 55095 47 3 55428 286 333
961 55096 60 3 55488 332 392
149 55242 47 4 55536 247 294
620 55273 57 3 55593 263 320
718 55308 51 1 55644 285 336
515 55396 67 4 55711 248 315
11 55424 48 2 55759 287 335
339 55451 49 4 55808 308 357
726 55625 52 4 55861 184 236
465 55753 41 1 55902 108 149
548 56019 54 4 56073 0 54
797 56096 45 4 56141 0 45
497 56096 63 3 56204 45 108
264 56164 69 2 56274 41 110
966 56248 41 4 56316 27 68
258 56335 60 4 56395 0 60
278 56388 58 4 56454 8 66
734 56430 56 4 56511 25 81
573 56817 86 1 56903 0 86
697 56832 62 2 56966 72 134
772 57099 32 4 57131 0 32
49 57277 49 4 57326 0 49
410 57389 55 4 57444 0 55
519 57484 51 1 57535 0 51
128 57559 51 3 57610 0 51
843 57566 77 2 57688 45 122
3 57587 40 3 57728 101 141
454 57763 69 4 57832 0 69
876 57866 55 3 57921 0 55
201 58111 72 4 58183 0 72
101 58533 65 3 58598 0 65
741 58549 74 3 58673 50 124
630 58721 92 1 58813 0 92
865 58803 70 4 58884 11 81
475 58817 94 2 58979 68 162
622 58902 62 3 59042 78 140
213 58958 63 3 59105 84 147
308 58960 41 1 59146 145 186
77 58975 73 4 59219 171 244
874 59107 41 3 59261 113 154
644 59173 53 4 59314 88 141
725 59197 48 3 59362 117 165
186 59224 47 3 59410 139 186
732 59309 58 4 59468 101 159
994 59319 42 1 59510 149 191
107 59403 47 3 59558 108 155
450 59513 63 3 59622 46 109
229 59596 43 3 59666 27 70
482 59621 41 4 59707 45 86
71 59747 26 2 59773 0 26
940 59795 70 4 59865 0 70
635 59836 51 4 59917 30 81
236 59866 68 3 59985 51 119
240 59927 56 4 60042 59 115
654 59982 54 3 60096 60 114
422 60158 57 3 60215 0 57
136 60267 69 4 60336 0 69
616 60356 58 1 60414 0 58
542 60364 88 4 60503 51 139
811 60642 65 4 60707 0 65
458 60823 46 1 60869 0 46
743 60949 81 2 61030 0 81
580 61029 65 2 61096 2 67
426 61035 92 1 61189 62 154
40 61144 68 2 61258 46 114
608 61419 51 4 61470 0 51
699 61454 58 4 61529 17 75
976 61485 44 4 61574 45 89
359 61506 56 2 61630 68 124
618 61575 82 1 61713 56 138
464 61596 57 4 61770 117 174
901 61639 61 4 61832 132 193
498 61664 68 4 61900 168 236
963 61668 35 2 61935 232 267
291 61717 36 2 61971 218 254
412 61725 58 2 62029 246 304
377 61770 69 4 62098 259 328
386 61913 60 3 62159 186 246
354 62040 47 3 62206 119 166
503 62115 73 3 62280 92 165
627 62136 75 3 62355 144 219
108 62181 79 2 62434 174 253
922 62182 57 3 62491 252 309
173 62203 35 3 62526 288 323
722 62209 64 2 62591 318 382
956 62239 72 3 62663 352 424
114 62262 51 1 62714 401 452
605 62263 44 2 62758 451 495
36 62291 81 4 62839 467 548
398 62417 53 3 62892 422 475
791 62436 80 4 62972 456 536
894 62564 75 4 63048 409 484
241 62752 33 4 63081 296 329
755 62842 70 2 63151 239 309
916 62859 70 3 63221 292 362
484 62959 66 2 63287 262 328
257 62980 25 1 63313 308 333
602 62995 94 4 63407 318 412
141 63001 49 2 63456 406 455
980 63038 63 3 63519 418 481
481 63091 66 4 63585 428 494
551 63150 76 2 63661 435 511
409 63152 65 1 63726 509 574
23 63190 42 2 63768 536 578
907 63490 64 3 63833 279 343
483 63551 60 4 63893 282 342
235 63567 54 1 63947 326 380
640 63576 58 4 64005 371 429
230 63620 70 4 64075 385 455
468 63754 70 4 64145 321 391
373 63772 70 2 64216 374 444
25 63849 44 1 64260 367 411
192 63952 90 2 64350 308 398
463 64100 73 4 64423 250 323
314 64209 73 3 64497 215 288
536 64352 56 4 64553 145 201
212 64396 49 4 64602 157 206
595 64405 85 2 64687 197 282
947 64433 55 3 64743 255 310
117 64460 50 3 64793 283 333
877 64472 91 3 64884 321 412
45 64570 55 4 64939 314 369
959 64635 71 4 65010 304 375
521 64636 51 4 65061 374 425
478 64795 55 1 65117 267 322
995 64811 75 3 65192 306 381
227 64941 53 4 65245 251 304
492 64989 69 2 65314 256 325
172 64991 48 4 65362 323 371
150 65039 57 4 65419 323 380
4 65047 39 1 65458 372 411
991 65157 47 3 65506 302 349
707 65167 33 4 65539 339 372
287 65263 43 3 65582 276 319
864 65525 69 4 65652 58 127
62 65681 45 2 65726 0 45
494 65814 59 1 65873 0 59
388 65829 43 1 65917 45 88
143 65883 54 2 65972 35 89
777 65893 83 3 66055 79 162
614 65926 55 3 66111 130 185
715 66007 41 2 66152 104 145
250 66319 67 1 66386 0 67
116 66381 67 4 66454 6 73
669 66416 62 4 66517 39 101
825 66504 84 4 66602 14 98
601 66518 42 2 66644 84 126
854 66574 49 2 66694 71 120
960 66775 51 3 66826 0 51
589 66790 66 4 66893 37 103
405 66810 52 1 66945 83 135
571 67019 81 4 67100 0 81
987 67069 52 3 67153 32 84
224 67171 50 4 67221 0 50
814 67218 55 4 67277 4 59
275 67244 77 4 67355 34 111
113 67298 50 4 67406 58 108
800 67304 56 4 67462 102 158
676 67404 58 1 67521 59 117
895 67406 41 2 67562 115 156
220 67468 50 3 67613 95 145
439 67494 65 2 67678 119 184
982 67556 58 3 67736 122 180
861 67575 53 4 67790 162 215
664 67581 67 3 67857 209 276
16 67616 59 4 67916 241 300
771 67666 41 1 67957 250 291
431 67747 54 2 68012 211 265
252 67757 100 3 68112 255 355
604 67838 60 2 68172 274 334
59 67853 45 3 68217 319 364
203 67945 42 4 68259 272 314
600 67968 71 4 68331 292 363
154 68053 59 3 68390 278 337
183 68155 60 4 68450 235 295
950 68176 32 4 68482 274 306
48 68329 95 4 68578 154 249
687 68347 52 3 68630 231 283
867 68390 62 2 68692 240 302
10 68422 41 4 68733 270 311
806 68427 89 3 68822 306 395
652 68495 56 4 68879 328 384
953 68602 56 3 68935 277 333
242 68617 89 3 69024 318 407
50 68658 70 4 69094 366 436
376 68732 98 4 69192 362 460
933 68795 66 1 69258 397 463
127 68940 76 4 69335 319 395
104 69008 39 4 69374 327 366
780 69041 71 4 69445 333 404
400 69294 67 3 69513 152 219
671 69308 37 3 69550 205 242
282 69324 48 2 69598 226 274
346 69358 51 4 69649 240 291
86 69409 57 3 69706 240 297
338 69423 57 4 69763 283 340
753 69459 63 3 69827 305 368
178 69480 60 2 69887 347 407
609 69554 32 4 69919 333 365
69 69656 67 4 69986 263 330
863 69791 35 2 70022 196 231
851 69809 57 1 70079 213 270
138 69815 86 3 70165 264 350
132 70045 55 4 70221 121 176
362 70075 63 1 70284 146 209
174 70155 37 4 70321 129 166
370 70167 59 4 70381 155 214
631 70218 50 4 70431 163 213
549 70255 81 4 70512 176 257
919 70282 85 4 70597 230 315
414 70473 58 4 70656 125 183
870 70564 64 4 70720 92 156
171 70793 54 4 70847 0 54
54 70983 61 4 71044 0 61
249 71036 47 4 71092 9 56
145 71247 76 2 71323 0 76
835 71342 72 4 71414 0 72
562 71442 50 4 71492 0 50
124 71450 84 2 71577 43 127
8 71674 78 2 71752 0 78
837 71705 29 4 71782 48 77
216 71765 82 3 71865 18 100
938 71810 78 3 71944 56 134
64 71814 80 4 72024 130 210
717 71911 48 2 72073 114 162
948 71976 73 4 72146 97 170
557 71979 58 4 72204 167 225
487 71983 51 4 72255 221 272
946 72024 47 2 72302 231 278
142 72084 71 1 72374 219 290
931 72093 66 4 72440 281 347
951 72111 76 4 72516 329 405
187 72183 60 1 72576 333 393
217 72257 69 3 72645 319 388
913 72260 29 2 72674 385 414
316 72416 66 2 72741 259 325
737 72460 47 4 72788 281 328
342 72501 63 4 72851 287 350
189 72510 53 2 72904 341 394
97 72551 46 3 72950 353 399
155 72709 49 1 73000 242 291
122 72780 55 3 73055 220 275
81 72829 68 2 73123 226 294
762 72919 32 4 73155 204 236
395 72935 84 1 73239 220 304
695 72957 44 4 73284 283 327
39 73009 70 3 73354 275 345
805 73150 49 1 73403 204 253
361 73297 20 4 73424 107 127
286 73494 53 4 73547 0 53
472 73512 34 4 73582 36 70
572 73542 71 4 73653 40 111
393 73582 66 1 73720 72 138
977 73643 67 2 73787 77 144
471 73662 61 4 73849 126 187
856 73670 56 3 73905 179 235
443 73747 49 4 73954 158 207
47 73748 74 3 74028 206 280
151 73761 69 2 74097 267 336
560 73787 66 2 74163 310 376
535 73930 65 2 74229 234 299
559 73949 41 1 74270 280 321
434 73968 68 3 74338 302 370
714 73987 50 4 74388 351 401
265 73994 46 4 74434 394 440
642 74032 72 1 74506 402 474
740 74085 84 4 74590 421 505
693 74117 64 2 74654 473 537
247 74190 49 3 74704 465 514
965 74197 24 3 74728 507 531
379 74227 68 4 74796 501 569
157 74356 40 4 74836 440 480
619 74362 82 3 74918 474 556
99 74528 26 4 74944 390 416
840 74553 68 4 75012 391 459
663 74704 36 3 75049 309 345
597 74815 54 3 75103 234 288
969 74841 71 4 75174 262 333
833 74943 59 3 75233 231 290
18 75122 72 3 75306 112 184
436 75133 72 4 75378 173 245
32 75145 64 2 75442 233 297
702 75168 71 1 75513 274 345
167 75179 46 4 75559 334 380
366 75247 58 4 75618 313 371
358 75366 64 4 75682 252 316
784 75388 76 4 75758 294 370
356 75414 61 3 75819 344 405
967 75444 48 3 75867 375 423
611 75532 56 4 75923 335 391
721 75571 67 1 75991 353 420
760 75695 76 4 76067 296 372
626 75713 61 4 76128 354 415
348 75742 58 4 76186 386 444
678 75775 63 1 76249 411 474
781 75888 66 4 76315 361 427
529 75931 69 4 76385 385 454
558 75962 67 3 76452 423 490
309 76006 86 2 76538 446 532
862 76114 21 4 76559 424 445
651 76246 64 4 76623 313 377
653 76257 75 4 76698 366 441
989 76335 34 1 76733 364 398
846 76336 26 4 76759 397 423
469 76489 31 4 76790 270 301
313 76538 59 4 76849 252 311
897 76625 60 3 76909 224 284
624 76664 55 3 76964 245 300
911 76692 48 3 77012 272 320
543 76790 56 4 77069 223 279
641 76906 56 4 77125 163 219
347 76931 71 2 77196 194 265
585 76948 49 4 77245 248 297
374 77024 46 4 77292 222 268
792 77065 63 4 77355 227 290
144 77178 69 3 77424 177 246
750 77211 75 4 77499 213 288
507 77250 63 4 77563 250 313
588 77361 44 2 77607 202 246
603 77406 88 2 77695 201 289
180 77540 69 2 77765 156 225
685 77542 63 1 77828 223 286
93 77560 68 3 77896 268 336
351 77574 75 4 77971 322 397
822 77579 58 3 78029 392 450
84 77589 79 4 78108 440 519
555 77669 71 4 78179 439 510
888 77856 61 4 78241 324 385
279 77926 72 3 78313 315 387
984 78074 60 3 78373 239 299
334 78084 56 2 78429 289 345
13 78093 63 3 78492 336 399
850 78157 33 2 78525 335 368
827 78217 66 2 78592 309 375
488 78314 79 3 78671 278 357
971 78584 73 4 78745 88 161
705 78590 61 4 78806 155 216
389 78642 68 1 78874 164 232
130 78722 82 3 78957 153 235
200 78797 53 4 79010 160 213
28 78844 95 2 79105 166 261
336 78922 69 2 79175 184 253
445 78951 81 4 79256 224 305
254 79018 32 1 79288 238 270
921 79115 53 3 79342 174 227
65 79148 79 3 79421 194 273
125 79189 47 4 79468 232 279
181 79218 33 2 79501 250 283
344 79221 46 4 79547 280 326
747 79386 41 3 79589 162 203
284 79461 39 4 79628 128 167
419 79486 55 3 79683 142 197
106 79528 56 3 79739 155 211
320 79536 48 3 79787 203 251
509 79542 49 4 79836 245 294
656 79705 43 2 79880 132 175
321 79732 53 4 79933 148 201
517 79774 71 3 80004 159 230
159 80059 54 2 80113 0 54
929 80101 74 4 80188 13 87
329 80168 58 4 80247 21 79
523 80194 73 2 80321 54 127
836 80202 32 3 80353 119 151
853 80232 62 4 80415 121 183
259 80242 74 3 80489 173 247
324 80251 54 3 80544 239 293
79 80349 71 1 80615 195 266
904 80402 32 3 80647 213 245
649 80405 83 3 80730 242 325
477 80419 57 4 80787 311 368
657 80424 64 4 80851 363 427
466 80462 51 3 80902 389 440
942 80496 64 2 80967 407 471
773 80524 56 4 81023 443 499
26 80553 57 4 81080 470 527
38 80604 74 4 81154 476 550
246 80672 74 2 81228 482 556
648 80702 71 3 81299 526 597
199 80788 50 4 81349 511 561
566 81189 77 1 81427 161 238
261 81282 95 4 81522 145 240
221 81437 56 4 81579 86 142
102 81442 64 4 81643 137 201
169 81454 76 4 81719 189 265
162 81501 58 3 81777 218 276
61 81519 79 4 81856 258 337
632 81628 46 4 81903 229 275
292 81675 79 1 81982 228 307
584 81738 41 4 82023 244 285
131 81878 73 4 82097 146 219
396 82178 67 4 82245 0 67
633 82356 91 4 82447 0 91
893 82361 63 3 82511 87 150
112 82533 62 2 82595 0 62
990 82613 44 2 82657 0 44
999 82624 62 3 82720 34 96
639 82659 83 4 82804 62 145
397 82692 51 2 82855 112 163
435 82791 62 2 82918 65 127
302 82832 65 2 82983 86 151
988 82908 65 4 83049 76 141
437 82914 60 4 83109 135 195
845 82967 34 2 83143 142 176
680 83094 44 1 83188 50 94
232 83158 93 3 83282 31 124
968 83236 56 4 83339 47 103
547 83278 63 4 83402 61 124
688 83459 79 2 83538 0 79
520 83564 66 2 83630 0 66
53 83677 71 3 83748 0 71
819 83679 65 4 83814 70 135
95 83679 51 4 83865 135 186
188 83719 24 4 83889 146 170
462 83912 37 3 83949 0 37
148 83917 70 4 84020 33 103
665 83939 69 2 84089 81 150
365 84177 81 4 84258 0 81
701 84189 37 4 84296 70 107
202 84196 56 4 84352 100 156
849 84240 61 3 84413 112 173
964 84279 63 2 84477 135 198
191 84495 59 3 84554 0 59
590 84511 54 1 84609 44 98
448 84592 46 2 84656 18 64
561 84721 85 4 84806 0 85
704 84792 27 2 84834 15 42
582 84998 75 1 85073 0 75
427 85008 54 2 85128 66 120
779 85042 77 4 85205 86 163
357 85048 39 3 85244 157 196
433 85080 45 4 85290 165 210
22 85132 63 2 85353 158 221
682 85138 63 2 85416 215 278
924 85238 52 4 85468 178 230
891 85239 41 4 85509 229 270
244 85242 64 4 85573 267 331
658 85460 57 4 85631 114 171
724 85535 63 3 85694 96 159
569 85794 77 1 85871 0 77
890 85851 63 4 85935 21 84
268 85930 55 2 85991 6 61
892 85935 76 2 86067 56 132
306 86154 54 3 86208 0 54
73 86210 32 4 86242 0 32
299 86211 42 1 86285 32 74
225 86272 98 4 86384 14 112
706 86452 30 4 86482 0 30
629 86469 40 1 86523 14 54
301 86496 86 1 86610 28 114
234 86570 99 4 86710 41 140
34 86626 59 2 86770 85 144
137 86699 86 3 86856 71 157
341 86836 54 4 86911 21 75
296 86929 45 3 86974 0 45
262 86952 41 3 87016 23 64
986 87058 53 2 87111 0 53
681 87097 86 2 87198 15 101
786 87120 43 3 87242 79 122
209 87146 58 4 87300 96 154
118 87150 59 2 87359 150 209
345 87191 44 4 87403 168 212
58 87267 84 3 87488 137 221
7 87284 34 4 87522 204 238
87 87298 72 4 87594 224 296
385 87325 68 3 87662 269 337
506 87334 70 1 87732 328 398
123 87365 46 4 87778 367 413
325 87419 65 3 87844 360 425
810 87523 64 4 87908 321 385
522 87524 41 3 87949 384 425
927 87541 62 4 88011 408 470
949 87600 77 4 88088 411 488
168 87632 81 4 88169 456 537
166 87750 43 3 88212 419 462
363 87851 60 4 88273 362 422
719 87935 36 4 88309 338 374
908 88072 84 4 88393 237 321
177 88078 60 2 88453 315 375
152 88172 62 3 88515 281 343
785 88309 72 1 88588 207 279
195 88367 58 3 88646 221 279
461 88376 55 4 88701 270 325
425 88412 70 4 88771 289 359
446 88447 70 4 88841 324 394
512 88529 48 4 88890 313 361
660 88591 69 3 88959 299 368
912 88678 78 4 89037 281 359
813 88718 84 4 89121 319 403
579 88919 76 3 89198 203 279
871 88960 27 4 89225 238 265
204 88975 67 3 89292 250 317
491 89042 49 3 89341 250 299
390 89160 59 4 89401 182 241
78 89172 31 3 89432 229 260
675 89239 42 1 89474 193 235
349 89259 59 4 89533 215 274
708 89345 61 4 89595 189 250
332 89424 42 3 89637 171 213
170 89518 79 2 89716 119 198
564 89533 74 2 89790 183 257
176 89618 97 4 89888 173 270
255 89697 68 3 89956 191 259
789 89722 83 2 90039 234 317
387 89776 59 4 90098 263 322
838 89805 100 4 90199 294 394
650 89845 65 3 90264 354 419
981 89898 60 3 90324 366 426
51 90051 37 4 90361 273 310
767 90133 71 4 90433 229 300
533 90215 50 4 90483 218 268
290 90378 58 2 90542 106 164
408 90516 80 4 90623 27 107
1 90546 55 4 90679 78 133
821 90559 68 2 90747 120 188
752 90570 58 4 90805 177 235
593 90635 52 4 90858 171 223
43 90672 51 2 90909 186 237
775 90725 75 4 90984 184 259
524 90734 50 3 91034 250 300
35 90742 70 4 91104 292 362
21 90774 47 3 91151 330 377
288 90776 63 4 91214 375 438
307 90782 85 3 91299 432 517
502 90833 66 2 91366 467 533
937 90874 79 4 91445 492 571
636 90889 45 4 91490 556 601
251 90903 95 4 91585 587 682
68 90946 39 3 91624 639 678
709 90999 95 2 91719 625 720
33 91119 67 4 91786 600 667
89 91142 52 1 91838 644 696
490 91189 68 4 91906 649 717
355 91234 60 2 91966 672 732
795 91311 75 4 92042 656 731
531 91318 86 3 92128 724 810
295 91377 67 3 92195 751 818
496 91379 88 2 92283 816 904
674 91449 54 2 92337 834 888
896 91459 84 4 92421 878 962
634 91465 79 1 92500 956 1035
736 91516 45 2 92545 984 1029
55 91526 62 3 92607 1019 1081
83 91531 59 3 92666 1076 1135
684 91652 73 2 92739 1014 1087
790 91698 37 2 92776 1041 1078
556 91750 80 4 92856 1026 1106
392 91786 84 4 92940 1070 1154
80 91846 49 3 92989 1094 1143
105 91847 62 2 93051 1142 1204
568 91852 51 4 93102 1199 1250
140 92105 39 4 93142 998 1037
879 92157 68 3 93210 985 1053
328 92172 57 2 93267 1038 1095
655 92173 57 1 93324 1094 1151
260 92186 47 2 93371 1138 1185
66 92265 65 2 93436 1106 1171
485 92266 64 4 93500 1170 1234
294 92343 44 3 93544 1157 1201
508 92366 47 3 93591 1178 1225
852 92595 71 2 93662 996 1067
727 92612 52 4 93714 1050 1102
378 92626 100 1 93814 1088 1188
711 92669 46 1 93860 1145 1191
778 92674 99 4 93959 1186 1285
637 92678 69 1 94028 1281 1350
100 92684 61 2 94089 1344 1405
690 92838 71 4 94160 1251 1322
226 92869 38 3 94198 1291 1329
945 92888 61 4 94259 1310 1371
139 92948 57 4 94316 1311 1368
335 92967 53 3 94369 1349 1402
587 93139 80 3 94450 1231 1311
111 93173 64 4 94514 1277 1341
352 93308 63 4 94577 1206 1269
621 93321 71 2 94648 1256 1327
532 93468 50 4 94698 1180 1230
889 93483 38 1 94736 1215 1253
452 93681 67 4 94803 1055 1122
607 93776 51 1 94854 1027 1078
41 93882 79 2 94933 972 1051
574 93885 49 1 94982 1048 1097
442 93903 79 1 95061 1079 1158
273 93914 75 1 95136 1147 1222
369 93915 35 4 95171 1221 1256
237 93935 64 3 95235 1236 1300
343 93953 41 3 95276 1282 1323
63 93964 75 4 95351 1312 1387
153 93972 57 4 95408 1379 1436
783 94124 55 2 95463 1284 1339
794 94209 48 3 95511 1254 1302
628 94223 64 4 95575 1288 1352
898 94230 34 4 95609 1345 1379
761 94345 47 4 95656 1264 1311
962 94347 79 4 95735 1309 1388
67 94419 58 1 95794 1317 1375
185 94449 52 2 95846 1345 1397
421 94464 73 2 95919 1382 1455
85 94476 44 3 95963 1443 1487
546 94519 72 4 96035 1444 1516
460 94555 75 3 96110 1480 1555
126 94785 54 3 96164 1325 1379
182 94812 51 3 96215 1352 1403
406 94860 55 2 96270 1355 1410
787 94875 63 4 96333 1395 1458
528 94927 89 4 96422 1406 1495
860 95124 72 4 96494 1298 1370
903 95198 50 2 96544 1296 1346
24 95238 20 3 96564 1306 1326
239 95278 43 4 96607 1286 1329
193 95347 64 2 96671 1260 1324
935 95364 72 3 96743 1307 1379
418 95380 76 4 96819 1363 1439
828 95409 64 2 96883 1410 1474
228 95602 57 4 96940 1281 1338
552 95740 79 4 97020 1201 1280
886 95742 46 3 97066 1278 1324
505 95750 75 3 97141 1316 1391
526 95797 53 4 97194 1344 1397
915 95808 79 2 97273 1386 1465
757 95903 67 4 97340 1370 1437
479 95963 61 1 97401 1377 1438
372 95997 59 3 97460 1404 1463
847 96005 61 3 97521 1455 1516
119 96034 89 3 97610 1487 1576
444 96056 66 3 97676 1554 1620
208 96056 77 2 97753 1620 1697
759 96092 52 3 97805 1661 1713
276 96115 50 2 97855 1690 1740
973 96122 49 3 97904 1733 1782
567 96326 72 2 97976 1578 1650
978 96381 72 4 98048 1595 1667
723 96407 61 4 98109 1641 1702
333 96506 78 4 98187 1603 1681
401 96511 64 4 98251 1676 1740
516 96543 57 4 98308 1708 1765
184 96583 70 3 98378 1725 1795
223 96671 81 1 98459 1707 1788
730 96677 63 4 98522 1782 1845
327 97153 48 4 98571 1370 1418
729 97347 73 3 98644 1224 1297
129 97391 52 4 98696 1253 1305
42 97400 38 3 98734 1296 1334
474 97401 93 2 98827 1333 1426
486 97417 55 3 98882 1410 1465
878 97496 59 3 98941 1386 1445
12 97554 63 3 99004 1387 1450
256 97597 76 1 99080 1407 1483
383 97667 56 2 99136 1413 1469
489 97673 57 2 99193 1463 1520
440 97709 48 4 99241 1484 1532
746 97797 61 3 99302 1444 1505
399 97802 85 1 99387 1500 1585
873 97842 84 4 99471 1545 1629
473 97887 37 4 99508 1584 1621
277 97968 64 2 99572 1540 1604
94 98197 42 4 99614 1375 1417
766 98266 52 4 99666 1348 1400
662 98292 35 4 99701 1374 1409
269 98311 62 3 99763 1390 1452
90 98353 74 2 99837 1410 1484
857 98361 79 3 99916 1476 1555
926 98386 37 1 99953 1530 1567
197 98400 57 4 100010 1553 1610
248 98479 67 3 100077 1531 1598
936 98587 64 1 100142 1491 1555
748 98710 71 3 100213 1432 1503
954 98808 87 4 100300 1405 1492
271 98900 62 3 100362 1400 1462
578 98934 72 2 100434 1428 1500
839 99094 69 3 100503 1340 1409
887 99185 82 4 100585 1318 1400
667 99188 63 4 100648 1397 1460
909 99224 37 2 100685 1424 1461
812 99235 22 4 100707 1450 1472
798 99296 61 4 100768 1411 1472
315 99358 70 3 100838 1410 1480
713 99405 100 3 100938 1433 1533
576 99430 78 3 101016 1508 1586
60 99483 44 4 101060 1533 1577
804 99541 62 3 101122 1519 1581
19 99576 58 2 101180 1546 1604
165 99614 45 3 101225 1566 1611
103 99673 48 1 101273 1552 1600
391 99730 75 4 101348 1543 1618
121 99743 21 4 101369 1605 1626
647 99865 86 3 101455 1504 1590
