106889 1858 2147 2074
428 4743 53 2 4796 0 53
569 5218 46 4 5264 0 46
380 5369 79 2 5448 0 79
183 6132 68 2 6200 0 68
70 6292 76 4 6368 0 76
573 6406 52 4 6458 0 52
987 8762 70 4 8832 0 70
605 9580 94 3 9674 0 94
164 9654 53 4 9727 20 73
410 10095 47 4 10142 0 47
634 11270 63 1 11333 0 63
886 11656 97 3 11753 0 97
73 11896 54 4 11950 0 54
19 12466 75 2 12541 0 75
639 12595 62 4 12657 0 62
26 12995 78 1 13073 0 78
231 13168 50 4 13218 0 50
267 13861 81 2 13942 0 81
142 14326 94 3 14420 0 94
662 15623 69 4 15692 0 69
602 15896 91 4 15987 0 91
599 15997 93 3 16090 0 93
932 16217 90 4 16307 0 90
832 16459 97 2 16556 0 97
934 16649 98 3 16747 0 98
857 16824 49 3 16873 0 49
854 17244 51 3 17295 0 51
332 17375 74 4 17449 0 74
989 17390 89 4 17538 59 148
820 17653 96 1 17749 0 96
609 18745 86 4 18831 0 86
255 19228 39 4 19267 0 39
809 19240 100 4 19367 27 127
81 19406 96 1 19502 0 96
180 19553 41 3 19594 0 41
370 19659 100 4 19759 0 100
400 19701 46 3 19805 58 104
189 19918 81 4 19999 0 81
608 20173 82 4 20255 0 82
641 20266 35 3 20301 0 35
640 20377 76 4 20453 0 76
546 20543 92 1 20635 0 92
529 20847 96 3 20943 0 96
632 20897 87 2 21080 96 183
597 20927 60 4 21090 103 163
916 21005 62 3 21202 135 197
23 21039 84 4 21236 113 197
855 21195 75 3 21311 41 116
33 21509 99 3 21608 0 99
579 21592 85 3 21693 16 101
346 21620 48 3 21741 73 121
260 21657 82 3 21873 134 216
367 21776 47 4 21920 97 144
497 21738 80 3 22000 182 262
61 21791 67 3 22017 159 226
565 22382 43 3 22425 0 43
790 22698 82 1 22780 0 82
686 22721 57 2 22837 59 116
527 22922 83 3 23005 0 83
697 23233 75 4 23308 0 75
369 23591 91 4 23682 0 91
365 23648 70 4 23752 34 104
766 23764 93 2 23857 0 93
747 24217 80 1 24297 0 80
270 24246 99 2 24496 151 250
314 24257 65 4 24511 189 254
117 24294 69 2 24530 167 236
40 24676 94 4 24770 0 94
51 24804 83 4 24887 0 83
184 24981 93 3 25074 0 93
102 25044 38 3 25112 30 68
584 25300 55 3 25355 0 55
729 25311 52 3 25407 44 96
106 25502 91 2 25593 0 91
489 25512 99 4 25692 81 180
15 25787 30 4 25817 0 30
615 26060 43 4 26103 0 43
423 26107 87 4 26194 0 87
570 26238 80 2 26318 0 80
582 26539 91 2 26630 0 91
519 26542 83 4 26713 88 171
113 26808 61 3 26869 0 61
143 26878 92 4 26970 0 92
924 26893 90 2 27110 127 217
238 26920 88 3 27148 140 228
127 27179 78 3 27257 0 78
300 27237 99 4 27356 20 119
379 27353 39 4 27395 3 42
387 27819 88 3 27907 0 88
876 27874 50 2 27957 33 83
913 27908 49 1 28006 49 98
660 28112 84 4 28196 0 84
618 28210 71 4 28281 0 71
325 28349 81 2 28430 0 81
87 28365 62 3 28492 65 127
264 28564 24 4 28588 0 24
455 28898 45 3 28943 0 45
806 29267 79 2 29346 0 79
742 29302 94 2 29440 44 138
907 29432 74 4 29514 8 82
237 29647 79 3 29726 0 79
735 29748 90 4 29838 0 90
7 29751 97 4 29935 87 184
176 29881 79 4 30064 104 183
342 29920 97 3 30111 94 191
890 30298 58 3 30356 0 58
375 30810 47 4 30857 0 47
908 30891 98 3 30989 0 98
405 30903 46 3 31035 86 132
129 31040 65 2 31105 0 65
208 31155 84 4 31239 0 84
606 31230 71 2 31310 9 80
71 31371 99 4 31470 0 99
654 31417 47 2 31517 53 100
614 31424 85 2 31602 93 178
232 31610 100 4 31710 0 100
85 31927 67 4 31994 0 67
914 31957 64 1 32058 37 101
799 32045 61 4 32119 13 74
992 32196 61 2 32257 0 61
79 32215 79 3 32336 42 121
326 32399 83 3 32482 0 83
343 32614 51 3 32665 0 51
75 32709 72 4 32781 0 72
322 32798 93 4 32891 0 93
216 32836 57 4 32998 105 162
253 32842 79 3 33027 106 185
381 32958 79 4 33156 119 198
275 32977 77 4 33183 129 206
492 33394 54 4 33448 0 54
220 33453 60 3 33513 0 60
901 33657 62 3 33719 0 62
175 33683 64 3 33833 86 150
852 33689 56 4 33889 144 200
46 33747 78 3 33917 92 170
169 34092 85 1 34177 0 85
401 34361 57 4 34418 0 57
647 34375 97 2 34515 43 140
596 34509 51 4 34566 6 57
540 34689 61 1 34750 0 61
604 34719 91 4 34891 81 172
524 34734 51 2 34942 157 208
261 34756 98 3 34990 136 234
453 35034 43 1 35077 0 43
959 35078 38 4 35116 0 38
682 35298 53 2 35351 0 53
993 35419 72 4 35491 0 72
364 35602 38 4 35640 0 38
505 35741 60 2 35801 0 60
18 35876 89 1 35965 0 89
893 36236 66 2 36302 0 66
6 36411 82 2 36493 0 82
837 36502 63 1 36565 0 63
571 36527 48 2 36613 38 86
560 37148 71 3 37219 0 71
603 37331 79 4 37410 0 79
671 37611 72 4 37683 0 72
743 37617 89 4 37772 66 155
796 38052 65 1 38117 0 65
554 38064 99 1 38266 103 202
666 38085 78 4 38294 131 209
754 38497 69 4 38566 0 69
552 38500 79 1 38695 116 195
4 38605 48 4 38743 90 138
533 38502 96 2 38789 191 287
862 38712 80 4 38869 77 157
683 38794 50 1 38919 75 125
128 38830 71 3 38990 89 160
93 38989 90 4 39080 1 91
911 39151 83 4 39234 0 83
576 39213 55 1 39289 21 76
192 39248 98 3 39437 91 189
721 39250 74 3 39461 137 211
419 39370 91 4 39552 91 182
922 39467 68 3 39720 185 253
850 39533 55 4 39825 237 292
545 39548 90 3 39865 227 317
774 39560 67 4 39882 255 322
252 39588 84 4 39916 244 328
864 40280 82 3 40362 0 82
91 40432 83 3 40515 0 83
628 40478 89 3 40604 37 126
236 40664 80 2 40744 0 80
943 40812 82 4 40894 0 82
374 40841 79 3 40973 53 132
78 41051 74 3 41125 0 74
543 41103 86 3 41211 22 108
389 41162 43 4 41304 99 142
313 41132 81 4 41385 172 253
677 41217 47 4 41432 168 215
568 41168 96 4 41578 314 410
635 41257 62 2 41590 271 333
962 41259 51 3 41591 281 332
780 41521 46 4 41637 70 116
822 41606 84 4 41721 31 115
936 41932 63 3 41995 0 63
426 42097 82 2 42179 0 82
123 42188 63 4 42251 0 63
203 42249 72 3 42323 2 74
36 42712 100 1 42812 0 100
696 42741 93 3 42905 71 164
702 42876 33 4 42988 79 112
765 42836 100 2 43038 102 202
109 42967 89 4 43177 121 210
700 42980 82 2 43209 147 229
511 43209 47 2 43256 0 47
785 43449 36 3 43485 0 36
940 43487 67 1 43554 0 67
213 43669 76 1 43745 0 76
958 43686 93 4 43838 59 152
2 43779 32 3 43920 109 141
926 43777 73 3 43993 143 216
737 43808 63 2 44006 135 198
235 44092 81 3 44173 0 81
530 44181 87 4 44268 0 87
637 44182 94 3 44362 86 180
149 44431 87 3 44518 0 87
147 44755 95 3 44850 0 95
920 44776 54 3 45004 174 228
976 44864 46 4 45050 140 186
968 44889 36 3 45086 161 197
331 44812 88 4 45124 224 312
344 44822 91 3 45165 252 343
136 45109 46 4 45311 156 202
970 44976 93 3 45354 285 378
488 45109 75 2 45529 345 420
74 45183 83 2 45562 296 379
825 45184 84 3 45596 328 412
244 45185 100 3 45646 361 461
945 45569 79 4 45775 127 206
518 45575 99 4 45824 150 249
307 45901 75 4 45976 0 75
56 45950 75 4 46051 26 101
363 46048 75 4 46126 3 78
708 46187 86 2 46273 0 86
548 46326 91 3 46417 0 91
736 46502 45 4 46547 0 45
334 46516 38 4 46585 31 69
787 46721 87 3 46808 0 87
722 46766 60 4 46918 92 152
952 46796 95 3 46963 72 167
394 47426 57 3 47483 0 57
108 47436 89 3 47572 47 136
125 47621 81 4 47702 0 81
575 47668 61 3 47763 34 95
315 47713 37 2 47850 100 137
32 47708 87 4 47937 142 229
368 47715 84 3 48021 222 306
593 47826 93 3 48114 195 288
520 47966 48 3 48162 148 196
288 47866 71 4 48183 246 317
794 48329 93 1 48422 0 93
359 48413 79 3 48501 9 88
82 48465 47 2 48548 36 83
678 48662 47 1 48709 0 47
310 48736 75 4 48811 0 75
782 48934 67 4 49001 0 67
124 48946 91 3 49092 55 146
971 49111 76 1 49187 0 76
986 49124 88 1 49325 113 201
118 49163 57 4 49332 112 169
345 49516 72 4 49588 0 72
638 49593 96 3 49689 0 96
833 49723 77 3 49800 0 77
996 49742 73 2 49873 58 131
983 49875 54 3 49929 0 54
975 50071 71 2 50142 0 71
619 50152 94 4 50246 0 94
644 50458 69 1 50527 0 69
491 50669 90 2 50759 0 90
182 50679 76 3 50835 80 156
896 50779 70 2 50905 56 126
783 50929 98 1 51077 50 148
418 50929 70 3 51097 98 168
485 51082 68 4 51165 15 83
269 51103 97 3 51312 112 209
271 51155 55 2 51367 157 212
31 51209 63 4 51380 108 171
904 51418 61 4 51479 0 61
779 51511 36 3 51547 0 36
412 51563 66 4 51629 0 66
197 51568 62 4 51691 61 123
444 51686 49 3 51790 55 104
500 51679 75 4 51815 61 136
179 51910 98 3 52008 0 98
542 51956 95 1 52103 52 147
739 52012 79 4 52182 91 170
695 52167 70 4 52252 15 85
770 52215 99 4 52351 37 136
480 52341 84 1 52485 60 144
233 52350 88 4 52573 135 223
525 52361 67 2 52590 162 229
643 52496 82 4 52772 194 276
356 52537 60 4 52782 185 245
775 52682 50 4 52932 200 250
815 52552 73 4 52955 330 403
443 52666 77 2 52982 239 316
190 52667 80 4 53012 265 345
838 53066 65 3 53131 0 65
286 53320 77 1 53397 0 77
948 53422 67 2 53489 0 67
34 53476 73 2 53562 13 86
341 53531 87 2 53649 31 118
457 53625 91 4 53740 24 115
691 53659 55 4 53845 131 186
627 53689 51 2 53846 106 157
681 53965 56 2 54021 0 56
953 54399 77 3 54476 0 77
544 54406 95 2 54571 70 165
672 54659 88 4 54747 0 88
120 54664 80 1 54827 83 163
348 54859 34 4 54893 0 34
849 54981 91 3 55072 0 91
746 54994 97 3 55169 78 175
471 55223 85 3 55308 0 85
422 55386 84 4 55470 0 84
728 55399 30 4 55500 71 101
416 55601 81 4 55682 0 81
801 55804 87 4 55891 0 87
981 55975 92 3 56067 0 92
337 56000 56 4 56123 67 123
258 56189 92 3 56281 0 92
421 56229 84 4 56365 52 136
515 56282 97 4 56512 133 230
196 56315 77 4 56589 197 274
478 56401 62 1 56601 138 200
388 56637 50 3 56687 0 50
919 56683 100 4 56787 4 104
274 56981 97 4 57078 0 97
592 57083 45 4 57128 0 45
162 57157 90 4 57247 0 90
590 57206 77 4 57374 91 168
308 57221 74 1 57398 103 177
403 57333 93 1 57541 115 208
510 57335 88 4 57679 256 344
135 57427 95 3 57724 202 297
889 57447 93 1 57767 227 320
631 57750 80 4 57847 17 97
29 57864 68 4 57932 0 68
110 57883 48 3 57980 49 97
967 57963 62 4 58092 67 129
437 57966 75 2 58117 76 151
808 58056 84 4 58201 61 145
86 58187 57 3 58308 64 121
988 58189 89 3 58347 69 158
532 58322 50 2 58447 75 125
201 58278 57 3 58454 119 176
449 58449 83 4 58537 5 88
340 58531 82 1 58619 6 88
12 58707 90 4 58797 0 90
447 58727 58 3 58905 120 178
59 58788 58 2 58963 117 175
305 58822 93 3 59006 91 184
170 58972 73 2 59079 34 107
502 59043 93 4 59172 36 129
905 59111 70 3 59242 61 131
648 59199 92 3 59384 93 185
353 59216 83 4 59467 168 251
466 59244 86 3 59703 373 459
840 59303 86 4 59739 350 436
843 59339 80 4 59769 350 430
460 59358 76 4 59795 361 437
508 59373 92 4 59837 372 464
823 59742 70 4 60007 195 265
200 59788 92 4 60099 219 311
205 59835 89 3 60188 264 353
479 59874 87 3 60225 264 351
218 59931 94 2 60369 344 438
836 60088 93 4 60462 281 374
910 60096 92 3 60504 316 408
446 60341 38 4 60592 213 251
917 60160 77 2 60619 382 459
152 60452 47 4 60666 167 214
521 60319 73 3 60739 347 420
512 60597 49 4 60838 192 241
888 60503 65 4 60853 285 350
191 60705 29 1 60982 248 277
263 60523 90 3 61022 409 499
826 60703 76 4 61048 269 345
547 60866 40 3 61088 182 222
432 60703 86 2 61174 385 471
788 60899 72 4 61296 325 397
256 60921 66 4 61412 425 491
978 60933 93 4 61505 479 572
884 61093 57 3 61562 412 469
39 61131 90 4 61602 381 471
930 61218 88 4 61640 334 422
764 61236 71 3 61711 404 475
435 61416 72 4 61833 345 417
964 61554 93 3 61876 229 322
336 61622 74 3 61900 204 278
132 61868 66 2 61966 32 98
768 61947 40 4 62006 19 59
434 61964 71 4 62077 42 113
397 62037 50 1 62127 40 90
871 62077 66 4 62193 50 116
382 62251 42 1 62293 0 42
430 62358 57 2 62465 50 107
390 62358 71 3 62486 57 128
827 62529 48 4 62577 0 48
745 62583 43 4 62626 0 43
759 62705 93 4 62798 0 93
80 62747 79 2 62877 51 130
895 62877 21 1 63098 200 221
812 62824 71 4 63119 224 295
539 62844 78 1 63197 275 353
813 62850 97 3 63294 347 444
514 62865 55 3 63299 379 434
214 62916 91 3 63390 383 474
144 63194 40 4 63530 296 336
146 62941 81 4 63561 539 620
462 63099 60 4 63621 462 522
352 63308 49 3 63670 313 362
250 63146 83 4 63703 474 557
351 63163 96 2 63799 540 636
865 63203 72 4 63821 546 618
688 63577 40 3 63861 244 284
767 63420 65 3 63926 441 506
982 63643 95 4 64021 283 378
234 63749 84 4 64055 222 306
399 63927 76 4 64231 228 304
376 63942 94 2 64325 289 383
30 63988 79 4 64404 337 416
941 64160 40 3 64444 244 284
321 64091 52 4 64446 303 355
391 64133 95 4 64541 313 408
710 64302 62 3 64703 339 401
718 64501 48 4 64751 202 250
484 64391 72 2 64823 360 432
733 64392 94 2 64917 431 525
578 64436 99 4 64966 431 530
537 64648 46 4 65012 318 364
486 64746 43 2 65105 316 359
974 64517 52 4 65107 538 590
402 64574 64 4 65171 533 597
424 64726 68 4 65239 445 513
131 64808 52 4 65291 431 483
807 64850 87 1 65378 441 528
969 65018 93 3 65421 310 403
495 65132 70 4 65541 339 409
299 65390 47 3 65738 301 348
456 65276 92 2 65780 412 504
141 65279 73 1 65803 451 524
245 65299 84 3 65887 504 588
898 65374 78 1 65915 463 541
725 65384 91 1 65956 481 572
707 65475 74 4 66180 631 705
464 65647 100 2 66330 583 683
122 65698 84 3 66364 582 666
995 65720 66 3 66380 594 660
16 65777 69 4 66399 553 622
758 65807 98 4 66547 642 740
842 65856 69 4 66616 691 760
655 66148 86 2 66802 568 654
357 66173 65 4 66867 629 694
126 66183 78 3 66895 634 712
57 66302 52 3 66897 543 595
212 66310 82 4 66929 537 619
851 66361 96 3 66975 518 614
316 66408 68 2 66993 517 585
504 66830 81 2 67124 213 294
755 67000 34 1 67158 124 158
76 66858 81 3 67239 300 381
320 67015 75 3 67264 174 249
202 67212 26 1 67340 102 128
526 67180 71 4 67411 160 231
650 67315 40 1 67451 96 136
116 67249 92 4 67543 202 294
171 67323 81 4 67724 320 401
741 67393 76 4 67750 281 357
66 67419 89 4 67839 331 420
469 67427 82 3 67871 362 444
749 67566 97 4 67918 255 352
929 67784 68 4 68086 234 302
613 67815 88 3 68174 271 359
186 67872 71 4 68245 302 373
624 67935 73 4 68268 260 333
556 68009 100 4 68368 259 359
414 68108 93 4 68411 210 303
27 68269 21 4 68432 142 163
961 68318 65 4 68697 314 379
445 68394 61 3 68708 253 314
284 68405 91 3 68749 253 344
433 68429 92 3 68841 320 412
507 68430 58 2 68949 461 519
223 68536 68 2 69167 563 631
496 68595 93 2 69310 622 715
805 68600 55 4 69365 710 765
178 68687 69 4 69384 628 697
513 68711 100 1 69434 623 723
249 68719 65 1 69549 765 830
21 69070 50 1 69599 479 529
290 68721 89 4 69638 828 917
339 68758 72 3 69710 880 952
13 68788 85 1 69745 872 957
658 68869 71 2 69816 876 947
24 69025 77 4 69993 891 968
148 69029 75 3 70118 1014 1089
979 69126 100 4 70268 1042 1142
163 69650 34 4 70352 668 702
385 69247 100 4 70552 1205 1305
272 69326 64 4 70566 1176 1240
861 69341 84 2 70600 1175 1259
72 69366 86 3 70636 1184 1270
294 69458 87 3 70723 1178 1265
551 69465 74 2 70747 1208 1282
629 69521 93 3 71040 1426 1519
715 69560 96 3 71086 1430 1526
894 69644 61 3 71247 1542 1603
921 69691 77 4 71274 1506 1583
20 69714 96 3 71370 1560 1656
564 70419 47 4 71417 951 998
549 69737 97 3 71464 1630 1727
954 69968 66 2 71630 1596 1662
459 70056 88 2 71718 1574 1662
3 70059 54 1 71722 1609 1663
487 70069 91 3 71813 1653 1744
417 70074 100 4 71863 1689 1789
65 70102 99 3 71912 1711 1810
709 70194 60 4 71972 1718 1778
598 70195 60 4 71982 1727 1787
195 70200 96 4 72028 1732 1828
972 70383 91 2 72069 1595 1686
319 70476 51 4 72270 1743 1794
139 70485 53 3 72273 1735 1788
642 70633 91 4 72314 1590 1681
900 70664 86 4 72400 1650 1736
585 70801 68 2 72418 1549 1617
409 71006 78 1 72496 1412 1490
312 71958 40 4 72536 538 578
318 71338 95 3 72781 1348 1443
712 71343 70 2 72801 1388 1458
373 71354 76 2 72827 1397 1473
625 71412 95 3 72972 1465 1560
607 71606 65 3 73087 1416 1481
328 71849 52 2 73089 1188 1240
583 71967 87 3 73176 1122 1209
160 71977 80 2 73206 1149 1229
138 71996 98 4 73304 1210 1308
670 72004 55 4 73309 1250 1305
730 72180 59 3 73318 1079 1138
711 72180 99 4 73367 1088 1187
257 72224 89 4 73506 1193 1282
158 72227 62 3 73568 1279 1341
254 72451 75 4 73593 1067 1142
937 72622 62 4 73705 1021 1083
225 72893 89 3 73944 962 1051
291 72937 72 4 74066 1057 1129
902 72975 74 4 74140 1091 1165
773 73104 64 1 74254 1086 1150
111 73140 85 3 74389 1164 1249
762 73280 66 4 74455 1109 1175
474 73335 80 4 74585 1170 1250
210 73338 70 1 74705 1297 1367
933 73813 45 2 74750 892 937
870 73361 73 4 74823 1389 1462
621 73390 72 3 74845 1383 1455
595 73407 84 3 74879 1388 1472
966 73451 100 2 74929 1378 1478
781 73535 82 3 75111 1494 1576
483 73556 99 3 75260 1605 1704
378 73595 53 4 75263 1615 1668
246 73613 61 4 75324 1650 1711
295 73661 73 2 75347 1613 1686
35 73718 84 4 75381 1579 1663
673 73744 92 3 75573 1737 1829
5 73758 99 4 75722 1865 1964
589 73793 98 1 75820 1929 2027
951 73822 86 4 75956 2048 2134
506 74069 75 1 76131 1987 2062
350 74112 74 4 76155 1969 2043
522 74993 34 4 76189 1162 1196
731 74116 85 4 76224 2023 2108
193 74147 86 4 76260 2027 2113
687 74175 87 1 76297 2035 2122
652 74300 60 2 76307 1947 2007
499 74458 81 4 76438 1899 1980
371 74463 74 3 76562 2025 2099
881 74464 76 4 76588 2048 2124
68 74533 64 4 76652 2055 2119
991 74544 68 3 76670 2058 2126
580 74586 86 4 76706 2034 2120
347 74654 84 4 76740 2002 2086
165 74657 98 4 76788 2033 2131
229 75940 44 4 76882 898 942
440 74833 93 1 76925 1999 2092
727 74919 67 3 76942 1956 2023
161 74920 99 2 76991 1972 2071
706 75270 58 4 77149 1821 1879
661 75303 63 4 77262 1896 1959
534 75384 70 4 77382 1928 1998
386 75399 96 2 77428 1933 2029
188 75525 85 3 77513 1903 1988
684 75923 85 4 77598 1590 1675
41 76148 76 3 77674 1450 1526
228 76158 92 3 77716 1466 1558
998 76199 57 2 77723 1467 1524
166 76323 87 4 77760 1350 1437
289 76353 89 4 77799 1357 1446
816 76378 81 2 77830 1371 1452
802 76399 55 4 77835 1381 1436
408 76532 79 3 77914 1303 1382
467 76607 76 4 77940 1257 1333
436 76818 51 3 77991 1122 1173
90 77404 95 1 78386 887 982
885 77557 92 2 78478 829 921
703 77642 81 4 78559 836 917
281 77647 92 3 78651 912 1004
494 77672 77 3 78878 1129 1206
880 77720 53 4 78881 1108 1161
324 77731 93 4 78974 1150 1243
221 77744 96 3 79070 1230 1326
839 77777 75 3 79095 1243 1318
566 77841 62 3 79107 1204 1266
309 77947 65 4 79172 1160 1225
329 78040 79 3 79201 1082 1161
531 78059 72 4 79323 1192 1264
804 78063 68 3 79391 1260 1328
448 78070 91 1 79432 1271 1362
769 78074 71 4 79453 1308 1379
925 78145 67 2 79470 1258 1325
420 78923 34 3 79504 547 581
577 78233 75 2 79579 1271 1346
550 78463 81 1 79660 1116 1197
726 78581 95 4 79755 1079 1174
407 78617 53 4 79808 1138 1191
438 78676 72 3 79880 1132 1204
187 78927 68 3 80148 1153 1221
878 79005 62 4 80260 1193 1255
302 79128 95 1 80305 1082 1177
620 79218 91 3 80346 1037 1128
841 79310 66 3 80512 1136 1202
304 79334 89 4 80551 1128 1217
477 79344 90 4 80591 1157 1247
317 79406 84 2 80675 1185 1269
714 79406 61 2 80786 1319 1380
115 79491 85 2 80871 1295 1380
732 79541 90 4 81011 1380 1470
282 79560 81 4 81192 1551 1632
944 80214 48 3 81240 978 1026
206 79785 93 3 81333 1455 1548
168 80377 43 4 81376 956 999
734 79790 54 1 81380 1536 1590
415 80403 47 1 81477 1027 1074
251 79805 85 3 81562 1672 1757
280 79976 98 3 81810 1736 1834
1000 80024 86 2 81846 1736 1822
751 80024 60 3 81906 1822 1882
219 80730 48 4 81954 1176 1224
465 80065 75 4 82029 1889 1964
134 80091 75 4 82054 1888 1963
425 80091 93 4 82097 1913 2006
935 81007 35 3 82132 1090 1125
869 80173 83 4 82165 1909 1992
657 80175 78 4 82243 1990 2068
669 80196 95 2 82288 1997 2092
38 80277 66 1 82404 2061 2127
665 80401 87 4 82541 2053 2140
77 80423 69 3 82610 2118 2187
772 80458 95 3 82705 2152 2247
404 80505 88 4 82743 2150 2238
361 80534 70 4 82763 2159 2229
62 80534 84 3 82847 2229 2313
834 80679 71 3 83018 2268 2339
240 80736 88 3 83156 2332 2420
800 81038 95 4 83351 2218 2313
311 81227 77 2 83478 2174 2251
980 81234 56 4 83534 2244 2300
994 81259 89 2 83573 2225 2314
362 81340 72 4 83595 2183 2255
963 81385 68 3 83713 2260 2328
645 82589 34 2 83847 1224 1258
413 81503 62 2 83859 2294 2356
83 81704 91 3 83900 2105 2196
538 81748 86 4 84036 2202 2288
689 82851 29 3 84065 1185 1214
226 81769 83 4 84148 2296 2379
685 81813 85 2 84183 2285 2370
946 81915 57 3 84240 2268 2325
398 81944 72 3 84412 2396 2468
451 81957 90 4 84452 2405 2495
824 83188 39 4 84491 1264 1303
517 81974 61 4 84502 2467 2528
278 82041 67 3 84619 2511 2578
98 82170 64 3 84683 2449 2513
784 82222 56 3 84739 2461 2517
366 82321 92 3 84831 2418 2510
516 83525 27 4 84858 1306 1333
957 82466 95 2 84953 2392 2487
786 82512 87 3 85090 2491 2578
262 82564 51 2 85091 2476 2527
335 82585 52 1 85093 2456 2508
675 83798 39 4 85132 1295 1334
107 82777 52 3 85134 2305 2357
701 82806 77 1 85161 2278 2355
498 83990 50 4 85261 1221 1271
699 84026 41 3 85302 1235 1276
846 82860 92 4 85344 2392 2484
821 84160 25 3 85569 1384 1409
663 82958 90 4 85609 2561 2651
977 83023 99 4 85708 2586 2685
653 83026 56 2 85764 2682 2738
297 84309 46 3 85810 1455 1501
717 83048 100 4 85860 2712 2812
501 83209 92 3 86052 2751 2843
468 83229 85 4 86137 2823 2908
756 83347 51 2 86238 2840 2891
892 83384 76 1 86264 2804 2880
133 83452 92 2 86306 2762 2854
167 83579 79 4 86385 2727 2806
740 83614 94 4 86479 2771 2865
829 83620 79 4 86508 2809 2888
646 83982 72 3 86630 2576 2648
204 84111 95 4 86825 2619 2714
306 84121 73 3 86848 2654 2727
997 84140 54 3 86852 2658 2712
247 84152 96 2 86898 2650 2746
427 85527 39 1 86937 1371 1410
938 85580 47 3 86984 1357 1404
140 85589 49 3 87033 1395 1444
137 84204 82 4 87065 2779 2861
475 84249 78 1 87193 2866 2944
563 85836 32 2 87275 1407 1439
616 84397 58 4 87283 2828 2886
923 84453 58 4 87391 2880 2938
296 84466 54 4 87395 2875 2929
243 85968 47 4 87442 1427 1474
406 84536 66 4 87458 2856 2922
763 84558 98 3 87556 2900 2998
303 84614 78 2 87584 2892 2970
909 86226 47 4 87681 1408 1455
411 86282 40 3 87721 1399 1439
42 84781 77 2 87798 2940 3017
626 86348 47 4 87895 1500 1547
17 86370 46 1 87991 1575 1621
574 84920 52 4 87993 3021 3073
259 86395 48 4 88041 1598 1646
47 86477 33 3 88074 1564 1597
960 85070 69 2 88093 2954 3023
667 85111 97 2 88190 2982 3079
792 85238 96 4 88236 2902 2998
441 85288 60 4 88296 2948 3008
429 85313 52 4 88448 3083 3135
830 85619 73 3 88721 3029 3102
713 85659 83 2 88854 3112 3195
659 85829 55 4 88859 2975 3030
45 85891 78 4 88887 2918 2996
791 85902 97 4 89034 3035 3132
442 86110 78 4 89312 3124 3202
679 86212 58 4 89520 3250 3308
789 86284 63 4 89583 3236 3299
559 87740 49 4 89632 1843 1892
848 86334 99 4 89731 3298 3397
676 86356 67 3 89898 3475 3542
292 86543 99 4 90147 3505 3604
503 88096 25 2 90172 2051 2076
396 88234 47 4 90219 1938 1985
875 86676 78 3 90247 3493 3571
156 86703 85 4 90332 3544 3629
50 86707 82 2 90364 3575 3657
211 86718 88 3 90452 3646 3734
557 86748 73 3 90475 3654 3727
96 86871 58 4 90533 3604 3662
927 86949 85 1 90568 3534 3619
965 86963 87 4 90655 3605 3692
623 87051 92 1 90847 3704 3796
97 88719 49 3 90896 2128 2177
818 87070 100 1 90946 3776 3876
490 87088 99 1 91045 3858 3957
649 87308 72 2 91067 3687 3759
705 87319 61 3 91178 3798 3859
847 89024 45 1 91423 2354 2399
719 87402 53 4 91426 3971 4024
523 87417 77 4 91503 4009 4086
207 87418 90 1 91593 4085 4175
955 87438 59 1 91652 4155 4214
535 87452 100 3 91702 4150 4250
222 89290 40 2 91742 2412 2452
360 87479 99 3 91791 4213 4312
88 87504 78 4 91869 4287 4365
392 87507 82 2 92001 4412 4494
227 87580 84 3 92035 4371 4455
472 87613 72 4 92057 4372 4444
9 89579 49 2 92156 2528 2577
999 89594 41 1 92197 2562 2603
903 87743 92 1 92239 4404 4496
177 87804 94 3 92433 4535 4629
276 87832 87 4 92470 4551 4638
58 87894 62 4 92482 4526 4588
463 87908 96 4 92578 4574 4670
611 89926 44 4 92622 2652 2696
273 87995 76 4 92648 4577 4653
358 89963 42 2 92740 2735 2777
882 88035 51 3 92891 4805 4856
155 88092 71 4 92962 4799 4870
54 88278 100 3 93012 4634 4734
450 88383 90 4 93252 4779 4869
145 88453 78 2 93280 4749 4827
561 88593 66 4 93396 4737 4803
150 88605 58 4 93404 4741 4799
704 88625 84 2 93488 4779 4863
973 88644 54 4 93592 4894 4948
157 90773 46 4 93638 2819 2865
28 90792 39 4 93677 2846 2885
99 88749 81 1 93858 5028 5109
656 88911 86 4 93994 4997 5083
856 88934 64 3 94108 5110 5174
458 89006 57 2 94215 5152 5209
760 89007 89 3 94254 5158 5247
690 89010 90 3 94294 5194 5284
612 89010 95 3 94439 5334 5429
105 89076 87 2 94526 5363 5450
349 89125 86 4 94612 5401 5487
248 89145 78 1 94690 5467 5545
674 89358 62 2 94802 5382 5444
778 89384 91 4 95043 5568 5659
859 91905 46 1 95189 3238 3284
860 89390 76 2 95215 5749 5825
693 89533 71 4 95286 5682 5753
942 89655 75 1 95461 5731 5806
761 92284 46 3 95507 3177 3223
60 89663 94 4 95551 5794 5888
831 89682 62 3 95563 5819 5881
8 92411 33 4 95596 3152 3185
154 89857 71 2 95617 5689 5760
121 89958 85 4 95802 5759 5844
94 92686 42 4 95894 3166 3208
600 89977 99 3 95993 5917 6016
949 92751 50 4 96043 3242 3292
452 89989 91 4 96184 6104 6195
327 89989 96 3 96230 6145 6241
810 90012 72 4 96252 6168 6240
482 90253 53 4 96355 6049 6102
819 90264 72 1 96427 6091 6163
771 90299 92 3 96469 6078 6170
698 90345 92 4 96511 6074 6166
748 90487 53 3 96614 6074 6127
69 90526 100 1 96714 6088 6188
985 90664 78 4 96742 6000 6078
528 90715 93 4 96885 6077 6170
897 90726 98 3 96983 6159 6257
22 90862 69 3 97052 6121 6190
48 90918 77 1 97079 6084 6161
956 93733 39 3 97168 3396 3435
476 90937 99 4 97217 6181 6280
793 91026 83 3 97350 6241 6324
874 91062 82 2 97432 6288 6370
323 91088 84 4 97516 6344 6428
159 91088 56 2 97522 6378 6434
567 91129 56 4 97528 6343 6399
795 91165 62 3 97590 6363 6425
265 91284 99 4 97839 6456 6555
279 91285 93 4 97882 6504 6597
301 91389 63 4 98045 6593 6656
553 94471 42 4 98137 3624 3666
130 91435 95 4 98282 6752 6847
776 94542 35 3 98317 3740 3775
37 91587 87 1 98404 6730 6817
112 91614 66 4 98470 6790 6856
664 91740 92 4 98512 6680 6772
651 91806 84 3 98546 6656 6740
266 91822 79 1 98575 6674 6753
333 91829 62 4 98587 6696 6758
868 91856 97 3 98734 6781 6878
798 91878 81 1 98865 6906 6987
64 91887 54 2 98919 6978 7032
692 91954 69 4 99038 7015 7084
844 92060 77 1 99115 6978 7055
912 92137 73 3 99138 6928 7001
558 92229 91 3 99229 6909 7000
947 92543 63 3 99442 6836 6899
797 95618 42 3 99484 3824 3866
84 92575 100 2 99584 6909 7009
720 92638 52 1 99686 6996 7048
509 92680 52 1 99688 6956 7008
757 92719 94 1 99782 6969 7063
493 95909 43 3 99825 3873 3916
330 92769 96 2 99871 7006 7102
536 92771 93 2 99914 7050 7143
104 96229 44 4 100058 3785 3829
572 92952 99 3 100107 7056 7155
817 93000 91 3 100198 7107 7198
744 93019 89 4 100337 7229 7318
990 96365 38 4 100425 4022 4060
67 96401 50 3 100475 4024 4074
11 93199 94 2 100619 7326 7420
803 96514 49 3 100668 4105 4154
49 93227 95 4 100713 7391 7486
555 93322 67 4 100780 7391 7458
814 93460 93 4 101023 7470 7563
44 93460 83 3 101106 7563 7646
10 93489 93 3 101349 7767 7860
879 93675 98 3 101547 7774 7872
811 93730 72 3 101669 7867 7939
338 93800 59 3 101678 7819 7878
928 93845 61 3 101689 7783 7844
853 97286 29 4 101768 4453 4482
470 93885 98 3 101916 7933 8031
858 93954 82 4 102048 8012 8094
52 94135 88 3 102186 7963 8051
777 94184 61 2 102197 7952 8013
939 94245 71 3 102218 7902 7973
241 94271 83 2 102251 7897 7980
716 94290 68 4 102319 7961 8029
172 97763 45 3 102364 4556 4601
185 97791 44 3 102408 4573 4617
950 94366 85 4 102493 8042 8127
1 94389 56 4 102499 8054 8110
877 94413 51 4 102550 8086 8137
586 94445 95 4 102595 8055 8150
103 94472 62 3 102657 8123 8185
377 94488 77 4 102684 8119 8196
610 94582 99 3 102783 8102 8201
198 94628 62 4 102895 8205 8267
636 98507 43 2 102988 4438 4481
217 94911 95 3 103133 8127 8222
95 94921 63 4 103146 8162 8225
866 94985 87 2 103183 8111 8198
562 95025 69 3 103302 8208 8277
114 95086 78 4 103330 8166 8244
372 98915 26 3 103506 4565 4591
268 95134 58 4 103514 8322 8380
151 95201 80 2 103594 8313 8393
617 95262 92 3 103686 8332 8424
622 95357 76 3 103762 8329 8405
242 99207 35 2 103847 4605 4640
395 95402 55 4 104002 8545 8600
174 95542 99 3 104101 8460 8559
753 95593 99 2 104200 8508 8607
588 95597 75 4 104325 8653 8728
680 95666 79 4 104454 8709 8788
383 95700 88 4 104642 8854 8942
473 99623 36 1 104728 5069 5105
224 95713 59 2 104737 8965 9024
230 95854 86 3 104873 8933 9019
918 96127 60 2 104933 8746 8806
601 96167 75 2 104958 8716 8791
668 96291 60 2 104968 8617 8677
215 96336 86 3 105004 8582 8668
738 96343 76 3 105030 8611 8687
439 96357 97 4 105077 8623 8720
750 96414 92 4 105119 8613 8705
752 96447 74 2 105143 8622 8696
845 96596 86 2 105179 8497 8583
915 96616 51 3 105180 8513 8564
101 96648 59 4 105189 8482 8541
384 96651 98 4 105237 8488 8586
587 96737 97 2 105284 8450 8547
277 96772 77 4 105311 8462 8539
591 96806 92 2 105353 8455 8547
239 96837 94 4 105397 8466 8560
55 96882 97 4 105444 8465 8562
431 96882 68 4 105462 8512 8580
354 96916 87 4 105499 8496 8583
931 96942 59 4 105508 8507 8566
53 96975 99 3 105557 8483 8582
581 97070 87 3 105594 8437 8524
199 97077 83 4 105627 8467 8550
298 97285 64 3 105641 8292 8356
209 97287 58 4 105649 8304 8362
285 97337 93 4 105692 8262 8355
92 97391 75 2 105717 8251 8326
872 97425 53 4 105720 8242 8295
89 97524 88 1 105758 8146 8234
153 97525 97 3 105805 8183 8280
283 97714 76 3 105831 8041 8117
724 97793 93 4 105874 7988 8081
867 97944 88 3 105912 7880 7968
883 98056 86 2 105948 7806 7892
181 98219 92 2 105990 7679 7771
194 98346 71 2 106011 7594 7665
541 98399 58 3 106019 7562 7620
43 98464 96 2 106065 7505 7601
293 98518 98 2 106113 7497 7595
633 98551 52 2 106115 7512 7564
887 98753 96 3 106161 7312 7408
984 98756 67 4 106178 7355 7422
25 98873 68 3 106196 7255 7323
723 98879 71 3 106217 7267 7338
393 98912 85 2 106252 7255 7340
481 98969 53 4 106255 7233 7286
694 98970 87 3 106292 7235 7322
594 99039 87 2 106329 7203 7290
630 99139 78 3 106357 7140 7218
899 99208 74 3 106381 7099 7173
355 99218 98 4 106429 7113 7211
863 99228 96 4 106475 7151 7247
14 99247 86 3 106511 7178 7264
454 99281 76 4 106537 7180 7256
906 99340 73 4 106560 7147 7220
63 99370 91 3 106601 7140 7231
835 99460 86 4 106637 7091 7177
873 99461 90 1 106677 7126 7216
461 99506 64 3 106691 7121 7185
173 99528 71 3 106712 7113 7184
891 99571 89 3 106751 7091 7180
119 99618 94 1 106795 7083 7177
828 99649 100 2 106845 7096 7196
100 99666 75 4 106870 7129 7204
287 99804 69 4 106889 7016 7085
