106889 1000 1215 1141
428 4743 53 2 4796 0 53
569 5218 46 4 5264 0 46
380 5369 79 2 5448 0 79
183 6132 68 2 6200 0 68
70 6292 76 4 6368 0 76
573 6406 52 4 6458 0 52
987 8762 70 4 8832 0 70
605 9580 94 3 9674 0 94
164 9654 53 4 9727 20 73
410 10095 47 4 10142 0 47
634 11270 63 1 11333 0 63
886 11656 97 3 11753 0 97
73 11896 54 4 11950 0 54
19 12466 75 2 12541 0 75
639 12595 62 4 12657 0 62
26 12995 78 1 13073 0 78
231 13168 50 4 13218 0 50
267 13861 81 2 13942 0 81
142 14326 94 3 14420 0 94
662 15623 69 4 15692 0 69
602 15896 91 4 15987 0 91
599 15997 93 3 16090 0 93
932 16217 90 4 16307 0 90
832 16459 97 2 16556 0 97
934 16649 98 3 16747 0 98
857 16824 49 3 16873 0 49
854 17244 51 3 17295 0 51
332 17375 74 4 17449 0 74
989 17390 89 4 17538 59 148
820 17653 96 1 17749 0 96
609 18745 86 4 18831 0 86
255 19228 39 4 19267 0 39
809 19240 100 4 19367 27 127
81 19406 96 1 19502 0 96
180 19553 41 3 19594 0 41
370 19659 100 4 19759 0 100
400 19701 46 3 19805 58 104
189 19918 81 4 19999 0 81
608 20173 82 4 20255 0 82
641 20266 35 3 20301 0 35
640 20377 76 4 20453 0 76
546 20543 92 1 20635 0 92
529 20847 96 3 20943 0 96
597 20927 60 4 21003 16 76
632 20897 87 2 21090 106 193
916 21005 62 3 21152 85 147
23 21039 84 4 21236 113 197
855 21195 75 3 21311 41 116
33 21509 99 3 21608 0 99
579 21592 85 3 21693 16 101
346 21620 48 3 21741 73 121
497 21738 80 3 21821 3 83
367 21776 47 4 21868 45 92
61 21791 67 3 21935 77 144
260 21657 82 3 22017 278 360
565 22382 43 3 22425 0 43
790 22698 82 1 22780 0 82
686 22721 57 2 22837 59 116
527 22922 83 3 23005 0 83
697 23233 75 4 23308 0 75
369 23591 91 4 23682 0 91
365 23648 70 4 23752 34 104
766 23764 93 2 23857 0 93
747 24217 80 1 24297 0 80
314 24257 65 4 24362 40 105
117 24294 69 2 24431 68 137
270 24246 99 2 24530 185 284
40 24676 94 4 24770 0 94
51 24804 83 4 24887 0 83
184 24981 93 3 25074 0 93
102 25044 38 3 25112 30 68
584 25300 55 3 25355 0 55
729 25311 52 3 25407 44 96
106 25502 91 2 25593 0 91
489 25512 99 4 25692 81 180
15 25787 30 4 25817 0 30
615 26060 43 4 26103 0 43
423 26107 87 4 26194 0 87
570 26238 80 2 26318 0 80
582 26539 91 2 26630 0 91
519 26542 83 4 26713 88 171
113 26808 61 3 26869 0 61
143 26878 92 4 26970 0 92
238 26920 88 3 27058 50 138
924 26893 90 2 27148 165 255
127 27179 78 3 27257 0 78
300 27237 99 4 27356 20 119
379 27353 39 4 27395 3 42
387 27819 88 3 27907 0 88
876 27874 50 2 27957 33 83
913 27908 49 1 28006 49 98
660 28112 84 4 28196 0 84
618 28210 71 4 28281 0 71
325 28349 81 2 28430 0 81
87 28365 62 3 28492 65 127
264 28564 24 4 28588 0 24
455 28898 45 3 28943 0 45
806 29267 79 2 29346 0 79
742 29302 94 2 29440 44 138
907 29432 74 4 29514 8 82
237 29647 79 3 29726 0 79
735 29748 90 4 29838 0 90
7 29751 97 4 29935 87 184
176 29881 79 4 30014 54 133
342 29920 97 3 30111 94 191
890 30298 58 3 30356 0 58
375 30810 47 4 30857 0 47
908 30891 98 3 30989 0 98
405 30903 46 3 31035 86 132
129 31040 65 2 31105 0 65
208 31155 84 4 31239 0 84
606 31230 71 2 31310 9 80
71 31371 99 4 31470 0 99
654 31417 47 2 31517 53 100
614 31424 85 2 31602 93 178
232 31610 100 4 31710 0 100
85 31927 67 4 31994 0 67
914 31957 64 1 32058 37 101
799 32045 61 4 32119 13 74
992 32196 61 2 32257 0 61
79 32215 79 3 32336 42 121
326 32399 83 3 32482 0 83
343 32614 51 3 32665 0 51
75 32709 72 4 32781 0 72
322 32798 93 4 32891 0 93
216 32836 57 4 32948 55 112
253 32842 79 3 33027 106 185
275 32977 77 4 33104 50 127
381 32958 79 4 33183 146 225
492 33394 54 4 33448 0 54
220 33453 60 3 33513 0 60
901 33657 62 3 33719 0 62
852 33689 56 4 33775 30 86
175 33683 64 3 33839 92 156
46 33747 78 3 33917 92 170
169 34092 85 1 34177 0 85
401 34361 57 4 34418 0 57
647 34375 97 2 34515 43 140
596 34509 51 4 34566 6 57
540 34689 61 1 34750 0 61
524 34734 51 2 34801 16 67
604 34719 91 4 34892 82 173
261 34756 98 3 34990 136 234
453 35034 43 1 35077 0 43
959 35078 38 4 35116 0 38
682 35298 53 2 35351 0 53
993 35419 72 4 35491 0 72
364 35602 38 4 35640 0 38
505 35741 60 2 35801 0 60
18 35876 89 1 35965 0 89
893 36236 66 2 36302 0 66
6 36411 82 2 36493 0 82
837 36502 63 1 36565 0 63
571 36527 48 2 36613 38 86
560 37148 71 3 37219 0 71
603 37331 79 4 37410 0 79
671 37611 72 4 37683 0 72
743 37617 89 4 37772 66 155
796 38052 65 1 38117 0 65
666 38085 78 4 38195 32 110
554 38064 99 1 38294 131 230
754 38497 69 4 38566 0 69
552 38500 79 1 38645 66 145
4 38605 48 4 38693 40 88
533 38502 96 2 38789 191 287
862 38712 80 4 38869 77 157
683 38794 50 1 38919 75 125
128 38830 71 3 38990 89 160
93 38989 90 4 39080 1 91
911 39151 83 4 39234 0 83
576 39213 55 1 39289 21 76
721 39250 74 3 39363 39 113
192 39248 98 3 39461 115 213
419 39370 91 4 39552 91 182
850 39533 55 4 39607 19 74
774 39560 67 4 39674 47 114
922 39467 68 3 39742 207 275
252 39588 84 4 39826 154 238
545 39548 90 3 39916 278 368
864 40280 82 3 40362 0 82
91 40432 83 3 40515 0 83
628 40478 89 3 40604 37 126
236 40664 80 2 40744 0 80
943 40812 82 4 40894 0 82
374 40841 79 3 40973 53 132
78 41051 74 3 41125 0 74
543 41103 86 3 41211 22 108
389 41162 43 4 41254 49 92
677 41217 47 4 41301 37 84
962 41259 51 3 41352 42 93
635 41257 62 2 41414 95 157
313 41132 81 4 41495 282 363
568 41168 96 4 41591 327 423
780 41521 46 4 41637 70 116
822 41606 84 4 41721 31 115
936 41932 63 3 41995 0 63
426 42097 82 2 42179 0 82
123 42188 63 4 42251 0 63
203 42249 72 3 42323 2 74
36 42712 100 1 42812 0 100
696 42741 93 3 42905 71 164
702 42876 33 4 42938 29 62
765 42836 100 2 43038 102 202
700 42980 82 2 43120 58 140
109 42967 89 4 43209 153 242
511 43209 47 2 43256 0 47
785 43449 36 3 43485 0 36
940 43487 67 1 43554 0 67
213 43669 76 1 43745 0 76
958 43686 93 4 43838 59 152
2 43779 32 3 43870 59 91
737 43808 63 2 43933 62 125
926 43777 73 3 44006 156 229
235 44092 81 3 44173 0 81
530 44181 87 4 44268 0 87
637 44182 94 3 44362 86 180
149 44431 87 3 44518 0 87
147 44755 95 3 44850 0 95
920 44776 54 3 44904 74 128
968 44889 36 3 44940 15 51
976 44864 46 4 44986 76 122
331 44812 88 4 45074 174 262
344 44822 91 3 45165 252 343
136 45109 46 4 45211 56 102
488 45109 75 2 45286 102 177
74 45183 83 2 45369 103 186
825 45184 84 3 45453 185 269
970 44976 93 3 45546 477 570
244 45185 100 3 45646 361 461
945 45569 79 4 45725 77 156
518 45575 99 4 45824 150 249
307 45901 75 4 45976 0 75
56 45950 75 4 46051 26 101
363 46048 75 4 46126 3 78
708 46187 86 2 46273 0 86
548 46326 91 3 46417 0 91
736 46502 45 4 46547 0 45
334 46516 38 4 46585 31 69
787 46721 87 3 46808 0 87
722 46766 60 4 46868 42 102
952 46796 95 3 46963 72 167
394 47426 57 3 47483 0 57
108 47436 89 3 47572 47 136
125 47621 81 4 47702 0 81
575 47668 61 3 47763 34 95
315 47713 37 2 47800 50 87
368 47715 84 3 47884 85 169
288 47866 71 4 47955 18 89
32 47708 87 4 48042 247 334
520 47966 48 3 48090 76 124
593 47826 93 3 48183 264 357
794 48329 93 1 48422 0 93
359 48413 79 3 48501 9 88
82 48465 47 2 48548 36 83
678 48662 47 1 48709 0 47
310 48736 75 4 48811 0 75
782 48934 67 4 49001 0 67
124 48946 91 3 49092 55 146
971 49111 76 1 49187 0 76
118 49163 57 4 49244 24 81
986 49124 88 1 49332 120 208
345 49516 72 4 49588 0 72
638 49593 96 3 49689 0 96
833 49723 77 3 49800 0 77
996 49742 73 2 49873 58 131
983 49875 54 3 49929 0 54
975 50071 71 2 50142 0 71
619 50152 94 4 50246 0 94
644 50458 69 1 50527 0 69
491 50669 90 2 50759 0 90
182 50679 76 3 50835 80 156
896 50779 70 2 50905 56 126
418 50929 70 3 50999 0 70
783 50929 98 1 51097 70 168
485 51082 68 4 51165 15 83
271 51155 55 2 51220 10 65
31 51209 63 4 51283 11 74
269 51103 97 3 51380 180 277
904 51418 61 4 51479 0 61
779 51511 36 3 51547 0 36
412 51563 66 4 51629 0 66
197 51568 62 4 51691 61 123
444 51686 49 3 51740 5 54
500 51679 75 4 51815 61 136
179 51910 98 3 52008 0 98
542 51956 95 1 52103 52 147
739 52012 79 4 52182 91 170
695 52167 70 4 52252 15 85
770 52215 99 4 52351 37 136
480 52341 84 1 52435 10 94
525 52361 67 2 52502 74 141
643 52496 82 4 52584 6 88
356 52537 60 4 52644 47 107
815 52552 73 4 52717 92 165
775 52682 50 4 52767 35 85
443 52666 77 2 52844 101 178
190 52667 80 4 52924 177 257
233 52350 88 4 53012 574 662
838 53066 65 3 53131 0 65
286 53320 77 1 53397 0 77
948 53422 67 2 53489 0 67
34 53476 73 2 53562 13 86
341 53531 87 2 53649 31 118
457 53625 91 4 53740 24 115
627 53689 51 2 53791 51 102
691 53659 55 4 53846 132 187
681 53965 56 2 54021 0 56
953 54399 77 3 54476 0 77
544 54406 95 2 54571 70 165
672 54659 88 4 54747 0 88
120 54664 80 1 54827 83 163
348 54859 34 4 54893 0 34
849 54981 91 3 55072 0 91
746 54994 97 3 55169 78 175
471 55223 85 3 55308 0 85
422 55386 84 4 55470 0 84
728 55399 30 4 55500 71 101
416 55601 81 4 55682 0 81
801 55804 87 4 55891 0 87
981 55975 92 3 56067 0 92
337 56000 56 4 56123 67 123
258 56189 92 3 56281 0 92
421 56229 84 4 56365 52 136
196 56315 77 4 56442 50 127
478 56401 62 1 56504 41 103
515 56282 97 4 56601 222 319
388 56637 50 3 56687 0 50
919 56683 100 4 56787 4 104
274 56981 97 4 57078 0 97
592 57083 45 4 57128 0 45
162 57157 90 4 57247 0 90
308 57221 74 1 57321 26 100
590 57206 77 4 57398 115 192
510 57335 88 4 57486 63 151
403 57333 93 1 57579 153 246
889 57447 93 1 57672 132 225
135 57427 95 3 57767 245 340
631 57750 80 4 57847 17 97
29 57864 68 4 57932 0 68
110 57883 48 3 57980 49 97
967 57963 62 4 58042 17 79
437 57966 75 2 58117 76 151
808 58056 84 4 58201 61 145
86 58187 57 3 58258 14 71
988 58189 89 3 58347 69 158
532 58322 50 2 58397 25 75
201 58278 57 3 58454 119 176
449 58449 83 4 58537 5 88
340 58531 82 1 58619 6 88
12 58707 90 4 58797 0 90
447 58727 58 3 58855 70 128
59 58788 58 2 58913 67 125
305 58822 93 3 59006 91 184
170 58972 73 2 59079 34 107
502 59043 93 4 59172 36 129
905 59111 70 3 59242 61 131
353 59216 83 4 59325 26 109
840 59303 86 4 59411 22 108
460 59358 76 4 59487 53 129
843 59339 80 4 59567 148 228
466 59244 86 3 59653 323 409
508 59373 92 4 59745 280 372
823 59742 70 4 59815 3 73
200 59788 92 4 59907 27 119
479 59874 87 3 59994 33 120
205 59835 89 3 60083 159 248
648 59199 92 3 60175 884 976
917 60160 77 2 60252 15 92
910 60096 92 3 60344 156 248
446 60341 38 4 60382 3 41
521 60319 73 3 60455 63 136
152 60452 47 4 60502 3 50
836 60088 93 4 60595 414 507
888 60503 65 4 60660 92 157
512 60597 49 4 60709 63 112
191 60705 29 1 60738 4 33
826 60703 76 4 60814 35 111
432 60703 86 2 60900 111 197
547 60866 40 3 60940 34 74
256 60921 66 4 61006 19 85
788 60899 72 4 61078 107 179
263 60523 90 3 61168 555 645
884 61093 57 3 61225 75 132
930 61218 88 4 61313 7 95
764 61236 71 3 61384 77 148
39 61131 90 4 61474 253 343
435 61416 72 4 61546 58 130
978 60933 93 4 61639 613 706
336 61622 74 3 61713 17 91
964 61554 93 3 61806 159 252
218 59931 94 2 61900 1875 1969
132 61868 66 2 61966 32 98
768 61947 40 4 62006 19 59
434 61964 71 4 62077 42 113
397 62037 50 1 62127 40 90
871 62077 66 4 62193 50 116
382 62251 42 1 62293 0 42
430 62358 57 2 62415 0 57
390 62358 71 3 62486 57 128
827 62529 48 4 62577 0 48
745 62583 43 4 62626 0 43
759 62705 93 4 62798 0 93
80 62747 79 2 62877 51 130
895 62877 21 1 62898 0 21
514 62865 55 3 62953 33 88
812 62824 71 4 63024 129 200
539 62844 78 1 63102 180 258
462 63099 60 4 63162 3 63
146 62941 81 4 63243 221 302
144 63194 40 4 63283 49 89
865 63203 72 4 63355 80 152
352 63308 49 3 63404 47 96
250 63146 83 4 63487 258 341
767 63420 65 3 63552 67 132
214 62916 91 3 63643 636 727
688 63577 40 3 63683 66 106
982 63643 95 4 63778 40 135
234 63749 84 4 63862 29 113
351 63163 96 2 63958 699 795
399 63927 76 4 64034 31 107
30 63988 79 4 64113 46 125
321 64091 52 4 64165 22 74
941 64160 40 3 64205 5 45
376 63942 94 2 64299 263 357
391 64133 95 4 64394 166 261
710 64302 62 3 64456 92 154
484 64391 72 2 64528 65 137
718 64501 48 4 64576 27 75
974 64517 52 4 64628 59 111
402 64574 64 4 64692 54 118
537 64648 46 4 64738 44 90
424 64726 68 4 64806 12 80
486 64746 43 2 64849 60 103
131 64808 52 4 64901 41 93
807 64850 87 1 64988 51 138
733 64392 94 2 65082 596 690
969 65018 93 3 65175 64 157
495 65132 70 4 65245 43 113
813 62850 97 3 65342 2395 2492
141 65279 73 1 65415 63 136
299 65390 47 3 65462 25 72
898 65374 78 1 65540 88 166
707 65475 74 4 65614 65 139
245 65299 84 3 65698 315 399
122 65698 84 3 65782 0 84
995 65720 66 3 65848 62 128
16 65777 69 4 65917 71 140
842 65856 69 4 65986 61 130
725 65384 91 1 66077 602 693
456 65276 92 2 66169 801 893
655 66148 86 2 66255 21 107
357 66173 65 4 66320 82 147
57 66302 52 3 66372 18 70
126 66183 78 3 66450 189 267
316 66408 68 2 66518 42 110
212 66310 82 4 66600 208 290
851 66361 96 3 66696 239 335
758 65807 98 4 66794 889 987
578 64436 99 4 66893 2358 2457
76 66858 81 3 66974 35 116
504 66830 81 2 67055 144 225
755 67000 34 1 67089 55 89
320 67015 75 3 67164 74 149
464 65647 100 2 67264 1517 1617
202 67212 26 1 67290 52 78
526 67180 71 4 67361 110 181
650 67315 40 1 67401 46 86
741 67393 76 4 67477 8 84
171 67323 81 4 67558 154 235
469 67427 82 3 67640 131 213
66 67419 89 4 67729 221 310
116 67249 92 4 67821 480 572
929 67784 68 4 67889 37 105
186 67872 71 4 67960 17 88
624 67935 73 4 68033 25 98
613 67815 88 3 68121 218 306
414 68108 93 4 68214 13 106
749 67566 97 4 68311 648 745
27 68269 21 4 68332 42 63
961 68318 65 4 68397 14 79
445 68394 61 3 68458 3 64
507 68430 58 2 68516 28 86
284 68405 91 3 68607 111 202
805 68600 55 4 68662 7 62
223 68536 68 2 68730 126 194
249 68719 65 1 68795 11 76
178 68687 69 4 68864 108 177
339 68758 72 3 68936 106 178
658 68869 71 2 69007 67 138
13 68788 85 1 69092 219 304
21 69070 50 1 69142 22 72
148 69029 75 3 69217 113 188
24 69025 77 4 69294 192 269
290 68721 89 4 69383 573 662
272 69326 64 4 69447 57 121
861 69341 84 2 69531 106 190
551 69465 74 2 69605 66 140
72 69366 86 3 69691 239 325
163 69650 34 4 69725 41 75
894 69644 61 3 69786 81 142
921 69691 77 4 69863 95 172
294 69458 87 3 69950 405 492
433 68429 92 3 70042 1521 1613
954 69968 66 2 70108 74 140
3 70059 54 1 70162 49 103
459 70056 88 2 70250 106 194
709 70194 60 4 70310 56 116
598 70195 60 4 70370 115 175
487 70069 91 3 70461 301 392
564 70419 47 4 70508 42 89
319 70476 51 4 70559 32 83
139 70485 53 3 70612 74 127
972 70383 91 2 70703 229 320
900 70664 86 4 70789 39 125
642 70633 91 4 70880 156 247
585 70801 68 2 70948 79 147
629 69521 93 3 71041 1427 1520
409 71006 78 1 71119 35 113
496 68595 93 2 71212 2524 2617
195 70200 96 4 71308 1012 1108
20 69714 96 3 71404 1594 1690
712 71343 70 2 71474 61 131
373 71354 76 2 71550 120 196
318 71338 95 3 71645 212 307
607 71606 65 3 71710 39 104
625 71412 95 3 71805 298 393
715 69560 96 3 71901 2245 2341
328 71849 52 2 71953 52 104
549 69737 97 3 72050 2216 2313
312 71958 40 4 72090 92 132
670 72004 55 4 72145 86 141
160 71977 80 2 72225 168 248
730 72180 59 3 72284 45 104
158 72227 62 3 72346 57 119
583 71967 87 3 72433 379 466
257 72224 89 4 72522 209 298
254 72451 75 4 72597 71 146
138 71996 98 4 72695 601 699
937 72622 62 4 72757 73 135
711 72180 99 4 72856 577 676
65 70102 99 3 72955 2754 2853
291 72937 72 4 73027 18 90
902 72975 74 4 73101 52 126
225 72893 89 3 73190 208 297
773 73104 64 1 73254 86 150
111 73140 85 3 73339 114 199
762 73280 66 4 73405 59 125
210 73338 70 1 73475 67 137
621 73390 72 3 73547 85 157
870 73361 73 4 73620 186 259
378 73595 53 4 73673 25 78
246 73613 61 4 73734 60 121
295 73661 73 2 73807 73 146
474 73335 80 4 73887 472 552
933 73813 45 2 73932 74 119
781 73535 82 3 74014 397 479
35 73718 84 4 74098 296 380
506 74069 75 1 74173 29 104
350 74112 74 4 74247 61 135
595 73407 84 3 74331 840 924
652 74300 60 2 74391 31 91
731 74116 85 4 74476 275 360
371 74463 74 3 74550 13 87
68 74533 64 4 74614 17 81
991 74544 68 3 74682 70 138
881 74464 76 4 74758 218 294
499 74458 81 4 74839 300 381
347 74654 84 4 74923 185 269
727 74919 67 3 74990 4 71
951 73822 86 4 75076 1168 1254
522 74993 34 4 75110 83 117
193 74147 86 4 75196 963 1049
580 74586 86 4 75282 610 696
706 75270 58 4 75340 12 70
661 75303 63 4 75403 37 100
534 75384 70 4 75473 19 89
687 74175 87 1 75560 1298 1385
188 75525 85 3 75645 35 120
673 73744 92 3 75737 1901 1993
440 74833 93 1 75830 904 997
386 75399 96 2 75926 431 527
684 75923 85 4 76011 3 88
229 75940 44 4 76055 71 115
165 74657 98 4 76153 1398 1496
41 76148 76 3 76229 5 81
998 76199 57 2 76286 30 87
228 76158 92 3 76378 128 220
816 76378 81 2 76459 0 81
802 76399 55 4 76514 60 115
166 76323 87 4 76601 191 278
408 76532 79 3 76680 69 148
467 76607 76 4 76756 73 149
289 76353 89 4 76845 403 492
436 76818 51 3 76896 27 78
589 73793 98 1 76994 3103 3201
5 73758 99 4 77093 3236 3335
483 73556 99 3 77192 3537 3636
161 74920 99 2 77291 2272 2371
385 69247 100 4 77391 8044 8144
417 70074 100 4 77491 7317 7417
90 77404 95 1 77586 87 182
885 77557 92 2 77678 29 121
494 77672 77 3 77755 6 83
880 77720 53 4 77808 35 88
839 77777 75 3 77883 31 106
566 77841 62 3 77945 42 104
703 77642 81 4 78026 303 384
309 77947 65 4 78091 79 144
804 78063 68 3 78159 28 96
925 78145 67 2 78226 14 81
769 78074 71 4 78297 152 223
531 78059 72 4 78369 238 310
577 78233 75 2 78444 136 211
329 78040 79 3 78523 404 483
550 78463 81 1 78604 60 141
448 78070 91 1 78695 534 625
407 78617 53 4 78748 78 131
438 78676 72 3 78820 72 144
281 77647 92 3 78912 1173 1265
324 77731 93 4 79005 1181 1274
420 78923 34 3 79039 82 116
878 79005 62 4 79101 34 96
187 78927 68 3 79169 174 242
726 78581 95 4 79264 588 683
620 79218 91 3 79355 46 137
841 79310 66 3 79421 45 111
714 79406 61 2 79482 15 76
317 79406 84 2 79566 76 160
282 79560 81 4 79647 6 87
115 79491 85 2 79732 156 241
304 79334 89 4 79821 398 487
734 79790 54 1 79875 31 85
251 79805 85 3 79960 70 155
732 79541 90 4 80050 419 509
751 80024 60 3 80110 26 86
465 80065 75 4 80185 45 120
134 80091 75 4 80260 94 169
944 80214 48 3 80308 46 94
38 80277 66 1 80374 31 97
657 80175 78 4 80452 199 277
168 80377 43 4 80495 75 118
415 80403 47 1 80542 92 139
77 80423 69 3 80611 119 188
361 80534 70 4 80681 77 147
834 80679 71 3 80752 2 73
219 80730 48 4 80800 22 70
869 80173 83 4 80883 627 710
62 80534 84 3 80967 349 433
1000 80024 86 2 81053 943 1029
935 81007 35 3 81088 46 81
665 80401 87 4 81175 687 774
404 80505 88 4 81263 670 758
980 81234 56 4 81319 29 85
311 81227 77 2 81396 92 169
963 81385 68 3 81464 11 79
362 81340 72 4 81536 124 196
413 81503 62 2 81598 33 95
240 80736 88 3 81686 862 950
994 81259 89 2 81775 427 516
226 81769 83 4 81858 6 89
685 81813 85 2 81943 45 130
946 81915 57 3 82000 28 85
517 81974 61 4 82061 26 87
278 82041 67 3 82128 20 87
398 81944 72 3 82200 184 256
98 82170 64 3 82264 30 94
784 82222 56 3 82320 42 98
538 81748 86 4 82406 572 658
477 79344 90 4 82496 3062 3152
451 81957 90 4 82586 539 629
262 82564 51 2 82637 22 73
645 82589 34 2 82671 48 82
335 82585 52 1 82723 86 138
786 82512 87 3 82810 211 298
107 82777 52 3 82862 33 85
689 82851 29 3 82891 11 40
701 82806 77 1 82968 85 162
663 82958 90 4 83058 10 100
653 83026 56 2 83114 32 88
83 81704 91 3 83205 1410 1501
824 83188 39 4 83244 17 56
468 83229 85 4 83329 15 100
846 82860 92 4 83421 469 561
756 83347 51 2 83472 74 125
892 83384 76 1 83548 88 164
516 83525 27 4 83575 23 50
366 82321 92 3 83667 1254 1346
167 83579 79 4 83746 88 167
829 83620 79 4 83825 126 205
675 83798 39 4 83864 27 66
501 83209 92 3 83956 655 747
133 83452 92 2 84048 504 596
699 84026 41 3 84089 22 63
498 83990 50 4 84139 99 149
646 83982 72 3 84211 157 229
821 84160 25 3 84236 51 76
997 84140 54 3 84290 96 150
306 84121 73 3 84363 169 242
297 84309 46 3 84409 54 100
616 84397 58 4 84467 12 70
296 84466 54 4 84521 1 55
923 84453 58 4 84579 68 126
406 84536 66 4 84645 43 109
303 84614 78 2 84723 31 109
475 84249 78 1 84801 474 552
42 84781 77 2 84878 20 97
137 84204 82 4 84960 674 756
574 84920 52 4 85012 40 92
425 80091 93 4 85105 4921 5014
960 85070 69 2 85174 35 104
206 79785 93 3 85267 5389 5482
740 83614 94 4 85361 1653 1747
429 85313 52 4 85413 48 100
441 85288 60 4 85473 125 185
204 84111 95 4 85568 1362 1457
427 85527 39 1 85607 41 80
938 85580 47 3 85654 27 74
140 85589 49 3 85703 65 114
830 85619 73 3 85776 84 157
713 85659 83 2 85859 117 200
563 85836 32 2 85891 23 55
659 85829 55 4 85946 62 117
45 85891 78 4 86024 55 133
243 85968 47 4 86071 56 103
800 81038 95 4 86166 5033 5128
442 86110 78 4 86244 56 134
909 86226 47 4 86291 18 65
411 86282 40 3 86331 9 49
679 86212 58 4 86389 119 177
17 86370 46 1 86435 19 65
626 86348 47 4 86482 87 134
47 86477 33 3 86515 5 38
259 86395 48 4 86563 120 168
789 86284 63 4 86626 279 342
676 86356 67 3 86693 270 337
875 86676 78 3 86771 17 95
557 86748 73 3 86844 23 96
50 86707 82 2 86926 137 219
96 86871 58 4 86984 55 113
156 86703 85 4 87069 281 366
927 86949 85 1 87154 120 205
965 86963 87 4 87241 191 278
211 86718 88 3 87329 523 611
705 87319 61 3 87390 10 71
649 87308 72 2 87462 82 154
719 87402 53 4 87515 60 113
955 87438 59 1 87574 77 136
523 87417 77 4 87651 157 234
472 87613 72 4 87723 38 110
88 87504 78 4 87801 219 297
559 87740 49 4 87850 61 110
392 87507 82 2 87932 343 425
58 87894 62 4 87994 38 100
227 87580 84 3 88078 414 498
882 88035 51 3 88129 43 94
503 88096 25 2 88154 33 58
155 88092 71 4 88225 62 133
273 87995 76 4 88301 230 306
396 88234 47 4 88348 67 114
276 87832 87 4 88435 516 603
450 88383 90 4 88525 52 142
145 88453 78 2 88603 72 150
561 88593 66 4 88669 10 76
973 88644 54 4 88723 25 79
97 88719 49 3 88772 4 53
150 88605 58 4 88830 167 225
99 88749 81 1 88911 81 162
704 88625 84 2 88995 286 370
856 88934 64 3 89059 61 125
847 89024 45 1 89104 35 80
458 89006 57 2 89161 98 155
248 89145 78 1 89239 16 94
656 88911 86 4 89325 328 414
222 89290 40 2 89365 35 75
674 89358 62 2 89427 7 69
860 89390 76 2 89503 37 113
349 89125 86 4 89589 378 464
9 89579 49 2 89638 10 59
999 89594 41 1 89679 44 85
693 89533 71 4 89750 146 217
831 89682 62 3 89812 68 130
942 89655 75 1 89887 157 232
154 89857 71 2 89958 30 101
611 89926 44 4 90002 32 76
358 89963 42 2 90044 39 81
810 90012 72 4 90116 32 104
121 89958 85 4 90201 158 243
105 89076 87 2 90288 1125 1212
482 90253 53 4 90341 35 88
819 90264 72 1 90413 77 149
760 89007 89 3 90502 1406 1495
748 90487 53 3 90555 15 68
690 89010 90 3 90645 1545 1635
207 87418 90 1 90735 3227 3317
985 90664 78 4 90813 71 149
28 90792 39 4 90852 21 60
157 90773 46 4 90898 79 125
22 90862 69 3 90967 36 105
48 90918 77 1 91044 49 126
793 91026 83 3 91127 18 101
159 91088 56 2 91183 39 95
567 91129 56 4 91239 54 110
795 91165 62 3 91301 74 136
874 91062 82 2 91383 239 321
323 91088 84 4 91467 295 379
301 91389 63 4 91530 78 141
452 89989 91 4 91621 1541 1632
112 91614 66 4 91687 7 73
37 91587 87 1 91774 100 187
778 89384 91 4 91865 2390 2481
333 91829 62 4 91927 36 98
859 91905 46 1 91973 22 68
64 91887 54 2 92027 86 140
692 91954 69 4 92096 73 142
844 92060 77 1 92173 36 113
912 92137 73 3 92246 36 109
266 91822 79 1 92325 424 503
761 92284 46 3 92371 41 87
798 91878 81 1 92452 493 574
8 92411 33 4 92485 41 74
651 91806 84 3 92569 679 763
947 92543 63 3 92632 26 89
558 92229 91 3 92723 403 494
94 92686 42 4 92765 37 79
949 92751 50 4 92815 14 64
720 92638 52 1 92867 177 229
509 92680 52 1 92919 187 239
698 90345 92 4 93011 2574 2666
817 93000 91 3 93102 11 102
744 93019 89 4 93191 83 172
664 91740 92 4 93283 1451 1543
771 90299 92 3 93375 2984 3076
555 93322 67 4 93442 53 120
903 87743 92 1 93534 5699 5791
44 93460 83 3 93617 74 157
623 87051 92 1 93709 6566 6658
279 91285 93 4 93802 2424 2517
956 93733 39 3 93841 69 108
338 93800 59 3 93900 41 100
928 93845 61 3 93961 55 116
811 93730 72 3 94033 231 303
858 93954 82 4 94115 79 161
814 93460 93 4 94208 655 748
777 94184 61 2 94269 24 85
939 94245 71 3 94340 24 95
716 94290 68 4 94408 50 118
1 94389 56 4 94464 19 75
877 94413 51 4 94515 51 102
553 94471 42 4 94557 44 86
776 94542 35 3 94592 15 50
103 94472 62 3 94654 120 182
198 94628 62 4 94716 26 88
377 94488 77 4 94793 228 305
241 94271 83 2 94876 522 605
950 94366 85 4 94961 510 595
95 94921 63 4 95024 40 103
866 94985 87 2 95111 39 126
562 95025 69 3 95180 86 155
268 95134 58 4 95238 46 104
114 95086 78 4 95316 152 230
151 95201 80 2 95396 115 195
622 95357 76 3 95472 39 115
395 95402 55 4 95527 70 125
52 94135 88 3 95615 1392 1480
588 95597 75 4 95690 18 93
797 95618 42 3 95732 72 114
224 95713 59 2 95791 19 78
680 95666 79 4 95870 125 204
230 95854 86 3 95956 16 102
493 95909 43 3 95999 47 90
383 95700 88 4 96087 299 387
617 95262 92 3 96179 825 917
918 96127 60 2 96239 52 112
104 96229 44 4 96283 10 54
601 96167 75 2 96358 116 191
668 96291 60 2 96418 67 127
990 96365 38 4 96456 53 91
67 96401 50 3 96506 55 105
752 96447 74 2 96580 59 133
803 96514 49 3 96629 66 115
915 96616 51 3 96680 13 64
101 96648 59 4 96739 32 91
738 96343 76 3 96815 396 472
277 96772 77 4 96892 43 120
431 96882 68 4 96960 10 78
931 96942 59 4 97019 18 77
215 96336 86 3 97105 683 769
199 97077 83 4 97188 28 111
845 96596 86 2 97274 592 678
354 96916 87 4 97361 358 445
853 97286 29 4 97390 75 104
209 97287 58 4 97448 103 161
872 97425 53 4 97501 23 76
298 97285 64 3 97565 216 280
92 97391 75 2 97640 174 249
581 97070 87 3 97727 570 657
283 97714 76 3 97803 13 89
185 97791 44 3 97847 12 56
172 97763 45 3 97892 84 129
89 97524 88 1 97980 368 456
867 97944 88 3 98068 36 124
883 98056 86 2 98154 12 98
750 96414 92 4 98246 1740 1832
591 96806 92 2 98338 1440 1532
181 98219 92 2 98430 119 211
541 98399 58 3 98488 31 89
194 98346 71 2 98559 142 213
636 98507 43 2 98602 52 95
633 98551 52 2 98654 51 103
528 90715 93 4 98747 7939 8032
285 97337 93 4 98840 1410 1503
984 98756 67 4 98907 84 151
25 98873 68 3 98975 34 102
372 98915 26 3 99001 60 86
481 98969 53 4 99054 32 85
723 98879 71 3 99125 175 246
393 98912 85 2 99210 213 298
242 99207 35 2 99245 3 38
899 99208 74 3 99319 37 111
454 99281 76 4 99395 38 114
906 99340 73 4 99468 55 128
630 99139 78 3 99546 329 407
461 99506 64 3 99610 40 104
173 99528 71 3 99681 82 153
473 99623 36 1 99717 58 94
100 99666 75 4 99792 51 126
835 99460 86 4 99878 332 418
287 99804 69 4 99947 74 143
14 99247 86 3 100033 700 786
694 98970 87 3 100120 1063 1150
594 99039 87 2 100207 1081 1168
891 99571 89 3 100296 636 725
873 99461 90 1 100386 835 925
63 99370 91 3 100477 1016 1107
724 97793 93 4 100570 2684 2777
10 93489 93 3 100663 7081 7174
536 92771 93 2 100756 7892 7985
239 96837 94 4 100850 3919 4013
60 89663 94 4 100944 11187 11281
177 87804 94 3 101038 13140 13234
11 93199 94 2 101132 7839 7933
757 92719 94 1 101226 8413 8507
119 99618 94 1 101320 1608 1702
586 94445 95 4 101415 6875 6970
49 93227 95 4 101510 8188 8283
130 91435 95 4 101605 10075 10170
612 89010 95 3 101700 12595 12690
217 94911 95 3 101795 6789 6884
772 80458 95 3 101890 21337 21432
669 80196 95 2 101985 21694 21789
957 82466 95 2 102080 19519 19614
302 79128 95 1 102175 22952 23047
463 87908 96 4 102271 14267 14363
792 85238 96 4 102367 17033 17129
863 99228 96 4 102463 3139 3235
887 98753 96 3 102559 3710 3806
327 89989 96 3 102655 12570 12666
221 77744 96 3 102751 24911 25007
43 98464 96 2 102847 4287 4383
330 92769 96 2 102943 10078 10174
247 84152 96 2 103039 18791 18887
55 96882 97 4 103136 6157 6254
439 96357 97 4 103233 6779 6876
791 85902 97 4 103330 17331 17428
868 91856 97 3 103427 11474 11571
153 97525 97 3 103524 5902 5999
587 96737 97 2 103621 6787 6884
667 85111 97 2 103718 18510 18607
384 96651 98 4 103816 7067 7165
355 99218 98 4 103914 4598 4696
470 93885 98 3 104012 10029 10127
763 84558 98 3 104110 19454 19552
897 90726 98 3 104208 13384 13482
280 79976 98 3 104306 24232 24330
879 93675 98 3 104404 10631 10729
293 98518 98 2 104502 5886 5984
977 83023 99 4 104601 21479 21578
265 91284 99 4 104700 13317 13416
476 90937 99 4 104799 13763 13862
848 86334 99 4 104898 18465 18564
292 86543 99 4 104997 18355 18454
610 94582 99 3 105096 10415 10514
174 95542 99 3 105195 9554 9653
53 96975 99 3 105294 8220 8319
360 87479 99 3 105393 17815 17914
600 89977 99 3 105492 15416 15515
572 92952 99 3 105591 12540 12639
753 95593 99 2 105690 9998 10097
490 87088 99 1 105789 18602 18701
717 83048 100 4 105889 22741 22841
979 69126 100 4 105989 36763 36863
556 68009 100 4 106089 37980 38080
54 88278 100 3 106189 17811 17911
535 87452 100 3 106289 18737 18837
828 99649 100 2 106389 6640 6740
966 73451 100 2 106489 32938 33038
84 92575 100 2 106589 13914 14014
69 90526 100 1 106689 16063 16163
513 68711 100 1 106789 37978 38078
818 87070 100 1 106889 19719 19819
