101430 1730 500 440
272 3974 71 4 4045 0 71
902 6671 23 3 6694 0 23
769 8126 68 3 8194 0 68
698 8250 56 4 8306 0 56
586 8388 88 3 8476 0 88
15 9439 51 2 9490 0 51
581 9557 20 4 9577 0 20
72 10494 91 4 10585 0 91
899 10981 95 4 11076 0 95
537 11327 58 1 11385 0 58
696 11509 53 2 11562 0 53
6 12025 64 3 12089 0 64
20 12850 70 4 12920 0 70
270 13382 59 3 13441 0 59
689 13474 62 4 13586 50 112
274 13474 80 1 13616 62 142
809 13756 71 2 13827 0 71
594 14300 79 1 14379 0 79
738 14676 86 4 14762 0 86
403 14756 56 3 14818 6 62
882 14927 53 1 14980 0 53
763 15073 29 3 15102 0 29
985 15634 58 1 15692 0 58
824 16341 51 1 16392 0 51
796 16922 43 4 16965 0 43
941 16988 56 3 17044 0 56
493 17066 44 1 17110 0 44
858 17970 62 4 18032 0 62
638 18212 79 4 18291 0 79
765 18342 74 2 18416 0 74
500 18484 71 3 18555 0 71
545 18755 35 1 18790 0 35
424 19421 61 1 19482 0 61
884 19621 71 3 19692 0 71
872 19995 70 1 20065 0 70
817 20626 76 3 20702 0 76
932 20795 55 2 20850 0 55
679 21187 65 2 21252 0 65
816 21476 72 4 21548 0 72
416 21560 65 4 21625 0 65
917 21828 78 4 21906 0 78
829 22674 65 4 22739 0 65
869 22708 66 3 22855 81 147
764 22728 60 3 22865 77 137
735 22837 46 2 22911 28 74
402 22879 82 4 22993 32 114
9 23250 40 4 23290 0 40
298 23264 50 4 23340 26 76
525 23751 44 4 23795 0 44
467 23912 61 2 23973 0 61
739 24190 74 4 24264 0 74
429 24365 22 3 24387 0 22
415 24434 71 3 24505 0 71
834 24509 50 3 24559 0 50
438 24516 60 4 24619 43 103
360 24725 76 2 24801 0 76
190 24844 73 1 24917 0 73
283 24897 54 2 24971 20 74
318 24921 66 3 25037 50 116
776 25030 78 4 25115 7 85
263 25571 44 2 25615 0 44
716 25618 41 4 25659 0 41
565 25674 86 2 25760 0 86
394 25931 30 3 25961 0 30
147 26490 61 4 26551 0 61
5 26587 88 4 26675 0 88
115 26837 74 3 26911 0 74
691 26867 94 3 27005 44 138
875 27013 70 2 27083 0 70
453 27692 72 4 27764 0 72
37 27925 52 3 27977 0 52
413 27927 62 3 28039 50 112
591 28327 37 4 28364 0 37
198 28345 26 4 28390 19 45
305 28361 24 3 28414 29 53
993 28741 63 1 28804 0 63
92 28871 72 4 28943 0 72
206 29108 75 4 29183 0 75
266 29158 53 1 29236 25 78
646 29227 71 4 29307 9 80
27 29425 69 4 29494 0 69
801 29624 67 4 29691 0 67
504 29803 36 4 29839 0 36
918 29844 64 2 29908 0 64
411 29938 55 4 29993 0 55
499 30209 40 3 30249 0 40
583 30420 48 2 30468 0 48
98 30517 43 3 30560 0 43
319 30861 53 4 30914 0 53
322 31150 72 4 31222 0 72
430 31386 55 4 31441 0 55
527 31676 64 4 31740 0 64
74 32128 80 3 32208 0 80
970 32216 73 4 32289 0 73
880 32339 46 2 32385 0 46
222 32388 44 1 32432 0 44
952 32538 57 4 32595 0 57
133 32655 49 1 32704 0 49
992 32692 48 3 32802 62 110
310 32673 57 2 32809 79 136
156 32762 50 2 32859 47 97
700 32763 71 3 32980 146 217
233 32892 48 3 33028 88 136
44 32796 60 3 33038 182 242
367 33023 63 3 33101 15 78
164 33066 57 4 33158 35 92
923 33335 50 3 33435 50 100
432 33335 51 3 33436 50 101
554 33559 45 2 33604 0 45
544 33561 36 4 33640 43 79
823 33586 65 4 33705 54 119
476 33662 94 2 33799 43 137
826 34276 45 3 34321 0 45
459 34349 47 3 34396 0 47
793 34468 33 3 34501 0 33
848 34560 57 3 34617 0 57
375 34640 67 4 34707 0 67
615 34723 54 2 34827 50 104
592 34723 54 4 34831 54 108
955 35140 71 3 35211 0 71
179 35167 54 3 35265 44 98
196 35292 60 4 35352 0 60
163 35426 43 2 35469 0 43
712 35430 32 2 35501 39 71
788 35432 37 3 35538 69 106
855 35466 42 2 35580 72 114
538 35499 65 2 35645 81 146
668 35886 96 3 35982 0 96
214 36455 48 4 36553 50 98
883 36455 54 3 36557 48 102
710 36500 52 4 36609 57 109
975 36956 87 3 37043 0 87
598 37030 45 4 37088 13 58
312 37257 59 3 37316 0 59
330 37665 77 4 37742 0 77
774 37679 60 4 37802 63 123
694 37826 90 3 37916 0 90
866 37895 50 3 38016 71 121
832 37889 59 2 38075 127 186
742 37904 56 2 38131 171 227
134 38016 70 1 38201 115 185
754 38051 53 4 38254 150 203
596 38115 69 3 38323 139 208
606 38132 53 4 38376 191 244
380 38253 87 2 38513 173 260
297 38256 77 3 38540 207 284
815 38285 60 2 38550 205 265
996 38437 65 1 38615 113 178
219 38610 60 3 38675 5 65
518 38782 62 4 38844 0 62
57 38953 64 4 39017 0 64
52 38965 79 4 39096 52 131
613 39109 78 2 39187 0 78
404 39138 64 4 39251 49 113
511 39331 67 2 39398 0 67
75 39332 55 4 39453 66 121
925 39431 50 4 39503 22 72
920 39522 20 4 39542 0 20
381 39549 52 4 39601 0 52
56 39642 62 2 39704 0 62
285 39762 52 4 39814 0 52
997 40020 39 4 40059 0 39
353 40038 54 4 40113 21 75
818 40299 42 4 40341 0 42
135 40457 65 4 40522 0 65
304 40513 48 2 40570 9 57
2 40718 80 4 40798 0 80
253 40825 44 1 40869 0 44
939 41173 61 4 41234 0 61
645 41229 56 2 41290 5 61
900 41511 62 4 41573 0 62
340 41628 46 3 41674 0 46
998 41683 76 2 41759 0 76
881 41698 50 3 41809 61 111
29 42312 69 4 42381 0 69
541 42359 51 1 42432 22 73
331 42506 50 3 42556 0 50
1000 42665 69 4 42734 0 69
534 42719 54 4 42788 15 69
539 42850 54 3 42904 0 54
46 42877 34 2 42938 27 61
728 43055 75 4 43130 0 75
267 43102 46 1 43176 28 74
480 43336 80 4 43416 0 80
905 43349 47 3 43463 67 114
456 43392 81 1 43644 171 252
979 43427 59 2 43653 167 226
686 43531 44 4 43697 122 166
513 43450 58 4 43705 197 255
943 43694 44 2 43749 11 55
194 43759 44 3 43803 0 44
428 43769 68 4 43871 34 102
441 43924 55 2 43979 0 55
407 44199 65 2 44264 0 65
666 44503 63 2 44566 0 63
110 44574 88 2 44662 0 88
842 44627 39 3 44751 85 124
677 44607 64 4 44765 94 158
337 44772 42 2 44814 0 42
158 44810 63 3 44877 4 67
243 44858 71 3 44948 19 90
930 45029 64 4 45093 0 64
659 45050 45 2 45138 43 88
210 45056 50 4 45188 82 132
972 45061 75 3 45363 227 302
30 45237 49 2 45412 126 175
300 45102 68 3 45430 260 328
625 45115 52 3 45432 265 317
120 45469 91 3 45560 0 91
457 45601 66 3 45667 0 66
470 45607 39 2 45706 60 99
974 45880 68 4 45948 0 68
983 45953 79 1 46032 0 79
31 46102 36 4 46138 0 36
211 46109 51 3 46239 79 130
280 46132 85 4 46274 57 142
617 46206 51 3 46375 118 169
175 46310 20 1 46395 65 85
934 46207 63 1 46408 138 201
364 46395 73 3 46481 13 86
868 46621 33 3 46654 0 33
326 46887 91 4 46978 0 91
744 46927 64 4 47092 101 165
501 46966 78 3 47120 76 154
293 47037 88 2 47258 133 221
76 47070 62 3 47270 138 200
91 47293 43 4 47336 0 43
420 47361 56 4 47417 0 56
215 47499 41 4 47540 0 41
553 47519 62 2 47602 21 83
109 47777 61 4 47838 0 61
540 48071 100 2 48171 0 100
802 48275 55 2 48330 0 55
623 48585 86 4 48671 0 86
768 48657 29 4 48750 64 93
610 48659 20 3 48770 91 111
17 48619 67 4 48787 101 168
205 48697 34 3 48821 90 124
745 48775 45 4 48866 46 91
447 48839 35 2 48951 77 112
570 48818 59 4 48960 83 142
672 49176 43 4 49219 0 43
317 49208 44 4 49263 11 55
957 49247 70 2 49333 16 86
160 49301 63 3 49396 32 95
550 49393 84 2 49480 3 87
577 49411 60 1 49640 169 229
720 49456 54 2 49644 134 188
830 49477 100 4 49744 167 267
96 49551 90 3 49784 143 233
281 49663 91 2 49975 221 312
368 49767 67 4 49992 158 225
831 49775 64 3 50006 167 231
749 50009 59 4 50068 0 59
928 50070 44 2 50114 0 44
844 50153 77 4 50230 0 77
770 50211 71 1 50301 19 90
245 50445 50 3 50495 0 50
673 50518 61 3 50579 0 61
88 50629 69 4 50698 0 69
323 50823 49 4 50872 0 49
350 50868 83 4 50955 4 87
782 50984 40 3 51024 0 40
231 51045 84 1 51129 0 84
382 51108 53 4 51182 21 74
944 51139 69 3 51251 43 112
751 51238 58 4 51309 13 71
841 51329 68 4 51397 0 68
371 51452 65 4 51517 0 65
161 51469 49 1 51566 48 97
563 51524 55 4 51621 42 97
289 51645 61 4 51706 0 61
906 51691 68 2 51774 15 83
70 51824 42 2 51866 0 42
514 51966 72 3 52038 0 72
643 52080 37 3 52117 0 37
683 52085 54 1 52221 82 136
661 52099 78 3 52249 72 150
218 52337 62 4 52399 0 62
803 52359 92 1 52491 40 132
495 52569 80 4 52649 0 80
756 52613 61 4 52710 36 97
510 52675 76 4 52786 35 111
82 52775 68 2 52854 11 79
238 52956 40 2 52996 0 40
820 53001 73 2 53074 0 73
914 53023 53 4 53127 51 104
910 53205 56 1 53261 0 56
423 53257 36 3 53297 4 40
575 53330 46 4 53376 0 46
807 53356 61 3 53437 20 81
146 53432 55 4 53492 5 60
958 53506 76 2 53582 0 76
311 53779 83 3 53862 0 83
417 53867 32 3 53899 0 32
808 54033 47 2 54080 0 47
14 54131 45 4 54176 0 45
731 54200 61 4 54261 0 61
530 54251 54 1 54315 10 64
303 54419 57 1 54476 0 57
758 54473 48 4 54524 3 51
799 54546 65 4 54611 0 65
733 54595 83 4 54694 16 99
207 54663 38 2 54782 81 119
692 54630 64 2 54846 152 216
859 54676 75 2 54971 220 295
885 54709 68 3 55039 262 330
599 54870 29 4 55118 219 248
384 54717 62 2 55130 351 413
451 54814 85 3 55165 266 351
449 54862 59 4 55274 353 412
455 55095 47 3 55371 229 276
670 54973 61 2 55432 398 459
612 54985 69 4 55451 397 466
149 55242 47 4 55498 209 256
703 55070 73 4 55571 428 501
961 55096 60 3 55631 475 535
11 55424 48 2 55729 257 305
339 55451 49 4 55778 278 327
620 55273 57 3 55785 455 512
718 55308 51 1 55786 427 478
515 55396 67 4 55853 390 457
465 55753 41 1 55894 100 141
726 55625 52 4 55896 219 271
548 56019 54 4 56073 0 54
797 56096 45 4 56141 0 45
497 56096 63 3 56204 45 108
264 56164 69 2 56273 40 109
966 56248 41 4 56314 25 66
258 56335 60 4 56395 0 60
278 56388 58 4 56453 7 65
734 56430 56 4 56509 23 79
573 56817 86 1 56903 0 86
697 56832 62 2 56965 71 133
772 57099 32 4 57131 0 32
49 57277 49 4 57326 0 49
410 57389 55 4 57444 0 55
519 57484 51 1 57535 0 51
128 57559 51 3 57610 0 51
3 57587 40 3 57700 73 113
843 57566 77 2 57727 84 161
454 57763 69 4 57832 0 69
876 57866 55 3 57921 0 55
201 58111 72 4 58183 0 72
101 58533 65 3 58598 0 65
741 58549 74 3 58672 49 123
630 58721 92 1 58813 0 92
865 58803 70 4 58883 10 80
475 58817 94 2 58977 66 160
308 58960 41 1 59118 117 158
622 58902 62 3 59180 216 278
213 58958 63 3 59193 172 235
874 59107 41 3 59234 86 127
77 58975 73 4 59257 209 282
725 59197 48 3 59355 110 158
186 59224 47 3 59402 131 178
644 59173 53 4 59405 179 232
994 59319 42 1 59497 136 178
107 59403 47 3 59544 94 141
732 59309 58 4 59552 185 243
450 59513 63 3 59615 39 102
229 59596 43 3 59658 19 62
482 59621 41 4 59699 37 78
71 59747 26 2 59773 0 26
940 59795 70 4 59865 0 70
635 59836 51 4 59916 29 80
236 59866 68 3 59984 50 118
240 59927 56 4 60090 107 163
654 59982 54 3 60094 58 112
422 60158 57 3 60215 0 57
136 60267 69 4 60336 0 69
616 60356 58 1 60414 0 58
542 60364 88 4 60502 50 138
811 60642 65 4 60707 0 65
458 60823 46 1 60869 0 46
743 60949 81 2 61030 0 81
580 61029 65 2 61095 1 66
426 61035 92 1 61187 60 152
40 61144 68 2 61255 43 111
608 61419 51 4 61470 0 51
699 61454 58 4 61528 16 74
976 61485 44 4 61572 43 87
359 61506 56 2 61628 66 122
618 61575 82 1 61760 103 185
963 61668 35 2 61895 192 227
464 61596 57 4 61902 249 306
291 61717 36 2 61938 185 221
901 61639 61 4 61999 299 360
498 61664 68 4 62067 335 403
412 61725 58 2 62125 342 400
377 61770 69 4 62144 305 374
354 62040 47 3 62191 104 151
386 61913 60 3 62201 228 288
503 62115 73 3 62424 236 309
173 62203 35 3 62459 221 256
627 62136 75 3 62584 373 448
605 62263 44 2 62678 371 415
108 62181 79 2 62757 497 576
922 62182 57 3 62764 525 582
722 62209 64 2 62878 605 669
956 62239 72 3 62900 589 661
114 62262 51 1 62951 638 689
36 62291 81 4 62982 610 691
241 62752 33 4 63015 230 263
398 62417 53 3 63018 548 601
791 62436 80 4 63048 532 612
894 62564 75 4 63173 534 609
257 62980 25 1 63248 243 268
141 63001 49 2 63347 297 346
755 62842 70 2 63417 505 575
916 62859 70 3 63487 558 628
484 62959 66 2 63603 578 644
23 63190 42 2 63645 413 455
602 62995 94 4 63689 600 694
980 63038 63 3 63702 601 664
481 63091 66 4 63718 561 627
551 63150 76 2 63744 518 594
409 63152 65 1 63809 592 657
907 63490 64 3 64023 469 533
483 63551 60 4 64133 522 582
25 63849 44 1 64177 284 328
235 63567 54 1 64181 560 614
640 63576 58 4 64189 555 613
230 63620 70 4 64259 569 639
468 63754 70 4 64279 455 525
373 63772 70 2 64299 457 527
192 63952 90 2 64389 347 437
463 64100 73 4 64462 289 362
314 64209 73 3 64535 253 326
212 64396 49 4 64584 139 188
117 64460 50 3 64734 224 274
536 64352 56 4 64740 332 388
595 64405 85 2 64875 385 470
947 64433 55 3 64880 392 447
877 64472 91 3 65021 458 549
45 64570 55 4 65026 401 456
959 64635 71 4 65147 441 512
521 64636 51 4 65148 461 512
172 64991 48 4 65296 257 305
478 64795 55 1 65301 451 506
4 65047 39 1 65390 304 343
995 64811 75 3 65415 529 604
227 64941 53 4 65418 424 477
991 65157 47 3 65465 261 308
707 65167 33 4 65498 298 331
492 64989 69 2 65517 459 528
287 65263 43 3 65560 254 297
150 65039 57 4 65567 471 528
864 65525 69 4 65636 42 111
62 65681 45 2 65726 0 45
494 65814 59 1 65873 0 59
388 65829 43 1 65916 44 87
143 65883 54 2 66020 83 137
777 65893 83 3 66103 127 210
715 66007 41 2 66144 96 137
614 65926 55 3 66149 168 223
250 66319 67 1 66386 0 67
116 66381 67 4 66453 5 72
669 66416 62 4 66515 37 99
825 66504 84 4 66599 11 95
601 66518 42 2 66641 81 123
854 66574 49 2 66690 67 116
960 66775 51 3 66826 0 51
589 66790 66 4 66942 86 152
405 66810 52 1 66944 82 134
571 67019 81 4 67100 0 81
987 67069 52 3 67152 31 83
224 67171 50 4 67221 0 50
814 67218 55 4 67276 3 58
275 67244 77 4 67353 32 109
113 67298 50 4 67403 55 105
800 67304 56 4 67459 99 155
895 67406 41 2 67550 103 144
676 67404 58 1 67558 96 154
220 67468 50 3 67608 90 140
439 67494 65 2 67823 264 329
982 67556 58 3 67881 267 325
771 67666 41 1 67922 215 256
861 67575 53 4 67925 297 350
664 67581 67 3 68042 394 461
16 67616 59 4 68051 376 435
59 67853 45 3 68146 248 293
431 67747 54 2 68150 349 403
203 67945 42 4 68192 205 247
252 67757 100 3 68292 435 535
604 67838 60 2 68302 404 464
950 68176 32 4 68434 226 258
600 67968 71 4 68455 416 487
154 68053 59 3 68464 352 411
183 68155 60 4 68574 359 419
10 68422 41 4 68665 202 243
48 68329 95 4 68760 336 431
687 68347 52 3 68812 413 465
867 68390 62 2 68824 372 434
806 68427 89 3 69013 497 586
652 68495 56 4 69069 518 574
953 68602 56 3 69125 467 523
242 68617 89 3 69164 458 547
50 68658 70 4 69184 456 526
104 69008 39 4 69273 226 265
376 68732 98 4 69321 491 589
933 68795 66 1 69387 526 592
127 68940 76 4 69413 397 473
671 69308 37 3 69500 155 192
780 69041 71 4 69521 409 480
282 69324 48 2 69569 197 245
400 69294 67 3 69686 325 392
609 69554 32 4 69868 282 314
346 69358 51 4 69869 460 511
86 69409 57 3 69876 410 467
338 69423 57 4 69933 453 510
753 69459 63 3 69946 424 487
178 69480 60 2 69956 416 476
863 69791 35 2 69991 165 200
69 69656 67 4 70108 385 452
851 69809 57 1 70115 249 306
138 69815 86 3 70151 250 336
132 70045 55 4 70256 156 211
174 70155 37 4 70293 101 138
362 70075 63 1 70356 218 281
631 70218 50 4 70406 138 188
370 70167 59 4 70515 289 348
549 70255 81 4 70546 210 291
919 70282 85 4 70581 214 299
414 70473 58 4 70689 158 216
870 70564 64 4 70703 75 139
171 70793 54 4 70847 0 54
54 70983 61 4 71044 0 61
249 71036 47 4 71091 8 55
145 71247 76 2 71323 0 76
835 71342 72 4 71414 0 72
562 71442 50 4 71492 0 50
124 71450 84 2 71576 42 126
8 71674 78 2 71752 0 78
837 71705 29 4 71781 47 76
216 71765 82 3 71863 16 98
938 71810 78 3 71991 103 181
717 71911 48 2 72039 80 128
64 71814 80 4 72069 175 255
946 72024 47 2 72266 195 242
948 71976 73 4 72289 240 313
557 71979 58 4 72447 410 468
487 71983 51 4 72448 414 465
913 72260 29 2 72577 288 317
142 72084 71 1 72598 443 514
931 72093 66 4 72614 455 521
951 72111 76 4 72640 453 529
187 72183 60 1 72700 457 517
737 72460 47 4 72747 240 287
217 72257 69 3 72766 440 509
97 72551 46 3 72912 315 361
316 72416 66 2 72928 446 512
155 72709 49 1 72977 219 268
342 72501 63 4 72990 426 489
189 72510 53 2 73043 480 533
762 72919 32 4 73125 174 206
695 72957 44 4 73219 218 262
122 72780 55 3 73224 389 444
81 72829 68 2 73292 395 463
395 72935 84 1 73326 307 391
805 73150 49 1 73375 176 225
39 73009 70 3 73395 316 386
361 73297 20 4 73415 98 118
286 73494 53 4 73547 0 53
472 73512 34 4 73581 35 69
572 73542 71 4 73652 39 110
393 73582 66 1 73768 120 186
977 73643 67 2 73885 175 242
443 73747 49 4 73934 138 187
471 73662 61 4 74045 322 383
856 73670 56 3 74101 375 431
47 73748 74 3 74175 353 427
559 73949 41 1 74216 226 267
151 73761 69 2 74285 455 524
714 73987 50 4 74335 298 348
265 73994 46 4 74381 341 387
560 73787 66 2 74447 594 660
535 73930 65 2 74512 517 582
247 74190 49 3 74611 372 421
965 74197 24 3 74635 414 438
434 73968 68 3 74653 617 685
157 74356 40 4 74743 347 387
642 74032 72 1 74815 711 783
740 74085 84 4 74849 680 764
693 74117 64 2 74863 682 746
99 74528 26 4 74889 335 361
379 74227 68 4 74957 662 730
663 74704 36 3 74993 253 289
619 74362 82 3 75025 581 663
840 74553 68 4 75143 522 590
597 74815 54 3 75197 328 382
969 74841 71 4 75218 306 377
833 74943 59 3 75327 325 384
167 75179 46 4 75473 248 294
18 75122 72 3 75495 301 373
436 75133 72 4 75567 362 434
32 75145 64 2 75581 372 436
702 75168 71 1 75652 413 484
967 75444 48 3 75800 308 356
366 75247 58 4 75808 503 561
358 75366 64 4 75922 492 556
784 75388 76 4 75948 484 560
356 75414 61 3 76009 534 595
611 75532 56 4 76165 577 633
721 75571 67 1 76182 544 611
760 75695 76 4 76308 537 613
626 75713 61 4 76419 645 706
348 75742 58 4 76427 627 685
678 75775 63 1 76440 602 665
862 76114 21 4 76461 326 347
781 75888 66 4 76477 523 589
529 75931 69 4 76496 496 565
558 75962 67 3 76613 584 651
989 76335 34 1 76647 278 312
846 76336 26 4 76673 311 337
309 76006 86 2 76709 617 703
469 76489 31 4 76740 220 251
651 76246 64 4 76754 444 508
653 76257 75 4 76829 497 572
911 76692 48 3 76977 237 285
313 76538 59 4 76986 389 448
897 76625 60 3 77046 361 421
624 76664 55 3 77051 332 387
585 76948 49 4 77200 203 252
543 76790 56 4 77206 360 416
374 77024 46 4 77252 182 228
641 76906 56 4 77258 296 352
347 76931 71 2 77329 327 398
792 77065 63 4 77492 364 427
144 77178 69 3 77511 264 333
588 77361 44 2 77555 150 194
750 77211 75 4 77580 294 369
507 77250 63 4 77643 330 393
603 77406 88 2 77931 437 525
180 77540 69 2 78000 391 460
685 77542 63 1 78063 458 521
93 77560 68 3 78081 453 521
351 77574 75 4 78106 457 532
822 77579 58 3 78114 477 535
84 77589 79 4 78243 575 654
555 77669 71 4 78264 524 595
888 77856 61 4 78425 508 569
850 78157 33 2 78458 268 301
279 77926 72 3 78480 482 554
984 78074 60 3 78540 406 466
334 78084 56 2 78596 456 512
13 78093 63 3 78609 453 516
827 78217 66 2 78625 342 408
488 78314 79 3 78654 261 340
971 78584 73 4 78827 170 243
705 78590 61 4 78838 187 248
389 78642 68 1 78906 196 264
130 78722 82 3 78988 184 266
200 78797 53 4 79041 191 244
28 78844 95 2 79186 247 342
254 79018 32 1 79218 168 200
336 78922 69 2 79237 246 315
445 78951 81 4 79268 236 317
125 79189 47 4 79415 179 226
181 79218 33 2 79448 197 230
344 79221 46 4 79494 227 273
921 79115 53 3 79497 329 382
65 79148 79 3 79526 299 378
747 79386 41 3 79567 140 181
284 79461 39 4 79606 106 145
320 79536 48 3 79754 170 218
509 79542 49 4 79803 212 261
419 79486 55 3 79808 267 322
106 79528 56 3 79814 230 286
656 79705 43 2 79857 109 152
321 79732 53 4 79960 175 228
517 79774 71 3 79981 136 207
159 80059 54 2 80113 0 54
929 80101 74 4 80187 12 86
329 80168 58 4 80245 19 77
836 80202 32 3 80327 93 125
523 80194 73 2 80450 183 256
853 80232 62 4 80512 218 280
259 80242 74 3 80586 270 344
904 80402 32 3 80618 184 216
324 80251 54 3 80772 467 521
79 80349 71 1 80893 473 544
649 80405 83 3 81076 588 671
477 80419 57 4 81083 607 664
657 80424 64 4 81197 709 773
466 80462 51 3 81198 685 736
199 80788 50 4 81248 410 460
942 80496 64 2 81262 702 766
773 80524 56 4 81268 688 744
26 80553 57 4 81275 665 722
38 80604 74 4 81299 621 695
246 80672 74 2 81323 577 651
648 80702 71 3 81344 571 642
566 81189 77 1 81471 205 282
261 81282 95 4 81516 139 234
221 81437 56 4 81722 229 285
102 81442 64 4 81786 280 344
169 81454 76 4 81812 282 358
632 81628 46 4 81858 184 230
162 81501 58 3 81866 307 365
61 81519 79 4 81945 347 426
584 81738 41 4 81986 207 248
292 81675 79 1 82015 261 340
131 81878 73 4 82088 137 210
396 82178 67 4 82245 0 67
633 82356 91 4 82447 0 91
893 82361 63 3 82510 86 149
112 82533 62 2 82595 0 62
990 82613 44 2 82657 0 44
999 82624 62 3 82719 33 95
639 82659 83 4 82852 110 193
397 82692 51 2 82853 110 161
435 82791 62 2 82965 112 174
302 82832 65 2 82980 83 148
845 82967 34 2 83114 113 147
988 82908 65 4 83129 156 221
437 82914 60 4 83139 165 225
680 83094 44 1 83183 45 89
232 83158 93 3 83276 25 118
968 83236 56 4 83332 40 96
547 83278 63 4 83395 54 117
688 83459 79 2 83538 0 79
520 83564 66 2 83630 0 66
53 83677 71 3 83748 0 71
188 83719 24 4 83872 129 153
819 83679 65 4 83887 143 208
95 83679 51 4 83888 158 209
462 83912 37 3 83949 0 37
148 83917 70 4 84069 82 152
665 83939 69 2 84088 80 149
365 84177 81 4 84258 0 81
701 84189 37 4 84295 69 106
202 84196 56 4 84451 199 255
849 84240 61 3 84462 161 222
964 84279 63 2 84475 133 196
191 84495 59 3 84554 0 59
590 84511 54 1 84608 43 97
448 84592 46 2 84654 16 62
561 84721 85 4 84806 0 85
704 84792 27 2 84833 14 41
582 84998 75 1 85073 0 75
357 85048 39 3 85212 125 164
427 85008 54 2 85216 154 208
433 85080 45 4 85261 136 181
779 85042 77 4 85288 169 246
891 85239 41 4 85479 199 240
22 85132 63 2 85542 347 410
682 85138 63 2 85555 354 417
924 85238 52 4 85557 267 319
244 85242 64 4 85621 315 379
658 85460 57 4 85678 161 218
724 85535 63 3 85691 93 156
569 85794 77 1 85871 0 77
890 85851 63 4 85934 20 83
268 85930 55 2 85989 4 59
892 85935 76 2 86065 54 130
306 86154 54 3 86208 0 54
73 86210 32 4 86242 0 32
299 86211 42 1 86284 31 73
225 86272 98 4 86382 12 110
706 86452 30 4 86482 0 30
629 86469 40 1 86522 13 53
301 86496 86 1 86608 26 112
234 86570 99 4 86707 38 137
34 86626 59 2 86816 131 190
137 86699 86 3 86852 67 153
341 86836 54 4 86906 16 70
296 86929 45 3 86974 0 45
262 86952 41 3 87015 22 63
986 87058 53 2 87111 0 53
681 87097 86 2 87197 14 100
786 87120 43 3 87240 77 120
345 87191 44 4 87384 149 193
209 87146 58 4 87392 188 246
7 87284 34 4 87476 158 192
118 87150 59 2 87485 276 335
123 87365 46 4 87681 270 316
58 87267 84 3 87715 364 448
87 87298 72 4 87787 417 489
522 87524 41 3 87878 313 354
385 87325 68 3 87896 503 571
506 87334 70 1 87966 562 632
325 87419 65 3 88081 597 662
166 87750 43 3 88124 331 374
810 87523 64 4 88138 551 615
927 87541 62 4 88200 597 659
719 87935 36 4 88236 265 301
949 87600 77 4 88263 586 663
168 87632 81 4 88294 581 662
363 87851 60 4 88404 493 553
908 88072 84 4 88488 332 416
177 88078 60 2 88548 410 470
152 88172 62 3 88660 426 488
785 88309 72 1 88782 401 473
512 88529 48 4 88830 253 301
195 88367 58 3 88838 413 471
461 88376 55 4 88893 462 517
425 88412 70 4 88913 431 501
446 88447 70 4 88983 466 536
660 88591 69 3 89052 392 461
912 88678 78 4 89080 324 402
871 88960 27 4 89157 170 197
813 88718 84 4 89241 439 523
491 89042 49 3 89290 199 248
579 88919 76 3 89316 321 397
204 88975 67 3 89333 291 358
78 89172 31 3 89414 211 242
675 89239 42 1 89456 175 217
390 89160 59 4 89515 296 355
332 89424 42 3 89607 141 183
349 89259 59 4 89616 298 357
708 89345 61 4 89627 221 282
170 89518 79 2 89806 209 288
564 89533 74 2 89830 223 297
176 89618 97 4 89977 262 359
255 89697 68 3 90095 330 398
789 89722 83 2 90178 373 456
387 89776 59 4 90237 402 461
838 89805 100 4 90287 382 482
51 90051 37 4 90324 236 273
650 89845 65 3 90339 429 494
981 89898 60 3 90399 441 501
533 90215 50 4 90449 184 234
767 90133 71 4 90470 266 337
290 90378 58 2 90528 92 150
408 90516 80 4 90608 12 92
1 90546 55 4 90763 162 217
821 90559 68 2 90831 204 272
752 90570 58 4 90889 261 319
524 90734 50 3 90989 205 255
593 90635 52 4 91041 354 406
21 90774 47 3 91088 267 314
43 90672 51 2 91189 466 517
636 90889 45 4 91334 400 445
775 90725 75 4 91359 559 634
68 90946 39 3 91448 463 502
35 90742 70 4 91468 656 726
288 90776 63 4 91531 692 755
307 90782 85 3 91616 749 834
502 90833 66 2 91732 833 899
937 90874 79 4 91811 858 937
251 90903 95 4 91956 958 1053
709 90999 95 2 92251 1157 1252
736 91516 45 2 92296 735 780
33 91119 67 4 92413 1227 1294
89 91142 52 1 92415 1221 1273
490 91189 68 4 92483 1226 1294
790 91698 37 2 92520 785 822
355 91234 60 2 92530 1236 1296
795 91311 75 4 92655 1269 1344
80 91846 49 3 92704 809 858
531 91318 86 3 92840 1436 1522
295 91377 67 3 92857 1413 1480
496 91379 88 2 92895 1428 1516
674 91449 54 2 92899 1396 1450
140 92105 39 4 92938 794 833
896 91459 84 4 92972 1429 1513
634 91465 79 1 93001 1457 1536
260 92186 47 2 93198 965 1012
55 91526 62 3 93310 1722 1784
294 92343 44 3 93354 967 1011
83 91531 59 3 93363 1773 1832
508 92366 47 3 93410 997 1044
684 91652 73 2 93433 1708 1781
556 91750 80 4 93463 1633 1713
392 91786 84 4 93497 1627 1711
711 92669 46 1 93693 978 1024
105 91847 62 2 93855 1946 2008
568 91852 51 4 93856 1953 2004
226 92869 38 3 93944 1037 1075
879 92157 68 3 94112 1887 1955
328 92172 57 2 94119 1890 1947
655 92173 57 1 94126 1896 1953
66 92265 65 2 94241 1911 1976
485 92266 64 4 94255 1925 1989
532 93468 50 4 94405 887 937
889 93483 38 1 94443 922 960
852 92595 71 2 94464 1798 1869
727 92612 52 4 94466 1802 1854
378 92626 100 1 94516 1790 1890
778 92674 99 4 94615 1842 1941
637 92678 69 1 94634 1887 1956
100 92684 61 2 94695 1950 2011
690 92838 71 4 94716 1807 1878
574 93885 49 1 94815 881 930
369 93915 35 4 94950 1000 1035
945 92888 61 4 95011 2062 2123
343 93953 41 3 95052 1058 1099
139 92948 57 4 95159 2154 2211
335 92967 53 3 95162 2142 2195
587 93139 80 3 95242 2023 2103
111 93173 64 4 95256 2019 2083
794 94209 48 3 95304 1047 1095
898 94230 34 4 95388 1124 1158
352 93308 63 4 95401 2030 2093
621 93321 71 2 95422 2030 2101
761 94345 47 4 95469 1077 1124
85 94476 44 3 95713 1193 1237
452 93681 67 4 95730 1982 2049
607 93776 51 1 95831 2004 2055
41 93882 79 2 95860 1899 1978
442 93903 79 1 95989 2007 2086
273 93914 75 1 96064 2075 2150
237 93935 64 3 96178 2179 2243
63 93964 75 4 96203 2164 2239
153 93972 57 4 96210 2181 2238
783 94124 55 2 96265 2086 2141
903 95198 50 2 96315 1067 1117
24 95238 20 3 96335 1077 1097
239 95278 43 4 96378 1057 1100
628 94223 64 4 96392 2105 2169
962 94347 79 4 96621 2195 2274
67 94419 58 1 96629 2152 2210
185 94449 52 2 96631 2130 2182
421 94464 73 2 96704 2167 2240
546 94519 72 4 96726 2135 2207
886 95742 46 3 96822 1034 1080
460 94555 75 3 96897 2267 2342
126 94785 54 3 97001 2162 2216
182 94812 51 3 97052 2189 2240
406 94860 55 2 97107 2192 2247
787 94875 63 4 97370 2432 2495
528 94927 89 4 97459 2443 2532
276 96115 50 2 97509 1344 1394
973 96122 49 3 97558 1387 1436
860 95124 72 4 97580 2384 2456
193 95347 64 2 97694 2283 2347
935 95364 72 3 97766 2330 2402
418 95380 76 4 97792 2336 2412
828 95409 64 2 97906 2433 2497
228 95602 57 4 98013 2354 2411
552 95740 79 4 98142 2323 2402
505 95750 75 3 98167 2342 2417
526 95797 53 4 98170 2320 2373
915 95808 79 2 98199 2312 2391
757 95903 67 4 98216 2246 2313
479 95963 61 1 98227 2203 2264
372 95997 59 3 98236 2180 2239
327 97153 48 4 98284 1083 1131
847 96005 61 3 98295 2229 2290
119 96034 89 3 98334 2211 2300
444 96056 66 3 98350 2228 2294
208 96056 77 2 98377 2244 2321
759 96092 52 3 98429 2285 2337
42 97400 38 3 98517 1079 1117
567 96326 72 2 98739 2341 2413
978 96381 72 4 98811 2358 2430
723 96407 61 4 98922 2454 2515
440 97709 48 4 98970 1213 1261
333 96506 78 4 98998 2414 2492
401 96511 64 4 99162 2587 2651
473 97887 37 4 99199 1275 1312
516 96543 57 4 99206 2606 2663
184 96583 70 3 99226 2573 2643
223 96671 81 1 99307 2555 2636
730 96677 63 4 99320 2580 2643
94 98197 42 4 99362 1123 1165
662 98292 35 4 99447 1120 1155
729 97347 73 3 99620 2200 2273
926 98386 37 1 99657 1234 1271
129 97391 52 4 99709 2266 2318
474 97401 93 2 99802 2308 2401
486 97417 55 3 99807 2335 2390
878 97496 59 3 99866 2311 2370
12 97554 63 3 99879 2262 2325
256 97597 76 1 99955 2282 2358
383 97667 56 2 100011 2288 2344
489 97673 57 2 100018 2288 2345
746 97797 61 3 100129 2271 2332
399 97802 85 1 100164 2277 2362
873 97842 84 4 100248 2322 2406
909 99224 37 2 100385 1124 1161
277 97968 64 2 100399 2367 2431
812 99235 22 4 100421 1164 1186
766 98266 52 4 100523 2205 2257
269 98311 62 3 100635 2262 2324
60 99483 44 4 100679 1152 1196
90 98353 74 2 100703 2276 2350
857 98361 79 3 100782 2342 2421
165 99614 45 3 100877 1218 1263
197 98400 57 4 100884 2427 2484
103 99673 48 1 100932 1211 1259
248 98479 67 3 100949 2403 2470
121 99743 21 4 101020 1256 1277
936 98587 64 1 101034 2383 2447
748 98710 71 3 101105 2324 2395
954 98808 87 4 101142 2247 2334
271 98900 62 3 101154 2192 2254
578 98934 72 2 101176 2170 2242
839 99094 69 3 101195 2032 2101
887 99185 82 4 101227 1960 2042
667 99188 63 4 101240 1989 2052
798 99296 61 4 101251 1894 1955
315 99358 70 3 101271 1843 1913
713 99405 100 3 101321 1816 1916
576 99430 78 3 101349 1841 1919
804 99541 62 3 101361 1758 1820
19 99576 58 2 101369 1735 1793
391 99730 75 4 101394 1589 1664
647 99865 86 3 101430 1479 1565
