106687 1000 1543 1471
951 3330 44 4 3374 0 44
512 6015 91 4 6106 0 91
553 6547 68 3 6615 0 68
241 6930 54 3 6984 0 54
751 7151 64 4 7215 0 64
689 8385 96 4 8481 0 96
322 8650 71 4 8721 0 71
373 9473 96 3 9569 0 96
35 9769 41 3 9810 0 41
178 9713 84 2 9838 41 125
150 10403 75 4 10478 0 75
801 10496 94 4 10590 0 94
12 10724 53 2 10777 0 53
856 13238 82 1 13320 0 82
89 13371 88 4 13459 0 88
242 13290 96 2 13504 118 214
152 14009 53 4 14062 0 53
424 13966 58 2 14077 53 111
927 14139 90 3 14229 0 90
524 14315 55 1 14370 0 55
537 14344 96 4 14466 26 122
520 14476 64 4 14540 0 64
164 14551 52 2 14603 0 52
782 14570 75 3 14678 33 108
128 15466 41 4 15507 0 41
634 15691 72 3 15763 0 72
258 15828 89 4 15917 0 89
334 16009 41 4 16050 0 41
653 16111 44 1 16155 0 44
658 16161 73 2 16234 0 73
436 16257 85 4 16342 0 85
28 16108 92 2 16402 202 294
657 16683 86 1 16769 0 86
7 16804 82 2 16886 0 82
215 18022 47 3 18069 0 47
502 18514 58 4 18572 0 58
854 18467 85 4 18610 58 143
777 18732 35 3 18767 0 35
392 18858 43 2 18901 0 43
903 19083 54 4 19137 0 54
496 19190 83 2 19273 0 83
547 19385 79 3 19464 0 79
483 19318 86 1 19483 79 165
180 19619 44 4 19663 0 44
270 19986 66 3 20052 0 66
858 19937 71 4 20074 66 137
425 20086 29 3 20115 0 29
583 20147 42 3 20189 0 42
479 20518 61 1 20579 0 61
267 20526 85 4 20664 53 138
184 20845 47 3 20892 0 47
909 21275 90 1 21365 0 90
900 21903 73 4 21976 0 73
22 22011 55 4 22066 0 55
981 22079 74 3 22153 0 74
451 22155 65 4 22220 0 65
654 22215 90 4 22310 5 95
516 22557 72 4 22629 0 72
741 23021 68 4 23089 0 68
196 23245 73 1 23318 0 73
20 23381 92 4 23473 0 92
26 23570 83 2 23653 0 83
261 24008 97 2 24105 0 97
937 24199 53 4 24252 0 53
298 24193 69 3 24315 53 122
351 24321 72 4 24393 0 72
53 24160 86 4 24440 194 280
217 24643 59 4 24702 0 59
77 25097 85 3 25182 0 85
838 25222 63 4 25285 0 63
714 25331 65 1 25396 0 65
670 25620 84 1 25704 0 84
144 26043 99 4 26142 0 99
130 26298 85 2 26383 0 85
454 26578 88 4 26666 0 88
910 26705 56 1 26761 0 56
871 26992 63 4 27055 0 63
824 27063 55 3 27118 0 55
558 27267 77 4 27344 0 77
850 27205 78 3 27360 77 155
488 27607 89 4 27696 0 89
445 27713 66 4 27779 0 66
732 27745 76 4 27855 34 110
556 27966 43 4 28009 0 43
284 27880 94 4 28017 43 137
633 28408 67 2 28475 0 67
700 28311 98 3 28476 67 165
616 28758 89 3 28847 0 89
73 28884 48 2 28932 0 48
106 28938 66 3 29004 0 66
792 29096 59 1 29155 0 59
411 28984 95 1 29158 79 174
770 29243 48 3 29291 0 48
455 29297 79 1 29376 0 79
988 29382 61 4 29443 0 61
211 29455 34 2 29489 0 34
684 29482 35 2 29524 7 42
659 29441 95 4 29607 71 166
31 29212 95 3 29659 352 447
678 29720 67 4 29787 0 67
926 29374 97 3 29823 352 449
749 30425 59 3 30484 0 59
820 30449 94 4 30578 35 129
849 30788 48 4 30836 0 48
735 30855 75 2 30930 0 75
9 30942 96 4 31038 0 96
947 30757 99 4 31075 219 318
736 31326 54 3 31380 0 54
676 31353 83 4 31463 27 110
117 31783 42 3 31825 0 42
133 31905 56 4 31961 0 56
513 31834 82 3 31972 56 138
254 31717 86 2 31983 180 266
989 32028 59 4 32087 0 59
296 32152 55 4 32207 0 55
289 32310 49 3 32359 0 49
174 32479 61 3 32540 0 61
863 32542 50 4 32592 0 50
201 32440 63 2 32614 111 174
476 32433 87 3 32694 174 261
282 32718 79 3 32797 0 79
118 32986 81 4 33067 0 81
57 33147 73 2 33220 0 73
635 33333 94 2 33427 0 94
231 33241 95 3 33430 94 189
485 33506 54 3 33560 0 54
417 33512 81 3 33641 48 129
999 33737 58 1 33795 0 58
3 33849 32 2 33881 0 32
530 33895 54 4 33997 48 102
489 33901 54 4 34003 48 102
544 34117 81 2 34198 0 81
121 34409 40 4 34449 0 40
916 34704 71 3 34775 0 71
359 35018 69 4 35087 0 69
842 35131 40 4 35171 0 40
826 35198 58 3 35256 0 58
952 35054 79 2 35264 131 210
452 35175 96 4 35360 89 185
198 35411 73 2 35484 0 73
950 35510 59 4 35569 0 59
695 35606 56 4 35662 0 56
788 35752 38 2 35790 0 38
112 35814 92 2 35906 0 92
725 35949 44 2 35993 0 44
563 35771 94 2 36020 155 249
49 36567 80 1 36647 0 80
688 36515 90 2 36685 80 170
155 36775 87 3 36862 0 87
421 36941 78 1 37019 0 78
622 37030 57 3 37087 0 57
994 36883 82 4 37100 135 217
986 37139 36 4 37175 0 36
352 37135 43 1 37214 36 79
412 37216 89 2 37305 0 89
119 37390 98 2 37488 0 98
687 37912 54 1 37966 0 54
621 38039 75 3 38114 0 75
800 38169 42 3 38211 0 42
550 38159 57 2 38258 42 99
335 38279 75 3 38354 0 75
14 38222 86 3 38419 111 197
559 38711 65 3 38776 0 65
113 39016 48 4 39064 0 48
755 39117 82 1 39199 0 82
923 39431 64 4 39495 0 64
123 39512 67 1 39579 0 67
29 39568 85 2 39664 11 96
844 39731 55 1 39786 0 55
555 39442 94 2 39796 260 354
806 39830 92 4 39922 0 92
437 40025 69 1 40094 0 69
692 40293 49 2 40342 0 49
752 40323 65 4 40407 19 84
470 40328 79 4 40486 79 158
327 40519 61 1 40580 0 61
787 40636 89 4 40725 0 89
543 40847 82 2 40929 0 82
526 41278 66 2 41344 0 66
943 41253 85 4 41404 66 151
702 41217 90 4 41458 151 241
205 41493 39 4 41532 0 39
409 41521 69 1 41601 11 80
348 41569 70 4 41671 32 102
713 41744 85 4 41829 0 85
491 41887 39 3 41926 0 39
646 41952 91 3 42043 0 91
461 41788 94 3 42053 171 265
528 41980 94 2 42147 73 167
416 41692 99 2 42194 403 502
278 42234 86 3 42320 0 86
915 42326 99 3 42425 0 99
336 42584 65 4 42649 0 65
482 42792 88 4 42880 0 88
380 42912 60 2 42972 0 60
517 42856 97 2 43037 84 181
898 43141 93 3 43234 0 93
69 43419 53 2 43472 0 53
577 43505 31 3 43536 0 31
181 43565 74 3 43639 0 74
991 43516 99 3 43709 94 193
761 43786 42 2 43828 0 42
744 43786 90 2 43918 42 132
636 43964 77 2 44041 0 77
396 44112 52 4 44164 0 52
374 44082 85 1 44219 52 137
185 43780 97 1 44223 346 443
265 44292 53 2 44345 0 53
237 44285 79 1 44417 53 132
597 44039 99 4 44454 316 415
332 44622 40 4 44662 0 40
796 44562 60 2 44662 40 100
631 44708 94 4 44802 0 94
683 44556 99 1 44849 194 293
459 44877 76 4 44953 0 76
170 44971 65 3 45036 0 65
993 45067 87 2 45154 0 87
401 44996 93 3 45216 127 220
545 45241 73 4 45314 0 73
441 45463 41 1 45504 0 41
63 45554 68 2 45622 0 68
165 45469 87 3 45659 103 190
71 45473 92 2 45751 186 278
306 45768 30 2 45798 0 30
746 45917 45 3 45962 0 45
288 46097 55 2 46152 0 55
919 46201 33 3 46234 0 33
376 46193 66 4 46292 33 99
929 46405 58 4 46463 0 58
706 46393 75 4 46526 58 133
690 46448 85 4 46611 78 163
368 46563 88 2 46699 48 136
244 46896 86 4 46982 0 86
56 47056 94 3 47150 0 94
957 47215 85 3 47300 0 85
212 47408 54 4 47462 0 54
888 47359 81 4 47494 54 135
260 47266 86 4 47521 169 255
247 47509 90 4 47611 12 102
934 47817 79 4 47896 0 79
39 47971 45 4 48016 0 45
913 47959 71 3 48075 45 116
235 47854 84 3 48096 158 242
612 48119 87 3 48206 0 87
748 48267 65 2 48332 0 65
487 48354 35 4 48389 0 35
963 48393 55 4 48448 0 55
398 48215 81 4 48451 155 236
74 48455 74 3 48529 0 74
886 47952 99 2 48592 541 640
168 48636 62 4 48698 0 62
582 48840 48 4 48888 0 48
280 48881 85 4 49006 40 125
102 48940 85 4 49058 33 118
394 48785 99 3 49102 218 317
992 49419 51 1 49470 0 51
362 49779 57 4 49836 0 57
419 49682 98 3 49837 57 155
446 49900 39 4 49939 0 39
263 49982 83 3 50065 0 83
239 50152 98 1 50250 0 98
979 50294 77 3 50371 0 77
295 50383 49 3 50432 0 49
503 50258 91 3 50475 126 217
630 50595 25 4 50620 0 25
255 50660 82 4 50742 0 82
328 50752 39 4 50791 0 39
912 50887 61 2 50948 0 61
652 50982 56 4 51038 0 56
855 50872 83 3 51072 117 200
456 50803 92 3 51095 200 292
252 51102 87 4 51189 0 87
884 51207 77 4 51284 0 77
85 50941 94 2 51353 318 412
429 51406 63 2 51469 0 63
145 51650 61 3 51711 0 61
704 51604 90 1 51755 61 151
590 51575 92 4 51818 151 243
691 51822 91 3 51913 0 91
576 51495 96 4 51925 334 430
259 51934 70 4 52004 0 70
463 52085 69 3 52154 0 69
724 52147 92 4 52246 7 99
596 52308 97 2 52405 0 97
985 52439 84 3 52523 0 84
548 52311 97 1 52586 178 275
998 52862 55 3 52917 0 55
662 52947 41 2 52988 0 41
599 52931 87 2 53059 41 128
340 53083 80 2 53163 0 80
330 53175 37 3 53212 0 37
798 53228 40 4 53268 0 40
575 53170 59 3 53306 77 136
120 53272 70 2 53376 34 104
407 53283 78 4 53454 93 171
819 53189 79 2 53533 265 344
308 53592 48 2 53640 0 48
500 53613 56 1 53696 27 83
672 53462 83 4 53720 175 258
245 52953 89 3 53778 736 825
861 53865 51 4 53916 0 51
891 54013 48 3 54061 0 48
982 54002 54 3 54104 48 102
791 54147 79 4 54226 0 79
375 54204 87 4 54313 22 109
757 54357 44 1 54401 0 44
156 54090 87 2 54401 224 311
785 53877 89 3 54404 438 527
199 53972 91 2 54495 432 523
851 53007 94 4 54502 1401 1495
428 54677 64 2 54741 0 64
48 53298 94 3 54753 1361 1455
723 54293 94 3 54754 367 461
481 54844 68 4 54912 0 68
742 54980 70 3 55050 0 70
738 54972 78 3 55120 70 148
766 54858 86 3 55226 282 368
132 54918 86 3 55232 228 314
941 55362 43 4 55405 0 43
468 55323 86 2 55452 43 129
564 55488 93 4 55581 0 93
729 55399 94 4 55639 146 240
94 54936 96 4 55644 612 708
506 55723 71 3 55794 0 71
862 55908 78 2 55986 0 78
226 55862 92 4 56032 78 170
885 56044 81 3 56125 0 81
759 56122 92 2 56217 3 95
1000 56275 80 3 56355 0 80
859 56370 94 2 56464 0 94
822 55978 96 4 56475 401 497
250 56666 86 3 56752 0 86
834 56596 90 2 56772 86 176
393 56893 64 4 56957 0 64
232 57102 68 2 57170 0 68
984 57095 82 4 57245 68 150
153 57248 68 4 57316 0 68
546 57185 98 4 57411 128 226
189 57706 72 4 57778 0 72
442 57687 75 3 57890 128 203
147 57736 75 3 57909 98 173
894 57915 83 4 57998 0 83
100 58021 76 3 58097 0 76
360 58146 65 4 58211 0 65
771 58181 72 3 58283 30 102
627 58037 85 1 58319 197 282
594 57715 89 4 58379 575 664
655 58427 80 4 58507 0 80
176 58222 99 4 58558 237 336
841 58887 74 1 58961 0 74
356 59019 48 4 59067 0 48
4 59013 58 3 59119 48 106
208 59155 29 4 59184 0 29
68 58988 66 2 59189 135 201
370 59148 82 3 59271 41 123
313 59454 53 3 59507 0 53
966 59548 29 4 59577 0 29
141 59574 72 3 59649 3 75
511 59426 84 1 59664 154 238
976 59688 53 3 59741 0 53
721 59676 63 4 59792 53 116
390 59470 90 3 59870 310 400
585 59345 94 4 59883 444 538
781 59863 97 3 59980 20 117
980 59291 98 4 60024 635 733
377 59000 99 2 60103 1004 1103
364 60200 66 3 60266 0 66
953 60197 82 4 60345 66 148
186 60371 83 4 60454 0 83
160 60467 67 4 60534 0 67
126 60611 78 4 60689 0 78
680 60522 81 1 60693 90 171
431 60435 85 2 60765 245 330
367 60821 40 1 60861 0 40
682 60238 90 3 60869 541 631
879 60913 65 4 60978 0 65
697 60925 65 1 61043 53 118
79 60915 69 2 61112 128 197
804 60960 85 1 61197 152 237
570 60931 87 3 61284 266 353
222 61121 90 4 61374 163 253
361 61448 58 4 61506 0 58
475 60943 90 2 61522 489 579
167 61561 58 3 61619 0 58
685 61559 63 3 61680 58 121
809 61544 66 3 61731 121 187
828 61763 84 2 61847 0 84
560 61568 84 1 61899 247 331
331 61759 88 3 61987 140 228
225 60771 92 3 62013 1150 1242
874 60804 96 4 62109 1209 1305
467 60948 99 3 62208 1161 1260
275 62293 51 3 62344 0 51
632 62386 42 1 62428 0 42
96 62335 96 2 62482 51 147
219 60349 99 1 62496 2048 2147
703 59772 100 4 62502 2630 2730
730 62568 80 3 62648 0 80
60 62617 83 4 62731 31 114
478 62613 90 4 62821 118 208
423 62871 58 4 62929 0 58
639 63125 79 3 63204 0 79
192 63276 50 3 63326 0 50
19 63272 71 3 63393 50 121
686 63407 51 2 63458 0 51
536 63215 85 4 63472 172 257
41 63517 72 2 63589 0 72
65 63154 86 3 63619 379 465
772 63208 93 3 63712 411 504
579 63753 67 3 63820 0 67
551 63843 80 4 63923 0 80
283 63956 52 4 64008 0 52
914 63983 58 4 64066 25 83
83 64098 77 4 64175 0 77
797 63948 84 4 64219 187 271
191 63739 86 4 64243 418 504
602 63824 87 4 64330 419 506
350 64339 84 4 64423 0 84
514 64320 93 3 64507 94 187
644 64105 96 1 64603 402 498
8 63184 98 2 64674 1392 1490
881 64814 63 4 64877 0 63
969 64922 73 3 64995 0 73
381 64813 96 1 65045 136 232
944 64771 97 3 65100 232 329
223 63363 98 1 65101 1640 1738
44 65192 35 2 65227 0 35
587 64927 99 1 65235 209 308
780 65268 93 1 65361 0 93
243 64357 100 3 65428 971 1071
299 65604 78 3 65682 0 78
64 65726 46 1 65772 0 46
342 65685 54 4 65785 46 100
887 65693 65 2 65850 92 157
701 65847 76 2 65926 3 79
82 65947 79 3 66026 0 79
497 66044 72 4 66116 0 72
641 65822 99 4 66176 255 354
281 66235 73 2 66308 0 73
505 66351 64 3 66415 0 64
847 66237 79 4 66451 135 214
939 66312 80 3 66531 139 219
960 66211 80 2 66643 352 432
369 66654 43 4 66697 0 43
598 66324 80 2 66710 306 386
162 66751 86 4 66837 0 86
728 66719 96 4 66901 86 182
209 66997 57 4 67054 0 57
962 66937 83 4 67077 57 140
810 66950 98 4 67175 127 225
319 66298 98 2 67228 832 930
11 66855 98 1 67326 373 471
256 67391 48 4 67439 0 48
866 67453 62 2 67515 0 62
290 67380 91 4 67581 110 201
410 67598 86 3 67684 0 86
30 67685 57 1 67742 0 57
310 67747 51 4 67798 0 51
584 67883 42 4 67925 0 42
554 67687 91 3 67926 148 239
648 67977 62 1 68039 0 62
643 68008 82 3 68121 31 113
906 67763 91 2 68161 307 398
304 68202 51 4 68253 0 51
389 67953 92 4 68304 259 351
465 67331 92 1 68329 906 998
66 68409 52 4 68461 0 52
202 68421 64 4 68525 40 104
229 67777 94 4 68539 668 762
221 68630 86 4 68716 0 86
432 67824 96 4 68721 801 897
50 67385 97 4 68818 1336 1433
899 68858 82 4 68940 0 82
552 68918 91 2 69031 22 113
6 69113 84 4 69197 0 84
534 69314 57 4 69371 0 57
91 69255 65 3 69377 57 122
750 69378 69 4 69447 0 69
408 69202 70 4 69463 191 261
365 69304 72 2 69535 159 231
325 69599 29 1 69628 0 29
719 69395 78 4 69642 169 247
789 69676 30 4 69706 0 30
609 69657 59 4 69746 30 89
271 69753 62 2 69815 0 62
945 69772 64 2 69879 43 107
378 69777 75 3 69954 102 177
227 69918 78 4 70032 36 114
737 69480 80 2 70090 530 610
936 70105 41 3 70146 0 41
32 70164 68 3 70232 0 68
836 69097 90 3 70268 1081 1171
821 70347 52 3 70399 0 52
649 70450 42 4 70492 0 42
523 70368 76 4 70517 73 149
385 70531 77 4 70608 0 77
292 70676 66 1 70742 0 66
493 70564 82 4 70756 110 192
248 70832 61 1 70893 0 61
337 70566 82 3 70899 251 333
640 70283 84 2 70905 538 622
301 70907 68 3 70975 0 68
18 70999 60 3 71059 0 60
210 71067 40 4 71107 0 40
925 71135 59 4 71194 0 59
383 71035 69 2 71227 123 192
972 71235 64 4 71299 0 64
58 71273 70 4 71369 26 96
745 71372 59 1 71431 0 59
384 70331 86 3 71480 1063 1149
450 71576 91 4 71667 0 91
122 71733 59 3 71792 0 59
16 71376 92 3 71814 346 438
175 71039 92 3 71814 683 775
228 69324 92 3 71891 2475 2567
715 71904 24 3 71928 0 24
875 69403 93 4 72008 2512 2605
606 72042 38 4 72080 0 38
803 72187 80 4 72267 0 80
101 72274 71 3 72345 0 71
345 70685 94 4 72385 1606 1700
815 69797 94 4 72385 2494 2588
344 69069 95 3 72452 3288 3383
865 72518 53 2 72571 0 53
618 72456 62 3 72571 53 115
193 72495 88 2 72659 76 164
302 72709 67 3 72776 0 67
876 72763 84 3 72860 13 97
46 72894 73 2 72967 0 73
213 72746 87 4 73073 240 327
480 72963 87 4 73107 57 144
877 71267 95 2 73148 1786 1881
829 73278 70 4 73348 0 70
388 73313 75 4 73423 35 110
895 73312 80 4 73583 191 271
716 73368 80 4 73583 135 215
462 73551 91 1 73674 32 123
466 72026 98 4 73740 1616 1714
908 70739 98 4 73740 2903 3001
975 70072 98 1 73838 3668 3766
195 68370 99 4 73881 5412 5511
339 73898 60 1 73958 0 60
183 73963 41 4 74004 0 41
251 74053 55 3 74108 0 55
996 74104 56 3 74164 4 60
253 74177 70 4 74247 0 70
846 74391 32 3 74423 0 32
80 74334 61 4 74427 32 93
42 74302 65 4 74460 93 158
379 74149 71 3 74463 243 314
823 74295 81 4 74544 168 249
515 74229 90 4 74634 315 405
574 74715 61 4 74776 0 61
279 74762 78 4 74854 14 92
286 74637 85 4 74861 139 224
422 74195 90 3 74948 663 753
104 74951 45 3 74996 0 45
204 75039 75 2 75114 0 75
816 75134 46 4 75180 0 46
610 75151 60 4 75240 29 89
580 75123 69 3 75298 106 175
146 74995 89 4 75335 251 340
61 75475 48 4 75523 0 48
391 74728 91 4 75561 742 833
457 74925 91 4 75562 546 637
187 75667 44 2 75711 0 44
472 75672 50 4 75761 39 89
539 75633 66 2 75793 94 160
663 75808 40 1 75848 0 40
240 75802 65 4 75907 40 105
269 76045 41 2 76086 0 41
568 76000 53 4 76094 41 94
531 76068 57 3 76151 26 83
140 75950 58 4 76159 151 209
733 75857 73 4 76189 259 332
163 76274 64 4 76338 0 64
595 76437 53 3 76490 0 53
880 76368 71 4 76492 53 124
405 76524 49 4 76573 0 49
893 76520 68 3 76637 49 117
78 76326 74 2 76653 253 327
677 76214 75 3 76668 379 454
447 76695 46 1 76741 0 46
172 75782 76 2 76756 898 974
406 76058 77 1 76833 698 775
214 76922 36 2 76958 0 36
109 76897 46 4 76979 36 82
522 75777 78 3 76993 1138 1216
592 77002 50 3 77052 0 50
922 76268 80 4 77123 775 855
188 77222 75 2 77297 0 75
527 77154 79 4 77308 75 154
246 77374 65 1 77439 0 65
114 77497 35 4 77532 0 35
767 77493 42 2 77570 35 77
257 76370 80 2 77579 1129 1209
768 76445 80 2 77579 1054 1134
860 77596 47 4 77643 0 47
43 77763 65 4 77828 0 65
430 77862 47 3 77909 0 47
764 77746 74 4 77932 112 186
499 77954 53 1 78007 0 53
656 77697 81 4 78017 239 320
92 77786 82 4 78099 231 313
671 76921 83 4 78111 1107 1190
954 78124 53 3 78177 0 53
615 78111 83 4 78247 53 136
399 78110 84 2 78331 137 221
97 76835 86 4 78417 1496 1582
314 77607 86 3 78503 810 896
236 78673 78 4 78751 0 78
940 78614 80 4 78772 78 158
628 78700 83 3 78855 72 155
935 78887 60 2 78947 0 60
890 78851 89 4 79004 64 153
136 75800 89 3 79071 3182 3271
753 75740 89 3 79071 3242 3331
773 75659 90 2 79161 3412 3502
902 75374 92 4 79274 3808 3900
812 75120 92 4 79274 4062 4154
977 79288 57 4 79345 0 57
743 79403 55 4 79458 0 55
418 78667 93 3 79479 719 812
341 79566 36 2 79602 0 36
892 79560 49 4 79645 36 85
673 79523 70 4 79678 85 155
25 79700 64 1 79764 0 64
942 79813 56 2 79869 0 56
473 79669 86 2 79884 129 215
638 76303 93 2 79933 3537 3630
837 79941 73 2 80014 0 73
494 80021 39 4 80060 0 39
783 75580 94 1 80139 4465 4559
440 80157 77 3 80234 0 77
974 80249 82 4 80331 0 82
224 80380 67 3 80447 0 67
453 80564 59 4 80623 0 59
802 80507 69 1 80635 59 128
607 80460 74 4 80662 128 202
565 80358 79 4 80706 269 348
420 80856 66 4 80922 0 66
52 80969 53 4 81022 0 53
38 80905 71 1 81046 70 141
660 80839 76 3 81105 190 266
817 81157 70 3 81227 0 70
273 81245 47 4 81292 0 47
498 81318 33 4 81351 0 33
623 81281 63 4 81388 44 107
642 81401 50 3 81451 0 50
995 81452 43 4 81495 0 43
142 81474 64 4 81559 21 85
316 81343 69 4 81614 202 271
911 81234 69 2 81672 369 438
987 81739 38 4 81777 0 38
601 81681 68 3 81787 38 106
918 81752 73 2 81860 35 108
312 81962 69 3 82031 0 69
37 81910 72 1 82051 69 141
629 81568 74 4 82066 424 498
933 80958 77 2 82084 1049 1126
353 81416 77 1 82161 668 745
586 82223 38 3 82261 0 38
698 80897 78 4 82277 1302 1380
605 81005 78 3 82433 1350 1428
778 81684 78 3 82433 671 749
471 80786 81 4 82461 1594 1675
518 82580 54 1 82634 0 54
541 82645 29 4 82674 0 29
161 82668 44 4 82718 6 50
315 82730 59 1 82789 0 59
95 82535 76 4 82797 186 262
135 82373 82 2 82805 350 432
666 80537 84 3 82809 2188 2272
395 82990 42 4 83032 0 42
758 83010 52 4 83084 22 74
33 82998 70 4 83154 86 156
274 82966 77 3 83207 164 241
869 83146 78 1 83285 61 139
614 81215 85 2 83297 1997 2082
426 82258 85 2 83298 955 1040
24 81227 87 3 83385 2071 2158
973 83407 64 3 83471 0 64
40 83520 69 4 83589 0 69
561 83628 41 2 83669 0 41
93 83649 63 4 83732 20 83
525 83503 75 2 83751 173 248
238 83800 58 1 83858 0 58
194 83813 68 2 83926 45 113
59 83695 77 3 83954 182 259
62 83659 86 4 84040 295 381
818 83531 86 3 84126 509 595
699 80761 88 4 84160 3311 3399
324 84212 26 4 84238 0 26
338 84241 44 4 84285 0 44
159 81784 88 2 84318 2446 2534
840 84334 72 2 84406 0 72
458 84494 55 3 84549 0 55
23 84521 59 2 84608 28 87
864 84461 62 3 84637 114 176
84 84643 50 3 84693 0 50
355 84725 72 3 84797 0 72
81 84759 75 4 84872 38 113
624 84686 76 4 84916 154 230
276 84952 60 4 85012 0 60
216 84984 66 3 85078 28 94
99 80244 89 4 85079 4746 4835
371 85100 64 3 85164 0 64
477 85210 80 3 85290 0 80
665 85095 83 2 85322 144 227
103 85366 75 4 85441 0 75
857 85458 52 4 85510 0 52
917 85486 78 4 85588 24 102
484 85607 56 4 85663 0 56
997 85371 86 4 85713 256 342
762 85280 86 3 85755 389 475
76 82428 89 4 85771 3254 3343
668 85879 62 4 85941 0 62
549 85960 55 4 86015 0 55
72 85891 69 3 86065 105 174
287 85900 81 4 86146 165 246
532 85816 87 2 86170 267 354
444 81805 89 1 86214 4320 4409
784 86249 66 1 86315 0 66
435 86448 69 3 86517 0 69
347 86412 82 1 86563 69 151
139 86577 28 4 86605 0 28
490 86377 89 3 86645 179 268
872 86709 64 4 86773 0 64
54 86846 56 2 86902 0 56
835 86804 66 4 86926 56 122
439 86878 75 1 87001 48 123
173 86683 83 3 87027 261 344
317 87041 61 4 87102 0 61
930 84519 90 4 87133 2524 2614
171 86143 90 4 87133 900 990
329 87157 67 1 87224 0 67
510 87238 78 2 87316 0 78
311 87370 84 3 87454 0 84
372 87469 48 4 87517 0 48
726 87508 69 3 87586 9 78
566 87547 74 4 87660 39 113
747 87711 27 4 87738 0 27
620 87661 50 2 87738 27 77
637 87560 85 1 87822 177 262
928 87910 54 2 87964 0 54
679 87879 68 3 88001 54 122
197 88018 56 4 88074 0 56
415 87972 73 3 88130 85 158
882 87817 89 4 88162 256 345
305 88185 44 1 88229 0 44
115 88193 57 4 88286 36 93
321 88170 60 4 88331 101 161
603 88359 55 4 88414 0 55
946 88181 71 3 88457 205 276
907 88517 70 3 88587 0 70
495 87990 90 4 88609 529 619
443 87830 90 2 88699 779 869
717 88760 76 3 88836 0 76
681 88842 79 3 88921 0 79
134 84545 90 1 88927 4292 4382
169 85091 90 1 88927 3746 3836
572 88955 53 4 89008 0 53
87 89070 23 3 89093 0 23
508 89110 32 4 89142 0 32
230 89101 66 3 89199 32 98
827 89015 67 1 89203 121 188
143 89256 38 3 89294 0 38
403 89172 73 4 89314 69 142
300 89421 76 4 89497 0 76
814 89375 83 4 89534 76 159
970 89039 84 4 89557 434 518
647 89597 89 4 89686 0 89
905 89773 61 3 89834 0 61
5 89731 71 3 89863 61 132
542 89880 32 3 89912 0 32
964 89947 28 4 89975 0 28
438 90002 52 3 90054 0 52
309 90058 36 4 90094 0 36
343 89991 56 1 90135 88 144
626 90005 62 3 90197 130 192
157 90260 57 2 90317 0 57
138 90239 76 4 90372 57 133
949 90084 80 3 90410 246 326
845 90580 52 2 90632 0 52
137 90526 76 4 90654 52 128
808 90456 78 3 90662 128 206
413 90665 65 1 90730 0 65
264 90048 84 4 90765 633 717
234 89843 85 3 90782 854 939
708 90846 45 2 90891 0 45
13 90823 63 3 90931 45 108
540 90935 58 3 90993 0 58
600 91015 51 3 91066 0 51
959 91005 58 1 91114 51 109
617 90964 65 3 91167 138 203
889 91215 66 4 91281 0 66
149 91301 58 4 91359 0 58
427 91335 63 4 91422 24 87
873 91369 66 1 91488 53 119
611 90946 72 4 91492 474 546
464 91521 46 4 91567 0 46
868 91511 49 2 91606 46 95
108 91549 54 4 91660 57 111
357 91735 46 3 91781 0 46
404 91722 57 4 91825 46 103
148 91564 63 3 91826 199 262
904 91829 49 3 91878 0 49
848 91903 45 3 91948 0 45
734 91943 48 4 91996 5 53
694 91548 70 4 92038 420 490
293 92119 67 3 92186 0 67
831 92239 63 3 92302 0 63
832 92308 48 2 92356 0 48
786 92360 49 1 92409 0 49
799 91653 75 2 92420 692 767
320 91665 75 2 92420 680 755
110 92330 75 2 92490 85 160
449 92505 61 3 92566 0 61
272 92626 38 3 92664 0 38
346 92590 68 2 92696 38 106
535 92344 77 4 92734 313 390
948 92400 79 4 92813 334 413
765 92852 55 4 92907 0 55
833 92716 80 1 92948 152 232
667 92949 69 2 93018 0 69
268 91607 82 4 93181 1492 1574
811 92224 82 4 93181 875 957
519 92259 83 2 93264 922 1005
739 91818 84 3 93348 1446 1530
285 93425 74 4 93499 0 74
843 92858 85 2 93507 564 649
67 93518 70 4 93588 0 70
870 93596 72 1 93668 0 72
105 93675 46 4 93721 0 46
207 93763 42 4 93805 0 42
151 93901 23 4 93924 0 23
651 93846 55 4 93924 23 78
125 93751 58 2 93929 120 178
249 93701 59 4 93958 198 257
625 93887 74 3 94032 71 145
303 93726 76 3 94108 306 382
790 93634 83 2 94184 467 550
853 92594 86 4 94251 1571 1657
220 94277 63 4 94340 0 63
619 91814 87 4 94401 2500 2587
578 94433 48 3 94481 0 48
938 94529 54 4 94583 0 54
486 94560 62 1 94645 23 85
51 94586 66 2 94711 59 125
349 94633 68 4 94779 78 146
779 94455 80 2 94811 276 356
883 94871 55 4 94926 0 55
107 94900 72 2 94998 26 98
794 94466 85 3 95023 472 557
203 95070 35 4 95105 0 35
709 95067 66 3 95168 35 101
608 95178 72 4 95250 0 72
965 95330 37 1 95367 0 37
852 95274 60 3 95371 37 97
387 90362 87 2 95409 4960 5047
262 90923 87 2 95536 4526 4613
434 90963 87 2 95539 4489 4576
645 92250 87 2 95545 3208 3295
469 89921 88 3 95633 5624 5712
727 95700 59 4 95759 0 59
813 92642 88 2 95780 3050 3138
21 95817 69 4 95886 0 69
200 95995 55 3 96050 0 55
492 90963 89 4 96082 5030 5119
924 93040 89 4 96082 2953 3042
696 96168 68 4 96236 0 68
971 90240 90 4 96240 5910 6000
460 96291 55 1 96346 0 55
932 96293 75 1 96421 53 128
127 96266 82 2 96478 130 212
896 93274 90 3 96542 3178 3268
354 96547 61 4 96608 0 61
55 96545 78 3 96684 61 139
722 96753 41 4 96794 0 41
839 96918 81 4 96999 0 81
382 97042 57 3 97099 0 57
10 96908 83 4 97129 138 221
294 97184 75 3 97259 0 75
326 90212 90 2 97288 6986 7076
474 92626 90 2 97288 4572 4662
154 91690 90 2 97288 5508 5598
111 97349 84 3 97433 0 84
190 97490 50 3 97540 0 50
504 97500 53 3 97593 40 93
661 97459 55 3 97617 103 158
967 97602 69 4 97686 15 84
867 97748 40 4 97788 0 40
386 97593 80 3 97806 133 213
920 97505 81 4 97887 301 382
674 97692 84 4 97971 195 279
124 98025 40 2 98065 0 40
75 98102 32 4 98134 0 32
179 98016 64 4 98152 72 136
731 98100 78 4 98230 52 130
593 97350 84 2 98243 809 893
448 97831 84 1 98327 412 496
955 97515 86 4 98413 812 898
358 98444 45 4 98489 0 45
47 98441 79 3 98565 45 124
760 97408 87 4 98624 1129 1216
958 97778 87 3 98711 846 933
571 98712 85 4 98797 0 85
675 98841 84 4 98925 0 84
433 98942 68 4 99010 0 68
402 99060 30 4 99090 0 30
501 99058 39 3 99127 30 69
45 99090 55 4 99182 37 92
807 98926 77 3 99195 192 269
529 99197 61 4 99258 0 61
693 98246 87 2 99297 964 1051
569 98556 90 2 99387 741 831
1 99428 41 4 99469 0 41
769 99515 55 3 99570 0 55
70 99534 60 4 99630 36 96
830 87579 91 4 99643 11973 12064
166 81065 91 4 99742 18586 18677
36 99789 36 2 99825 0 36
323 99783 57 3 99876 36 93
664 99885 44 3 99929 0 44
588 99933 51 3 99984 0 51
98 99851 61 1 100032 120 181
131 99901 68 4 100100 131 199
710 99879 77 3 100177 221 298
318 88224 91 4 100188 11873 11964
707 95371 91 4 100211 4749 4840
763 81535 91 4 100211 18585 18676
17 80830 91 3 100302 19381 19472
793 80177 91 1 100464 20196 20287
921 88042 91 1 100474 12341 12432
589 89335 92 4 100658 11231 11323
591 91857 92 4 100658 8709 8801
756 90607 92 3 101118 10419 10511
968 83235 92 3 101118 17791 17883
931 83326 92 3 101118 17700 17792
669 93886 92 3 101118 7140 7232
414 85096 92 3 101118 15930 16022
88 83519 92 2 101302 17691 17783
562 87232 92 2 101302 13978 14070
266 95409 93 4 101395 5893 5986
983 88278 93 3 101581 13210 13303
233 88733 93 3 101581 12755 12848
775 84769 93 2 101674 16812 16905
718 90296 94 4 101862 11472 11566
400 96080 94 4 101862 5688 5782
333 96369 94 4 102050 5587 5681
720 93404 94 4 102050 8552 8646
581 89003 94 3 102238 13141 13235
86 86415 94 3 102238 15729 15823
206 94973 94 1 102426 7359 7453
90 88109 94 1 102426 14223 14317
774 95636 95 4 102806 7075 7170
509 89446 95 4 102806 13265 13360
27 85454 95 4 102806 17257 17352
557 82215 95 4 102806 20496 20591
291 87210 95 3 102901 15596 15691
978 77084 95 2 102978 25799 25894
901 92830 96 4 103266 10340 10436
533 99163 96 4 103266 4007 4103
795 84681 96 4 103266 18489 18585
705 78295 96 3 103555 25164 25260
158 99174 96 3 103555 4285 4381
604 93204 96 3 103555 10255 10351
366 95604 96 3 104033 8333 8429
34 78501 96 3 104034 25437 25533
825 87395 96 3 104034 16543 16639
878 82339 96 3 104034 21599 21695
897 86235 96 3 104034 17703 17799
129 89761 96 2 104130 14273 14369
182 74755 97 4 104324 29472 29569
567 96518 97 4 104324 7709 7806
177 80969 97 3 104518 23452 23549
307 77391 97 3 104518 27030 27127
2 89430 97 3 104615 15088 15185
650 99190 97 2 104906 5619 5716
805 94376 97 2 104906 10433 10530
711 96049 97 2 104906 8760 8857
990 81417 97 1 105100 23586 23683
961 86624 97 1 105100 18379 18476
507 77835 98 4 105492 27559 27657
740 92526 98 4 105492 12868 12966
521 87434 98 4 105492 17960 18058
218 80548 98 4 105492 24846 24944
573 81892 98 3 105688 23698 23796
397 77836 98 3 105688 27754 27852
776 76448 98 2 105786 29240 29338
15 88356 98 1 105884 17430 17528
363 71637 99 4 105903 34167 34266
116 99926 99 4 106088 6063 6162
754 93486 99 4 106088 12503 12602
613 90381 99 2 106187 15707 15806
277 76154 100 4 106287 30033 30133
712 87817 100 3 106387 18470 18570
297 81279 100 2 106587 25208 25308
538 73108 100 2 106587 33379 33479
956 68351 100 1 106687 38236 38336
