100346 1000 121 73
504 3171 58 4 3229 0 58
736 6638 69 4 6707 0 69
950 7586 43 1 7629 0 43
695 8720 48 1 8768 0 48
87 8833 66 1 8899 0 66
184 9150 25 4 9175 0 25
657 9938 35 4 9973 0 35
733 10282 36 4 10318 0 36
1 10348 71 4 10419 0 71
393 12722 50 4 12772 0 50
418 12800 30 4 12830 0 30
366 13021 20 4 13041 0 20
597 13465 52 3 13517 0 52
715 14477 41 4 14518 0 41
403 14914 36 2 14950 0 36
485 15176 50 2 15226 0 50
378 15436 35 4 15471 0 35
627 15499 72 4 15571 0 72
613 15671 26 3 15697 0 26
593 15888 32 4 15920 0 32
526 16149 20 2 16169 0 20
578 16213 51 4 16264 0 51
350 17183 29 4 17212 0 29
186 17703 30 3 17733 0 30
74 18253 47 4 18300 0 47
863 18348 40 2 18388 0 40
716 18460 21 1 18481 0 21
105 18576 37 4 18613 0 37
908 19099 38 4 19137 0 38
743 19477 27 4 19504 0 27
313 19476 61 3 19564 27 88
895 19593 36 1 19629 0 36
777 20100 62 3 20162 0 62
290 20283 88 2 20371 0 88
247 21088 31 3 21119 0 31
141 21259 25 4 21284 0 25
441 21333 72 4 21405 0 72
856 21436 53 4 21489 0 53
64 21498 57 3 21555 0 57
159 21574 78 4 21652 0 78
820 21920 54 2 21974 0 54
664 22145 82 4 22227 0 82
381 22591 46 3 22637 0 46
20 22644 28 3 22672 0 28
765 22736 21 3 22757 0 21
725 22962 86 3 23048 0 86
514 23332 37 4 23369 0 37
315 23268 76 4 23381 37 113
924 23405 55 2 23460 0 55
849 23816 73 1 23889 0 73
253 23976 42 2 24018 0 42
475 24203 81 3 24284 0 81
60 24436 48 1 24484 0 48
520 24489 58 3 24547 0 58
213 24558 58 3 24616 0 58
83 24841 26 2 24867 0 26
67 25126 24 3 25150 0 24
945 25203 59 1 25262 0 59
316 25315 79 2 25394 0 79
790 25402 34 3 25436 0 34
795 25545 38 3 25583 0 38
982 25820 52 3 25872 0 52
944 25766 55 4 25873 52 107
918 26309 46 4 26355 0 46
466 26233 92 4 26371 46 138
92 26958 33 2 26991 0 33
407 27260 44 4 27304 0 44
236 27300 61 3 27365 4 65
762 27702 44 2 27746 0 44
611 28079 79 4 28158 0 79
261 28347 21 2 28368 0 21
345 28539 22 4 28561 0 22
427 28750 47 4 28797 0 47
645 28878 87 2 28965 0 87
322 29038 68 4 29106 0 68
549 29317 68 4 29385 0 68
686 29783 24 3 29807 0 24
754 29800 47 3 29854 7 54
689 29902 25 4 29927 0 25
748 29891 27 3 29943 25 52
729 30068 24 4 30092 0 24
453 30055 35 4 30114 24 59
542 30000 78 4 30137 59 137
552 30191 40 4 30231 0 40
984 30242 29 3 30271 0 29
15 30525 47 3 30572 0 47
274 30955 40 2 30995 0 40
968 31383 63 3 31446 0 63
311 31464 47 2 31511 0 47
506 31532 30 3 31562 0 30
413 31525 42 3 31597 30 72
411 31516 45 4 31633 72 117
616 31394 81 1 31691 216 297
306 31935 53 4 31988 0 53
235 31953 69 4 32057 35 104
99 32084 33 4 32117 0 33
301 32306 42 4 32348 0 42
976 32290 76 2 32408 42 118
511 32238 88 2 32444 118 206
639 32581 26 4 32607 0 26
789 32779 28 2 32807 0 28
517 32795 49 3 32856 12 61
857 32793 63 4 32919 63 126
257 33074 35 4 33109 0 35
354 33519 35 2 33554 0 35
625 33485 38 4 33558 35 73
136 33609 47 4 33656 0 47
250 33720 25 3 33745 0 25
195 33628 65 1 33746 53 118
198 33708 71 3 33817 38 109
887 33886 75 4 33961 0 75
679 34039 24 2 34063 0 24
687 34084 34 4 34118 0 34
677 34070 60 4 34164 34 94
181 34177 30 2 34207 0 30
192 34700 33 3 34733 0 33
929 34736 33 3 34769 0 33
995 34700 52 4 34818 66 118
546 34831 63 3 34894 0 63
303 35116 51 4 35167 0 51
327 35381 38 4 35419 0 38
522 35484 83 4 35567 0 83
936 35574 23 3 35597 0 23
505 35621 25 2 35646 0 25
243 35512 99 3 35714 103 202
111 36012 61 4 36073 0 61
803 36122 38 2 36160 0 38
146 36006 63 3 36168 99 162
990 36360 43 1 36403 0 43
970 36838 33 4 36871 0 33
431 37110 39 2 37149 0 39
699 37064 50 4 37153 39 89
395 36993 97 4 37179 89 186
567 37207 40 1 37247 0 40
42 37428 53 4 37481 0 53
45 37628 31 2 37659 0 31
903 37837 24 4 37861 0 24
130 37893 66 4 37959 0 66
498 38086 24 3 38110 0 24
832 38211 64 3 38275 0 64
672 38694 24 4 38718 0 24
227 38677 64 4 38765 24 88
283 38904 36 1 38940 0 36
202 39236 61 3 39297 0 61
294 39421 29 4 39450 0 29
652 39501 32 1 39533 0 32
359 39532 36 2 39569 1 37
386 39639 53 2 39692 0 53
277 39720 27 1 39747 0 27
878 39803 23 3 39826 0 23
825 39768 46 4 39837 23 69
884 39638 79 4 39866 149 228
249 40065 42 3 40107 0 42
52 40198 25 3 40223 0 25
390 40409 36 2 40445 0 36
38 40392 53 1 40481 36 89
47 40504 38 3 40542 0 38
58 40480 56 3 40575 39 95
919 40467 68 1 40643 108 176
252 40660 83 3 40743 0 83
127 40767 31 3 40798 0 31
180 40799 44 1 40843 0 44
224 40404 97 3 40898 397 494
609 41228 29 2 41257 0 29
182 41464 34 4 41498 0 34
796 41420 52 4 41506 34 86
55 41401 55 3 41542 86 141
848 41565 42 4 41607 0 42
349 41521 68 1 41652 63 131
22 41703 31 1 41734 0 31
206 41665 55 4 41751 31 86
913 41689 57 1 41808 62 119
721 41420 72 3 41867 375 447
516 41939 57 4 41996 0 57
318 41739 74 3 41998 185 259
529 42224 82 3 42306 0 82
331 42342 37 1 42379 0 37
592 42351 54 1 42433 28 82
172 42381 56 4 42489 52 108
120 42524 57 4 42581 0 57
999 42645 42 2 42687 0 42
871 42660 58 3 42745 27 85
50 42537 81 2 42762 144 225
885 42922 37 3 42959 0 37
665 43019 66 4 43085 0 66
445 42956 67 1 43092 69 136
298 43204 32 2 43236 0 32
285 43413 71 1 43484 0 71
114 43548 32 3 43580 0 32
670 43603 52 4 43655 0 52
154 43568 52 3 43684 64 116
478 44007 45 4 44052 0 45
30 44162 72 2 44234 0 72
226 44270 40 4 44310 0 40
464 44252 51 3 44343 40 91
940 44168 94 4 44419 157 251
707 44579 21 1 44600 0 21
986 44634 21 3 44655 0 21
201 44712 50 4 44762 0 50
137 44650 89 4 44794 55 144
189 44846 33 2 44879 0 33
482 44836 42 4 44911 33 75
579 44868 47 3 44958 43 90
89 44849 79 3 45037 109 188
773 45114 37 2 45151 0 37
268 45093 56 3 45186 37 93
615 45214 20 3 45234 0 20
766 45395 33 3 45428 0 33
385 45656 24 3 45680 0 24
502 45642 25 1 45691 24 49
655 45671 50 4 45741 20 70
365 45795 54 4 45849 0 54
960 45852 46 1 45898 0 46
379 46049 27 3 46076 0 27
899 46019 70 4 46116 27 97
399 46165 39 4 46204 0 39
422 46030 87 3 46242 125 212
167 46291 32 4 46323 0 32
512 46344 57 4 46401 0 57
865 46408 79 3 46487 0 79
97 46673 63 3 46736 0 63
737 46828 39 4 46867 0 39
286 46913 31 4 46944 0 31
551 46895 51 1 46977 31 82
533 46893 72 3 47047 82 154
608 47191 24 3 47215 0 24
540 47180 49 3 47253 24 73
961 47296 52 2 47348 0 52
985 47195 61 4 47366 110 171
854 47413 45 4 47458 0 45
334 47465 25 2 47490 0 25
361 47488 41 2 47531 2 43
86 47542 36 3 47578 0 36
894 47518 49 4 47616 49 98
595 47512 52 4 47668 104 156
538 47517 63 1 47731 151 214
85 47653 66 3 47797 78 144
152 47725 86 3 47883 72 158
953 48043 79 2 48122 0 79
456 48142 43 3 48185 0 43
569 48361 36 3 48397 0 36
90 48460 63 4 48523 0 63
160 48574 64 3 48638 0 64
297 48729 46 3 48775 0 46
241 48815 44 4 48859 0 44
791 48697 93 3 48880 90 183
880 49063 21 4 49084 0 21
59 49247 29 2 49276 0 29
802 49340 24 4 49364 0 24
71 49349 51 3 49415 15 66
912 50112 34 4 50146 0 34
7 50092 67 4 50193 34 101
640 50188 72 4 50265 5 77
490 50556 48 3 50604 0 48
429 50514 49 2 50611 48 97
357 50595 55 2 50666 16 71
375 50710 26 3 50736 0 26
548 50604 69 1 50761 88 157
292 50468 95 4 50810 247 342
467 50453 95 3 50890 342 437
340 50902 26 3 50928 0 26
77 51059 47 4 51106 0 47
515 51120 36 4 51156 0 36
369 51237 27 3 51264 0 27
622 51216 34 3 51277 27 61
449 51175 45 3 51281 61 106
439 51303 43 4 51346 0 43
122 51351 55 2 51406 0 55
602 51486 53 4 51539 0 53
281 51545 33 4 51578 0 33
244 51711 68 3 51779 0 68
302 51828 32 3 51860 0 32
51 52419 50 4 52469 0 50
310 52375 52 3 52477 50 102
521 52679 41 4 52720 0 41
187 52704 69 4 52789 16 85
614 52753 80 3 52869 36 116
934 53046 50 1 53096 0 50
162 53149 25 2 53174 0 25
527 53234 26 1 53260 0 26
575 53285 40 1 53325 0 40
637 53338 42 3 53380 0 42
744 53229 60 4 53397 108 168
115 53232 63 3 53460 165 228
898 53409 83 3 53543 51 134
588 53589 23 1 53612 0 23
553 53647 49 3 53696 0 49
644 53835 22 3 53857 0 22
36 54005 26 4 54031 0 26
128 54019 29 3 54060 12 41
363 54012 45 3 54105 48 93
177 54173 31 3 54204 0 31
460 54008 76 4 54212 128 204
809 54314 35 4 54349 0 35
987 54287 44 3 54366 35 79
954 54418 29 1 54447 0 29
463 54360 56 4 54451 35 91
104 54452 59 3 54511 0 59
651 54277 73 4 54573 223 296
135 54643 26 1 54669 0 26
245 54707 90 3 54797 0 90
823 54933 20 3 54953 0 20
336 54884 55 3 54959 20 75
889 55011 26 4 55037 0 26
156 55074 44 3 55118 0 44
338 55173 33 1 55206 0 33
730 55135 65 4 55233 33 98
109 55273 50 2 55323 0 50
881 55348 24 3 55372 0 24
532 55412 20 2 55432 0 20
150 55705 61 3 55766 0 61
996 55622 94 2 55777 61 155
782 55874 36 1 55910 0 36
585 55940 24 4 55964 0 24
376 55965 56 4 56021 0 56
921 56095 47 1 56142 0 47
617 56203 60 3 56263 0 60
666 56288 76 3 56364 0 76
489 56410 51 3 56461 0 51
98 56411 51 1 56512 50 101
321 56371 76 3 56549 102 178
776 56329 85 2 56627 213 298
877 56748 39 4 56787 0 39
355 56839 32 1 56871 0 32
650 56838 65 3 56935 32 97
280 57038 22 4 57060 0 22
647 57113 45 2 57158 0 45
893 57178 27 4 57205 0 27
690 57219 61 3 57280 0 61
978 57394 22 3 57416 0 22
619 57500 30 2 57530 0 30
902 57495 33 4 57558 30 63
444 57577 30 4 57607 0 30
486 57538 33 3 57621 50 83
219 57685 40 2 57725 0 40
267 57721 55 3 57780 4 59
362 57799 62 3 57861 0 62
78 57658 66 4 57881 157 223
784 57682 73 2 57954 199 272
621 58022 46 3 58068 0 46
531 58153 61 4 58214 0 61
587 58337 33 4 58370 0 33
168 58455 49 2 58504 0 49
703 58656 33 3 58689 0 33
492 58640 56 4 58729 33 89
299 58762 29 4 58791 0 29
24 58778 67 2 58858 13 80
998 58866 64 2 58930 0 64
406 58818 72 3 58994 104 176
828 58835 79 2 59073 159 238
374 59295 30 3 59325 0 30
847 59309 35 2 59360 16 51
932 59400 37 3 59437 0 37
147 59261 79 4 59442 102 181
262 59499 45 3 59544 0 45
780 59478 66 2 59589 45 111
296 59650 45 3 59695 0 45
835 59715 51 1 59766 0 51
570 59909 27 4 59936 0 27
956 59896 29 3 59952 27 56
221 59988 70 4 60058 0 70
214 59941 73 1 60095 81 154
317 60257 47 4 60304 0 47
942 60346 39 3 60385 0 39
739 60314 55 3 60408 39 94
417 60331 79 2 60487 77 156
239 60550 58 3 60608 0 58
351 60625 58 4 60683 0 58
851 60829 47 3 60876 0 47
205 60929 32 4 60961 0 32
801 60902 34 4 60968 32 66
746 60835 49 1 60991 107 156
539 60976 54 3 61045 15 69
678 61077 47 3 61124 0 47
817 60973 68 3 61160 119 187
604 61246 52 3 61298 0 52
225 61351 51 3 61402 0 51
356 61240 72 1 61415 103 175
792 61461 27 4 61488 0 27
974 61520 46 4 61566 0 46
806 61598 36 4 61634 0 36
581 61573 46 1 61655 36 82
402 61658 58 3 61716 0 58
642 61765 34 4 61799 0 34
772 61648 62 3 61809 99 161
149 61857 32 4 61889 0 32
229 61813 64 2 61909 32 96
367 62059 27 2 62086 0 27
763 62052 50 4 62129 27 77
96 62358 34 4 62392 0 34
468 62565 64 2 62629 0 64
537 62653 23 4 62676 0 23
508 62641 31 3 62695 23 54
833 62642 45 4 62740 53 98
586 62682 45 2 62785 58 103
714 62840 25 1 62865 0 25
523 62824 37 4 62886 25 62
631 62796 58 3 62916 62 120
991 62917 49 1 62966 0 49
972 63010 26 4 63036 0 26
794 63001 41 3 63068 26 67
797 63081 44 3 63125 0 44
933 63040 58 3 63170 72 130
955 62617 69 4 63180 494 563
626 63204 32 3 63236 0 32
949 62637 71 4 63283 575 646
450 63206 74 4 63357 77 151
131 62835 80 1 63437 522 602
684 63054 92 2 63529 383 475
73 63630 39 1 63669 0 39
975 63727 23 2 63750 0 23
966 63701 30 2 63754 23 53
342 63774 76 4 63850 0 76
541 63878 43 3 63921 0 43
197 63896 58 4 63979 25 83
70 64032 30 3 64062 0 30
477 64021 43 1 64094 30 73
680 64100 72 4 64172 0 72
818 64369 22 3 64391 0 22
103 64423 40 4 64463 0 40
495 64470 22 3 64492 0 22
761 64476 25 4 64517 16 41
3 64567 61 3 64628 0 61
594 64601 62 4 64690 27 89
370 64600 63 3 64753 90 153
756 64799 31 1 64830 0 31
474 64777 38 3 64846 31 69
49 64779 53 3 64899 67 120
764 64809 71 3 64970 90 161
37 65001 46 3 65047 0 46
305 65040 81 2 65128 7 88
633 65317 26 4 65343 0 26
783 65419 34 4 65453 0 34
897 65574 53 1 65627 0 53
706 65757 24 4 65781 0 24
816 65739 57 1 65820 24 81
348 65885 41 1 65926 0 41
254 65969 23 3 65992 0 23
977 66013 60 2 66073 0 60
46 66104 66 1 66170 0 66
54 66095 69 1 66230 66 135
481 65977 76 4 66263 210 286
745 65898 82 2 66302 322 404
371 66388 20 2 66408 0 20
681 66371 57 4 66448 20 77
389 66616 37 4 66653 0 37
480 66619 47 1 66700 34 81
811 66796 74 1 66870 0 74
394 66776 84 4 66934 74 158
724 67000 35 4 67035 0 35
719 67003 39 4 67074 32 71
435 67237 27 4 67264 0 27
400 67232 27 1 67286 27 54
612 67334 43 3 67377 0 43
804 67261 57 2 67386 68 125
979 67389 85 3 67474 0 85
68 67535 49 4 67584 0 49
242 67612 43 3 67655 0 43
43 67673 25 1 67698 0 25
275 67580 54 4 67706 72 126
786 67729 71 4 67800 0 71
26 67952 33 2 67985 0 33
279 68004 22 2 68026 0 22
307 68122 73 4 68195 0 73
377 68208 75 4 68283 0 75
483 68331 46 3 68377 0 46
576 68429 26 3 68455 0 26
550 68365 66 4 68469 38 104
332 68490 38 2 68528 0 38
781 68506 60 4 68588 22 82
4 68699 61 2 68760 0 61
396 68825 42 3 68867 0 42
667 69111 35 1 69146 0 35
705 69077 68 1 69180 35 103
107 69202 52 4 69254 0 52
573 69395 74 4 69469 0 74
487 69493 48 4 69541 0 48
488 69626 35 4 69661 0 35
442 69699 29 3 69728 0 29
993 69644 54 4 69744 46 100
741 69576 64 1 69758 118 182
988 69674 73 4 69831 84 157
360 69841 67 3 69908 0 67
688 69461 74 3 69913 378 452
753 70022 29 3 70051 0 29
178 70022 30 4 70081 29 59
562 70058 58 3 70139 23 81
101 70160 34 4 70194 0 34
155 69967 82 4 70200 151 233
266 69733 87 1 70233 413 500
157 70354 21 3 70375 0 21
240 70377 26 4 70403 0 26
704 70393 77 2 70480 10 87
81 70488 26 3 70514 0 26
333 70609 34 4 70643 0 34
937 70661 65 4 70726 0 65
69 70769 51 4 70820 0 51
499 70886 39 3 70925 0 39
693 70876 45 4 70960 39 84
632 70999 42 3 71041 0 42
5 70835 89 2 71050 126 215
911 71178 39 3 71217 0 39
199 71258 25 2 71283 0 25
123 71319 25 3 71344 0 25
866 71351 50 3 71401 0 50
329 71427 22 2 71449 0 22
928 71459 41 1 71500 0 41
807 71324 58 2 71515 133 191
671 71305 64 2 71565 196 260
618 71568 33 3 71601 0 33
947 71589 40 2 71641 12 52
222 71656 36 3 71692 0 36
973 71609 72 4 71749 68 140
564 71256 83 3 71805 466 549
983 71865 41 3 71906 0 41
819 71941 21 4 71962 0 21
800 71996 41 2 72037 0 41
565 72047 32 4 72079 0 32
596 71981 44 3 72098 73 117
543 72109 68 4 72177 0 68
166 72250 31 2 72281 0 31
323 72318 25 2 72343 0 25
723 72306 30 4 72361 25 55
405 72377 32 4 72409 0 32
874 72237 57 4 72412 118 175
957 72181 60 3 72416 175 235
661 72449 31 4 72480 0 31
829 72503 26 3 72529 0 26
992 72596 25 4 72621 0 25
844 72627 36 1 72663 0 36
56 72703 67 2 72770 0 67
838 72975 23 3 72998 0 23
263 73017 65 4 73082 0 65
728 73184 38 3 73222 0 38
484 73296 42 2 73338 0 42
510 73444 26 4 73470 0 26
134 73490 21 2 73511 0 21
308 73519 37 2 73556 0 37
113 73509 42 3 73590 39 81
497 73616 22 4 73638 0 22
920 73571 72 4 73684 41 113
774 73728 77 4 73805 0 77
591 73902 79 3 73981 0 79
558 74196 33 2 74229 0 33
476 74247 49 4 74296 0 49
952 74203 57 2 74335 75 132
424 74311 68 3 74403 24 92
143 74418 57 1 74475 0 57
196 74481 23 4 74504 0 23
769 74528 83 3 74611 0 83
981 74157 87 2 74614 370 457
965 74632 33 3 74665 0 33
755 74678 49 4 74727 0 49
428 74687 91 2 74818 40 131
401 74306 94 2 74881 481 575
759 74951 58 4 75009 0 58
454 75118 32 4 75150 0 32
980 75160 34 3 75194 0 34
994 75131 78 3 75262 53 131
767 75323 26 4 75349 0 26
757 75399 57 2 75456 0 57
535 75533 57 4 75590 0 57
910 75599 36 3 75635 0 36
404 75770 28 2 75798 0 28
397 75812 40 1 75852 0 40
700 75793 55 4 75893 45 100
237 75957 22 1 75979 0 22
175 75933 24 2 75979 22 46
469 76026 36 1 76062 0 36
335 76032 65 3 76127 30 95
813 76168 21 4 76189 0 21
173 76153 38 3 76212 21 59
563 76225 25 4 76250 0 25
282 76378 48 1 76426 0 48
923 76507 27 3 76534 0 27
799 76588 35 2 76623 0 35
63 76626 28 3 76654 0 28
628 76642 35 4 76689 12 47
831 76552 50 4 76700 98 148
697 76469 65 4 76709 175 240
494 76712 32 3 76744 0 32
859 76797 40 1 76837 0 40
382 76495 71 3 76852 286 357
917 76581 98 3 76950 271 369
108 77030 24 3 77054 0 24
479 77153 38 3 77191 0 38
624 77207 87 4 77294 0 87
415 77300 24 3 77324 0 24
216 77617 26 3 77643 0 26
372 77779 59 3 77838 0 59
648 77867 25 4 77892 0 25
200 77901 34 3 77935 0 34
473 77779 60 4 77957 118 178
44 77994 23 3 78017 0 23
629 77807 64 2 78044 173 237
852 78066 43 2 78109 0 43
948 78143 38 1 78181 0 38
927 78221 22 3 78243 0 22
720 78168 79 4 78282 35 114
673 78342 54 3 78396 0 54
204 78275 85 4 78421 61 146
547 78471 28 4 78499 0 28
964 78633 25 4 78658 0 25
185 78594 48 1 78667 25 73
939 78740 30 4 78770 0 30
855 78710 44 4 78784 30 74
907 78803 21 4 78824 0 21
80 78838 77 3 78915 0 77
610 78909 79 4 78994 6 85
126 79090 34 3 79124 0 34
12 79111 40 3 79164 13 53
641 79078 54 4 79206 74 128
408 79256 22 1 79278 0 22
276 79302 25 4 79327 0 25
209 79329 26 3 79355 0 26
959 79364 28 3 79392 0 28
358 79265 35 4 79392 92 127
457 79375 61 4 79453 17 78
28 79465 32 2 79497 0 32
734 79182 62 2 79497 253 315
630 79537 45 3 79582 0 45
864 79597 43 3 79640 0 43
18 79516 60 4 79664 88 148
432 79717 30 3 79747 0 30
583 79722 43 4 79790 25 68
623 79922 21 2 79943 0 21
53 79926 23 2 79966 17 40
194 80011 29 2 80040 0 29
93 80052 29 2 80081 0 29
116 80096 35 3 80131 0 35
620 80138 24 4 80162 0 24
309 80018 38 4 80166 110 148
2 80221 29 4 80250 0 29
337 80261 20 2 80281 0 20
717 80303 68 3 80371 0 68
869 80210 74 2 80401 117 191
304 80433 23 1 80456 0 23
284 80427 47 4 80497 23 70
732 80522 64 3 80586 0 64
269 80138 95 3 80586 353 448
100 80619 33 4 80652 0 33
246 80589 43 4 80665 33 76
118 80679 33 3 80712 0 33
139 80682 50 4 80762 30 80
414 80752 50 3 80812 10 60
926 80764 53 3 80865 48 101
938 80809 68 4 80933 56 124
179 81168 24 4 81192 0 24
779 81315 47 3 81362 0 47
503 81376 78 4 81454 0 78
446 81498 37 3 81535 0 37
368 81474 82 2 81593 37 119
643 81837 33 3 81870 0 33
879 81914 36 2 81950 0 36
556 81933 48 2 81998 17 65
941 82002 35 3 82037 0 35
603 81914 55 4 82088 119 174
278 81944 60 4 82148 144 204
16 82140 71 4 82219 8 79
273 82259 33 1 82292 0 33
808 82240 39 4 82312 33 72
528 82049 92 4 82383 242 334
223 82456 75 4 82531 0 75
727 82603 41 3 82644 0 41
525 82562 78 4 82681 41 119
555 82696 33 4 82729 0 33
997 82760 25 1 82785 0 25
129 82798 23 2 82821 0 23
605 82884 23 4 82907 0 23
513 82927 47 3 82974 0 47
827 83072 28 4 83100 0 28
9 83182 77 3 83259 0 77
465 83327 47 4 83374 0 47
220 83290 60 3 83397 47 107
66 83455 23 4 83478 0 23
962 83476 28 3 83506 2 30
319 83494 30 4 83536 12 42
768 83421 47 4 83549 81 128
989 83555 52 4 83607 0 52
876 83436 53 4 83654 165 218
398 83703 26 4 83729 0 26
571 83752 21 3 83773 0 21
493 83712 54 4 83804 38 92
258 83416 58 1 83808 334 392
822 83779 67 4 83875 29 96
228 83882 32 2 83914 0 32
416 83886 35 4 83949 28 63
708 83706 68 2 84010 236 304
19 83421 79 4 84089 589 668
57 84162 31 3 84193 0 31
324 84249 67 4 84316 0 67
872 84422 55 1 84477 0 55
353 84496 34 4 84530 0 34
914 84395 58 4 84542 89 147
860 84425 66 3 84608 117 183
341 84355 77 4 84645 213 290
344 84700 42 4 84742 0 42
210 84744 70 4 84814 0 70
726 84873 29 3 84902 0 29
148 84957 24 4 84981 0 24
969 85018 42 2 85060 0 42
34 85118 30 2 85148 0 30
589 85092 46 3 85168 30 76
931 85419 40 4 85459 0 40
13 85489 20 2 85509 0 20
850 85498 31 1 85540 11 42
775 85521 47 3 85587 19 66
598 85619 21 2 85640 0 21
805 85599 28 4 85648 21 49
270 85439 65 2 85671 167 232
584 85343 91 4 85686 252 343
500 85700 46 2 85746 0 46
437 85811 26 3 85837 0 26
106 85932 26 2 85958 0 26
312 85886 60 3 85972 26 86
82 86014 26 3 86040 0 26
599 86068 30 2 86098 0 30
14 86099 66 4 86165 0 66
649 86186 52 4 86238 0 52
839 86328 26 1 86354 0 26
161 86412 23 1 86435 0 23
566 86502 27 4 86529 0 27
347 86563 52 4 86615 0 52
861 86649 40 4 86689 0 40
507 86717 34 4 86751 0 34
692 86693 35 1 86762 34 69
88 86780 20 3 86800 0 20
943 86816 34 4 86850 0 34
853 86849 38 2 86888 1 39
410 86919 28 1 86947 0 28
256 86820 54 4 86970 96 150
713 86854 57 3 87027 116 173
718 86741 64 4 87057 252 316
188 86608 70 3 87089 411 481
890 87171 25 2 87196 0 25
826 87144 68 3 87237 25 93
110 87057 76 1 87258 125 201
145 87340 21 3 87361 0 21
906 87330 26 3 87377 21 47
443 87428 22 3 87450 0 22
232 87385 51 3 87458 22 73
8 87288 77 3 87485 120 197
423 87217 79 4 87534 238 317
383 87633 33 2 87666 0 33
409 87712 36 4 87748 0 36
702 87662 47 1 87749 40 87
971 87804 44 2 87848 0 44
119 87826 49 2 87897 22 71
27 87798 53 3 87944 93 146
212 87615 74 3 87951 262 336
536 87968 30 3 87998 0 30
582 88130 49 4 88179 0 49
328 88120 50 3 88219 49 99
669 88071 71 3 88241 99 170
653 87598 79 3 88274 597 676
461 87775 79 3 88292 438 517
731 88360 29 2 88389 0 29
211 87707 81 3 88402 614 695
438 88406 29 1 88435 0 29
426 88528 51 4 88579 0 51
330 88513 68 3 88632 51 119
930 88508 82 3 88709 119 201
892 88760 59 4 88819 0 59
710 88858 49 4 88907 0 49
164 89056 21 1 89077 0 21
509 89095 39 4 89134 0 39
140 89051 42 4 89153 60 102
901 89161 34 4 89195 0 34
448 89250 25 4 89275 0 25
138 89151 76 4 89288 61 137
300 89304 21 4 89325 0 21
40 89355 43 2 89398 0 43
691 89412 52 2 89464 0 52
470 89500 35 2 89535 0 35
696 89495 39 3 89569 35 74
815 89594 30 4 89624 0 30
142 89643 40 3 89683 0 40
124 89688 45 3 89733 0 45
674 89736 49 2 89785 0 49
183 89546 72 2 89805 187 259
11 89440 87 4 89861 334 421
23 89115 89 4 89890 686 775
751 89918 28 3 89946 0 28
843 89965 29 4 89994 0 29
260 89998 44 3 90042 0 44
259 89899 61 3 90061 101 162
433 90101 48 3 90149 0 48
742 90153 49 3 90202 0 49
635 90207 25 2 90232 0 25
425 90320 21 2 90341 0 21
963 90312 27 2 90360 21 48
524 90361 32 4 90393 0 32
255 90323 39 1 90431 69 108
675 90332 43 3 90474 99 142
31 90504 32 2 90536 0 32
518 90465 48 3 90554 41 89
935 90265 50 4 90557 242 292
125 90127 58 3 90573 388 446
79 90633 34 3 90667 0 34
534 90702 33 3 90735 0 33
561 90697 48 2 90778 33 81
132 90641 48 1 90796 107 155
600 90150 63 3 90799 586 649
660 90846 28 4 90874 0 28
560 90847 43 3 90917 27 70
462 90855 63 4 90980 62 125
557 90634 70 4 91003 299 369
735 91037 23 3 91060 0 23
896 91053 38 4 91098 7 45
248 91137 24 1 91161 0 24
436 91123 36 4 91183 24 60
701 91170 50 3 91233 13 63
288 91202 51 4 91284 31 82
75 91298 39 3 91337 0 39
694 91029 63 4 91353 261 324
916 91415 27 3 91442 0 27
574 91143 64 4 91444 237 301
174 91317 65 4 91509 127 192
870 91540 56 1 91596 0 56
738 91612 59 4 91671 0 59
48 90871 74 3 91672 727 801
1000 91718 37 2 91755 0 37
785 90546 74 2 91783 1163 1237
287 91814 28 3 91842 0 28
577 91849 40 3 91889 0 40
778 90455 79 4 91930 1396 1475
712 91968 52 4 92020 0 52
458 91739 80 3 92062 243 323
749 92081 35 3 92116 0 35
663 92068 37 3 92140 35 72
326 92080 50 3 92190 60 110
291 90880 81 4 92265 1304 1385
656 92275 38 3 92313 0 38
25 92414 35 2 92449 0 35
76 92445 45 4 92494 4 49
29 92358 75 4 92513 80 155
821 90612 81 3 92539 1846 1927
888 92655 24 4 92679 0 24
165 92623 61 3 92708 24 85
634 91187 85 3 92709 1437 1522
875 92734 52 4 92786 0 52
72 92827 64 3 92891 0 64
271 92963 39 3 93002 0 39
387 92928 83 4 93050 39 122
171 93056 28 3 93084 0 28
388 93136 32 3 93168 0 32
770 93164 33 4 93201 4 37
346 93109 36 4 93210 65 101
39 93053 51 4 93233 129 180
472 93264 20 4 93284 0 20
434 93053 61 3 93314 200 261
841 92755 84 3 93317 478 562
676 93403 39 3 93442 0 39
430 92891 91 1 93447 465 556
471 91763 92 4 93514 1659 1751
238 93555 33 4 93588 0 33
915 93607 23 1 93630 0 23
41 93621 42 2 93672 9 51
842 93701 21 3 93722 0 21
230 93626 46 2 93739 67 113
455 93771 38 4 93809 0 38
771 93831 21 4 93852 0 21
170 93553 76 4 93853 224 300
837 93870 62 1 93932 0 62
554 93958 33 3 93991 0 33
169 94016 32 3 94048 0 32
758 94083 20 2 94103 0 20
121 94088 26 3 94129 15 41
868 94113 37 4 94166 16 53
840 93991 75 4 94181 115 190
112 94242 23 3 94265 0 23
373 94252 41 2 94306 13 54
845 94287 52 4 94358 19 71
459 94363 38 4 94401 0 38
883 94395 40 3 94441 6 46
858 94433 52 1 94493 8 60
967 94301 64 1 94552 187 251
873 94471 69 1 94621 81 150
391 94632 33 2 94665 0 33
636 94640 73 4 94738 25 98
638 93976 77 4 94743 690 767
233 94883 32 3 94915 0 32
496 94937 25 3 94962 0 25
830 94974 49 3 95023 0 49
946 94874 57 4 95037 106 163
151 94900 60 3 95097 137 197
452 94791 91 4 95105 223 314
846 95203 34 4 95237 0 34
6 95251 31 3 95282 0 31
10 95297 25 3 95322 0 25
234 95285 27 4 95337 25 52
144 95320 45 1 95382 17 62
364 95235 47 4 95412 130 177
909 95415 29 4 95444 0 29
35 95457 39 3 95496 0 39
264 95245 52 1 95532 235 287
231 95540 53 3 95593 0 53
203 95315 54 4 95639 270 324
343 95666 22 3 95688 0 22
352 95590 55 3 95716 71 126
958 95559 55 2 95771 157 212
117 95789 25 3 95814 0 25
339 95802 25 1 95839 12 37
251 95820 36 4 95875 19 55
580 95892 56 3 95948 0 56
606 95976 24 4 96000 0 24
740 95955 24 3 96003 24 48
158 95540 57 3 96018 421 478
295 95160 58 3 96048 830 888
886 95743 58 3 96091 290 348
568 96126 28 1 96154 0 28
750 96112 42 3 96182 28 70
84 96095 57 2 96222 70 127
384 96235 41 2 96276 0 41
810 96288 30 4 96318 0 30
722 96317 45 3 96363 1 46
320 95795 59 4 96393 539 598
176 96181 59 1 96452 212 271
824 96524 24 4 96548 0 24
798 96511 28 3 96563 24 52
61 96448 63 2 96567 56 119
62 96609 21 4 96630 0 21
607 96592 21 2 96634 21 42
215 96628 44 4 96678 6 50
545 96575 54 3 96715 86 140
682 96368 65 4 96772 339 404
217 96784 21 3 96805 0 21
834 95238 65 3 96858 1555 1620
698 96879 47 4 96926 0 47
900 96952 30 4 96982 0 30
646 95146 67 4 96988 1775 1842
658 97048 33 4 97081 0 33
685 95626 70 3 97091 1395 1465
891 96156 73 3 97164 935 1008
265 97198 24 4 97222 0 24
207 97229 24 1 97253 0 24
190 96593 75 3 97287 619 694
451 96299 90 2 97377 988 1078
530 93979 93 3 97381 3309 3402
793 90508 94 4 97393 6791 6885
289 97445 34 4 97479 0 34
882 97490 33 3 97523 0 33
419 97577 32 4 97609 0 32
659 97619 33 3 97652 0 33
208 97566 34 4 97665 65 99
218 97585 39 3 97704 80 119
905 97707 21 4 97728 0 21
193 97586 43 1 97768 139 182
836 97559 63 1 97824 202 265
601 97826 44 2 97870 0 44
293 97930 22 2 97952 0 22
392 97561 75 2 97965 329 404
787 97491 77 4 98006 438 515
544 98034 45 4 98079 0 45
760 98140 64 2 98204 0 64
814 98209 22 4 98231 0 22
447 98232 30 3 98262 0 30
922 98226 39 2 98300 35 74
668 98260 45 1 98345 40 85
590 98165 81 3 98421 175 256
812 98458 42 1 98500 0 42
752 98447 50 3 98545 48 98
788 98551 39 2 98590 0 39
420 98533 50 3 98628 45 95
951 98471 52 3 98680 157 209
711 98734 60 2 98794 0 60
191 98598 61 4 98801 142 203
65 98829 35 4 98864 0 35
421 98879 32 2 98911 0 32
272 98831 49 3 98945 65 114
133 98949 36 2 98985 0 36
21 99040 33 4 99073 0 33
662 99091 37 2 99128 0 37
33 99013 45 2 99128 70 115
904 99161 56 4 99217 0 56
654 99069 57 4 99241 115 172
102 99197 63 4 99304 44 107
95 99312 27 3 99339 0 27
94 99421 22 2 99443 0 22
491 99419 32 3 99473 22 54
559 99376 55 1 99485 54 109
925 99578 31 4 99609 0 31
572 99540 57 4 99628 31 88
380 99432 64 3 99637 141 205
412 99657 23 3 99680 0 23
91 99692 20 2 99712 0 20
709 99679 38 3 99738 21 59
153 99656 44 4 99781 81 125
17 99857 44 4 99901 0 44
163 99797 69 4 99910 44 113
867 99945 34 2 99979 0 34
862 99953 38 2 100017 26 64
325 99949 39 4 100056 68 107
747 99941 49 4 100101 111 160
32 99913 50 2 100123 160 210
501 99351 72 4 100180 757 829
314 99463 72 4 100204 669 741
519 99408 78 1 100282 796 874
440 98638 82 3 100284 1564 1646
683 98409 88 4 100346 1849 1937
