99989 1000 93 46
323 3131 31 1 3162 0 31
225 3485 27 1 3512 0 27
243 3491 58 3 3570 21 79
38 3781 39 4 3820 0 39
6 4335 67 2 4402 0 67
673 4444 53 3 4497 0 53
430 4851 86 3 4937 0 86
523 6276 24 4 6300 0 24
194 6304 68 4 6372 0 68
725 6956 32 4 6988 0 32
553 7534 50 3 7584 0 50
449 7910 53 1 7963 0 53
213 8559 53 2 8612 0 53
490 8679 32 3 8711 0 32
680 9051 58 3 9109 0 58
485 9151 64 3 9215 0 64
865 9377 49 3 9426 0 49
176 9495 69 2 9564 0 69
77 9510 24 3 9588 54 78
9 9783 28 3 9811 0 28
33 10661 61 4 10722 0 61
829 11244 50 4 11294 0 50
763 11630 35 2 11665 0 35
268 11663 62 4 11727 2 64
341 12461 51 3 12512 0 51
103 12612 36 1 12648 0 36
880 13202 74 2 13276 0 74
958 13929 22 2 13951 0 22
529 14509 24 1 14533 0 24
649 14630 81 1 14711 0 81
895 14720 54 2 14774 0 54
203 14785 22 3 14807 0 22
994 14840 23 4 14863 0 23
975 16000 66 1 16066 0 66
27 16079 59 4 16138 0 59
86 16175 22 3 16197 0 22
447 16863 55 1 16918 0 55
67 17697 24 4 17721 0 24
293 17833 47 4 17880 0 47
226 18004 61 4 18065 0 61
932 18106 38 4 18144 0 38
819 18530 61 3 18591 0 61
60 18618 21 3 18639 0 21
304 18653 28 4 18681 0 28
46 19273 43 2 19316 0 43
164 20531 90 2 20621 0 90
435 20827 47 2 20874 0 47
85 20997 22 4 21019 0 22
456 21088 55 3 21143 0 55
282 21115 50 3 21193 28 78
952 21104 51 4 21244 89 140
410 21218 32 4 21276 26 58
489 21767 22 4 21789 0 22
206 21872 76 1 21948 0 76
136 22202 51 1 22253 0 51
421 22581 75 3 22656 0 75
175 22840 33 3 22873 0 33
756 22970 61 3 23031 0 61
259 23112 31 3 23143 0 31
593 23141 86 2 23229 2 88
151 23364 61 4 23425 0 61
685 23437 60 2 23497 0 60
887 23719 38 4 23757 0 38
953 23935 52 4 23987 0 52
303 24240 39 4 24279 0 39
314 24336 75 1 24411 0 75
618 24341 27 2 24438 70 97
395 24413 78 1 24516 25 103
896 24734 21 2 24755 0 21
797 25417 40 4 25457 0 40
346 26135 43 4 26178 0 43
751 26324 60 3 26384 0 60
146 26883 24 4 26907 0 24
632 26902 54 3 26961 5 59
691 27297 26 3 27323 0 26
183 27322 20 4 27343 1 21
192 27315 39 4 27382 28 67
843 27685 48 4 27733 0 48
655 28378 31 4 28409 0 31
338 28455 26 1 28481 0 26
846 28548 36 3 28584 0 36
134 28585 23 4 28608 0 23
792 28682 50 4 28732 0 50
422 29207 39 1 29246 0 39
770 29238 42 1 29288 8 50
737 29528 36 2 29564 0 36
71 29552 31 4 29595 12 43
891 29619 61 4 29680 0 61
167 29786 62 3 29848 0 62
830 30060 55 4 30115 0 55
22 30236 60 3 30296 0 60
58 30348 39 2 30387 0 39
49 30486 23 2 30509 0 23
870 30560 61 4 30621 0 61
778 30673 22 1 30695 0 22
661 30727 35 4 30762 0 35
581 30845 31 1 30876 0 31
607 31221 32 4 31253 0 32
882 31295 23 1 31318 0 23
832 31358 26 2 31384 0 26
70 31388 26 4 31414 0 26
859 31409 46 4 31460 5 51
914 31446 46 2 31506 14 60
571 31521 48 3 31569 0 48
25 31812 21 4 31833 0 21
519 31812 46 3 31879 21 67
362 31842 25 4 31904 37 62
400 31826 57 4 31961 78 135
295 31933 41 2 32002 28 69
165 31903 84 3 32086 99 183
483 32144 65 1 32209 0 65
567 32193 40 3 32249 16 56
717 32436 63 3 32499 0 63
820 32585 47 3 32632 0 47
633 32616 31 3 32663 16 47
385 33158 44 1 33202 0 44
987 33163 27 4 33229 39 66
84 33245 80 4 33325 0 80
344 33254 45 3 33370 71 116
305 33387 48 3 33435 0 48
31 33528 52 4 33580 0 52
738 33700 31 3 33731 0 31
376 33905 53 3 33958 0 53
133 34015 54 4 34069 0 54
29 34080 58 4 34138 0 58
326 34128 66 2 34204 10 76
652 34202 53 4 34257 2 55
739 34364 35 4 34399 0 35
102 34696 83 2 34779 0 83
152 34876 48 2 34924 0 48
759 34913 22 2 34946 11 33
791 35056 45 4 35101 0 45
936 35164 22 2 35186 0 22
696 35359 71 4 35430 0 71
411 35447 44 3 35491 0 44
409 35494 38 4 35532 0 38
54 35662 49 4 35711 0 49
710 35875 84 3 35959 0 84
583 36094 28 3 36122 0 28
44 36399 31 2 36430 0 31
780 36772 25 3 36797 0 25
16 36976 30 4 37006 0 30
727 37185 75 2 37260 0 75
170 37265 42 3 37307 0 42
40 37560 46 3 37606 0 46
340 37649 40 4 37689 0 40
552 37799 26 2 37825 0 26
670 37894 29 4 37923 0 29
640 38273 73 1 38346 0 73
255 38374 20 2 38394 0 20
939 38504 36 2 38540 0 36
480 38529 33 4 38573 11 44
954 38800 68 2 38868 0 68
925 38815 26 2 38894 53 79
611 38853 68 3 38962 41 109
635 38918 27 4 38989 44 71
457 38928 43 1 39032 61 104
256 39038 42 2 39080 0 42
799 39084 44 2 39128 0 44
719 39349 67 3 39416 0 67
126 39640 26 3 39666 0 26
189 39843 83 1 39926 0 83
4 39890 34 4 39960 36 70
720 39853 52 3 40012 107 159
479 39863 59 2 40071 149 208
322 40128 35 4 40163 0 35
644 40300 21 2 40321 0 21
311 40356 30 4 40386 0 30
262 40377 89 3 40475 9 98
629 40952 34 3 40986 0 34
399 41076 35 1 41111 0 35
108 41119 57 3 41176 0 57
972 41215 36 4 41251 0 36
454 41478 35 2 41513 0 35
973 41572 25 3 41597 0 25
112 41597 23 4 41620 0 23
802 41653 71 2 41724 0 71
3 41656 75 4 41799 68 143
643 41849 22 4 41871 0 22
110 42042 73 3 42115 0 73
943 42183 46 4 42229 0 46
373 42212 51 1 42280 17 68
851 42190 71 4 42351 90 161
191 42296 44 4 42395 55 99
242 42212 79 4 42474 183 262
222 42793 31 3 42824 0 31
838 42800 64 4 42888 24 88
565 43093 24 3 43117 0 24
986 43394 28 4 43422 0 28
599 43408 59 4 43481 14 73
613 43561 82 4 43643 0 82
20 43623 25 1 43668 20 45
861 43770 33 4 43803 0 33
398 43869 24 3 43893 0 24
111 43915 37 4 43952 0 37
686 43942 50 3 44002 10 60
509 44037 44 3 44081 0 44
75 44112 23 4 44135 0 23
885 44183 34 2 44217 0 34
301 44567 43 3 44610 0 43
275 44592 25 4 44635 18 43
605 44674 41 3 44715 0 41
884 44817 56 4 44873 0 56
918 44827 30 3 44903 46 76
546 44955 32 3 44987 0 32
55 45109 21 1 45130 0 21
369 45292 59 4 45351 0 59
668 45375 35 4 45410 0 35
124 45721 29 3 45750 0 29
991 45783 44 2 45827 0 44
693 46051 31 3 46082 0 31
466 46098 25 4 46123 0 25
161 46235 25 1 46260 0 25
594 46427 32 3 46459 0 32
427 46539 22 4 46561 0 22
942 46577 25 2 46602 0 25
724 46665 35 4 46700 0 35
713 47113 21 4 47134 0 21
524 47213 51 3 47264 0 51
544 47342 84 4 47426 0 84
378 47369 31 4 47457 57 88
702 47435 52 4 47509 22 74
548 47438 62 4 47571 71 133
766 47348 62 3 47633 223 285
405 47626 74 4 47707 7 81
459 47643 38 4 47745 64 102
960 47775 34 4 47809 0 34
971 47816 67 2 47883 0 67
163 47932 39 3 47971 0 39
499 47958 65 4 48036 13 78
950 47979 27 2 48063 57 84
389 48032 36 4 48099 31 67
116 48256 46 3 48302 0 46
616 48382 47 2 48429 0 47
901 48405 34 3 48463 24 58
520 48410 37 1 48500 53 90
920 48428 41 4 48541 72 113
172 48681 24 4 48705 0 24
659 48744 83 4 48827 0 83
532 48928 49 4 48977 0 49
748 49406 25 3 49431 0 25
491 49633 42 3 49675 0 42
592 49775 39 4 49814 0 39
478 49909 33 3 49942 0 33
375 50021 80 4 50101 0 80
516 50062 32 2 50133 39 71
37 50059 42 3 50175 74 116
786 50123 73 3 50248 52 125
873 50250 51 4 50301 0 51
236 50504 23 4 50527 0 23
723 51053 35 4 51088 0 35
824 51131 24 1 51155 0 24
205 51346 24 4 51370 0 24
274 51440 59 4 51499 0 59
679 51575 44 4 51619 0 44
107 51688 52 3 51740 0 52
858 51743 31 2 51774 0 31
15 51770 36 4 51810 4 40
883 51754 45 2 51855 56 101
806 51958 51 3 52009 0 51
397 52051 53 4 52104 0 53
374 52085 38 4 52142 19 57
709 52156 38 4 52194 0 38
997 52517 50 2 52567 0 50
722 52547 26 3 52593 20 46
35 52569 89 4 52682 24 113
588 52655 26 4 52708 27 53
979 52670 68 1 52776 38 106
496 52730 26 2 52802 46 72
757 52764 63 2 52865 38 101
179 52803 29 4 52894 62 91
800 52862 41 4 52935 32 73
115 52921 38 4 52973 14 52
624 52947 62 4 53035 26 88
699 52912 63 1 53098 123 186
147 53089 24 3 53122 9 33
560 52600 71 1 53193 522 593
497 53274 69 3 53343 0 69
762 53281 70 2 53413 62 132
309 53377 25 3 53438 36 61
863 53295 81 3 53519 143 224
149 53471 24 2 53543 48 72
383 53509 53 4 53596 34 87
849 53474 86 2 53682 122 208
227 53618 49 2 53731 64 113
860 53662 90 2 53821 69 159
755 53905 51 2 53956 0 51
169 53924 46 4 54002 32 78
538 54007 40 4 54047 0 40
788 54089 42 1 54131 0 42
718 54218 32 3 54250 0 32
372 54268 92 4 54360 0 92
648 54275 42 4 54402 85 127
271 54362 26 4 54428 40 66
615 54423 36 2 54464 5 41
515 54638 46 1 54684 0 46
905 54796 66 3 54862 0 66
533 54876 49 1 54925 0 49
158 54878 25 2 54950 47 72
572 55171 31 4 55202 0 31
764 55301 23 2 55324 0 23
708 55301 33 3 55357 23 56
89 55350 45 3 55402 7 52
678 55599 21 4 55620 0 21
358 55799 96 4 55895 0 96
531 55902 28 2 55930 0 28
999 56025 58 3 56083 0 58
96 56080 28 4 56111 3 31
1000 56044 36 4 56147 67 103
440 56046 44 4 56191 101 145
180 56252 53 4 56305 0 53
357 56260 66 4 56371 45 111
284 56318 99 4 56470 53 152
99 56452 29 4 56499 18 47
983 56651 64 4 56715 0 64
955 56710 35 3 56750 5 40
854 56709 38 4 56788 41 79
221 56708 51 4 56839 80 131
768 56701 51 4 56890 138 189
144 57065 38 2 57103 0 38
716 57067 55 4 57158 36 91
831 57158 42 4 57200 0 42
856 57179 34 3 57234 21 55
862 57265 40 3 57305 0 40
798 57337 38 2 57375 0 38
790 57513 64 4 57577 0 64
452 57522 46 3 57623 55 101
689 57520 61 3 57684 103 164
220 57695 48 3 57743 0 48
439 57709 20 3 57763 34 54
8 58187 39 4 58226 0 39
904 58237 63 4 58300 0 63
182 58410 24 4 58434 0 24
568 58436 29 4 58465 0 29
155 58506 32 4 58538 0 32
30 58531 51 2 58589 7 58
941 58635 85 2 58720 0 85
393 58923 37 2 58960 0 37
356 59021 48 3 59069 0 48
841 59063 36 2 59105 6 42
695 59098 28 4 59133 7 35
712 59073 47 3 59180 60 107
628 59091 50 3 59230 89 139
90 59401 43 2 59444 0 43
514 59539 35 4 59574 0 35
963 59558 30 4 59604 16 46
202 59548 47 3 59651 56 103
114 59608 53 4 59704 43 96
935 59703 23 4 59727 1 24
74 59659 34 4 59761 68 102
402 59626 58 4 59819 135 193
302 59783 25 1 59844 36 61
769 59594 73 2 59917 250 323
598 59896 57 4 59974 21 78
825 59940 32 4 60006 34 66
287 59973 73 4 60079 33 106
741 60323 74 2 60397 0 74
610 60346 25 3 60422 51 76
319 60439 51 4 60490 0 51
871 60685 40 3 60725 0 40
235 60712 75 2 60800 13 88
980 60767 22 1 60822 33 55
470 60732 27 1 60849 90 117
177 60791 28 4 60877 58 86
915 60983 21 4 61004 0 21
732 61158 80 4 61238 0 80
503 61234 32 4 61270 4 36
758 61248 45 4 61315 22 67
630 61177 46 1 61361 138 184
157 61262 78 4 61439 99 177
417 61469 42 3 61511 0 42
874 61682 83 4 61765 0 83
481 61769 58 2 61827 0 58
88 61862 37 3 61899 0 37
460 61917 32 4 61949 0 32
438 61943 67 2 62016 6 73
475 61977 85 4 62101 39 124
664 62090 27 3 62128 11 38
171 62064 44 1 62172 64 108
106 62169 46 2 62218 3 49
168 62148 78 1 62296 70 148
982 62240 46 3 62342 56 102
461 62297 22 4 62364 45 67
463 62316 65 3 62429 48 113
656 62419 30 2 62459 10 40
855 62475 29 4 62504 0 29
91 62491 27 1 62531 13 40
349 62520 37 4 62568 11 48
432 62557 34 4 62602 11 45
368 62558 45 4 62647 44 89
403 62687 49 4 62736 0 49
248 62798 44 4 62842 0 44
823 62798 57 2 62899 44 101
250 62932 23 2 62955 0 23
930 63029 27 2 63056 0 27
566 63204 29 3 63233 0 29
869 63215 72 4 63305 18 90
671 63285 49 3 63354 20 69
212 63354 81 3 63435 0 81
467 63395 36 4 63471 40 76
666 63395 69 4 63540 76 145
836 63511 22 4 63562 29 51
32 63499 44 2 63606 63 107
361 63564 34 3 63640 42 76
18 63614 23 4 63663 26 49
494 63648 31 3 63694 15 46
251 63646 51 4 63745 48 99
178 63478 58 1 63803 267 325
990 63472 67 1 63870 331 398
200 63840 52 3 63922 30 82
850 63968 27 4 63995 0 27
137 63991 26 3 64021 4 30
517 64050 49 4 64099 0 49
230 64103 58 3 64161 0 58
53 64336 28 1 64364 0 28
961 64377 27 4 64404 0 27
872 64455 36 3 64491 0 36
558 64552 26 3 64578 0 26
582 64626 54 4 64680 0 54
576 64627 32 4 64712 53 85
57 64647 46 3 64758 65 111
747 64775 46 3 64821 0 46
897 64799 45 3 64866 22 67
504 64819 50 4 64916 47 97
229 64870 44 4 64960 46 90
342 64959 40 4 65000 1 41
587 65030 23 3 65053 0 23
984 65116 79 4 65195 0 79
773 65266 72 4 65338 0 72
917 65332 43 4 65381 6 49
80 65361 25 3 65406 20 45
408 65408 60 2 65468 0 60
298 65468 30 4 65498 0 30
244 65534 54 3 65588 0 54
436 65716 33 2 65749 0 33
426 65725 24 3 65773 24 48
240 65738 77 1 65850 35 112
647 65804 38 3 65888 46 84
328 65868 29 3 65917 20 49
645 65911 23 4 65940 6 29
682 65918 34 4 65974 22 56
51 65942 23 4 65997 32 55
750 65960 46 4 66043 37 83
232 65806 70 4 66113 237 307
852 66100 27 3 66140 13 40
66 66120 80 4 66220 20 100
450 66214 68 4 66288 6 74
784 66312 23 3 66335 0 23
434 66316 55 3 66390 19 74
609 66541 56 4 66597 0 56
534 66577 29 3 66626 20 49
281 66617 34 4 66660 9 43
970 66709 37 3 66746 0 37
564 66709 89 3 66835 37 126
208 66779 52 3 66887 56 108
162 66883 20 3 66907 4 24
684 66901 44 2 66951 6 50
502 66940 48 2 66999 11 59
261 67275 44 2 67319 0 44
989 67312 52 2 67371 7 59
315 67361 46 4 67417 10 56
557 67350 59 4 67476 67 126
39 67550 47 3 67597 0 47
325 67640 73 4 67713 0 73
746 67744 89 2 67833 0 89
241 67764 27 4 67860 69 96
795 67811 46 3 67906 49 95
234 67911 67 4 67978 0 67
796 68017 45 4 68062 0 45
486 68260 66 3 68326 0 66
87 68431 20 3 68451 0 20
143 68488 67 3 68555 0 67
347 68498 53 4 68608 57 110
807 68605 75 2 68683 3 78
366 68692 52 4 68744 0 52
371 68735 56 2 68800 9 65
928 68756 43 4 68843 44 87
550 68827 51 3 68894 16 67
704 68822 60 2 68954 72 132
52 68985 68 4 69053 0 68
812 68997 23 4 69076 56 79
909 69032 45 4 69121 44 89
59 69012 60 2 69181 109 169
307 69149 56 2 69237 32 88
414 69146 73 3 69310 91 164
669 69009 82 2 69392 301 383
993 69381 42 1 69434 11 53
927 69317 62 2 69496 117 179
542 69360 87 3 69583 136 223
837 69540 29 3 69612 43 72
291 69510 34 4 69646 102 136
527 69512 45 4 69691 134 179
707 69708 88 3 69796 0 88
908 69882 31 3 69913 0 31
332 69911 40 4 69953 2 42
196 69959 89 4 70048 0 89
384 70016 50 3 70098 32 82
931 70024 65 4 70163 74 139
974 70191 58 1 70249 0 58
13 70285 36 4 70321 0 36
551 70285 76 2 70397 36 112
828 70324 87 2 70484 73 160
473 70572 66 4 70638 0 66
570 70744 59 4 70803 0 59
380 70778 41 3 70844 25 66
316 70928 49 4 70977 0 49
573 70965 50 2 71027 12 62
731 70994 51 2 71078 33 84
330 70956 70 2 71148 122 192
299 71092 29 1 71177 56 85
813 71088 80 1 71257 89 169
639 71470 27 4 71497 0 27
334 71612 22 3 71634 0 22
360 71672 42 4 71714 0 42
5 71831 23 2 71854 0 23
437 71891 27 2 71918 0 27
857 72080 29 1 72109 0 29
964 72153 46 4 72199 0 46
193 72197 71 4 72270 2 73
204 72219 29 4 72299 51 80
113 72213 59 4 72358 86 145
574 72420 61 4 72481 0 61
93 72432 70 4 72551 49 119
492 72572 80 4 72652 0 80
578 72578 63 3 72715 74 137
198 72716 67 3 72783 0 67
721 72831 23 4 72854 0 23
600 72999 40 2 73039 0 40
354 73019 39 4 73078 20 59
211 73054 22 1 73100 24 46
761 73055 34 4 73134 45 79
231 73076 57 2 73191 58 115
563 73169 49 1 73240 22 71
239 73217 72 2 73312 23 95
351 73342 61 1 73403 0 61
201 73346 25 4 73428 57 82
687 73393 43 2 73471 35 78
596 73457 47 3 73518 14 61
957 73472 38 4 73556 46 84
775 73346 62 3 73618 210 272
159 73601 68 4 73686 17 85
754 73678 62 4 73748 8 70
73 73739 43 2 73791 9 52
911 73793 75 4 73868 0 75
847 73796 31 3 73899 72 103
745 73814 32 4 73931 85 117
658 73894 54 4 73985 37 91
653 73953 30 1 74015 32 62
736 74010 33 3 74048 5 38
907 73988 53 4 74101 60 113
210 74089 28 3 74129 12 40
597 73906 78 3 74207 223 301
128 74153 21 4 74228 54 75
663 74169 31 4 74259 59 90
694 74253 22 2 74281 6 28
17 74242 37 4 74318 39 76
83 74301 30 4 74348 17 47
249 74258 70 2 74418 90 160
429 74454 63 4 74517 0 63
833 74532 80 2 74612 0 80
539 74547 47 1 74659 65 112
985 74615 20 4 74679 44 64
333 74761 52 3 74813 0 52
353 74798 33 4 74846 15 48
233 74836 34 3 74880 10 44
28 75042 76 3 75118 0 76
536 75092 27 4 75145 26 53
826 75155 28 4 75183 0 28
923 75230 68 3 75298 0 68
118 75237 41 4 75339 61 102
822 75326 26 2 75365 13 39
72 75238 61 4 75426 127 188
868 75442 27 4 75469 0 27
681 75662 23 3 75685 0 23
772 75683 47 4 75732 2 49
889 75731 35 3 75767 1 36
864 75741 60 3 75827 26 86
549 75799 47 4 75874 28 75
62 75843 38 2 75912 31 69
789 75949 37 4 75986 0 37
638 75981 24 3 76010 5 29
404 76024 71 2 76095 0 71
238 76061 33 4 76128 34 67
247 76120 63 2 76191 8 71
355 76261 57 1 76318 0 57
498 76271 38 3 76356 47 85
348 76281 61 1 76417 75 136
63 76503 40 1 76543 0 40
777 76589 46 4 76635 0 46
263 76721 22 3 76743 0 22
893 76743 62 2 76805 0 62
507 76786 28 4 76833 19 47
785 76823 24 2 76857 10 34
740 76831 65 4 76922 26 91
139 76883 22 1 76944 39 61
337 76883 60 1 77004 61 121
391 77100 32 2 77132 0 32
614 77264 36 3 77300 0 36
359 77387 23 3 77410 0 23
848 77447 50 4 77497 0 50
458 77563 79 3 77642 0 79
246 77640 67 4 77709 2 69
276 77693 27 4 77736 16 43
122 77689 37 4 77773 47 84
365 77833 70 4 77903 0 70
715 77864 45 4 77948 39 84
968 77972 22 4 77994 0 22
260 78017 32 4 78049 0 32
910 78035 62 3 78111 14 76
545 78088 34 3 78145 23 57
760 78148 63 3 78211 0 63
127 78152 29 4 78240 59 88
26 78234 47 3 78287 6 53
294 78245 43 2 78330 42 85
528 78330 37 1 78367 0 37
767 78267 50 1 78417 100 150
104 78428 98 3 78526 0 98
934 78494 56 1 78582 32 88
173 78570 45 3 78627 12 57
465 78532 57 2 78684 95 152
779 78664 23 4 78707 20 43
774 78670 65 2 78772 37 102
61 78761 25 4 78797 11 36
752 78805 39 2 78844 0 39
776 78897 41 4 78938 0 41
265 78934 40 4 78978 4 44
508 79020 61 1 79081 0 61
817 79061 83 4 79164 20 103
82 79061 85 3 79249 103 188
186 79177 64 3 79313 72 136
140 79253 29 4 79342 60 89
285 79346 45 4 79391 0 45
839 79537 73 3 79610 0 73
569 79880 32 4 79912 0 32
277 79902 64 2 79976 10 74
97 79941 54 2 80030 35 89
913 79998 34 3 80064 32 66
744 80021 43 3 80107 43 86
922 79998 59 2 80166 109 168
672 79998 65 4 80231 168 233
153 80315 80 4 80395 0 80
109 80346 23 1 80418 49 72
962 80359 41 3 80459 59 100
886 80450 33 2 80492 9 42
641 80492 30 2 80522 0 30
995 80580 46 4 80626 0 46
2 80598 37 4 80663 28 65
339 80629 33 3 80696 34 67
121 80796 43 4 80839 0 43
379 80874 27 4 80901 0 27
623 80889 52 2 80953 12 64
474 80934 71 4 81024 19 90
805 80983 44 4 81068 41 85
602 80995 46 3 81114 73 119
343 81019 69 4 81183 95 164
881 81144 38 4 81221 39 77
444 81198 39 4 81260 23 62
65 81256 35 2 81295 4 39
844 81389 63 3 81452 0 63
604 81460 95 3 81555 0 95
237 81491 22 4 81577 64 86
464 81545 34 4 81611 32 66
370 81476 52 3 81663 135 187
195 81635 40 3 81703 28 68
559 81684 71 3 81774 19 90
253 81750 30 4 81804 24 54
431 81705 37 4 81841 99 136
257 81809 32 4 81873 32 64
270 81873 32 1 81905 0 32
11 81875 63 2 81968 30 93
554 81931 26 4 81994 37 63
978 81823 70 2 82064 171 241
690 81545 72 3 82136 519 591
386 82066 23 2 82159 70 93
145 81951 76 4 82235 208 284
318 82189 69 3 82304 46 115
327 81686 83 3 82387 618 701
501 81855 83 3 82470 532 615
642 82451 28 1 82498 19 47
892 82472 29 4 82527 26 55
471 82451 32 3 82559 76 108
264 82470 43 2 82602 89 132
345 82458 66 2 82668 144 210
937 82750 65 3 82815 0 65
584 82803 41 4 82856 12 53
969 82755 44 4 82900 101 145
714 82898 27 2 82927 2 29
313 82891 63 4 82990 36 99
827 82982 35 3 83025 8 43
540 83000 31 4 83056 25 56
505 82977 51 1 83107 79 130
214 82977 52 4 83159 130 182
482 83017 75 3 83234 142 217
469 83182 29 4 83263 52 81
279 83080 77 4 83340 183 260
688 83323 30 3 83370 17 47
674 83273 42 2 83412 97 139
535 83341 65 3 83477 71 136
657 83453 57 4 83534 24 81
423 82759 81 2 83615 775 856
749 83611 25 4 83640 4 29
451 83695 62 3 83757 0 62
809 83704 42 4 83799 53 95
317 83708 85 3 83884 91 176
765 83873 22 4 83906 11 33
556 83874 24 4 83930 32 56
821 83891 33 4 83963 39 72
625 83990 24 1 84014 0 24
425 84087 53 3 84140 0 53
306 84147 61 3 84208 0 61
24 84204 87 3 84295 4 91
728 84256 54 3 84349 39 93
382 84217 60 1 84409 132 192
595 84389 35 4 84444 20 55
878 84319 67 4 84511 125 192
621 84499 25 3 84536 12 37
252 84530 44 4 84580 6 50
297 84555 29 2 84609 25 54
853 84578 47 4 84656 31 78
518 84459 60 4 84716 197 257
899 84659 58 3 84774 57 115
428 84744 70 3 84844 30 100
36 84211 71 3 84915 633 704
634 84867 60 3 84975 48 108
996 84941 20 4 84995 34 54
700 84462 81 3 85076 533 614
228 84211 82 3 85158 865 947
324 85135 29 3 85187 23 52
701 85151 31 3 85218 36 67
965 84362 82 3 85300 856 938
184 85224 44 4 85344 76 120
329 84717 86 2 85430 627 713
156 85429 21 3 85451 1 22
735 85429 30 3 85481 22 52
288 85461 35 4 85516 20 55
424 85346 49 1 85565 170 219
10 85535 32 3 85597 30 62
448 85508 51 4 85648 89 140
845 85623 46 4 85694 25 71
197 85485 54 4 85748 209 263
78 85694 83 3 85831 54 137
433 85806 22 4 85853 25 47
296 85806 74 1 85927 47 121
278 85877 49 4 85976 50 99
921 85938 36 2 86012 38 74
123 85995 35 4 86047 17 52
742 85495 87 3 86134 552 639
335 86080 30 2 86164 54 84
933 86149 42 2 86206 15 57
977 85610 91 3 86297 596 687
511 86213 27 4 86324 84 111
510 86339 57 4 86396 0 57
506 86443 45 1 86488 0 45
190 86444 31 2 86519 44 75
651 86468 46 4 86565 51 97
387 86532 65 2 86630 33 98
14 86610 41 3 86671 20 61
631 86639 26 4 86697 32 58
525 86656 42 4 86739 41 83
992 86713 33 2 86772 26 59
1 86768 28 4 86800 4 32
783 86878 22 4 86900 0 22
396 86898 58 4 86958 2 60
216 86961 73 2 87034 0 73
867 87019 37 4 87071 15 52
734 87066 44 4 87115 5 49
224 87253 87 2 87340 0 87
888 87358 69 3 87427 0 69
381 87402 23 2 87450 25 48
733 87626 37 4 87663 0 37
420 87660 33 4 87696 3 36
561 87654 38 4 87734 42 80
903 87734 32 4 87766 0 32
446 87631 50 3 87816 135 185
949 87802 42 4 87858 14 56
726 87807 68 4 87926 51 119
493 87878 59 3 87985 48 107
148 87961 24 2 88009 24 48
21 88091 69 2 88160 0 69
966 88185 40 4 88225 0 40
166 88224 29 2 88254 1 30
654 88236 22 1 88276 18 40
771 88259 25 2 88301 17 42
119 88317 46 4 88363 0 46
959 88324 65 1 88428 39 104
834 88410 28 3 88456 18 46
601 88403 31 4 88487 53 84
753 88561 57 4 88618 0 57
951 88668 63 1 88731 0 63
377 88690 21 3 88752 41 62
50 88828 81 4 88909 0 81
223 88928 59 4 88987 0 59
948 88929 30 4 89017 58 88
981 88931 54 3 89071 86 140
150 89036 21 1 89092 35 56
131 89131 93 3 89224 0 93
388 89175 34 2 89258 49 83
967 89231 24 4 89282 27 51
141 89219 42 4 89324 63 105
441 89215 45 2 89369 109 154
801 89140 65 3 89434 229 294
692 89394 46 3 89480 40 86
916 89318 82 4 89562 162 244
132 89612 31 4 89643 0 31
660 89619 75 4 89718 24 99
924 89734 65 3 89799 0 65
43 89767 76 4 89875 32 108
100 89841 52 2 89927 34 86
956 89872 79 2 90006 55 134
541 89967 43 3 90049 39 82
47 90025 24 4 90073 24 48
667 90033 51 2 90124 40 91
476 90108 21 4 90145 16 37
577 90138 49 2 90194 7 56
622 90166 23 1 90217 28 51
947 90204 55 4 90272 13 68
76 90236 71 4 90343 36 107
19 90316 32 4 90375 27 59
407 90293 39 4 90414 82 121
902 90285 83 3 90497 129 212
900 90422 47 3 90544 75 122
804 90496 95 4 90639 48 143
468 90582 41 3 90680 57 98
64 90643 24 4 90704 37 61
976 90659 25 1 90729 45 70
445 90588 42 3 90771 141 183
487 90759 45 4 90816 12 57
292 90600 77 4 90893 216 293
810 90857 31 4 90924 36 67
787 90908 27 2 90951 16 43
793 90946 49 2 91000 5 54
562 90887 76 4 91076 113 189
266 91045 81 2 91157 31 112
120 91142 22 4 91179 15 37
815 91148 26 4 91205 31 57
781 91122 36 2 91241 83 119
462 91226 21 3 91262 15 36
866 91221 36 4 91298 41 77
308 91262 39 3 91337 36 75
310 91332 60 3 91397 5 65
401 91377 53 2 91450 20 73
415 91419 73 4 91523 31 104
367 91457 67 2 91590 66 133
443 91203 77 2 91667 387 464
842 91665 45 4 91712 2 47
998 91623 45 3 91757 89 134
12 91714 34 4 91791 43 77
453 91708 54 2 91845 83 137
41 91829 50 3 91895 16 66
56 91874 53 1 91948 21 74
522 91909 42 3 91990 39 81
876 91799 61 4 92051 191 252
419 91656 61 4 92112 395 456
412 92063 64 3 92176 49 113
912 92162 66 2 92242 14 80
940 92210 38 2 92280 32 70
188 91662 68 3 92348 618 686
782 92310 30 3 92378 38 68
608 92329 73 4 92451 49 122
272 92054 77 1 92528 397 474
811 92467 32 4 92560 61 93
526 92553 26 4 92586 7 33
590 92463 59 1 92645 123 182
711 92189 85 2 92730 456 541
130 92657 24 4 92754 73 97
142 92655 31 4 92785 99 130
199 92691 52 3 92837 94 146
537 92757 73 4 92910 80 153
495 92843 68 2 92978 67 135
617 91835 90 4 93068 1143 1233
69 93001 32 4 93100 67 99
390 93021 46 3 93146 79 125
919 92994 62 1 93208 152 214
929 93203 20 2 93228 5 25
280 93075 81 2 93309 153 234
418 93503 27 4 93530 0 27
580 93508 61 4 93591 22 83
926 93566 41 3 93632 25 66
547 93608 29 4 93661 24 53
579 93637 26 2 93687 24 50
808 93505 68 3 93755 182 250
513 93784 71 3 93855 0 71
320 93827 58 1 93913 28 86
591 94115 74 2 94189 0 74
442 94175 40 3 94229 14 54
484 94213 37 3 94266 16 53
676 94221 48 3 94314 45 93
312 94117 64 2 94378 197 261
81 94335 43 1 94421 43 86
894 94379 26 2 94447 42 68
181 94318 50 2 94497 129 179
187 94452 54 1 94551 45 99
835 94511 35 2 94586 40 75
945 94553 38 4 94624 33 71
254 94621 25 4 94649 3 28
98 94504 46 3 94695 145 191
890 94679 36 3 94731 16 52
289 94717 49 4 94780 14 63
814 94471 64 4 94844 309 373
135 94214 66 4 94910 630 696
101 94845 58 4 94968 65 123
530 94958 49 1 95017 10 59
331 95010 26 3 95043 7 33
350 95038 32 2 95075 5 37
743 95057 22 4 95097 18 40
683 94745 76 4 95173 352 428
877 94213 84 2 95257 960 1044
258 95225 75 2 95332 32 107
79 95329 27 3 95359 3 30
7 95564 38 4 95602 0 38
730 95564 45 1 95647 38 83
729 95604 73 3 95720 43 116
705 95805 54 3 95859 0 54
129 95823 28 2 95887 36 64
267 95913 58 1 95971 0 58
706 95947 35 3 96006 24 59
68 95983 75 4 96081 23 98
245 96041 48 3 96129 40 88
521 96014 66 3 96195 115 181
626 96131 25 3 96220 64 89
612 95921 84 3 96304 299 383
840 96224 32 3 96336 80 112
217 96226 39 4 96375 110 149
219 96340 23 4 96398 35 58
675 96449 26 4 96475 0 26
898 96493 34 4 96527 0 34
48 96552 25 4 96577 0 25
472 96571 24 3 96601 6 30
105 96649 57 2 96706 0 57
585 96700 21 3 96727 6 27
816 96669 22 3 96749 58 80
988 96691 37 3 96786 58 95
906 96770 48 3 96834 16 64
160 96770 71 3 96905 64 135
42 96876 26 2 96931 29 55
321 96951 38 2 96989 0 38
703 97082 42 2 97124 0 42
627 97127 46 4 97173 0 46
512 97156 44 3 97217 17 61
286 97196 24 4 97241 21 45
586 97214 85 4 97326 27 112
94 97263 66 4 97392 63 129
269 97378 26 2 97418 14 40
34 97387 35 2 97453 31 66
606 97424 22 4 97475 29 51
92 97432 30 2 97505 43 73
589 97443 34 4 97539 62 96
662 97424 51 3 97590 115 166
23 97551 34 4 97624 39 73
646 97547 55 3 97679 77 132
416 97638 34 1 97713 41 75
394 97557 68 2 97781 156 224
218 97764 25 1 97806 17 42
352 97792 29 4 97835 14 43
215 97818 35 3 97870 17 52
174 97840 35 4 97905 30 65
290 97896 32 1 97937 9 41
185 97865 46 4 97983 72 118
636 97981 42 3 98025 2 44
207 97994 20 4 98045 31 51
283 98041 24 4 98069 4 28
477 97993 37 1 98106 76 113
575 98099 26 3 98132 7 33
879 97881 51 3 98183 251 302
555 98082 58 2 98241 101 159
698 98239 24 4 98265 2 26
803 98136 60 2 98325 129 189
406 97878 65 3 98390 447 512
300 98074 69 3 98459 316 385
650 98414 23 4 98482 45 68
392 97336 74 1 98556 1146 1220
95 98550 22 4 98578 6 28
413 98520 26 4 98604 58 84
620 98485 66 2 98670 119 185
138 98648 43 4 98713 22 65
364 98648 47 4 98760 65 112
363 98598 69 4 98829 162 231
619 98785 25 2 98854 44 69
697 98431 76 2 98930 423 499
637 97338 77 4 99007 1592 1669
45 98934 35 3 99042 73 108
117 98940 44 1 99086 102 146
818 99054 31 1 99117 32 63
154 99054 86 2 99203 63 149
455 99193 24 4 99227 10 34
944 99223 33 4 99260 4 37
125 99171 64 2 99324 89 153
209 99285 66 4 99390 39 105
488 99354 28 2 99418 36 64
875 99405 33 3 99451 13 46
794 99298 66 1 99517 153 219
677 99513 46 4 99563 4 50
273 99555 78 3 99641 8 86
665 99617 35 4 99676 24 59
603 99629 52 3 99728 47 99
336 99679 34 4 99762 49 83
938 99762 48 4 99810 0 48
543 99611 92 3 99902 199 291
946 99892 22 3 99924 10 32
500 99967 22 2 99989 0 22
