100346 1000 107 59
504 3171 58 4 3229 0 58
736 6638 69 4 6707 0 69
950 7586 43 1 7629 0 43
695 8720 48 1 8768 0 48
87 8833 66 1 8899 0 66
184 9150 25 4 9175 0 25
657 9938 35 4 9973 0 35
733 10282 36 4 10318 0 36
1 10348 71 4 10419 0 71
393 12722 50 4 12772 0 50
418 12800 30 4 12830 0 30
366 13021 20 4 13041 0 20
597 13465 52 3 13517 0 52
715 14477 41 4 14518 0 41
403 14914 36 2 14950 0 36
485 15176 50 2 15226 0 50
378 15436 35 4 15471 0 35
627 15499 72 4 15571 0 72
613 15671 26 3 15697 0 26
593 15888 32 4 15920 0 32
526 16149 20 2 16169 0 20
578 16213 51 4 16264 0 51
350 17183 29 4 17212 0 29
186 17703 30 3 17733 0 30
74 18253 47 4 18300 0 47
863 18348 40 2 18388 0 40
716 18460 21 1 18481 0 21
105 18576 37 4 18613 0 37
908 19099 38 4 19137 0 38
313 19476 61 3 19537 0 61
743 19477 27 4 19564 60 87
895 19593 36 1 19629 0 36
777 20100 62 3 20162 0 62
290 20283 88 2 20371 0 88
247 21088 31 3 21119 0 31
141 21259 25 4 21284 0 25
441 21333 72 4 21405 0 72
856 21436 53 4 21489 0 53
64 21498 57 3 21555 0 57
159 21574 78 4 21652 0 78
820 21920 54 2 21974 0 54
664 22145 82 4 22227 0 82
381 22591 46 3 22637 0 46
20 22644 28 3 22672 0 28
765 22736 21 3 22757 0 21
725 22962 86 3 23048 0 86
315 23268 76 4 23344 0 76
514 23332 37 4 23381 12 49
924 23405 55 2 23460 0 55
849 23816 73 1 23889 0 73
253 23976 42 2 24018 0 42
475 24203 81 3 24284 0 81
60 24436 48 1 24484 0 48
520 24489 58 3 24547 0 58
213 24558 58 3 24616 0 58
83 24841 26 2 24867 0 26
67 25126 24 3 25150 0 24
945 25203 59 1 25262 0 59
316 25315 79 2 25394 0 79
790 25402 34 3 25436 0 34
795 25545 38 3 25583 0 38
944 25766 55 4 25821 0 55
982 25820 52 3 25873 1 53
466 26233 92 4 26325 0 92
918 26309 46 4 26371 16 62
92 26958 33 2 26991 0 33
407 27260 44 4 27304 0 44
236 27300 61 3 27365 4 65
762 27702 44 2 27746 0 44
611 28079 79 4 28158 0 79
261 28347 21 2 28368 0 21
345 28539 22 4 28561 0 22
427 28750 47 4 28797 0 47
645 28878 87 2 28965 0 87
322 29038 68 4 29106 0 68
549 29317 68 4 29385 0 68
686 29783 24 3 29807 0 24
754 29800 47 3 29854 7 54
748 29891 27 3 29918 0 27
689 29902 25 4 29943 16 41
542 30000 78 4 30078 0 78
729 30068 24 4 30102 10 34
453 30055 35 4 30137 47 82
552 30191 40 4 30231 0 40
984 30242 29 3 30271 0 29
15 30525 47 3 30572 0 47
274 30955 40 2 30995 0 40
968 31383 63 3 31446 0 63
616 31394 81 1 31527 52 133
413 31525 42 3 31569 2 44
506 31532 30 3 31599 37 67
411 31516 45 4 31644 83 128
311 31464 47 2 31691 180 227
306 31935 53 4 31988 0 53
235 31953 69 4 32057 35 104
99 32084 33 4 32117 0 33
511 32238 88 2 32326 0 88
301 32306 42 4 32368 20 62
976 32290 76 2 32444 78 154
639 32581 26 4 32607 0 26
789 32779 28 2 32807 0 28
517 32795 49 3 32856 12 61
857 32793 63 4 32919 63 126
257 33074 35 4 33109 0 35
625 33485 38 4 33523 0 38
354 33519 35 2 33558 4 39
136 33609 47 4 33656 0 47
195 33628 65 1 33721 28 93
250 33720 25 3 33746 1 26
198 33708 71 3 33817 38 109
887 33886 75 4 33961 0 75
679 34039 24 2 34063 0 24
677 34070 60 4 34130 0 60
687 34084 34 4 34164 46 80
181 34177 30 2 34207 0 30
192 34700 33 3 34733 0 33
995 34700 52 4 34785 33 85
929 34736 33 3 34818 49 82
546 34831 63 3 34894 0 63
303 35116 51 4 35167 0 51
327 35381 38 4 35419 0 38
522 35484 83 4 35567 0 83
243 35512 99 3 35666 55 154
936 35574 23 3 35689 92 115
505 35621 25 2 35714 68 93
146 36006 63 3 36069 0 63
111 36012 61 4 36130 57 118
803 36122 38 2 36168 8 46
990 36360 43 1 36403 0 43
970 36838 33 4 36871 0 33
395 36993 97 4 37090 0 97
699 37064 50 4 37140 26 76
431 37110 39 2 37179 30 69
567 37207 40 1 37247 0 40
42 37428 53 4 37481 0 53
45 37628 31 2 37659 0 31
903 37837 24 4 37861 0 24
130 37893 66 4 37959 0 66
498 38086 24 3 38110 0 24
832 38211 64 3 38275 0 64
227 38677 64 4 38741 0 64
672 38694 24 4 38765 47 71
283 38904 36 1 38940 0 36
202 39236 61 3 39297 0 61
294 39421 29 4 39450 0 29
652 39501 32 1 39533 0 32
359 39532 36 2 39569 1 37
884 39638 79 4 39717 0 79
386 39639 53 2 39770 78 131
277 39720 27 1 39797 50 77
825 39768 46 4 39843 29 75
878 39803 23 3 39866 40 63
249 40065 42 3 40107 0 42
52 40198 25 3 40223 0 25
38 40392 53 1 40445 0 53
390 40409 36 2 40481 36 72
58 40480 56 3 40537 1 57
47 40504 38 3 40575 33 71
919 40467 68 1 40643 108 176
224 40404 97 3 40740 239 336
252 40660 83 3 40823 80 163
127 40767 31 3 40854 56 87
180 40799 44 1 40898 55 99
609 41228 29 2 41257 0 29
55 41401 55 3 41456 0 55
796 41420 52 4 41508 36 88
182 41464 34 4 41542 44 78
349 41521 68 1 41610 21 89
848 41565 42 4 41652 45 87
721 41420 72 3 41724 232 304
22 41703 31 1 41755 21 52
206 41665 55 4 41810 90 145
913 41689 57 1 41867 121 178
318 41739 74 3 41941 128 202
516 41939 57 4 41998 2 59
529 42224 82 3 42306 0 82
331 42342 37 1 42379 0 37
592 42351 54 1 42433 28 82
172 42381 56 4 42489 52 108
120 42524 57 4 42581 0 57
50 42537 81 2 42662 44 125
999 42645 42 2 42704 17 59
871 42660 58 3 42762 44 102
885 42922 37 3 42959 0 37
445 42956 67 1 43026 3 70
665 43019 66 4 43092 7 73
298 43204 32 2 43236 0 32
285 43413 71 1 43484 0 71
114 43548 32 3 43580 0 32
154 43568 52 3 43632 12 64
670 43603 52 4 43684 29 81
478 44007 45 4 44052 0 45
30 44162 72 2 44234 0 72
940 44168 94 4 44328 66 160
226 44270 40 4 44368 58 98
464 44252 51 3 44419 116 167
707 44579 21 1 44600 0 21
986 44634 21 3 44655 0 21
137 44650 89 4 44744 5 94
201 44712 50 4 44794 32 82
482 44836 42 4 44878 0 42
189 44846 33 2 44911 32 65
579 44868 47 3 44958 43 90
89 44849 79 3 45037 109 188
268 45093 56 3 45149 0 56
773 45114 37 2 45186 35 72
615 45214 20 3 45234 0 20
766 45395 33 3 45428 0 33
502 45642 25 1 45667 0 25
385 45656 24 3 45691 11 35
655 45671 50 4 45741 20 70
365 45795 54 4 45849 0 54
960 45852 46 1 45898 0 46
899 46019 70 4 46089 0 70
379 46049 27 3 46116 40 67
422 46030 87 3 46203 86 173
399 46165 39 4 46242 38 77
167 46291 32 4 46323 0 32
512 46344 57 4 46401 0 57
865 46408 79 3 46487 0 79
97 46673 63 3 46736 0 63
737 46828 39 4 46867 0 39
533 46893 72 3 46965 0 72
286 46913 31 4 46996 52 83
551 46895 51 1 47047 101 152
540 47180 49 3 47229 0 49
608 47191 24 3 47253 38 62
985 47195 61 4 47314 58 119
961 47296 52 2 47366 18 70
854 47413 45 4 47458 0 45
334 47465 25 2 47490 0 25
361 47488 41 2 47531 2 43
894 47518 49 4 47580 13 62
86 47542 36 3 47616 38 74
595 47512 52 4 47668 104 156
538 47517 63 1 47731 151 214
85 47653 66 3 47797 78 144
152 47725 86 3 47883 72 158
953 48043 79 2 48122 0 79
456 48142 43 3 48185 0 43
569 48361 36 3 48397 0 36
90 48460 63 4 48523 0 63
160 48574 64 3 48638 0 64
791 48697 93 3 48790 0 93
297 48729 46 3 48836 61 107
241 48815 44 4 48880 21 65
880 49063 21 4 49084 0 21
59 49247 29 2 49276 0 29
802 49340 24 4 49364 0 24
71 49349 51 3 49415 15 66
7 50092 67 4 50159 0 67
912 50112 34 4 50193 47 81
640 50188 72 4 50265 5 77
467 50453 95 3 50548 0 95
429 50514 49 2 50597 34 83
490 50556 48 3 50645 41 89
357 50595 55 2 50700 50 105
548 50604 69 1 50769 96 165
375 50710 26 3 50795 59 85
292 50468 95 4 50890 327 422
340 50902 26 3 50928 0 26
77 51059 47 4 51106 0 47
515 51120 36 4 51156 0 36
449 51175 45 3 51220 0 45
622 51216 34 3 51254 4 38
369 51237 27 3 51281 17 44
439 51303 43 4 51346 0 43
122 51351 55 2 51406 0 55
602 51486 53 4 51539 0 53
281 51545 33 4 51578 0 33
244 51711 68 3 51779 0 68
302 51828 32 3 51860 0 32
310 52375 52 3 52427 0 52
51 52419 50 4 52477 8 58
521 52679 41 4 52720 0 41
187 52704 69 4 52789 16 85
614 52753 80 3 52869 36 116
934 53046 50 1 53096 0 50
162 53149 25 2 53174 0 25
744 53229 60 4 53289 0 60
527 53234 26 1 53315 55 81
575 53285 40 1 53355 30 70
637 53338 42 3 53397 17 59
115 53232 63 3 53460 165 228
898 53409 83 3 53543 51 134
588 53589 23 1 53612 0 23
553 53647 49 3 53696 0 49
644 53835 22 3 53857 0 22
36 54005 26 4 54031 0 26
128 54019 29 3 54060 12 41
363 54012 45 3 54105 48 93
460 54008 76 4 54181 97 173
177 54173 31 3 54212 8 39
651 54277 73 4 54350 0 73
809 54314 35 4 54385 36 71
987 54287 44 3 54429 98 142
954 54418 29 1 54458 11 40
463 54360 56 4 54514 98 154
104 54452 59 3 54573 62 121
135 54643 26 1 54669 0 26
245 54707 90 3 54797 0 90
336 54884 55 3 54939 0 55
823 54933 20 3 54959 6 26
889 55011 26 4 55037 0 26
156 55074 44 3 55118 0 44
730 55135 65 4 55200 0 65
338 55173 33 1 55233 27 60
109 55273 50 2 55323 0 50
881 55348 24 3 55372 0 24
532 55412 20 2 55432 0 20
996 55622 94 2 55716 0 94
150 55705 61 3 55777 11 72
782 55874 36 1 55910 0 36
585 55940 24 4 55964 0 24
376 55965 56 4 56021 0 56
921 56095 47 1 56142 0 47
617 56203 60 3 56263 0 60
666 56288 76 3 56364 0 76
776 56329 85 2 56449 35 120
489 56410 51 3 56500 39 90
98 56411 51 1 56551 89 140
321 56371 76 3 56627 180 256
877 56748 39 4 56787 0 39
650 56838 65 3 56903 0 65
355 56839 32 1 56935 64 96
280 57038 22 4 57060 0 22
647 57113 45 2 57158 0 45
893 57178 27 4 57205 0 27
690 57219 61 3 57280 0 61
978 57394 22 3 57416 0 22
902 57495 33 4 57528 0 33
619 57500 30 2 57558 28 58
486 57538 33 3 57591 20 53
444 57577 30 4 57621 14 44
78 57658 66 4 57724 0 66
219 57685 40 2 57764 39 79
267 57721 55 3 57819 43 98
362 57799 62 3 57881 20 82
784 57682 73 2 57954 199 272
621 58022 46 3 58068 0 46
531 58153 61 4 58214 0 61
587 58337 33 4 58370 0 33
168 58455 49 2 58504 0 49
492 58640 56 4 58696 0 56
703 58656 33 3 58729 40 73
299 58762 29 4 58791 0 29
24 58778 67 2 58858 13 80
406 58818 72 3 58930 40 112
998 58866 64 2 58994 64 128
828 58835 79 2 59073 159 238
147 59261 79 4 59340 0 79
374 59295 30 3 59370 45 75
847 59309 35 2 59405 61 96
932 59400 37 3 59442 5 42
780 59478 66 2 59544 0 66
262 59499 45 3 59589 45 90
296 59650 45 3 59695 0 45
835 59715 51 1 59766 0 51
956 59896 29 3 59925 0 29
570 59909 27 4 59952 16 43
214 59941 73 1 60025 11 84
221 59988 70 4 60095 37 107
317 60257 47 4 60304 0 47
739 60314 55 3 60369 0 55
942 60346 39 3 60408 23 62
417 60331 79 2 60487 77 156
239 60550 58 3 60608 0 58
351 60625 58 4 60683 0 58
851 60829 47 3 60876 0 47
746 60835 49 1 60925 41 90
801 60902 34 4 60959 23 57
205 60929 32 4 60991 30 62
539 60976 54 3 61045 15 69
817 60973 68 3 61113 72 140
678 61077 47 3 61160 36 83
356 61240 72 1 61312 0 72
604 61246 52 3 61364 66 118
225 61351 51 3 61415 13 64
792 61461 27 4 61488 0 27
974 61520 46 4 61566 0 46
581 61573 46 1 61619 0 46
806 61598 36 4 61655 21 57
772 61648 62 3 61717 7 69
402 61658 58 3 61775 59 117
642 61765 34 4 61809 10 44
229 61813 64 2 61877 0 64
149 61857 32 4 61909 20 52
763 62052 50 4 62102 0 50
367 62059 27 2 62129 43 70
96 62358 34 4 62392 0 34
468 62565 64 2 62629 0 64
955 62617 69 4 62698 12 81
537 62653 23 4 62721 45 68
508 62641 31 3 62752 80 111
833 62642 45 4 62797 110 155
586 62682 45 2 62842 115 160
714 62840 25 1 62867 2 27
523 62824 37 4 62904 43 80
631 62796 58 3 62962 108 166
991 62917 49 1 63011 45 94
972 63010 26 4 63037 1 27
794 63001 41 3 63078 36 77
933 63040 58 3 63136 38 96
797 63081 44 3 63180 55 99
949 62637 71 4 63251 543 614
626 63204 32 3 63283 47 79
450 63206 74 4 63357 77 151
131 62835 80 1 63437 522 602
684 63054 92 2 63529 383 475
73 63630 39 1 63669 0 39
966 63701 30 2 63731 0 30
975 63727 23 2 63754 4 27
342 63774 76 4 63850 0 76
541 63878 43 3 63921 0 43
197 63896 58 4 63979 25 83
477 64021 43 1 64064 0 43
70 64032 30 3 64094 32 62
680 64100 72 4 64172 0 72
818 64369 22 3 64391 0 22
103 64423 40 4 64463 0 40
495 64470 22 3 64492 0 22
761 64476 25 4 64517 16 41
3 64567 61 3 64628 0 61
594 64601 62 4 64690 27 89
370 64600 63 3 64753 90 153
474 64777 38 3 64815 0 38
756 64799 31 1 64846 16 47
49 64779 53 3 64899 67 120
764 64809 71 3 64970 90 161
37 65001 46 3 65047 0 46
305 65040 81 2 65128 7 88
633 65317 26 4 65343 0 26
783 65419 34 4 65453 0 34
897 65574 53 1 65627 0 53
816 65739 57 1 65796 0 57
706 65757 24 4 65820 39 63
348 65885 41 1 65926 0 41
745 65898 82 2 66008 28 110
254 65969 23 3 66031 39 62
977 66013 60 2 66091 18 78
481 65977 76 4 66167 114 190
46 66104 66 1 66233 63 129
54 66095 69 1 66302 138 207
681 66371 57 4 66428 0 57
371 66388 20 2 66448 40 60
389 66616 37 4 66653 0 37
480 66619 47 1 66700 34 81
394 66776 84 4 66860 0 84
811 66796 74 1 66934 64 138
724 67000 35 4 67035 0 35
719 67003 39 4 67074 32 71
400 67232 27 1 67259 0 27
435 67237 27 4 67286 22 49
804 67261 57 2 67343 25 82
612 67334 43 3 67386 9 52
979 67389 85 3 67474 0 85
68 67535 49 4 67584 0 49
275 67580 54 4 67638 4 58
242 67612 43 3 67681 26 69
43 67673 25 1 67706 8 33
786 67729 71 4 67800 0 71
26 67952 33 2 67985 0 33
279 68004 22 2 68026 0 22
307 68122 73 4 68195 0 73
377 68208 75 4 68283 0 75
483 68331 46 3 68377 0 46
550 68365 66 4 68443 12 78
576 68429 26 3 68469 14 40
332 68490 38 2 68528 0 38
781 68506 60 4 68588 22 82
4 68699 61 2 68760 0 61
396 68825 42 3 68867 0 42
705 69077 68 1 69145 0 68
667 69111 35 1 69180 34 69
107 69202 52 4 69254 0 52
573 69395 74 4 69469 0 74
688 69461 74 3 69543 8 82
487 69493 48 4 69591 50 98
741 69576 64 1 69655 15 79
488 69626 35 4 69690 29 64
993 69644 54 4 69744 46 100
442 69699 29 3 69773 45 74
988 69674 73 4 69846 99 172
360 69841 67 3 69913 5 72
266 69733 87 1 70000 180 267
155 69967 82 4 70082 33 115
753 70022 29 3 70111 60 89
178 70022 30 4 70141 89 119
562 70058 58 3 70199 83 141
101 70160 34 4 70233 39 73
157 70354 21 3 70375 0 21
240 70377 26 4 70403 0 26
704 70393 77 2 70480 10 87
81 70488 26 3 70514 0 26
333 70609 34 4 70643 0 34
937 70661 65 4 70726 0 65
69 70769 51 4 70820 0 51
5 70835 89 2 70924 0 89
499 70886 39 3 70963 38 77
693 70876 45 4 71008 87 132
632 70999 42 3 71050 9 51
911 71178 39 3 71217 0 39
564 71256 83 3 71339 0 83
123 71319 25 3 71364 20 45
199 71258 25 2 71389 106 131
866 71351 50 3 71439 38 88
329 71427 22 2 71461 12 34
928 71459 41 1 71502 2 43
807 71324 58 2 71560 178 236
671 71305 64 2 71624 255 319
618 71568 33 3 71657 56 89
222 71656 36 3 71693 1 37
947 71589 40 2 71733 104 144
973 71609 72 4 71805 124 196
983 71865 41 3 71906 0 41
819 71941 21 4 71962 0 21
596 71981 44 3 72025 0 44
800 71996 41 2 72066 29 70
565 72047 32 4 72098 19 51
543 72109 68 4 72177 0 68
957 72181 60 3 72241 0 60
874 72237 57 4 72298 4 61
166 72250 31 2 72329 48 79
323 72318 25 2 72354 11 36
723 72306 30 4 72384 48 78
405 72377 32 4 72416 7 39
661 72449 31 4 72480 0 31
829 72503 26 3 72529 0 26
992 72596 25 4 72621 0 25
844 72627 36 1 72663 0 36
56 72703 67 2 72770 0 67
838 72975 23 3 72998 0 23
263 73017 65 4 73082 0 65
728 73184 38 3 73222 0 38
484 73296 42 2 73338 0 42
510 73444 26 4 73470 0 26
134 73490 21 2 73511 0 21
113 73509 42 3 73553 2 44
308 73519 37 2 73590 34 71
920 73571 72 4 73662 19 91
497 73616 22 4 73684 46 68
774 73728 77 4 73805 0 77
591 73902 79 3 73981 0 79
981 74157 87 2 74244 0 87
558 74196 33 2 74277 48 81
476 74247 49 4 74326 30 79
952 74203 57 2 74383 123 180
424 74311 68 3 74451 72 140
143 74418 57 1 74508 33 90
196 74481 23 4 74531 27 50
769 74528 83 3 74614 3 86
401 74306 94 2 74708 308 402
965 74632 33 3 74741 76 109
755 74678 49 4 74790 63 112
428 74687 91 2 74881 103 194
759 74951 58 4 75009 0 58
454 75118 32 4 75150 0 32
994 75131 78 3 75228 19 97
980 75160 34 3 75262 68 102
767 75323 26 4 75349 0 26
757 75399 57 2 75456 0 57
535 75533 57 4 75590 0 57
910 75599 36 3 75635 0 36
404 75770 28 2 75798 0 28
700 75793 55 4 75853 5 60
397 75812 40 1 75893 41 81
175 75933 24 2 75957 0 24
237 75957 22 1 75979 0 22
469 76026 36 1 76062 0 36
335 76032 65 3 76127 30 95
173 76153 38 3 76191 0 38
813 76168 21 4 76212 23 44
563 76225 25 4 76250 0 25
282 76378 48 1 76426 0 48
697 76469 65 4 76534 0 65
923 76507 27 3 76561 27 54
831 76552 50 4 76611 9 59
799 76588 35 2 76646 23 58
63 76626 28 3 76674 20 48
628 76642 35 4 76709 32 67
382 76495 71 3 76780 214 285
494 76712 32 3 76812 68 100
859 76797 40 1 76852 15 55
917 76581 98 3 76950 271 369
108 77030 24 3 77054 0 24
479 77153 38 3 77191 0 38
624 77207 87 4 77294 0 87
415 77300 24 3 77324 0 24
216 77617 26 3 77643 0 26
372 77779 59 3 77838 0 59
473 77779 60 4 77898 59 119
648 77867 25 4 77923 31 56
200 77901 34 3 77957 22 56
629 77807 64 2 78021 150 214
44 77994 23 3 78044 27 50
852 78066 43 2 78109 0 43
948 78143 38 1 78181 0 38
720 78168 79 4 78260 13 92
927 78221 22 3 78282 39 61
204 78275 85 4 78367 7 92
673 78342 54 3 78421 25 79
547 78471 28 4 78499 0 28
185 78594 48 1 78642 0 48
964 78633 25 4 78667 9 34
855 78710 44 4 78754 0 44
939 78740 30 4 78784 14 44
907 78803 21 4 78824 0 21
80 78838 77 3 78915 0 77
610 78909 79 4 78994 6 85
641 79078 54 4 79132 0 54
126 79090 34 3 79166 42 76
12 79111 40 3 79206 55 95
734 79182 62 2 79268 24 86
408 79256 22 1 79290 12 34
358 79265 35 4 79325 25 60
276 79302 25 4 79350 23 48
209 79329 26 3 79376 21 47
959 79364 28 3 79404 12 40
457 79375 61 4 79465 29 90
28 79465 32 2 79497 0 32
18 79516 60 4 79576 0 60
630 79537 45 3 79621 39 84
864 79597 43 3 79664 24 67
432 79717 30 3 79747 0 30
583 79722 43 4 79790 25 68
623 79922 21 2 79943 0 21
53 79926 23 2 79966 17 40
194 80011 29 2 80040 0 29
309 80018 38 4 80078 22 60
93 80052 29 2 80107 26 55
116 80096 35 3 80142 11 46
620 80138 24 4 80166 4 28
269 80138 95 3 80261 28 123
337 80261 20 2 80281 0 20
2 80221 29 4 80310 60 89
717 80303 68 3 80378 7 75
869 80210 74 2 80452 168 242
304 80433 23 1 80475 19 42
284 80427 47 4 80522 48 95
732 80522 64 3 80586 0 64
246 80589 43 4 80632 0 43
100 80619 33 4 80665 13 46
118 80679 33 3 80712 0 33
139 80682 50 4 80762 30 80
414 80752 50 3 80812 10 60
926 80764 53 3 80865 48 101
938 80809 68 4 80933 56 124
179 81168 24 4 81192 0 24
779 81315 47 3 81362 0 47
503 81376 78 4 81454 0 78
368 81474 82 2 81556 0 82
446 81498 37 3 81593 58 95
643 81837 33 3 81870 0 33
879 81914 36 2 81950 0 36
556 81933 48 2 81998 17 65
603 81914 55 4 82053 84 139
941 82002 35 3 82088 51 86
278 81944 60 4 82148 144 204
16 82140 71 4 82219 8 79
528 82049 92 4 82311 170 262
273 82259 33 1 82344 52 85
808 82240 39 4 82383 104 143
223 82456 75 4 82531 0 75
525 82562 78 4 82640 0 78
727 82603 41 3 82681 37 78
555 82696 33 4 82729 0 33
997 82760 25 1 82785 0 25
129 82798 23 2 82821 0 23
605 82884 23 4 82907 0 23
513 82927 47 3 82974 0 47
827 83072 28 4 83100 0 28
9 83182 77 3 83259 0 77
220 83290 60 3 83350 0 60
465 83327 47 4 83397 23 70
258 83416 58 1 83474 0 58
66 83455 23 4 83497 19 42
962 83476 28 3 83525 21 49
319 83494 30 4 83555 31 61
768 83421 47 4 83602 134 181
989 83555 52 4 83654 47 99
876 83436 53 4 83707 218 271
398 83703 26 4 83733 4 30
493 83712 54 4 83787 21 75
571 83752 21 3 83808 35 56
822 83779 67 4 83875 29 96
708 83706 68 2 83943 169 237
228 83882 32 2 83975 61 93
416 83886 35 4 84010 89 124
19 83421 79 4 84089 589 668
57 84162 31 3 84193 0 31
324 84249 67 4 84316 0 67
341 84355 77 4 84432 0 77
872 84422 55 1 84487 10 65
914 84395 58 4 84545 92 150
353 84496 34 4 84579 49 83
860 84425 66 3 84645 154 220
344 84700 42 4 84742 0 42
210 84744 70 4 84814 0 70
726 84873 29 3 84902 0 29
148 84957 24 4 84981 0 24
969 85018 42 2 85060 0 42
589 85092 46 3 85138 0 46
34 85118 30 2 85168 20 50
584 85343 91 4 85434 0 91
931 85419 40 4 85474 15 55
270 85439 65 2 85539 35 100
13 85489 20 2 85559 50 70
850 85498 31 1 85590 61 92
775 85521 47 3 85637 69 116
598 85619 21 2 85658 18 39
805 85599 28 4 85686 59 87
500 85700 46 2 85746 0 46
437 85811 26 3 85837 0 26
312 85886 60 3 85946 0 60
106 85932 26 2 85972 14 40
82 86014 26 3 86040 0 26
599 86068 30 2 86098 0 30
14 86099 66 4 86165 0 66
649 86186 52 4 86238 0 52
839 86328 26 1 86354 0 26
161 86412 23 1 86435 0 23
566 86502 27 4 86529 0 27
347 86563 52 4 86615 0 52
188 86608 70 3 86685 7 77
861 86649 40 4 86725 36 76
507 86717 34 4 86759 8 42
692 86693 35 1 86794 66 101
88 86780 20 3 86814 14 34
718 86741 64 4 86878 73 137
943 86816 34 4 86912 62 96
853 86849 38 2 86950 63 101
410 86919 28 1 86978 31 59
256 86820 54 4 87032 158 212
713 86854 57 3 87089 178 235
110 87057 76 1 87165 32 108
826 87144 68 3 87233 21 89
890 87171 25 2 87258 62 87
423 87217 79 4 87337 41 120
906 87330 26 3 87363 7 33
145 87340 21 3 87384 23 44
8 87288 77 3 87461 96 173
443 87428 22 3 87483 33 55
232 87385 51 3 87534 98 149
653 87598 79 3 87677 0 79
383 87633 33 2 87710 44 77
702 87662 47 1 87757 48 95
409 87712 36 4 87793 45 81
212 87615 74 3 87867 178 252
971 87804 44 2 87911 63 107
119 87826 49 2 87960 85 134
27 87798 53 3 88013 162 215
536 87968 30 3 88043 45 75
461 87775 79 3 88122 268 347
328 88120 50 3 88172 2 52
582 88130 49 4 88221 42 91
669 88071 71 3 88292 150 221
211 87707 81 3 88373 585 666
731 88360 29 2 88402 13 42
438 88406 29 1 88435 0 29
930 88508 82 3 88590 0 82
426 88528 51 4 88641 62 113
330 88513 68 3 88709 128 196
892 88760 59 4 88819 0 59
710 88858 49 4 88907 0 49
140 89051 42 4 89093 0 42
164 89056 21 1 89114 37 58
509 89095 39 4 89153 19 58
138 89151 76 4 89229 2 78
901 89161 34 4 89263 68 102
448 89250 25 4 89288 13 38
23 89115 89 4 89377 173 262
300 89304 21 4 89398 73 94
40 89355 43 2 89441 43 86
691 89412 52 2 89493 29 81
11 89440 87 4 89580 53 140
470 89500 35 2 89615 80 115
815 89594 30 4 89645 21 51
696 89495 39 3 89684 150 189
142 89643 40 3 89724 41 81
124 89688 45 3 89769 36 81
674 89736 49 2 89818 33 82
183 89546 72 2 89890 272 344
259 89899 61 3 89960 0 61
751 89918 28 3 89988 42 70
843 89965 29 4 90017 23 52
260 89998 44 3 90061 19 63
433 90101 48 3 90149 0 48
125 90127 58 3 90207 22 80
635 90207 25 2 90232 0 25
742 90153 49 3 90281 79 128
935 90265 50 4 90331 16 66
425 90320 21 2 90352 11 32
963 90312 27 2 90379 40 67
524 90361 32 4 90411 18 50
255 90323 39 1 90450 88 127
675 90332 43 3 90493 118 161
518 90465 48 3 90541 28 76
31 90504 32 2 90573 37 69
600 90150 63 3 90636 423 486
79 90633 34 3 90670 3 37
132 90641 48 1 90718 29 77
534 90702 33 3 90751 16 49
561 90697 48 2 90799 54 102
557 90634 70 4 90869 165 235
660 90846 28 4 90897 23 51
560 90847 43 3 90940 50 93
462 90855 63 4 91003 85 148
48 90871 74 3 91077 132 206
735 91037 23 3 91100 40 63
896 91053 38 4 91138 47 85
248 91137 24 1 91162 1 25
436 91123 36 4 91198 39 75
701 91170 50 3 91248 28 78
288 91202 51 4 91299 46 97
75 91298 39 3 91338 1 40
694 91029 63 4 91401 309 372
574 91143 64 4 91465 258 322
916 91415 27 3 91492 50 77
174 91317 65 4 91557 175 240
870 91540 56 1 91613 17 73
738 91612 59 4 91672 1 60
785 90546 74 2 91746 1126 1200
1000 91718 37 2 91783 28 65
778 90455 79 4 91862 1328 1407
287 91814 28 3 91890 48 76
577 91849 40 3 91930 41 81
458 91739 80 3 92010 191 271
712 91968 52 4 92062 42 94
291 90880 81 4 92143 1182 1263
749 92081 35 3 92178 62 97
663 92068 37 3 92215 110 147
326 92080 50 3 92265 135 185
821 90612 81 3 92346 1653 1734
656 92275 38 3 92384 71 109
29 92358 75 4 92459 26 101
25 92414 35 2 92494 45 80
76 92445 45 4 92539 49 94
634 91187 85 3 92624 1352 1437
165 92623 61 3 92685 1 62
888 92655 24 4 92709 30 54
471 91763 92 4 92801 946 1038
875 92734 52 4 92853 67 119
72 92827 64 3 92917 26 90
841 92755 84 3 93001 162 246
271 92963 39 3 93040 38 77
387 92928 83 4 93123 112 195
171 93056 28 3 93151 67 95
388 93136 32 3 93183 15 47
770 93164 33 4 93216 19 52
346 93109 36 4 93252 107 143
39 93053 51 4 93303 199 250
472 93264 20 4 93323 39 59
434 93053 61 3 93384 270 331
430 92891 91 1 93475 493 584
676 93403 39 3 93514 72 111
793 90508 94 4 93608 3006 3100
915 93607 23 1 93631 1 24
238 93555 33 4 93664 76 109
41 93621 42 2 93706 43 85
842 93701 21 3 93727 5 26
230 93626 46 2 93773 101 147
455 93771 38 4 93811 2 40
170 93553 76 4 93887 258 334
771 93831 21 4 93908 56 77
837 93870 62 1 93970 38 100
554 93958 33 3 94003 12 45
840 93991 75 4 94078 12 87
169 94016 32 3 94110 62 94
758 94083 20 2 94130 27 47
121 94088 26 3 94156 42 68
868 94113 37 4 94193 43 80
638 93976 77 4 94270 217 294
112 94242 23 3 94293 28 51
373 94252 41 2 94334 41 82
845 94287 52 4 94386 47 99
459 94363 38 4 94424 23 61
883 94395 40 3 94464 29 69
858 94433 52 1 94516 31 83
967 94301 64 1 94580 215 279
873 94471 69 1 94649 109 178
391 94632 33 2 94682 17 50
636 94640 73 4 94755 42 115
530 93979 93 3 94848 776 869
452 94791 91 4 94939 57 148
496 94937 25 3 94964 2 27
233 94883 32 3 94996 81 113
830 94974 49 3 95045 22 71
946 94874 57 4 95102 171 228
151 94900 60 3 95162 202 262
295 95160 58 3 95220 2 60
846 95203 34 4 95254 17 51
6 95251 31 3 95285 3 34
234 95285 27 4 95312 0 27
10 95297 25 3 95337 15 40
144 95320 45 1 95382 17 62
364 95235 47 4 95429 147 194
909 95415 29 4 95458 14 43
35 95457 39 3 95497 1 40
264 95245 52 1 95549 252 304
231 95540 53 3 95602 9 62
203 95315 54 4 95656 287 341
352 95590 55 3 95711 66 121
343 95666 22 3 95733 45 67
958 95559 55 2 95788 174 229
158 95540 57 3 95845 248 305
117 95789 25 3 95870 56 81
339 95802 25 1 95895 68 93
251 95820 36 4 95931 75 111
580 95892 56 3 95987 39 95
606 95976 24 4 96011 11 35
740 95955 24 3 96035 56 80
886 95743 58 3 96093 292 350
320 95795 59 4 96152 298 357
568 96126 28 1 96180 26 54
750 96112 42 3 96222 68 110
84 96095 57 2 96279 127 184
384 96235 41 2 96320 44 85
810 96288 30 4 96350 32 62
722 96317 45 3 96395 33 78
176 96181 59 1 96454 214 273
61 96448 63 2 96517 6 69
798 96511 28 3 96545 6 34
824 96524 24 4 96569 21 45
682 96368 65 4 96634 201 266
62 96609 21 4 96655 25 46
607 96592 21 2 96676 63 84
215 96628 44 4 96720 48 92
545 96575 54 3 96774 145 199
834 95238 65 3 96839 1536 1601
217 96784 21 3 96860 55 76
646 95146 67 4 96927 1714 1781
698 96879 47 4 96974 48 95
900 96952 30 4 97004 22 52
685 95626 70 3 97074 1378 1448
658 97048 33 4 97107 26 59
891 96156 73 3 97180 951 1024
190 96593 75 3 97255 587 662
265 97198 24 4 97279 57 81
207 97229 24 1 97303 50 74
451 96299 90 2 97393 1004 1094
289 97445 34 4 97479 0 34
882 97490 33 3 97523 0 33
787 97491 77 4 97600 32 109
419 97577 32 4 97632 23 55
659 97619 33 3 97665 13 46
208 97566 34 4 97699 99 133
218 97585 39 3 97738 114 153
905 97707 21 4 97759 31 52
193 97586 43 1 97802 173 216
836 97559 63 1 97865 243 306
601 97826 44 2 97909 39 83
392 97561 75 2 97984 348 423
293 97930 22 2 98006 54 76
544 98034 45 4 98079 0 45
760 98140 64 2 98204 0 64
590 98165 81 3 98285 39 120
814 98209 22 4 98307 76 98
447 98232 30 3 98337 75 105
922 98226 39 2 98376 111 150
668 98260 45 1 98421 116 161
683 98409 88 4 98509 12 100
812 98458 42 1 98551 51 93
788 98551 39 2 98590 0 39
420 98533 50 3 98640 57 107
752 98447 50 3 98690 193 243
951 98471 52 3 98742 219 271
711 98734 60 2 98802 8 68
191 98598 61 4 98863 204 265
65 98829 35 4 98898 34 69
421 98879 32 2 98930 19 51
272 98831 49 3 98979 99 148
133 98949 36 2 99015 30 66
33 99013 45 2 99060 2 47
21 99040 33 4 99093 20 53
662 99091 37 2 99130 2 39
654 99069 57 4 99187 61 118
904 99161 56 4 99243 26 82
102 99197 63 4 99306 46 109
440 98638 82 3 99388 668 750
95 99312 27 3 99415 76 103
559 99376 55 1 99470 39 94
94 99421 22 2 99492 49 71
491 99419 32 3 99524 73 105
380 99432 64 3 99588 92 156
925 99578 31 4 99619 10 41
572 99540 57 4 99676 79 136
412 99657 23 3 99699 19 42
91 99692 20 2 99719 7 27
709 99679 38 3 99757 40 78
153 99656 44 4 99801 101 145
163 99797 69 4 99870 4 73
17 99857 44 4 99914 13 57
32 99913 50 2 99964 1 51
867 99945 34 2 99998 19 53
862 99953 38 2 100036 45 83
325 99949 39 4 100075 87 126
747 99941 49 4 100124 134 183
501 99351 72 4 100196 773 845
314 99463 72 4 100268 733 805
519 99408 78 1 100346 860 938
