102452 1000 448 389
228 1979 68 4 2047 0 68
680 1926 76 3 2070 68 144
901 5269 37 4 5306 0 37
690 5902 55 3 5957 0 55
725 6737 61 3 6798 0 61
70 6915 44 4 6959 0 44
764 7275 69 4 7344 0 69
973 7779 69 4 7848 0 69
758 7958 58 3 8016 0 58
621 9232 51 4 9283 0 51
635 9592 50 4 9642 0 50
111 10198 46 3 10244 0 46
711 10649 66 3 10715 0 66
196 11018 44 4 11062 0 44
400 11090 44 3 11134 0 44
232 12504 57 2 12561 0 57
433 12950 73 1 13023 0 73
798 13079 53 4 13132 0 53
265 13383 44 1 13427 0 44
52 13710 48 4 13758 0 48
235 13843 68 4 13911 0 68
273 13862 76 2 13987 49 125
964 14924 77 2 15001 0 77
131 15680 60 2 15740 0 60
778 15680 64 4 15804 60 124
386 15835 67 4 15902 0 67
692 15915 67 4 15982 0 67
473 16228 67 4 16295 0 67
43 17040 76 4 17116 0 76
137 17175 32 4 17207 0 32
837 17462 20 3 17482 0 20
754 17413 74 4 17507 20 94
77 17569 77 4 17646 0 77
191 18272 54 3 18326 0 54
455 19523 46 2 19569 0 46
923 19678 53 3 19731 0 53
105 19707 53 2 19784 24 77
65 19909 53 2 19962 0 53
613 20062 58 4 20120 0 58
419 20105 84 1 20204 15 99
551 20371 78 4 20449 0 78
938 20710 34 2 20744 0 34
29 20994 36 3 21030 0 36
730 21278 78 3 21356 0 78
153 21428 78 3 21506 0 78
800 21662 47 3 21709 0 47
28 21789 57 4 21846 0 57
623 22052 59 4 22111 0 59
171 22283 87 4 22370 0 87
251 22664 43 3 22707 0 43
939 22699 48 4 22755 8 56
505 23749 78 2 23827 0 78
647 23879 56 3 23935 0 56
60 24161 66 3 24227 0 66
408 24106 79 2 24251 66 145
610 24467 48 3 24515 0 48
746 24518 56 4 24574 0 56
382 24772 68 4 24840 0 68
593 25180 59 1 25239 0 59
656 25320 54 2 25374 0 54
113 25327 62 3 25436 47 109
895 25609 42 1 25651 0 42
641 25880 42 2 25922 0 42
858 26096 76 2 26172 0 76
359 26217 68 4 26285 0 68
701 26364 49 4 26413 0 49
876 26418 73 1 26491 0 73
453 26529 66 4 26595 0 66
566 26607 56 3 26663 0 56
575 26742 29 1 26771 0 29
106 26736 43 3 26808 29 72
767 26710 46 3 26828 72 118
276 26660 61 3 26842 121 182
507 26445 77 2 26869 347 424
809 27038 55 2 27093 0 55
263 27067 83 3 27176 26 109
696 27250 21 3 27271 0 21
991 27272 37 3 27309 0 37
497 27658 57 4 27715 0 57
801 27904 59 4 27963 0 59
90 28163 40 4 28203 0 40
250 28105 71 3 28216 40 111
900 28272 80 4 28352 0 80
422 28461 61 4 28522 0 61
521 28666 56 4 28722 0 56
995 28905 44 3 28949 0 44
865 28850 62 3 28956 44 106
186 29138 27 2 29165 0 27
892 29163 86 3 29251 2 88
61 29581 30 2 29611 0 30
302 29562 51 4 29643 30 81
917 29745 41 2 29786 0 41
552 29742 64 3 29847 41 105
397 30052 38 4 30090 0 38
468 30044 71 3 30153 38 109
569 30874 53 4 30927 0 53
980 30975 75 4 31050 0 75
896 31356 55 3 31411 0 55
142 31432 59 4 31491 0 59
955 31331 62 1 31507 114 176
254 31529 42 3 31571 0 42
39 31595 40 4 31635 0 40
354 31621 58 4 31693 14 72
642 31441 71 1 31718 206 277
877 31451 73 4 31791 267 340
524 31626 74 2 31865 165 239
377 31958 54 4 32012 0 54
601 32052 43 3 32095 0 43
617 32099 81 3 32180 0 81
130 31990 86 4 32222 146 232
14 32479 39 3 32518 0 39
366 32493 52 4 32570 25 77
156 33182 46 3 33228 0 46
125 33211 72 3 33300 17 89
727 33372 44 4 33416 0 44
649 33547 80 4 33627 0 80
487 33707 46 4 33753 0 46
500 33818 51 1 33869 0 51
927 33922 44 4 33966 0 44
284 34020 38 4 34058 0 38
135 33989 65 2 34092 38 103
659 34358 29 3 34387 0 29
220 34758 49 1 34807 0 49
526 34796 54 3 34861 11 65
605 34879 46 4 34925 0 46
322 35318 50 2 35368 0 50
545 35339 73 2 35441 29 102
914 35543 64 3 35607 0 64
327 35661 69 4 35730 0 69
582 36062 52 3 36114 0 52
345 36356 49 3 36405 0 49
425 36296 63 4 36408 49 112
695 36245 66 2 36423 112 178
159 36320 68 4 36491 103 171
482 36689 48 3 36737 0 48
960 36879 47 4 36926 0 47
17 36956 78 4 37034 0 78
82 37075 67 4 37142 0 67
165 36959 90 2 37191 142 232
744 37388 31 2 37419 0 31
488 37662 74 3 37736 0 74
839 37853 63 3 37916 0 63
260 38014 75 4 38089 0 75
92 38194 52 3 38246 0 52
645 38308 55 3 38363 0 55
226 38395 60 2 38455 0 60
203 38480 52 4 38532 0 52
871 38506 65 3 38597 26 91
262 38651 53 4 38704 0 53
42 38810 22 3 38832 0 22
33 38876 44 2 38920 0 44
62 39047 24 2 39071 0 24
291 39072 32 2 39104 0 32
83 39060 54 3 39157 43 97
993 39138 64 2 39221 19 83
704 39238 20 3 39258 0 20
940 39171 72 3 39313 70 142
193 39038 92 4 39396 266 358
976 39529 48 3 39577 0 48
988 39534 53 2 39630 43 96
810 39514 70 4 39685 101 171
672 39876 51 3 39927 0 51
457 39952 57 4 40009 0 57
706 39969 76 4 40085 40 116
403 40204 41 4 40245 0 41
238 40148 68 2 40257 41 109
870 40008 77 4 40271 186 263
674 40399 44 4 40443 0 44
56 40404 51 3 40494 39 90
242 40340 61 1 40496 95 156
51 39984 79 4 40506 443 522
393 40520 64 4 40584 0 64
344 40531 70 4 40654 53 123
301 40692 59 4 40751 0 59
855 40892 56 1 40948 0 56
554 40970 60 3 41030 0 60
811 41084 64 3 41148 0 64
924 41320 63 2 41383 0 63
328 41312 67 3 41442 63 130
274 41525 38 4 41563 0 38
261 41494 45 4 41577 38 83
959 41527 80 4 41657 50 130
406 41664 65 4 41729 0 65
483 41928 66 2 41994 0 66
9 42043 34 2 42077 0 34
496 42144 50 4 42194 0 50
576 42113 54 3 42217 50 104
115 42244 45 3 42289 0 45
495 42209 64 4 42326 53 117
905 42214 65 4 42391 112 177
721 42143 66 1 42457 248 314
36 42301 68 2 42525 156 224
210 42564 57 1 42621 0 57
175 42420 76 4 42658 162 238
780 42869 57 2 42926 0 57
49 42990 72 4 43062 0 72
618 43131 48 4 43179 0 48
689 43129 62 1 43239 48 110
96 43611 40 3 43651 0 40
875 43762 41 3 43803 0 41
141 43770 76 3 43879 33 109
854 43986 61 4 44047 0 61
715 44033 67 3 44114 14 81
47 44007 68 4 44182 107 175
451 44157 86 1 44268 25 111
117 44676 50 3 44726 0 50
563 44734 55 3 44789 0 55
243 44732 73 2 44860 55 128
707 44613 89 4 44880 178 267
247 45007 88 4 45095 0 88
558 45273 57 3 45330 0 57
944 45254 60 1 45371 57 117
281 45562 50 3 45612 0 50
84 45486 82 1 45618 50 132
977 45770 20 4 45790 0 20
225 45891 41 3 45932 0 41
127 46147 35 2 46182 0 35
522 46094 76 1 46205 35 111
353 46224 44 3 46268 0 44
26 46284 54 2 46338 0 54
486 46052 80 4 46341 209 289
80 46377 70 1 46447 0 70
107 46507 49 3 46556 0 49
584 46516 69 2 46625 40 109
615 46682 36 4 46718 0 36
494 46572 92 2 46753 89 181
154 46816 43 4 46859 0 43
307 46835 68 2 46927 24 92
687 46814 73 4 46998 111 184
50 46930 80 4 47078 68 148
155 47184 50 4 47234 0 50
660 47144 60 4 47254 50 110
662 47278 66 3 47344 0 66
216 47360 46 2 47406 0 46
874 47428 61 3 47489 0 61
128 47627 35 4 47662 0 35
32 47618 42 4 47695 35 77
267 47572 59 3 47708 77 136
781 47710 52 2 47762 0 52
326 47521 61 4 47770 188 249
376 47829 71 2 47900 0 71
308 47685 76 1 47917 156 232
836 47886 81 3 47998 31 112
799 48235 54 3 48289 0 54
915 48309 24 2 48333 0 24
72 48191 64 1 48333 78 142
38 48129 79 3 48350 142 221
990 48416 62 1 48478 0 62
439 48578 22 4 48600 0 22
364 48518 79 1 48619 22 101
454 48625 22 2 48647 0 22
399 48666 75 4 48741 0 75
410 48765 54 3 48819 0 54
678 48777 80 1 48899 42 122
143 48938 69 3 49007 0 69
844 49043 84 2 49127 0 84
595 49294 45 3 49339 0 45
529 49329 56 2 49395 10 66
842 49361 57 3 49452 34 91
857 49293 67 4 49518 158 225
591 49570 28 3 49598 0 28
217 49543 57 1 49628 28 85
481 49653 45 2 49698 0 45
300 49632 51 3 49728 45 96
151 49736 47 3 49783 0 47
341 49607 60 3 49831 164 224
979 49578 67 4 49898 253 320
198 49908 37 4 49945 0 37
460 49951 54 4 50005 0 54
969 50049 50 4 50099 0 50
173 49972 59 4 50114 83 142
783 49910 59 1 50167 198 257
129 50195 65 3 50260 0 65
503 49713 72 2 50294 509 581
518 50136 78 1 50372 158 236
78 50428 81 4 50509 0 81
740 49797 85 4 50538 656 741
912 50601 49 3 50650 0 49
540 50566 63 4 50703 74 137
87 50723 55 4 50778 0 55
679 50653 63 4 50796 80 143
869 50850 49 4 50899 0 49
965 50648 68 2 50913 197 265
966 51304 56 4 51360 0 56
609 51370 52 1 51422 0 52
194 51288 69 2 51465 108 177
533 51512 85 3 51597 0 85
673 51733 49 2 51782 0 49
516 51948 69 4 52017 0 69
116 52141 55 4 52196 0 55
437 52360 52 1 52412 0 52
13 52457 50 3 52507 0 50
168 52582 62 4 52644 0 62
333 52657 63 4 52720 0 63
537 52949 72 4 53021 0 72
499 53170 47 2 53217 0 47
676 53141 75 3 53263 47 122
212 53387 25 2 53412 0 25
120 53397 50 4 53462 15 65
140 53364 53 2 53492 75 128
75 53424 55 4 53547 68 123
447 53578 78 2 53656 0 78
862 53709 55 3 53764 0 55
362 53681 58 3 53794 55 113
688 53800 47 3 53847 0 47
380 53920 54 4 53974 0 54
747 53875 73 3 54002 54 127
179 53907 86 2 54088 95 181
269 54182 58 2 54240 0 58
10 54156 78 2 54292 58 136
63 54538 51 1 54589 0 51
873 54708 63 3 54771 0 63
720 54706 81 3 54850 63 144
735 55538 70 3 55608 0 70
40 55610 71 1 55681 0 71
97 55895 42 4 55937 0 42
229 55815 82 1 55939 42 124
224 56017 46 3 56063 0 46
731 56079 51 4 56130 0 51
436 56082 61 3 56191 48 109
772 56247 40 4 56287 0 40
237 56254 52 4 56339 33 85
430 56119 65 2 56348 164 229
88 56362 50 4 56412 0 50
122 56375 61 4 56473 37 98
686 56004 68 4 56498 426 494
769 56546 43 3 56589 0 43
671 56578 45 2 56634 11 56
336 56700 42 3 56742 0 42
607 56670 52 1 56764 42 94
356 56573 56 4 56784 155 211
753 56548 58 2 56842 236 294
763 56847 55 4 56902 0 55
710 56384 73 1 56922 465 538
472 56992 39 4 57031 0 39
280 56971 43 3 57053 39 82
863 56971 55 3 57108 82 137
420 57018 61 4 57169 90 151
319 57171 65 4 57236 0 65
562 56320 74 4 57259 865 939
713 56932 77 3 57336 327 404
585 55934 84 4 57355 1337 1421
21 55786 84 2 57410 1540 1624
16 57456 45 1 57501 0 45
264 56170 86 1 57541 1285 1371
779 57547 47 4 57594 0 47
279 57637 76 2 57713 0 76
434 57643 82 1 57795 70 152
643 56313 89 3 57835 1433 1522
577 57891 68 4 57959 0 68
4 58136 59 4 58195 0 59
99 58382 51 3 58433 0 51
176 58376 73 2 58500 51 124
835 58677 54 4 58731 0 54
600 58671 65 3 58790 54 119
886 58831 67 4 58898 0 67
548 58993 64 3 59057 0 64
19 59006 80 4 59137 51 131
162 59209 42 4 59251 0 42
581 59205 50 3 59297 42 92
215 59300 51 3 59351 0 51
930 59416 33 4 59449 0 33
717 59448 35 1 59484 1 36
396 59475 55 3 59539 9 64
218 59409 56 3 59588 123 179
299 59187 82 3 59591 322 404
646 59600 61 3 59661 0 61
681 59689 54 2 59743 0 54
211 59809 37 2 59846 0 37
890 59814 58 4 59904 32 90
208 60133 49 4 60182 0 49
588 60186 71 2 60257 0 71
373 60275 38 4 60313 0 38
321 60253 89 2 60384 42 131
736 60641 79 3 60720 0 79
637 60831 51 4 60882 0 51
119 60766 70 4 60887 51 121
812 60835 71 4 60958 52 123
527 60970 49 4 61019 0 49
435 61023 81 3 61104 0 81
831 61285 58 4 61343 0 58
723 61394 46 3 61440 0 46
742 61367 48 2 61461 46 94
317 61246 77 4 61475 152 229
962 61517 23 3 61540 0 23
245 61573 24 2 61597 0 24
402 61612 48 4 61660 0 48
999 61625 50 4 61710 35 85
174 61531 50 3 61712 131 181
23 61785 41 4 61826 0 41
363 61752 53 2 61846 41 94
270 61849 48 3 61897 0 48
295 61508 54 3 61899 337 391
682 61909 50 3 61959 0 50
315 61727 59 3 62008 222 281
794 61849 62 3 62070 159 221
340 61800 75 3 62145 270 345
289 61204 100 3 62170 866 966
133 62183 68 2 62251 0 68
183 62691 57 2 62748 0 57
911 62803 44 4 62847 0 44
846 62766 47 1 62857 44 91
318 62638 89 2 62875 148 237
777 62907 43 3 62950 0 43
952 62987 37 4 63024 0 37
560 63072 66 3 63138 0 66
622 63166 66 2 63232 0 66
423 63233 79 3 63312 0 79
305 63449 23 1 63472 0 23
387 63488 59 4 63547 0 59
463 63661 51 4 63712 0 51
180 63750 41 2 63791 0 41
170 63725 63 3 63829 41 104
565 63845 38 3 63883 0 38
45 63904 38 4 63942 0 38
161 63927 51 4 63993 15 66
789 63980 55 1 64048 13 68
383 63935 67 4 64115 113 180
852 63765 73 1 64151 313 386
456 64230 54 1 64284 0 54
975 64185 61 4 64300 54 115
520 64345 64 4 64409 0 64
816 64091 89 3 64419 239 328
332 64486 50 2 64536 0 50
391 64435 68 3 64553 50 118
160 64560 61 3 64621 0 61
891 64543 89 3 64703 71 160
59 64710 36 3 64746 0 36
471 64767 34 3 64801 0 34
150 64801 70 4 64871 0 70
244 64873 56 4 64929 0 56
513 64971 51 4 65022 0 51
169 64953 53 4 65057 51 104
118 65116 52 1 65168 0 52
5 65044 65 4 65174 65 130
907 65188 70 4 65258 0 70
1 65270 60 1 65330 0 60
389 65202 71 3 65389 116 187
166 65021 86 1 65461 354 440
724 64838 93 4 65528 597 690
650 65656 65 4 65721 0 65
658 65585 77 2 65727 65 142
477 65656 85 4 65812 71 156
438 65822 42 3 65864 0 42
523 65882 56 3 65938 0 56
7 66053 50 2 66103 0 50
668 65997 62 2 66109 50 112
432 65961 65 3 66138 112 177
450 66139 66 2 66205 0 66
190 66087 69 4 66273 117 186
297 66287 48 3 66335 0 48
759 65822 74 2 66354 458 532
27 66397 37 4 66434 0 37
898 66494 35 4 66529 0 35
214 66508 38 2 66567 21 59
240 66447 65 4 66585 73 138
774 66631 54 4 66685 0 54
470 66482 67 3 66706 157 224
492 66724 40 1 66764 0 40
559 66751 62 2 66826 13 75
292 66392 68 1 66858 398 466
294 66862 51 4 66913 0 51
949 66933 38 3 66971 0 38
407 66870 68 1 67019 81 149
592 67060 28 4 67088 0 28
272 67089 49 4 67138 0 49
782 66464 70 2 67162 628 698
53 66908 72 2 67234 254 326
296 65836 80 3 67276 1360 1440
770 66738 80 1 67356 538 618
223 67434 40 4 67474 0 40
266 67471 46 4 67520 3 49
693 67413 59 3 67558 86 145
268 67429 59 2 67617 129 188
108 67676 67 4 67743 0 67
329 67620 68 4 67755 67 135
708 67797 20 4 67817 0 20
378 67395 68 3 67822 359 427
974 67744 73 2 67895 78 151
684 68001 27 3 68028 0 27
255 67970 54 1 68051 27 81
298 67927 65 3 68073 81 146
485 67949 80 3 68153 124 204
338 68159 75 1 68234 0 75
648 66582 83 4 68240 1575 1658
462 68249 69 4 68318 0 69
913 68326 48 4 68374 0 48
144 68432 28 4 68460 0 28
542 68441 32 4 68492 19 51
258 68342 61 4 68495 92 153
743 68340 62 2 68557 155 217
67 68586 55 3 68641 0 55
795 68652 51 4 68703 0 51
549 68660 62 1 68765 43 105
360 68749 67 3 68832 16 83
11 68840 38 4 68878 0 38
314 68547 69 4 68899 283 352
136 68927 50 3 68977 0 50
163 68564 79 4 69028 385 464
256 69008 90 4 69118 20 110
963 67051 91 4 69192 2050 2141
750 69207 38 3 69245 0 38
950 69225 54 3 69299 20 74
401 69355 58 3 69413 0 58
195 69384 68 4 69481 29 97
698 69498 53 4 69551 0 53
572 69307 72 4 69558 179 251
517 69614 64 4 69701 23 87
578 69655 64 4 69742 23 87
556 69764 24 4 69788 0 24
89 69575 71 4 69798 152 223
664 69824 66 4 69890 0 66
619 66988 96 3 69920 2836 2932
657 69983 81 3 70064 0 81
68 70083 43 2 70126 0 43
729 70206 53 2 70259 0 53
236 70211 66 4 70325 48 114
953 70135 81 4 70335 119 200
346 70396 52 3 70448 0 52
697 70501 54 1 70555 0 54
304 70380 71 3 70557 106 177
57 70628 41 3 70669 0 41
100 70790 75 4 70865 0 75
640 70841 81 4 70946 24 105
925 71050 20 4 71070 0 20
784 71057 55 3 71125 13 68
830 71168 28 1 71196 0 28
755 71227 55 3 71282 0 55
570 71175 56 2 71307 76 132
984 71102 65 1 71329 162 227
185 71374 45 3 71419 0 45
405 71430 31 3 71461 0 31
259 71387 54 2 71504 63 117
718 71535 53 4 71588 0 53
249 71408 56 3 71613 149 205
739 71211 98 1 71666 357 455
918 71798 63 3 71861 0 63
323 71867 50 2 71917 0 50
413 72070 69 3 72139 0 69
102 72155 75 4 72230 0 75
574 72263 84 4 72347 0 84
54 72511 48 2 72559 0 48
882 72516 56 3 72615 43 99
806 72608 60 3 72675 7 67
379 72701 37 4 72738 0 37
931 72727 39 1 72777 11 50
967 72745 42 3 72819 32 74
530 72589 61 3 72854 204 265
465 72645 71 2 72925 209 280
467 72959 52 3 73011 0 52
18 72568 76 4 73053 409 485
123 73096 80 4 73176 0 80
971 73132 80 2 73256 44 124
893 72632 81 4 73294 581 662
22 73330 55 1 73385 0 55
936 73404 24 3 73428 0 24
714 73488 42 3 73530 0 42
421 73441 66 4 73549 42 108
316 72926 87 3 73568 555 642
983 73612 61 4 73673 0 61
776 73713 79 4 73792 0 79
627 72931 100 2 73808 777 877
675 73834 56 4 73890 0 56
860 73966 83 3 74049 0 83
978 74104 58 4 74162 0 58
902 74212 31 2 74243 0 31
461 74402 24 3 74426 0 24
275 74448 64 2 74512 0 64
834 74564 61 4 74625 0 61
384 74669 43 2 74712 0 43
787 74763 46 4 74809 0 46
282 74774 54 1 74863 35 89
246 74718 69 2 74887 100 169
417 74935 32 1 74967 0 32
535 74765 88 4 75007 154 242
428 75057 49 3 75106 0 49
101 75142 53 1 75195 0 53
773 75059 61 3 75220 100 161
757 75053 86 2 75302 163 249
881 75345 33 3 75378 0 33
590 75322 45 4 75400 33 78
954 75422 48 4 75470 0 48
849 75371 57 2 75505 77 134
583 75597 48 4 75645 0 48
288 75566 59 4 75673 48 107
152 75360 71 1 75683 252 323
998 75375 75 3 75758 308 383
928 75991 31 4 76022 0 31
670 76040 61 3 76101 0 61
349 76192 21 4 76213 0 21
951 76362 38 3 76400 0 38
616 76423 50 4 76473 0 50
312 76376 70 3 76520 74 144
666 76514 73 4 76593 6 79
761 76624 53 1 76677 0 53
916 76694 37 4 76731 0 37
634 76595 57 4 76742 90 147
958 77157 39 4 77196 0 39
239 77100 68 1 77207 39 107
638 77118 90 3 77297 89 179
178 77307 66 4 77373 0 66
655 77468 57 4 77525 0 57
24 77665 65 3 77730 0 65
732 77784 46 3 77830 0 46
337 77796 47 3 77877 34 81
286 77888 45 4 77933 0 45
838 77881 46 1 77972 45 91
66 77953 56 2 78028 19 75
367 78018 72 4 78100 10 82
733 78168 67 2 78235 0 67
989 78112 68 4 78247 67 135
594 78270 43 4 78313 0 43
519 78360 47 3 78407 0 47
415 78180 80 3 78417 157 237
94 78465 21 2 78486 0 21
906 78462 58 4 78541 21 79
202 78584 61 4 78645 0 61
121 78797 61 4 78858 0 61
919 78898 60 4 78958 0 60
628 78925 62 1 79020 33 95
861 79033 69 4 79102 0 69
614 79114 43 4 79157 0 43
498 79184 53 4 79237 0 53
825 79272 39 3 79311 0 39
58 79140 62 2 79311 109 171
234 79146 68 4 79379 165 233
475 79199 68 3 79447 180 248
248 79503 51 3 79554 0 51
943 79504 53 4 79607 50 103
85 79531 61 1 79668 76 137
796 79481 65 4 79711 165 230
69 79740 48 3 79788 0 48
992 79798 48 4 79846 0 48
35 79855 28 3 79883 0 28
459 79865 44 2 79927 18 62
12 79975 41 4 80016 0 41
205 79924 50 2 80018 44 94
948 80038 49 2 80087 0 49
826 80107 48 4 80155 0 48
167 80042 62 3 80197 93 155
484 79731 62 2 80211 418 480
474 80274 45 2 80319 0 45
369 80311 62 4 80381 8 70
81 79760 64 3 80382 558 622
320 80385 57 3 80442 0 57
339 80470 51 3 80521 0 51
98 80147 72 3 80562 343 415
285 79274 72 1 80580 1234 1306
365 79550 73 4 80653 1030 1103
908 79112 74 3 80725 1539 1613
868 80787 32 3 80819 0 32
909 80834 32 4 80866 0 32
222 80853 62 2 80928 13 75
792 80816 68 2 80981 97 165
109 79802 77 4 80996 1117 1194
785 81034 74 4 81108 0 74
441 81015 75 3 81164 74 149
888 81205 43 3 81248 0 43
132 81198 67 4 81308 43 110
994 81392 38 3 81430 0 38
184 81364 44 4 81446 38 82
814 81401 57 3 81503 45 102
204 81474 58 3 81561 29 87
840 81593 51 2 81644 0 51
921 81648 20 3 81668 0 20
538 81552 60 4 81692 80 140
859 81599 61 4 81753 93 154
887 81784 44 3 81828 0 44
91 81819 45 4 81873 9 54
531 81787 46 3 81919 86 132
444 81586 62 4 81950 302 364
181 81957 53 3 82010 0 53
525 82025 56 3 82081 0 56
824 82095 33 4 82128 0 33
479 82140 55 3 82195 0 55
324 82069 61 4 82230 100 161
598 81352 64 3 82260 844 908
207 81961 64 2 82324 299 363
31 82300 69 3 82393 24 93
448 82437 38 3 82475 0 38
541 82558 45 4 82603 0 45
34 82504 59 4 82608 45 104
567 82557 66 2 82674 51 117
941 82401 67 3 82676 208 275
802 82678 61 3 82739 0 61
922 82743 40 2 82783 0 40
751 82740 54 4 82834 40 94
466 82771 66 4 82900 63 129
543 82119 70 3 82959 770 840
509 81197 70 1 82984 1717 1787
293 83092 50 2 83142 0 50
361 83070 55 4 83175 50 105
947 83230 61 3 83291 0 61
139 83191 62 4 83314 61 123
889 83048 63 3 83339 228 291
997 82808 71 4 83346 467 538
347 81698 71 3 83417 1648 1719
145 83417 71 3 83488 0 71
510 83534 39 2 83573 0 39
626 82503 76 4 83603 1024 1100
157 83666 58 2 83724 0 58
654 83613 60 3 83731 58 118
464 83757 47 3 83804 0 47
805 83851 42 2 83893 0 42
630 83887 58 2 83951 6 64
851 83826 67 4 83993 100 167
629 83930 72 4 84065 63 135
639 81323 76 3 84109 2710 2786
589 84111 75 4 84186 0 75
872 84193 65 3 84258 0 65
644 84263 36 4 84299 0 36
970 84318 47 4 84365 0 47
866 84321 55 3 84420 44 99
734 84317 68 4 84487 102 170
370 83817 76 3 84505 612 688
528 84569 44 4 84613 0 44
385 84534 50 3 84628 44 94
372 84643 42 3 84685 0 42
110 84701 33 1 84734 0 33
745 84554 58 2 84761 149 207
371 84821 58 2 84879 0 58
2 84736 66 4 84885 83 149
221 84888 31 1 84919 0 31
200 84421 78 2 84965 466 544
728 79567 79 3 84992 5346 5425
904 82790 82 4 85074 2202 2284
64 85158 52 3 85210 0 52
599 85325 46 4 85371 0 46
55 85379 50 1 85429 0 50
478 85295 51 4 85442 96 147
691 85270 61 2 85478 147 208
303 85339 64 4 85542 139 203
808 85548 46 3 85594 0 46
823 85229 67 2 85614 318 385
331 85648 40 3 85688 0 40
395 85665 50 4 85738 23 73
445 79130 83 4 85840 6627 6710
788 84331 83 4 85841 1427 1510
903 85093 83 4 85859 683 766
532 85879 58 4 85937 0 58
702 85881 62 2 85999 56 118
209 79764 83 4 86053 6206 6289
553 86119 42 4 86161 0 42
368 81551 85 1 86180 4544 4629
771 86315 54 2 86369 0 54
148 86237 79 1 86370 54 133
449 80080 90 4 86403 6233 6323
847 86453 43 2 86496 0 43
350 86440 52 3 86535 43 95
309 86548 41 3 86589 0 41
199 86604 58 1 86662 0 58
765 86403 90 4 86687 194 284
829 86819 47 3 86866 0 47
469 86890 34 3 86924 0 34
580 86907 47 4 86971 17 64
760 86878 60 4 87019 81 141
573 87058 54 2 87112 0 54
409 87169 55 4 87224 0 55
374 87082 58 4 87225 85 143
206 86959 68 3 87254 227 295
620 86915 69 2 87323 339 408
926 87376 68 1 87444 0 68
348 87243 71 4 87462 148 219
124 86793 71 3 87495 631 702
934 86929 80 2 87575 566 646
489 87618 65 4 87683 0 65
884 87693 71 1 87764 0 71
821 87762 75 3 87839 2 77
819 87416 82 4 87868 370 452
351 87696 82 1 87950 172 254
586 88063 39 2 88102 0 39
762 88096 65 2 88167 6 71
665 88176 54 1 88230 0 54
596 88237 47 2 88284 0 47
187 88272 50 4 88334 12 62
504 88195 59 4 88386 132 191
597 88002 78 4 88394 314 392
956 88526 42 1 88568 0 42
536 88471 56 3 88569 42 98
804 88469 57 4 88624 98 155
311 88595 68 2 88692 29 97
501 88404 70 2 88697 223 293
446 88761 41 2 88802 0 41
608 88801 44 2 88846 1 45
716 88762 56 4 88902 84 140
37 88926 69 2 88995 0 69
197 89017 56 4 89073 0 56
352 88736 71 3 89073 266 337
879 89132 57 3 89189 0 57
841 89097 57 2 89211 57 114
932 89212 62 4 89274 0 62
579 89165 65 2 89338 108 173
46 88419 75 4 89350 856 931
219 89421 61 4 89482 0 61
476 89393 65 3 89519 61 126
694 89591 49 2 89640 0 49
611 89630 55 4 89695 10 65
44 89542 74 3 89720 104 178
431 89729 57 3 89786 0 57
827 89840 48 4 89888 0 48
493 89745 59 4 89893 89 148
703 89775 64 4 89957 118 182
894 89976 51 3 90027 0 51
833 90030 41 4 90071 0 41
752 90195 46 4 90241 0 46
20 90264 41 2 90305 0 41
79 90335 36 4 90371 0 36
564 90353 42 2 90413 18 60
310 90273 46 3 90429 110 156
653 90178 50 2 90439 211 261
667 90326 54 4 90493 113 167
885 90127 56 3 90498 315 371
700 90123 70 3 90564 371 441
104 89869 74 3 90564 621 695
813 88891 76 4 90565 1598 1674
506 88878 76 1 90641 1687 1763
394 89793 77 4 90718 848 925
737 90168 77 1 90795 550 627
257 90868 62 4 90930 0 62
491 88398 80 3 90931 2453 2533
632 90680 82 4 91013 251 333
8 91060 47 4 91107 0 47
910 91109 53 4 91162 0 53
817 91039 54 3 91224 131 185
822 91145 54 3 91247 48 102
287 91056 63 2 91310 191 254
612 91264 69 3 91379 46 115
177 91408 69 4 91477 0 69
201 91582 48 3 91630 0 48
987 91564 65 3 91677 48 113
797 91519 85 4 91717 113 198
278 91748 30 4 91778 0 30
330 91749 51 4 91829 29 80
937 91827 57 4 91886 2 59
604 91873 61 3 91947 13 74
15 92005 58 3 92063 0 58
705 91881 70 3 92075 124 194
856 91916 71 4 92146 159 230
685 92218 53 3 92271 0 53
514 92226 61 4 92332 45 106
325 92176 73 2 92394 145 218
929 92410 60 3 92470 0 60
669 92494 36 3 92530 0 36
897 92523 47 3 92577 7 54
164 92264 73 2 92579 242 315
661 92638 58 4 92696 0 58
942 92752 68 4 92820 0 68
429 92823 36 3 92859 0 36
749 92693 71 4 92871 107 178
845 92375 74 4 92886 437 511
73 92536 75 2 92961 350 425
550 92997 75 2 93072 0 75
41 92892 80 3 93116 144 224
355 93158 76 3 93234 0 76
996 93238 36 4 93274 0 36
502 91936 82 4 93280 1262 1344
791 91397 87 2 93283 1799 1886
726 93176 88 4 93371 107 195
114 86758 92 4 93385 6535 6627
920 87913 92 4 93420 5415 5507
820 93440 66 4 93506 0 66
277 79221 93 4 93508 14194 14287
418 93571 91 3 93662 0 91
48 93691 25 2 93716 0 25
86 82513 93 3 93717 11111 11204
631 93718 67 4 93785 0 67
398 93891 52 3 93943 0 52
786 93975 53 4 94028 0 53
683 93874 55 2 94034 105 160
945 94077 27 4 94104 0 27
189 93904 59 2 94120 157 216
230 94135 51 3 94186 0 51
883 94145 59 2 94245 41 100
625 94255 55 3 94310 0 55
290 93948 67 2 94352 337 404
392 94358 56 4 94414 0 56
515 94488 32 1 94520 0 32
149 94475 60 4 94567 32 92
843 94357 62 4 94567 148 210
426 94426 63 3 94630 141 204
508 94184 70 4 94695 441 511
539 94711 29 1 94740 0 29
335 94715 34 3 94774 25 59
766 94789 43 1 94832 0 43
480 94703 49 2 94858 106 155
414 94715 64 2 94922 143 207
306 94991 63 4 95054 0 63
968 94705 69 2 95054 280 349
534 95086 39 4 95125 0 39
188 95158 43 3 95201 0 43
93 95178 61 3 95262 23 84
651 95358 20 3 95378 0 20
709 95317 48 4 95405 40 88
790 95345 48 4 95433 40 88
818 95347 54 1 95487 86 140
103 95346 55 3 95542 141 196
112 95583 50 3 95633 0 50
546 95636 56 4 95692 0 56
357 95353 58 3 95706 295 353
134 95436 60 4 95766 270 330
213 95490 61 4 95827 276 337
512 95164 61 1 95833 608 669
741 95118 64 3 95864 682 746
603 95894 48 3 95942 0 48
961 95065 65 4 95956 826 891
815 95697 66 4 96022 259 325
547 95897 68 2 96090 125 193
1000 96118 56 2 96174 0 56
663 96207 63 1 96270 0 63
633 96367 55 3 96422 0 55
172 96323 55 2 96433 55 110
358 96419 65 3 96498 14 79
182 96550 41 1 96591 0 41
283 96513 42 3 96596 41 83
793 96279 69 4 96606 258 327
544 95338 71 4 96607 1198 1269
390 96603 72 4 96679 4 76
342 96713 72 4 96785 0 72
935 96800 70 2 96870 0 70
828 94736 75 4 96885 2074 2149
606 96982 64 4 97046 0 64
602 96941 71 4 97076 64 135
6 96913 73 4 97121 135 208
252 97126 28 4 97154 0 28
458 95144 76 2 97197 1977 2053
375 97245 72 3 97317 0 72
864 94494 77 4 97338 2767 2844
848 97423 31 4 97454 0 31
253 97461 39 3 97500 0 39
933 97401 53 4 97524 70 123
677 97526 56 2 97582 0 56
699 97603 48 3 97651 0 48
561 97668 44 1 97712 0 44
427 97712 52 3 97764 0 52
867 97783 49 4 97832 0 49
241 97595 55 2 97843 193 248
388 97694 62 4 97905 149 211
424 97928 50 4 97978 0 50
334 97920 51 4 98021 50 101
412 98010 64 2 98085 11 75
832 98003 65 3 98150 82 147
972 97551 73 2 98195 571 644
957 98235 61 4 98296 0 61
233 98394 44 4 98438 0 44
95 98380 60 3 98484 44 104
411 98334 65 4 98503 104 169
440 98239 70 2 98535 226 296
74 98357 73 1 98608 178 251
985 98130 77 4 98645 438 515
490 96001 78 4 98658 2579 2657
899 98702 68 4 98770 0 68
557 98772 54 4 98826 0 54
404 98856 42 1 98898 0 42
853 98869 54 4 98952 29 83
748 98903 65 4 99017 49 114
775 99046 59 4 99105 0 59
946 98878 66 3 99142 198 264
568 99150 52 3 99202 0 52
807 99203 53 1 99256 0 53
3 99285 39 3 99324 0 39
624 99290 43 4 99367 34 77
981 99341 58 4 99425 26 84
756 99354 65 1 99490 71 136
511 99261 70 1 99536 205 275
30 99552 68 3 99620 0 68
738 98966 76 4 99666 624 700
192 98491 79 4 99748 1178 1257
555 95926 79 4 99748 3743 3822
343 99760 79 3 99839 0 79
452 98319 80 4 99907 1508 1588
443 99919 38 4 99957 0 38
719 99913 53 4 100004 38 91
416 99986 60 1 100064 18 78
381 96217 85 2 100143 3841 3926
313 97157 85 1 100228 2986 3071
442 99643 86 4 100486 757 843
768 94236 86 4 100486 6164 6250
803 97703 86 4 100486 2697 2783
878 97172 86 4 100572 3314 3400
227 99917 86 3 100658 655 741
138 94060 86 1 100744 6598 6684
231 97435 88 3 100832 3309 3397
571 94507 89 3 100921 6325 6414
25 99953 90 4 101101 1058 1148
76 96432 90 4 101101 4579 4669
147 96665 90 3 101191 4436 4526
652 95154 90 2 101281 6037 6127
587 99827 92 3 101373 1454 1546
850 89998 94 4 101377 11285 11379
126 91080 94 2 101471 10297 10391
712 82436 95 4 101566 19035 19130
71 98224 95 3 101661 3342 3437
986 82820 95 2 101756 18841 18936
636 79781 97 3 101853 21975 22072
158 94115 99 1 101952 7738 7837
722 94827 100 4 102152 7225 7325
880 97971 100 4 102152 4081 4181
271 81840 100 2 102352 20412 20512
146 81754 100 2 102352 20498 20598
982 93966 100 1 102452 8386 8486
