108540 1858 2822 2748
403 3723 62 4 3785 0 62
899 3724 68 2 3853 61 129
239 4102 71 2 4173 0 71
865 5222 42 3 5264 0 42
931 5844 64 4 5908 0 64
378 6049 79 3 6128 0 79
921 6374 93 4 6467 0 93
599 6680 42 4 6722 0 42
985 7008 74 3 7082 0 74
245 7528 22 1 7550 0 22
364 7827 92 3 7919 0 92
625 9062 85 4 9147 0 85
26 9629 90 2 9719 0 90
157 9799 49 4 9848 0 49
783 11098 89 4 11187 0 89
546 12022 30 3 12052 0 30
192 12114 95 2 12209 0 95
284 12740 64 1 12804 0 64
737 13496 55 1 13551 0 55
193 13608 38 4 13646 0 38
895 14336 99 2 14435 0 99
366 14845 94 3 14939 0 94
871 15168 63 1 15231 0 63
96 15374 93 4 15467 0 93
39 15652 95 3 15747 0 95
510 15970 57 3 16027 0 57
524 16543 39 4 16582 0 39
243 16548 81 2 16663 34 115
752 17046 98 1 17144 0 98
138 17444 65 4 17509 0 65
491 17570 94 3 17664 0 94
212 17579 84 4 17848 185 269
286 17596 90 4 17888 202 292
642 17655 70 2 17908 183 253
279 18664 77 3 18741 0 77
930 18851 85 4 18936 0 85
455 18974 47 4 19021 0 47
770 19429 98 4 19527 0 98
158 19493 97 2 19624 34 131
288 19548 73 1 19747 126 199
499 19616 69 4 19766 81 150
948 19895 95 3 19990 0 95
333 20293 44 4 20337 0 44
834 20336 77 4 20414 1 78
909 20360 82 3 20496 54 136
773 20420 84 1 20580 76 160
617 20858 86 4 20944 0 86
266 21058 71 4 21129 0 71
133 21266 91 1 21357 0 91
652 21682 63 2 21745 0 63
233 22551 94 3 22645 0 94
763 22977 31 3 23008 0 31
855 23071 87 4 23158 0 87
758 23450 96 4 23546 0 96
101 23532 85 3 23631 14 99
959 23880 85 3 23965 0 85
211 23955 90 4 24055 10 100
8 24205 87 3 24292 0 87
216 24319 85 4 24404 0 85
275 24356 87 3 24591 148 235
144 24384 88 4 24629 157 245
222 24403 75 4 24654 176 251
146 24864 69 2 24933 0 69
541 24977 55 3 25032 0 55
292 25620 52 4 25672 0 52
324 25622 70 4 25742 50 120
845 25780 68 2 25848 0 68
9 25953 42 3 25995 0 42
920 26107 87 2 26194 0 87
646 26607 59 4 26666 0 59
543 26679 46 2 26725 0 46
748 26939 88 3 27027 0 88
532 27080 36 2 27116 0 36
850 27116 30 3 27196 50 80
641 27094 66 2 27212 52 118
610 27122 48 2 27260 90 138
276 27418 78 4 27496 0 78
854 27566 66 3 27632 0 66
530 27622 49 1 27681 10 59
214 27809 48 2 27857 0 48
19 28266 62 3 28328 0 62
477 28926 92 4 29018 0 92
898 28944 47 4 29065 74 121
766 29124 70 2 29194 0 70
803 29226 36 3 29262 0 36
32 29300 96 3 29396 0 96
645 29599 100 2 29699 0 100
506 29608 95 4 29794 91 186
554 29712 92 2 29886 82 174
17 29824 95 4 29981 62 157
644 30557 91 2 30648 0 91
356 30692 82 4 30774 0 82
648 30753 63 2 30887 71 134
468 30756 97 1 30934 81 178
797 31051 61 2 31112 0 61
705 31061 58 3 31170 51 109
381 31678 77 1 31755 0 77
373 31751 48 4 31853 54 102
970 31723 62 4 31865 80 142
517 31907 82 3 31989 0 82
965 31955 90 4 32079 34 124
972 32045 84 3 32163 34 118
441 32503 73 2 32576 0 73
446 32505 91 4 32717 121 212
156 32523 85 2 32752 144 229
125 32918 93 3 33011 0 93
130 33258 93 4 33351 0 93
344 33266 77 4 33428 85 162
585 33684 79 3 33763 0 79
323 33690 39 2 33802 73 112
518 33753 52 3 33904 99 151
960 33754 59 2 33963 150 209
843 33881 29 3 33992 82 111
751 33821 58 3 34000 121 179
605 33942 71 3 34071 58 129
301 34041 96 3 34167 30 126
566 34206 92 4 34298 0 92
355 34307 91 1 34398 0 91
673 34315 87 2 34485 83 170
713 34580 44 4 34624 0 44
675 34631 46 4 34677 0 46
727 34975 69 4 35044 0 69
653 35060 97 4 35157 0 97
451 35172 99 3 35271 0 99
600 35195 94 4 35365 76 170
14 35287 90 1 35505 128 218
265 35295 66 1 35521 160 226
755 35550 66 1 35616 0 66
632 35614 54 4 35670 2 56
521 35697 44 3 35741 0 44
16 35898 89 4 35987 0 89
246 35930 98 4 36085 57 155
988 36047 82 3 36167 38 120
509 36131 81 4 36248 36 117
659 36237 79 2 36327 11 90
149 36320 71 4 36398 7 78
793 36339 43 3 36441 59 102
639 36821 97 3 36918 0 97
952 37044 59 3 37103 0 59
166 37072 92 4 37195 31 123
910 37327 24 3 37351 0 24
33 37364 90 4 37454 0 90
155 37436 59 2 37513 18 77
433 37649 41 4 37690 0 41
305 37981 73 4 38054 0 73
128 38061 99 2 38160 0 99
505 38188 78 3 38266 0 78
627 38210 100 3 38366 56 156
172 38339 54 3 38420 27 81
626 38506 89 2 38595 0 89
553 38511 99 3 38744 134 233
933 38588 53 1 38747 106 159
271 38760 94 4 38854 0 94
986 38767 82 1 38936 87 169
367 38862 74 4 39010 74 148
624 39335 62 1 39397 0 62
613 39404 88 4 39492 0 88
805 39484 59 2 39601 58 117
856 39487 83 1 39634 64 147
602 39566 83 4 39717 68 151
813 39675 90 2 39857 92 182
814 39690 93 2 39900 117 210
900 39853 61 4 40011 97 158
548 39868 96 4 40057 93 189
555 39964 76 4 40233 193 269
703 39969 70 1 40303 264 334
550 39992 99 2 40352 261 360
34 40068 98 2 40400 234 332
721 40396 86 2 40486 4 90
478 40541 82 4 40623 0 82
105 40650 95 1 40745 0 95
377 40774 62 4 40836 0 62
740 41121 52 3 41173 0 52
1000 41198 45 3 41243 0 45
545 41373 69 4 41442 0 69
464 41441 71 4 41513 1 72
998 41671 60 4 41731 0 60
556 41797 59 4 41856 0 59
179 41871 75 2 41946 0 75
808 41963 67 4 42030 0 67
513 42347 81 3 42428 0 81
425 42417 93 4 42521 11 104
269 42491 78 3 42649 80 158
351 42511 65 4 42714 138 203
294 42534 99 2 42763 130 229
406 42699 80 4 42843 64 144
515 42780 66 4 42909 63 129
334 43022 92 4 43114 0 92
643 43103 100 2 43214 11 111
825 43127 56 2 43320 137 193
782 43198 79 3 43399 122 201
693 43221 88 2 43487 178 266
913 43274 84 1 43521 163 247
185 43526 96 2 43622 0 96
94 43684 88 2 43772 0 88
38 43692 78 3 44000 230 308
113 43704 66 4 44066 296 362
371 43742 71 4 44087 274 345
750 43762 80 3 44117 275 355
685 43822 92 2 44159 245 337
826 44028 99 3 44408 281 380
303 44128 96 4 44454 230 326
944 44141 97 4 44501 263 360
74 44143 74 4 44625 408 482
511 44348 37 1 44662 277 314
46 44274 87 3 44699 338 425
844 44510 34 3 44733 189 223
828 44289 66 3 44749 394 460
547 44694 90 4 44839 55 145
862 44814 76 4 44915 25 101
148 44915 57 4 44972 0 57
496 44950 97 4 45119 72 169
68 44968 64 1 45133 101 165
661 45067 79 4 45212 66 145
247 45152 96 3 45308 60 156
419 45371 67 2 45438 0 67
949 45476 76 2 45552 0 76
171 45484 67 4 45619 68 135
578 45568 70 3 45689 51 121
839 45723 84 4 45857 50 134
327 45723 93 2 45900 84 177
568 45888 37 4 45987 62 99
342 45786 68 3 46005 151 219
393 45922 85 3 46140 133 218
79 45941 76 4 46166 149 225
757 46157 46 4 46212 9 55
414 46276 31 3 46307 0 31
708 46345 53 4 46398 0 53
66 46367 76 3 46474 31 107
784 46445 70 4 46544 29 99
70 46498 93 1 46687 96 189
143 46498 99 4 46736 139 238
664 46655 80 2 46816 81 161
277 46945 89 4 47034 0 89
531 47072 54 4 47126 0 54
314 47114 68 4 47194 12 80
225 47165 51 4 47245 29 80
428 47367 94 3 47461 0 94
187 47586 69 4 47655 0 69
298 47851 96 4 47947 0 96
165 47871 50 3 47997 76 126
523 47895 70 1 48117 152 222
836 47988 99 2 48166 79 178
21 48233 71 4 48304 0 71
321 48309 94 3 48403 0 94
443 48391 42 1 48445 12 54
715 48546 53 3 48599 0 53
927 48640 78 4 48718 0 78
801 48786 69 4 48855 0 69
256 48865 73 4 48938 0 73
287 48998 92 4 49090 0 92
189 49106 74 4 49180 0 74
706 49300 80 4 49380 0 80
285 49325 91 4 49521 105 196
799 49336 76 4 49597 185 261
199 49398 86 4 49633 149 235
159 49634 88 4 49722 0 88
139 49694 32 4 49754 28 60
654 49739 80 1 49834 15 95
174 49924 99 3 50023 0 99
221 49986 35 4 50058 37 72
205 50072 69 4 50141 0 69
662 50202 86 2 50288 0 86
587 50325 95 3 50420 0 95
71 50419 91 2 50561 51 142
821 50419 81 4 50692 192 273
999 50445 66 1 50808 297 363
593 50470 89 3 50847 288 377
329 50511 94 3 50891 286 380
153 50561 58 4 50949 330 388
253 50736 68 3 51067 263 331
186 50929 47 2 51114 138 185
449 50799 93 4 51207 315 408
623 50858 51 2 51258 349 400
145 50944 54 3 51312 314 368
280 50964 68 4 51330 298 366
453 51022 93 4 51373 258 351
958 51275 88 2 51511 148 236
937 51351 91 4 51552 110 201
242 51533 56 3 51608 19 75
527 51628 34 3 51662 0 34
936 51800 49 4 51849 0 49
945 51821 83 4 51982 78 161
476 51822 52 1 51984 110 162
674 51912 70 4 52104 122 192
756 51967 70 2 52174 137 207
569 52015 83 4 52207 109 192
258 52125 97 4 52304 82 179
50 52583 77 1 52660 0 77
154 52590 69 3 52729 70 139
771 53058 67 2 53125 0 67
592 53238 70 1 53308 0 70
440 53246 98 3 53406 62 160
876 53309 61 2 53467 97 158
658 53912 88 4 54000 0 88
877 54077 78 2 54155 0 78
80 54105 92 2 54247 50 142
350 54170 95 4 54342 77 172
304 54254 79 2 54421 88 167
964 54392 64 4 54485 29 93
980 54542 87 4 54629 0 87
597 54559 93 2 54822 170 263
774 54576 52 3 54824 196 248
955 54587 71 2 54895 237 308
560 54703 81 2 55026 242 323
306 54753 89 3 55115 273 362
824 54771 72 4 55137 294 366
325 54839 91 2 55228 298 389
984 55135 25 2 55253 93 118
520 55016 61 3 55264 187 248
969 55350 47 4 55397 0 47
195 55424 55 3 55479 0 55
484 55465 59 4 55538 14 73
310 55608 82 3 55690 0 82
928 55832 97 2 55929 0 97
359 55921 94 3 56023 8 102
167 56064 53 3 56117 0 53
400 56147 100 3 56247 0 100
151 56160 72 3 56319 87 159
1 56428 90 4 56518 0 90
957 56434 67 4 56635 134 201
49 56467 70 3 56655 118 188
386 56606 79 3 56834 149 228
700 56609 100 1 56884 175 275
220 56639 97 4 56931 195 292
135 56782 53 3 56984 149 202
322 56971 51 4 57035 13 64
817 57027 70 3 57105 8 78
47 57092 42 4 57147 13 55
723 57177 31 3 57208 0 31
110 57462 57 3 57519 0 57
859 57562 79 1 57641 0 79
590 57649 65 3 57714 0 65
611 57723 78 4 57801 0 78
481 57732 40 2 57841 69 109
261 57747 96 2 57987 144 240
616 57851 43 4 58030 136 179
880 57754 99 3 58079 226 325
981 57989 58 3 58187 140 198
709 58043 75 2 58212 94 169
10 58248 45 4 58293 0 45
676 58336 92 3 58428 0 92
384 58364 99 3 58577 114 213
44 58409 83 3 58610 118 201
126 58654 90 4 58744 0 90
226 58706 83 4 58877 88 171
902 58726 94 2 58921 101 195
651 58874 41 4 59012 97 138
111 58822 88 4 59050 140 228
941 59223 96 4 59319 0 96
780 59359 89 4 59448 0 89
394 59434 27 2 59525 64 91
726 59394 95 4 59570 81 176
318 59629 68 1 59697 0 68
180 59708 65 4 59773 0 65
88 59765 100 4 59873 8 108
785 59893 62 4 59955 0 62
252 59972 75 4 60047 0 75
123 59977 23 2 60070 70 93
631 60034 64 4 60134 36 100
181 60082 95 2 60229 52 147
498 60155 58 4 60287 74 132
842 60416 88 4 60504 0 88
919 60570 90 3 60660 0 90
512 60604 75 4 60885 206 281
787 60611 86 4 60971 274 360
528 60620 94 4 61015 301 395
162 60650 96 3 61061 315 411
175 60700 88 4 61199 411 499
163 61004 50 4 61249 195 245
916 60818 87 3 61286 381 468
951 60841 88 4 61324 395 483
811 61196 45 4 61419 178 223
116 61151 53 4 61522 318 371
480 61236 89 2 61711 386 475
368 61277 77 4 61738 384 461
514 61359 84 3 61822 379 463
124 61368 92 4 62014 554 646
382 61415 54 4 62018 549 603
237 61510 56 1 62024 458 514
434 61555 68 2 62192 569 637
210 61872 37 4 62329 420 457
807 61564 83 3 62362 715 798
86 61565 90 3 62402 747 837
456 61744 80 3 62532 708 788
701 61751 97 4 62579 731 828
722 61811 64 2 62593 718 782
710 61836 98 2 62641 707 805
563 61871 84 3 62675 720 804
576 61937 65 3 62790 788 853
581 61979 78 4 62818 761 839
943 62347 94 3 62912 471 565
935 62397 72 3 62934 465 537
953 62481 94 4 63078 503 597
971 62734 84 3 63112 294 378
684 62753 72 4 63134 309 381
840 63026 59 3 63243 158 217
968 63145 42 4 63285 98 140
629 63067 91 3 63326 168 259
841 63218 75 4 63551 258 333
136 63262 90 4 63641 289 379
852 63285 66 4 63707 356 422
281 63468 50 3 63757 239 289
369 63310 93 1 63800 397 490
389 63376 94 3 63944 474 568
313 63407 88 1 64032 537 625
238 63485 60 3 64242 697 757
338 63500 71 3 64263 692 763
302 63628 88 4 64301 585 673
604 63715 69 3 64320 536 605
665 63722 90 3 64360 548 638
759 63746 81 3 64491 664 745
493 63775 100 3 64541 666 766
551 64316 39 4 64630 275 314
956 64109 97 4 64677 471 568
923 64128 70 3 64747 549 619
586 64253 75 4 64822 494 569
83 64372 71 2 65043 600 671
267 64445 87 2 65080 548 635
204 64576 93 4 65123 454 547
896 64839 41 4 65164 284 325
431 64591 94 4 65208 523 617
884 64636 85 4 65243 522 607
466 64654 99 3 65292 539 638
168 65025 79 4 65421 317 396
989 65109 90 2 65461 262 352
140 65502 85 3 65587 0 85
457 65652 81 1 65733 0 81
915 65716 51 4 65784 17 68
583 65752 69 4 65853 32 101
215 65886 42 3 65928 0 42
339 65888 89 3 66067 90 179
106 65916 97 1 66114 101 198
460 66039 73 2 66187 75 148
544 66288 65 2 66353 0 65
954 66343 26 4 66429 60 86
579 66297 82 3 66461 82 164
63 66376 96 3 66607 135 231
341 66436 74 4 66681 171 245
717 66510 87 4 66718 121 208
104 66614 30 3 66748 104 134
435 66689 83 1 66831 59 142
142 66791 55 3 66986 140 195
316 66813 72 4 67008 123 195
741 66820 93 4 67101 188 281
719 66931 96 3 67197 170 266
291 66936 92 3 67289 261 353
760 67011 56 3 67395 328 384
903 67107 72 2 67467 288 360
744 67126 71 3 67488 291 362
660 67199 79 4 67517 239 318
127 67436 77 3 67644 131 208
348 67467 61 4 67655 127 188
882 67673 96 1 67769 0 96
109 67696 40 3 67809 73 113
422 68147 49 3 68196 0 49
533 68181 63 2 68259 15 78
203 68302 93 4 68395 0 93
650 68386 47 4 68492 59 106
208 68344 87 4 68529 98 185
823 68514 89 3 68668 65 154
482 68520 90 3 68758 148 238
309 68563 83 2 68791 145 228
647 68689 59 4 68950 202 261
720 68836 35 3 68985 114 149
830 68732 71 2 69006 203 274
535 68748 78 4 69034 208 286
328 68938 97 1 69231 196 293
906 68999 66 4 69297 232 298
888 69029 61 4 69308 218 279
76 69041 96 4 69354 217 313
41 69296 34 4 69438 108 142
977 69257 98 3 69536 181 279
475 69324 96 3 69682 262 358
307 69394 94 3 69826 338 432
594 69395 95 3 69871 381 476
863 69486 55 3 69876 335 390
206 69516 95 4 69921 310 405
114 69782 59 4 70180 339 398
924 69812 71 2 70201 318 389
349 69876 96 4 70297 325 421
732 69888 71 3 70318 359 430
735 69914 93 3 70361 354 447
486 70015 86 4 70397 296 382
881 70412 71 4 70483 0 71
69 70433 81 4 70614 100 181
689 70452 99 4 70713 162 261
82 70510 73 4 70786 203 276
905 70592 79 3 70865 194 273
942 70651 65 1 70980 264 329
103 70744 100 4 71130 286 386
452 70905 49 2 71179 225 274
150 70755 87 2 71216 374 461
240 70961 45 4 71261 255 300
51 70857 81 3 71292 354 435
975 70862 79 2 71371 430 509
991 71024 92 2 71613 497 589
494 71173 94 4 71657 390 484
680 71176 84 3 71741 481 565
404 71207 88 4 71779 484 572
790 71272 77 4 71806 457 534
100 71411 99 3 71905 395 494
831 71646 84 3 72039 309 393
849 71821 38 4 72077 218 256
912 71720 53 2 72180 407 460
45 71765 80 3 72310 465 545
118 71828 59 3 72469 582 641
634 71894 92 3 72511 525 617
462 71916 56 4 72517 545 601
87 71947 77 4 72544 520 597
102 71983 75 3 72669 611 686
320 72054 86 1 72755 615 701
832 72058 77 4 72832 697 774
132 72480 36 2 73018 502 538
574 72284 68 1 73086 734 802
504 72307 77 2 73113 729 806
907 72328 52 2 73115 735 787
667 72365 71 3 73236 800 871
65 72814 49 1 73385 522 571
48 72439 93 1 73478 946 1039
904 72441 95 4 73573 1037 1132
917 72448 94 4 73617 1075 1169
589 72510 87 4 73704 1107 1194
61 72684 98 1 73852 1070 1168
728 72743 97 4 73899 1059 1156
343 73229 41 3 73990 720 761
846 72784 63 2 74003 1156 1219
346 72803 81 2 74034 1150 1231
901 73333 33 3 74067 701 734
465 72830 92 3 74159 1237 1329
561 73424 40 4 74299 835 875
990 72872 94 2 74343 1377 1471
28 73576 50 1 74543 917 967
810 72972 84 4 74627 1571 1655
595 73042 68 1 74645 1535 1603
686 73049 53 3 74648 1546 1599
263 73199 92 3 74740 1449 1541
53 73340 81 4 74771 1350 1431
375 74141 49 3 74870 680 729
213 73399 77 4 74897 1421 1498
582 73413 96 1 74993 1484 1580
230 74270 34 3 75027 723 757
437 73499 92 3 75119 1528 1620
91 73556 95 4 75264 1613 1708
207 73569 75 1 75289 1645 1720
260 73579 96 1 75385 1710 1806
196 73755 67 3 75402 1580 1647
730 74074 96 4 75498 1328 1424
853 74195 93 4 75591 1303 1396
796 74289 98 3 75739 1352 1450
223 74368 54 4 75793 1371 1425
926 74386 86 4 75929 1457 1543
607 74515 99 4 76128 1514 1613
537 74694 97 4 76375 1584 1681
470 74892 52 4 76477 1533 1585
677 74910 76 4 76703 1717 1793
112 74931 99 3 76802 1772 1871
754 75096 79 3 77031 1856 1935
251 75128 82 2 77063 1853 1935
445 75801 44 2 77107 1262 1306
663 75163 71 4 77128 1894 1965
36 75905 43 4 77321 1373 1416
495 75204 67 4 77338 2067 2134
745 75254 59 4 77347 2034 2093
23 75279 97 4 77444 2068 2165
612 75315 100 4 77644 2229 2329
308 75332 93 4 77737 2312 2405
363 75360 87 4 77774 2327 2414
397 75376 81 3 77855 2398 2479
570 75409 58 4 77913 2446 2504
268 75432 92 3 78005 2481 2573
365 75509 60 3 78065 2496 2556
932 75533 73 2 78088 2482 2555
54 76550 34 2 78122 1538 1572
571 76553 37 1 78159 1569 1606
878 75562 88 4 78197 2547 2635
891 75579 82 4 78229 2568 2650
56 75594 69 3 78298 2635 2704
806 76737 34 2 78332 1561 1595
538 75666 64 2 78446 2716 2780
5 76830 34 4 78480 1616 1650
290 75696 85 2 78515 2734 2819
866 75722 55 3 78520 2743 2798
789 75727 86 3 78556 2743 2829
982 75856 95 2 78601 2650 2745
273 75888 73 4 78624 2663 2736
257 75905 56 3 78630 2669 2725
62 75980 97 3 78877 2800 2897
892 76069 64 3 79041 2908 2972
573 76094 93 4 79084 2897 2990
84 77534 50 3 79134 1550 1600
738 76114 97 3 79181 2970 3067
37 76141 86 3 79417 3190 3276
390 76250 80 4 79447 3117 3197
360 76288 67 1 79514 3159 3226
438 76379 55 4 79569 3135 3190
388 76467 64 4 79783 3252 3316
822 76669 95 3 79978 3214 3309
99 76738 95 3 80123 3290 3385
312 76762 66 3 80139 3311 3377
347 77248 93 2 80382 3041 3134
502 77265 85 3 80467 3117 3202
993 77279 75 2 80542 3188 3263
317 77320 58 4 80600 3222 3280
812 77376 66 4 80666 3224 3290
319 78902 44 4 80760 1814 1858
637 77383 78 4 80788 3327 3405
467 77398 57 2 80795 3340 3397
183 79073 42 1 80887 1772 1814
883 77551 91 3 81078 3436 3527
733 77583 69 4 81147 3495 3564
833 77587 86 4 81183 3510 3596
699 77639 74 4 81307 3594 3668
562 77840 53 3 81360 3467 3520
336 77869 95 2 81405 3441 3536
55 77935 51 4 81406 3420 3471
922 77952 73 3 81429 3404 3477
315 77963 84 3 81563 3516 3600
12 77968 93 4 81606 3545 3638
454 78030 79 4 81635 3526 3605
398 78058 70 2 81655 3527 3597
270 78192 90 2 81745 3463 3553
27 78289 72 3 81817 3456 3528
779 78331 90 2 81907 3486 3576
182 80082 44 4 81951 1825 1869
18 78463 99 3 82000 3438 3537
278 78474 80 2 82080 3526 3606
872 78568 82 4 82162 3512 3594
682 78621 68 3 82180 3491 3559
697 78663 53 2 82233 3517 3570
13 78693 63 4 82296 3540 3603
121 78765 73 2 82469 3631 3704
374 78875 86 1 82555 3594 3680
526 78898 78 4 82583 3607 3685
678 79034 64 4 82647 3549 3613
559 79094 92 3 82789 3603 3695
379 79122 81 3 82820 3617 3698
640 79137 96 4 82866 3633 3729
861 79198 75 3 82941 3668 3743
736 79295 82 2 83023 3646 3728
702 79315 89 4 83162 3758 3847
58 79421 99 2 83261 3741 3840
24 79655 84 4 83445 3706 3790
283 79659 66 1 83461 3736 3802
188 79866 97 3 83558 3595 3692
816 79942 74 2 83682 3666 3740
231 79982 61 2 83793 3750 3811
392 80171 72 3 83915 3672 3744
507 80224 90 4 84055 3741 3831
399 80315 84 4 84189 3790 3874
427 80465 93 3 84282 3724 3817
490 80482 97 4 84429 3850 3947
974 80511 67 4 84496 3918 3985
250 80529 88 1 84584 3967 4055
994 80592 94 4 84728 4042 4136
447 80714 95 4 84823 4014 4109
417 80869 77 2 84850 3904 3981
549 80870 99 2 84949 3980 4079
289 81002 71 4 85070 3997 4068
497 81109 70 3 85090 3911 3981
198 81188 82 4 85172 3902 3984
963 81193 89 3 85211 3929 4018
97 81270 54 4 85265 3941 3995
591 81325 93 3 85408 3990 4083
201 81339 74 2 85432 4019 4093
698 81396 89 2 85471 3986 4075
580 81590 91 4 85512 3831 3922
164 81709 61 3 85523 3753 3814
911 81712 70 2 85643 3861 3931
635 83636 30 4 85673 2007 2037
681 83668 39 3 85712 2005 2044
152 81780 78 3 85740 3882 3960
115 81814 98 3 85788 3876 3974
485 81850 79 4 85817 3888 3967
190 83804 47 4 85864 2013 2060
412 81891 81 1 85895 3923 4004
795 82023 57 4 86002 3922 3979
818 82025 100 4 86152 4027 4127
781 82151 97 2 86249 4001 4098
565 82171 60 4 86309 4078 4138
603 84117 49 2 86358 2192 2241
775 82225 55 4 86463 4183 4238
197 84237 31 4 86494 2226 2257
516 82245 90 1 86584 4249 4339
178 82272 75 3 86659 4312 4387
217 82333 73 3 86782 4376 4449
950 82380 95 3 86827 4352 4447
92 82425 51 2 86828 4352 4403
311 82460 96 4 86874 4318 4414
448 82538 95 3 86919 4286 4381
236 82676 88 3 87007 4243 4331
729 82726 66 4 87123 4331 4397
694 82784 90 3 87213 4339 4429
649 82967 77 2 87290 4246 4323
395 83101 55 4 87495 4339 4394
119 83174 99 3 87544 4271 4370
380 85279 47 3 87591 2265 2312
357 85309 34 3 87625 2282 2316
415 83204 95 3 87670 4371 4466
4 83563 88 4 87858 4207 4295
57 83578 73 4 87981 4330 4403
331 85622 43 4 88024 2359 2402
429 85721 50 4 88174 2403 2453
886 83848 56 2 88280 4376 4432
93 83871 70 2 88300 4359 4429
376 83943 76 3 88326 4307 4383
929 83957 84 3 88360 4319 4403
483 84035 53 2 88463 4375 4428
219 86199 49 2 88562 2314 2363
426 84099 63 3 88625 4463 4526
89 86255 33 3 88658 2370 2403
671 84139 76 4 88684 4469 4545
860 84179 76 1 88760 4505 4581
59 86471 37 1 88897 2389 2426
879 84263 78 4 88925 4584 4662
170 84300 88 4 89013 4625 4713
249 84338 86 1 89099 4675 4761
232 84429 85 2 89334 4820 4905
656 84767 84 2 89568 4717 4801
442 84862 53 1 89621 4706 4759
52 84891 65 4 89636 4680 4745
337 84980 92 3 89728 4656 4748
487 85000 71 2 89799 4728 4799
519 87260 32 4 89831 2539 2571
160 85106 83 3 89914 4725 4808
688 85138 53 1 89967 4776 4829
408 85176 55 3 89972 4741 4796
262 85194 69 3 90041 4778 4847
405 85339 99 3 90190 4752 4851
772 87711 44 2 90284 2529 2573
753 85439 100 1 90384 4845 4945
630 85503 87 1 90471 4881 4968
42 85533 86 2 90507 4888 4974
890 85563 87 2 90644 4994 5081
802 85622 65 3 90659 4972 5037
326 85695 68 4 90677 4914 4982
385 88142 48 4 90875 2685 2733
402 85749 68 3 90893 5076 5144
108 85812 53 3 90996 5131 5184
98 86070 100 4 91096 4926 5026
873 86102 89 4 91135 4944 5033
765 86168 69 2 91204 4967 5036
235 86224 97 4 91401 5080 5177
764 88682 33 3 91584 2869 2902
227 86369 99 3 91633 5165 5264
72 86446 69 1 91702 5187 5256
786 86470 77 4 91729 5182 5259
792 86576 75 3 91804 5153 5228
851 88948 45 2 91849 2856 2901
352 86642 64 2 91863 5157 5221
177 89044 39 4 91952 2869 2908
885 89049 43 3 92045 2953 2996
362 86661 75 3 92120 5384 5459
85 86665 62 4 92182 5455 5517
473 86668 83 3 92315 5564 5647
749 86676 93 4 92358 5589 5682
973 89307 43 1 92401 3051 3094
791 86726 82 2 92433 5625 5707
666 86813 95 2 92478 5570 5665
725 89411 39 1 92517 3067 3106
503 86876 77 4 92544 5591 5668
768 86896 52 2 92546 5598 5650
542 87004 96 2 92592 5492 5588
620 87094 84 2 92676 5498 5582
657 89713 44 4 92820 3063 3107
421 87193 65 4 92885 5627 5692
67 87285 86 3 93071 5700 5786
800 87328 81 3 93202 5793 5874
746 87410 87 3 93239 5742 5829
254 87450 90 2 93279 5739 5829
687 87486 52 4 93331 5793 5845
838 87684 88 1 93519 5747 5835
961 90199 42 4 93561 3320 3362
7 90227 24 2 93585 3334 3358
742 90278 44 4 93629 3307 3351
669 87719 98 4 93677 5860 5958
73 90294 29 4 93706 3383 3412
679 90373 48 3 93804 3383 3431
695 87760 90 4 93844 5994 6084
122 90469 44 3 93938 3425 3469
747 87883 85 1 93973 6005 6090
712 87899 62 3 93985 6024 6086
966 88080 84 4 94069 5905 5989
691 90683 49 1 94118 3386 3435
655 88091 82 2 94150 5977 6059
914 88103 74 3 94324 6147 6221
804 88180 79 2 94553 6294 6373
893 90897 26 3 94579 3656 3682
173 88182 55 3 94584 6347 6402
29 88270 58 3 94592 6264 6322
869 88415 85 4 94627 6127 6212
847 91184 45 4 94672 3443 3488
436 88496 99 4 94721 6126 6225
874 88552 79 4 94750 6119 6198
534 88554 91 1 94841 6196 6287
413 88647 78 3 94919 6194 6272
762 91420 44 2 95063 3599 3643
540 91436 45 2 95108 3627 3672
264 88654 96 1 95154 6404 6500
345 91478 35 4 95189 3676 3711
75 88675 91 4 95230 6464 6555
424 88724 68 2 95298 6506 6574
598 88923 56 4 95354 6375 6431
946 89028 78 3 95482 6376 6454
463 91940 47 4 95629 3642 3689
141 89045 78 4 95657 6534 6612
474 89055 58 4 95765 6652 6710
692 89102 70 4 95835 6663 6733
858 92182 50 4 95885 3653 3703
274 89176 93 4 95928 6659 6752
572 89178 72 4 96000 6750 6822
575 89625 90 4 96540 6825 6915
194 92600 31 4 96571 3940 3971
996 92604 49 3 96620 3967 4016
11 92635 41 4 96711 4035 4076
711 89672 83 4 96744 6989 7072
983 89673 93 4 96837 7071 7164
191 92783 43 3 96930 4104 4147
372 89715 77 3 96957 7165 7242
489 89793 95 3 97052 7164 7259
827 89823 54 4 97106 7229 7283
819 89831 81 1 97237 7325 7406
500 89870 96 3 97333 7367 7463
492 89899 86 4 97469 7484 7570
829 90053 82 4 97501 7366 7448
501 90118 90 3 97541 7333 7423
696 90170 79 4 97570 7321 7400
31 93388 50 4 97620 4182 4232
300 90184 95 2 97815 7536 7631
868 90333 82 2 98097 7682 7764
209 93716 43 4 98140 4381 4424
259 93834 31 3 98221 4356 4387
619 90392 51 4 98272 7829 7880
95 90622 75 4 98547 7850 7925
293 90732 89 1 98686 7865 7954
939 90750 89 4 98775 7936 8025
25 90756 64 3 98839 8019 8083
169 90820 75 4 98864 7969 8044
432 90835 93 3 98957 8029 8122
848 90853 99 3 99006 8054 8153
6 90864 88 1 99044 8092 8180
416 94694 30 3 99274 4550 4580
622 94717 38 4 99362 4607 4645
272 91286 61 4 99423 8076 8137
2 91370 97 1 99570 8103 8200
479 91404 83 2 99603 8116 8199
430 91415 99 4 99702 8188 8287
469 91525 85 4 99987 8377 8462
564 91716 93 3 100030 8221 8314
633 91753 58 4 100088 8277 8335
370 91768 75 4 100113 8270 8345
234 91868 82 3 100195 8245 8327
229 91906 99 2 100244 8239 8338
423 91968 60 4 100254 8226 8286
420 95694 31 4 100285 4560 4591
820 92019 99 1 100334 8216 8315
218 92062 88 1 100372 8222 8310
672 92202 89 2 100511 8220 8309
889 92269 77 2 100588 8242 8319
552 92299 62 4 100600 8239 8301
137 92347 53 3 100653 8253 8306
472 92349 94 2 100697 8254 8348
918 92405 70 2 100717 8242 8312
354 92422 72 4 100739 8245 8317
835 92424 80 4 100819 8315 8395
670 92432 66 2 100985 8487 8553
297 92528 74 2 101009 8407 8481
488 92591 86 1 101045 8368 8454
461 92626 71 4 101166 8469 8540
161 96665 44 3 101210 4501 4545
529 92708 75 4 101435 8652 8727
224 92743 81 4 101566 8742 8823
809 92843 80 2 101646 8723 8803
407 92889 90 3 101686 8707 8797
704 92936 78 2 101914 8900 8978
107 92973 85 4 101949 8891 8976
439 93047 64 4 102063 8952 9016
30 97296 41 3 102154 4817 4858
734 93090 92 3 102196 9014 9106
77 97383 32 3 102278 4863 4895
202 93102 76 4 102304 9126 9202
525 97590 31 3 102435 4814 4845
987 93401 59 2 102444 8984 9043
992 93413 96 3 102490 8981 9077
668 93413 73 3 102663 9177 9250
870 93558 65 2 102778 9155 9220
609 93584 93 4 102821 9144 9237
596 93644 80 3 102851 9127 9207
391 97938 47 2 102898 4913 4960
707 93644 61 2 102909 9204 9265
396 93669 96 3 103005 9240 9336
134 98120 47 4 103202 5035 5082
459 93748 91 4 103243 9404 9495
683 93835 82 3 103375 9458 9540
925 93851 72 3 103547 9624 9696
248 93852 86 2 103633 9695 9781
40 93855 95 4 103728 9778 9873
282 93875 85 4 103863 9903 9988
777 93955 85 3 103998 9958 10043
536 98516 50 1 104098 5532 5582
241 94114 64 4 104112 9934 9998
976 94147 63 4 104175 9965 10028
778 94181 80 4 104255 9994 10074
716 94231 58 3 104263 9974 10032
940 94345 62 4 104425 10018 10080
228 94475 91 4 104666 10100 10191
418 94488 62 4 104678 10128 10190
997 99124 28 4 104756 5604 5632
767 94599 77 3 104783 10107 10184
411 94657 96 3 104829 10076 10172
815 94715 85 4 104914 10114 10199
731 94729 81 2 105195 10385 10466
557 99389 24 4 105269 5856 5880
601 94792 64 3 105283 10427 10491
718 94823 87 1 105470 10560 10647
78 94936 93 2 105663 10634 10727
690 95037 98 1 105811 10676 10774
64 95081 90 4 105901 10730 10820
358 95108 96 2 105947 10743 10839
864 95112 91 1 106038 10835 10926
875 95175 73 2 106061 10813 10886
90 95308 92 3 106203 10803 10895
401 95409 70 1 106223 10744 10814
947 95770 95 4 106268 10403 10498
340 95796 99 3 106317 10422 10521
330 95956 64 2 106331 10311 10375
577 96071 97 4 106378 10210 10307
962 96255 96 2 106424 10073 10169
383 96334 93 3 106467 10040 10133
184 96346 83 2 106500 10071 10154
887 96350 70 3 106520 10100 10170
244 96480 93 2 106563 9990 10083
897 96576 98 3 106611 9937 10035
798 96692 90 4 106651 9869 9959
387 96698 75 1 106676 9903 9978
978 96705 79 3 106705 9921 10000
857 96715 57 2 106712 9940 9997
471 96787 52 2 106714 9875 9927
714 96831 88 4 106752 9833 9921
837 96953 80 3 106782 9749 9829
147 97072 94 4 106826 9660 9754
614 97077 71 2 106847 9699 9770
567 97081 63 4 106860 9716 9779
299 97084 80 4 106890 9726 9806
15 97219 96 4 106936 9621 9717
129 97221 67 4 106953 9665 9732
636 97259 66 4 106969 9644 9710
296 97351 92 4 107011 9568 9660
938 97458 81 2 107042 9503 9584
584 97538 96 2 107088 9454 9550
979 97690 97 3 107135 9348 9445
43 97693 79 2 107164 9392 9471
20 97700 88 3 107202 9414 9502
628 97766 82 2 107234 9386 9468
606 97786 83 3 107267 9398 9481
361 97970 99 2 107316 9247 9346
22 98017 87 4 107353 9249 9336
769 98076 84 4 107387 9227 9311
739 98082 83 3 107420 9255 9338
522 98172 75 4 107445 9198 9273
539 98173 98 4 107493 9222 9320
117 98231 57 1 107500 9212 9269
995 98242 63 3 107513 9208 9271
794 98269 97 2 107560 9194 9291
894 98319 58 4 107568 9191 9249
618 98366 87 4 107605 9152 9239
444 98404 85 4 107640 9151 9236
410 98410 86 3 107676 9180 9266
3 98445 99 2 107725 9181 9280
200 98458 95 2 107770 9217 9312
615 98490 82 4 107802 9230 9312
743 98589 96 3 107848 9163 9259
60 98669 100 4 107898 9129 9229
638 98801 52 4 107900 9047 9099
588 98801 59 3 107909 9049 9108
621 98821 64 3 107923 9038 9102
508 98903 83 2 107956 8970 9053
176 98924 93 3 107999 8982 9075
353 98946 83 4 108032 9003 9086
450 98974 66 3 108048 9008 9074
120 99118 98 1 108096 8880 8978
908 99216 65 3 108111 8830 8895
608 99290 79 3 108140 8771 8850
967 99302 59 3 108149 8788 8847
458 99304 84 4 108183 8795 8879
934 99312 84 3 108217 8821 8905
867 99342 74 4 108241 8825 8899
724 99372 81 1 108272 8819 8900
335 99427 89 3 108311 8795 8884
81 99452 89 4 108350 8809 8898
295 99469 72 4 108372 8831 8903
255 99492 58 3 108380 8830 8888
776 99598 92 4 108422 8732 8824
788 99603 52 2 108424 8769 8821
35 99621 74 4 108448 8753 8827
558 99653 67 3 108465 8745 8812
409 99731 75 2 108490 8684 8759
332 99832 57 3 108497 8608 8665
131 99961 69 2 108516 8486 8555
761 99987 74 1 108540 8479 8553
