100367 1410 104 56
239 636 43 2 679 0 43
406 1802 27 2 1829 0 27
399 2434 63 4 2497 0 63
808 4853 56 4 4909 0 56
261 5462 30 2 5492 0 30
718 5513 50 4 5563 0 50
224 5834 26 4 5860 0 26
426 6197 65 3 6262 0 65
196 6376 96 4 6472 0 96
716 7086 54 3 7140 0 54
854 7102 63 4 7203 38 101
126 7281 53 2 7334 0 53
994 7758 64 4 7822 0 64
551 8267 32 3 8299 0 32
832 8676 32 3 8708 0 32
258 8732 76 4 8808 0 76
995 9181 39 1 9220 0 39
371 9395 48 4 9443 0 48
722 9776 47 2 9823 0 47
203 10194 50 2 10244 0 50
75 10408 73 2 10481 0 73
410 11212 27 4 11239 0 27
907 11264 30 1 11294 0 30
288 11657 36 4 11693 0 36
812 11690 23 2 11716 3 26
359 11766 32 3 11798 0 32
986 12405 35 3 12440 0 35
506 12476 24 3 12500 0 24
302 12538 52 3 12590 0 52
138 12879 33 4 12912 0 33
178 13314 51 3 13365 0 51
432 13632 79 1 13711 0 79
423 13861 61 2 13922 0 61
921 14227 66 4 14293 0 66
455 14277 50 2 14343 16 66
21 14705 32 4 14737 0 32
839 15007 45 3 15052 0 45
990 15216 53 1 15269 0 53
439 15561 50 4 15611 0 50
889 15758 36 4 15794 0 36
488 16321 44 3 16365 0 44
566 16368 29 4 16397 0 29
642 16626 41 2 16667 0 41
818 16698 21 1 16719 0 21
450 16850 54 2 16904 0 54
824 16966 89 4 17055 0 89
879 16998 56 4 17111 57 113
116 17824 36 2 17860 0 36
573 18062 27 4 18089 0 27
1 18425 47 1 18472 0 47
355 18763 42 3 18805 0 42
575 19802 41 2 19843 0 41
294 20030 81 4 20111 0 81
436 20057 20 4 20131 54 74
241 20113 34 3 20165 18 52
788 20513 50 4 20563 0 50
165 20698 42 4 20740 0 42
852 21167 21 4 21188 0 21
186 21278 40 4 21318 0 40
347 21759 74 1 21833 0 74
479 21878 67 4 21945 0 67
369 22288 52 3 22340 0 52
583 22494 25 4 22519 0 25
911 22652 84 4 22736 0 84
208 23216 34 1 23250 0 34
173 23503 65 4 23568 0 65
541 23726 49 4 23775 0 49
917 24093 46 3 24139 0 46
557 24187 59 4 24246 0 59
118 24479 50 2 24529 0 50
26 24645 47 3 24692 0 47
338 24787 82 4 24869 0 82
914 25070 48 2 25118 0 48
474 25160 35 4 25195 0 35
734 25169 31 4 25226 26 57
715 25428 75 3 25503 0 75
692 25793 81 3 25874 0 81
36 26254 46 4 26300 0 46
297 26290 46 4 26346 10 56
419 26365 29 4 26394 0 29
776 26592 56 1 26648 0 56
892 26649 70 3 26719 0 70
217 26784 41 1 26825 0 41
451 26988 35 3 27023 0 35
589 26993 56 4 27129 80 136
254 27004 54 3 27133 75 129
456 27100 70 4 27203 33 103
923 27229 49 2 27278 0 49
182 27310 60 2 27370 0 60
262 27391 53 3 27444 0 53
567 27412 64 4 27508 32 96
127 27639 64 2 27703 0 64
809 28079 24 3 28103 0 24
881 28424 41 3 28465 0 41
979 28658 42 2 28700 0 42
943 28688 53 3 28753 12 65
199 28792 22 4 28814 0 22
527 28814 42 3 28856 0 42
310 28883 58 3 28941 0 58
16 29019 41 4 29060 0 41
408 29034 60 1 29120 26 86
252 29191 35 2 29226 0 35
625 29304 62 2 29366 0 62
121 29546 92 4 29638 0 92
257 29705 26 2 29731 0 26
683 30049 67 1 30116 0 67
882 30243 47 4 30290 0 47
945 30350 25 3 30375 0 25
481 30691 31 4 30722 0 31
663 30784 56 3 30840 0 56
888 30785 29 4 30869 55 84
11 30823 34 1 30903 46 80
49 31021 22 2 31043 0 22
708 31220 20 3 31240 0 20
951 31255 29 3 31284 0 29
321 31294 58 3 31352 0 58
750 31323 85 3 31437 29 114
521 31445 73 2 31518 0 73
181 31697 47 2 31744 0 47
618 31777 52 1 31829 0 52
390 31880 49 3 31929 0 49
966 32316 76 4 32392 0 76
806 32410 24 4 32434 0 24
42 32774 36 4 32810 0 36
965 32880 86 2 32966 0 86
899 32989 71 1 33060 0 71
123 33211 68 4 33279 0 68
57 33304 27 3 33331 0 27
547 33569 76 2 33645 0 76
325 33661 40 2 33701 0 40
516 33710 54 3 33764 0 54
653 33720 47 3 33811 44 91
688 33836 33 3 33869 0 33
269 33875 66 4 33941 0 66
790 34044 71 2 34115 0 71
736 34409 23 4 34432 0 23
520 34423 28 1 34460 9 37
101 34619 37 1 34656 0 37
932 34774 77 4 34851 0 77
909 34810 46 4 34897 41 87
856 34838 26 4 34923 59 85
780 35054 52 3 35106 0 52
508 35164 87 3 35251 0 87
947 35377 50 4 35427 0 50
962 35410 24 4 35451 17 41
741 36105 55 4 36160 0 55
729 36437 35 4 36472 0 35
826 36645 27 3 36672 0 27
348 36663 50 4 36722 9 59
385 36754 26 3 36780 0 26
880 36821 29 1 36850 0 29
117 37157 62 4 37219 0 62
213 37201 92 4 37311 18 110
970 37235 57 4 37368 76 133
908 37434 36 4 37470 0 36
634 37533 72 1 37605 0 72
322 37846 43 4 37889 0 43
646 37855 74 3 37963 34 108
68 38009 61 3 38070 0 61
749 38045 21 4 38091 25 46
212 38180 29 3 38209 0 29
685 38289 27 2 38316 0 27
730 38377 35 4 38412 0 35
415 38727 40 2 38767 0 40
326 38791 51 4 38842 0 51
48 38809 80 4 38922 33 113
985 38950 53 4 39003 0 53
272 39045 53 3 39098 0 53
954 39240 39 2 39279 0 39
628 39298 92 3 39390 0 92
959 39313 34 4 39424 77 111
782 39431 38 2 39469 0 38
810 39526 28 2 39554 0 28
279 39533 36 1 39590 21 57
706 39573 37 4 39627 17 54
656 39652 45 4 39697 0 45
303 39787 33 2 39820 0 33
877 39863 46 3 39909 0 46
204 39956 59 2 40015 0 59
494 40040 36 3 40076 0 36
961 40072 66 2 40142 4 70
373 40109 37 2 40229 83 120
299 40095 63 4 40242 84 147
96 40161 81 2 40323 81 162
485 40279 20 4 40343 44 64
968 40575 61 2 40636 0 61
890 40733 48 4 40781 0 48
502 41042 35 4 41077 0 35
838 41280 33 3 41313 0 33
103 41462 38 2 41500 0 38
786 41583 47 3 41630 0 47
702 41841 44 4 41885 0 44
669 41883 37 3 41922 2 39
368 42270 62 3 42332 0 62
235 42486 41 3 42527 0 41
1000 42612 39 1 42651 0 39
23 42839 55 4 42894 0 55
145 42877 26 3 42970 67 93
626 42860 64 4 42984 60 124
287 42928 37 3 43021 56 93
637 42997 37 4 43058 24 61
282 43168 50 4 43218 0 50
834 43259 67 2 43326 0 67
384 43272 21 1 43347 54 75
905 43346 58 4 43405 1 59
596 43422 22 3 43444 0 22
20 43730 32 4 43762 0 32
630 43941 82 3 44023 0 82
431 43984 25 2 44048 39 64
723 44148 37 4 44185 0 37
276 44349 24 4 44373 0 24
197 44487 57 4 44544 0 57
301 44618 72 1 44690 0 72
942 44766 50 4 44816 0 50
495 45268 29 4 45347 50 79
104 45268 62 2 45359 29 91
281 45418 80 3 45498 0 80
27 45495 21 1 45519 3 24
188 45509 27 2 45546 10 37
219 45592 26 4 45618 0 26
335 45889 79 1 45968 0 79
63 45961 45 4 46013 7 52
337 46007 65 3 46078 6 71
364 46015 26 2 46104 63 89
720 46266 76 3 46342 0 76
726 46455 34 3 46489 0 34
746 46481 31 3 46520 8 39
912 46531 63 3 46594 0 63
913 46609 72 3 46681 0 72
152 46615 66 3 46747 66 132
982 46735 22 4 46869 112 134
374 46725 86 3 46955 144 230
500 46768 32 4 46987 187 219
293 46732 53 2 46990 205 258
280 46746 88 1 47028 194 282
937 46890 48 3 47126 188 236
878 46875 82 3 47158 201 283
74 47032 22 3 47180 126 148
209 47115 24 4 47204 65 89
98 47133 74 4 47278 71 145
222 47219 41 3 47319 59 100
71 47290 40 3 47359 29 69
10 47384 82 2 47466 0 82
349 47429 65 1 47531 37 102
861 47484 34 4 47565 47 81
462 47800 37 3 47837 0 37
946 48013 25 4 48038 0 25
850 48154 66 4 48220 0 66
195 48187 27 3 48247 33 60
169 48201 20 2 48267 46 66
159 48209 21 2 48288 58 79
87 48358 90 2 48448 0 90
641 48427 71 4 48519 21 92
545 48450 29 1 48548 69 98
655 48759 23 2 48782 0 23
475 49092 37 3 49129 0 37
409 49248 70 3 49318 0 70
122 49332 52 2 49384 0 52
821 49361 68 2 49452 23 91
308 49394 58 3 49510 58 116
559 49520 38 3 49558 0 38
113 49558 43 2 49601 0 43
14 49687 24 4 49711 0 24
342 49805 55 4 49860 0 55
636 50000 67 1 50067 0 67
752 50244 26 2 50270 0 26
996 50367 66 3 50433 0 66
649 50418 60 4 50493 15 75
327 50638 24 2 50662 0 24
361 50861 52 4 50913 0 52
329 50993 21 4 51014 0 21
681 51011 57 4 51071 3 60
170 51201 26 2 51227 0 26
79 51203 63 4 51290 24 87
35 51322 55 3 51377 0 55
765 51472 51 1 51523 0 51
492 51613 29 4 51642 0 29
263 51616 26 4 51668 26 52
171 51829 24 4 51853 0 24
619 51922 53 2 51975 0 53
487 52006 32 4 52038 0 32
761 52039 79 3 52118 0 79
363 52139 84 4 52223 0 84
191 52198 37 4 52260 25 62
660 52234 55 3 52315 26 81
584 52355 66 4 52421 0 66
762 52416 61 4 52482 5 66
350 52473 43 3 52525 9 52
556 52515 21 4 52546 10 31
135 52693 51 3 52744 0 51
131 52848 60 2 52908 0 60
919 52874 22 4 52930 34 56
283 52890 40 2 52970 40 80
721 52892 30 4 53000 78 108
635 52915 51 2 53101 135 186
978 52983 63 4 53164 118 181
142 53003 78 3 53192 111 189
739 53190 25 4 53217 2 27
796 53268 47 4 53315 0 47
221 53411 39 4 53450 0 39
543 53471 59 4 53530 0 59
295 53488 66 4 53646 92 158
558 53503 74 1 53670 93 167
672 53624 82 1 53752 46 128
60 53967 64 4 54031 0 64
590 54026 39 4 54120 55 94
307 53993 54 2 54124 77 131
682 54068 46 2 54270 156 202
344 54044 61 3 54281 176 237
869 54057 59 2 54340 224 283
324 54147 80 4 54370 143 223
975 54678 49 3 54727 0 49
112 54743 63 4 54806 0 63
595 54749 20 4 54826 57 77
56 54864 32 2 54896 0 32
835 54917 39 3 54956 0 39
873 55067 31 2 55098 0 31
86 55101 33 3 55134 0 33
88 55125 66 2 55200 9 75
686 55138 40 4 55240 62 102
120 55198 95 3 55335 42 137
967 55284 22 3 55357 51 73
608 55339 26 4 55383 18 44
605 55456 41 3 55497 0 41
754 55511 31 3 55542 0 31
687 55544 39 4 55583 0 39
292 55626 47 4 55673 0 47
29 55635 35 2 55708 38 73
705 55908 24 4 55932 0 24
298 56018 42 2 56060 0 42
50 56135 43 2 56178 0 43
871 56255 86 2 56341 0 86
627 56398 22 2 56420 0 22
588 56453 21 4 56474 0 21
85 56487 38 1 56525 0 38
312 56524 44 4 56619 51 95
381 56496 75 2 56644 73 148
463 56787 36 4 56823 0 36
697 56857 63 4 56920 0 63
948 56935 44 3 56979 0 44
813 56970 55 3 57084 59 114
236 56971 79 1 57113 63 142
643 57061 35 2 57148 52 87
102 57156 59 4 57215 0 59
386 57200 89 4 57304 15 104
52 57250 38 3 57342 54 92
256 57397 41 1 57438 0 41
770 57412 68 4 57506 26 94
981 57439 57 4 57663 167 224
817 57444 75 3 57738 219 294
569 57454 96 3 57784 234 330
154 57545 62 3 57796 189 251
59 57754 92 4 57888 42 134
934 57836 39 4 57927 52 91
794 57989 39 4 58028 0 39
489 58037 42 4 58079 0 42
774 58067 25 2 58154 62 87
249 58055 75 1 58179 49 124
175 58206 21 4 58227 0 21
842 58303 28 4 58331 0 28
106 58446 69 4 58515 0 69
666 58454 41 4 58556 61 102
997 58490 49 4 58605 66 115
924 58555 60 2 58665 50 110
190 58645 55 3 58720 20 75
466 58751 49 4 58800 0 49
383 58876 36 3 58912 0 36
318 59037 55 2 59092 0 55
998 59095 34 4 59129 0 34
55 59107 45 3 59174 22 67
84 59580 85 2 59665 0 85
133 59737 26 4 59763 0 26
825 59853 22 2 59875 0 22
902 59966 42 2 60008 0 42
151 60337 57 3 60394 0 57
519 60363 53 4 60447 31 84
237 60403 59 4 60506 44 103
582 60472 83 3 60589 34 117
413 60677 45 2 60722 0 45
769 60699 40 3 60762 23 63
388 60843 82 4 60925 0 82
957 60968 90 3 61058 0 90
563 61032 61 3 61119 26 87
711 61215 56 2 61271 0 56
896 61266 54 3 61325 5 59
993 61398 57 3 61455 0 57
328 61470 75 2 61545 0 75
944 61561 21 4 61582 0 21
73 61637 25 3 61662 0 25
284 61844 37 3 61881 0 37
700 61945 29 4 61974 0 29
554 61985 35 1 62020 0 35
109 62183 30 4 62213 0 30
69 62264 48 1 62312 0 48
300 62281 27 3 62339 31 58
847 62297 51 2 62390 42 93
496 62363 36 4 62426 27 63
61 62464 21 2 62485 0 21
78 62532 39 4 62571 0 39
124 62555 38 3 62609 16 54
19 62561 34 3 62643 48 82
200 62785 78 2 62863 0 78
440 62815 48 3 62911 48 96
798 62917 34 4 62951 0 34
651 62972 66 3 63038 0 66
561 63036 46 4 63084 2 48
846 63116 23 3 63139 0 23
758 63129 30 4 63169 10 40
161 63166 51 4 63220 3 54
274 63241 38 3 63279 0 38
939 63316 46 4 63362 0 46
766 63416 36 4 63452 0 36
259 63538 90 1 63628 0 90
571 63664 63 4 63727 0 63
340 63784 35 2 63819 0 35
941 64029 87 2 64116 0 87
677 64046 24 4 64140 70 94
779 64047 32 4 64172 93 125
580 64109 32 4 64204 63 95
609 64369 36 4 64405 0 36
759 64424 48 4 64472 0 48
851 64660 28 4 64688 0 28
800 64665 33 4 64721 23 56
53 64720 73 4 64794 1 74
883 64765 68 2 64862 29 97
592 64836 32 4 64894 26 58
157 64908 34 2 64942 0 34
376 65146 55 2 65201 0 55
132 65153 56 3 65257 48 104
523 65466 26 3 65492 0 26
815 65605 37 4 65642 0 37
4 65630 79 3 65721 12 91
296 65879 86 4 65965 0 86
501 65946 76 1 66041 19 95
480 66061 77 2 66138 0 77
41 66130 41 4 66179 8 49
392 66190 60 2 66250 0 60
891 66273 42 4 66315 0 42
515 66359 27 2 66386 0 27
146 66444 39 4 66483 0 39
70 66474 67 4 66550 9 76
403 66618 36 1 66654 0 36
286 66700 43 2 66743 0 43
844 66840 70 2 66910 0 70
816 66861 61 3 66971 49 110
275 66990 22 3 67012 0 22
389 67138 44 2 67182 0 44
673 67256 48 1 67304 0 48
623 67283 43 4 67347 21 64
553 67332 35 2 67382 15 50
323 67366 59 1 67441 16 75
189 67415 21 2 67462 26 47
639 67512 63 3 67575 0 63
47 67535 61 3 67636 40 101
137 67600 23 4 67659 36 59
555 67680 24 3 67704 0 24
695 67705 43 2 67748 0 43
265 67829 73 4 67902 0 73
39 67867 28 2 68030 135 163
446 67863 90 2 68120 167 257
901 67904 46 4 68166 216 262
565 67867 71 4 68187 249 320
659 67896 63 3 68200 241 304
684 68060 35 4 68235 140 175
22 68134 24 3 68259 101 125
690 68144 33 1 68292 115 148
950 68250 75 4 68417 92 167
938 68283 60 4 68427 84 144
148 68434 75 3 68509 0 75
445 68545 57 3 68602 0 57
859 68595 23 3 68675 57 80
903 68553 60 4 68685 72 132
414 68603 39 1 68724 82 121
268 68611 29 4 68753 113 142
139 68637 45 4 68798 116 161
229 68681 35 2 68833 117 152
811 68874 52 4 68926 0 52
457 68878 43 3 68969 48 91
650 68924 70 4 69039 45 115
807 69010 44 4 69083 29 73
550 69073 40 3 69173 60 100
461 69064 77 4 69200 59 136
980 69100 30 4 69230 100 130
886 69181 72 1 69302 49 121
477 69317 30 1 69347 0 30
855 69326 92 3 69439 21 113
600 69366 77 4 69566 123 200
768 69487 30 4 69596 79 109
437 69431 52 3 69598 115 167
244 69555 28 3 69626 43 71
570 69628 50 3 69678 0 50
864 69694 87 4 69781 0 87
904 69871 69 3 69940 0 69
671 69917 31 4 69971 23 54
546 70046 71 3 70117 0 71
714 70086 57 4 70174 31 88
245 70241 52 1 70293 0 52
849 70273 39 4 70332 20 59
657 70302 48 4 70380 30 78
522 70345 64 3 70444 35 99
9 70408 51 4 70495 36 87
271 70646 38 1 70684 0 38
497 70665 43 4 70727 19 62
745 70771 74 4 70845 0 74
360 70851 29 4 70880 0 29
827 70860 43 4 70923 20 63
525 70981 78 3 71059 0 78
840 71034 25 3 71084 25 50
15 71173 77 4 71250 0 77
400 71177 36 3 71336 123 159
797 71190 33 1 71369 146 179
678 71175 78 4 71397 144 222
458 71297 45 4 71492 150 195
644 71387 39 3 71531 105 144
548 71255 69 4 71550 226 295
277 71531 70 3 71620 19 89
12 71578 21 4 71641 42 63
874 71631 32 1 71673 10 42
756 71838 40 3 71878 0 40
491 72040 52 1 72092 0 52
974 72114 79 1 72193 0 79
396 72151 22 4 72215 42 64
380 72217 23 4 72240 0 23
654 72247 35 4 72282 0 35
177 72352 24 3 72376 0 24
602 72361 25 3 72401 15 40
89 72369 51 4 72452 32 83
894 72579 89 4 72668 0 89
183 72679 43 4 72722 0 43
140 72785 54 2 72839 0 54
613 72809 35 4 72874 30 65
351 72810 32 3 72906 64 96
949 72896 23 4 73029 110 133
929 72811 85 4 73064 168 253
370 72880 51 4 73065 134 185
333 73089 25 3 73114 0 25
503 73212 88 4 73300 0 88
572 73357 89 3 73446 0 89
648 73472 55 1 73527 0 55
599 73476 59 4 73586 51 110
922 73541 85 3 73671 45 130
829 73796 55 4 73851 0 55
33 73884 35 4 73919 0 35
58 74026 40 3 74066 0 40
147 74041 22 4 74088 25 47
972 74124 57 3 74181 0 57
407 74167 27 4 74208 14 41
793 74212 57 3 74269 0 57
469 74247 54 4 74323 22 76
155 74272 27 4 74350 51 78
422 74273 31 4 74381 77 108
802 74463 54 3 74517 0 54
927 74622 25 4 74647 0 25
532 74683 24 4 74707 0 24
482 74758 80 4 74838 0 80
977 74831 25 2 74863 7 32
93 74877 27 1 74904 0 27
895 74888 23 4 74927 16 39
498 75027 77 4 75104 0 77
193 75103 53 2 75157 1 54
46 75245 76 3 75321 0 76
134 75259 22 2 75343 62 84
862 75322 38 3 75381 21 59
906 75332 25 3 75456 99 124
225 75328 83 3 75489 78 161
757 75575 25 4 75600 0 25
233 75670 34 2 75704 0 34
668 75733 64 4 75797 0 64
658 75752 76 1 75873 45 121
900 75842 48 3 75921 31 79
828 75848 70 3 75991 73 143
353 76133 35 4 76168 0 35
428 76243 82 4 76325 0 82
62 76305 21 4 76396 70 91
40 76281 60 2 76406 65 125
442 76329 20 2 76426 77 97
44 76353 60 3 76486 73 133
30 76561 36 2 76597 0 36
680 76688 22 3 76710 0 22
194 76741 41 2 76782 0 41
760 76778 56 1 76838 4 60
707 77112 88 4 77200 0 88
777 77156 30 2 77230 44 74
704 77234 40 3 77274 0 40
3 77262 31 2 77305 12 43
647 77296 85 3 77390 9 94
367 77320 30 4 77420 70 100
814 77345 32 3 77502 125 157
251 77398 33 3 77535 104 137
366 77336 55 3 77540 149 204
260 77539 28 4 77568 1 29
202 77601 34 4 77635 0 34
735 77656 44 4 77700 0 44
242 77795 63 4 77858 0 63
772 77828 41 3 77899 30 71
92 77936 21 3 77957 0 21
473 78001 70 4 78071 0 70
645 78138 29 4 78167 0 29
174 78189 21 3 78210 0 21
742 78221 22 4 78243 0 22
315 78372 56 3 78428 0 56
698 78380 43 4 78471 48 91
108 78398 22 1 78493 73 95
528 78454 26 3 78519 39 65
691 78487 33 2 78602 82 115
278 78471 88 4 78640 81 169
504 78660 48 3 78708 0 48
988 78693 62 2 78770 15 77
444 78732 24 2 78794 38 62
378 78745 54 2 78898 99 153
397 78773 68 4 78966 125 193
136 78806 59 4 78975 110 169
586 79017 25 4 79042 0 25
240 79045 21 4 79066 0 21
638 79064 61 1 79127 2 63
162 79093 43 1 79170 34 77
933 79110 51 1 79221 60 111
564 79172 59 4 79280 49 108
452 79246 47 2 79377 84 131
486 79230 65 4 79442 147 212
539 79355 24 4 79466 87 111
712 79280 57 4 79573 236 293
549 79368 57 4 79580 155 212
65 79478 42 2 79622 102 144
577 79375 57 3 79629 197 254
141 79621 22 3 79701 58 80
192 79622 38 4 79739 79 117
513 79559 62 2 79751 130 192
468 79665 30 3 79781 86 116
460 79732 51 4 79832 49 100
401 79821 50 1 79932 61 111
574 79784 78 4 80010 148 226
372 79927 42 4 80102 133 175
309 79832 63 4 80115 220 283
805 79987 49 4 80164 128 177
836 79862 55 2 80219 302 357
594 80001 91 2 80260 168 259
694 80244 85 3 80345 16 101
391 80286 32 4 80377 59 91
884 80321 57 1 80434 56 113
285 80432 48 4 80532 52 100
753 80379 63 4 80545 103 166
91 80623 32 4 80655 0 32
64 80638 46 3 80701 17 63
885 80678 46 4 80897 173 219
18 80679 29 1 80926 218 247
771 80689 22 1 80948 237 259
787 80641 80 1 80978 257 337
703 80650 68 2 80996 278 346
395 80665 66 4 81012 281 347
421 80890 27 3 81039 122 149
552 80934 26 3 81065 105 131
305 80965 49 2 81114 100 149
831 81014 32 3 81146 100 132
83 81179 23 4 81202 0 23
830 81199 55 3 81257 3 58
304 81233 89 3 81346 24 113
713 81367 35 4 81402 0 35
356 81377 35 4 81437 25 60
167 81426 47 4 81484 11 58
250 81509 68 2 81577 0 68
767 81596 43 4 81639 0 43
334 81637 37 4 81676 2 39
143 81677 26 4 81703 0 26
542 81714 54 3 81768 0 54
652 81746 40 3 81808 22 62
176 81793 70 4 81878 15 85
427 81895 54 2 81949 0 54
467 81939 56 4 82005 10 66
377 81992 85 2 82090 13 98
247 82057 48 4 82138 33 81
857 82096 86 4 82274 92 178
738 82113 76 3 82300 111 187
992 82265 40 2 82340 35 75
362 82275 29 4 82369 65 94
865 82292 38 2 82457 127 165
674 82287 60 4 82517 170 230
493 82312 83 2 82550 155 238
412 82487 45 3 82595 63 108
434 82499 28 3 82623 96 124
153 82528 36 4 82659 95 131
868 82533 49 1 82708 126 175
931 82628 42 3 82750 80 122
841 82637 56 4 82906 213 269
568 82791 26 3 82982 165 191
621 82643 73 4 83005 289 362
7 82666 80 4 83035 289 369
505 82854 41 4 83076 181 222
470 82883 47 4 83123 193 240
231 82775 80 3 83153 298 378
34 82955 31 4 83234 248 279
612 83062 35 1 83269 172 207
429 83152 21 4 83290 117 138
246 82941 98 3 83338 299 397
430 83185 61 1 83449 203 264
358 83284 74 4 83473 115 189
863 83577 42 3 83619 0 42
544 83633 46 3 83679 0 46
964 83763 44 2 83807 0 44
404 83786 57 4 83914 71 128
32 83807 79 2 83943 57 136
441 83881 27 4 83970 62 89
792 83953 78 4 84048 17 95
597 84043 54 3 84102 5 59
343 84209 91 3 84300 0 91
517 84216 23 2 84373 134 157
5 84284 36 3 84409 89 125
149 84291 49 3 84458 118 167
90 84210 70 1 84478 198 268
100 84320 76 4 84554 158 234
926 84491 25 3 84579 63 88
80 84498 23 4 84602 81 104
201 84513 44 4 84646 89 133
6 84581 43 3 84689 65 108
804 84611 31 3 84720 78 109
872 84693 26 1 84796 77 103
454 84685 53 2 84799 61 114
803 84796 39 4 84838 3 42
822 84809 30 2 84868 29 59
38 84894 26 3 84920 0 26
956 85036 76 3 85112 0 76
72 85107 61 4 85173 5 66
341 85130 31 4 85254 93 124
418 85124 61 2 85265 80 141
615 85270 37 4 85307 0 37
509 85278 27 3 85334 29 56
31 85322 30 4 85414 62 92
111 85333 22 4 85436 81 103
676 85301 75 2 85461 85 160
510 85335 26 2 85487 126 152
963 85386 85 3 85572 101 186
125 85539 47 4 85619 33 80
352 85556 54 2 85723 113 167
289 85628 21 4 85744 95 116
601 85586 64 1 85758 108 172
893 85674 40 1 85798 84 124
128 85700 54 3 85852 98 152
511 85817 27 3 85879 35 62
443 86099 60 4 86159 0 60
211 86138 37 4 86196 21 58
232 86179 39 4 86285 67 106
953 86170 56 3 86291 65 121
848 86221 66 4 86357 70 136
971 86358 82 4 86440 0 82
76 86359 47 4 86487 81 128
576 86399 50 3 86537 88 138
661 86704 33 1 86737 0 33
581 86721 65 4 86802 16 81
604 86760 21 1 86823 42 63
411 86814 47 1 86920 59 106
928 86776 57 1 86927 94 151
234 86826 39 3 86966 101 140
228 86883 24 1 86990 83 107
433 86898 44 4 87034 92 136
667 86900 54 4 87138 184 238
216 86910 76 4 87164 178 254
253 87099 44 4 87208 65 109
119 87120 46 2 87254 88 134
531 87230 43 2 87347 74 117
940 87158 69 4 87366 139 208
744 87328 73 2 87439 38 111
449 87445 49 4 87494 0 49
95 87453 31 4 87525 41 72
724 87466 24 4 87549 59 83
763 87476 47 2 87596 73 120
918 87517 86 3 87682 79 165
789 87619 80 1 87812 113 193
270 87633 54 4 87816 129 183
114 87785 32 4 87848 31 63
416 87807 49 3 87897 41 90
799 87843 38 3 87935 54 92
875 87932 85 1 88020 3 88
507 88060 75 4 88135 0 75
778 88109 56 4 88191 26 82
732 88156 46 3 88237 35 81
230 88201 39 4 88276 36 75
598 88335 45 4 88380 0 45
24 88417 32 4 88449 0 32
306 88481 63 4 88544 0 63
172 88544 26 2 88570 0 26
223 88571 28 3 88599 0 28
266 88711 34 3 88745 0 34
205 88794 40 4 88834 0 40
987 88852 46 4 88898 0 46
689 88872 49 4 88947 26 75
955 88976 29 2 89005 0 29
529 89102 23 2 89125 0 23
238 89248 61 4 89309 0 61
795 89274 28 4 89437 135 163
267 89251 83 3 89470 136 219
916 89349 23 3 89493 121 144
791 89260 65 3 89508 183 248
346 89487 50 4 89558 21 71
179 89497 28 3 89586 61 89
345 89506 49 4 89635 80 129
989 89564 47 2 89732 121 168
94 89632 33 3 89765 100 133
316 89519 64 4 89779 196 260
465 89714 34 4 89813 65 99
540 89835 42 3 89877 0 42
587 89872 42 3 89969 55 97
743 89868 52 4 89971 51 103
471 89885 33 2 90004 86 119
867 89953 29 4 90033 51 80
290 89976 29 3 90062 57 86
999 90045 23 2 90085 17 40
320 90051 30 3 90115 34 64
958 90102 49 4 90164 13 62
717 90103 48 3 90212 61 109
514 90230 26 4 90256 0 26
512 90270 66 2 90336 0 66
438 90345 50 3 90395 0 50
920 90423 20 1 90443 0 20
764 90435 42 3 90485 8 50
910 90452 67 3 90602 83 150
472 90489 42 1 90644 113 155
593 90510 49 4 90693 134 183
107 90469 59 2 90702 174 233
420 90543 37 1 90739 159 196
168 90809 36 4 90845 0 36
484 90856 20 3 90876 0 20
210 90980 57 2 91037 0 57
952 90990 23 4 91060 47 70
611 91005 28 1 91088 55 83
339 91041 25 2 91113 47 72
379 91050 35 3 91148 63 98
97 91077 50 1 91248 121 171
833 91059 80 3 91278 139 219
67 91153 30 4 91308 125 155
37 91184 27 2 91335 124 151
870 91230 50 4 91385 105 155
464 91316 38 4 91423 69 107
313 91508 35 4 91543 0 35
144 91576 29 4 91605 0 29
858 91661 54 4 91715 0 54
524 91671 63 4 91878 144 207
394 91730 47 4 91925 148 195
662 91695 54 2 91929 180 234
622 91793 38 3 91967 136 174
375 91798 25 3 91992 169 194
402 91807 25 4 92017 185 210
417 91710 76 4 92043 257 333
887 91959 46 4 92089 84 130
206 91959 54 3 92193 180 234
876 92089 61 1 92254 104 165
2 92117 70 2 92374 187 257
77 92146 65 4 92439 228 293
731 92304 29 3 92468 135 164
664 92175 54 2 92472 243 297
534 92324 42 3 92514 148 190
679 92235 52 2 92566 279 331
387 92437 32 3 92598 129 161
164 92363 75 1 92623 185 260
393 92570 76 4 92699 53 129
819 92767 69 4 92836 0 69
624 92826 44 1 92880 10 54
255 92907 56 4 92963 0 56
166 92916 37 4 93000 47 84
319 93026 60 3 93086 0 60
163 93037 32 3 93118 49 81
755 93086 38 3 93156 32 70
775 93086 54 4 93210 70 124
530 93177 29 3 93239 33 62
773 93227 29 2 93268 12 41
483 93356 37 3 93393 0 37
629 93387 65 4 93458 6 71
331 93422 55 4 93513 36 91
264 93530 28 1 93558 0 28
719 93591 21 4 93612 0 21
538 93624 33 4 93657 0 33
603 93650 20 4 93677 7 27
801 93655 38 3 93715 22 60
579 93659 51 4 93816 106 157
725 93748 21 3 93887 118 139
973 93750 30 3 93917 137 167
823 93672 51 3 93918 195 246
82 93747 82 2 93950 121 203
490 93907 26 2 93976 43 69
616 94028 27 2 94055 0 27
866 94032 24 3 94079 23 47
693 94092 21 4 94113 0 21
187 94124 48 4 94172 0 48
591 94191 37 3 94228 0 37
640 94218 31 2 94259 10 41
130 94272 51 4 94323 0 51
976 94308 26 2 94399 65 91
158 94312 46 4 94445 87 133
156 94283 82 3 94477 112 194
535 94338 50 4 94527 139 189
336 94411 37 3 94614 166 203
960 94473 28 4 94642 141 169
398 94508 41 2 94683 134 175
620 94357 77 4 94710 276 353
354 94569 20 3 94730 141 161
518 94683 35 4 94815 97 132
606 94708 24 3 94889 157 181
740 94643 68 1 94907 196 264
837 94744 30 4 94937 163 193
405 94692 61 4 94948 195 256
459 94877 22 4 95070 171 193
533 94920 35 2 95105 150 185
562 94845 93 2 95148 210 303
150 94862 59 1 95157 236 295
43 95038 55 4 95212 119 174
785 95239 44 2 95283 0 44
185 95246 22 3 95355 87 109
357 95268 46 4 95401 87 133
207 95245 71 4 95422 106 177
365 95336 22 4 95444 86 108
860 95343 56 1 95550 151 207
727 95378 85 3 95585 122 207
478 95587 34 4 95621 0 34
180 95616 36 4 95657 5 41
25 95663 34 3 95697 0 34
930 95699 51 2 95750 0 51
983 95823 46 3 95869 0 46
665 95900 51 4 95951 0 51
115 95917 38 4 95989 34 72
105 95959 36 4 96125 130 166
499 95963 29 3 96154 162 191
17 95935 67 4 96171 169 236
13 95938 58 3 96229 233 291
969 95996 64 1 96343 283 347
448 96053 87 4 96380 240 327
218 96080 59 4 96389 250 309
314 96339 94 4 96533 100 194
614 96434 33 3 96566 99 132
781 96345 60 4 96576 171 231
425 96444 43 4 96619 132 175
984 96452 38 4 96657 167 205
853 96509 46 3 96753 198 244
382 96574 32 3 96835 229 261
215 96494 76 4 96861 291 367
198 96740 30 4 96891 121 151
28 96513 75 4 96916 328 403
936 96754 23 4 96939 162 185
991 96797 21 2 96960 142 163
935 96797 35 2 96995 163 198
453 96864 20 3 97115 231 251
701 96982 34 4 97149 133 167
585 96799 76 1 97175 300 376
537 96840 60 3 97235 335 395
526 97081 21 4 97256 154 175
51 97150 29 4 97285 106 135
699 97043 77 4 97312 192 269
129 97183 38 4 97350 129 167
610 97184 23 2 97373 166 189
733 97184 47 3 97420 189 236
184 97218 42 4 97562 302 344
631 97304 20 4 97582 258 278
291 97339 43 2 97625 243 286
747 97187 56 2 97681 438 494
332 97195 82 3 97763 486 568
54 97380 57 1 97920 483 540
784 97675 24 2 97944 245 269
820 97445 65 2 97959 449 514
845 97724 36 4 97995 235 271
675 97485 58 3 98003 460 518
578 97772 36 4 98039 231 267
915 97501 66 2 98055 488 554
8 97823 36 3 98091 232 268
737 97832 41 1 98132 259 300
311 97589 90 3 98172 493 583
81 97868 30 3 98202 304 334
476 98082 23 3 98225 120 143
843 98191 35 3 98260 34 69
709 98233 54 4 98314 27 81
783 98334 25 1 98359 0 25
66 98381 21 3 98402 0 21
435 98490 46 4 98536 0 46
214 98492 52 1 98588 44 96
447 98573 47 3 98635 15 62
710 98593 60 1 98695 42 102
248 98710 36 3 98746 0 36
220 98824 26 3 98850 0 26
728 98867 25 2 98892 0 25
897 99060 24 4 99084 0 24
898 99062 98 4 99182 22 120
617 99207 23 2 99230 0 23
226 99234 56 4 99290 0 56
99 99289 46 4 99386 51 97
45 99244 55 4 99391 92 147
243 99292 46 4 99437 99 145
696 99378 47 2 99534 109 156
424 99351 57 3 99591 183 240
633 99462 49 1 99640 129 178
273 99432 62 4 99652 158 220
317 99537 39 2 99691 115 154
748 99605 22 4 99713 86 108
160 99688 27 4 99840 125 152
110 99624 66 3 99856 166 232
632 99681 51 4 99907 175 226
560 99724 88 4 100095 283 371
227 99771 65 4 100110 274 339
536 99920 40 4 100150 190 230
607 99779 70 3 100270 421 491
925 99964 42 2 100312 306 348
330 99840 68 4 100330 422 490
751 99934 60 1 100340 346 406
670 99954 77 1 100367 336 413
