101678 1000 296 236
36 1057 69 2 1126 0 69
719 2603 49 3 2652 0 49
614 3145 45 3 3190 0 45
956 3970 33 4 4003 0 33
619 4635 47 2 4682 0 47
735 5698 64 2 5762 0 64
666 7886 47 1 7933 0 47
426 8094 43 4 8137 0 43
350 9142 47 3 9189 0 47
61 9513 93 3 9606 0 93
688 10032 56 3 10088 0 56
788 10114 62 1 10176 0 62
126 10286 48 3 10334 0 48
409 10425 53 2 10478 0 53
951 10537 57 3 10594 0 57
57 11622 100 3 11722 0 100
867 11794 50 4 11844 0 50
873 11839 64 3 11909 6 70
837 11875 69 2 11979 35 104
670 11958 70 2 12050 22 92
219 12143 63 4 12206 0 63
172 12478 54 1 12532 0 54
131 13017 87 3 13104 0 87
938 13657 57 4 13714 0 57
311 14179 60 4 14239 0 60
831 14201 69 3 14309 39 108
491 14249 53 4 14363 61 114
611 14563 44 2 14607 0 44
146 14594 61 3 14669 14 75
983 14825 57 3 14882 0 57
78 15269 48 4 15317 0 48
834 15350 62 4 15412 0 62
165 15649 57 3 15706 0 57
503 15767 59 2 15826 0 59
320 16166 91 1 16257 0 91
953 16315 49 1 16364 0 49
578 16356 84 2 16449 9 93
459 16602 41 4 16643 0 41
965 16647 60 3 16707 0 60
275 16959 61 3 17020 0 61
369 17084 54 4 17138 0 54
346 17230 37 1 17267 0 37
387 17433 67 1 17500 0 67
720 17506 82 3 17588 0 82
373 18059 50 4 18109 0 50
175 18232 68 2 18300 0 68
787 18782 86 2 18868 0 86
41 19125 73 3 19198 0 73
214 19183 56 3 19255 16 72
218 19603 47 4 19650 0 47
393 20146 59 4 20205 0 59
154 20377 46 4 20423 0 46
415 20439 50 3 20489 0 50
355 20912 53 3 20965 0 53
996 20990 63 1 21053 0 63
50 21005 37 4 21091 49 86
980 21135 70 1 21205 0 70
826 21342 71 3 21413 0 71
852 22170 53 4 22223 0 53
366 22327 37 4 22364 0 37
123 22737 66 3 22803 0 66
136 23080 68 1 23148 0 68
323 23177 76 4 23253 0 76
488 23367 31 3 23398 0 31
375 23534 56 1 23590 0 56
276 23620 52 3 23672 0 52
341 23641 45 4 23718 32 77
113 24279 59 2 24338 0 59
137 24281 64 2 24403 58 122
169 24500 68 3 24568 0 68
581 24548 54 3 24623 21 75
399 24639 61 3 24700 0 61
785 25034 59 3 25093 0 59
2 25160 56 4 25216 0 56
920 25185 66 4 25283 32 98
60 25297 69 1 25366 0 69
801 26101 84 4 26185 0 84
97 26187 52 4 26239 0 52
38 26723 69 3 26792 0 69
766 26724 57 3 26850 69 126
942 26783 27 2 26877 67 94
615 27051 64 4 27115 0 64
339 27393 60 3 27453 0 60
945 27466 55 4 27521 0 55
15 27624 43 3 27667 0 43
432 27748 69 2 27817 0 69
134 27975 62 3 28037 0 62
722 28066 67 1 28133 0 67
197 28620 40 1 28660 0 40
286 28653 24 2 28685 8 32
773 29433 52 3 29485 0 52
655 29470 58 2 29544 16 74
859 29520 45 2 29590 25 70
524 29626 35 2 29661 0 35
759 29869 76 3 29945 0 76
317 30472 54 3 30526 0 54
580 30502 64 2 30591 25 89
485 30665 73 4 30738 0 73
235 31120 45 4 31165 0 45
281 31150 71 4 31237 16 87
205 31309 68 3 31377 0 68
223 31390 77 3 31467 0 77
710 31400 74 4 31542 68 142
992 31645 46 4 31691 0 46
204 31692 65 3 31757 0 65
742 32071 40 2 32111 0 40
532 32084 52 1 32164 28 80
507 32295 29 3 32324 0 29
258 32313 67 4 32392 12 79
747 32838 91 4 32929 0 91
164 32908 77 3 33007 22 99
531 33098 64 3 33162 0 64
9 33234 84 3 33318 0 84
604 33359 88 3 33447 0 88
28 33432 54 2 33502 16 70
189 33558 21 2 33579 0 21
418 33659 51 4 33710 0 51
782 33813 79 1 33892 0 79
510 33844 33 4 33926 49 82
376 33988 57 1 34045 0 57
322 34001 84 3 34130 45 129
227 34164 73 3 34237 0 73
1 34177 61 4 34299 61 122
932 34439 79 3 34518 0 79
889 34487 50 4 34569 32 82
908 34758 57 3 34815 0 57
702 34801 44 3 34860 15 59
270 35015 77 2 35092 0 77
262 35029 57 4 35150 64 121
911 35061 44 1 35194 89 133
818 35202 20 2 35222 0 20
549 35774 47 3 35821 0 47
334 35798 50 2 35872 24 74
643 35816 61 4 35933 56 117
92 35827 52 1 35986 107 159
505 35914 55 1 36041 72 127
672 36279 100 3 36379 0 100
430 36293 72 3 36452 87 159
691 36484 43 3 36527 0 43
910 36531 48 3 36579 0 48
475 36803 40 2 36843 0 40
921 36996 61 2 37057 0 61
541 37063 66 1 37129 0 66
37 37170 41 3 37211 0 41
972 37254 67 4 37321 0 67
970 37325 81 4 37406 0 81
822 37389 55 4 37462 18 73
328 37570 31 3 37601 0 31
232 37760 27 2 37787 0 27
162 37979 32 3 38011 0 32
981 37987 76 2 38088 25 101
724 38030 44 4 38133 59 103
652 38073 87 3 38220 60 147
471 38134 48 3 38269 87 135
901 38140 87 4 38356 129 216
988 38175 56 2 38412 181 237
451 38466 64 3 38530 0 64
35 38614 60 2 38674 0 60
727 38652 51 4 38726 23 74
583 38786 66 3 38852 0 66
567 38818 83 4 38936 35 118
576 38829 53 4 38989 107 160
481 38870 71 3 39061 120 191
120 39229 61 4 39290 0 61
790 39273 41 3 39332 18 59
233 39362 53 1 39415 0 53
704 39459 54 3 39513 0 54
356 39982 51 3 40033 0 51
212 40219 69 4 40288 0 69
23 40255 72 1 40361 34 106
326 40568 34 4 40602 0 34
804 40707 51 4 40758 0 51
713 40730 66 4 40825 29 95
528 40792 77 4 40903 34 111
979 41132 29 2 41161 0 29
780 41199 66 4 41265 0 66
332 41273 74 4 41347 0 74
417 41429 62 3 41491 0 62
653 41526 58 4 41584 0 58
127 41572 58 3 41643 13 71
280 41653 36 3 41689 0 36
755 41696 77 3 41773 0 77
630 41817 80 2 41897 0 80
284 41898 44 4 41942 0 44
931 41948 65 4 42013 0 65
71 41960 56 4 42070 54 110
283 42017 65 3 42136 54 119
616 42028 82 4 42218 108 190
342 42342 45 1 42387 0 45
167 42595 77 4 42672 0 77
210 42643 68 2 42741 30 98
423 42814 73 4 42887 0 73
610 42839 97 2 42985 49 146
796 43086 63 4 43149 0 63
749 43152 52 2 43204 0 52
698 43180 36 4 43241 25 61
443 43280 42 2 43322 0 42
632 43890 33 3 43923 0 33
421 43981 42 3 44023 0 42
242 44023 61 3 44085 1 62
489 44034 49 4 44135 52 101
849 44203 66 3 44269 0 66
516 44333 69 1 44402 0 69
675 44337 40 3 44443 66 106
743 44460 61 4 44521 0 61
817 44573 35 4 44608 0 35
919 44677 53 1 44730 0 53
95 44799 79 2 44878 0 79
814 44817 59 4 44938 62 121
453 45060 69 3 45129 0 69
150 45363 51 4 45414 0 51
803 45401 30 4 45445 14 44
445 45469 82 2 45551 0 82
923 45518 53 3 45605 34 87
435 45559 54 1 45660 47 101
943 45562 86 3 45746 98 184
851 45571 64 4 45810 175 239
253 45755 92 4 45903 56 148
133 45931 81 2 46012 0 81
935 45964 75 1 46088 49 124
260 46093 68 2 46161 0 68
428 46115 35 4 46197 47 82
746 46245 48 4 46293 0 48
917 46341 62 3 46403 0 62
665 46376 41 2 46445 28 69
868 46422 59 4 46505 24 83
497 46463 75 4 46581 43 118
147 46520 72 4 46654 62 134
425 46528 61 4 46715 126 187
76 46577 31 4 46746 138 169
684 46773 47 4 46820 0 47
158 46826 21 1 46847 0 21
506 46828 64 4 46912 20 84
609 46923 68 2 46991 0 68
312 46941 55 2 47047 51 106
272 46967 85 3 47132 80 165
582 47072 55 4 47188 61 116
572 47332 36 4 47368 0 36
176 47449 54 3 47503 0 54
65 47492 80 4 47584 12 92
395 47583 53 4 47638 2 55
592 48038 70 4 48108 0 70
529 48164 75 2 48239 0 75
473 48669 53 3 48722 0 53
324 48712 62 4 48785 11 73
543 48783 43 3 48829 3 46
984 48848 54 4 48902 0 54
427 48954 63 4 49017 0 63
937 48955 65 2 49083 63 128
119 49094 63 2 49157 0 63
90 49151 74 2 49232 7 81
985 49721 53 3 49774 0 53
613 49770 55 2 49830 5 60
285 49818 63 2 49894 13 76
329 49937 40 2 49977 0 40
396 49951 68 2 50046 27 95
392 49952 96 3 50142 94 190
370 50099 74 2 50217 44 118
761 50524 55 2 50579 0 55
325 50750 76 4 50826 0 76
949 50858 36 3 50894 0 36
799 51183 60 4 51243 0 60
422 51424 40 1 51464 0 40
102 51433 80 4 51545 32 112
402 51469 61 2 51607 77 138
639 51494 62 4 51669 113 175
414 51690 100 1 51790 0 100
629 51835 79 4 51914 0 79
987 52078 56 2 52134 0 56
872 52151 80 4 52231 0 80
836 52193 48 4 52280 39 87
519 52439 51 3 52490 0 51
634 52504 51 2 52555 0 51
712 52529 71 3 52627 27 98
495 52567 77 2 52705 61 138
434 52640 36 4 52742 66 102
21 52718 71 2 52814 25 96
570 52740 63 3 52877 74 137
64 52904 61 3 52965 0 61
705 52912 67 4 53033 54 121
968 52955 71 3 53104 78 149
608 53093 73 4 53178 12 85
82 53131 45 2 53224 48 93
738 53158 46 1 53270 66 112
795 53202 31 2 53302 69 100
447 53219 39 1 53341 83 122
526 53280 61 3 53403 62 123
830 53353 52 4 53456 51 103
3 53390 53 3 53509 66 119
139 53629 72 3 53701 0 72
449 53779 49 3 53828 0 49
563 53798 49 4 53878 31 80
309 53965 46 3 54011 0 46
626 54015 69 4 54084 0 69
43 54064 62 1 54147 21 83
27 54081 68 2 54215 66 134
633 54170 68 2 54284 46 114
636 54234 78 3 54363 51 129
77 54446 37 2 54483 0 37
458 54462 60 4 54544 22 82
764 54527 51 1 54596 18 69
876 54570 44 1 54641 27 71
587 54607 64 2 54706 35 99
595 54806 47 4 54853 0 47
352 54844 47 4 54901 10 57
24 54936 50 1 54986 0 50
601 54975 52 4 55039 12 64
975 55028 70 4 55110 12 82
797 55063 51 3 55162 48 99
45 55097 45 3 55207 65 110
173 55166 64 4 55272 42 106
424 55261 45 4 55318 12 57
46 55390 71 3 55461 0 71
194 55404 30 4 55492 58 88
893 55471 70 2 55563 22 92
625 55528 86 4 55650 36 122
685 55567 64 4 55715 84 148
862 55599 64 2 55779 116 180
674 55627 62 2 55841 152 214
347 55723 45 3 55887 119 164
17 55779 51 1 55938 108 159
571 56113 49 1 56162 0 49
930 56250 76 3 56326 0 76
501 56299 71 1 56398 28 99
344 56465 62 3 56527 0 62
858 56704 47 2 56751 0 47
18 56826 68 3 56894 0 68
668 56921 37 4 56958 0 37
658 56967 58 4 57025 0 58
299 57038 61 3 57099 0 61
407 57101 55 2 57156 0 55
397 57197 75 2 57272 0 75
740 57272 48 1 57321 1 49
303 57449 49 2 57498 0 49
479 57530 64 2 57594 0 64
29 57664 44 4 57708 0 44
711 57795 45 4 57840 0 45
145 57981 65 2 58046 0 65
763 58084 47 3 58131 0 47
579 58131 41 4 58173 1 42
500 58188 61 3 58249 0 61
53 58241 69 3 58319 9 78
494 58253 34 4 58354 67 101
878 58394 61 3 58455 0 61
335 58554 54 2 58608 0 54
508 58582 81 3 58690 27 108
530 58603 36 3 58726 87 123
138 58637 67 4 58794 90 157
307 58655 87 1 58881 139 226
470 58712 79 4 58960 169 248
240 58831 71 3 59032 130 201
288 58902 100 3 59132 130 230
842 58967 41 4 59174 166 207
809 58970 83 4 59257 204 287
249 58990 42 3 59299 267 309
99 59095 44 4 59343 204 248
16 59238 35 4 59379 106 141
880 59306 58 3 59437 73 131
866 59369 77 3 59515 69 146
646 59490 51 4 59567 26 77
683 59543 51 4 59619 25 76
525 59585 50 3 59670 35 85
627 59625 85 4 59756 46 131
111 59693 39 2 59796 64 103
692 59759 64 3 59861 38 102
404 59784 82 4 59943 77 159
819 59869 31 3 59975 75 106
257 59979 51 4 60030 0 51
623 59990 72 4 60103 41 113
349 60094 68 3 60172 10 78
706 60217 48 3 60265 0 48
441 60300 29 3 60329 0 29
598 60352 70 4 60422 0 70
948 60389 62 1 60485 34 96
553 60600 43 3 60643 0 43
640 60653 33 2 60686 0 33
348 60699 54 4 60753 0 54
254 60713 50 3 60804 41 91
941 60962 68 3 61030 0 68
368 61114 22 4 61136 0 22
477 61120 67 3 61204 17 84
157 61128 64 4 61268 76 140
72 61428 57 4 61485 0 57
663 61435 76 4 61562 51 127
835 61441 56 3 61618 121 177
217 61515 78 4 61697 104 182
656 61629 75 2 61773 69 144
725 61758 56 4 61830 16 72
909 61771 51 1 61881 59 110
557 61803 71 4 61953 79 150
118 61873 41 4 61994 80 121
962 61998 64 4 62062 0 64
48 62051 57 4 62120 12 69
947 62109 67 4 62188 12 79
504 62182 47 4 62236 7 54
31 62208 41 3 62278 29 70
452 62330 64 3 62394 0 64
106 62356 64 3 62459 39 103
199 62361 85 3 62544 98 183
383 62418 42 2 62587 127 169
296 62423 66 4 62653 164 230
386 62447 50 3 62703 206 256
667 62586 82 3 62786 118 200
98 62601 59 4 62845 185 244
765 62610 62 4 62907 235 297
552 62612 62 4 62969 295 357
839 62632 54 3 63023 337 391
673 62697 73 4 63096 326 399
499 62779 72 3 63169 318 390
487 62786 81 1 63250 383 464
812 62813 59 4 63309 437 496
811 63091 61 3 63370 218 279
391 63175 63 4 63434 196 259
363 63186 79 3 63513 248 327
379 63339 63 3 63576 174 237
390 63561 53 4 63630 16 69
986 63658 77 3 63735 0 77
362 63659 54 3 63790 77 131
246 63813 51 4 63864 0 51
717 63947 20 1 63967 0 20
455 63973 53 3 64026 0 53
891 63974 62 3 64089 53 115
584 64241 59 4 64300 0 59
925 64245 47 4 64348 56 103
850 64378 62 2 64440 0 62
306 64428 63 3 64504 13 76
907 64457 54 4 64559 48 102
810 64495 60 3 64619 64 124
906 64534 72 3 64692 86 158
149 64574 56 4 64748 118 174
997 64578 69 2 64817 170 239
360 64764 76 3 64894 54 130
243 64788 59 3 64953 106 165
703 64802 61 3 65014 151 212
808 64944 71 4 65086 71 142
384 64947 39 2 65125 139 178
371 65240 64 1 65304 0 64
551 65348 66 3 65414 0 66
963 65672 46 4 65718 0 46
364 65740 56 3 65796 0 56
261 65799 54 1 65853 0 54
699 65819 29 3 65883 35 64
838 65833 79 4 65962 50 129
864 66060 66 3 66126 0 66
480 66092 58 4 66185 35 93
215 66254 50 3 66304 0 50
521 66419 62 1 66481 0 62
569 66476 44 3 66526 6 50
26 66490 71 2 66598 37 108
224 66506 40 3 66638 92 132
206 66569 59 3 66698 70 129
372 66597 49 2 66747 101 150
54 66603 87 4 66834 144 231
916 66605 48 3 66882 229 277
110 66738 75 3 66958 145 220
403 66772 59 4 67017 186 245
846 66776 52 4 67069 241 293
11 66804 61 2 67130 265 326
815 66884 49 2 67180 247 296
558 66886 63 3 67243 294 357
420 67029 66 4 67309 214 280
677 67192 58 3 67368 118 176
377 67327 75 4 67444 42 117
91 67367 75 4 67519 77 152
239 67418 43 2 67563 102 145
696 67420 41 4 67604 143 184
899 67427 58 3 67662 177 235
607 67547 40 4 67703 116 156
42 67553 61 3 67764 150 211
478 67566 86 4 67850 198 284
493 67622 65 4 67915 228 293
248 67793 60 3 67976 123 183
870 67819 35 4 68011 157 192
305 68118 38 3 68156 0 38
929 68260 77 3 68337 0 77
918 68430 70 3 68500 0 70
380 68518 60 4 68578 0 60
308 68561 77 4 68656 18 95
515 68573 95 4 68751 83 178
902 68574 67 4 68818 177 244
250 68583 66 1 68885 236 302
74 68663 52 4 68937 222 274
966 68746 63 4 69000 191 254
59 68768 78 2 69078 232 310
900 68863 84 4 69163 216 300
978 68941 46 3 69209 222 268
707 68959 53 4 69262 250 303
588 68969 37 2 69299 293 330
922 68989 65 2 69364 310 375
681 69368 79 2 69447 0 79
898 69470 100 4 69570 0 100
135 69554 66 4 69637 17 83
290 69622 39 2 69677 16 55
689 69884 46 4 69930 0 46
939 69952 90 4 70042 0 90
676 69952 66 2 70108 90 156
457 70029 75 4 70184 80 155
752 70103 74 2 70258 81 155
440 70123 60 4 70319 136 196
291 70146 60 2 70379 173 233
116 70175 64 3 70443 204 268
884 70568 54 2 70622 0 54
484 70606 33 1 70656 17 50
739 70693 70 3 70763 0 70
647 70787 73 4 70860 0 73
351 70829 59 1 70920 32 91
265 70854 42 4 70962 66 108
144 70885 66 4 71029 78 144
960 70937 61 4 71090 92 153
171 70956 70 3 71160 134 204
827 71070 25 1 71186 91 116
840 71154 53 3 71239 32 85
523 71163 70 2 71310 77 147
874 71240 60 4 71370 70 130
715 71255 53 3 71424 116 169
273 71307 74 1 71498 117 191
750 71383 44 1 71543 116 160
733 71541 84 4 71628 3 87
954 71659 47 4 71706 0 47
709 71661 90 4 71797 46 136
353 71693 68 3 71865 104 172
686 71789 79 4 71945 77 156
730 71823 67 3 72012 122 189
517 71856 49 4 72061 156 205
196 71908 48 2 72110 154 202
200 71915 58 4 72168 195 253
904 71979 51 1 72219 189 240
682 72046 63 4 72282 173 236
361 72168 50 2 72333 115 165
511 72178 39 4 72372 155 194
888 72192 52 3 72424 180 232
228 72309 76 3 72501 116 192
791 72315 35 4 72536 186 221
777 72371 73 4 72609 165 238
784 72417 63 4 72672 192 255
259 72420 61 4 72733 252 313
748 72453 83 3 72817 281 364
155 72486 73 3 72890 331 404
913 72487 46 3 72936 403 449
789 72759 52 2 72989 178 230
304 72861 50 4 73039 128 178
25 72901 43 2 73082 138 181
955 72966 56 1 73139 117 173
87 73034 53 4 73192 105 158
117 73135 79 4 73272 58 137
245 73160 30 3 73302 112 142
638 73184 73 2 73375 118 191
807 73199 52 4 73428 177 229
714 73202 61 1 73489 226 287
680 73263 73 4 73562 226 299
211 73310 60 4 73622 252 312
192 73311 59 3 73681 311 370
762 73554 41 4 73723 128 169
472 73562 76 3 73799 161 237
648 73614 49 4 73848 185 234
58 73660 60 2 73908 188 248
825 73680 73 3 73981 228 301
545 73809 63 3 74045 173 236
163 73824 61 4 74106 221 282
514 73829 78 4 74184 277 355
461 73968 68 2 74252 216 284
824 74035 66 4 74319 218 284
338 74042 69 1 74388 277 346
535 74064 34 4 74422 324 358
318 74071 82 4 74504 351 433
310 74123 76 2 74580 381 457
469 74247 83 2 74663 333 416
854 74298 46 3 74710 366 412
44 74361 61 3 74771 349 410
905 74571 59 4 74830 200 259
999 74621 84 4 74914 209 293
694 74729 48 2 74963 186 234
546 74813 72 4 75035 150 222
533 74819 45 3 75080 216 261
6 74841 77 2 75157 239 316
300 74906 47 3 75204 251 298
159 74955 72 4 75277 250 322
778 75095 40 4 75317 182 222
875 75246 64 4 75382 72 136
642 75326 52 4 75435 57 109
745 75338 68 4 75503 97 165
671 75348 49 4 75552 155 204
961 75452 87 3 75640 101 188
731 75475 32 3 75672 165 197
957 75677 60 4 75737 0 60
537 75726 82 3 75820 12 94
89 75824 70 4 75894 0 70
39 75833 55 3 75950 62 117
410 75852 75 4 76025 98 173
20 75902 82 3 76108 124 206
207 75973 56 4 76164 135 191
560 75999 49 4 76213 165 214
585 76022 53 3 76266 191 244
544 76029 35 4 76302 238 273
321 76189 80 3 76382 113 193
564 76189 42 3 76424 193 235
914 76228 26 3 76450 196 222
405 76309 91 2 76542 142 233
924 76345 66 3 76608 197 263
760 76350 78 3 76686 258 336
184 76364 75 4 76761 322 397
114 76533 69 1 76831 229 298
994 76551 51 4 76882 280 331
70 76620 22 3 76904 262 284
83 76710 82 4 76986 194 276
30 76849 39 4 77026 138 177
378 76871 51 3 77077 155 206
337 76939 57 4 77134 138 195
230 77042 72 4 77207 93 165
160 77079 42 3 77249 128 170
483 77202 35 3 77285 48 83
255 77231 60 2 77345 54 114
792 77326 100 2 77446 20 120
367 77398 75 1 77522 49 124
213 77529 75 2 77604 0 75
853 77564 34 2 77639 41 75
241 77597 45 3 77684 42 87
190 77614 72 4 77757 71 143
829 77775 59 1 77834 0 59
952 77792 43 3 77878 43 86
991 77820 74 1 77952 58 132
195 77829 39 4 77991 123 162
843 77947 62 4 78054 45 107
7 78012 45 4 78100 43 88
178 78039 47 4 78147 61 108
93 78070 47 3 78195 78 125
448 78086 80 3 78275 109 189
121 78201 90 4 78366 75 165
274 78293 47 3 78414 74 121
586 78484 72 1 78556 0 72
411 78547 58 1 78615 10 68
438 78576 77 4 78693 40 117
419 78577 67 3 78760 116 183
783 78608 70 2 78830 152 222
679 78624 43 4 78874 207 250
394 78675 70 3 78944 199 269
444 78718 73 4 79017 226 299
482 78731 45 3 79062 286 331
772 78939 90 2 79153 124 214
130 79000 44 4 79197 153 197
357 79002 76 4 79273 195 271
774 79032 34 3 79307 241 275
193 79144 70 2 79378 164 234
47 79160 26 3 79404 218 244
267 79167 67 2 79471 237 304
289 79261 74 3 79545 210 284
969 79275 61 3 79606 270 331
566 79320 68 2 79675 287 355
287 79347 59 4 79734 328 387
406 79438 58 4 79792 296 354
374 79533 44 3 79836 259 303
446 79605 90 4 79926 231 321
177 79749 61 4 79988 178 239
844 79804 44 4 80032 184 228
753 79852 53 3 80085 180 233
606 79902 45 4 80130 183 228
915 79966 26 2 80157 165 191
84 80034 100 1 80257 123 223
892 80129 59 4 80316 128 187
605 80163 49 4 80366 154 203
319 80169 58 1 80424 197 255
109 80225 72 2 80496 199 271
520 80342 83 3 80580 155 238
661 80365 74 4 80654 215 289
271 80459 72 1 80726 195 267
779 80502 71 2 80798 225 296
88 80543 54 4 80852 255 309
413 80577 66 4 80918 275 341
624 80602 69 3 80987 316 385
191 80633 47 3 81034 354 401
292 80696 67 4 81101 338 405
620 80722 61 3 81162 379 440
358 80775 81 3 81244 388 469
454 80813 82 2 81326 431 513
103 80859 69 4 81395 467 536
871 80864 84 3 81479 531 615
222 80888 65 4 81544 591 656
174 80890 85 4 81629 654 739
770 81041 71 4 81700 588 659
359 81131 61 1 81761 569 630
732 81164 54 4 81816 598 652
433 81246 54 3 81870 570 624
757 81275 55 1 81925 595 650
786 81387 75 4 82000 538 613
122 81490 37 4 82037 510 547
416 81498 65 1 82102 539 604
225 81562 73 4 82175 540 613
456 81585 48 4 82223 590 638
179 81653 58 4 82281 570 628
166 81670 58 2 82339 611 669
697 81688 68 2 82407 651 719
855 81690 73 3 82480 717 790
208 81708 44 4 82524 772 816
701 81727 57 4 82581 797 854
244 81861 69 4 82651 721 790
439 81918 70 4 82721 733 803
998 82016 50 4 82771 705 755
277 82019 75 2 82846 752 827
540 82037 41 1 82887 809 850
973 82155 57 4 82944 732 789
153 82439 59 4 83003 505 564
737 82507 26 4 83029 496 522
336 82526 77 4 83106 503 580
203 82598 50 4 83157 509 559
80 82616 54 3 83211 541 595
385 82759 48 3 83259 452 500
816 82791 64 4 83323 468 532
577 82867 54 3 83377 456 510
597 82896 77 3 83454 481 558
887 82990 49 4 83503 464 513
882 82996 77 3 83580 507 584
590 83018 49 2 83629 562 611
170 83097 43 3 83672 532 575
188 83357 96 3 83769 316 412
55 83433 52 2 83821 336 388
959 83447 28 1 83849 374 402
793 83491 79 2 83928 358 437
771 83566 59 4 83987 362 421
186 83820 78 2 84066 168 246
32 83966 82 3 84148 100 182
538 84067 68 2 84217 82 150
946 84083 62 4 84279 134 196
252 84220 77 4 84357 60 137
107 84238 62 2 84419 119 181
708 84406 70 4 84490 14 84
559 84565 22 4 84587 0 22
68 84629 84 2 84713 0 84
340 84633 40 4 84754 81 121
618 84648 46 4 84800 106 152
268 84732 52 4 84853 69 121
278 84822 63 4 84917 32 95
315 84841 73 3 84990 76 149
798 84949 69 2 85060 42 111
502 85108 59 3 85167 0 59
462 85122 55 4 85223 46 101
644 85183 73 4 85297 41 114
751 85191 93 3 85390 106 199
216 85228 75 2 85466 163 238
693 85275 66 2 85532 191 257
554 85292 51 2 85583 240 291
183 85306 77 4 85660 277 354
775 85324 38 2 85698 336 374
181 85441 26 1 85725 258 284
333 85444 60 1 85785 281 341
881 85456 69 4 85854 329 398
151 85670 45 2 85899 184 229
869 85672 84 3 85983 227 311
389 85707 76 4 86060 277 353
860 85711 66 2 86126 349 415
845 85737 50 2 86176 389 439
555 85790 20 3 86196 386 406
156 85850 78 3 86274 346 424
594 85930 68 4 86342 344 412
589 85962 75 4 86417 380 455
547 85971 47 4 86464 446 493
180 86122 56 3 86521 343 399
539 86140 66 4 86587 381 447
575 86228 69 1 86656 359 428
802 86380 39 3 86695 276 315
664 86486 84 3 86780 210 294
496 86530 32 4 86812 250 282
600 86623 75 3 86887 189 264
382 86682 39 4 86926 205 244
474 86701 54 4 86981 226 280
161 86771 100 4 87081 210 310
1000 86816 58 2 87139 265 323
343 86896 63 4 87202 243 306
314 86922 52 4 87254 280 332
879 87038 52 1 87307 217 269
678 87102 63 1 87370 205 268
513 87252 66 3 87436 118 184
316 87538 50 4 87588 0 50
463 87587 56 3 87645 2 58
982 87610 76 3 87722 36 112
542 87696 40 3 87763 27 67
971 87715 72 4 87835 48 120
141 87758 81 4 87917 78 159
69 87952 52 4 88004 0 52
863 87958 70 4 88075 47 117
657 88044 52 4 88128 32 84
958 88112 32 4 88161 17 49
115 88118 72 2 88233 43 115
63 88150 71 4 88305 84 155
202 88151 91 4 88396 154 245
781 88179 49 1 88445 217 266
400 88281 64 4 88510 165 229
152 88282 87 4 88597 228 315
669 88296 51 3 88648 301 352
556 88325 59 4 88707 323 382
612 88334 65 1 88772 373 438
251 88435 41 2 88813 337 378
950 88593 37 2 88851 221 258
865 88760 38 4 88889 91 129
229 89052 68 1 89120 0 68
104 89137 47 2 89184 0 47
518 89174 55 3 89240 11 66
940 89182 66 4 89306 58 124
294 89363 48 4 89411 0 48
754 89368 46 2 89458 44 90
498 89430 66 4 89525 29 95
468 89495 81 3 89607 31 112
231 89538 59 3 89667 70 129
512 89557 56 4 89723 110 166
723 89592 81 3 89804 131 212
534 89630 63 3 89868 175 238
651 89631 69 4 89937 237 306
256 89712 37 3 89974 225 262
8 89720 69 4 90043 254 323
67 89783 77 3 90120 260 337
695 89793 54 2 90174 327 381
596 89845 69 2 90244 330 399
105 89885 63 4 90307 359 422
718 89909 63 4 90370 398 461
847 89930 52 4 90422 440 492
234 89946 37 1 90459 476 513
903 89987 69 4 90528 472 541
659 90030 68 4 90596 498 566
813 90102 40 3 90636 494 534
5 90277 76 3 90713 360 436
401 90317 96 2 90809 396 492
124 90328 47 2 90856 481 528
143 90440 65 2 90921 416 481
637 90465 100 3 91021 456 556
436 90523 66 1 91087 498 564
40 90590 70 2 91157 497 567
993 90622 64 4 91221 535 599
883 90640 74 4 91296 582 656
129 90658 68 4 91364 638 706
293 90704 50 2 91414 660 710
263 90748 66 4 91480 666 732
927 91018 82 3 91562 462 544
890 91028 30 4 91592 534 564
848 91077 46 4 91638 515 561
933 91103 66 1 91704 535 601
734 91105 84 3 91788 599 683
345 91135 40 2 91828 653 693
716 91192 37 4 91865 636 673
22 91247 65 4 91931 619 684
741 91270 48 1 91979 661 709
101 91307 49 4 92028 672 721
934 91336 64 2 92092 692 756
221 91392 56 3 92148 700 756
700 91404 87 2 92235 744 831
298 91480 50 2 92285 755 805
209 91628 52 4 92337 657 709
327 91628 37 1 92374 709 746
201 91638 67 2 92441 736 803
823 91673 53 3 92494 768 821
33 91700 68 2 92562 794 862
964 91766 54 4 92616 796 850
476 91862 71 1 92687 754 825
19 91944 59 3 92747 744 803
81 92050 67 4 92814 697 764
758 92054 57 4 92871 760 817
690 92081 77 1 92948 790 867
536 92117 70 3 93018 831 901
412 92146 73 2 93091 872 945
522 92174 40 4 93131 917 957
486 92216 67 3 93198 915 982
100 92218 52 4 93250 980 1032
492 92382 72 3 93322 868 940
132 92466 87 3 93409 856 943
603 92481 81 4 93490 928 1009
721 92745 42 1 93533 746 788
12 92995 33 4 93566 538 571
490 93173 59 3 93625 393 452
885 93350 57 4 93682 275 332
331 93371 78 3 93760 311 389
828 93509 60 3 93821 252 312
550 93569 63 1 93884 252 315
187 93611 31 4 93915 273 304
354 93615 42 3 93957 300 342
926 93622 53 4 94010 335 388
631 93646 46 3 94056 364 410
450 93774 72 4 94129 283 355
66 93824 52 4 94181 305 357
279 93923 71 3 94252 258 329
977 93942 96 2 94348 310 406
236 93959 20 4 94368 389 409
62 94037 72 2 94440 331 403
467 94082 58 3 94499 359 417
744 94137 74 1 94573 362 436
565 94195 80 4 94653 378 458
220 94234 48 3 94701 419 467
800 94357 69 3 94770 344 413
442 94399 74 4 94844 371 445
464 94428 83 4 94927 416 499
726 94434 45 3 94972 493 538
974 94460 65 2 95038 513 578
573 94578 47 4 95085 460 507
593 94665 63 4 95148 420 483
437 94673 60 2 95208 475 535
381 94734 71 2 95279 474 545
247 94767 50 2 95329 512 562
509 94945 84 4 95413 384 468
768 94951 63 1 95476 462 525
226 94997 66 3 95543 480 546
989 95080 59 3 95602 463 522
94 95091 90 4 95692 511 601
14 95094 43 4 95735 598 641
85 95128 48 3 95783 607 655
237 95146 60 3 95843 637 697
466 95189 38 4 95881 654 692
34 95309 60 3 95941 572 632
776 95490 53 4 95995 452 505
976 95585 59 3 96054 410 469
73 95599 66 2 96120 455 521
635 95604 43 4 96163 516 559
548 95743 69 1 96232 420 489
628 95911 76 3 96308 321 397
833 95922 52 3 96360 386 438
112 95987 58 4 96419 374 432
805 96044 56 2 96475 375 431
912 96168 45 4 96520 307 352
527 96198 88 1 96608 322 410
238 96224 42 4 96650 384 426
662 96361 64 4 96714 289 353
886 96628 100 2 96815 87 187
388 96639 71 4 96886 176 247
4 96670 60 4 96946 216 276
465 96676 43 1 96989 270 313
297 96710 65 2 97054 279 344
857 96734 51 4 97106 321 372
295 96748 58 2 97164 358 416
408 96826 65 3 97229 338 403
266 96847 55 3 97284 382 437
561 96867 64 3 97348 417 481
13 96949 49 4 97397 399 448
897 97000 78 2 97475 397 475
168 97006 77 3 97552 469 546
49 97074 49 4 97602 479 528
729 97167 50 4 97652 435 485
877 97168 42 3 97694 484 526
894 97174 67 3 97761 520 587
264 97207 53 1 97814 554 607
75 97256 64 4 97878 558 622
185 97343 69 3 97947 535 604
429 97382 60 3 98007 565 625
460 97393 56 4 98063 614 670
736 97398 85 1 98148 665 750
182 97452 87 3 98235 696 783
856 97477 67 1 98302 758 825
617 97513 62 2 98364 789 851
841 97613 100 3 98465 752 852
967 97619 69 4 98534 846 915
820 97628 69 4 98603 906 975
125 97631 67 3 98670 972 1039
928 97635 47 4 98717 1035 1082
832 97679 50 4 98767 1038 1088
896 97691 92 4 98859 1076 1168
660 97700 60 2 98919 1159 1219
794 97760 68 2 98987 1159 1227
51 97791 43 1 99030 1196 1239
269 97797 36 4 99066 1233 1269
108 97819 73 2 99139 1247 1320
568 97876 66 3 99205 1263 1329
301 97912 55 3 99260 1293 1348
650 97930 74 4 99334 1330 1404
821 97958 54 4 99388 1376 1430
649 97988 33 3 99421 1400 1433
602 98072 57 4 99478 1349 1406
621 98185 54 4 99532 1293 1347
756 98243 33 3 99565 1289 1322
769 98276 74 4 99639 1289 1363
330 98321 40 4 99679 1318 1358
142 98364 52 1 99731 1315 1367
140 98413 55 2 99787 1319 1374
944 98446 76 4 99863 1341 1417
79 98557 50 3 99913 1306 1356
645 98625 28 2 99941 1288 1316
562 98633 73 2 100014 1308 1381
148 98728 59 3 100073 1286 1345
591 98785 65 2 100138 1288 1353
86 98896 59 4 100197 1242 1301
302 98909 86 1 100283 1288 1374
861 98929 71 3 100354 1354 1425
398 98963 65 2 100419 1391 1456
767 98964 64 3 100483 1455 1519
622 98995 52 4 100535 1488 1540
52 99036 65 4 100600 1499 1564
313 99068 62 2 100662 1532 1594
641 99120 55 1 100717 1542 1597
198 99152 62 3 100779 1565 1627
806 99158 42 2 100821 1621 1663
990 99326 47 4 100868 1495 1542
654 99397 57 3 100925 1471 1528
895 99454 81 3 101006 1471 1552
10 99503 54 4 101060 1503 1557
574 99528 40 4 101100 1532 1572
128 99557 38 2 101138 1543 1581
282 99570 48 4 101186 1568 1616
431 99603 55 3 101241 1583 1638
96 99629 41 4 101282 1612 1653
56 99681 48 2 101330 1601 1649
687 99740 91 3 101422 1591 1682
995 99844 65 2 101487 1578 1643
728 99854 42 1 101529 1633 1675
599 99874 41 3 101570 1655 1696
936 99879 57 2 101627 1691 1748
365 99944 51 4 101678 1683 1734
