106889 1000 1331 1257
428 4743 53 2 4796 0 53
569 5218 46 4 5264 0 46
380 5369 79 2 5448 0 79
183 6132 68 2 6200 0 68
70 6292 76 4 6368 0 76
573 6406 52 4 6458 0 52
987 8762 70 4 8832 0 70
164 9654 53 4 9707 0 53
605 9580 94 3 9727 53 147
410 10095 47 4 10142 0 47
634 11270 63 1 11333 0 63
886 11656 97 3 11753 0 97
73 11896 54 4 11950 0 54
19 12466 75 2 12541 0 75
639 12595 62 4 12657 0 62
26 12995 78 1 13073 0 78
231 13168 50 4 13218 0 50
267 13861 81 2 13942 0 81
142 14326 94 3 14420 0 94
662 15623 69 4 15692 0 69
602 15896 91 4 15987 0 91
599 15997 93 3 16090 0 93
932 16217 90 4 16307 0 90
832 16459 97 2 16556 0 97
934 16649 98 3 16747 0 98
857 16824 49 3 16873 0 49
854 17244 51 3 17295 0 51
332 17375 74 4 17449 0 74
989 17390 89 4 17538 59 148
820 17653 96 1 17749 0 96
609 18745 86 4 18831 0 86
255 19228 39 4 19267 0 39
809 19240 100 4 19367 27 127
81 19406 96 1 19502 0 96
180 19553 41 3 19594 0 41
400 19701 46 3 19747 0 46
370 19659 100 4 19805 46 146
189 19918 81 4 19999 0 81
608 20173 82 4 20255 0 82
641 20266 35 3 20301 0 35
640 20377 76 4 20453 0 76
546 20543 92 1 20635 0 92
597 20927 60 4 20987 0 60
916 21005 62 3 21067 0 62
23 21039 84 4 21151 28 112
632 20897 87 2 21190 206 293
855 21195 75 3 21270 0 75
529 20847 96 3 21311 368 464
346 21620 48 3 21668 0 48
367 21776 47 4 21823 0 47
61 21791 67 3 21890 32 99
497 21738 80 3 21932 114 194
260 21657 82 3 21944 205 287
579 21592 85 3 22001 324 409
33 21509 99 3 22017 409 508
565 22382 43 3 22425 0 43
686 22721 57 2 22778 0 57
790 22698 82 1 22837 57 139
527 22922 83 3 23005 0 83
697 23233 75 4 23308 0 75
365 23648 70 4 23718 0 70
369 23591 91 4 23752 70 161
766 23764 93 2 23857 0 93
314 24257 65 4 24322 0 65
117 24294 69 2 24391 28 97
747 24217 80 1 24431 134 214
270 24246 99 2 24530 185 284
40 24676 94 4 24770 0 94
51 24804 83 4 24887 0 83
102 25044 38 3 25082 0 38
184 24981 93 3 25112 38 131
729 25311 52 3 25363 0 52
584 25300 55 3 25407 52 107
106 25502 91 2 25593 0 91
489 25512 99 4 25692 81 180
15 25787 30 4 25817 0 30
615 26060 43 4 26103 0 43
423 26107 87 4 26194 0 87
570 26238 80 2 26318 0 80
519 26542 83 4 26625 0 83
582 26539 91 2 26713 83 174
113 26808 61 3 26869 0 61
238 26920 88 3 27008 0 88
924 26893 90 2 27071 88 178
143 26878 92 4 27148 178 270
127 27179 78 3 27257 0 78
379 27353 39 4 27392 0 39
300 27237 99 4 27395 59 158
913 27908 49 1 27957 0 49
876 27874 50 2 27973 49 99
387 27819 88 3 28006 99 187
660 28112 84 4 28196 0 84
618 28210 71 4 28281 0 71
87 28365 62 3 28427 0 62
325 28349 81 2 28492 62 143
264 28564 24 4 28588 0 24
455 28898 45 3 28943 0 45
806 29267 79 2 29346 0 79
907 29432 74 4 29506 0 74
742 29302 94 2 29514 118 212
237 29647 79 3 29726 0 79
735 29748 90 4 29838 0 90
176 29881 79 4 29960 0 79
7 29751 97 4 30014 166 263
342 29920 97 3 30111 94 191
890 30298 58 3 30356 0 58
375 30810 47 4 30857 0 47
405 30903 46 3 30949 0 46
908 30891 98 3 31035 46 144
129 31040 65 2 31105 0 65
606 31230 71 2 31301 0 71
208 31155 84 4 31310 71 155
654 31417 47 2 31464 0 47
614 31424 85 2 31549 40 125
71 31371 99 4 31602 132 231
232 31610 100 4 31710 0 100
914 31957 64 1 32021 0 64
799 32045 61 4 32106 0 61
85 31927 67 4 32119 125 192
992 32196 61 2 32257 0 61
79 32215 79 3 32336 42 121
326 32399 83 3 32482 0 83
343 32614 51 3 32665 0 51
75 32709 72 4 32781 0 72
216 32836 57 4 32893 0 57
275 32977 77 4 33054 0 77
381 32958 79 4 33114 77 156
253 32842 79 3 33128 207 286
322 32798 93 4 33183 292 385
492 33394 54 4 33448 0 54
220 33453 60 3 33513 0 60
852 33689 56 4 33745 0 56
901 33657 62 3 33775 56 118
175 33683 64 3 33839 92 156
46 33747 78 3 33917 92 170
169 34092 85 1 34177 0 85
401 34361 57 4 34418 0 57
596 34509 51 4 34560 0 51
647 34375 97 2 34566 94 191
524 34734 51 2 34785 0 51
540 34689 61 1 34801 51 112
604 34719 91 4 34892 82 173
261 34756 98 3 34990 136 234
453 35034 43 1 35077 0 43
959 35078 38 4 35116 0 38
682 35298 53 2 35351 0 53
993 35419 72 4 35491 0 72
364 35602 38 4 35640 0 38
505 35741 60 2 35801 0 60
18 35876 89 1 35965 0 89
893 36236 66 2 36302 0 66
6 36411 82 2 36493 0 82
571 36527 48 2 36575 0 48
837 36502 63 1 36613 48 111
560 37148 71 3 37219 0 71
603 37331 79 4 37410 0 79
671 37611 72 4 37683 0 72
743 37617 89 4 37772 66 155
796 38052 65 1 38117 0 65
666 38085 78 4 38195 32 110
554 38064 99 1 38294 131 230
754 38497 69 4 38566 0 69
4 38605 48 4 38653 0 48
552 38500 79 1 38693 114 193
862 38712 80 4 38792 0 80
683 38794 50 1 38844 0 50
128 38830 71 3 38915 14 85
93 38989 90 4 39079 0 90
533 38502 96 2 39080 482 578
576 39213 55 1 39268 0 55
721 39250 74 3 39342 18 92
911 39151 83 4 39363 129 212
419 39370 91 4 39461 0 91
850 39533 55 4 39588 0 55
774 39560 67 4 39655 28 95
922 39467 68 3 39657 122 190
252 39588 84 4 39741 69 153
545 39548 90 3 39831 193 283
192 39248 98 3 39916 570 668
864 40280 82 3 40362 0 82
91 40432 83 3 40515 0 83
628 40478 89 3 40604 37 126
236 40664 80 2 40744 0 80
374 40841 79 3 40920 0 79
943 40812 82 4 40973 79 161
78 41051 74 3 41125 0 74
389 41162 43 4 41205 0 43
677 41217 47 4 41264 0 47
962 41259 51 3 41315 5 56
635 41257 62 2 41377 58 120
313 41132 81 4 41416 203 284
543 41103 86 3 41495 306 392
780 41521 46 4 41567 0 46
822 41606 84 4 41690 0 84
568 41168 96 4 41721 457 553
936 41932 63 3 41995 0 63
426 42097 82 2 42179 0 82
123 42188 63 4 42251 0 63
203 42249 72 3 42323 2 74
696 42741 93 3 42834 0 93
702 42876 33 4 42909 0 33
700 42980 82 2 43062 0 82
109 42967 89 4 43138 82 171
765 42836 100 2 43140 204 304
511 43209 47 2 43256 0 47
36 42712 100 1 43256 444 544
785 43449 36 3 43485 0 36
940 43487 67 1 43554 0 67
213 43669 76 1 43745 0 76
2 43779 32 3 43811 0 32
737 43808 63 2 43874 3 66
926 43777 73 3 43945 95 168
958 43686 93 4 44006 227 320
235 44092 81 3 44173 0 81
530 44181 87 4 44268 0 87
637 44182 94 3 44362 86 180
149 44431 87 3 44518 0 87
920 44776 54 3 44830 0 54
968 44889 36 3 44925 0 36
976 44864 46 4 44946 36 82
331 44812 88 4 45000 100 188
344 44822 91 3 45091 178 269
136 45109 46 4 45155 0 46
488 45109 75 2 45230 46 121
74 45183 83 2 45313 47 130
825 45184 84 3 45397 129 213
970 44976 93 3 45472 403 496
147 44755 95 3 45546 696 791
945 45569 79 4 45648 0 79
518 45575 99 4 45747 73 172
244 45185 100 3 45824 539 639
307 45901 75 4 46002 26 101
56 45950 75 4 46054 29 104
363 46048 75 4 46126 3 78
708 46187 86 2 46273 0 86
548 46326 91 3 46417 0 91
334 46516 38 4 46554 0 38
736 46502 45 4 46585 38 83
722 46766 60 4 46826 0 60
787 46721 87 3 46868 60 147
952 46796 95 3 46963 72 167
394 47426 57 3 47483 0 57
108 47436 89 3 47572 47 136
315 47713 37 2 47750 0 37
575 47668 61 3 47766 37 98
125 47621 81 4 47800 98 179
288 47866 71 4 47937 0 71
368 47715 84 3 47955 156 240
520 47966 48 3 48014 0 48
32 47708 87 4 48090 295 382
593 47826 93 3 48183 264 357
82 48465 47 2 48512 0 47
359 48413 79 3 48539 47 126
794 48329 93 1 48548 126 219
678 48662 47 1 48709 0 47
310 48736 75 4 48811 0 75
782 48934 67 4 49001 0 67
124 48946 91 3 49092 55 146
118 49163 57 4 49220 0 57
971 49111 76 1 49244 57 133
986 49124 88 1 49332 120 208
345 49516 72 4 49588 0 72
638 49593 96 3 49689 0 96
996 49742 73 2 49815 0 73
833 49723 77 3 49873 73 150
983 49875 54 3 49929 0 54
975 50071 71 2 50142 0 71
619 50152 94 4 50246 0 94
644 50458 69 1 50527 0 69
182 50679 76 3 50755 0 76
896 50779 70 2 50849 0 70
491 50669 90 2 50905 146 236
418 50929 70 3 50999 0 70
485 51082 68 4 51150 0 68
271 51155 55 2 51210 0 55
31 51209 63 4 51273 1 64
269 51103 97 3 51365 165 262
783 50929 98 1 51380 353 451
904 51418 61 4 51479 0 61
779 51511 36 3 51547 0 36
197 51568 62 4 51630 0 62
444 51686 49 3 51735 0 49
412 51563 66 4 51740 111 177
500 51679 75 4 51815 61 136
739 52012 79 4 52091 0 79
542 51956 95 1 52130 79 174
695 52167 70 4 52237 0 70
179 51910 98 3 52252 244 342
525 52361 67 2 52428 0 67
480 52341 84 1 52492 67 151
356 52537 60 4 52597 0 60
815 52552 73 4 52670 45 118
775 52682 50 4 52732 0 50
443 52666 77 2 52797 54 131
190 52667 80 4 52877 130 210
643 52496 82 4 52918 340 422
233 52350 88 4 53002 564 652
770 52215 99 4 53012 698 797
838 53066 65 3 53131 0 65
286 53320 77 1 53397 0 77
948 53422 67 2 53489 0 67
34 53476 73 2 53562 13 86
341 53531 87 2 53649 31 118
627 53689 51 2 53740 0 51
691 53659 55 4 53765 51 106
457 53625 91 4 53846 130 221
681 53965 56 2 54021 0 56
953 54399 77 3 54476 0 77
544 54406 95 2 54571 70 165
120 54664 80 1 54744 0 80
672 54659 88 4 54827 80 168
348 54859 34 4 54893 0 34
849 54981 91 3 55072 0 91
746 54994 97 3 55169 78 175
471 55223 85 3 55308 0 85
728 55399 30 4 55429 0 30
422 55386 84 4 55500 30 114
416 55601 81 4 55682 0 81
801 55804 87 4 55891 0 87
337 56000 56 4 56056 0 56
981 55975 92 3 56123 56 148
421 56229 84 4 56313 0 84
196 56315 77 4 56392 0 77
478 56401 62 1 56463 0 62
258 56189 92 3 56504 223 315
515 56282 97 4 56601 222 319
388 56637 50 3 56687 0 50
919 56683 100 4 56787 4 104
274 56981 97 4 57078 0 97
592 57083 45 4 57128 0 45
308 57221 74 1 57295 0 74
590 57206 77 4 57357 74 151
510 57335 88 4 57445 22 110
162 57157 90 4 57486 239 329
403 57333 93 1 57672 246 339
889 57447 93 1 57672 132 225
631 57750 80 4 57830 0 80
135 57427 95 3 57847 325 420
110 57883 48 3 57931 0 48
967 57963 62 4 58025 0 62
29 57864 68 4 58042 110 178
437 57966 75 2 58117 76 151
86 58187 57 3 58244 0 57
808 58056 84 4 58258 118 202
532 58322 50 2 58372 0 50
201 58278 57 3 58385 50 107
340 58531 82 1 58613 0 82
449 58449 83 4 58614 82 165
988 58189 89 3 58619 341 430
447 58727 58 3 58785 0 58
59 58788 58 2 58846 0 58
12 58707 90 4 58913 116 206
170 58972 73 2 59045 0 73
905 59111 70 3 59181 0 70
353 59216 83 4 59299 0 83
460 59358 76 4 59434 0 76
843 59339 80 4 59495 76 156
840 59303 86 4 59545 156 242
466 59244 86 3 59627 297 383
508 59373 92 4 59719 254 346
823 59742 70 4 59812 0 70
479 59874 87 3 59961 0 87
205 59835 89 3 60011 87 176
200 59788 92 4 60080 200 292
917 60160 77 2 60237 0 77
648 59199 92 3 60245 954 1046
910 60096 92 3 60301 113 205
446 60341 38 4 60379 0 38
521 60319 73 3 60430 38 111
502 59043 93 4 60430 1294 1387
152 60452 47 4 60499 0 47
888 60503 65 4 60568 0 65
512 60597 49 4 60646 0 49
191 60705 29 1 60734 0 29
826 60703 76 4 60808 29 105
547 60866 40 3 60906 0 40
256 60921 66 4 60987 0 66
788 60899 72 4 61044 73 145
432 60703 86 2 61072 283 369
263 60523 90 3 61076 463 553
884 61093 57 3 61150 0 57
764 61236 71 3 61307 0 71
930 61218 88 4 61377 71 159
39 61131 90 4 61399 178 268
435 61416 72 4 61488 0 72
836 60088 93 4 61570 1389 1482
978 60933 93 4 61605 579 672
336 61622 74 3 61696 0 74
305 58822 93 3 61746 2831 2924
964 61554 93 3 61806 159 252
132 61868 66 2 61934 0 66
768 61947 40 4 61987 0 40
397 62037 50 1 62087 0 50
871 62077 66 4 62153 10 76
434 61964 71 4 62174 139 210
218 59931 94 2 62193 2168 2262
382 62251 42 1 62293 0 42
430 62358 57 2 62415 0 57
390 62358 71 3 62486 57 128
827 62529 48 4 62577 0 48
745 62583 43 4 62626 0 43
895 62877 21 1 62898 0 21
514 62865 55 3 62941 21 76
812 62824 71 4 62971 76 147
539 62844 78 1 63049 127 205
80 62747 79 2 63051 225 304
462 63099 60 4 63159 0 60
146 62941 81 4 63192 170 251
144 63194 40 4 63234 0 40
865 63203 72 4 63306 31 103
352 63308 49 3 63357 0 49
767 63420 65 3 63485 0 65
250 63146 83 4 63501 272 355
688 63577 40 3 63617 0 40
214 62916 91 3 63632 625 716
759 62705 93 4 63683 885 978
234 63749 84 4 63833 0 84
982 63643 95 4 63862 124 219
399 63927 76 4 64003 0 76
30 63988 79 4 64082 15 94
321 64091 52 4 64143 0 52
941 64160 40 3 64200 0 40
376 63942 94 2 64268 232 326
710 64302 62 3 64364 0 62
484 64391 72 2 64463 0 72
718 64501 48 4 64549 0 48
974 64517 52 4 64601 32 84
537 64648 46 4 64694 0 46
402 64574 64 4 64711 73 137
486 64746 43 2 64789 0 43
131 64808 52 4 64860 0 52
424 64726 68 4 64889 95 163
807 64850 87 1 64976 39 126
733 64392 94 2 65017 531 625
969 65018 93 3 65111 0 93
495 65132 70 4 65202 0 70
391 64133 95 4 65214 986 1081
351 63163 96 2 65245 1986 2082
141 65279 73 1 65352 0 73
299 65390 47 3 65437 0 47
707 65475 74 4 65549 0 74
898 65374 78 1 65573 121 199
245 65299 84 3 65635 252 336
995 65720 66 3 65786 0 66
16 65777 69 4 65855 9 78
842 65856 69 4 65925 0 69
122 65698 84 3 65986 204 288
725 65384 91 1 66014 539 630
456 65276 92 2 66103 735 827
357 66173 65 4 66238 0 65
57 66302 52 3 66354 0 52
126 66183 78 3 66368 107 185
316 66408 68 2 66476 0 68
212 66310 82 4 66518 126 208
655 66148 86 2 66579 345 431
851 66361 96 3 66675 218 314
813 62850 97 3 66696 3749 3846
758 65807 98 4 66794 889 987
76 66858 81 3 66939 0 81
504 66830 81 2 66992 81 162
755 67000 34 1 67034 0 34
320 67015 75 3 67109 19 94
578 64436 99 4 67164 2629 2728
202 67212 26 1 67238 0 26
526 67180 71 4 67277 26 97
650 67315 40 1 67355 0 40
741 67393 76 4 67469 0 76
171 67323 81 4 67512 108 189
469 67427 82 3 67594 85 167
66 67419 89 4 67683 175 264
116 67249 92 4 67737 396 488
929 67784 68 4 67852 0 68
186 67872 71 4 67943 0 71
624 67935 73 4 68016 8 81
613 67815 88 3 68084 181 269
414 68108 93 4 68201 0 93
749 67566 97 4 68227 564 661
27 68269 21 4 68290 0 21
961 68318 65 4 68383 0 65
507 68430 58 2 68488 0 58
445 68394 61 3 68513 58 119
805 68600 55 4 68655 0 55
223 68536 68 2 68659 55 123
249 68719 65 1 68784 0 65
178 68687 69 4 68821 65 134
658 68869 71 2 68940 0 71
339 68758 72 3 68964 134 206
21 69070 50 1 69120 0 50
148 69029 75 3 69154 50 125
24 69025 77 4 69227 125 202
13 68788 85 1 69251 378 463
272 69326 64 4 69390 0 64
551 69465 74 2 69539 0 74
861 69341 84 2 69548 123 207
72 69366 86 3 69634 182 268
163 69650 34 4 69684 0 34
894 69644 61 3 69739 34 95
921 69691 77 4 69816 48 125
294 69458 87 3 69893 348 435
290 68721 89 4 69907 1097 1186
284 68405 91 3 69947 1451 1542
954 69968 66 2 70034 0 66
3 70059 54 1 70113 0 54
709 70194 60 4 70313 59 119
598 70195 60 4 70314 59 119
459 70056 88 2 70318 174 262
487 70069 91 3 70409 249 340
564 70419 47 4 70466 0 47
319 70476 51 4 70527 0 51
139 70485 53 3 70580 42 95
900 70664 86 4 70750 0 86
585 70801 68 2 70869 0 68
642 70633 91 4 70878 154 245
972 70383 91 2 70896 422 513
433 68429 92 3 70945 2424 2516
409 71006 78 1 71084 0 78
629 69521 93 3 71116 1502 1595
496 68595 93 2 71209 2521 2614
195 70200 96 4 71305 1009 1105
712 71343 70 2 71413 0 70
373 71354 76 2 71489 59 135
607 71606 65 3 71671 0 65
318 71338 95 3 71735 302 397
625 71412 95 3 71739 232 327
328 71849 52 2 71901 0 52
20 69714 96 3 71950 2140 2236
715 69560 96 3 71950 2294 2390
312 71958 40 4 71998 0 40
670 72004 55 4 72059 0 55
160 71977 80 2 72133 76 156
730 72180 59 3 72239 0 59
158 72227 62 3 72301 12 74
583 71967 87 3 72341 287 374
257 72224 89 4 72430 117 206
254 72451 75 4 72526 0 75
549 69737 97 3 72594 2760 2857
937 72622 62 4 72684 0 62
138 71996 98 4 72754 660 758
711 72180 99 4 72853 574 673
291 72937 72 4 73009 0 72
902 72975 74 4 73083 34 108
773 73104 64 1 73168 0 64
111 73140 85 3 73253 28 113
225 72893 89 3 73277 295 384
762 73280 66 4 73346 0 66
210 73338 70 1 73416 8 78
621 73390 72 3 73488 26 98
870 73361 73 4 73561 127 200
378 73595 53 4 73648 0 53
246 73613 61 4 73709 35 96
295 73661 73 2 73782 48 121
933 73813 45 2 73858 0 45
474 73335 80 4 73873 458 538
781 73535 82 3 73955 338 420
35 73718 84 4 74039 237 321
350 74112 74 4 74186 0 74
506 74069 75 1 74218 74 149
595 73407 84 3 74272 781 865
652 74300 60 2 74360 0 60
731 74116 85 4 74417 216 301
68 74533 64 4 74597 0 64
991 74544 68 3 74665 53 121
371 74463 74 3 74669 132 206
881 74464 76 4 74745 205 281
499 74458 81 4 74821 282 363
347 74654 84 4 74905 167 251
727 74919 67 3 74986 0 67
522 74993 34 4 75027 0 34
951 73822 86 4 75202 1294 1380
193 74147 86 4 75204 971 1057
580 74586 86 4 75223 551 637
706 75270 58 4 75328 0 58
661 75303 63 4 75391 25 88
534 75384 70 4 75461 7 77
687 74175 87 1 75501 1239 1326
188 75525 85 3 75610 0 85
673 73744 92 3 75678 1842 1934
440 74833 93 1 75771 845 938
386 75399 96 2 75867 372 468
229 75940 44 4 75984 0 44
684 75923 85 4 76052 44 129
165 74657 98 4 76094 1339 1437
998 76199 57 2 76256 0 57
41 76148 76 3 76281 57 133
802 76399 55 4 76454 0 55
816 76378 81 2 76514 55 136
467 76607 76 4 76683 0 76
408 76532 79 3 76687 76 155
166 76323 87 4 76701 291 378
289 76353 89 4 76790 348 437
436 76818 51 3 76869 0 51
228 76158 92 3 76891 641 733
589 73793 98 1 76935 3044 3142
5 73758 99 4 77034 3177 3276
65 70102 99 3 77147 6946 7045
483 73556 99 3 77189 3534 3633
161 74920 99 2 77288 2269 2368
556 68009 100 4 77327 9218 9318
90 77404 95 1 77499 0 95
880 77720 53 4 77773 0 53
566 77841 62 3 77903 0 62
839 77777 75 3 77914 62 137
494 77672 77 3 77939 190 267
309 77947 65 4 78012 0 65
804 78063 68 3 78131 0 68
925 78145 67 2 78212 0 67
769 78074 71 4 78269 124 195
531 78059 72 4 78337 206 278
577 78233 75 2 78412 104 179
329 78040 79 3 78472 353 432
703 77642 81 4 78487 764 845
550 78463 81 1 78568 24 105
407 78617 53 4 78670 0 53
438 78676 72 3 78748 0 72
448 78070 91 1 78784 623 714
281 77647 92 3 78876 1137 1229
885 77557 92 2 78883 1234 1326
420 78923 34 3 78957 0 34
878 79005 62 4 79067 0 62
187 78927 68 3 79087 92 160
324 77731 93 4 79140 1316 1409
620 79218 91 3 79309 0 91
841 79310 66 3 79376 0 66
714 79406 61 2 79467 0 61
317 79406 84 2 79551 61 145
282 79560 81 4 79641 0 81
115 79491 85 2 79717 141 226
304 79334 89 4 79776 353 442
734 79790 54 1 79844 0 54
251 79805 85 3 79929 39 124
751 80024 60 3 80084 0 60
944 80214 48 3 80262 0 48
465 80065 75 4 80275 135 210
38 80277 66 1 80343 0 66
134 80091 75 4 80348 182 257
168 80377 43 4 80420 0 43
415 80403 47 1 80467 17 64
77 80423 69 3 80536 44 113
361 80534 70 4 80606 2 72
657 80175 78 4 80655 402 480
219 80730 48 4 80778 0 48
834 80679 71 3 80798 48 119
869 80173 83 4 80857 601 684
62 80534 84 3 80941 323 407
935 81007 35 3 81042 0 35
1000 80024 86 2 81062 952 1038
665 80401 87 4 81149 661 748
980 81234 56 4 81290 0 56
963 81385 68 3 81453 0 68
362 81340 72 4 81480 68 140
311 81227 77 2 81500 196 273
413 81503 62 2 81565 0 62
404 80505 88 4 81572 979 1067
240 80736 88 3 81660 836 924
226 81769 83 4 81852 0 83
946 81915 57 3 81972 0 57
517 81974 61 4 82035 0 61
278 82041 67 3 82108 0 67
784 82222 56 3 82278 0 56
98 82170 64 3 82290 56 120
398 81944 72 3 82292 276 348
685 81813 85 2 82314 416 501
538 81748 86 4 82379 545 631
994 81259 89 2 82380 1032 1121
732 79541 90 4 82486 2855 2945
477 79344 90 4 82488 3054 3144
645 82589 34 2 82623 0 34
262 82564 51 2 82649 34 85
335 82585 52 1 82701 64 116
786 82512 87 3 82736 137 224
451 81957 90 4 82765 718 808
107 82777 52 3 82829 0 52
689 82851 29 3 82880 0 29
701 82806 77 1 82935 52 129
653 83026 56 2 83082 0 56
663 82958 90 4 83104 56 146
83 81704 91 3 83160 1365 1456
824 83188 39 4 83227 0 39
468 83229 85 4 83314 0 85
756 83347 51 2 83398 0 51
892 83384 76 1 83474 14 90
846 82860 92 4 83503 551 643
516 83525 27 4 83552 0 27
167 83579 79 4 83696 38 117
829 83620 79 4 83737 38 117
675 83798 39 4 83837 0 39
366 82321 92 3 83911 1498 1590
501 83209 92 3 83911 610 702
699 84026 41 3 84067 0 41
498 83990 50 4 84081 41 91
821 84160 25 3 84185 0 25
997 84140 54 3 84219 25 79
646 83982 72 3 84224 170 242
306 84121 73 3 84297 103 176
297 84309 46 3 84355 0 46
616 84397 58 4 84457 2 60
296 84466 54 4 84520 0 54
923 84453 58 4 84567 56 114
406 84536 66 4 84633 31 97
303 84614 78 2 84711 19 97
475 84249 78 1 84735 408 486
42 84781 77 2 84858 0 77
137 84204 82 4 84894 608 690
133 83452 92 2 84915 1371 1463
574 84920 52 4 84972 0 52
425 80091 93 4 85060 4876 4969
960 85070 69 2 85139 0 69
206 79785 93 3 85222 5344 5437
429 85313 52 4 85365 0 52
441 85288 60 4 85400 52 112
740 83614 94 4 85428 1720 1814
726 78581 95 4 85478 6802 6897
427 85527 39 1 85566 0 39
938 85580 47 3 85627 0 47
140 85589 49 3 85676 38 87
830 85619 73 3 85749 57 130
563 85836 32 2 85868 0 32
659 85829 55 4 85916 32 87
243 85968 47 4 86015 0 47
45 85891 78 4 86041 72 150
713 85659 83 2 86044 302 385
442 86110 78 4 86188 0 78
909 86226 47 4 86273 0 47
411 86282 40 3 86322 0 40
17 86370 46 1 86416 0 46
626 86348 47 4 86441 46 93
47 86477 33 3 86510 0 33
259 86395 48 4 86522 79 127
679 86212 58 4 86531 261 319
789 86284 63 4 86594 247 310
676 86356 67 3 86661 238 305
204 84111 95 4 86664 2458 2553
800 81038 95 4 86664 5531 5626
557 86748 73 3 86821 0 73
875 86676 78 3 86827 73 151
96 86871 58 4 86929 0 58
50 86707 82 2 86967 178 260
156 86703 85 4 87052 264 349
927 86949 85 1 87137 103 188
965 86963 87 4 87224 174 261
705 87319 61 3 87380 0 61
719 87402 53 4 87455 0 53
955 87438 59 1 87514 17 76
649 87308 72 2 87553 173 245
472 87613 72 4 87685 0 72
523 87417 77 4 87702 208 285
559 87740 49 4 87789 0 49
88 87504 78 4 87829 247 325
58 87894 62 4 87956 0 62
392 87507 82 2 87973 384 466
882 88035 51 3 88086 0 51
503 88096 25 2 88121 0 25
155 88092 71 4 88188 25 96
273 87995 76 4 88218 147 223
396 88234 47 4 88281 0 47
227 87580 84 3 88327 663 747
276 87832 87 4 88414 495 582
211 86718 88 3 88418 1612 1700
145 88453 78 2 88531 0 78
450 88383 90 4 88586 113 203
973 88644 54 4 88698 0 54
150 88605 58 4 88717 54 112
97 88719 49 3 88768 0 49
561 88593 66 4 88820 161 227
99 88749 81 1 88901 71 152
856 88934 64 3 88998 0 64
847 89024 45 1 89069 0 45
458 89006 57 2 89108 45 102
248 89145 78 1 89223 0 78
704 88625 84 2 89229 520 604
222 89290 40 2 89330 0 40
674 89358 62 2 89420 0 62
860 89390 76 2 89496 30 106
999 89594 41 1 89635 0 41
9 89579 49 2 89669 41 90
831 89682 62 3 89744 0 62
693 89533 71 4 89756 152 223
942 89655 75 1 89831 101 176
358 89963 42 2 90005 0 42
611 89926 44 4 90012 42 86
154 89857 71 2 90014 86 157
810 90012 72 4 90086 2 74
121 89958 85 4 90171 128 213
656 88911 86 4 90191 1194 1280
349 89125 86 4 90191 980 1066
482 90253 53 4 90306 0 53
819 90264 72 1 90378 42 114
105 89076 87 2 90403 1240 1327
748 90487 53 3 90540 0 53
760 89007 89 3 90545 1449 1538
690 89010 90 3 90635 1535 1625
985 90664 78 4 90742 0 78
28 90792 39 4 90831 0 39
157 90773 46 4 90858 39 85
22 90862 69 3 90931 0 69
48 90918 77 1 91008 13 90
567 91129 56 4 91185 0 56
159 91088 56 2 91200 56 112
795 91165 62 3 91262 35 97
874 91062 82 2 91318 174 256
793 91026 83 3 91365 256 339
301 91389 63 4 91452 0 63
323 91088 84 4 91512 340 424
207 87418 90 1 91513 4005 4095
112 91614 66 4 91680 0 66
37 91587 87 1 91740 66 153
859 91905 46 1 91951 0 46
64 91887 54 2 91987 46 100
333 91829 62 4 91991 100 162
692 91954 69 4 92060 37 106
912 92137 73 3 92210 0 73
844 92060 77 1 92210 73 150
266 91822 79 1 92282 381 460
761 92284 46 3 92330 0 46
798 91878 81 1 92409 450 531
8 92411 33 4 92444 0 33
651 91806 84 3 92510 620 704
947 92543 63 3 92606 0 63
452 89989 91 4 92615 2535 2626
778 89384 91 4 92615 3140 3231
94 92686 42 4 92728 0 42
720 92638 52 1 92742 52 104
949 92751 50 4 92801 0 50
509 92680 52 1 92834 102 154
558 92229 91 3 92902 582 673
744 93019 89 4 93108 0 89
817 93000 91 3 93180 89 180
698 90345 92 4 93266 2829 2921
664 91740 92 4 93266 1434 1526
555 93322 67 4 93389 0 67
771 90299 92 3 93425 3034 3126
44 93460 83 3 93543 0 83
623 87051 92 1 93692 6549 6641
903 87743 92 1 93692 5857 5949
956 93733 39 3 93772 0 39
338 93800 59 3 93859 0 59
928 93845 61 3 93920 14 75
811 93730 72 3 93961 159 231
858 93954 82 4 94043 7 89
777 94184 61 2 94245 0 61
716 94290 68 4 94358 0 68
939 94245 71 3 94384 68 139
877 94413 51 4 94464 0 51
553 94471 42 4 94513 0 42
1 94389 56 4 94538 93 149
776 94542 35 3 94577 0 35
198 94628 62 4 94690 0 62
103 94472 62 3 94697 163 225
377 94488 77 4 94774 209 286
241 94271 83 2 94852 498 581
95 94921 63 4 94984 0 63
950 94366 85 4 95000 549 634
562 95025 69 3 95094 0 69
268 95134 58 4 95192 0 58
114 95086 78 4 95230 66 144
151 95201 80 2 95310 29 109
395 95402 55 4 95457 0 55
622 95357 76 3 95488 55 131
866 94985 87 2 95503 431 518
52 94135 88 3 95542 1319 1407
797 95618 42 3 95660 0 42
224 95713 59 2 95772 0 59
588 95597 75 4 95773 101 176
680 95666 79 4 95852 107 186
493 95909 43 3 95952 0 43
230 95854 86 3 95983 43 129
383 95700 88 4 96069 281 369
617 95262 92 3 96106 752 844
918 96127 60 2 96187 0 60
104 96229 44 4 96273 0 44
668 96291 60 2 96351 0 60
990 96365 38 4 96403 0 38
67 96401 50 3 96453 2 52
803 96514 49 3 96563 0 49
752 96447 74 2 96576 55 129
601 96167 75 2 96577 335 410
915 96616 51 3 96667 0 51
101 96648 59 4 96726 19 78
738 96343 76 3 96763 344 420
277 96772 77 4 96849 0 77
931 96942 59 4 97001 0 59
431 96882 68 4 97009 59 127
215 96336 86 3 97053 631 717
199 97077 83 4 97160 0 83
845 96596 86 2 97222 540 626
853 97286 29 4 97315 0 29
209 97287 58 4 97373 28 86
872 97425 53 4 97478 0 53
298 97285 64 3 97489 140 204
92 97391 75 2 97564 98 173
354 96916 87 4 97588 585 672
581 97070 87 3 97675 518 605
185 97791 44 3 97835 0 44
172 97763 45 3 97852 44 89
283 97714 76 3 97879 89 165
89 97524 88 1 97928 316 404
867 97944 88 3 98032 0 88
883 98056 86 2 98142 0 86
750 96414 92 4 98194 1688 1780
541 98399 58 3 98457 0 58
194 98346 71 2 98475 58 129
591 96806 92 2 98482 1584 1676
636 98507 43 2 98550 0 43
181 98219 92 2 98550 239 331
633 98551 52 2 98603 0 52
279 91285 93 4 98687 7309 7402
814 93460 93 4 98691 5138 5231
984 98756 67 4 98823 0 67
372 98915 26 3 98941 0 26
25 98873 68 3 98967 26 94
481 98969 53 4 99022 0 53
723 98879 71 3 99091 141 212
242 99207 35 2 99242 0 35
899 99208 74 3 99316 34 108
906 99340 73 4 99413 0 73
454 99281 76 4 99465 108 184
630 99139 78 3 99475 258 336
461 99506 64 3 99570 0 64
473 99623 36 1 99659 0 36
173 99528 71 3 99677 78 149
100 99666 75 4 99752 11 86
393 98912 85 2 99758 761 846
287 99804 69 4 99873 0 69
835 99460 86 4 99913 367 453
14 99247 86 3 99999 666 752
694 98970 87 3 100086 1029 1116
594 99039 87 2 100173 1047 1134
891 99571 89 3 100262 602 691
873 99461 90 1 100352 801 891
63 99370 91 3 100443 982 1073
724 97793 93 4 100553 2667 2760
285 97337 93 4 100553 3123 3216
528 90715 93 4 100553 9745 9838
10 93489 93 3 100646 7064 7157
536 92771 93 2 100739 7875 7968
60 89663 94 4 100927 11170 11264
239 96837 94 4 100927 3996 4090
177 87804 94 3 101021 13123 13217
11 93199 94 2 101115 7822 7916
757 92719 94 1 101303 8490 8584
119 99618 94 1 101303 1591 1685
586 94445 95 4 101588 7048 7143
49 93227 95 4 101588 8266 8361
130 91435 95 4 101588 10058 10153
217 94911 95 3 101778 6772 6867
612 89010 95 3 101778 12673 12768
772 80458 95 3 101861 21308 21403
957 82466 95 2 102051 19490 19585
669 80196 95 2 102051 21760 21855
302 79128 95 1 102146 22923 23018
463 87908 96 4 102338 14334 14430
863 99228 96 4 102338 3014 3110
792 85238 96 4 102434 17100 17196
221 77744 96 3 102722 24882 24978
327 89989 96 3 102722 12637 12733
887 98753 96 3 102722 3873 3969
247 84152 96 2 103010 18762 18858
330 92769 96 2 103010 10145 10241
43 98464 96 2 103010 4450 4546
439 96357 97 4 103301 6847 6944
791 85902 97 4 103301 17302 17399
55 96882 97 4 103301 6322 6419
868 91856 97 3 103495 11542 11639
153 97525 97 3 103495 5873 5970
667 85111 97 2 103689 18481 18578
587 96737 97 2 103689 6855 6952
384 96651 98 4 103885 7136 7234
355 99218 98 4 103885 4569 4667
763 84558 98 3 104375 19719 19817
470 93885 98 3 104375 10392 10490
879 93675 98 3 104375 10602 10700
897 90726 98 3 104375 13551 13649
280 79976 98 3 104375 24301 24399
293 98518 98 2 104473 5857 5955
848 86334 99 4 104671 18238 18337
265 91284 99 4 104671 13288 13387
476 90937 99 4 104869 13833 13932
292 86543 99 4 104869 18227 18326
977 83023 99 4 104968 21846 21945
360 87479 99 3 105364 17786 17885
600 89977 99 3 105364 15288 15387
610 94582 99 3 105364 10683 10782
572 92952 99 3 105364 12313 12412
174 95542 99 3 105562 9921 10020
53 96975 99 3 105562 8488 8587
753 95593 99 2 105661 9969 10068
490 87088 99 1 105760 18573 18672
417 70074 100 4 105797 35623 35723
717 83048 100 4 105972 22824 22924
385 69247 100 4 105972 36625 36725
979 69126 100 4 106005 36779 36879
54 88278 100 3 106205 17827 17927
535 87452 100 3 106205 18653 18753
966 73451 100 2 106405 32854 32954
828 99649 100 2 106405 6656 6756
464 65647 100 2 106574 40827 40927
84 92575 100 2 106589 13914 14014
513 68711 100 1 106889 38078 38178
818 87070 100 1 106889 19719 19819
69 90526 100 1 106889 16263 16363
