101430 1000 295 234
272 3974 71 4 4045 0 71
902 6671 23 3 6694 0 23
769 8126 68 3 8194 0 68
698 8250 56 4 8306 0 56
586 8388 88 3 8476 0 88
15 9439 51 2 9490 0 51
581 9557 20 4 9577 0 20
72 10494 91 4 10585 0 91
899 10981 95 4 11076 0 95
537 11327 58 1 11385 0 58
696 11509 53 2 11562 0 53
6 12025 64 3 12089 0 64
20 12850 70 4 12920 0 70
270 13382 59 3 13441 0 59
689 13474 62 4 13536 0 62
274 13474 80 1 13616 62 142
809 13756 71 2 13827 0 71
594 14300 79 1 14379 0 79
738 14676 86 4 14762 0 86
403 14756 56 3 14818 6 62
882 14927 53 1 14980 0 53
763 15073 29 3 15102 0 29
985 15634 58 1 15692 0 58
824 16341 51 1 16392 0 51
796 16922 43 4 16965 0 43
941 16988 56 3 17044 0 56
493 17066 44 1 17110 0 44
858 17970 62 4 18032 0 62
638 18212 79 4 18291 0 79
765 18342 74 2 18416 0 74
500 18484 71 3 18555 0 71
545 18755 35 1 18790 0 35
424 19421 61 1 19482 0 61
884 19621 71 3 19692 0 71
872 19995 70 1 20065 0 70
817 20626 76 3 20702 0 76
932 20795 55 2 20850 0 55
679 21187 65 2 21252 0 65
816 21476 72 4 21548 0 72
416 21560 65 4 21625 0 65
917 21828 78 4 21906 0 78
829 22674 65 4 22739 0 65
764 22728 60 3 22799 11 71
869 22708 66 3 22865 91 157
735 22837 46 2 22911 28 74
402 22879 82 4 22993 32 114
9 23250 40 4 23290 0 40
298 23264 50 4 23340 26 76
525 23751 44 4 23795 0 44
467 23912 61 2 23973 0 61
739 24190 74 4 24264 0 74
429 24365 22 3 24387 0 22
415 24434 71 3 24505 0 71
834 24509 50 3 24559 0 50
438 24516 60 4 24619 43 103
360 24725 76 2 24801 0 76
190 24844 73 1 24917 0 73
283 24897 54 2 24971 20 74
318 24921 66 3 25037 50 116
776 25030 78 4 25115 7 85
263 25571 44 2 25615 0 44
716 25618 41 4 25659 0 41
565 25674 86 2 25760 0 86
394 25931 30 3 25961 0 30
147 26490 61 4 26551 0 61
5 26587 88 4 26675 0 88
115 26837 74 3 26911 0 74
691 26867 94 3 27005 44 138
875 27013 70 2 27083 0 70
453 27692 72 4 27764 0 72
37 27925 52 3 27977 0 52
413 27927 62 3 28039 50 112
591 28327 37 4 28364 0 37
305 28361 24 3 28388 3 27
198 28345 26 4 28414 43 69
993 28741 63 1 28804 0 63
92 28871 72 4 28943 0 72
206 29108 75 4 29183 0 75
266 29158 53 1 29236 25 78
646 29227 71 4 29307 9 80
27 29425 69 4 29494 0 69
801 29624 67 4 29691 0 67
504 29803 36 4 29839 0 36
918 29844 64 2 29908 0 64
411 29938 55 4 29993 0 55
499 30209 40 3 30249 0 40
583 30420 48 2 30468 0 48
98 30517 43 3 30560 0 43
319 30861 53 4 30914 0 53
322 31150 72 4 31222 0 72
430 31386 55 4 31441 0 55
527 31676 64 4 31740 0 64
74 32128 80 3 32208 0 80
970 32216 73 4 32289 0 73
880 32339 46 2 32385 0 46
222 32388 44 1 32432 0 44
952 32538 57 4 32595 0 57
133 32655 49 1 32704 0 49
992 32692 48 3 32752 12 60
310 32673 57 2 32809 79 136
156 32762 50 2 32859 47 97
44 32796 60 3 32919 63 123
233 32892 48 3 32967 27 75
700 32763 71 3 33038 204 275
367 33023 63 3 33101 15 78
164 33066 57 4 33158 35 92
923 33335 50 3 33385 0 50
432 33335 51 3 33436 50 101
554 33559 45 2 33604 0 45
544 33561 36 4 33640 43 79
823 33586 65 4 33705 54 119
476 33662 94 2 33799 43 137
826 34276 45 3 34321 0 45
459 34349 47 3 34396 0 47
793 34468 33 3 34501 0 33
848 34560 57 3 34617 0 57
375 34640 67 4 34707 0 67
592 34723 54 4 34777 0 54
615 34723 54 2 34831 54 108
955 35140 71 3 35211 0 71
179 35167 54 3 35265 44 98
196 35292 60 4 35352 0 60
163 35426 43 2 35469 0 43
712 35430 32 2 35501 39 71
788 35432 37 3 35538 69 106
855 35466 42 2 35580 72 114
538 35499 65 2 35645 81 146
668 35886 96 3 35982 0 96
214 36455 48 4 36503 0 48
710 36500 52 4 36555 3 55
883 36455 54 3 36609 100 154
975 36956 87 3 37043 0 87
598 37030 45 4 37088 13 58
312 37257 59 3 37316 0 59
330 37665 77 4 37742 0 77
774 37679 60 4 37802 63 123
694 37826 90 3 37916 0 90
866 37895 50 3 37966 21 71
742 37904 56 2 38022 62 118
832 37889 59 2 38081 133 192
754 38051 53 4 38134 30 83
606 38132 53 4 38187 2 55
596 38115 69 3 38256 72 141
134 38016 70 1 38326 240 310
815 38285 60 2 38386 41 101
297 38256 77 3 38463 130 207
996 38437 65 1 38528 26 91
380 38253 87 2 38615 275 362
219 38610 60 3 38675 5 65
518 38782 62 4 38844 0 62
57 38953 64 4 39017 0 64
52 38965 79 4 39096 52 131
613 39109 78 2 39187 0 78
404 39138 64 4 39251 49 113
511 39331 67 2 39398 0 67
75 39332 55 4 39453 66 121
925 39431 50 4 39503 22 72
920 39522 20 4 39542 0 20
381 39549 52 4 39601 0 52
56 39642 62 2 39704 0 62
285 39762 52 4 39814 0 52
997 40020 39 4 40059 0 39
353 40038 54 4 40113 21 75
818 40299 42 4 40341 0 42
135 40457 65 4 40522 0 65
304 40513 48 2 40570 9 57
2 40718 80 4 40798 0 80
253 40825 44 1 40869 0 44
939 41173 61 4 41234 0 61
645 41229 56 2 41290 5 61
900 41511 62 4 41573 0 62
340 41628 46 3 41674 0 46
998 41683 76 2 41759 0 76
881 41698 50 3 41809 61 111
29 42312 69 4 42381 0 69
541 42359 51 1 42432 22 73
331 42506 50 3 42556 0 50
1000 42665 69 4 42734 0 69
534 42719 54 4 42788 15 69
539 42850 54 3 42904 0 54
46 42877 34 2 42938 27 61
728 43055 75 4 43130 0 75
267 43102 46 1 43176 28 74
480 43336 80 4 43416 0 80
905 43349 47 3 43463 67 114
513 43450 58 4 43521 13 71
979 43427 59 2 43580 94 153
686 43531 44 4 43624 49 93
456 43392 81 1 43705 232 313
943 43694 44 2 43749 11 55
194 43759 44 3 43803 0 44
428 43769 68 4 43871 34 102
441 43924 55 2 43979 0 55
407 44199 65 2 44264 0 65
666 44503 63 2 44566 0 63
110 44574 88 2 44662 0 88
842 44627 39 3 44701 35 74
677 44607 64 4 44765 94 158
337 44772 42 2 44814 0 42
158 44810 63 3 44877 4 67
243 44858 71 3 44948 19 90
930 45029 64 4 45093 0 64
659 45050 45 2 45138 43 88
210 45056 50 4 45188 82 132
625 45115 52 3 45240 73 125
30 45237 49 2 45289 3 52
300 45102 68 3 45357 187 255
972 45061 75 3 45432 296 371
120 45469 91 3 45560 0 91
457 45601 66 3 45667 0 66
470 45607 39 2 45706 60 99
974 45880 68 4 45948 0 68
983 45953 79 1 46032 0 79
31 46102 36 4 46138 0 36
211 46109 51 3 46189 29 80
280 46132 85 4 46274 57 142
617 46206 51 3 46325 68 119
175 46310 20 1 46345 15 35
934 46207 63 1 46408 138 201
364 46395 73 3 46481 13 86
868 46621 33 3 46654 0 33
326 46887 91 4 46978 0 91
744 46927 64 4 47042 51 115
501 46966 78 3 47120 76 154
76 47070 62 3 47182 50 112
293 47037 88 2 47270 145 233
91 47293 43 4 47336 0 43
420 47361 56 4 47417 0 56
215 47499 41 4 47540 0 41
553 47519 62 2 47602 21 83
109 47777 61 4 47838 0 61
540 48071 100 2 48171 0 100
802 48275 55 2 48330 0 55
623 48585 86 4 48671 0 86
610 48659 20 3 48691 12 32
768 48657 29 4 48720 34 63
205 48697 34 3 48754 23 57
17 48619 67 4 48821 135 202
745 48775 45 4 48866 46 91
447 48839 35 2 48901 27 62
570 48818 59 4 48960 83 142
672 49176 43 4 49219 0 43
317 49208 44 4 49263 11 55
957 49247 70 2 49333 16 86
160 49301 63 3 49396 32 95
550 49393 84 2 49480 3 87
720 49456 54 2 49534 24 78
577 49411 60 1 49594 123 183
96 49551 90 3 49684 43 133
281 49663 91 2 49775 21 112
831 49775 64 3 49839 0 64
368 49767 67 4 49906 72 139
830 49477 100 4 50006 429 529
749 50009 59 4 50068 0 59
928 50070 44 2 50114 0 44
844 50153 77 4 50230 0 77
770 50211 71 1 50301 19 90
245 50445 50 3 50495 0 50
673 50518 61 3 50579 0 61
88 50629 69 4 50698 0 69
323 50823 49 4 50872 0 49
350 50868 83 4 50955 4 87
782 50984 40 3 51024 0 40
231 51045 84 1 51129 0 84
382 51108 53 4 51182 21 74
944 51139 69 3 51251 43 112
751 51238 58 4 51309 13 71
841 51329 68 4 51397 0 68
371 51452 65 4 51517 0 65
161 51469 49 1 51566 48 97
563 51524 55 4 51621 42 97
289 51645 61 4 51706 0 61
906 51691 68 2 51774 15 83
70 51824 42 2 51866 0 42
514 51966 72 3 52038 0 72
643 52080 37 3 52117 0 37
683 52085 54 1 52171 32 86
661 52099 78 3 52249 72 150
218 52337 62 4 52399 0 62
803 52359 92 1 52491 40 132
495 52569 80 4 52649 0 80
756 52613 61 4 52710 36 97
510 52675 76 4 52786 35 111
82 52775 68 2 52854 11 79
238 52956 40 2 52996 0 40
820 53001 73 2 53074 0 73
914 53023 53 4 53127 51 104
910 53205 56 1 53261 0 56
423 53257 36 3 53297 4 40
575 53330 46 4 53376 0 46
807 53356 61 3 53437 20 81
146 53432 55 4 53492 5 60
958 53506 76 2 53582 0 76
311 53779 83 3 53862 0 83
417 53867 32 3 53899 0 32
808 54033 47 2 54080 0 47
14 54131 45 4 54176 0 45
731 54200 61 4 54261 0 61
530 54251 54 1 54315 10 64
303 54419 57 1 54476 0 57
758 54473 48 4 54524 3 51
799 54546 65 4 54611 0 65
733 54595 83 4 54694 16 99
207 54663 38 2 54732 31 69
384 54717 62 2 54794 15 77
692 54630 64 2 54858 164 228
885 54709 68 3 54926 149 217
599 54870 29 4 54955 56 85
449 54862 59 4 55014 93 152
670 54973 61 2 55075 41 102
612 54985 69 4 55144 90 159
455 55095 47 3 55191 49 96
961 55096 60 3 55251 95 155
149 55242 47 4 55298 9 56
620 55273 57 3 55355 25 82
718 55308 51 1 55406 47 98
515 55396 67 4 55473 10 77
11 55424 48 2 55521 49 97
339 55451 49 4 55570 70 119
703 55070 73 4 55643 500 573
726 55625 52 4 55695 18 70
859 54676 75 2 55770 1019 1094
465 55753 41 1 55811 17 58
451 54814 85 3 55896 997 1082
548 56019 54 4 56073 0 54
797 56096 45 4 56141 0 45
497 56096 63 3 56204 45 108
264 56164 69 2 56273 40 109
966 56248 41 4 56314 25 66
258 56335 60 4 56395 0 60
278 56388 58 4 56453 7 65
734 56430 56 4 56509 23 79
573 56817 86 1 56903 0 86
697 56832 62 2 56965 71 133
772 57099 32 4 57131 0 32
49 57277 49 4 57326 0 49
410 57389 55 4 57444 0 55
519 57484 51 1 57535 0 51
128 57559 51 3 57610 0 51
3 57587 40 3 57650 23 63
843 57566 77 2 57727 84 161
454 57763 69 4 57832 0 69
876 57866 55 3 57921 0 55
201 58111 72 4 58183 0 72
101 58533 65 3 58598 0 65
741 58549 74 3 58672 49 123
630 58721 92 1 58813 0 92
865 58803 70 4 58883 10 80
475 58817 94 2 58977 66 160
308 58960 41 1 59018 17 58
622 58902 62 3 59080 116 178
213 58958 63 3 59143 122 185
874 59107 41 3 59184 36 77
644 59173 53 4 59237 11 64
186 59224 47 3 59284 13 60
725 59197 48 3 59332 87 135
994 59319 42 1 59374 13 55
732 59309 58 4 59432 65 123
107 59403 47 3 59479 29 76
77 58975 73 4 59552 504 577
450 59513 63 3 59615 39 102
229 59596 43 3 59658 19 62
482 59621 41 4 59699 37 78
71 59747 26 2 59773 0 26
940 59795 70 4 59865 0 70
635 59836 51 4 59916 29 80
236 59866 68 3 59984 50 118
654 59982 54 3 60038 2 56
240 59927 56 4 60094 111 167
422 60158 57 3 60215 0 57
136 60267 69 4 60336 0 69
616 60356 58 1 60414 0 58
542 60364 88 4 60502 50 138
811 60642 65 4 60707 0 65
458 60823 46 1 60869 0 46
743 60949 81 2 61030 0 81
580 61029 65 2 61095 1 66
426 61035 92 1 61187 60 152
40 61144 68 2 61255 43 111
608 61419 51 4 61470 0 51
699 61454 58 4 61528 16 74
976 61485 44 4 61572 43 87
359 61506 56 2 61628 66 122
464 61596 57 4 61685 32 89
963 61668 35 2 61720 17 52
291 61717 36 2 61756 3 39
412 61725 58 2 61814 31 89
901 61639 61 4 61875 175 236
498 61664 68 4 61943 211 279
386 61913 60 3 62003 30 90
377 61770 69 4 62072 233 302
354 62040 47 3 62119 32 79
503 62115 73 3 62192 4 77
922 62182 57 3 62249 10 67
173 62203 35 3 62284 46 81
605 62263 44 2 62328 21 65
114 62262 51 1 62379 66 117
722 62209 64 2 62443 170 234
398 62417 53 3 62496 26 79
956 62239 72 3 62568 257 329
894 62564 75 4 62643 4 79
627 62136 75 3 62718 507 582
108 62181 79 2 62797 537 616
241 62752 33 4 62830 45 78
791 62436 80 4 62910 394 474
916 62859 70 3 62980 51 121
257 62980 25 1 63005 0 25
141 63001 49 2 63054 4 53
980 63038 63 3 63117 16 79
481 63091 66 4 63183 26 92
409 63152 65 1 63248 31 96
23 63190 42 2 63290 58 100
484 62959 66 2 63356 331 397
755 62842 70 2 63426 514 584
551 63150 76 2 63502 276 352
907 63490 64 3 63566 12 76
483 63551 60 4 63626 15 75
235 63567 54 1 63680 59 113
640 63576 58 4 63738 104 162
230 63620 70 4 63808 118 188
468 63754 70 4 63878 54 124
25 63849 44 1 63922 29 73
373 63772 70 2 63992 150 220
36 62291 81 4 64073 1701 1782
618 61575 82 1 64155 2498 2580
463 64100 73 4 64228 55 128
314 64209 73 3 64301 19 92
192 63952 90 2 64391 349 439
536 64352 56 4 64447 39 95
212 64396 49 4 64496 51 100
117 64460 50 3 64546 36 86
947 64433 55 3 64601 113 168
45 64570 55 4 64656 31 86
521 64636 51 4 64707 20 71
959 64635 71 4 64778 72 143
595 64405 85 2 64863 373 458
478 64795 55 1 64918 68 123
995 64811 75 3 64993 107 182
172 64991 48 4 65041 2 50
227 64941 53 4 65094 100 153
4 65047 39 1 65133 47 86
150 65039 57 4 65190 94 151
707 65167 33 4 65223 23 56
991 65157 47 3 65270 66 113
287 65263 43 3 65313 7 50
492 64989 69 2 65382 324 393
877 64472 91 3 65473 910 1001
602 62995 94 4 65567 2478 2572
864 65525 69 4 65636 42 111
62 65681 45 2 65726 0 45
494 65814 59 1 65873 0 59
388 65829 43 1 65916 44 87
143 65883 54 2 65970 33 87
614 65926 55 3 66025 44 99
715 66007 41 2 66066 18 59
777 65893 83 3 66149 173 256
250 66319 67 1 66386 0 67
116 66381 67 4 66453 5 72
669 66416 62 4 66515 37 99
825 66504 84 4 66599 11 95
601 66518 42 2 66641 81 123
854 66574 49 2 66690 67 116
960 66775 51 3 66826 0 51
405 66810 52 1 66878 16 68
589 66790 66 4 66944 88 154
571 67019 81 4 67100 0 81
987 67069 52 3 67152 31 83
224 67171 50 4 67221 0 50
814 67218 55 4 67276 3 58
275 67244 77 4 67353 32 109
113 67298 50 4 67403 55 105
800 67304 56 4 67459 99 155
895 67406 41 2 67500 53 94
220 67468 50 3 67550 32 82
676 67404 58 1 67608 146 204
861 67575 53 4 67661 33 86
982 67556 58 3 67719 105 163
771 67666 41 1 67760 53 94
431 67747 54 2 67814 13 67
16 67616 59 4 67873 198 257
59 67853 45 3 67918 20 65
604 67838 60 2 67978 80 140
203 67945 42 4 68020 33 75
439 67494 65 2 68085 526 591
154 68053 59 3 68144 32 91
664 67581 67 3 68211 563 630
950 68176 32 4 68243 35 67
183 68155 60 4 68303 88 148
600 67968 71 4 68374 335 406
687 68347 52 3 68426 27 79
10 68422 41 4 68467 4 45
867 68390 62 2 68529 77 139
652 68495 56 4 68585 34 90
806 68427 89 3 68674 158 247
953 68602 56 3 68730 72 128
50 68658 70 4 68800 72 142
933 68795 66 1 68866 5 71
242 68617 89 3 68955 249 338
127 68940 76 4 69031 15 91
104 69008 39 4 69070 23 62
780 69041 71 4 69141 29 100
48 68329 95 4 69236 812 907
376 68732 98 4 69334 504 602
671 69308 37 3 69371 26 63
282 69324 48 2 69419 47 95
346 69358 51 4 69470 61 112
338 69423 57 4 69527 47 104
86 69409 57 3 69584 118 175
609 69554 32 4 69616 30 62
178 69480 60 2 69676 136 196
753 69459 63 3 69739 217 280
69 69656 67 4 69806 83 150
863 69791 35 2 69841 15 50
851 69809 57 1 69898 32 89
400 69294 67 3 69965 604 671
138 69815 86 3 70051 150 236
132 70045 55 4 70106 6 61
362 70075 63 1 70169 31 94
174 70155 37 4 70206 14 51
370 70167 59 4 70265 39 98
631 70218 50 4 70315 47 97
549 70255 81 4 70396 60 141
919 70282 85 4 70481 114 199
414 70473 58 4 70539 8 66
252 67757 100 3 70639 2782 2882
870 70564 64 4 70703 75 139
171 70793 54 4 70847 0 54
54 70983 61 4 71044 0 61
249 71036 47 4 71091 8 55
145 71247 76 2 71323 0 76
835 71342 72 4 71414 0 72
562 71442 50 4 71492 0 50
124 71450 84 2 71576 42 126
8 71674 78 2 71752 0 78
837 71705 29 4 71781 47 76
216 71765 82 3 71863 16 98
938 71810 78 3 71941 53 131
717 71911 48 2 71989 30 78
487 71983 51 4 72040 6 57
946 72024 47 2 72087 16 63
557 71979 58 4 72145 108 166
931 72093 66 4 72211 52 118
187 72183 60 1 72271 28 88
913 72260 29 2 72300 11 40
217 72257 69 3 72369 43 112
142 72084 71 1 72440 285 356
316 72416 66 2 72506 24 90
737 72460 47 4 72553 46 93
97 72551 46 3 72599 2 48
189 72510 53 2 72652 89 142
342 72501 63 4 72715 151 214
155 72709 49 1 72764 6 55
948 71976 73 4 72837 788 861
122 72780 55 3 72892 57 112
81 72829 68 2 72960 63 131
762 72919 32 4 72992 41 73
695 72957 44 4 73036 35 79
39 73009 70 3 73106 27 97
951 72111 76 4 73182 995 1071
805 73150 49 1 73231 32 81
64 71814 80 4 73311 1417 1497
361 73297 20 4 73331 14 34
395 72935 84 1 73415 396 480
286 73494 53 4 73547 0 53
472 73512 34 4 73581 35 69
572 73542 71 4 73652 39 110
393 73582 66 1 73718 70 136
856 73670 56 3 73774 48 104
443 73747 49 4 73823 27 76
471 73662 61 4 73884 161 222
560 73787 66 2 73950 97 163
559 73949 41 1 73991 1 42
714 73987 50 4 74041 4 54
265 73994 46 4 74087 47 93
535 73930 65 2 74152 157 222
693 74117 64 2 74216 35 99
965 74197 24 3 74240 19 43
247 74190 49 3 74289 50 99
977 73643 67 2 74356 646 713
157 74356 40 4 74396 0 40
379 74227 68 4 74464 169 237
434 73968 68 3 74532 496 564
99 74528 26 4 74558 4 30
840 74553 68 4 74626 5 73
151 73761 69 2 74695 865 934
642 74032 72 1 74767 663 735
663 74704 36 3 74803 63 99
47 73748 74 3 74877 1055 1129
597 74815 54 3 74931 62 116
969 74841 71 4 75002 90 161
833 74943 59 3 75061 59 118
619 74362 82 3 75143 699 781
436 75133 72 4 75215 10 82
167 75179 46 4 75261 36 82
366 75247 58 4 75319 14 72
32 75145 64 2 75383 174 238
358 75366 64 4 75447 17 81
967 75444 48 3 75495 3 51
356 75414 61 3 75556 81 142
611 75532 56 4 75612 24 80
721 75571 67 1 75679 41 108
702 75168 71 1 75750 511 582
348 75742 58 4 75808 8 66
626 75713 61 4 75869 95 156
678 75775 63 1 75932 94 157
781 75888 66 4 75998 44 110
558 75962 67 3 76065 36 103
529 75931 69 4 76134 134 203
862 76114 21 4 76155 20 41
18 75122 72 3 76227 1033 1105
760 75695 76 4 76303 532 608
651 76246 64 4 76367 57 121
846 76336 26 4 76393 31 57
989 76335 34 1 76427 58 92
653 76257 75 4 76502 170 245
469 76489 31 4 76533 13 44
784 75388 76 4 76609 1145 1221
313 76538 59 4 76668 71 130
624 76664 55 3 76723 4 59
911 76692 48 3 76771 31 79
897 76625 60 3 76831 146 206
543 76790 56 4 76887 41 97
740 74085 84 4 76971 2802 2886
585 76948 49 4 77020 23 72
641 76906 56 4 77076 114 170
374 77024 46 4 77122 52 98
792 77065 63 4 77185 57 120
144 77178 69 3 77254 7 76
507 77250 63 4 77317 4 67
347 76931 71 2 77388 386 457
588 77361 44 2 77432 27 71
750 77211 75 4 77507 221 296
309 76006 86 2 77593 1501 1587
822 77579 58 3 77651 14 72
685 77542 63 1 77714 109 172
93 77560 68 3 77782 154 222
180 77540 69 2 77851 242 311
555 77669 71 4 77922 182 253
888 77856 61 4 77983 66 127
279 77926 72 3 78055 57 129
351 77574 75 4 78130 481 556
334 78084 56 2 78186 46 102
850 78157 33 2 78219 29 62
984 78074 60 3 78279 145 205
13 78093 63 3 78342 186 249
827 78217 66 2 78408 125 191
84 77589 79 4 78487 819 898
488 78314 79 3 78566 173 252
603 77406 88 2 78654 1160 1248
705 78590 61 4 78715 64 125
389 78642 68 1 78783 73 141
971 78584 73 4 78856 199 272
200 78797 53 4 78909 59 112
130 78722 82 3 78991 187 269
336 78922 69 2 79060 69 138
254 79018 32 1 79092 42 74
445 78951 81 4 79173 141 222
921 79115 53 3 79226 58 111
181 79218 33 2 79259 8 41
344 79221 46 4 79305 38 84
125 79189 47 4 79352 116 163
65 79148 79 3 79431 204 283
747 79386 41 3 79472 45 86
284 79461 39 4 79511 11 50
419 79486 55 3 79566 25 80
320 79536 48 3 79614 30 78
509 79542 49 4 79663 72 121
106 79528 56 3 79719 135 191
656 79705 43 2 79762 14 57
321 79732 53 4 79815 30 83
517 79774 71 3 79886 41 112
28 78844 95 2 79981 1042 1137
159 80059 54 2 80113 0 54
929 80101 74 4 80187 12 86
329 80168 58 4 80245 19 77
836 80202 32 3 80277 43 75
324 80251 54 3 80331 26 80
853 80232 62 4 80393 99 161
79 80349 71 1 80464 44 115
904 80402 32 3 80496 62 94
466 80462 51 3 80547 34 85
773 80524 56 4 80603 23 79
477 80419 57 4 80660 184 241
26 80553 57 4 80717 107 164
657 80424 64 4 80781 293 357
942 80496 64 2 80845 285 349
199 80788 50 4 80895 57 107
648 80702 71 3 80966 193 264
523 80194 73 2 81039 772 845
38 80604 74 4 81113 435 509
259 80242 74 3 81187 871 945
246 80672 74 2 81261 515 589
566 81189 77 1 81338 72 149
649 80405 83 3 81421 933 1016
261 81282 95 4 81516 139 234
221 81437 56 4 81572 79 135
162 81501 58 3 81630 71 129
632 81628 46 4 81676 2 48
102 81442 64 4 81740 234 298
584 81738 41 4 81781 2 43
169 81454 76 4 81857 327 403
61 81519 79 4 81936 338 417
131 81878 73 4 82009 58 131
292 81675 79 1 82088 334 413
396 82178 67 4 82245 0 67
633 82356 91 4 82447 0 91
893 82361 63 3 82510 86 149
112 82533 62 2 82595 0 62
990 82613 44 2 82657 0 44
999 82624 62 3 82719 33 95
397 82692 51 2 82770 27 78
639 82659 83 4 82853 111 194
435 82791 62 2 82915 62 124
437 82914 60 4 82975 1 61
845 82967 34 2 83009 8 42
988 82908 65 4 83074 101 166
302 82832 65 2 83139 242 307
680 83094 44 1 83183 45 89
232 83158 93 3 83276 25 118
968 83236 56 4 83332 40 96
547 83278 63 4 83395 54 117
688 83459 79 2 83538 0 79
520 83564 66 2 83630 0 66
53 83677 71 3 83748 0 71
188 83719 24 4 83772 29 53
95 83679 51 4 83823 93 144
819 83679 65 4 83888 144 209
462 83912 37 3 83949 0 37
665 83939 69 2 84018 10 79
148 83917 70 4 84088 101 171
365 84177 81 4 84258 0 81
701 84189 37 4 84295 69 106
202 84196 56 4 84351 99 155
849 84240 61 3 84412 111 172
964 84279 63 2 84475 133 196
191 84495 59 3 84554 0 59
590 84511 54 1 84608 43 97
448 84592 46 2 84654 16 62
561 84721 85 4 84806 0 85
704 84792 27 2 84833 14 41
582 84998 75 1 85073 0 75
357 85048 39 3 85112 25 64
433 85080 45 4 85157 32 77
427 85008 54 2 85211 149 203
22 85132 63 2 85274 79 142
891 85239 41 4 85315 35 76
924 85238 52 4 85367 77 129
682 85138 63 2 85430 229 292
244 85242 64 4 85494 188 252
658 85460 57 4 85551 34 91
724 85535 63 3 85614 16 79
779 85042 77 4 85691 572 649
569 85794 77 1 85871 0 77
890 85851 63 4 85934 20 83
268 85930 55 2 85989 4 59
892 85935 76 2 86065 54 130
306 86154 54 3 86208 0 54
73 86210 32 4 86242 0 32
299 86211 42 1 86284 31 73
225 86272 98 4 86382 12 110
706 86452 30 4 86482 0 30
629 86469 40 1 86522 13 53
301 86496 86 1 86608 26 112
234 86570 99 4 86707 38 137
34 86626 59 2 86766 81 140
137 86699 86 3 86852 67 153
341 86836 54 4 86906 16 70
296 86929 45 3 86974 0 45
262 86952 41 3 87015 22 63
986 87058 53 2 87111 0 53
681 87097 86 2 87197 14 100
786 87120 43 3 87240 77 120
345 87191 44 4 87284 49 93
7 87284 34 4 87318 0 34
209 87146 58 4 87376 172 230
123 87365 46 4 87422 11 57
118 87150 59 2 87481 272 331
325 87419 65 3 87546 62 127
522 87524 41 3 87587 22 63
927 87541 62 4 87649 46 108
810 87523 64 4 87713 126 190
385 87325 68 3 87781 388 456
166 87750 43 3 87824 31 74
506 87334 70 1 87894 490 560
363 87851 60 4 87954 43 103
719 87935 36 4 87990 19 55
87 87298 72 4 88062 692 764
949 87600 77 4 88139 462 539
177 88078 60 2 88199 61 121
152 88172 62 3 88261 27 89
168 87632 81 4 88342 629 710
785 88309 72 1 88414 33 105
461 88376 55 4 88469 38 93
195 88367 58 3 88527 102 160
425 88412 70 4 88597 115 185
512 88529 48 4 88645 68 116
660 88591 69 3 88714 54 123
446 88447 70 4 88784 267 337
912 88678 78 4 88862 106 184
908 88072 84 4 88946 790 874
579 88919 76 3 89022 27 103
871 88960 27 4 89049 62 89
491 89042 49 3 89098 7 56
204 88975 67 3 89165 123 190
390 89160 59 4 89224 5 64
78 89172 31 3 89255 52 83
675 89239 42 1 89297 16 58
349 89259 59 4 89356 38 97
708 89345 61 4 89417 11 72
813 88718 84 4 89501 699 783
332 89424 42 3 89543 77 119
564 89533 74 2 89617 10 84
170 89518 79 2 89696 99 178
58 87267 84 3 89780 2429 2513
387 89776 59 4 89839 4 63
255 89697 68 3 89907 142 210
981 89898 60 3 89967 9 69
650 89845 65 3 90032 122 187
789 89722 83 2 90115 310 393
51 90051 37 4 90152 64 101
767 90133 71 4 90223 19 90
533 90215 50 4 90273 8 58
176 89618 97 4 90370 655 752
838 89805 100 4 90470 565 665
290 90378 58 2 90528 92 150
408 90516 80 4 90608 12 92
1 90546 55 4 90663 62 117
593 90635 52 4 90715 28 80
43 90672 51 2 90766 43 94
524 90734 50 3 90816 32 82
21 90774 47 3 90863 42 89
752 90570 58 4 90921 293 351
636 90889 45 4 90966 32 77
68 90946 39 3 91005 20 59
288 90776 63 4 91068 229 292
502 90833 66 2 91134 235 301
33 91119 67 4 91201 15 82
89 91142 52 1 91253 59 111
355 91234 60 2 91313 19 79
490 91189 68 4 91381 124 192
295 91377 67 3 91448 4 71
821 90559 68 2 91516 889 957
736 91516 45 2 91561 0 45
674 91449 54 2 91615 112 166
83 91531 59 3 91674 84 143
55 91526 62 3 91736 148 210
790 91698 37 2 91773 38 75
35 90742 70 4 91843 1031 1101
684 91652 73 2 91916 191 264
80 91846 49 3 91965 70 119
568 91852 51 4 92016 113 164
105 91847 62 2 92078 169 231
775 90725 75 4 92153 1353 1428
140 92105 39 4 92192 48 87
260 92186 47 2 92239 6 53
328 92172 57 2 92296 67 124
655 92173 57 1 92353 123 180
294 92343 44 3 92397 10 54
508 92366 47 3 92444 31 78
485 92266 64 4 92508 178 242
66 92265 65 2 92573 243 308
879 92157 68 3 92641 416 484
727 92612 52 4 92693 29 81
711 92669 46 1 92739 24 70
100 92684 61 2 92800 55 116
637 92678 69 1 92869 122 191
226 92869 38 3 92907 0 38
945 92888 61 4 92968 19 80
335 92967 53 3 93021 1 54
139 92948 57 4 93078 73 130
690 92838 71 4 93149 240 311
852 92595 71 2 93220 554 625
111 93173 64 4 93284 47 111
795 91311 75 4 93359 1973 2048
352 93308 63 4 93422 51 114
621 93321 71 2 93493 101 172
889 93483 38 1 93531 10 48
532 93468 50 4 93581 63 113
937 90874 79 4 93660 2707 2786
634 91465 79 1 93739 2195 2274
452 93681 67 4 93806 58 125
607 93776 51 1 93857 30 81
556 91750 80 4 93937 2107 2187
369 93915 35 4 93972 22 57
343 93953 41 3 94013 19 60
574 93885 49 1 94062 128 177
153 93972 57 4 94119 90 147
237 93935 64 3 94183 184 248
783 94124 55 2 94238 59 114
898 94230 34 4 94272 8 42
794 94209 48 3 94320 63 111
628 94223 64 4 94384 97 161
761 94345 47 4 94431 39 86
67 94419 58 1 94489 12 70
85 94476 44 3 94533 13 57
185 94449 52 2 94585 84 136
546 94519 72 4 94657 66 138
421 94464 73 2 94730 193 266
63 93964 75 4 94805 766 841
126 94785 54 3 94859 20 74
182 94812 51 3 94910 47 98
406 94860 55 2 94965 50 105
787 94875 63 4 95028 90 153
460 94555 75 3 95103 473 548
273 93914 75 1 95178 1189 1264
860 95124 72 4 95250 54 126
24 95238 20 3 95270 12 32
903 95198 50 2 95320 72 122
239 95278 43 4 95363 42 85
193 95347 64 2 95427 16 80
828 95409 64 2 95491 18 82
935 95364 72 3 95563 127 199
418 95380 76 4 95639 183 259
228 95602 57 4 95696 37 94
962 94347 79 4 95775 1349 1428
886 95742 46 3 95821 33 79
526 95797 53 4 95874 24 77
505 95750 75 3 95949 124 199
757 95903 67 4 96016 46 113
372 95997 59 3 96075 19 78
847 96005 61 3 96136 70 131
973 96122 49 3 96185 14 63
276 96115 50 2 96235 70 120
759 96092 52 3 96287 143 195
479 95963 61 1 96348 324 385
444 96056 66 3 96414 292 358
723 96407 61 4 96475 7 68
978 96381 72 4 96547 94 166
516 96543 57 4 96604 4 61
401 96511 64 4 96668 93 157
184 96583 70 3 96738 85 155
730 96677 63 4 96801 61 124
567 96326 72 2 96873 475 547
208 96056 77 2 96950 817 894
333 96506 78 4 97028 444 522
552 95740 79 4 97107 1288 1367
41 93882 79 2 97186 3225 3304
327 97153 48 4 97234 33 81
915 95808 79 2 97313 1426 1505
442 93903 79 1 97392 3410 3489
129 97391 52 4 97444 1 53
42 97400 38 3 97482 44 82
486 97417 55 3 97537 65 120
878 97496 59 3 97596 41 100
12 97554 63 3 97659 42 105
729 97347 73 3 97732 312 385
440 97709 48 4 97780 23 71
383 97667 56 2 97836 113 169
489 97673 57 2 97893 163 220
473 97887 37 4 97930 6 43
746 97797 61 3 97991 133 194
277 97968 64 2 98055 23 87
256 97597 76 1 98131 458 534
587 93139 80 3 98211 4992 5072
94 98197 42 4 98253 14 56
223 96671 81 1 98334 1582 1663
662 98292 35 4 98369 42 77
766 98266 52 4 98421 103 155
926 98386 37 1 98458 35 72
197 98400 57 4 98515 58 115
269 98311 62 3 98577 204 266
248 98479 67 3 98644 98 165
936 98587 64 1 98708 57 121
90 98353 74 2 98782 355 429
748 98710 71 3 98853 72 143
857 98361 79 3 98932 492 571
271 98900 62 3 98994 32 94
578 98934 72 2 99066 60 132
392 91786 84 4 99150 7280 7364
839 99094 69 3 99219 56 125
667 99188 63 4 99282 31 94
812 99235 22 4 99304 47 69
909 99224 37 2 99341 80 117
798 99296 61 4 99402 45 106
315 99358 70 3 99472 44 114
576 99430 78 3 99550 42 120
60 99483 44 4 99594 67 111
19 99576 58 2 99652 18 76
165 99614 45 3 99697 38 83
103 99673 48 1 99745 24 72
121 99743 21 4 99766 2 23
804 99541 62 3 99828 225 287
391 99730 75 4 99903 98 173
887 99185 82 4 99985 718 800
896 91459 84 4 100069 8526 8610
873 97842 84 4 100153 2227 2311
307 90782 85 3 100238 9371 9456
399 97802 85 1 100323 2436 2521
647 99865 86 3 100409 458 544
531 91318 86 3 100495 9091 9177
954 98808 87 4 100582 1687 1774
496 91379 88 2 100670 9203 9291
528 94927 89 4 100759 5743 5832
119 96034 89 3 100848 4725 4814
474 97401 93 2 100941 3447 3540
251 90903 95 4 101036 10038 10133
709 90999 95 2 101131 10037 10132
778 92674 99 4 101230 8457 8556
713 99405 100 3 101330 1825 1925
378 92626 100 1 101430 8704 8804
