100358 1000 133 86
504 3171 58 4 3229 0 58
736 6638 69 4 6707 0 69
950 7586 43 1 7629 0 43
695 8720 48 1 8768 0 48
87 8833 66 1 8899 0 66
184 9150 25 4 9175 0 25
657 9938 35 4 9973 0 35
733 10282 36 4 10318 0 36
1 10348 71 4 10419 0 71
393 12722 50 4 12772 0 50
418 12800 30 4 12830 0 30
366 13021 20 4 13041 0 20
597 13465 52 3 13517 0 52
715 14477 41 4 14518 0 41
403 14914 36 2 14950 0 36
485 15176 50 2 15226 0 50
378 15436 35 4 15471 0 35
627 15499 72 4 15571 0 72
613 15671 26 3 15697 0 26
593 15888 32 4 15920 0 32
526 16149 20 2 16169 0 20
578 16213 51 4 16264 0 51
350 17183 29 4 17212 0 29
186 17703 30 3 17733 0 30
74 18253 47 4 18300 0 47
863 18348 40 2 18388 0 40
716 18460 21 1 18481 0 21
105 18576 37 4 18613 0 37
908 19099 38 4 19137 0 38
313 19476 61 3 19537 0 61
743 19477 27 4 19565 61 88
895 19593 36 1 19629 0 36
777 20100 62 3 20162 0 62
290 20283 88 2 20371 0 88
247 21088 31 3 21119 0 31
141 21259 25 4 21284 0 25
441 21333 72 4 21405 0 72
856 21436 53 4 21489 0 53
64 21498 57 3 21555 0 57
159 21574 78 4 21652 0 78
820 21920 54 2 21974 0 54
664 22145 82 4 22227 0 82
381 22591 46 3 22637 0 46
20 22644 28 3 22672 0 28
765 22736 21 3 22757 0 21
725 22962 86 3 23048 0 86
315 23268 76 4 23344 0 76
514 23332 37 4 23382 13 50
924 23405 55 2 23460 0 55
849 23816 73 1 23889 0 73
253 23976 42 2 24018 0 42
475 24203 81 3 24284 0 81
60 24436 48 1 24484 0 48
520 24489 58 3 24547 0 58
213 24558 58 3 24616 0 58
83 24841 26 2 24867 0 26
67 25126 24 3 25150 0 24
945 25203 59 1 25262 0 59
316 25315 79 2 25394 0 79
790 25402 34 3 25436 0 34
795 25545 38 3 25583 0 38
944 25766 55 4 25821 0 55
982 25820 52 3 25874 2 54
466 26233 92 4 26325 0 92
918 26309 46 4 26372 17 63
92 26958 33 2 26991 0 33
407 27260 44 4 27304 0 44
236 27300 61 3 27366 5 66
762 27702 44 2 27746 0 44
611 28079 79 4 28158 0 79
261 28347 21 2 28368 0 21
345 28539 22 4 28561 0 22
427 28750 47 4 28797 0 47
645 28878 87 2 28965 0 87
322 29038 68 4 29106 0 68
549 29317 68 4 29385 0 68
686 29783 24 3 29807 0 24
754 29800 47 3 29855 8 55
748 29891 27 3 29918 0 27
689 29902 25 4 29944 17 42
542 30000 78 4 30078 0 78
453 30055 35 4 30114 24 59
729 30068 24 4 30138 46 70
552 30191 40 4 30231 0 40
984 30242 29 3 30271 0 29
15 30525 47 3 30572 0 47
274 30955 40 2 30995 0 40
968 31383 63 3 31446 0 63
616 31394 81 1 31528 53 134
311 31464 47 2 31576 65 112
411 31516 45 4 31621 60 105
413 31525 42 3 31663 96 138
506 31532 30 3 31694 132 162
306 31935 53 4 31988 0 53
235 31953 69 4 32058 36 105
99 32084 33 4 32117 0 33
511 32238 88 2 32326 0 88
976 32290 76 2 32403 37 113
301 32306 42 4 32445 97 139
639 32581 26 4 32607 0 26
789 32779 28 2 32807 0 28
857 32793 63 4 32871 15 78
517 32795 49 3 32920 76 125
257 33074 35 4 33109 0 35
625 33485 38 4 33523 0 38
354 33519 35 2 33559 5 40
136 33609 47 4 33656 0 47
195 33628 65 1 33722 29 94
198 33708 71 3 33794 15 86
250 33720 25 3 33819 74 99
887 33886 75 4 33961 0 75
679 34039 24 2 34063 0 24
677 34070 60 4 34130 0 60
687 34084 34 4 34165 47 81
181 34177 30 2 34207 0 30
995 34700 52 4 34752 0 52
192 34700 33 3 34785 52 85
929 34736 33 3 34819 50 83
546 34831 63 3 34894 0 63
303 35116 51 4 35167 0 51
327 35381 38 4 35419 0 38
522 35484 83 4 35567 0 83
243 35512 99 3 35667 56 155
936 35574 23 3 35691 94 117
505 35621 25 2 35716 70 95
146 36006 63 3 36069 0 63
111 36012 61 4 36131 58 119
803 36122 38 2 36170 10 48
990 36360 43 1 36403 0 43
970 36838 33 4 36871 0 33
395 36993 97 4 37090 0 97
699 37064 50 4 37141 27 77
431 37110 39 2 37181 32 71
567 37207 40 1 37247 0 40
42 37428 53 4 37481 0 53
45 37628 31 2 37659 0 31
903 37837 24 4 37861 0 24
130 37893 66 4 37959 0 66
498 38086 24 3 38110 0 24
832 38211 64 3 38275 0 64
227 38677 64 4 38741 0 64
672 38694 24 4 38766 48 72
283 38904 36 1 38940 0 36
202 39236 61 3 39297 0 61
294 39421 29 4 39450 0 29
652 39501 32 1 39533 0 32
359 39532 36 2 39570 2 38
884 39638 79 4 39717 0 79
386 39639 53 2 39771 79 132
277 39720 27 1 39799 52 79
825 39768 46 4 39845 31 77
878 39803 23 3 39869 43 66
249 40065 42 3 40107 0 42
52 40198 25 3 40223 0 25
38 40392 53 1 40445 0 53
224 40404 97 3 40543 42 139
390 40409 36 2 40579 134 170
919 40467 68 1 40648 113 181
58 40480 56 3 40704 168 224
47 40504 38 3 40742 200 238
252 40660 83 3 40826 83 166
127 40767 31 3 40858 60 91
180 40799 44 1 40902 59 103
609 41228 29 2 41257 0 29
55 41401 55 3 41456 0 55
796 41420 52 4 41509 37 89
721 41420 72 3 41581 89 161
182 41464 34 4 41616 118 152
349 41521 68 1 41684 95 163
848 41565 42 4 41726 119 161
206 41665 55 4 41782 62 117
913 41689 57 1 41839 93 150
22 41703 31 1 41870 136 167
318 41739 74 3 41945 132 206
516 41939 57 4 42003 7 64
529 42224 82 3 42306 0 82
331 42342 37 1 42379 0 37
592 42351 54 1 42434 29 83
172 42381 56 4 42491 54 110
120 42524 57 4 42581 0 57
50 42537 81 2 42663 45 126
999 42645 42 2 42706 19 61
871 42660 58 3 42764 46 104
885 42922 37 3 42959 0 37
445 42956 67 1 43027 4 71
665 43019 66 4 43094 9 75
298 43204 32 2 43236 0 32
285 43413 71 1 43484 0 71
114 43548 32 3 43580 0 32
154 43568 52 3 43633 13 65
670 43603 52 4 43686 31 83
478 44007 45 4 44052 0 45
30 44162 72 2 44234 0 72
940 44168 94 4 44329 67 161
464 44252 51 3 44381 78 129
226 44270 40 4 44421 111 151
707 44579 21 1 44600 0 21
986 44634 21 3 44655 0 21
137 44650 89 4 44745 6 95
201 44712 50 4 44796 34 84
482 44836 42 4 44878 0 42
189 44846 33 2 44912 33 66
89 44849 79 3 44991 63 142
579 44868 47 3 45038 123 170
268 45093 56 3 45149 0 56
773 45114 37 2 45187 36 73
615 45214 20 3 45234 0 20
766 45395 33 3 45428 0 33
502 45642 25 1 45667 0 25
385 45656 24 3 45692 12 36
655 45671 50 4 45743 22 72
365 45795 54 4 45849 0 54
960 45852 46 1 45898 0 46
899 46019 70 4 46089 0 70
422 46030 87 3 46177 60 147
379 46049 27 3 46204 128 155
399 46165 39 4 46244 40 79
167 46291 32 4 46323 0 32
512 46344 57 4 46401 0 57
865 46408 79 3 46487 0 79
97 46673 63 3 46736 0 63
737 46828 39 4 46867 0 39
533 46893 72 3 46965 0 72
551 46895 51 1 47017 71 122
286 46913 31 4 47048 104 135
540 47180 49 3 47229 0 49
608 47191 24 3 47254 39 63
985 47195 61 4 47315 59 120
961 47296 52 2 47368 20 72
854 47413 45 4 47458 0 45
334 47465 25 2 47490 0 25
361 47488 41 2 47532 3 44
595 47512 52 4 47585 21 73
538 47517 63 1 47648 68 131
894 47518 49 4 47697 130 179
86 47542 36 3 47734 156 192
85 47653 66 3 47800 81 147
152 47725 86 3 47887 76 162
953 48043 79 2 48122 0 79
456 48142 43 3 48185 0 43
569 48361 36 3 48397 0 36
90 48460 63 4 48523 0 63
160 48574 64 3 48638 0 64
791 48697 93 3 48790 0 93
297 48729 46 3 48837 62 108
241 48815 44 4 48882 23 67
880 49063 21 4 49084 0 21
59 49247 29 2 49276 0 29
802 49340 24 4 49364 0 24
71 49349 51 3 49416 16 67
7 50092 67 4 50159 0 67
912 50112 34 4 50194 48 82
640 50188 72 4 50267 7 79
467 50453 95 3 50548 0 95
292 50468 95 4 50644 81 176
429 50514 49 2 50693 130 179
490 50556 48 3 50742 138 186
357 50595 55 2 50797 147 202
548 50604 69 1 50866 193 262
375 50710 26 3 50893 157 183
340 50902 26 3 50928 0 26
77 51059 47 4 51106 0 47
515 51120 36 4 51156 0 36
449 51175 45 3 51220 0 45
622 51216 34 3 51255 5 39
369 51237 27 3 51283 19 46
439 51303 43 4 51346 0 43
122 51351 55 2 51406 0 55
602 51486 53 4 51539 0 53
281 51545 33 4 51578 0 33
244 51711 68 3 51779 0 68
302 51828 32 3 51860 0 32
310 52375 52 3 52427 0 52
51 52419 50 4 52478 9 59
521 52679 41 4 52720 0 41
187 52704 69 4 52790 17 86
614 52753 80 3 52871 38 118
934 53046 50 1 53096 0 50
162 53149 25 2 53174 0 25
744 53229 60 4 53289 0 60
115 53232 63 3 53353 58 121
527 53234 26 1 53379 119 145
575 53285 40 1 53419 94 134
637 53338 42 3 53462 82 124
898 53409 83 3 53545 53 136
588 53589 23 1 53612 0 23
553 53647 49 3 53696 0 49
644 53835 22 3 53857 0 22
36 54005 26 4 54031 0 26
460 54008 76 4 54108 24 100
363 54012 45 3 54153 96 141
128 54019 29 3 54182 134 163
177 54173 31 3 54214 10 41
651 54277 73 4 54350 0 73
987 54287 44 3 54395 64 108
809 54314 35 4 54430 81 116
463 54360 56 4 54487 71 127
954 54418 29 1 54516 69 98
104 54452 59 3 54576 65 124
135 54643 26 1 54669 0 26
245 54707 90 3 54797 0 90
336 54884 55 3 54939 0 55
823 54933 20 3 54960 7 27
889 55011 26 4 55037 0 26
156 55074 44 3 55118 0 44
730 55135 65 4 55200 0 65
338 55173 33 1 55234 28 61
109 55273 50 2 55323 0 50
881 55348 24 3 55372 0 24
532 55412 20 2 55432 0 20
996 55622 94 2 55716 0 94
150 55705 61 3 55778 12 73
782 55874 36 1 55910 0 36
585 55940 24 4 55964 0 24
376 55965 56 4 56021 0 56
921 56095 47 1 56142 0 47
617 56203 60 3 56263 0 60
666 56288 76 3 56364 0 76
776 56329 85 2 56450 36 121
321 56371 76 3 56527 80 156
489 56410 51 3 56578 117 168
98 56411 51 1 56629 167 218
877 56748 39 4 56787 0 39
650 56838 65 3 56903 0 65
355 56839 32 1 56936 65 97
280 57038 22 4 57060 0 22
647 57113 45 2 57158 0 45
893 57178 27 4 57205 0 27
690 57219 61 3 57280 0 61
978 57394 22 3 57416 0 22
902 57495 33 4 57528 0 33
619 57500 30 2 57559 29 59
486 57538 33 3 57593 22 55
444 57577 30 4 57624 17 47
78 57658 66 4 57724 0 66
784 57682 73 2 57798 43 116
219 57685 40 2 57838 113 153
267 57721 55 3 57893 117 172
362 57799 62 3 57956 95 157
621 58022 46 3 58068 0 46
531 58153 61 4 58214 0 61
587 58337 33 4 58370 0 33
168 58455 49 2 58504 0 49
492 58640 56 4 58696 0 56
703 58656 33 3 58730 41 74
299 58762 29 4 58791 0 29
24 58778 67 2 58859 14 81
406 58818 72 3 58932 42 114
828 58835 79 2 59011 97 176
998 58866 64 2 59076 146 210
147 59261 79 4 59340 0 79
374 59295 30 3 59371 46 76
847 59309 35 2 59406 62 97
932 59400 37 3 59444 7 44
780 59478 66 2 59544 0 66
262 59499 45 3 59590 46 91
296 59650 45 3 59695 0 45
835 59715 51 1 59766 0 51
956 59896 29 3 59925 0 29
570 59909 27 4 59953 17 44
214 59941 73 1 60027 13 86
221 59988 70 4 60098 40 110
317 60257 47 4 60304 0 47
739 60314 55 3 60369 0 55
417 60331 79 2 60449 39 118
942 60346 39 3 60488 103 142
239 60550 58 3 60608 0 58
351 60625 58 4 60683 0 58
851 60829 47 3 60876 0 47
746 60835 49 1 60926 42 91
801 60902 34 4 60961 25 59
205 60929 32 4 60994 33 65
817 60973 68 3 61063 22 90
539 60976 54 3 61117 87 141
678 61077 47 3 61165 41 88
356 61240 72 1 61312 0 72
604 61246 52 3 61365 67 119
225 61351 51 3 61417 15 66
792 61461 27 4 61488 0 27
974 61520 46 4 61566 0 46
581 61573 46 1 61619 0 46
806 61598 36 4 61656 22 58
772 61648 62 3 61719 9 71
402 61658 58 3 61778 62 120
642 61765 34 4 61813 14 48
229 61813 64 2 61878 1 65
149 61857 32 4 61911 22 54
763 62052 50 4 62102 0 50
367 62059 27 2 62130 44 71
96 62358 34 4 62392 0 34
468 62565 64 2 62629 0 64
955 62617 69 4 62699 13 82
949 62637 71 4 62771 63 134
508 62641 31 3 62802 130 161
833 62642 45 4 62847 160 205
537 62653 23 4 62870 194 217
586 62682 45 2 62915 188 233
631 62796 58 3 62974 120 178
523 62824 37 4 63011 150 187
131 62835 80 1 63091 176 256
714 62840 25 1 63116 251 276
991 62917 49 1 63166 200 249
794 63001 41 3 63207 165 206
972 63010 26 4 63233 197 223
933 63040 58 3 63291 193 251
684 63054 92 2 63383 237 329
797 63081 44 3 63427 302 346
626 63204 32 3 63460 224 256
450 63206 74 4 63534 254 328
73 63630 39 1 63669 0 39
966 63701 30 2 63731 0 30
975 63727 23 2 63755 5 28
342 63774 76 4 63850 0 76
541 63878 43 3 63921 0 43
197 63896 58 4 63980 26 84
477 64021 43 1 64064 0 43
70 64032 30 3 64095 33 63
680 64100 72 4 64172 0 72
818 64369 22 3 64391 0 22
103 64423 40 4 64463 0 40
495 64470 22 3 64492 0 22
761 64476 25 4 64518 17 42
3 64567 61 3 64628 0 61
370 64600 63 3 64692 29 92
594 64601 62 4 64754 91 153
474 64777 38 3 64815 0 38
49 64779 53 3 64869 37 90
756 64799 31 1 64900 70 101
764 64809 71 3 64971 91 162
37 65001 46 3 65047 0 46
305 65040 81 2 65129 8 89
633 65317 26 4 65343 0 26
783 65419 34 4 65453 0 34
897 65574 53 1 65627 0 53
816 65739 57 1 65796 0 57
706 65757 24 4 65821 40 64
348 65885 41 1 65926 0 41
745 65898 82 2 66009 29 111
254 65969 23 3 66033 41 64
481 65977 76 4 66109 56 132
977 66013 60 2 66170 97 157
54 66095 69 1 66239 75 144
46 66104 66 1 66305 135 201
681 66371 57 4 66428 0 57
371 66388 20 2 66449 41 61
389 66616 37 4 66653 0 37
480 66619 47 1 66701 35 82
394 66776 84 4 66860 0 84
811 66796 74 1 66935 65 139
724 67000 35 4 67035 0 35
719 67003 39 4 67075 33 72
400 67232 27 1 67259 0 27
435 67237 27 4 67287 23 50
804 67261 57 2 67345 27 84
612 67334 43 3 67389 12 55
979 67389 85 3 67475 1 86
68 67535 49 4 67584 0 49
275 67580 54 4 67639 5 59
242 67612 43 3 67683 28 71
43 67673 25 1 67709 11 36
786 67729 71 4 67800 0 71
26 67952 33 2 67985 0 33
279 68004 22 2 68026 0 22
307 68122 73 4 68195 0 73
377 68208 75 4 68283 0 75
483 68331 46 3 68377 0 46
550 68365 66 4 68444 13 79
576 68429 26 3 68471 16 42
332 68490 38 2 68528 0 38
781 68506 60 4 68589 23 83
4 68699 61 2 68760 0 61
396 68825 42 3 68867 0 42
705 69077 68 1 69145 0 68
667 69111 35 1 69181 35 70
107 69202 52 4 69254 0 52
573 69395 74 4 69469 0 74
688 69461 74 3 69544 9 83
487 69493 48 4 69593 52 100
741 69576 64 1 69658 18 82
488 69626 35 4 69694 33 68
993 69644 54 4 69748 50 104
988 69674 73 4 69822 75 148
442 69699 29 3 69851 123 152
266 69733 87 1 69938 118 205
360 69841 67 3 70006 98 165
155 69967 82 4 70089 40 122
753 70022 29 3 70119 68 97
178 70022 30 4 70149 97 127
562 70058 58 3 70207 91 149
101 70160 34 4 70242 48 82
157 70354 21 3 70375 0 21
240 70377 26 4 70403 0 26
704 70393 77 2 70481 11 88
81 70488 26 3 70514 0 26
333 70609 34 4 70643 0 34
937 70661 65 4 70726 0 65
69 70769 51 4 70820 0 51
5 70835 89 2 70924 0 89
693 70876 45 4 70970 49 94
499 70886 39 3 71009 84 123
632 70999 42 3 71052 11 53
911 71178 39 3 71217 0 39
564 71256 83 3 71339 0 83
199 71258 25 2 71365 82 107
671 71305 64 2 71429 60 124
123 71319 25 3 71454 110 135
807 71324 58 2 71512 130 188
866 71351 50 3 71563 162 212
329 71427 22 2 71585 136 158
928 71459 41 1 71626 126 167
618 71568 33 3 71660 59 92
947 71589 40 2 71700 71 111
973 71609 72 4 71772 91 163
222 71656 36 3 71809 117 153
983 71865 41 3 71906 0 41
819 71941 21 4 71962 0 21
596 71981 44 3 72025 0 44
800 71996 41 2 72067 30 71
565 72047 32 4 72100 21 53
543 72109 68 4 72177 0 68
957 72181 60 3 72241 0 60
874 72237 57 4 72299 5 62
166 72250 31 2 72331 50 81
723 72306 30 4 72362 26 56
323 72318 25 2 72387 44 69
405 72377 32 4 72420 11 43
661 72449 31 4 72480 0 31
829 72503 26 3 72529 0 26
992 72596 25 4 72621 0 25
844 72627 36 1 72663 0 36
56 72703 67 2 72770 0 67
838 72975 23 3 72998 0 23
263 73017 65 4 73082 0 65
728 73184 38 3 73222 0 38
484 73296 42 2 73338 0 42
510 73444 26 4 73470 0 26
134 73490 21 2 73511 0 21
113 73509 42 3 73554 3 45
308 73519 37 2 73592 36 73
920 73571 72 4 73665 22 94
497 73616 22 4 73688 50 72
774 73728 77 4 73805 0 77
591 73902 79 3 73981 0 79
981 74157 87 2 74244 0 87
558 74196 33 2 74278 49 82
952 74203 57 2 74335 75 132
476 74247 49 4 74385 89 138
401 74306 94 2 74479 79 173
424 74311 68 3 74547 168 236
143 74418 57 1 74605 130 187
196 74481 23 4 74628 124 147
769 74528 83 3 74711 100 183
965 74632 33 3 74745 80 113
755 74678 49 4 74794 67 116
428 74687 91 2 74885 107 198
759 74951 58 4 75009 0 58
454 75118 32 4 75150 0 32
994 75131 78 3 75229 20 98
980 75160 34 3 75264 70 104
767 75323 26 4 75349 0 26
757 75399 57 2 75456 0 57
535 75533 57 4 75590 0 57
910 75599 36 3 75635 0 36
404 75770 28 2 75798 0 28
700 75793 55 4 75854 6 61
397 75812 40 1 75895 43 83
175 75933 24 2 75957 0 24
237 75957 22 1 75980 1 23
469 76026 36 1 76062 0 36
335 76032 65 3 76128 31 96
173 76153 38 3 76191 0 38
813 76168 21 4 76213 24 45
563 76225 25 4 76250 0 25
282 76378 48 1 76426 0 48
697 76469 65 4 76534 0 65
382 76495 71 3 76606 40 111
923 76507 27 3 76633 99 126
831 76552 50 4 76684 82 132
917 76581 98 3 76782 103 201
799 76588 35 2 76817 194 229
63 76626 28 3 76845 191 219
628 76642 35 4 76881 204 239
494 76712 32 3 76913 169 201
859 76797 40 1 76953 116 156
108 77030 24 3 77054 0 24
479 77153 38 3 77191 0 38
624 77207 87 4 77294 0 87
415 77300 24 3 77324 0 24
216 77617 26 3 77643 0 26
372 77779 59 3 77838 0 59
473 77779 60 4 77898 59 119
629 77807 64 2 77963 92 156
648 77867 25 4 77988 96 121
200 77901 34 3 78023 88 122
44 77994 23 3 78047 30 53
852 78066 43 2 78109 0 43
948 78143 38 1 78181 0 38
720 78168 79 4 78261 14 93
927 78221 22 3 78284 41 63
204 78275 85 4 78370 10 95
673 78342 54 3 78425 29 83
547 78471 28 4 78499 0 28
185 78594 48 1 78642 0 48
964 78633 25 4 78668 10 35
855 78710 44 4 78754 0 44
939 78740 30 4 78785 15 45
907 78803 21 4 78824 0 21
80 78838 77 3 78915 0 77
610 78909 79 4 78995 7 86
641 79078 54 4 79132 0 54
126 79090 34 3 79167 43 77
12 79111 40 3 79207 56 96
734 79182 62 2 79270 26 88
408 79256 22 1 79293 15 37
358 79265 35 4 79328 28 63
276 79302 25 4 79354 27 52
209 79329 26 3 79380 25 51
959 79364 28 3 79409 17 45
457 79375 61 4 79470 34 95
28 79465 32 2 79503 6 38
18 79516 60 4 79576 0 60
630 79537 45 3 79622 40 85
864 79597 43 3 79666 26 69
432 79717 30 3 79747 0 30
583 79722 43 4 79791 26 69
623 79922 21 2 79943 0 21
53 79926 23 2 79967 18 41
194 80011 29 2 80040 0 29
309 80018 38 4 80079 23 61
93 80052 29 2 80109 28 57
116 80096 35 3 80145 14 49
620 80138 24 4 80170 8 32
269 80138 95 3 80265 32 127
869 80210 74 2 80340 56 130
2 80221 29 4 80369 119 148
337 80261 20 2 80389 108 128
717 80303 68 3 80458 87 155
284 80427 47 4 80506 32 79
304 80433 23 1 80529 73 96
732 80522 64 3 80594 8 72
246 80589 43 4 80638 6 49
100 80619 33 4 80672 20 53
118 80679 33 3 80712 0 33
139 80682 50 4 80763 31 81
414 80752 50 3 80814 12 62
926 80764 53 3 80867 50 103
938 80809 68 4 80936 59 127
179 81168 24 4 81192 0 24
779 81315 47 3 81362 0 47
503 81376 78 4 81454 0 78
368 81474 82 2 81556 0 82
446 81498 37 3 81594 59 96
643 81837 33 3 81870 0 33
603 81914 55 4 81969 0 55
879 81914 36 2 82005 55 91
556 81933 48 2 82054 73 121
278 81944 60 4 82114 110 170
941 82002 35 3 82149 112 147
528 82049 92 4 82242 101 193
16 82140 71 4 82313 102 173
808 82240 39 4 82353 74 113
273 82259 33 1 82386 94 127
223 82456 75 4 82531 0 75
525 82562 78 4 82640 0 78
727 82603 41 3 82682 38 79
555 82696 33 4 82729 0 33
997 82760 25 1 82785 0 25
129 82798 23 2 82821 0 23
605 82884 23 4 82907 0 23
513 82927 47 3 82974 0 47
827 83072 28 4 83100 0 28
9 83182 77 3 83259 0 77
220 83290 60 3 83350 0 60
465 83327 47 4 83398 24 71
258 83416 58 1 83474 0 58
768 83421 47 4 83522 54 101
19 83421 79 4 83601 101 180
876 83436 53 4 83654 165 218
66 83455 23 4 83677 199 222
962 83476 28 3 83706 202 230
319 83494 30 4 83736 212 242
989 83555 52 4 83788 181 233
398 83703 26 4 83815 86 112
708 83706 68 2 83883 109 177
493 83712 54 4 83937 171 225
571 83752 21 3 83958 185 206
822 83779 67 4 84025 179 246
228 83882 32 2 84058 144 176
416 83886 35 4 84093 172 207
57 84162 31 3 84193 0 31
324 84249 67 4 84316 0 67
341 84355 77 4 84432 0 77
914 84395 58 4 84491 38 96
872 84422 55 1 84546 69 124
860 84425 66 3 84612 121 187
353 84496 34 4 84647 117 151
344 84700 42 4 84742 0 42
210 84744 70 4 84814 0 70
726 84873 29 3 84902 0 29
148 84957 24 4 84981 0 24
969 85018 42 2 85060 0 42
589 85092 46 3 85138 0 46
34 85118 30 2 85169 21 51
584 85343 91 4 85434 0 91
931 85419 40 4 85475 16 56
270 85439 65 2 85541 37 102
13 85489 20 2 85562 53 73
850 85498 31 1 85593 64 95
775 85521 47 3 85640 72 119
805 85599 28 4 85669 42 70
598 85619 21 2 85690 50 71
500 85700 46 2 85746 0 46
437 85811 26 3 85837 0 26
312 85886 60 3 85946 0 60
106 85932 26 2 85973 15 41
82 86014 26 3 86040 0 26
599 86068 30 2 86098 0 30
14 86099 66 4 86165 0 66
649 86186 52 4 86238 0 52
839 86328 26 1 86354 0 26
161 86412 23 1 86435 0 23
566 86502 27 4 86529 0 27
347 86563 52 4 86615 0 52
188 86608 70 3 86686 8 78
861 86649 40 4 86727 38 78
692 86693 35 1 86763 35 70
507 86717 34 4 86797 46 80
718 86741 64 4 86862 57 121
88 86780 20 3 86882 82 102
943 86816 34 4 86917 67 101
256 86820 54 4 86971 97 151
853 86849 38 2 87009 122 160
713 86854 57 3 87066 155 212
410 86919 28 1 87095 148 176
110 87057 76 1 87171 38 114
826 87144 68 3 87240 28 96
890 87171 25 2 87265 69 94
423 87217 79 4 87345 49 128
8 87288 77 3 87423 58 135
906 87330 26 3 87449 93 119
145 87340 21 3 87470 109 130
232 87385 51 3 87522 86 137
443 87428 22 3 87544 94 116
653 87598 79 3 87677 0 79
212 87615 74 3 87752 63 137
383 87633 33 2 87785 119 152
702 87662 47 1 87832 123 170
211 87707 81 3 87914 126 207
409 87712 36 4 87950 202 238
461 87775 79 3 88029 175 254
27 87798 53 3 88082 231 284
971 87804 44 2 88126 278 322
119 87826 49 2 88175 300 349
536 87968 30 3 88206 208 238
669 88071 71 3 88277 135 206
328 88120 50 3 88327 157 207
582 88130 49 4 88376 197 246
731 88360 29 2 88406 17 46
438 88406 29 1 88436 1 30
930 88508 82 3 88590 0 82
330 88513 68 3 88659 78 146
426 88528 51 4 88710 131 182
892 88760 59 4 88819 0 59
710 88858 49 4 88907 0 49
140 89051 42 4 89093 0 42
164 89056 21 1 89115 38 59
509 89095 39 4 89155 21 60
23 89115 89 4 89244 40 129
138 89151 76 4 89321 94 170
901 89161 34 4 89355 160 194
448 89250 25 4 89381 106 131
300 89304 21 4 89402 77 98
40 89355 43 2 89445 47 90
691 89412 52 2 89498 34 86
11 89440 87 4 89585 58 145
696 89495 39 3 89625 91 130
470 89500 35 2 89660 125 160
183 89546 72 2 89732 114 186
815 89594 30 4 89763 139 169
142 89643 40 3 89803 120 160
124 89688 45 3 89848 115 160
674 89736 49 2 89898 113 162
259 89899 61 3 89960 0 61
751 89918 28 3 89989 43 71
843 89965 29 4 90019 25 54
260 89998 44 3 90064 22 66
433 90101 48 3 90149 0 48
125 90127 58 3 90208 23 81
600 90150 63 3 90271 58 121
742 90153 49 3 90321 119 168
635 90207 25 2 90346 114 139
935 90265 50 4 90396 81 131
963 90312 27 2 90424 85 112
425 90320 21 2 90445 104 125
255 90323 39 1 90484 122 161
675 90332 43 3 90527 152 195
524 90361 32 4 90559 166 198
778 90455 79 4 90639 105 184
518 90465 48 3 90687 174 222
31 90504 32 2 90719 183 215
793 90508 94 4 90813 211 305
785 90546 74 2 90887 267 341
821 90612 81 3 90969 276 357
79 90633 34 3 91003 336 370
557 90634 70 4 91073 369 439
132 90641 48 1 91121 432 480
561 90697 48 2 91169 424 472
534 90702 33 3 91202 467 500
660 90846 28 4 91230 356 384
560 90847 43 3 91273 383 426
462 90855 63 4 91336 418 481
48 90871 74 3 91410 465 539
291 90880 81 4 91491 530 611
694 91029 63 4 91555 463 526
735 91037 23 3 91578 518 541
896 91053 38 4 91616 525 563
436 91123 36 4 91652 493 529
248 91137 24 1 91676 515 539
574 91143 64 4 91740 533 597
701 91170 50 3 91790 570 620
634 91187 85 3 91875 603 688
288 91202 51 4 91926 673 724
75 91298 39 3 91965 628 667
174 91317 65 4 92030 648 713
916 91415 27 3 92057 615 642
870 91540 56 1 92114 518 574
738 91612 59 4 92173 502 561
1000 91718 37 2 92210 455 492
458 91739 80 3 92290 471 551
471 91763 92 4 92382 527 619
287 91814 28 3 92410 568 596
577 91849 40 3 92450 561 601
712 91968 52 4 92502 482 534
663 92068 37 3 92540 435 472
326 92080 50 3 92590 460 510
749 92081 35 3 92625 509 544
656 92275 38 3 92663 350 388
29 92358 75 4 92738 305 380
25 92414 35 2 92773 324 359
76 92445 45 4 92818 328 373
165 92623 61 3 92880 196 257
888 92655 24 4 92904 225 249
875 92734 52 4 92956 170 222
841 92755 84 3 93040 201 285
72 92827 64 3 93105 214 278
430 92891 91 1 93196 214 305
387 92928 83 4 93279 268 351
271 92963 39 3 93318 316 355
39 93053 51 4 93370 266 317
434 93053 61 3 93431 317 378
171 93056 28 3 93459 375 403
346 93109 36 4 93495 350 386
388 93136 32 3 93527 359 391
770 93164 33 4 93560 363 396
472 93264 20 4 93580 296 316
676 93403 39 3 93620 178 217
170 93553 76 4 93696 67 143
238 93555 33 4 93729 141 174
915 93607 23 1 93753 123 146
41 93621 42 2 93795 132 174
230 93626 46 2 93841 169 215
842 93701 21 3 93862 140 161
455 93771 38 4 93901 92 130
771 93831 21 4 93922 70 91
837 93870 62 1 93985 53 115
554 93958 33 3 94019 28 61
638 93976 77 4 94096 43 120
530 93979 93 3 94189 117 210
840 93991 75 4 94265 199 274
169 94016 32 3 94297 249 281
758 94083 20 2 94317 214 234
121 94088 26 3 94343 229 255
868 94113 37 4 94380 230 267
112 94242 23 3 94404 139 162
373 94252 41 2 94445 152 193
845 94287 52 4 94497 158 210
967 94301 64 1 94561 196 260
459 94363 38 4 94599 198 236
883 94395 40 3 94640 205 245
858 94433 52 1 94692 207 259
873 94471 69 1 94761 221 290
391 94632 33 2 94795 130 163
636 94640 73 4 94868 155 228
452 94791 91 4 94960 78 169
946 94874 57 4 95018 87 144
233 94883 32 3 95050 135 167
151 94900 60 3 95110 150 210
496 94937 25 3 95135 173 198
830 94974 49 3 95185 162 211
646 95146 67 4 95253 40 107
295 95160 58 3 95311 93 151
846 95203 34 4 95346 109 143
364 95235 47 4 95393 111 158
834 95238 65 3 95458 155 220
264 95245 52 1 95510 213 265
6 95251 31 3 95541 259 290
234 95285 27 4 95568 256 283
10 95297 25 3 95593 271 296
203 95315 54 4 95648 279 333
144 95320 45 1 95693 328 373
909 95415 29 4 95722 278 307
35 95457 39 3 95761 265 304
231 95540 53 3 95814 221 274
158 95540 57 3 95871 274 331
958 95559 55 2 95926 312 367
352 95590 55 3 95981 336 391
685 95626 70 3 96052 356 426
343 95666 22 3 96074 386 408
886 95743 58 3 96132 331 389
117 95789 25 3 96157 343 368
320 95795 59 4 96216 362 421
339 95802 25 1 96241 414 439
251 95820 36 4 96277 421 457
580 95892 56 3 96333 385 441
740 95955 24 3 96357 378 402
606 95976 24 4 96381 381 405
84 96095 57 2 96439 287 344
750 96112 42 3 96481 327 369
568 96126 28 1 96509 355 383
891 96156 73 3 96582 353 426
176 96181 59 1 96641 401 460
384 96235 41 2 96682 406 447
810 96288 30 4 96712 394 424
451 96299 90 2 96802 413 503
722 96317 45 3 96847 485 530
682 96368 65 4 96912 479 544
61 96448 63 2 96976 465 528
798 96511 28 3 97004 465 493
824 96524 24 4 97028 480 504
545 96575 54 3 97082 453 507
607 96592 21 2 97103 490 511
190 96593 75 3 97178 510 585
62 96609 21 4 97199 569 590
215 96628 44 4 97243 571 615
217 96784 21 3 97264 459 480
698 96879 47 4 97311 385 432
900 96952 30 4 97342 360 390
658 97048 33 4 97375 294 327
265 97198 24 4 97399 177 201
207 97229 24 1 97423 170 194
289 97445 34 4 97479 0 34
882 97490 33 3 97523 0 33
787 97491 77 4 97601 33 110
836 97559 63 1 97665 43 106
392 97561 75 2 97740 104 179
208 97566 34 4 97774 174 208
419 97577 32 4 97806 197 229
218 97585 39 3 97845 221 260
193 97586 43 1 97888 259 302
659 97619 33 3 97922 270 303
905 97707 21 4 97943 215 236
601 97826 44 2 97987 117 161
293 97930 22 2 98010 58 80
544 98034 45 4 98079 0 45
760 98140 64 2 98204 0 64
590 98165 81 3 98286 40 121
814 98209 22 4 98309 78 100
922 98226 39 2 98348 83 122
447 98232 30 3 98378 116 146
668 98260 45 1 98423 118 163
683 98409 88 4 98512 15 103
752 98447 50 3 98563 66 116
812 98458 42 1 98605 105 147
951 98471 52 3 98657 134 186
420 98533 50 3 98708 125 175
788 98551 39 2 98747 157 196
191 98598 61 4 98808 149 210
440 98638 82 3 98890 170 252
711 98734 60 2 98951 157 217
65 98829 35 4 98986 122 157
272 98831 49 3 99035 155 204
421 98879 32 2 99067 156 188
133 98949 36 2 99104 119 155
33 99013 45 2 99149 91 136
21 99040 33 4 99182 109 142
654 99069 57 4 99240 114 171
662 99091 37 2 99277 149 186
904 99161 56 4 99333 116 172
102 99197 63 4 99397 137 200
95 99312 27 3 99424 85 112
501 99351 72 4 99497 74 146
559 99376 55 1 99552 121 176
519 99408 78 1 99630 144 222
491 99419 32 3 99662 211 243
94 99421 22 2 99684 241 263
380 99432 64 3 99749 253 317
314 99463 72 4 99821 286 358
572 99540 57 4 99878 281 338
925 99578 31 4 99909 300 331
153 99656 44 4 99953 253 297
412 99657 23 3 99976 296 319
709 99679 38 3 100014 297 335
91 99692 20 2 100035 323 343
163 99797 69 4 100104 238 307
17 99857 44 4 100148 247 291
32 99913 50 2 100198 235 285
747 99941 49 4 100247 257 306
867 99945 34 2 100281 302 336
325 99949 39 4 100320 332 371
862 99953 38 2 100358 367 405
