108559 1000 2063 1989
403 3723 62 4 3785 0 62
899 3724 68 2 3854 62 130
239 4102 71 2 4173 0 71
865 5222 42 3 5264 0 42
931 5844 64 4 5908 0 64
378 6049 79 3 6128 0 79
921 6374 93 4 6467 0 93
599 6680 42 4 6722 0 42
985 7008 74 3 7082 0 74
245 7528 22 1 7550 0 22
364 7827 92 3 7919 0 92
625 9062 85 4 9147 0 85
26 9629 90 2 9719 0 90
157 9799 49 4 9848 0 49
783 11098 89 4 11187 0 89
546 12022 30 3 12052 0 30
192 12114 95 2 12209 0 95
284 12740 64 1 12804 0 64
737 13496 55 1 13551 0 55
193 13608 38 4 13646 0 38
895 14336 99 2 14435 0 99
366 14845 94 3 14939 0 94
871 15168 63 1 15231 0 63
96 15374 93 4 15467 0 93
39 15652 95 3 15747 0 95
510 15970 57 3 16027 0 57
524 16543 39 4 16582 0 39
243 16548 81 2 16664 35 116
752 17046 98 1 17144 0 98
138 17444 65 4 17509 0 65
491 17570 94 3 17664 0 94
212 17579 84 4 17749 86 170
286 17596 90 4 17839 153 243
642 17655 70 2 17909 184 254
279 18664 77 3 18741 0 77
930 18851 85 4 18936 0 85
455 18974 47 4 19021 0 47
770 19429 98 4 19527 0 98
158 19493 97 2 19625 35 132
288 19548 73 1 19699 78 151
499 19616 69 4 19768 83 152
948 19895 95 3 19990 0 95
333 20293 44 4 20337 0 44
834 20336 77 4 20415 2 79
909 20360 82 3 20498 56 138
773 20420 84 1 20583 79 163
617 20858 86 4 20944 0 86
266 21058 71 4 21129 0 71
133 21266 91 1 21357 0 91
652 21682 63 2 21745 0 63
233 22551 94 3 22645 0 94
763 22977 31 3 23008 0 31
855 23071 87 4 23158 0 87
758 23450 96 4 23546 0 96
101 23532 85 3 23632 15 100
959 23880 85 3 23965 0 85
211 23955 90 4 24056 11 101
8 24205 87 3 24292 0 87
216 24319 85 4 24404 0 85
275 24356 87 3 24492 49 136
144 24384 88 4 24580 108 196
222 24403 75 4 24655 177 252
146 24864 69 2 24933 0 69
541 24977 55 3 25032 0 55
292 25620 52 4 25672 0 52
324 25622 70 4 25743 51 121
845 25780 68 2 25848 0 68
9 25953 42 3 25995 0 42
920 26107 87 2 26194 0 87
646 26607 59 4 26666 0 59
543 26679 46 2 26725 0 46
748 26939 88 3 27027 0 88
532 27080 36 2 27116 0 36
641 27094 66 2 27183 23 89
850 27116 30 3 27213 67 97
610 27122 48 2 27262 92 140
276 27418 78 4 27496 0 78
854 27566 66 3 27632 0 66
530 27622 49 1 27682 11 60
214 27809 48 2 27857 0 48
19 28266 62 3 28328 0 62
477 28926 92 4 29018 0 92
898 28944 47 4 29066 75 122
766 29124 70 2 29194 0 70
803 29226 36 3 29262 0 36
32 29300 96 3 29396 0 96
645 29599 100 2 29699 0 100
506 29608 95 4 29795 92 187
554 29712 92 2 29888 84 176
17 29824 95 4 29984 65 160
644 30557 91 2 30648 0 91
356 30692 82 4 30774 0 82
648 30753 63 2 30838 22 85
468 30756 97 1 30935 82 179
797 31051 61 2 31112 0 61
705 31061 58 3 31171 52 110
381 31678 77 1 31755 0 77
970 31723 62 4 31818 33 95
373 31751 48 4 31866 67 115
517 31907 82 3 31989 0 82
965 31955 90 4 32080 35 125
972 32045 84 3 32165 36 120
441 32503 73 2 32576 0 73
446 32505 91 4 32668 72 163
156 32523 85 2 32753 145 230
125 32918 93 3 33011 0 93
130 33258 93 4 33351 0 93
344 33266 77 4 33429 86 163
585 33684 79 3 33763 0 79
323 33690 39 2 33803 74 113
518 33753 52 3 33855 50 102
960 33754 59 2 33914 101 160
751 33821 58 3 33973 94 152
843 33881 29 3 34002 92 121
605 33942 71 3 34074 61 132
301 34041 96 3 34171 34 130
566 34206 92 4 34298 0 92
355 34307 91 1 34398 0 91
673 34315 87 2 34486 84 171
713 34580 44 4 34624 0 44
675 34631 46 4 34677 0 46
727 34975 69 4 35044 0 69
653 35060 97 4 35157 0 97
451 35172 99 3 35271 0 99
600 35195 94 4 35366 77 171
14 35287 90 1 35457 80 170
265 35295 66 1 35523 162 228
755 35550 66 1 35616 0 66
632 35614 54 4 35671 3 57
521 35697 44 3 35741 0 44
16 35898 89 4 35987 0 89
246 35930 98 4 36086 58 156
988 36047 82 3 36169 40 122
509 36131 81 4 36251 39 120
659 36237 79 2 36331 15 94
149 36320 71 4 36403 12 83
793 36339 43 3 36447 65 108
639 36821 97 3 36918 0 97
952 37044 59 3 37103 0 59
166 37072 92 4 37196 32 124
910 37327 24 3 37351 0 24
33 37364 90 4 37454 0 90
155 37436 59 2 37514 19 78
433 37649 41 4 37690 0 41
305 37981 73 4 38054 0 73
128 38061 99 2 38160 0 99
505 38188 78 3 38266 0 78
627 38210 100 3 38367 57 157
172 38339 54 3 38422 29 83
626 38506 89 2 38595 0 89
553 38511 99 3 38695 85 184
933 38588 53 1 38748 107 160
271 38760 94 4 38854 0 94
986 38767 82 1 38937 88 170
367 38862 74 4 39012 76 150
624 39335 62 1 39397 0 62
613 39404 88 4 39492 0 88
805 39484 59 2 39552 9 68
856 39487 83 1 39635 65 148
602 39566 83 4 39719 70 153
813 39675 90 2 39810 45 135
814 39690 93 2 39903 120 213
900 39853 61 4 39965 51 112
548 39868 96 4 40061 97 193
555 39964 76 4 40138 98 174
703 39969 70 1 40208 169 239
550 39992 99 2 40307 216 315
34 40068 98 2 40406 240 338
721 40396 86 2 40493 11 97
478 40541 82 4 40623 0 82
105 40650 95 1 40745 0 95
377 40774 62 4 40836 0 62
740 41121 52 3 41173 0 52
1000 41198 45 3 41243 0 45
545 41373 69 4 41442 0 69
464 41441 71 4 41514 2 73
998 41671 60 4 41731 0 60
556 41797 59 4 41856 0 59
179 41871 75 2 41946 0 75
808 41963 67 4 42030 0 67
513 42347 81 3 42428 0 81
425 42417 93 4 42522 12 105
269 42491 78 3 42601 32 110
351 42511 65 4 42666 90 155
294 42534 99 2 42766 133 232
406 42699 80 4 42847 68 148
515 42780 66 4 42914 68 134
334 43022 92 4 43114 0 92
643 43103 100 2 43215 12 112
825 43127 56 2 43272 89 145
782 43198 79 3 43351 74 153
693 43221 88 2 43440 131 219
913 43274 84 1 43524 166 250
185 43526 96 2 43622 0 96
94 43684 88 2 43772 0 88
38 43692 78 3 43851 81 159
113 43704 66 4 43917 147 213
371 43742 71 4 43988 175 246
750 43762 80 3 44068 226 306
685 43822 92 2 44161 247 339
826 44028 99 3 44260 133 232
303 44128 96 4 44357 133 229
944 44141 97 4 44454 216 313
74 44143 74 4 44528 311 385
46 44274 87 3 44616 255 342
828 44289 66 3 44682 327 393
511 44348 37 1 44719 334 371
844 44510 34 3 44753 209 243
547 44694 90 4 44844 60 150
862 44814 76 4 44921 31 107
148 44915 57 4 44979 7 64
496 44950 97 4 45077 30 127
68 44968 64 1 45141 109 173
661 45067 79 4 45221 75 154
247 45152 96 3 45318 70 166
419 45371 67 2 45438 0 67
949 45476 76 2 45552 0 76
171 45484 67 4 45620 69 136
578 45568 70 3 45691 53 123
839 45723 84 4 45807 0 84
327 45723 93 2 45900 84 177
342 45786 68 3 45969 115 183
568 45888 37 4 46006 81 118
393 45922 85 3 46092 85 170
79 45941 76 4 46168 151 227
757 46157 46 4 46215 12 58
414 46276 31 3 46307 0 31
708 46345 53 4 46398 0 53
66 46367 76 3 46475 32 108
784 46445 70 4 46546 31 101
70 46498 93 1 46640 49 142
143 46498 99 4 46739 142 241
664 46655 80 2 46820 85 165
277 46945 89 4 47034 0 89
531 47072 54 4 47126 0 54
314 47114 68 4 47195 13 81
225 47165 51 4 47247 31 82
428 47367 94 3 47461 0 94
187 47586 69 4 47655 0 69
298 47851 96 4 47947 0 96
165 47871 50 3 47998 77 127
523 47895 70 1 48068 103 173
836 47988 99 2 48168 81 180
21 48233 71 4 48304 0 71
321 48309 94 3 48403 0 94
443 48391 42 1 48446 13 55
715 48546 53 3 48599 0 53
927 48640 78 4 48718 0 78
801 48786 69 4 48855 0 69
256 48865 73 4 48938 0 73
287 48998 92 4 49090 0 92
189 49106 74 4 49180 0 74
706 49300 80 4 49380 0 80
285 49325 91 4 49472 56 147
799 49336 76 4 49548 136 212
199 49398 86 4 49635 151 237
159 49634 88 4 49724 2 90
139 49694 32 4 49757 31 63
654 49739 80 1 49838 19 99
174 49924 99 3 50023 0 99
221 49986 35 4 50059 38 73
205 50072 69 4 50141 0 69
662 50202 86 2 50288 0 86
587 50325 95 3 50420 0 95
71 50419 91 2 50512 2 93
821 50419 81 4 50593 93 174
999 50445 66 1 50660 149 215
593 50470 89 3 50749 190 279
329 50511 94 3 50843 238 332
153 50561 58 4 50901 282 340
253 50736 68 3 50970 166 234
449 50799 93 4 51063 171 264
623 50858 51 2 51114 205 256
186 50929 47 2 51162 186 233
145 50944 54 3 51216 218 272
280 50964 68 4 51284 252 320
453 51022 93 4 51377 262 355
958 51275 88 2 51466 103 191
937 51351 91 4 51557 115 206
242 51533 56 3 51614 25 81
527 51628 34 3 51662 0 34
936 51800 49 4 51849 0 49
945 51821 83 4 51933 29 112
476 51822 52 1 51985 111 163
674 51912 70 4 52056 74 144
756 51967 70 2 52126 89 159
569 52015 83 4 52210 112 195
258 52125 97 4 52307 85 182
50 52583 77 1 52660 0 77
154 52590 69 3 52730 71 140
771 53058 67 2 53125 0 67
592 53238 70 1 53308 0 70
440 53246 98 3 53407 63 161
876 53309 61 2 53468 98 159
658 53912 88 4 54000 0 88
877 54077 78 2 54155 0 78
80 54105 92 2 54248 51 143
350 54170 95 4 54344 79 174
304 54254 79 2 54424 91 170
964 54392 64 4 54489 33 97
980 54542 87 4 54629 0 87
597 54559 93 2 54723 71 164
774 54576 52 3 54775 147 199
955 54587 71 2 54846 188 259
560 54703 81 2 54928 144 225
306 54753 89 3 55017 175 264
824 54771 72 4 55089 246 318
325 54839 91 2 55180 250 341
520 55016 61 3 55242 165 226
984 55135 25 2 55267 107 132
969 55350 47 4 55397 0 47
195 55424 55 3 55479 0 55
484 55465 59 4 55539 15 74
310 55608 82 3 55690 0 82
928 55832 97 2 55929 0 97
359 55921 94 3 56024 9 103
167 56064 53 3 56117 0 53
400 56147 100 3 56247 0 100
151 56160 72 3 56320 88 160
1 56428 90 4 56518 0 90
957 56434 67 4 56586 85 152
49 56467 70 3 56656 119 189
386 56606 79 3 56736 51 130
700 56609 100 1 56836 127 227
220 56639 97 4 56933 197 294
135 56782 53 3 56987 152 205
322 56971 51 4 57039 17 68
817 57027 70 3 57110 13 83
47 57092 42 4 57153 19 61
723 57177 31 3 57208 0 31
110 57462 57 3 57519 0 57
859 57562 79 1 57641 0 79
590 57649 65 3 57714 0 65
611 57723 78 4 57801 0 78
481 57732 40 2 57842 70 110
261 57747 96 2 57938 95 191
880 57754 99 3 58037 184 283
616 57851 43 4 58081 187 230
981 57989 58 3 58139 92 150
709 58043 75 2 58215 97 172
10 58248 45 4 58293 0 45
676 58336 92 3 58428 0 92
384 58364 99 3 58528 65 164
44 58409 83 3 58611 119 202
126 58654 90 4 58744 0 90
226 58706 83 4 58828 39 122
902 58726 94 2 58922 102 196
111 58822 88 4 59011 101 189
651 58874 41 4 59052 137 178
941 59223 96 4 59319 0 96
780 59359 89 4 59448 0 89
726 59394 95 4 59544 55 150
394 59434 27 2 59571 110 137
318 59629 68 1 59697 0 68
180 59708 65 4 59773 0 65
88 59765 100 4 59874 9 109
785 59893 62 4 59955 0 62
252 59972 75 4 60047 0 75
123 59977 23 2 60071 71 94
631 60034 64 4 60135 37 101
181 60082 95 2 60231 54 149
498 60155 58 4 60290 77 135
842 60416 88 4 60504 0 88
919 60570 90 3 60660 0 90
512 60604 75 4 60736 57 132
787 60611 86 4 60822 125 211
528 60620 94 4 60916 202 296
162 60650 96 3 61012 266 362
175 60700 88 4 61101 313 401
916 60818 87 3 61188 283 370
951 60841 88 4 61276 347 435
163 61004 50 4 61326 272 322
116 61151 53 4 61380 176 229
811 61196 45 4 61425 184 229
480 61236 89 2 61514 189 278
368 61277 77 4 61591 237 314
514 61359 84 3 61676 233 317
124 61368 92 4 61768 308 400
382 61415 54 4 61822 353 407
237 61510 56 1 61878 312 368
434 61555 68 2 61946 323 391
807 61564 83 3 62029 382 465
86 61565 90 3 62119 464 554
456 61744 80 3 62200 376 456
701 61751 97 4 62297 449 546
722 61811 64 2 62361 486 550
710 61836 98 2 62459 525 623
563 61871 84 3 62543 588 672
210 61872 37 4 62580 671 708
576 61937 65 3 62645 643 708
581 61979 78 4 62723 666 744
943 62347 94 3 62818 377 471
935 62397 72 3 62890 421 493
953 62481 94 4 62984 409 503
971 62734 84 3 63069 251 335
684 62753 72 4 63141 316 388
840 63026 59 3 63201 116 175
629 63067 91 3 63292 134 225
968 63145 42 4 63335 148 190
841 63218 75 4 63410 117 192
136 63262 90 4 63500 148 238
852 63285 66 4 63566 215 281
369 63310 93 1 63660 257 350
389 63376 94 3 63754 284 378
313 63407 88 1 63842 347 435
281 63468 50 3 63892 374 424
238 63485 60 3 63952 407 467
338 63500 71 3 64023 452 523
302 63628 88 4 64112 396 484
604 63715 69 3 64181 397 466
665 63722 90 3 64271 459 549
759 63746 81 3 64352 525 606
493 63775 100 3 64452 577 677
956 64109 97 4 64550 344 441
923 64128 70 3 64620 422 492
586 64253 75 4 64695 367 442
551 64316 39 4 64734 379 418
83 64372 71 2 64805 362 433
267 64445 87 2 64892 360 447
204 64576 93 4 64986 317 410
431 64591 94 4 65080 395 489
884 64636 85 4 65165 444 529
466 64654 99 3 65264 511 610
896 64839 41 4 65305 425 466
168 65025 79 4 65385 281 360
989 65109 90 2 65475 276 366
140 65502 85 3 65587 0 85
457 65652 81 1 65733 0 81
915 65716 51 4 65785 18 69
583 65752 69 4 65855 34 103
215 65886 42 3 65928 0 42
339 65888 89 3 66018 41 130
106 65916 97 1 66115 102 199
460 66039 73 2 66189 77 150
544 66288 65 2 66353 0 65
579 66297 82 3 66436 57 139
954 66343 26 4 66462 93 119
63 66376 96 3 66559 87 183
341 66436 74 4 66633 123 197
717 66510 87 4 66721 124 211
104 66614 30 3 66751 107 137
435 66689 83 1 66835 63 146
142 66791 55 3 66891 45 100
316 66813 72 4 66963 78 150
741 66820 93 4 67056 143 236
719 66931 96 3 67153 126 222
291 66936 92 3 67245 217 309
760 67011 56 3 67301 234 290
903 67107 72 2 67374 195 267
744 67126 71 3 67445 248 319
660 67199 79 4 67524 246 325
127 67436 77 3 67602 89 166
348 67467 61 4 67663 135 196
882 67673 96 1 67769 0 96
109 67696 40 3 67810 74 114
422 68147 49 3 68196 0 49
533 68181 63 2 68260 16 79
203 68302 93 4 68395 0 93
208 68344 87 4 68483 52 139
650 68386 47 4 68530 97 144
823 68514 89 3 68620 17 106
482 68520 90 3 68710 100 190
309 68563 83 2 68794 148 231
647 68689 59 4 68853 105 164
830 68732 71 2 68925 122 193
535 68748 78 4 69003 177 255
720 68836 35 3 69038 167 202
328 68938 97 1 69136 101 198
906 68999 66 4 69202 137 203
888 69029 61 4 69263 173 234
76 69041 96 4 69360 223 319
977 69257 98 3 69458 103 201
41 69296 34 4 69493 163 197
475 69324 96 3 69589 169 265
307 69394 94 3 69683 195 289
594 69395 95 3 69778 288 383
863 69486 55 3 69834 293 348
206 69516 95 4 69929 318 413
114 69782 59 4 69989 148 207
924 69812 71 2 70060 177 248
349 69876 96 4 70156 184 280
732 69888 71 3 70227 268 339
735 69914 93 3 70320 313 406
486 70015 86 4 70407 306 392
881 70412 71 4 70483 0 71
69 70433 81 4 70565 51 132
689 70452 99 4 70664 113 212
82 70510 73 4 70738 155 228
905 70592 79 3 70817 146 225
942 70651 65 1 70882 166 231
103 70744 100 4 70983 139 239
150 70755 87 2 71070 228 315
51 70857 81 3 71151 213 294
975 70862 79 2 71230 289 368
452 70905 49 2 71280 326 375
240 70961 45 4 71325 319 364
991 71024 92 2 71417 301 393
494 71173 94 4 71511 244 338
680 71176 84 3 71595 335 419
404 71207 88 4 71683 388 476
790 71272 77 4 71761 412 489
100 71411 99 3 71860 350 449
831 71646 84 3 71944 214 298
912 71720 53 2 71998 225 278
45 71765 80 3 72078 233 313
849 71821 38 4 72116 257 295
118 71828 59 3 72175 288 347
634 71894 92 3 72267 281 373
462 71916 56 4 72323 351 407
87 71947 77 4 72401 377 454
102 71983 75 3 72476 418 493
320 72054 86 1 72562 422 508
832 72058 77 4 72639 504 581
574 72284 68 1 72707 355 423
504 72307 77 2 72784 400 477
907 72328 52 2 72837 457 509
667 72365 71 3 72908 472 543
48 72439 93 1 73001 469 562
904 72441 95 4 73096 560 655
917 72448 94 4 73190 648 742
132 72480 36 2 73226 710 746
589 72510 87 4 73313 716 803
61 72684 98 1 73411 629 727
728 72743 97 4 73508 668 765
846 72784 63 2 73571 724 787
346 72803 81 2 73653 769 850
65 72814 49 1 73702 839 888
465 72830 92 3 73794 872 964
990 72872 94 2 73888 922 1016
810 72972 84 4 73972 916 1000
595 73042 68 1 74040 930 998
686 73049 53 3 74093 991 1044
263 73199 92 3 74185 894 986
343 73229 41 3 74226 956 997
901 73333 33 3 74259 893 926
53 73340 81 4 74340 919 1000
213 73399 77 4 74417 941 1018
582 73413 96 1 74513 1004 1100
561 73424 40 4 74553 1089 1129
437 73499 92 3 74645 1054 1146
91 73556 95 4 74740 1089 1184
207 73569 75 1 74815 1171 1246
28 73576 50 1 74866 1240 1290
260 73579 96 1 74962 1287 1383
196 73755 67 3 75029 1207 1274
730 74074 96 4 75125 955 1051
375 74141 49 3 75174 984 1033
853 74195 93 4 75267 979 1072
230 74270 34 3 75301 997 1031
796 74289 98 3 75399 1012 1110
223 74368 54 4 75453 1031 1085
926 74386 86 4 75539 1067 1153
607 74515 99 4 75638 1024 1123
537 74694 97 4 75735 944 1041
470 74892 52 4 75788 844 896
677 74910 76 4 75864 878 954
112 74931 99 3 75963 933 1032
754 75096 79 3 76042 867 946
251 75128 82 2 76124 914 996
663 75163 71 4 76195 961 1032
495 75204 67 4 76262 991 1058
745 75254 59 4 76321 1008 1067
23 75279 97 4 76418 1042 1139
612 75315 100 4 76518 1103 1203
308 75332 93 4 76611 1186 1279
363 75360 87 4 76698 1251 1338
397 75376 81 3 76779 1322 1403
570 75409 58 4 76837 1370 1428
268 75432 92 3 76929 1405 1497
365 75509 60 3 76989 1420 1480
932 75533 73 2 77062 1456 1529
878 75562 88 4 77150 1500 1588
891 75579 82 4 77232 1571 1653
56 75594 69 3 77301 1638 1707
538 75666 64 2 77365 1635 1699
290 75696 85 2 77450 1669 1754
866 75722 55 3 77505 1728 1783
789 75727 86 3 77591 1778 1864
445 75801 44 2 77636 1791 1835
982 75856 95 2 77731 1780 1875
273 75888 73 4 77804 1843 1916
257 75905 56 3 77860 1899 1955
36 75905 43 4 77903 1955 1998
62 75980 97 3 78000 1923 2020
892 76069 64 3 78064 1931 1995
573 76094 93 4 78157 1970 2063
738 76114 97 3 78254 2043 2140
37 76141 86 3 78340 2113 2199
390 76250 80 4 78420 2090 2170
360 76288 67 1 78487 2132 2199
438 76379 55 4 78542 2108 2163
388 76467 64 4 78606 2075 2139
54 76550 34 2 78640 2056 2090
571 76553 37 1 78677 2087 2124
822 76669 95 3 78772 2008 2103
806 76737 34 2 78806 2035 2069
99 76738 95 3 78901 2068 2163
312 76762 66 3 78967 2139 2205
5 76830 34 4 79001 2137 2171
347 77248 93 2 79094 1753 1846
502 77265 85 3 79179 1829 1914
993 77279 75 2 79254 1900 1975
317 77320 58 4 79312 1934 1992
812 77376 66 4 79378 1936 2002
637 77383 78 4 79456 1995 2073
467 77398 57 2 79513 2058 2115
84 77534 50 3 79563 1979 2029
883 77551 91 3 79654 2012 2103
733 77583 69 4 79723 2071 2140
833 77587 86 4 79809 2136 2222
699 77639 74 4 79884 2171 2245
562 77840 53 3 79937 2044 2097
336 77869 95 2 80032 2068 2163
55 77935 51 4 80083 2097 2148
922 77952 73 3 80156 2131 2204
315 77963 84 3 80240 2193 2277
12 77968 93 4 80333 2272 2365
454 78030 79 4 80412 2303 2382
398 78058 70 2 80482 2354 2424
270 78192 90 2 80572 2290 2380
27 78289 72 3 80644 2283 2355
779 78331 90 2 80734 2313 2403
18 78463 99 3 80833 2271 2370
278 78474 80 2 80913 2359 2439
872 78568 82 4 80995 2345 2427
682 78621 68 3 81063 2374 2442
697 78663 53 2 81116 2400 2453
13 78693 63 4 81179 2423 2486
121 78765 73 2 81252 2414 2487
374 78875 86 1 81338 2377 2463
526 78898 78 4 81416 2440 2518
319 78902 44 4 81460 2514 2558
678 79034 64 4 81524 2426 2490
183 79073 42 1 81566 2451 2493
559 79094 92 3 81658 2472 2564
379 79122 81 3 81739 2536 2617
640 79137 96 4 81835 2602 2698
861 79198 75 3 81910 2637 2712
736 79295 82 2 81992 2615 2697
702 79315 89 4 82081 2677 2766
58 79421 99 2 82180 2660 2759
24 79655 84 4 82264 2525 2609
283 79659 66 1 82330 2605 2671
188 79866 97 3 82428 2465 2562
816 79942 74 2 82502 2486 2560
231 79982 61 2 82563 2520 2581
182 80082 44 4 82607 2481 2525
392 80171 72 3 82679 2436 2508
507 80224 90 4 82769 2455 2545
399 80315 84 4 82853 2454 2538
427 80465 93 3 82946 2388 2481
490 80482 97 4 83043 2464 2561
974 80511 67 4 83110 2532 2599
250 80529 88 1 83198 2581 2669
994 80592 94 4 83292 2606 2700
447 80714 95 4 83387 2578 2673
417 80869 77 2 83464 2518 2595
549 80870 99 2 83563 2594 2693
289 81002 71 4 83634 2561 2632
497 81109 70 3 83704 2525 2595
198 81188 82 4 83786 2516 2598
963 81193 89 3 83875 2593 2682
97 81270 54 4 83929 2605 2659
591 81325 93 3 84022 2604 2697
201 81339 74 2 84096 2683 2757
698 81396 89 2 84185 2700 2789
580 81590 91 4 84276 2595 2686
164 81709 61 3 84337 2567 2628
911 81712 70 2 84407 2625 2695
152 81780 78 3 84485 2627 2705
115 81814 98 3 84583 2671 2769
485 81850 79 4 84662 2733 2812
412 81891 81 1 84743 2771 2852
795 82023 57 4 84800 2720 2777
818 82025 100 4 84900 2775 2875
781 82151 97 2 84997 2749 2846
565 82171 60 4 85057 2826 2886
775 82225 55 4 85112 2832 2887
516 82245 90 1 85202 2867 2957
178 82272 75 3 85277 2930 3005
217 82333 73 3 85351 2945 3018
950 82380 95 3 85446 2971 3066
92 82425 51 2 85497 3021 3072
311 82460 96 4 85593 3037 3133
448 82538 95 3 85688 3055 3150
236 82676 88 3 85776 3012 3100
729 82726 66 4 85842 3050 3116
694 82784 90 3 85932 3058 3148
649 82967 77 2 86009 2965 3042
395 83101 55 4 86064 2908 2963
119 83174 99 3 86163 2890 2989
415 83204 95 3 86258 2959 3054
4 83563 88 4 86346 2695 2783
57 83578 73 4 86419 2768 2841
635 83636 30 4 86449 2783 2813
681 83668 39 3 86488 2781 2820
190 83804 47 4 86535 2684 2731
886 83848 56 2 86591 2687 2743
93 83871 70 2 86661 2720 2790
376 83943 76 3 86737 2718 2794
929 83957 84 3 86821 2780 2864
483 84035 53 2 86874 2786 2839
426 84099 63 3 86937 2775 2838
603 84117 49 2 86986 2820 2869
671 84139 76 4 87062 2847 2923
860 84179 76 1 87138 2883 2959
197 84237 31 4 87169 2901 2932
879 84263 78 4 87247 2906 2984
170 84300 88 4 87335 2947 3035
249 84338 86 1 87421 2997 3083
232 84429 85 2 87506 2992 3077
656 84767 84 2 87590 2739 2823
442 84862 53 1 87643 2728 2781
52 84891 65 4 87708 2752 2817
337 84980 92 3 87800 2728 2820
487 85000 71 2 87871 2800 2871
160 85106 83 3 87954 2765 2848
688 85138 53 1 88007 2816 2869
408 85176 55 3 88062 2831 2886
262 85194 69 3 88131 2868 2937
380 85279 47 3 88179 2853 2900
357 85309 34 3 88213 2870 2904
405 85339 99 3 88312 2874 2973
753 85439 100 1 88412 2873 2973
630 85503 87 1 88499 2909 2996
42 85533 86 2 88585 2966 3052
890 85563 87 2 88672 3022 3109
331 85622 43 4 88715 3050 3093
802 85622 65 3 88780 3093 3158
326 85695 68 4 88848 3085 3153
429 85721 50 4 88898 3127 3177
402 85749 68 3 88966 3149 3217
108 85812 53 3 89019 3154 3207
98 86070 100 4 89119 2949 3049
873 86102 89 4 89208 3017 3106
765 86168 69 2 89277 3040 3109
219 86199 49 2 89326 3078 3127
235 86224 97 4 89423 3102 3199
89 86255 33 3 89456 3168 3201
227 86369 99 3 89555 3087 3186
72 86446 69 1 89624 3109 3178
786 86470 77 4 89701 3154 3231
59 86471 37 1 89738 3230 3267
792 86576 75 3 89813 3162 3237
352 86642 64 2 89877 3171 3235
362 86661 75 3 89952 3216 3291
85 86665 62 4 90014 3287 3349
473 86668 83 3 90097 3346 3429
749 86676 93 4 90190 3421 3514
791 86726 82 2 90272 3464 3546
666 86813 95 2 90367 3459 3554
503 86876 77 4 90444 3491 3568
768 86896 52 2 90496 3548 3600
542 87004 96 2 90592 3492 3588
620 87094 84 2 90676 3498 3582
421 87193 65 4 90741 3483 3548
519 87260 32 4 90773 3481 3513
67 87285 86 3 90859 3488 3574
800 87328 81 3 90940 3531 3612
746 87410 87 3 91027 3530 3617
254 87450 90 2 91117 3577 3667
687 87486 52 4 91169 3631 3683
838 87684 88 1 91257 3485 3573
772 87711 44 2 91301 3546 3590
669 87719 98 4 91399 3582 3680
695 87760 90 4 91489 3639 3729
747 87883 85 1 91574 3606 3691
712 87899 62 3 91636 3675 3737
966 88080 84 4 91720 3556 3640
655 88091 82 2 91802 3629 3711
914 88103 74 3 91876 3699 3773
385 88142 48 4 91925 3735 3783
804 88180 79 2 92004 3745 3824
173 88182 55 3 92059 3822 3877
29 88270 58 3 92117 3789 3847
869 88415 85 4 92202 3702 3787
436 88496 99 4 92301 3706 3805
874 88552 79 4 92380 3749 3828
534 88554 91 1 92471 3826 3917
413 88647 78 3 92549 3824 3902
264 88654 96 1 92645 3895 3991
75 88675 91 4 92736 3970 4061
764 88682 33 3 92769 4054 4087
424 88724 68 2 92837 4045 4113
598 88923 56 4 92893 3914 3970
851 88948 45 2 92938 3945 3990
946 89028 78 3 93016 3910 3988
177 89044 39 4 93055 3972 4011
141 89045 78 4 93133 4010 4088
885 89049 43 3 93176 4084 4127
474 89055 58 4 93234 4121 4179
692 89102 70 4 93304 4132 4202
274 89176 93 4 93397 4128 4221
572 89178 72 4 93469 4219 4291
973 89307 43 1 93512 4162 4205
725 89411 39 1 93551 4101 4140
575 89625 90 4 93641 3926 4016
711 89672 83 4 93724 3969 4052
983 89673 93 4 93817 4051 4144
657 89713 44 4 93861 4104 4148
372 89715 77 3 93938 4146 4223
489 89793 95 3 94033 4145 4240
827 89823 54 4 94087 4210 4264
819 89831 81 1 94168 4256 4337
500 89870 96 3 94264 4298 4394
492 89899 86 4 94350 4365 4451
829 90053 82 4 94432 4297 4379
501 90118 90 3 94522 4314 4404
696 90170 79 4 94601 4352 4431
300 90184 95 2 94696 4417 4512
961 90199 42 4 94738 4497 4539
7 90227 24 2 94762 4511 4535
742 90278 44 4 94806 4484 4528
73 90294 29 4 94835 4512 4541
868 90333 82 2 94917 4502 4584
679 90373 48 3 94965 4544 4592
619 90392 51 4 95016 4573 4624
122 90469 44 3 95060 4547 4591
95 90622 75 4 95135 4438 4513
691 90683 49 1 95184 4452 4501
293 90732 89 1 95273 4452 4541
939 90750 89 4 95362 4523 4612
25 90756 64 3 95426 4606 4670
169 90820 75 4 95501 4606 4681
432 90835 93 3 95594 4666 4759
848 90853 99 3 95693 4741 4840
6 90864 88 1 95781 4829 4917
893 90897 26 3 95807 4884 4910
847 91184 45 4 95852 4623 4668
272 91286 61 4 95913 4566 4627
2 91370 97 1 96010 4543 4640
479 91404 83 2 96093 4606 4689
430 91415 99 4 96192 4678 4777
762 91420 44 2 96236 4772 4816
540 91436 45 2 96281 4800 4845
345 91478 35 4 96316 4803 4838
469 91525 85 4 96401 4791 4876
564 91716 93 3 96494 4685 4778
633 91753 58 4 96552 4741 4799
370 91768 75 4 96627 4784 4859
234 91868 82 3 96709 4759 4841
229 91906 99 2 96809 4804 4903
463 91940 47 4 96856 4869 4916
423 91968 60 4 96916 4888 4948
820 92019 99 1 97015 4897 4996
218 92062 88 1 97103 4953 5041
858 92182 50 4 97153 4921 4971
672 92202 89 2 97242 4951 5040
889 92269 77 2 97319 4973 5050
552 92299 62 4 97381 5020 5082
137 92347 53 3 97434 5034 5087
472 92349 94 2 97528 5085 5179
918 92405 70 2 97598 5123 5193
354 92422 72 4 97670 5176 5248
835 92424 80 4 97750 5246 5326
670 92432 66 2 97816 5318 5384
297 92528 74 2 97890 5288 5362
488 92591 86 1 97976 5299 5385
194 92600 31 4 98007 5376 5407
996 92604 49 3 98056 5403 5452
461 92626 71 4 98127 5430 5501
11 92635 41 4 98168 5492 5533
529 92708 75 4 98243 5460 5535
224 92743 81 4 98324 5500 5581
191 92783 43 3 98367 5541 5584
809 92843 80 2 98447 5524 5604
407 92889 90 3 98537 5558 5648
704 92936 78 2 98615 5601 5679
107 92973 85 4 98700 5642 5727
439 93047 64 4 98764 5653 5717
734 93090 92 3 98856 5674 5766
202 93102 76 4 98932 5754 5830
31 93388 50 4 98982 5544 5594
987 93401 59 2 99041 5581 5640
992 93413 96 3 99137 5628 5724
668 93413 73 3 99210 5724 5797
870 93558 65 2 99275 5652 5717
609 93584 93 4 99368 5691 5784
596 93644 80 3 99448 5724 5804
707 93644 61 2 99509 5804 5865
396 93669 96 3 99605 5840 5936
209 93716 43 4 99648 5889 5932
459 93748 91 4 99739 5900 5991
259 93834 31 3 99770 5905 5936
683 93835 82 3 99852 5935 6017
925 93851 72 3 99924 6001 6073
248 93852 86 2 100010 6072 6158
40 93855 95 4 100105 6155 6250
282 93875 85 4 100190 6230 6315
777 93955 85 3 100275 6235 6320
241 94114 64 4 100339 6161 6225
976 94147 63 4 100402 6192 6255
778 94181 80 4 100482 6221 6301
716 94231 58 3 100540 6251 6309
940 94345 62 4 100602 6195 6257
228 94475 91 4 100693 6127 6218
418 94488 62 4 100755 6205 6267
767 94599 77 3 100832 6156 6233
411 94657 96 3 100928 6175 6271
416 94694 30 3 100958 6234 6264
815 94715 85 4 101043 6243 6328
622 94717 38 4 101081 6326 6364
731 94729 81 2 101162 6352 6433
601 94792 64 3 101226 6370 6434
718 94823 87 1 101313 6403 6490
78 94936 93 2 101406 6377 6470
690 95037 98 1 101504 6369 6467
64 95081 90 4 101594 6423 6513
358 95108 96 2 101690 6486 6582
864 95112 91 1 101781 6578 6669
875 95175 73 2 101854 6606 6679
90 95308 92 3 101946 6546 6638
401 95409 70 1 102016 6537 6607
420 95694 31 4 102047 6322 6353
947 95770 95 4 102142 6277 6372
340 95796 99 3 102241 6346 6445
330 95956 64 2 102305 6285 6349
577 96071 97 4 102402 6234 6331
962 96255 96 2 102498 6147 6243
383 96334 93 3 102591 6164 6257
184 96346 83 2 102674 6245 6328
887 96350 70 3 102744 6324 6394
244 96480 93 2 102837 6264 6357
897 96576 98 3 102935 6261 6359
161 96665 44 3 102979 6270 6314
798 96692 90 4 103069 6287 6377
387 96698 75 1 103144 6371 6446
978 96705 79 3 103223 6439 6518
857 96715 57 2 103281 6509 6566
471 96787 52 2 103333 6494 6546
714 96831 88 4 103421 6502 6590
837 96953 80 3 103501 6468 6548
147 97072 94 4 103595 6429 6523
614 97077 71 2 103666 6518 6589
567 97081 63 4 103729 6585 6648
299 97084 80 4 103809 6645 6725
15 97219 96 4 103905 6590 6686
129 97221 67 4 103972 6684 6751
636 97259 66 4 104038 6713 6779
30 97296 41 3 104079 6742 6783
296 97351 92 4 104171 6728 6820
77 97383 32 3 104203 6788 6820
938 97458 81 2 104284 6745 6826
584 97538 96 2 104380 6746 6842
525 97590 31 3 104411 6790 6821
979 97690 97 3 104508 6721 6818
43 97693 79 2 104587 6815 6894
20 97700 88 3 104675 6887 6975
628 97766 82 2 104757 6909 6991
606 97786 83 3 104840 6971 7054
391 97938 47 2 104887 6902 6949
361 97970 99 2 104986 6917 7016
22 98017 87 4 105073 6969 7056
769 98076 84 4 105157 6997 7081
739 98082 83 3 105240 7075 7158
134 98120 47 4 105287 7120 7167
522 98172 75 4 105362 7115 7190
539 98173 98 4 105460 7189 7287
117 98231 57 1 105517 7229 7286
995 98242 63 3 105580 7275 7338
794 98269 97 2 105677 7311 7408
894 98319 58 4 105735 7358 7416
618 98366 87 4 105822 7369 7456
444 98404 85 4 105907 7418 7503
410 98410 86 3 105993 7497 7583
3 98445 99 2 106092 7548 7647
200 98458 95 2 106187 7634 7729
615 98490 82 4 106269 7697 7779
536 98516 50 1 106319 7753 7803
743 98589 96 3 106415 7730 7826
60 98669 100 4 106515 7746 7846
638 98801 52 4 106567 7714 7766
588 98801 59 3 106626 7766 7825
621 98821 64 3 106690 7805 7869
508 98903 83 2 106773 7787 7870
176 98924 93 3 106866 7849 7942
353 98946 83 4 106949 7920 8003
450 98974 66 3 107015 7975 8041
120 99118 98 1 107113 7897 7995
997 99124 28 4 107141 7989 8017
908 99216 65 3 107206 7925 7990
608 99290 79 3 107285 7916 7995
967 99302 59 3 107344 7983 8042
458 99304 84 4 107428 8040 8124
934 99312 84 3 107512 8116 8200
867 99342 74 4 107586 8170 8244
724 99372 81 1 107667 8214 8295
557 99389 24 4 107691 8278 8302
335 99427 89 3 107780 8264 8353
81 99452 89 4 107869 8328 8417
295 99469 72 4 107941 8400 8472
255 99492 58 3 107999 8449 8507
776 99598 92 4 108091 8401 8493
788 99603 52 2 108143 8488 8540
35 99621 74 4 108217 8522 8596
558 99653 67 3 108284 8564 8631
409 99731 75 2 108359 8553 8628
332 99832 57 3 108416 8527 8584
131 99961 69 2 108485 8455 8524
761 99987 74 1 108559 8498 8572
