108793 1000 2102 2028
28 1987 90 4 2077 0 90
233 2167 79 1 2246 0 79
989 2894 64 3 2958 0 64
371 4647 70 3 4717 0 70
536 5565 60 3 5625 0 60
150 6001 87 2 6088 0 87
380 6251 88 4 6339 0 88
806 6782 37 3 6819 0 37
581 7309 70 4 7379 0 70
306 7609 89 4 7698 0 89
487 7770 70 3 7840 0 70
450 8533 87 4 8620 0 87
800 8591 87 4 8708 30 117
652 10184 70 4 10254 0 70
546 10344 85 3 10429 0 85
372 10729 70 4 10799 0 70
135 10815 90 3 10905 0 90
335 11676 95 4 11771 0 95
724 12525 91 4 12616 0 91
722 13033 65 4 13098 0 65
295 13372 63 2 13435 0 63
466 13891 68 1 13959 0 68
505 14687 48 2 14735 0 48
73 15294 62 4 15356 0 62
492 16126 77 1 16203 0 77
675 16427 95 2 16522 0 95
876 16605 37 4 16642 0 37
808 17322 76 3 17398 0 76
281 17728 98 2 17826 0 98
988 17872 47 4 17919 0 47
615 19143 44 4 19187 0 44
891 19249 90 3 19339 0 90
67 19604 82 4 19686 0 82
866 19707 64 2 19771 0 64
875 19808 35 2 19843 0 35
368 19851 91 3 19942 0 91
857 19943 84 4 20027 0 84
639 20151 98 2 20249 0 98
259 20715 68 4 20783 0 68
997 20907 57 3 20964 0 57
128 21302 47 3 21349 0 47
811 21551 82 4 21633 0 82
599 21568 94 3 21728 66 160
618 21572 74 4 21802 156 230
972 22176 97 3 22273 0 97
104 22715 88 2 22803 0 88
333 22775 48 4 22852 29 77
583 22792 52 4 22904 60 112
880 22876 92 2 22997 29 121
37 23100 33 4 23133 0 33
922 23164 93 4 23257 0 93
159 23428 75 3 23503 0 75
898 23638 35 3 23673 0 35
713 23695 93 3 23788 0 93
33 23735 70 3 23859 54 124
161 23794 95 4 23955 66 161
681 23834 95 4 24050 121 216
458 24259 65 3 24324 0 65
638 24336 59 4 24395 0 59
31 24631 89 4 24720 0 89
608 24679 43 2 24764 42 85
612 24713 51 2 24815 51 102
113 24828 84 3 24912 0 84
827 25569 96 2 25665 0 96
651 25684 98 3 25782 0 98
27 25767 87 4 25870 16 103
623 26106 57 3 26163 0 57
307 26584 99 4 26683 0 99
338 27103 79 4 27182 0 79
194 27245 89 3 27334 0 89
594 27316 97 3 27432 19 116
245 27673 75 3 27748 0 75
787 27764 70 4 27834 0 70
533 27948 96 4 28044 0 96
823 28048 87 4 28135 0 87
139 28151 84 4 28235 0 84
176 28228 64 3 28300 8 72
315 28345 92 4 28437 0 92
918 29005 48 4 29053 0 48
339 29146 90 3 29236 0 90
410 29578 95 3 29673 0 95
756 29939 47 3 29986 0 47
493 29979 86 4 30073 8 94
509 30061 62 4 30136 13 75
815 30108 81 4 30218 29 110
105 30183 41 4 30260 36 77
236 30779 79 3 30858 0 79
750 31270 86 3 31356 0 86
166 31358 99 3 31457 0 99
151 31385 58 4 31516 73 131
861 31500 77 2 31594 17 94
327 31543 62 4 31657 52 114
62 31560 67 4 31724 97 164
928 31744 73 4 31817 0 73
773 31767 85 2 31903 51 136
17 32205 85 1 32290 0 85
561 32397 100 2 32497 0 100
189 32581 79 4 32660 0 79
228 32595 66 3 32727 66 132
34 32873 94 2 32967 0 94
571 33700 58 1 33758 0 58
877 34253 81 4 34334 0 81
544 34387 58 4 34445 0 58
926 34407 76 4 34522 39 115
462 34773 69 4 34842 0 69
376 34791 35 3 34878 52 87
301 34795 61 4 34939 83 144
220 34816 55 3 34994 123 178
92 35227 52 3 35279 0 52
781 35269 83 3 35363 11 94
292 35688 68 3 35756 0 68
122 35760 65 3 35825 0 65
598 35940 93 4 36033 0 93
69 35971 63 4 36097 63 126
700 36001 79 3 36176 96 175
636 36001 31 3 36207 175 206
630 36028 71 4 36278 179 250
985 36233 54 4 36333 46 100
882 36346 98 2 36444 0 98
663 36348 96 4 36541 97 193
993 36477 90 4 36632 65 155
810 36500 83 1 36715 132 215
431 36614 76 3 36792 102 178
393 36680 37 3 36829 112 149
304 36692 57 3 36886 137 194
478 37076 67 3 37143 0 67
75 37115 69 3 37213 29 98
943 37272 82 4 37354 0 82
180 37318 90 3 37445 37 127
961 37395 80 4 37526 51 131
503 37399 74 3 37600 127 201
686 37452 48 4 37649 149 197
1000 37554 97 3 37746 95 192
862 37573 56 4 37802 173 229
737 37785 84 2 37887 18 102
733 37823 94 2 37982 65 159
633 37883 96 2 38078 99 195
556 38077 89 1 38168 2 91
443 38388 73 3 38461 0 73
197 38524 91 2 38615 0 91
954 38776 26 3 38802 0 26
900 38846 89 2 38935 0 89
29 39060 94 3 39154 0 94
564 39100 84 3 39239 55 139
609 39245 35 4 39280 0 35
63 39316 87 2 39403 0 87
550 39452 94 4 39546 0 94
574 39527 96 1 39643 20 116
369 39764 70 4 39834 0 70
957 39839 68 4 39907 0 68
95 39891 66 4 39974 17 83
70 40130 84 3 40214 0 84
330 40446 45 4 40491 0 45
46 40486 99 4 40591 6 105
667 40577 86 4 40678 15 101
81 40716 25 3 40741 0 25
814 40719 96 4 40838 23 119
39 40719 95 2 40933 119 214
868 40759 79 4 41013 175 254
50 41198 92 4 41290 0 92
100 41232 73 3 41364 59 132
829 41295 75 4 41440 70 145
589 41342 65 1 41505 98 163
863 41606 88 3 41694 0 88
404 41635 84 4 41779 60 144
43 41643 89 3 41868 136 225
665 41706 79 3 41948 163 242
436 41769 54 3 42002 179 233
912 41883 92 4 42095 120 212
558 42172 64 3 42236 0 64
822 42200 94 3 42331 37 131
222 42233 66 4 42397 98 164
680 42575 83 3 42658 0 83
156 42723 79 4 42802 0 79
77 43108 57 2 43165 0 57
514 43153 83 4 43249 13 96
311 43239 93 1 43343 11 104
216 43401 70 4 43471 0 70
11 43591 36 3 43627 0 36
312 43647 85 2 43732 0 85
227 43716 91 1 43824 17 108
271 43741 72 2 43897 84 156
741 43928 84 3 44012 0 84
865 44173 96 2 44269 0 96
83 44184 75 2 44345 86 161
718 44199 76 4 44421 146 222
207 44367 57 3 44479 55 112
728 44513 86 2 44599 0 86
168 44560 97 4 44697 40 137
905 44695 93 1 44791 3 96
145 44834 55 1 44889 0 55
841 44847 89 2 44979 43 132
202 44858 95 4 45074 121 216
442 45065 87 1 45162 10 97
5 45112 44 3 45207 51 95
344 45350 98 1 45448 0 98
108 45477 96 3 45573 0 96
57 45495 84 2 45658 79 163
452 45586 69 3 45728 73 142
326 45589 94 3 45822 139 233
235 45911 88 3 45999 0 88
485 46055 87 4 46142 0 87
377 46077 64 4 46207 66 130
552 46080 98 4 46305 127 225
846 46113 65 3 46370 192 257
535 46217 64 4 46435 154 218
3 46583 78 4 46661 0 78
391 46590 90 4 46752 72 162
964 46712 37 2 46790 41 78
303 46840 87 1 46927 0 87
510 47007 51 3 47058 0 51
388 47203 84 1 47287 0 84
588 47255 79 3 47367 33 112
605 47364 89 4 47457 4 93
696 47478 87 4 47565 0 87
717 47517 77 4 47643 49 126
275 47669 69 3 47738 0 69
387 47739 85 3 47824 0 85
214 48400 21 4 48421 0 21
4 48401 91 1 48513 21 112
896 48401 42 3 48555 112 154
932 48451 80 2 48636 105 185
648 48477 34 3 48670 159 193
508 48543 97 2 48767 127 224
635 48568 87 3 48855 200 287
977 48585 72 2 48927 270 342
619 48624 84 2 49011 303 387
903 48713 100 4 49111 298 398
274 48720 70 4 49181 391 461
26 49064 58 4 49240 118 176
746 49238 87 2 49328 3 90
833 49273 80 2 49409 56 136
229 49310 68 1 49477 99 167
16 49322 91 2 49568 155 246
296 49355 46 3 49615 214 260
692 49416 88 2 49703 199 287
901 49583 72 4 49776 121 193
141 49703 99 1 49875 73 172
895 49735 69 2 49945 141 210
265 49866 40 1 49985 79 119
791 49970 38 2 50024 16 54
826 50218 90 2 50308 0 90
519 50325 71 3 50396 0 71
206 50388 85 1 50482 9 94
601 50400 66 4 50549 83 149
860 50441 84 4 50633 108 192
200 50522 86 2 50720 112 198
321 50978 57 4 51035 0 57
512 50997 86 4 51122 39 125
384 51152 95 2 51247 0 95
545 51165 87 4 51335 83 170
25 51328 46 2 51382 8 54
416 51330 81 1 51463 52 133
329 51368 74 3 51538 96 170
805 51406 89 4 51627 132 221
99 51439 83 3 51710 188 271
440 51757 87 4 51844 0 87
256 51790 99 3 51944 55 154
426 51926 97 3 52042 19 116
642 52001 74 4 52117 42 116
684 52199 72 1 52271 0 72
289 52292 87 4 52379 0 87
921 52358 58 3 52438 22 80
364 52507 75 4 52582 0 75
649 52553 58 4 52641 30 88
672 52658 57 4 52715 0 57
406 52680 80 4 52796 36 116
939 52787 95 3 52892 10 105
468 52904 39 4 52943 0 39
540 52940 54 3 52998 4 58
628 53030 53 3 53083 0 53
788 53052 91 4 53175 32 123
283 53094 49 4 53225 82 131
816 53133 61 3 53286 92 153
109 53182 44 3 53331 105 149
766 53219 61 4 53392 112 173
170 53296 87 3 53480 97 184
52 53396 90 1 53571 85 175
45 53590 60 4 53650 0 60
842 53744 93 2 53837 0 93
385 53758 62 3 53900 80 142
203 53835 65 3 53965 65 130
592 53861 75 4 54041 105 180
597 53884 89 4 54130 157 246
491 53947 37 4 54167 183 220
661 54052 81 2 54249 116 197
149 54121 95 4 54344 128 223
32 54122 92 4 54436 222 314
795 54188 98 4 54535 249 347
729 54210 60 3 54595 325 385
641 54602 98 3 54700 0 98
794 54617 90 3 54791 84 174
916 54981 48 1 55029 0 48
246 55172 82 3 55254 0 82
548 55195 88 4 55343 60 148
247 55377 86 2 55463 0 86
221 55442 32 3 55496 22 54
323 55588 100 2 55688 0 100
576 55630 93 2 55782 59 152
578 55705 59 4 55842 78 137
360 55817 75 4 55918 26 101
553 55910 93 3 56012 9 102
394 55928 34 4 56047 85 119
593 55949 37 3 56084 98 135
716 56068 93 3 56178 17 110
66 56180 97 3 56277 0 97
853 56232 94 2 56372 46 140
834 56302 83 3 56456 71 154
777 56433 96 4 56553 24 120
23 56572 95 4 56667 0 95
249 56609 35 3 56703 59 94
790 56788 89 3 56877 0 89
187 56813 60 2 56938 65 125
778 56841 57 4 56995 97 154
435 57051 29 4 57080 0 29
480 57063 90 2 57171 18 108
165 57073 93 1 57264 98 191
310 57162 92 2 57357 103 195
936 57234 85 4 57442 123 208
631 57346 97 3 57540 97 194
266 57594 85 3 57679 0 85
975 57609 86 4 57766 71 157
554 57734 73 3 57840 33 106
563 57750 59 3 57899 90 149
500 57860 74 2 57974 40 114
529 57885 84 1 58058 89 173
743 57890 68 4 58126 168 236
277 57958 87 4 58214 169 256
725 58140 66 2 58281 75 141
285 58210 93 4 58374 71 164
147 58213 63 4 58437 161 224
54 58314 75 4 58513 124 199
644 58392 85 4 58598 121 206
309 58454 82 4 58681 145 227
328 58511 93 4 58774 170 263
332 58662 32 4 58807 113 145
210 58734 92 3 58899 73 165
402 58836 59 4 58959 64 123
580 58946 71 4 59031 14 85
668 58992 77 4 59109 40 117
844 59034 75 4 59185 76 151
843 59056 73 2 59258 129 202
502 59145 62 3 59321 114 176
218 59158 85 3 59406 163 248
88 59462 59 4 59521 0 59
664 59476 100 4 59622 46 146
858 59506 72 2 59694 116 188
486 59577 99 1 59794 118 217
772 59639 84 4 59878 155 239
521 59676 86 3 59964 202 288
30 59691 66 3 60030 273 339
568 59730 62 3 60093 301 363
342 59763 62 2 60155 330 392
254 59858 65 4 60220 297 362
374 59868 63 3 60283 352 415
298 60256 86 2 60370 28 114
812 60307 68 4 60439 64 132
411 60567 94 3 60661 0 94
761 60609 94 1 60756 53 147
702 60609 67 3 60823 147 214
475 60618 73 4 60896 205 278
637 60638 53 3 60949 258 311
346 60942 86 2 61036 8 94
470 60973 71 4 61108 64 135
904 61186 42 3 61228 0 42
459 61318 88 4 61406 0 88
433 61431 24 1 61455 0 24
715 61485 81 3 61566 0 81
748 61501 43 2 61610 66 109
163 61516 55 2 61665 94 149
693 61671 84 4 61755 0 84
345 61792 98 4 61890 0 98
86 61830 79 4 61970 61 140
818 61842 72 1 62042 128 200
884 62215 97 2 62312 0 97
134 62224 59 4 62372 89 148
947 62301 63 1 62435 71 134
294 62575 76 3 62651 0 76
934 62630 72 3 62724 22 94
595 62661 22 3 62747 64 86
764 62675 55 4 62802 72 127
308 62995 90 3 63085 0 90
142 63005 79 2 63165 81 160
225 63065 92 4 63257 100 192
143 63243 85 4 63343 15 100
774 63329 56 4 63400 15 71
302 63470 89 3 63559 0 89
931 63661 90 4 63751 0 90
430 63694 45 3 63797 58 103
184 63709 82 2 63879 88 170
496 63744 91 4 63970 135 226
97 63776 58 4 64029 195 253
698 63809 85 4 64114 220 305
244 63833 64 2 64178 281 345
1 63893 67 4 64245 285 352
273 63919 75 2 64320 326 401
188 64048 76 4 64397 273 349
760 64108 94 1 64491 289 383
659 64115 60 4 64551 376 436
21 64147 68 4 64619 404 472
204 64181 87 2 64706 438 525
879 64189 94 4 64800 517 611
809 64240 96 4 64896 560 656
643 64410 77 3 64974 487 564
747 64443 66 4 65040 531 597
191 64520 46 4 65086 520 566
241 64592 85 3 65171 494 579
44 64648 54 3 65225 523 577
796 64695 83 1 65308 530 613
136 64787 91 3 65399 521 612
543 64807 76 3 65475 592 668
819 64847 85 4 65560 628 713
317 64892 92 4 65652 668 760
94 64934 82 2 65735 719 801
923 64976 62 2 65797 759 821
215 65003 85 4 65882 794 879
534 65005 43 4 65925 877 920
551 65089 64 4 65989 836 900
951 65298 96 3 66085 691 787
253 65333 70 4 66155 752 822
935 65340 75 3 66230 815 890
137 65369 45 3 66275 861 906
962 65560 34 4 66309 715 749
579 65681 81 3 66391 629 710
832 65740 36 4 66427 651 687
322 65830 66 1 66493 597 663
956 65953 79 2 66572 540 619
186 65990 47 2 66619 582 629
112 66005 98 4 66717 614 712
489 66018 96 4 66813 699 795
968 66018 46 2 66859 795 841
539 66018 91 1 66950 841 932
557 66046 51 4 67001 904 955
736 66090 75 4 67076 911 986
160 66107 85 4 67161 969 1054
365 66160 86 2 67247 1001 1087
527 66168 87 2 67334 1079 1166
735 66348 60 3 67395 987 1047
542 66469 57 4 67452 926 983
963 66564 29 4 67481 888 917
469 66611 97 2 67578 870 967
840 66742 91 4 67669 836 927
347 66743 59 3 67728 926 985
678 66747 69 2 67797 981 1050
252 66829 67 3 67864 968 1035
389 66966 30 4 67894 898 928
626 67143 37 1 67931 751 788
445 67193 89 4 68020 738 827
913 67270 98 2 68118 750 848
890 67392 64 1 68183 727 791
115 67432 67 1 68250 751 818
878 67478 82 4 68332 772 854
621 67586 58 4 68390 746 804
164 67750 90 1 68480 640 730
110 67834 69 3 68549 646 715
64 67933 85 2 68634 616 701
660 67959 90 3 68724 675 765
575 67975 89 2 68813 749 838
695 68028 49 2 68862 785 834
237 68039 86 3 68948 823 909
258 68209 90 3 69039 740 830
770 68222 70 4 69109 817 887
930 68280 95 1 69204 829 924
990 68320 49 4 69253 884 933
974 68382 71 3 69324 871 942
873 68444 69 2 69393 880 949
350 68493 99 1 69492 900 999
390 68594 84 4 69576 898 982
515 68610 93 4 69669 966 1059
441 68629 96 4 69765 1040 1136
41 68786 98 2 69863 979 1077
38 68878 27 3 69890 985 1012
705 68940 98 3 69988 950 1048
148 69077 71 4 70060 912 983
448 69218 95 3 70155 842 937
830 69230 42 3 70197 925 967
870 69298 39 1 70236 899 938
687 69464 80 4 70316 772 852
205 69534 78 3 70394 782 860
40 69548 59 4 70453 846 905
745 69564 80 2 70533 889 969
499 69594 70 2 70603 939 1009
488 69752 65 4 70668 851 916
712 69762 54 3 70722 906 960
290 69961 65 1 70787 761 826
418 69997 93 4 70881 791 884
835 70030 47 4 70928 851 898
276 70144 90 4 71018 784 874
671 70307 85 3 71103 711 796
208 70310 48 4 71151 793 841
93 70326 90 4 71241 825 915
169 70330 82 3 71323 911 993
704 70331 47 3 71370 992 1039
859 70626 33 4 71403 744 777
755 71057 68 4 71472 347 415
337 71079 70 4 71542 393 463
175 71165 86 4 71628 377 463
74 71257 89 2 71717 371 460
614 71317 84 3 71801 400 484
427 71394 75 4 71876 407 482
899 71489 64 4 71941 388 452
471 71624 40 4 71981 317 357
758 71666 96 2 72077 315 411
640 71733 90 3 72167 344 434
825 71760 57 2 72224 407 464
357 71871 78 4 72302 353 431
742 71930 94 1 72397 373 467
239 71970 72 2 72469 427 499
358 72001 87 1 72556 468 555
90 72067 58 4 72614 489 547
367 72102 73 2 72687 512 585
869 72171 82 4 72769 516 598
971 72244 79 1 72848 525 604
798 72363 59 4 72908 486 545
268 72403 99 4 73007 505 604
494 72679 91 1 73098 328 419
260 72770 76 4 73174 328 404
925 72786 49 4 73223 388 437
48 72885 69 2 73293 339 408
455 72941 33 3 73326 352 385
412 72948 47 3 73373 378 425
538 72975 91 2 73464 398 489
352 73015 83 4 73547 449 532
498 73017 84 3 73631 530 614
824 73080 74 2 73705 551 625
318 73379 76 3 73782 327 403
407 73412 90 3 73872 370 460
174 73604 43 3 73915 268 311
453 73634 51 4 73966 281 332
422 73701 38 4 74004 265 303
855 73792 92 4 74097 213 305
331 73811 79 3 74176 286 365
65 73863 23 4 74199 313 336
622 73968 94 1 74293 231 325
133 74294 96 1 74390 0 96
938 74349 79 1 74470 42 121
24 74393 79 2 74550 78 157
479 74462 98 2 74648 88 186
490 74485 92 4 74741 164 256
123 74574 67 3 74808 167 234
477 74638 68 2 74876 170 238
217 74704 60 1 74937 173 233
152 74711 60 2 74997 226 286
887 74717 94 2 75091 280 374
428 74776 62 3 75153 315 377
299 74846 44 3 75197 307 351
80 74852 88 1 75285 345 433
689 74853 88 4 75373 432 520
525 74900 87 3 75461 474 561
370 74913 74 4 75535 548 622
199 74945 84 3 75619 590 674
821 74950 82 3 75701 669 751
658 75063 74 2 75775 638 712
927 75130 74 4 75849 645 719
749 75145 88 2 75937 704 792
831 75150 65 4 76002 787 852
980 75151 67 3 76069 851 918
359 75190 81 1 76150 879 960
603 75426 43 1 76194 725 768
960 75565 57 3 76251 629 686
851 75570 56 1 76307 681 737
51 75620 43 4 76350 687 730
838 75635 71 3 76421 715 786
784 75676 85 4 76506 745 830
933 75719 96 2 76602 787 883
586 75950 95 2 76697 652 747
14 76038 58 3 76755 659 717
251 76205 64 1 76820 551 615
929 76289 90 1 76910 531 621
177 76307 75 3 76985 603 678
119 76417 25 3 77010 568 593
714 76640 65 4 77075 370 435
2 76715 89 4 77164 360 449
526 76729 43 4 77207 435 478
425 76820 86 1 77294 388 474
572 76823 90 4 77384 471 561
650 77047 92 3 77476 337 429
892 77197 67 4 77543 279 346
940 77232 78 4 77622 312 390
284 77301 50 4 77672 321 371
783 77349 100 2 77772 323 423
850 77373 91 3 77863 399 490
130 77414 81 3 77944 449 530
937 77498 85 4 78029 446 531
767 77531 79 2 78108 498 577
460 77541 74 1 78182 567 641
116 77629 99 1 78282 554 653
434 77646 99 1 78381 636 735
596 77665 48 3 78429 716 764
655 77670 67 1 78496 759 826
162 77767 99 4 78595 729 828
914 77997 95 4 78690 598 693
8 78006 47 3 78737 684 731
399 78050 59 2 78796 687 746
420 78050 78 4 78874 746 824
881 78085 93 2 78967 789 882
701 78152 88 2 79055 815 903
849 78152 85 3 79140 903 988
361 78195 74 3 79215 946 1020
602 78345 62 3 79277 870 932
103 78507 50 3 79327 770 820
910 78509 76 3 79403 818 894
769 78593 35 4 79438 810 845
915 78656 71 3 79509 782 853
107 78703 90 4 79599 806 896
82 78720 76 2 79675 879 955
102 78730 78 4 79753 945 1023
908 79064 78 3 79831 689 767
982 79170 95 3 79927 662 757
950 79200 80 4 80007 727 807
537 79221 65 4 80072 786 851
979 79307 93 2 80165 765 858
198 79308 48 4 80213 857 905
417 79314 87 4 80300 899 986
871 79315 42 4 80342 985 1027
948 79319 88 3 80430 1023 1111
517 79334 76 2 80506 1096 1172
382 79361 96 2 80602 1145 1241
657 79536 74 2 80676 1066 1140
744 79555 58 4 80734 1121 1179
709 79574 67 4 80801 1160 1227
316 79649 84 3 80885 1152 1236
68 79664 35 3 80920 1221 1256
591 79700 80 2 81000 1220 1300
845 79709 59 3 81059 1291 1350
973 79766 100 4 81159 1293 1393
782 79802 63 4 81222 1357 1420
511 80043 77 3 81300 1180 1257
524 80074 100 3 81400 1226 1326
738 80240 99 3 81499 1160 1259
126 80319 60 4 81559 1180 1240
530 80333 84 3 81643 1226 1310
78 80341 99 4 81742 1302 1401
719 80342 31 4 81773 1400 1431
19 80344 68 3 81841 1429 1497
49 80351 46 3 81887 1490 1536
183 80499 55 4 81942 1388 1443
513 80507 49 2 81991 1435 1484
392 80507 67 2 82058 1484 1551
902 80518 42 4 82100 1540 1582
946 80520 58 2 82158 1580 1638
212 80557 93 3 82251 1601 1694
465 80597 84 1 82335 1654 1738
909 80620 68 4 82403 1715 1783
751 80667 75 4 82478 1736 1811
567 80718 83 3 82561 1760 1843
801 80974 25 3 82586 1587 1612
297 81027 86 3 82672 1559 1645
753 81077 41 3 82713 1595 1636
549 81122 76 4 82789 1591 1667
405 81128 96 4 82885 1661 1757
762 81138 47 4 82932 1747 1794
132 81238 80 3 83013 1695 1775
42 81244 87 2 83100 1769 1856
447 81299 38 4 83138 1801 1839
662 81342 69 4 83207 1796 1865
654 81360 65 2 83272 1847 1912
562 81368 65 1 83337 1904 1969
190 81409 91 2 83428 1928 2019
625 81438 38 3 83466 1990 2028
516 81569 84 2 83550 1897 1981
117 81588 90 1 83640 1962 2052
293 81643 68 4 83708 1997 2065
262 81792 88 1 83796 1916 2004
423 81796 91 3 83887 2000 2091
446 81871 61 2 83948 2016 2077
87 81980 64 2 84012 1968 2032
757 81993 77 1 84089 2019 2096
677 82025 67 4 84156 2064 2131
670 82046 83 2 84239 2110 2193
325 82050 68 3 84307 2189 2257
541 82056 65 4 84372 2251 2316
55 82076 72 2 84444 2296 2368
263 82115 90 3 84534 2329 2419
378 82133 90 4 84624 2401 2491
590 82183 84 4 84708 2441 2525
396 82233 98 3 84806 2475 2573
669 82321 98 3 84904 2485 2583
157 82380 85 4 84989 2524 2609
464 82402 88 2 85077 2587 2675
528 82463 67 3 85144 2614 2681
889 82573 89 2 85233 2571 2660
481 82590 99 3 85332 2643 2742
72 82594 90 4 85422 2738 2828
287 82666 57 3 85479 2756 2813
22 82687 54 4 85533 2792 2846
257 82707 76 3 85609 2826 2902
35 82738 81 4 85690 2871 2952
457 82785 59 4 85749 2905 2964
129 82813 87 3 85836 2936 3023
523 82905 64 2 85900 2931 2995
201 82950 71 3 85972 2951 3022
632 83004 73 3 86045 2968 3041
893 83229 78 3 86123 2816 2894
752 83258 63 3 86186 2865 2928
6 83269 54 2 86240 2917 2971
195 83375 89 1 86329 2865 2954
429 83530 85 4 86414 2799 2884
242 83538 60 4 86474 2876 2936
305 83563 81 2 86555 2911 2992
408 83652 70 3 86625 2903 2973
837 83746 76 4 86701 2879 2955
243 83765 97 4 86798 2936 3033
721 83804 88 2 86886 2994 3082
613 83972 97 3 86983 2914 3011
341 84037 45 3 87028 2946 2991
504 84074 40 4 87068 2954 2994
647 84134 52 4 87120 2934 2986
522 84239 86 2 87206 2881 2967
474 84243 94 3 87300 2963 3057
555 84249 61 2 87361 3051 3112
76 84314 90 4 87451 3047 3137
12 84321 85 2 87536 3130 3215
817 84381 99 3 87635 3155 3254
124 84453 85 3 87720 3182 3267
355 84612 73 4 87793 3108 3181
785 84744 79 1 87872 3049 3128
976 84856 53 4 87925 3016 3069
173 84896 37 4 87962 3029 3066
874 84932 80 2 88042 3030 3110
85 85035 68 4 88110 3007 3075
59 85066 48 1 88158 3044 3092
463 85117 78 2 88236 3041 3119
779 85281 45 1 88281 2955 3000
864 85315 68 4 88349 2966 3034
520 85328 86 4 88435 3021 3107
945 85329 55 1 88490 3106 3161
917 85347 97 2 88587 3143 3240
324 85372 78 3 88665 3215 3293
949 85474 69 2 88734 3191 3260
694 85475 98 2 88832 3259 3357
987 85553 98 1 88930 3279 3377
467 85557 98 4 89028 3373 3471
375 85582 89 4 89117 3446 3535
224 85616 93 3 89210 3501 3594
340 85652 92 4 89302 3558 3650
611 85762 83 3 89385 3540 3623
401 85787 62 4 89447 3598 3660
897 85823 64 1 89511 3624 3688
804 85964 73 2 89585 3548 3621
419 86006 99 4 89684 3579 3678
666 86027 97 3 89781 3657 3754
646 86078 89 3 89870 3703 3792
856 86105 77 4 89947 3765 3842
366 86123 72 3 90019 3824 3896
726 86242 70 3 90089 3777 3847
238 86249 82 4 90171 3840 3922
911 86264 86 4 90257 3907 3993
730 86269 94 4 90351 3988 4082
363 86371 65 1 90416 3980 4045
209 86389 70 4 90486 4027 4097
182 86441 38 3 90524 4045 4083
867 86471 76 3 90600 4053 4129
907 86530 79 3 90679 4070 4149
343 86595 97 2 90776 4084 4181
373 86634 90 4 90866 4142 4232
942 86702 35 4 90901 4164 4199
953 86720 85 2 90986 4181 4266
196 86722 48 4 91034 4264 4312
629 86738 88 3 91122 4296 4384
171 86858 68 4 91190 4264 4332
991 86877 72 4 91262 4313 4385
454 86963 83 1 91345 4299 4382
7 86998 73 2 91418 4347 4420
482 87047 88 4 91506 4371 4459
872 87092 47 3 91553 4414 4461
449 87234 86 4 91639 4319 4405
353 87242 69 4 91708 4397 4466
944 87281 88 4 91796 4427 4515
565 87311 74 4 91870 4485 4559
959 87392 78 1 91948 4478 4556
967 87464 71 2 92019 4484 4555
231 87515 94 2 92113 4504 4598
813 87553 96 2 92209 4560 4656
154 87563 87 1 92296 4646 4733
255 87575 55 1 92351 4721 4776
267 87581 99 3 92450 4770 4869
807 87625 79 4 92529 4825 4904
600 87648 79 4 92608 4881 4960
153 87732 44 3 92652 4876 4920
624 87817 54 4 92706 4835 4889
473 87830 86 4 92792 4876 4962
127 87874 86 4 92878 4918 5004
720 87897 74 4 92952 4981 5055
79 87953 80 4 93032 4999 5079
965 87963 89 3 93121 5069 5158
839 87986 74 3 93195 5135 5209
793 88042 86 1 93281 5153 5239
320 88065 62 3 93343 5216 5278
828 88109 99 4 93442 5234 5333
56 88130 47 4 93489 5312 5359
685 88155 38 2 93527 5334 5372
920 88159 87 1 93614 5368 5455
604 88339 47 4 93661 5275 5322
413 88451 59 3 93720 5210 5269
264 88491 48 4 93768 5229 5277
121 88579 92 2 93860 5189 5281
610 88582 77 2 93937 5278 5355
739 88787 75 4 94012 5150 5225
138 88794 88 4 94100 5218 5306
282 88851 38 4 94138 5249 5287
606 88951 78 4 94216 5187 5265
691 88996 27 4 94243 5220 5247
409 89261 87 3 94330 4982 5069
144 89342 63 3 94393 4988 5051
395 89378 88 2 94481 5015 5103
472 89458 63 2 94544 5023 5086
383 89480 60 4 94604 5064 5124
894 89715 74 4 94679 4890 4964
476 89725 82 4 94761 4954 5036
883 89735 91 4 94852 5026 5117
577 89770 72 4 94924 5082 5154
261 89778 72 3 94996 5146 5218
497 89803 42 1 95038 5193 5235
288 89846 83 3 95121 5192 5275
96 89875 63 4 95184 5246 5309
731 89876 40 3 95224 5308 5348
981 89881 42 1 95266 5343 5385
532 90153 81 4 95347 5113 5194
381 90163 52 4 95399 5184 5236
98 90225 58 4 95457 5174 5232
120 90225 85 3 95542 5232 5317
703 90232 95 4 95637 5310 5405
688 90262 31 3 95668 5375 5406
60 90339 71 2 95739 5329 5400
634 90492 37 4 95776 5247 5284
179 90545 97 2 95873 5231 5328
334 90598 94 4 95967 5275 5369
983 90600 76 4 96043 5367 5443
789 90643 78 4 96121 5400 5478
802 90695 97 1 96218 5426 5523
820 90709 97 4 96315 5509 5606
140 90710 39 4 96354 5605 5644
314 90712 78 2 96432 5642 5720
952 90767 67 3 96499 5665 5732
966 90785 69 4 96568 5714 5783
885 90843 78 1 96646 5725 5803
291 90875 99 4 96745 5771 5870
155 90888 42 3 96787 5857 5899
992 90916 69 4 96856 5871 5940
181 91046 66 3 96922 5810 5876
765 91061 49 4 96971 5861 5910
269 91107 45 3 97016 5864 5909
279 91223 100 4 97116 5793 5893
437 91469 70 3 97186 5647 5717
776 91679 41 4 97227 5507 5548
15 91692 75 4 97302 5535 5610
91 91777 93 4 97395 5525 5618
18 91802 80 2 97475 5593 5673
211 91890 97 3 97572 5585 5682
379 91894 55 4 97627 5678 5733
836 91896 71 3 97698 5731 5802
570 91954 92 3 97790 5744 5836
627 92034 99 2 97889 5756 5855
226 92057 30 1 97919 5832 5862
213 92076 92 2 98011 5843 5935
711 92276 86 3 98097 5735 5821
397 92288 58 3 98155 5809 5867
573 92376 80 4 98235 5779 5859
585 92392 100 4 98335 5843 5943
547 92432 58 4 98393 5903 5961
415 92435 93 4 98486 5958 6051
984 92458 94 4 98580 6028 6122
230 92566 86 4 98666 6014 6100
775 92568 84 2 98750 6098 6182
978 92576 52 4 98802 6174 6226
771 92759 93 4 98895 6043 6136
178 92819 51 4 98946 6076 6127
111 92997 70 3 99016 5949 6019
286 93104 52 3 99068 5912 5964
786 93119 64 4 99132 5949 6013
852 93150 92 3 99224 5982 6074
456 93269 73 4 99297 5955 6028
193 93405 72 4 99369 5892 5964
101 93511 70 4 99439 5858 5928
313 93518 98 2 99537 5921 6019
998 93564 76 4 99613 5973 6049
280 93606 72 4 99685 6007 6079
483 93658 74 2 99759 6027 6101
690 93687 38 1 99797 6072 6110
723 93726 56 4 99853 6071 6127
584 93747 99 1 99952 6106 6205
250 93756 87 4 100039 6196 6283
232 93833 50 3 100089 6206 6256
653 93844 88 3 100177 6245 6333
118 94133 42 3 100219 6044 6086
403 94187 71 4 100290 6032 6103
707 94187 74 1 100364 6103 6177
888 94236 48 1 100412 6128 6176
587 94269 55 4 100467 6143 6198
501 94289 94 2 100561 6178 6272
451 94298 85 3 100646 6263 6348
36 94460 92 2 100738 6186 6278
754 94495 94 2 100832 6243 6337
106 94513 78 3 100910 6319 6397
566 94521 80 3 100990 6389 6469
438 94618 90 3 101081 6373 6463
461 94619 70 4 101151 6462 6532
732 94619 51 3 101202 6532 6583
906 94696 98 4 101300 6506 6604
708 94698 99 3 101399 6602 6701
223 94714 62 3 101461 6685 6747
999 94824 65 1 101526 6637 6702
792 94937 82 3 101608 6589 6671
941 95070 29 4 101637 6538 6567
351 95110 61 2 101698 6527 6588
582 95128 85 2 101783 6570 6655
386 95211 77 4 101860 6572 6649
734 95248 98 3 101958 6612 6710
219 95355 73 3 102031 6603 6676
656 95420 93 3 102124 6611 6704
763 95445 93 4 102217 6679 6772
955 95807 88 3 102305 6410 6498
848 95852 47 4 102352 6453 6500
240 96016 70 4 102422 6336 6406
248 96029 92 1 102514 6393 6485
803 96072 80 2 102594 6442 6522
158 96100 79 2 102673 6494 6573
234 96111 51 4 102724 6562 6613
444 96169 51 4 102775 6555 6606
424 96324 86 3 102861 6451 6537
995 96329 81 2 102942 6532 6613
167 96330 98 4 103040 6612 6710
131 96372 43 4 103083 6668 6711
994 96667 93 2 103176 6416 6509
679 96667 77 4 103253 6509 6586
518 96892 95 3 103348 6361 6456
986 96916 91 3 103439 6432 6523
645 96981 50 3 103489 6458 6508
797 97013 62 2 103551 6476 6538
356 97057 52 1 103603 6494 6546
349 97112 94 4 103697 6491 6585
114 97114 58 2 103755 6583 6641
506 97186 86 4 103841 6569 6655
569 97212 100 4 103941 6629 6729
495 97267 46 4 103987 6674 6720
172 97301 74 4 104061 6686 6760
847 97328 73 4 104134 6733 6806
272 97389 89 4 104223 6745 6834
697 97528 82 2 104305 6695 6777
439 97545 94 4 104399 6760 6854
559 97554 59 4 104458 6845 6904
319 97672 64 3 104522 6786 6850
674 97678 78 3 104600 6844 6922
676 97685 60 4 104660 6915 6975
53 97704 99 3 104759 6956 7055
617 97710 52 3 104811 7049 7101
683 97735 100 1 104911 7076 7176
706 97783 79 3 104990 7128 7207
919 97853 58 4 105048 7137 7195
727 97858 91 2 105139 7190 7281
780 97868 91 3 105230 7271 7362
348 97876 96 4 105326 7354 7450
673 97889 91 3 105417 7437 7528
192 97908 92 4 105509 7509 7601
354 97964 75 3 105584 7545 7620
620 97994 98 1 105682 7590 7688
560 98065 38 2 105720 7617 7655
84 98076 97 3 105817 7644 7741
398 98090 92 4 105909 7727 7819
10 98154 55 2 105964 7755 7810
682 98199 71 4 106035 7765 7836
740 98285 67 3 106102 7750 7817
432 98296 95 4 106197 7806 7901
616 98345 81 3 106278 7852 7933
71 98413 40 2 106318 7865 7905
47 98425 73 4 106391 7893 7966
9 98460 49 4 106440 7931 7980
336 98621 48 4 106488 7819 7867
125 98645 49 3 106537 7843 7892
958 98760 83 2 106620 7777 7860
300 98857 92 4 106712 7763 7855
710 98892 77 4 106789 7820 7897
89 98905 95 3 106884 7884 7979
607 98906 94 3 106978 7978 8072
768 98942 49 4 107027 8036 8085
969 98960 60 3 107087 8067 8127
531 98986 84 4 107171 8101 8185
924 99228 80 4 107251 7943 8023
20 99239 92 4 107343 8012 8104
61 99257 97 3 107440 8086 8183
484 99310 76 3 107516 8130 8206
507 99330 81 1 107597 8186 8267
996 99358 59 2 107656 8239 8298
886 99379 59 1 107715 8277 8336
185 99390 76 4 107791 8325 8401
854 99424 76 4 107867 8367 8443
400 99468 70 3 107937 8399 8469
421 99481 98 4 108035 8456 8554
699 99507 66 2 108101 8528 8594
278 99547 72 1 108173 8554 8626
414 99558 75 4 108248 8615 8690
58 99627 66 4 108314 8621 8687
970 99748 53 3 108367 8566 8619
759 99769 89 4 108456 8598 8687
146 99868 88 2 108544 8588 8676
13 99888 88 4 108632 8656 8744
362 99941 30 4 108662 8691 8721
270 99984 85 2 108747 8678 8763
799 99995 46 3 108793 8752 8798
