100345 1000 98 51
720 2594 92 4 2686 0 92
670 4283 57 3 4340 0 57
783 5836 64 3 5900 0 64
660 7667 85 1 7752 0 85
963 10213 48 4 10261 0 48
931 10874 57 4 10931 0 57
7 11190 23 3 11213 0 23
487 12109 20 3 12129 0 20
68 12401 74 3 12475 0 74
735 12676 56 1 12732 0 56
985 13475 22 4 13497 0 22
346 14783 85 3 14868 0 85
918 14962 32 4 14994 0 32
535 15073 50 2 15123 0 50
753 15039 69 4 15158 50 119
486 15208 65 1 15273 0 65
943 15889 25 4 15914 0 25
195 16128 31 3 16159 0 31
892 16879 40 2 16919 0 40
16 17038 25 4 17063 0 25
825 17036 43 2 17104 25 68
637 17234 28 2 17262 0 28
682 17266 34 1 17300 0 34
385 17441 35 2 17476 0 35
55 18207 59 2 18266 0 59
600 18489 43 3 18532 0 43
755 19106 48 3 19154 0 48
204 19300 30 2 19330 0 30
420 19379 33 3 19412 0 33
261 19335 75 1 19443 33 108
368 19539 61 3 19600 0 61
434 19634 48 2 19682 0 48
692 19778 39 4 19817 0 39
322 19769 48 3 19856 39 87
61 20032 53 4 20085 0 53
296 20257 70 2 20327 0 70
499 20959 31 3 20990 0 31
290 20889 83 4 21003 31 114
843 21399 22 3 21421 0 22
365 21476 47 2 21523 0 47
221 21757 25 2 21782 0 25
311 21972 75 3 22047 0 75
136 22510 51 2 22561 0 51
747 22679 52 3 22731 0 52
830 22762 57 4 22819 0 57
143 23090 46 2 23136 0 46
324 23389 24 4 23413 0 24
769 23318 84 1 23426 24 108
865 23454 27 3 23481 0 27
767 24278 34 3 24312 0 34
826 24289 40 3 24352 23 63
687 24520 48 4 24568 0 48
161 24608 45 3 24653 0 45
496 25037 58 3 25095 0 58
139 25196 73 2 25269 0 73
596 25508 39 3 25547 0 39
78 25590 28 2 25618 0 28
167 25846 81 3 25927 0 81
605 25960 63 4 26023 0 63
458 26187 27 4 26214 0 27
18 26426 27 2 26453 0 27
522 26553 31 4 26584 0 31
400 26818 30 2 26848 0 30
47 26816 32 4 26878 30 62
312 26860 48 4 26926 18 66
163 27046 78 4 27124 0 78
87 27142 23 2 27165 0 23
697 27152 45 4 27210 13 58
903 27297 21 4 27318 0 21
182 27427 66 3 27493 0 66
698 28042 40 4 28082 0 40
132 28227 75 1 28302 0 75
648 28373 73 4 28446 0 73
754 28754 40 4 28794 0 40
441 28821 54 4 28875 0 54
958 28807 66 2 28927 54 120
155 28970 61 4 29031 0 61
574 29164 49 2 29213 0 49
771 29289 38 4 29327 0 38
284 29297 39 1 29366 30 69
121 29367 31 2 29398 0 31
334 29415 23 3 29438 0 23
859 29440 28 1 29468 0 28
314 29725 72 4 29797 0 72
15 29857 34 4 29891 0 34
115 30259 60 4 30319 0 60
249 30418 48 4 30466 0 48
473 30416 56 4 30520 48 104
749 30539 71 4 30610 0 71
387 30602 81 2 30691 8 89
401 30752 68 3 30820 0 68
62 30641 85 3 30844 118 203
935 31141 20 4 31161 0 20
800 31337 56 4 31393 0 56
135 31434 75 1 31509 0 75
551 31576 29 3 31605 0 29
777 31605 92 3 31697 0 92
22 31741 81 3 31822 0 81
740 31959 33 1 31992 0 33
333 32243 51 4 32294 0 51
371 32344 66 1 32410 0 66
866 32486 42 3 32528 0 42
3 32569 25 3 32594 0 25
74 32775 22 4 32797 0 22
207 32759 36 4 32817 22 58
993 33254 40 3 33294 0 40
924 33517 66 3 33583 0 66
758 33912 58 4 33970 0 58
654 34104 22 4 34126 0 22
638 34143 63 3 34206 0 63
604 34450 72 4 34522 0 72
895 34583 43 3 34626 0 43
916 34646 41 4 34687 0 41
932 34925 21 2 34946 0 21
14 35086 66 4 35152 0 66
584 35201 20 1 35221 0 20
223 35241 45 1 35286 0 45
741 35345 32 3 35377 0 32
389 35619 27 4 35646 0 27
35 35637 32 1 35678 9 41
254 35917 55 3 35972 0 55
663 36006 48 3 36054 0 48
882 36244 38 1 36282 0 38
210 36366 27 3 36393 0 27
416 36356 39 4 36422 27 66
796 36419 39 3 36461 3 42
272 36496 21 4 36517 0 21
589 36348 73 4 36547 126 199
542 36623 36 3 36659 0 36
898 36625 82 1 36741 34 116
289 36745 52 1 36797 0 52
491 36933 54 3 36987 0 54
381 37059 30 2 37089 0 30
820 37039 41 3 37110 30 71
129 36930 64 3 37119 125 189
492 37146 41 2 37187 0 41
823 37193 24 3 37217 0 24
447 37377 74 2 37451 0 74
707 37750 28 2 37778 0 28
586 37921 44 3 37965 0 44
173 38199 27 1 38226 0 27
419 38666 43 3 38709 0 43
374 38819 31 4 38850 0 31
900 38773 73 3 38877 31 104
988 38949 28 4 38977 0 28
315 39190 32 4 39222 0 32
961 39214 37 1 39259 8 45
33 39178 41 4 39288 69 110
146 39398 46 4 39444 0 46
198 39479 44 3 39523 0 44
837 39693 60 4 39753 0 60
510 39801 41 3 39842 0 41
443 39871 28 2 39899 0 28
39 39861 59 2 39948 28 87
675 39742 83 4 39964 139 222
969 40090 50 4 40140 0 50
553 40177 23 2 40200 0 23
853 40374 44 3 40418 0 44
672 40476 45 3 40521 0 45
804 40440 64 4 40549 45 109
833 40463 69 3 40618 86 155
147 40716 70 4 40786 0 70
482 40861 24 4 40885 0 24
889 41244 21 4 41265 0 21
851 41474 43 4 41517 0 43
273 41427 49 4 41519 43 92
657 41929 35 4 41964 0 35
508 42038 22 4 42060 0 22
326 42202 46 4 42248 0 46
849 42503 23 1 42526 0 23
869 42463 62 4 42548 23 85
549 42720 58 2 42778 0 58
620 42795 29 3 42824 0 29
112 42925 25 4 42950 0 25
117 43409 35 4 43444 0 35
948 43557 66 4 43623 0 66
410 43874 65 3 43939 0 65
43 43981 20 3 44001 0 20
531 44013 33 4 44046 0 33
304 44035 48 2 44094 11 59
539 44104 34 3 44138 0 34
685 44144 36 2 44180 0 36
325 44149 76 3 44256 31 107
101 43872 79 3 44263 312 391
52 44374 36 2 44410 0 36
470 44416 23 4 44439 0 23
77 44570 32 3 44602 0 32
448 44527 54 4 44613 32 86
34 44453 87 2 44626 86 173
500 44678 32 4 44710 0 32
581 44797 24 2 44821 0 24
616 44734 84 2 44842 24 108
588 45378 58 3 45436 0 58
462 45358 58 1 45474 58 116
485 45504 44 3 45548 0 44
187 45445 75 4 45593 73 148
97 45653 49 3 45702 0 49
505 45663 60 3 45762 39 99
489 45827 25 3 45852 0 25
688 45834 29 4 45881 18 47
949 45856 42 4 45923 25 67
787 45936 24 3 45960 0 24
923 45845 52 3 45999 102 154
471 46033 58 3 46091 0 58
632 45997 62 1 46119 60 122
474 46144 28 3 46172 0 28
879 46221 27 3 46248 0 27
977 46611 45 4 46656 0 45
237 46648 68 2 46724 8 76
994 46744 37 3 46781 0 37
344 47041 34 4 47075 0 34
488 47074 59 1 47134 1 60
459 47244 56 4 47300 0 56
781 47190 89 1 47335 56 145
472 47517 22 2 47539 0 22
525 47545 25 2 47570 0 25
452 47506 47 4 47600 47 94
693 47724 40 2 47764 0 40
566 47893 37 3 47930 0 37
982 47985 35 3 48020 0 35
41 48070 87 4 48157 0 87
506 48327 21 1 48348 0 21
122 48383 40 2 48423 0 40
287 48482 25 3 48507 0 25
938 48608 23 2 48631 0 23
713 48590 53 2 48666 23 76
951 48780 24 4 48804 0 24
395 48884 23 4 48907 0 23
303 48971 25 3 48996 0 25
965 49169 26 3 49195 0 26
712 49196 41 4 49237 0 41
468 49163 46 2 49276 67 113
313 49222 47 4 49323 54 101
813 49113 58 4 49331 160 218
921 49535 32 3 49567 0 32
906 49635 55 1 49690 0 55
235 49608 79 3 49742 55 134
148 49808 30 4 49838 0 30
563 49828 53 4 49891 10 63
404 50195 41 1 50236 0 41
552 50383 32 2 50415 0 32
10 50357 42 4 50431 32 74
81 50393 64 3 50495 38 102
650 50500 48 2 50548 0 48
431 50370 66 1 50609 173 239
243 50620 34 4 50654 0 34
513 50834 46 3 50880 0 46
483 50898 43 3 50941 0 43
936 51206 35 2 51241 0 35
567 51174 56 1 51265 35 91
127 51338 31 4 51369 0 31
265 51298 49 2 51378 31 80
53 51136 86 4 51393 171 257
891 51411 92 3 51503 0 92
641 51549 46 3 51595 0 46
464 51630 21 4 51651 0 21
699 51651 63 2 51714 0 63
212 51747 38 2 51785 0 38
26 51800 56 3 51856 0 56
168 51731 69 4 51894 94 163
677 51934 32 2 51966 0 32
440 51949 46 3 52012 17 63
793 52033 41 1 52074 0 41
683 51944 65 4 52118 109 174
839 51821 69 2 52147 257 326
945 52196 53 3 52249 0 53
642 51654 86 4 52269 529 615
213 51669 96 3 52365 600 696
114 52396 57 1 52453 0 57
32 52582 33 4 52615 0 33
370 52815 40 4 52855 0 40
751 53165 40 2 53205 0 40
803 53341 53 1 53394 0 53
379 53260 84 4 53397 53 137
478 53521 30 2 53551 0 30
192 53568 66 4 53634 0 66
104 53555 81 2 53702 66 147
108 53752 57 3 53809 0 57
503 53822 45 3 53867 0 45
469 53766 60 4 53914 88 148
181 53510 84 4 53933 339 423
855 53945 48 2 53993 0 48
270 54061 55 3 54116 0 55
875 54236 21 2 54257 0 21
230 54279 44 3 54323 0 44
224 54217 83 4 54365 65 148
362 54384 32 4 54416 0 32
363 54476 23 2 54499 0 23
172 54419 60 1 54502 23 83
757 54449 68 2 54570 53 121
429 54784 39 4 54823 0 39
550 54814 68 4 54891 9 77
380 55014 50 3 55064 0 50
421 55070 61 3 55131 0 61
635 55036 75 4 55200 89 164
57 55312 60 4 55372 0 60
730 55380 31 4 55411 0 31
664 55391 70 3 55481 20 90
818 55534 32 3 55566 0 32
211 55619 48 4 55667 0 48
323 55717 47 4 55764 0 47
999 55748 71 2 55835 16 87
206 56024 21 3 56045 0 21
809 56129 43 3 56172 0 43
913 56185 57 1 56242 0 57
524 56276 39 2 56315 0 39
795 56167 68 3 56336 101 169
806 56287 71 3 56407 49 120
274 56077 85 4 56440 278 363
520 56746 20 4 56766 0 20
575 56885 22 4 56907 0 22
608 57029 35 4 57064 0 35
28 57109 52 4 57161 0 52
710 57105 55 1 57212 52 107
738 57009 63 2 57214 142 205
42 57243 56 3 57299 0 56
263 57429 66 3 57495 0 66
160 57591 71 4 57662 0 71
9 57662 72 3 57734 0 72
893 57614 79 3 57813 120 199
734 57857 28 4 57885 0 28
773 57882 86 2 57971 3 89
881 58117 51 3 58168 0 51
359 58169 49 4 58218 0 49
547 58504 39 3 58543 0 39
669 58582 28 2 58610 0 28
138 58986 26 1 59012 0 26
521 58964 28 1 59018 26 54
990 59015 43 3 59061 3 46
267 59208 35 1 59243 0 35
762 59240 44 2 59287 3 47
628 59335 62 4 59397 0 62
684 59302 79 2 59443 62 141
937 59499 35 3 59534 0 35
580 59592 34 2 59626 0 34
840 59605 72 3 59698 21 93
790 59494 79 4 59714 141 220
876 59753 46 2 59799 0 46
450 59859 29 4 59888 0 29
991 59875 35 4 59923 13 48
922 59929 20 4 59949 0 20
583 59932 35 4 59984 17 52
590 59975 44 3 60028 9 53
728 59918 47 3 60069 104 151
704 60141 51 3 60192 0 51
444 59972 73 2 60193 148 221
557 60221 46 2 60267 0 46
526 60308 31 3 60339 0 31
794 60322 57 3 60396 17 74
639 60227 69 4 60424 128 197
745 60467 66 4 60533 0 66
612 60362 72 4 60562 128 200
149 60301 79 3 60641 261 340
888 60643 47 4 60690 0 47
291 60728 35 4 60763 0 35
946 60711 59 3 60805 35 94
457 60802 61 4 60866 3 64
376 60741 73 3 60939 125 198
352 59855 83 4 60967 1029 1112
445 61009 47 3 61056 0 47
269 61060 46 4 61106 0 46
560 61021 58 4 61160 81 139
883 61176 54 3 61230 0 54
203 61259 21 2 61280 0 21
319 61241 42 4 61304 21 63
896 61412 56 1 61468 0 56
189 61480 27 3 61507 0 27
197 61499 38 4 61545 8 46
746 61503 40 2 61585 42 82
810 61615 20 3 61635 0 20
202 61591 32 4 61643 20 52
480 61569 49 4 61686 68 117
987 61536 54 4 61740 150 204
218 61519 54 3 61794 221 275
681 61489 62 3 61856 305 367
392 61902 25 2 61927 0 25
106 61968 26 4 61994 0 26
45 61890 54 4 61995 51 105
157 62014 27 3 62041 0 27
731 62009 73 1 62109 27 100
8 61776 81 2 62142 285 366
193 62144 24 4 62168 0 24
543 61566 83 4 62249 600 683
476 62358 26 2 62384 0 26
564 62371 40 3 62424 13 53
772 62481 30 2 62511 0 30
151 62568 44 2 62612 0 44
711 62706 71 4 62777 0 71
976 62828 44 4 62872 0 44
330 63075 28 3 63103 0 28
721 63047 30 3 63105 28 58
350 63021 72 4 63151 58 130
348 63174 33 3 63207 0 33
48 63192 42 2 63249 15 57
250 63266 43 2 63309 0 43
911 63321 35 3 63356 0 35
227 63173 85 4 63411 153 238
518 63713 21 3 63734 0 21
954 63798 53 3 63851 0 53
860 63999 66 2 64065 0 66
239 64111 57 3 64168 0 57
645 64159 71 4 64239 9 80
884 64273 44 4 64317 0 44
88 64323 23 4 64346 0 23
799 64351 21 3 64372 0 21
116 64330 26 3 64393 37 63
585 64397 42 3 64439 0 42
797 64387 53 1 64488 48 101
64 64361 59 4 64547 127 186
390 64557 45 4 64602 0 45
83 64609 46 4 64655 0 46
490 64405 68 2 64706 233 301
914 64739 49 4 64788 0 49
887 64839 32 2 64871 0 32
925 64867 45 4 64916 4 49
70 64716 83 3 64925 126 209
399 64391 84 3 64999 524 608
857 65029 38 4 65067 0 38
848 65083 24 1 65119 12 36
234 65095 24 1 65131 12 36
36 65145 32 4 65177 0 32
438 65167 48 4 65225 10 58
928 65293 53 3 65346 0 53
413 65350 36 2 65386 0 36
577 65284 59 3 65432 89 148
975 65435 22 3 65457 0 22
2 65513 23 3 65536 0 23
847 65411 78 4 65555 66 144
124 65511 79 3 65634 44 123
862 65191 91 4 65666 384 475
30 65748 53 3 65801 0 53
858 65686 76 3 65815 53 129
383 66017 41 3 66058 0 41
185 66053 42 4 66100 5 47
82 66112 57 4 66169 0 57
24 66220 28 2 66248 0 28
956 66212 53 4 66293 28 81
111 66121 77 3 66327 129 206
484 66416 76 4 66492 0 76
495 66136 91 1 66494 267 358
532 66509 52 2 66561 0 52
292 66495 60 1 66607 52 112
279 66638 31 3 66669 0 31
545 66545 65 4 66703 93 158
750 66727 34 2 66761 0 34
437 66768 20 3 66788 0 20
655 66729 50 3 66831 52 102
236 66922 46 3 66968 0 46
569 67117 24 4 67141 0 24
700 67079 47 2 67150 24 71
217 67111 51 4 67201 39 90
634 67078 59 4 67259 122 181
838 67294 44 3 67338 0 44
248 67093 61 2 67364 210 271
964 67311 69 1 67433 53 122
679 67521 24 2 67545 0 24
509 67540 32 4 67577 5 37
511 67587 43 4 67630 0 43
231 67476 55 4 67630 99 154
512 67464 70 1 67688 154 224
846 67108 87 3 67744 549 636
910 67874 27 2 67901 0 27
295 67849 52 3 67928 27 79
739 67989 22 3 68011 0 22
262 67832 82 3 68015 101 183
280 68122 34 3 68156 0 34
822 68075 51 3 68160 34 85
320 68218 54 4 68272 0 54
338 68100 89 3 68303 114 203
651 68506 29 1 68535 0 29
271 68494 61 4 68584 29 90
29 68449 70 1 68609 90 160
332 68663 59 4 68722 0 59
617 68723 40 4 68763 0 40
752 68441 71 3 68771 259 330
514 68830 30 3 68860 0 30
378 68946 34 3 68980 0 34
927 69054 64 4 69118 0 64
412 69049 87 4 69200 64 151
850 69333 35 2 69368 0 35
4 69390 43 4 69433 0 43
597 69552 30 4 69582 0 30
66 69669 28 4 69697 0 28
134 69616 78 1 69722 28 106
95 69800 24 4 69824 0 24
502 69965 45 1 70010 0 45
625 70163 24 2 70187 0 24
780 70237 25 1 70262 0 25
406 70180 52 3 70264 32 84
868 70384 86 4 70470 0 86
668 70499 63 2 70562 0 63
808 70632 92 4 70724 0 92
917 70757 56 2 70813 0 56
555 70819 32 3 70851 0 32
85 70916 28 2 70944 0 28
283 70946 40 4 70986 0 40
920 70938 43 4 71027 46 89
941 71044 36 4 71080 0 36
92 71036 41 4 71113 36 77
6 70855 74 4 71117 188 262
463 70965 75 2 71192 152 227
939 71242 34 3 71276 0 34
613 71285 29 3 71314 0 29
582 71370 72 4 71442 0 72
90 71493 24 1 71517 0 24
610 71573 26 4 71599 0 26
84 71556 28 3 71610 26 54
676 71622 24 3 71646 0 24
798 71511 56 3 71651 84 140
970 71731 20 3 71751 0 20
442 71739 71 3 71822 12 83
959 71860 52 3 71912 0 52
479 71916 36 4 71952 0 36
556 72002 20 3 72022 0 20
831 71903 84 3 72052 65 149
972 72189 34 4 72223 0 34
456 72176 42 3 72252 34 76
455 72129 68 4 72273 76 144
109 72219 92 4 72365 54 146
842 72418 40 3 72458 0 40
926 72412 43 3 72495 40 83
356 72399 60 4 72542 83 143
786 72561 21 3 72582 0 21
177 72589 26 2 72615 0 26
51 72567 32 4 72640 41 73
208 72684 34 4 72718 0 34
538 72796 71 4 72867 0 71
722 72987 56 4 73043 0 56
275 72953 58 3 73067 56 114
417 73145 58 3 73203 0 58
335 73337 39 2 73376 0 39
983 73301 49 4 73389 39 88
658 73474 35 4 73509 0 35
515 73459 36 4 73530 35 71
103 73441 54 4 73566 71 125
696 73603 82 4 73685 0 82
427 73725 35 4 73760 0 35
706 73706 39 4 73780 35 74
225 73866 40 3 73906 0 40
246 73967 20 4 73987 0 20
611 74036 56 4 74092 0 56
984 74153 38 2 74191 0 38
69 74191 53 2 74244 0 53
942 74276 29 4 74305 0 29
102 74248 31 3 74308 29 60
594 74320 34 4 74354 0 34
715 74359 36 2 74395 0 36
871 74312 53 3 74435 70 123
558 74464 23 3 74487 0 23
293 74291 55 4 74509 163 218
778 74576 27 4 74603 0 27
768 74543 55 2 74625 27 82
125 74603 58 3 74683 22 80
827 74184 68 4 74713 461 529
347 74810 45 2 74855 0 45
674 74782 69 2 74896 45 114
266 74723 73 2 74910 114 187
98 74913 40 4 74953 0 40
863 74102 79 4 74968 787 866
301 75029 21 4 75050 0 21
997 75042 44 4 75094 8 52
44 74987 83 3 75135 65 148
425 74655 84 3 75200 461 545
113 74120 87 4 75287 1080 1167
744 75340 28 3 75368 0 28
523 75398 20 4 75418 0 20
686 75414 29 4 75447 4 33
343 75436 32 4 75479 11 43
133 75533 43 3 75576 0 43
107 75406 60 1 75582 116 176
536 75628 32 4 75660 0 32
541 75603 42 4 75677 32 74
649 75483 80 3 75736 173 253
570 75740 20 4 75760 0 20
573 75793 27 3 75820 0 27
666 75777 74 4 75878 27 101
886 75928 34 3 75962 0 34
461 75976 37 4 76013 0 37
759 76065 26 3 76091 0 26
591 76075 50 3 76141 16 66
241 76150 39 1 76189 0 39
817 76160 56 4 76245 29 85
341 76293 22 4 76315 0 22
128 76265 43 1 76330 22 65
31 76367 29 2 76396 0 29
689 76295 63 2 76422 64 127
294 76430 27 3 76457 0 27
968 76511 49 4 76560 0 49
908 76567 41 2 76608 0 41
618 76290 72 4 76611 249 321
281 76794 27 4 76821 0 27
409 76837 21 3 76858 0 21
801 76786 35 2 76869 48 83
870 76872 57 3 76929 0 57
12 76960 21 4 76981 0 21
38 76832 60 3 77007 115 175
403 76846 68 3 77075 161 229
565 77159 25 3 77184 0 25
678 77384 27 3 77411 0 27
72 77439 57 4 77496 0 57
436 77528 30 2 77558 0 30
727 77534 40 3 77598 24 64
126 77629 48 3 77677 0 48
349 77687 37 4 77724 0 37
844 77694 48 2 77772 30 78
919 77543 50 4 77781 188 238
955 77608 53 1 77834 173 226
504 77484 66 2 77868 318 384
622 77806 80 1 77948 62 142
779 78109 41 2 78150 0 41
65 78119 42 2 78192 31 73
703 78047 76 3 78206 83 159
816 78278 30 4 78308 0 30
643 78324 32 2 78356 0 32
233 78368 22 3 78390 0 22
373 78264 52 3 78400 84 136
253 78406 31 3 78437 0 31
58 78463 27 4 78490 0 27
342 78376 54 4 78512 82 136
158 78034 79 2 78520 407 486
214 78568 40 4 78608 0 40
56 78647 42 2 78689 0 42
130 78673 65 3 78754 16 81
978 78817 33 4 78850 0 33
388 78898 33 2 78931 0 33
776 79153 25 4 79178 0 25
159 79098 66 3 79189 25 91
264 79107 89 4 79278 82 171
705 79430 32 4 79462 0 32
726 79404 41 2 79477 32 73
96 79635 25 1 79660 0 25
357 79741 26 2 79767 0 26
856 79768 58 3 79826 0 58
46 79734 60 3 79878 84 144
238 79928 43 1 79971 0 43
255 80056 46 3 80102 0 46
73 80157 33 4 80190 0 33
397 80076 57 4 80192 59 116
286 80216 31 1 80247 0 31
562 80060 60 3 80283 163 223
358 80330 45 2 80375 0 45
201 80063 69 3 80397 265 334
257 80564 48 4 80612 0 48
1000 80761 40 1 80801 0 40
603 80834 50 3 80884 0 50
184 80942 45 2 80987 0 45
396 80988 42 4 81030 0 42
258 81115 28 3 81143 0 28
962 81039 76 3 81143 28 104
80 80925 79 2 81195 191 270
219 81213 34 4 81247 0 34
979 81296 27 4 81323 0 27
770 81306 57 4 81380 17 74
742 81399 23 1 81422 0 23
435 81388 27 1 81438 23 50
37 81502 21 1 81523 0 21
716 81489 30 4 81540 21 51
554 81440 52 3 81543 51 103
623 81269 60 4 81566 237 297
282 81573 28 2 81601 0 28
909 81587 42 4 81643 14 56
601 81658 24 4 81682 0 24
386 81603 51 2 81718 64 115
446 81538 64 2 81775 173 237
782 81819 34 4 81853 0 34
912 81825 41 3 81894 28 69
277 81896 59 4 81955 0 59
967 81818 74 1 82026 134 208
369 81065 88 2 82031 878 966
640 82080 63 4 82143 0 63
475 82171 23 4 82194 0 23
215 82133 76 4 82242 33 109
723 82182 78 4 82320 60 138
527 82357 23 2 82380 0 23
957 82380 41 4 82421 0 41
50 82437 74 4 82511 0 74
339 82513 20 1 82533 0 20
216 82525 21 4 82554 8 29
934 82558 22 3 82580 0 22
119 82543 29 1 82605 33 62
232 82536 44 3 82649 69 113
288 82625 48 3 82697 24 72
13 82750 32 2 82782 0 32
841 82720 33 2 82785 32 65
901 82786 24 4 82810 0 24
980 82808 41 4 82851 2 43
729 82876 20 4 82896 0 20
276 82799 44 3 82915 72 116
247 82823 47 1 82962 92 139
196 83048 52 4 83100 0 52
717 83133 23 3 83156 0 23
615 83061 55 4 83178 62 117
878 83216 24 3 83240 0 24
259 83268 40 4 83308 0 40
607 83249 49 4 83338 40 89
673 83092 56 3 83347 199 255
451 83358 24 4 83382 0 24
627 83375 34 2 83416 7 41
307 83032 63 4 83452 357 420
630 83027 66 4 83513 420 486
493 83547 47 4 83594 0 47
763 83597 32 4 83629 0 32
99 83599 60 4 83689 30 90
131 83720 55 3 83775 0 55
375 83838 34 3 83872 0 34
244 83766 63 2 83872 43 106
568 83801 68 3 83940 71 139
228 83298 69 4 83941 574 643
548 84052 20 3 84072 0 20
905 84031 35 4 84086 20 55
328 84002 44 3 84101 55 99
430 84154 36 4 84190 0 36
788 84039 64 2 84201 98 162
695 83404 82 2 84222 736 818
691 84253 57 3 84310 0 57
54 84386 31 2 84417 0 31
140 84357 42 4 84430 31 73
5 84279 65 4 84448 104 169
366 84462 66 2 84528 0 66
89 84562 25 2 84587 0 25
760 84006 84 3 84592 502 586
361 84679 20 2 84699 0 20
329 84712 23 3 84735 0 23
599 84673 39 4 84755 43 82
302 84675 90 4 84845 80 170
719 84852 25 4 84877 0 25
930 84941 22 3 84963 0 22
631 84880 74 4 84976 22 96
579 83960 92 3 84977 925 1017
164 85024 37 4 85061 0 37
944 85197 38 3 85235 0 38
497 85248 21 1 85269 0 21
517 85268 36 3 85305 1 37
498 85208 44 3 85336 84 128
308 85320 96 4 85432 16 112
205 85492 35 3 85527 0 35
854 85528 30 2 85558 0 30
382 85592 24 1 85616 0 24
178 85613 34 3 85650 3 37
835 85676 32 3 85708 0 32
199 85873 69 4 85942 0 69
974 86008 27 3 86035 0 27
829 85968 51 4 86046 27 78
165 85938 72 4 86092 82 154
384 86095 68 2 86163 0 68
318 86187 48 2 86235 0 48
602 86202 50 3 86285 33 83
354 86323 29 1 86352 0 29
593 86375 44 4 86419 0 44
885 86220 83 4 86441 138 221
761 86475 22 2 86497 0 22
418 86405 91 4 86554 58 149
644 86624 21 4 86645 0 21
150 86644 26 4 86671 1 27
454 86606 26 2 86679 47 73
364 86646 52 3 86731 33 85
702 86780 54 3 86834 0 54
162 86660 59 2 86844 125 184
402 86861 25 4 86886 0 25
229 86883 39 4 86955 33 72
209 86895 39 4 86964 30 69
268 86863 55 4 87019 101 156
336 86907 65 2 87084 112 177
708 87087 38 4 87125 0 38
802 87125 43 2 87168 0 43
398 87174 40 4 87214 0 40
811 87263 26 1 87289 0 26
621 87292 39 4 87331 0 39
950 86934 70 4 87340 336 406
947 87436 36 4 87472 0 36
93 87385 57 3 87478 36 93
63 87506 46 3 87552 0 46
904 87600 28 4 87628 0 28
467 87517 52 3 87632 63 115
996 87670 22 3 87692 0 22
407 87679 35 3 87727 13 48
540 87664 49 2 87770 57 106
433 87488 60 4 87780 232 292
423 87800 41 3 87841 0 41
907 87723 62 3 87883 98 160
316 86939 72 3 87900 889 961
680 86796 80 4 87963 1087 1167
100 87421 82 4 88045 542 624
25 88077 41 2 88118 0 41
872 87437 86 3 88172 649 735
40 88336 37 3 88373 0 37
154 88379 64 4 88443 0 64
405 88449 21 2 88470 0 21
834 88445 40 2 88506 21 61
86 88523 20 2 88543 0 20
141 88572 26 4 88598 0 26
226 88539 34 3 88603 30 64
415 88596 38 4 88641 7 45
992 88655 23 4 88678 0 23
183 88634 38 3 88702 30 68
614 88763 27 4 88790 0 27
953 88800 24 4 88824 0 24
145 88729 44 3 88824 51 95
152 88790 46 2 88870 34 80
306 88843 52 4 88922 27 79
449 88493 60 4 88938 385 445
995 88841 73 4 89011 97 170
123 89033 65 4 89098 0 65
67 89173 30 3 89203 0 30
477 89176 30 1 89233 27 57
252 89233 54 4 89287 0 54
659 89303 21 3 89324 0 21
94 89311 54 4 89378 13 67
952 89443 51 2 89494 0 51
690 89470 82 3 89576 24 106
595 89591 95 3 89686 0 95
592 89748 27 1 89775 0 27
439 89868 48 2 89916 0 48
766 90049 35 2 90084 0 35
340 90114 66 1 90180 0 66
902 90268 22 4 90290 0 22
897 90304 23 4 90327 0 23
812 90381 36 4 90417 0 36
789 90355 48 4 90439 36 84
27 90453 41 4 90494 0 41
317 90325 60 3 90512 127 187
633 90493 63 4 90575 19 82
426 90624 34 3 90658 0 34
609 90814 30 3 90844 0 30
175 90770 57 3 90857 30 87
507 90747 62 3 90896 87 149
624 90948 23 4 90971 0 23
662 90931 25 3 90979 23 48
559 90903 58 3 91009 48 106
587 91038 42 4 91080 0 42
533 90722 63 3 91082 297 360
501 91138 56 4 91194 0 56
656 90894 68 2 91206 244 312
819 91248 52 1 91300 0 52
118 91251 72 2 91372 49 121
571 91407 40 4 91447 0 40
785 91487 40 4 91527 0 40
465 91547 46 4 91593 0 46
864 91671 24 2 91695 0 24
516 91676 32 4 91727 19 51
310 91741 25 4 91766 0 25
11 91844 22 4 91866 0 22
701 91821 27 2 91870 22 49
377 91800 30 4 91879 49 79
791 91817 39 2 91918 62 101
300 91776 42 2 91936 118 160
194 91933 46 3 91982 3 49
561 91987 22 2 92009 0 22
23 92019 22 3 92041 0 22
960 92056 35 3 92091 0 35
867 91981 48 4 92109 80 128
748 91826 49 4 92158 283 332
544 92123 62 3 92220 35 97
256 92224 28 2 92252 0 28
647 92299 38 4 92337 0 38
940 91759 67 2 92343 517 584
824 92332 72 3 92415 11 83
137 92439 32 4 92471 0 32
652 91782 80 2 92527 665 745
428 92567 29 3 92596 0 29
736 92603 70 4 92673 0 70
297 92778 31 4 92809 0 31
832 92762 47 4 92840 31 78
360 92725 51 4 92854 78 129
169 92987 43 1 93030 0 43
180 92961 45 4 93049 43 88
629 92887 74 2 93049 88 162
828 92944 77 2 93126 105 182
353 93205 32 1 93237 0 32
852 92967 82 2 93240 191 273
345 93282 42 2 93324 0 42
653 93304 55 4 93379 20 75
718 93232 85 3 93422 105 190
49 93683 22 4 93705 0 22
170 93710 26 4 93736 0 26
572 93802 20 4 93822 0 20
337 93951 22 2 93973 0 22
153 93937 23 3 93982 22 45
890 93951 32 4 94014 31 63
110 93960 58 4 94072 54 112
530 94166 22 3 94188 0 22
529 94178 35 4 94223 10 45
285 94134 43 4 94234 57 100
372 94230 46 4 94280 4 50
694 94353 31 4 94384 0 31
861 94299 56 3 94386 31 87
176 94229 62 4 94429 138 200
880 94188 63 1 94492 241 304
756 94164 64 4 94556 328 392
929 94613 44 3 94657 0 44
877 94626 65 2 94722 31 96
1 94693 66 3 94788 29 95
21 94871 28 1 94899 0 28
166 94842 31 3 94901 28 59
60 94930 23 3 94953 0 23
367 94957 35 4 94992 0 35
251 94988 37 1 95029 4 41
424 94884 38 2 95034 112 150
171 94627 69 3 95049 353 422
737 95074 28 4 95102 0 28
327 95145 51 4 95196 0 51
606 95128 51 2 95230 51 102
91 95368 77 3 95445 0 77
393 95588 36 4 95624 0 36
725 95588 45 3 95669 36 81
915 95701 28 4 95729 0 28
411 95789 22 4 95811 0 22
874 95795 24 3 95835 16 40
220 95860 28 4 95888 0 28
709 95859 46 4 95933 28 74
743 95801 74 3 95983 108 182
626 95748 74 2 96016 194 268
144 96128 22 2 96150 0 22
578 96188 25 4 96213 0 25
815 96194 36 4 96249 19 55
355 96268 25 4 96293 0 25
671 96290 35 2 96328 3 38
724 96230 40 3 96349 79 119
845 96170 41 4 96396 185 226
805 96188 41 4 96413 184 225
792 96471 25 3 96496 0 25
422 96431 52 4 96508 25 77
981 96515 49 4 96564 0 49
299 96572 27 3 96599 0 27
76 96297 63 1 96629 269 332
933 96677 51 4 96728 0 51
765 96773 25 4 96798 0 25
240 96733 68 3 96826 25 93
733 96844 30 4 96874 0 30
391 96895 38 3 96933 0 38
186 96867 56 3 96968 45 101
774 96965 57 3 97025 3 60
494 97122 22 3 97144 0 22
260 97123 29 3 97173 21 50
971 97064 58 4 97173 51 109
775 97208 36 1 97244 0 36
17 97043 65 3 97253 145 210
331 96806 70 1 97287 411 481
414 97357 25 3 97382 0 25
19 97294 73 4 97392 25 98
190 96162 77 2 97401 1162 1239
75 97489 29 3 97518 0 29
598 97488 42 4 97559 29 71
576 97569 28 3 97597 0 28
453 97438 63 4 97600 99 162
20 97635 27 3 97662 0 27
460 97667 36 4 97703 0 36
174 97613 43 4 97719 63 106
732 97615 44 3 97763 104 148
105 97804 24 1 97828 0 24
619 97801 27 4 97852 24 51
899 97786 41 4 97878 51 92
784 97848 61 2 97939 30 91
242 97380 77 1 97943 486 563
351 97944 52 3 97996 0 52
534 98077 30 4 98107 0 30
142 98036 55 3 98121 30 85
807 98145 26 3 98171 0 26
973 98200 46 4 98246 0 46
986 98235 49 4 98295 11 60
59 98353 31 2 98384 0 31
836 98328 41 2 98400 31 72
156 98394 52 3 98452 6 58
191 98296 60 3 98480 124 184
120 98501 23 2 98524 0 23
894 98485 39 3 98547 23 62
873 98073 72 2 98560 415 487
989 98588 55 3 98643 0 55
298 98699 29 2 98728 0 29
408 98575 72 1 98731 84 156
966 98799 39 3 98838 0 39
636 98762 47 4 98848 39 86
79 98896 49 4 98945 0 49
394 98838 61 4 98958 59 120
309 98965 28 4 98993 0 28
519 98833 66 4 99052 153 219
528 99117 57 4 99174 0 57
714 99175 29 2 99204 0 29
432 99250 23 3 99273 0 23
661 99159 65 3 99291 67 132
321 99184 67 4 99358 107 174
305 99029 83 4 99376 264 347
179 98348 86 4 99416 982 1068
764 96889 90 1 99465 2486 2576
71 99524 32 3 99556 0 32
546 99176 92 4 99589 321 413
278 99701 24 2 99725 0 24
481 99684 38 3 99746 24 62
466 99750 56 3 99806 0 56
245 99628 79 3 99825 118 197
998 99848 22 1 99870 0 22
814 99886 31 3 99917 0 31
222 99844 32 4 99929 53 85
646 99950 39 4 99989 0 39
821 99980 41 2 100030 9 50
200 99974 63 2 100093 56 119
537 99868 68 1 100140 204 272
188 99987 70 4 100210 153 223
665 99889 76 4 100286 321 397
667 99626 80 4 100345 639 719
