108775 1000 1642 1568
28 1987 90 4 2077 0 90
233 2167 79 1 2246 0 79
989 2894 64 3 2958 0 64
371 4647 70 3 4717 0 70
536 5565 60 3 5625 0 60
150 6001 87 2 6088 0 87
380 6251 88 4 6339 0 88
806 6782 37 3 6819 0 37
581 7309 70 4 7379 0 70
306 7609 89 4 7698 0 89
487 7770 70 3 7840 0 70
450 8533 87 4 8620 0 87
800 8591 87 4 8707 29 116
652 10184 70 4 10254 0 70
546 10344 85 3 10429 0 85
372 10729 70 4 10799 0 70
135 10815 90 3 10905 0 90
335 11676 95 4 11771 0 95
724 12525 91 4 12616 0 91
722 13033 65 4 13098 0 65
295 13372 63 2 13435 0 63
466 13891 68 1 13959 0 68
505 14687 48 2 14735 0 48
73 15294 62 4 15356 0 62
492 16126 77 1 16203 0 77
675 16427 95 2 16522 0 95
876 16605 37 4 16642 0 37
808 17322 76 3 17398 0 76
281 17728 98 2 17826 0 98
988 17872 47 4 17919 0 47
615 19143 44 4 19187 0 44
891 19249 90 3 19339 0 90
67 19604 82 4 19686 0 82
866 19707 64 2 19771 0 64
875 19808 35 2 19843 0 35
368 19851 91 3 19942 0 91
857 19943 84 4 20027 0 84
639 20151 98 2 20249 0 98
259 20715 68 4 20783 0 68
997 20907 57 3 20964 0 57
128 21302 47 3 21349 0 47
811 21551 82 4 21633 0 82
618 21572 74 4 21707 61 135
599 21568 94 3 21801 139 233
972 22176 97 3 22273 0 97
104 22715 88 2 22803 0 88
333 22775 48 4 22851 28 76
583 22792 52 4 22903 59 111
880 22876 92 2 22995 27 119
37 23100 33 4 23133 0 33
922 23164 93 4 23257 0 93
159 23428 75 3 23503 0 75
898 23638 35 3 23673 0 35
713 23695 93 3 23788 0 93
33 23735 70 3 23858 53 123
161 23794 95 4 23953 64 159
681 23834 95 4 24048 119 214
458 24259 65 3 24324 0 65
638 24336 59 4 24395 0 59
31 24631 89 4 24720 0 89
608 24679 43 2 24763 41 84
612 24713 51 2 24814 50 101
113 24828 84 3 24912 0 84
827 25569 96 2 25665 0 96
651 25684 98 3 25782 0 98
27 25767 87 4 25869 15 102
623 26106 57 3 26163 0 57
307 26584 99 4 26683 0 99
338 27103 79 4 27182 0 79
194 27245 89 3 27334 0 89
594 27316 97 3 27431 18 115
245 27673 75 3 27748 0 75
787 27764 70 4 27834 0 70
533 27948 96 4 28044 0 96
823 28048 87 4 28135 0 87
139 28151 84 4 28235 0 84
176 28228 64 3 28299 7 71
315 28345 92 4 28437 0 92
918 29005 48 4 29053 0 48
339 29146 90 3 29236 0 90
410 29578 95 3 29673 0 95
756 29939 47 3 29986 0 47
493 29979 86 4 30072 7 93
509 30061 62 4 30134 11 73
815 30108 81 4 30215 26 107
105 30183 41 4 30256 32 73
236 30779 79 3 30858 0 79
750 31270 86 3 31356 0 86
166 31358 99 3 31457 0 99
151 31385 58 4 31515 72 130
861 31500 77 2 31592 15 92
327 31543 62 4 31654 49 111
62 31560 67 4 31721 94 161
928 31744 73 4 31817 0 73
773 31767 85 2 31902 50 135
17 32205 85 1 32290 0 85
561 32397 100 2 32497 0 100
189 32581 79 4 32660 0 79
228 32595 66 3 32726 65 131
34 32873 94 2 32967 0 94
571 33700 58 1 33758 0 58
877 34253 81 4 34334 0 81
544 34387 58 4 34445 0 58
926 34407 76 4 34521 38 114
462 34773 69 4 34842 0 69
376 34791 35 3 34877 51 86
220 34816 55 3 34932 61 116
301 34795 61 4 34993 137 198
92 35227 52 3 35279 0 52
781 35269 83 3 35362 10 93
292 35688 68 3 35756 0 68
122 35760 65 3 35825 0 65
598 35940 93 4 36033 0 93
636 36001 31 3 36064 32 63
69 35971 63 4 36127 93 156
630 36028 71 4 36198 99 170
700 36001 79 3 36277 197 276
985 36233 54 4 36331 44 98
882 36346 98 2 36444 0 98
663 36348 96 4 36540 96 192
810 36500 83 1 36623 40 123
431 36614 76 3 36699 9 85
393 36680 37 3 36736 19 56
304 36692 57 3 36793 44 101
993 36477 90 4 36883 316 406
478 37076 67 3 37143 0 67
75 37115 69 3 37212 28 97
943 37272 82 4 37354 0 82
180 37318 90 3 37444 36 126
503 37399 74 3 37518 45 119
686 37452 48 4 37566 66 114
961 37395 80 4 37646 171 251
862 37573 56 4 37702 73 129
1000 37554 97 3 37799 148 245
737 37785 84 2 37883 14 98
733 37823 94 2 37977 60 154
633 37883 96 2 38073 94 190
556 38077 89 1 38166 0 89
443 38388 73 3 38461 0 73
197 38524 91 2 38615 0 91
954 38776 26 3 38802 0 26
900 38846 89 2 38935 0 89
29 39060 94 3 39154 0 94
564 39100 84 3 39238 54 138
609 39245 35 4 39280 0 35
63 39316 87 2 39403 0 87
550 39452 94 4 39546 0 94
574 39527 96 1 39642 19 115
369 39764 70 4 39834 0 70
957 39839 68 4 39907 0 68
95 39891 66 4 39973 16 82
70 40130 84 3 40214 0 84
330 40446 45 4 40491 0 45
46 40486 99 4 40590 5 104
667 40577 86 4 40676 13 99
81 40716 25 3 40741 0 25
39 40719 95 2 40836 22 117
868 40759 79 4 40915 77 156
814 40719 96 4 41011 196 292
50 41198 92 4 41290 0 92
100 41232 73 3 41363 58 131
589 41342 65 1 41428 21 86
829 41295 75 4 41503 133 208
863 41606 88 3 41694 0 88
404 41635 84 4 41778 59 143
436 41769 54 3 41832 9 63
665 41706 79 3 41911 126 205
43 41643 89 3 42000 268 357
912 41883 92 4 42092 117 209
558 42172 64 3 42236 0 64
222 42233 66 4 42302 3 69
822 42200 94 3 42396 102 196
680 42575 83 3 42658 0 83
156 42723 79 4 42802 0 79
77 43108 57 2 43165 0 57
514 43153 83 4 43248 12 95
311 43239 93 1 43341 9 102
216 43401 70 4 43471 0 70
11 43591 36 3 43627 0 36
312 43647 85 2 43732 0 85
227 43716 91 1 43823 16 107
271 43741 72 2 43895 82 154
741 43928 84 3 44012 0 84
865 44173 96 2 44269 0 96
83 44184 75 2 44344 85 160
718 44199 76 4 44420 145 221
207 44367 57 3 44477 53 110
728 44513 86 2 44599 0 86
168 44560 97 4 44696 39 136
905 44695 93 1 44789 1 94
145 44834 55 1 44889 0 55
841 44847 89 2 44978 42 131
202 44858 95 4 45073 120 215
442 45065 87 1 45160 8 95
5 45112 44 3 45204 48 92
344 45350 98 1 45448 0 98
108 45477 96 3 45573 0 96
57 45495 84 2 45657 78 162
452 45586 69 3 45726 71 140
326 45589 94 3 45820 137 231
235 45911 88 3 45999 0 88
485 46055 87 4 46142 0 87
377 46077 64 4 46206 65 129
846 46113 65 3 46271 93 158
535 46217 64 4 46335 54 118
552 46080 98 4 46433 255 353
3 46583 78 4 46661 0 78
391 46590 90 4 46751 71 161
964 46712 37 2 46788 39 76
303 46840 87 1 46927 0 87
510 47007 51 3 47058 0 51
388 47203 84 1 47287 0 84
588 47255 79 3 47366 32 111
605 47364 89 4 47455 2 91
696 47478 87 4 47565 0 87
717 47517 77 4 47642 48 125
275 47669 69 3 47738 0 69
387 47739 85 3 47824 0 85
214 48400 21 4 48421 0 21
896 48401 42 3 48463 20 62
932 48451 80 2 48543 12 92
648 48477 34 3 48577 66 100
635 48568 87 3 48664 9 96
977 48585 72 2 48736 79 151
274 48720 70 4 48806 16 86
619 48624 84 2 48890 182 266
4 48401 91 1 48981 489 580
508 48543 97 2 49078 438 535
26 49064 58 4 49136 14 72
903 48713 100 4 49236 423 523
746 49238 87 2 49325 0 87
229 49310 68 1 49393 15 83
296 49355 46 3 49439 38 84
833 49273 80 2 49519 166 246
692 49416 88 2 49607 103 191
901 49583 72 4 49679 24 96
16 49322 91 2 49770 357 448
895 49735 69 2 49839 35 104
141 49703 99 1 49938 136 235
265 49866 40 1 49978 72 112
791 49970 38 2 50016 8 46
826 50218 90 2 50308 0 90
519 50325 71 3 50396 0 71
206 50388 85 1 50481 8 93
601 50400 66 4 50547 81 147
860 50441 84 4 50631 106 190
200 50522 86 2 50717 109 195
321 50978 57 4 51035 0 57
512 50997 86 4 51121 38 124
384 51152 95 2 51247 0 95
545 51165 87 4 51334 82 169
25 51328 46 2 51380 6 52
329 51368 74 3 51454 12 86
416 51330 81 1 51535 124 205
99 51439 83 3 51618 96 179
805 51406 89 4 51707 212 301
440 51757 87 4 51844 0 87
256 51790 99 3 51943 54 153
426 51926 97 3 52040 17 114
642 52001 74 4 52114 39 113
684 52199 72 1 52271 0 72
289 52292 87 4 52379 0 87
921 52358 58 3 52437 21 79
364 52507 75 4 52582 0 75
649 52553 58 4 52640 29 87
672 52658 57 4 52715 0 57
406 52680 80 4 52795 35 115
939 52787 95 3 52890 8 103
468 52904 39 4 52943 0 39
540 52940 54 3 52997 3 57
628 53030 53 3 53083 0 53
788 53052 91 4 53174 31 122
283 53094 49 4 53223 80 129
109 53182 44 3 53267 41 85
766 53219 61 4 53328 48 109
816 53133 61 3 53389 195 256
170 53296 87 3 53476 93 180
52 53396 90 1 53566 80 170
45 53590 60 4 53650 0 60
842 53744 93 2 53837 0 93
385 53758 62 3 53899 79 141
203 53835 65 3 53964 64 129
491 53947 37 4 54001 17 54
592 53861 75 4 54076 140 215
661 54052 81 2 54157 24 105
597 53884 89 4 54246 273 362
729 54210 60 3 54306 36 96
32 54122 92 4 54398 184 276
149 54121 95 4 54493 277 372
795 54188 98 4 54591 305 403
641 54602 98 3 54700 0 98
794 54617 90 3 54790 83 173
916 54981 48 1 55029 0 48
246 55172 82 3 55254 0 82
548 55195 88 4 55342 59 147
247 55377 86 2 55463 0 86
221 55442 32 3 55495 21 53
323 55588 100 2 55688 0 100
576 55630 93 2 55781 58 151
578 55705 59 4 55840 76 135
360 55817 75 4 55915 23 98
553 55910 93 3 56008 5 98
394 55928 34 4 56042 80 114
593 55949 37 3 56079 93 130
716 56068 93 3 56172 11 104
66 56180 97 3 56277 0 97
853 56232 94 2 56371 45 139
834 56302 83 3 56454 69 152
777 56433 96 4 56550 21 117
23 56572 95 4 56667 0 95
249 56609 35 3 56702 58 93
790 56788 89 3 56877 0 89
778 56841 57 4 56934 36 93
187 56813 60 2 56994 121 181
435 57051 29 4 57080 0 29
480 57063 90 2 57170 17 107
310 57162 92 2 57262 8 100
936 57234 85 4 57347 28 113
165 57073 93 1 57440 274 367
631 57346 97 3 57537 94 191
266 57594 85 3 57679 0 85
975 57609 86 4 57765 70 156
563 57750 59 3 57824 15 74
554 57734 73 3 57897 90 163
743 57890 68 4 57965 7 75
500 57860 74 2 58039 105 179
529 57885 84 1 58123 154 238
277 57958 87 4 58210 165 252
725 58140 66 2 58276 70 136
147 58213 63 4 58339 63 126
54 58314 75 4 58414 25 100
644 58392 85 4 58499 22 107
309 58454 82 4 58581 45 127
285 58210 93 4 58674 371 464
332 58662 32 4 58706 12 44
328 58511 93 4 58799 195 288
210 58734 92 3 58891 65 157
402 58836 59 4 58950 55 114
580 58946 71 4 59021 4 75
668 58992 77 4 59098 29 106
843 59056 73 2 59171 42 115
502 59145 62 3 59233 26 88
844 59034 75 4 59308 199 274
218 59158 85 3 59393 150 235
88 59462 59 4 59521 0 59
858 59506 72 2 59593 15 87
486 59577 99 1 59692 16 115
30 59691 66 3 59758 1 67
568 59730 62 3 59820 28 90
342 59763 62 2 59882 57 119
374 59868 63 3 59945 14 77
254 59858 65 4 60010 87 152
772 59639 84 4 60094 371 455
521 59676 86 3 60180 418 504
664 59476 100 4 60280 704 804
298 60256 86 2 60366 24 110
812 60307 68 4 60434 59 127
411 60567 94 3 60661 0 94
637 60638 53 3 60714 23 76
702 60609 67 3 60781 105 172
475 60618 73 4 60854 163 236
761 60609 94 1 60948 245 339
346 60942 86 2 61034 6 92
470 60973 71 4 61105 61 132
904 61186 42 3 61228 0 42
459 61318 88 4 61406 0 88
433 61431 24 1 61455 0 24
715 61485 81 3 61566 0 81
748 61501 43 2 61609 65 108
163 61516 55 2 61664 93 148
693 61671 84 4 61755 0 84
345 61792 98 4 61890 0 98
818 61842 72 1 61962 48 120
86 61830 79 4 62041 132 211
884 62215 97 2 62312 0 97
134 62224 59 4 62371 88 147
947 62301 63 1 62434 70 133
294 62575 76 3 62651 0 76
934 62630 72 3 62723 21 93
595 62661 22 3 62745 62 84
764 62675 55 4 62800 70 125
308 62995 90 3 63085 0 90
142 63005 79 2 63164 80 159
225 63065 92 4 63256 99 191
143 63243 85 4 63341 13 98
774 63329 56 4 63397 12 68
302 63470 89 3 63559 0 89
931 63661 90 4 63751 0 90
430 63694 45 3 63796 57 102
97 63776 58 4 63854 20 78
244 63833 64 2 63918 21 85
1 63893 67 4 63985 25 92
273 63919 75 2 64060 66 141
188 64048 76 4 64136 12 88
659 64115 60 4 64196 21 81
21 64147 68 4 64264 49 117
184 63709 82 2 64346 555 637
698 63809 85 4 64431 537 622
643 64410 77 3 64508 21 98
747 64443 66 4 64574 65 131
191 64520 46 4 64620 54 100
241 64592 85 3 64705 28 113
44 64648 54 3 64759 57 111
796 64695 83 1 64842 64 147
543 64807 76 3 64918 35 111
819 64847 85 4 65003 71 156
923 64976 62 2 65065 27 89
534 65005 43 4 65108 60 103
551 65089 64 4 65172 19 83
94 64934 82 2 65254 238 320
215 65003 85 4 65339 251 336
253 65333 70 4 65409 6 76
137 65369 45 3 65454 40 85
935 65340 75 3 65529 114 189
204 64181 87 2 65616 1348 1435
962 65560 34 4 65650 56 90
496 63744 91 4 65741 1906 1997
832 65740 36 4 65777 1 37
579 65681 81 3 65858 96 177
322 65830 66 1 65924 28 94
136 64787 91 3 66015 1137 1228
186 65990 47 2 66062 25 72
968 66018 46 2 66108 44 90
557 66046 51 4 66159 62 113
736 66090 75 4 66234 69 144
956 65953 79 2 66313 281 360
160 66107 85 4 66398 206 291
735 66348 60 3 66458 50 110
365 66160 86 2 66544 298 384
542 66469 57 4 66601 75 132
963 66564 29 4 66630 37 66
527 66168 87 2 66717 462 549
539 66018 91 1 66808 699 790
347 66743 59 3 66867 65 124
252 66829 67 3 66934 38 105
678 66747 69 2 67003 187 256
389 66966 30 4 67033 37 67
840 66742 91 4 67124 291 382
317 64892 92 4 67216 2232 2324
626 67143 37 1 67253 73 110
445 67193 89 4 67342 60 149
879 64189 94 4 67436 3153 3247
890 67392 64 1 67500 44 108
115 67432 67 1 67567 68 135
878 67478 82 4 67649 89 171
621 67586 58 4 67707 63 121
760 64108 94 1 67801 3599 3693
164 67750 90 1 67891 51 141
110 67834 69 3 67960 57 126
64 67933 85 2 68045 27 112
695 68028 49 2 68094 17 66
237 68039 86 3 68180 55 141
575 67975 89 2 68269 205 294
770 68222 70 4 68339 47 117
990 68320 49 4 68388 19 68
974 68382 71 3 68459 6 77
873 68444 69 2 68528 15 84
660 67959 90 3 68618 569 659
390 68594 84 4 68702 24 108
258 68209 90 3 68792 493 583
515 68610 93 4 68885 182 275
38 68878 27 3 68912 7 34
930 68280 95 1 69007 632 727
809 64240 96 4 69103 4767 4863
148 69077 71 4 69174 26 97
441 68629 96 4 69270 545 641
830 69230 42 3 69312 40 82
870 69298 39 1 69351 14 53
448 69218 95 3 69446 133 228
489 66018 96 4 69542 3428 3524
205 69534 78 3 69620 8 86
40 69548 59 4 69679 72 131
499 69594 70 2 69749 85 155
687 69464 80 4 69829 285 365
712 69762 54 3 69883 67 121
488 69752 65 4 69948 131 196
745 69564 80 2 70028 384 464
290 69961 65 1 70093 67 132
835 70030 47 4 70140 63 110
418 69997 93 4 70233 143 236
276 70144 90 4 70323 89 179
208 70310 48 4 70371 13 61
704 70331 47 3 70418 40 87
169 70330 82 3 70500 88 170
671 70307 85 3 70585 193 278
93 70326 90 4 70675 259 349
859 70626 33 4 70708 49 82
951 65298 96 3 70804 5410 5506
469 66611 97 2 70901 4193 4290
112 66005 98 4 70999 4896 4994
705 68940 98 3 71097 2059 2157
755 71057 68 4 71165 40 108
337 71079 70 4 71235 86 156
175 71165 86 4 71321 70 156
614 71317 84 3 71405 4 88
427 71394 75 4 71480 11 86
74 71257 89 2 71569 223 312
899 71489 64 4 71633 80 144
471 71624 40 4 71673 9 49
758 71666 96 2 71769 7 103
825 71760 57 2 71826 9 66
640 71733 90 3 71916 93 183
357 71871 78 4 71994 45 123
239 71970 72 2 72066 24 96
358 72001 87 1 72153 65 152
90 72067 58 4 72211 86 144
367 72102 73 2 72284 109 182
971 72244 79 1 72363 40 119
798 72363 59 4 72422 0 59
869 72171 82 4 72504 251 333
742 71930 94 1 72598 574 668
913 67270 98 2 72696 5328 5426
494 72679 91 1 72787 17 108
925 72786 49 4 72836 1 50
260 72770 76 4 72912 66 142
48 72885 69 2 72981 27 96
455 72941 33 3 73014 40 73
412 72948 47 3 73061 66 113
352 73015 83 4 73144 46 129
824 73080 74 2 73218 64 138
498 73017 84 3 73302 201 285
538 72975 91 2 73393 327 418
318 73379 76 3 73469 14 90
407 73412 90 3 73559 57 147
41 68786 98 2 73657 4773 4871
174 73604 43 3 73700 53 96
453 73634 51 4 73751 66 117
422 73701 38 4 73789 50 88
268 72403 99 4 73888 1386 1485
65 73863 23 4 73911 25 48
331 73811 79 3 73990 100 179
855 73792 92 4 74082 198 290
622 73968 94 1 74176 114 208
350 68493 99 1 74275 5683 5782
133 74294 96 1 74390 0 96
938 74349 79 1 74469 41 120
24 74393 79 2 74548 76 155
490 74485 92 4 74640 63 155
123 74574 67 3 74707 66 133
217 74704 60 1 74767 3 63
152 74711 60 2 74827 56 116
428 74776 62 3 74889 51 113
299 74846 44 3 74933 43 87
477 74638 68 2 75001 295 363
370 74913 74 4 75075 88 162
658 75063 74 2 75149 12 86
927 75130 74 4 75223 19 93
831 75150 65 4 75288 73 138
980 75151 67 3 75355 137 204
359 75190 81 1 75436 165 246
603 75426 43 1 75479 10 53
821 74950 82 3 75561 529 611
199 74945 84 3 75645 616 700
51 75620 43 4 75688 25 68
851 75570 56 1 75744 118 174
960 75565 57 3 75801 179 236
838 75635 71 3 75872 166 237
784 75676 85 4 75957 196 281
525 74900 87 3 76044 1057 1144
14 76038 58 3 76102 6 64
689 74853 88 4 76190 1249 1337
749 75145 88 2 76278 1045 1133
251 76205 64 1 76342 73 137
177 76307 75 3 76417 35 110
119 76417 25 3 76442 0 25
80 74852 88 1 76530 1590 1678
929 76289 90 1 76620 241 331
887 74717 94 2 76714 1903 1997
714 76640 65 4 76779 74 139
526 76729 43 4 76822 50 93
425 76820 86 1 76908 2 88
2 76715 89 4 76997 193 282
572 76823 90 4 77087 174 264
650 77047 92 3 77179 40 132
586 75950 95 2 77274 1229 1324
892 77197 67 4 77341 77 144
284 77301 50 4 77391 40 90
940 77232 78 4 77469 159 237
130 77414 81 3 77550 55 136
460 77541 74 1 77624 9 83
767 77531 79 2 77703 93 172
596 77665 48 3 77751 38 86
655 77670 67 1 77818 81 148
937 77498 85 4 77903 320 405
850 77373 91 3 77994 530 621
933 75719 96 2 78090 2275 2371
8 78006 47 3 78137 84 131
399 78050 59 2 78196 87 146
361 78195 74 3 78270 1 75
420 78050 78 4 78348 220 298
602 78345 62 3 78410 3 65
849 78152 85 3 78495 258 343
701 78152 88 2 78583 343 431
103 78507 50 3 78633 76 126
769 78593 35 4 78668 40 75
915 78656 71 3 78739 12 83
910 78509 76 3 78815 230 306
82 78720 76 2 78891 95 171
102 78730 78 4 78969 161 239
107 78703 90 4 79059 266 356
881 78085 93 2 79152 974 1067
908 79064 78 3 79230 88 166
537 79221 65 4 79295 9 74
950 79200 80 4 79375 95 175
871 79315 42 4 79417 60 102
198 79308 48 4 79465 109 157
517 79334 76 2 79541 131 207
657 79536 74 2 79615 5 79
744 79555 58 4 79673 60 118
68 79664 35 3 79708 9 44
709 79574 67 4 79775 134 201
845 79709 59 3 79834 66 125
782 79802 63 4 79897 32 95
591 79700 80 2 79977 197 277
316 79649 84 3 80061 328 412
511 80043 77 3 80138 18 95
417 79314 87 4 80225 824 911
948 79319 88 3 80313 906 994
979 79307 93 2 80406 1006 1099
719 80342 31 4 80437 64 95
49 80351 46 3 80483 86 132
126 80319 60 4 80543 164 224
902 80518 42 4 80585 25 67
513 80507 49 2 80634 78 127
183 80499 55 4 80689 135 190
946 80520 58 2 80747 169 227
392 80507 67 2 80814 240 307
909 80620 68 4 80882 194 262
19 80344 68 3 80950 538 606
751 80667 75 4 81025 283 358
801 80974 25 3 81050 51 76
567 80718 83 3 81133 332 415
753 81077 41 3 81174 56 97
762 81138 47 4 81221 36 83
549 81122 76 4 81297 99 175
132 81238 80 3 81377 59 139
447 81299 38 4 81415 78 116
654 81360 65 2 81480 55 120
625 81438 38 3 81518 42 80
562 81368 65 1 81583 150 215
662 81342 69 4 81652 241 310
293 81643 68 4 81720 9 77
530 80333 84 3 81804 1387 1471
516 81569 84 2 81888 235 319
446 81871 61 2 81949 17 78
465 80597 84 1 82033 1352 1436
87 81980 64 2 82097 53 117
541 82056 65 4 82162 41 106
677 82025 67 4 82229 137 204
325 82050 68 3 82297 179 247
55 82076 72 2 82369 221 293
757 81993 77 1 82446 376 453
670 82046 83 2 82529 400 483
528 82463 67 3 82596 66 133
590 82183 84 4 82680 413 497
287 82666 57 3 82737 14 71
22 82687 54 4 82791 50 104
457 82785 59 4 82850 6 65
257 82707 76 3 82926 143 219
523 82905 64 2 82990 21 85
201 82950 71 3 83061 40 111
632 83004 73 3 83134 57 130
35 82738 81 4 83215 396 477
157 82380 85 4 83300 835 920
6 83269 54 2 83354 31 85
752 83258 63 3 83417 96 159
893 83229 78 3 83495 188 266
297 81027 86 3 83581 2468 2554
242 83538 60 4 83641 43 103
305 83563 81 2 83722 78 159
408 83652 70 3 83792 70 140
837 83746 76 4 83868 46 122
429 83530 85 4 83953 338 423
129 82813 87 3 84040 1140 1227
341 84037 45 3 84085 3 48
504 84074 40 4 84125 11 51
42 81244 87 2 84212 2881 2968
647 84134 52 4 84264 78 130
555 84249 61 2 84325 15 76
12 84321 85 2 84410 4 89
522 84239 86 2 84496 171 257
124 84453 85 3 84581 43 128
464 82402 88 2 84669 2179 2267
355 84612 73 4 84742 57 130
721 83804 88 2 84830 938 1026
785 84744 79 1 84909 86 165
173 84896 37 4 84946 13 50
976 84856 53 4 84999 90 143
874 84932 80 2 85079 67 147
59 85066 48 1 85127 13 61
85 85035 68 4 85195 92 160
463 85117 78 2 85273 78 156
262 81792 88 1 85361 3481 3569
779 85281 45 1 85406 80 125
945 85329 55 1 85461 77 132
864 85315 68 4 85529 146 214
949 85474 69 2 85598 55 124
324 85372 78 3 85676 226 304
520 85328 86 4 85762 348 434
611 85762 83 3 85845 0 83
401 85787 62 4 85907 58 120
897 85823 64 1 85971 84 148
804 85964 73 2 86044 7 80
375 85582 89 4 86133 462 551
366 86123 72 3 86205 10 82
856 86105 77 4 86282 100 177
726 86242 70 3 86352 40 110
238 86249 82 4 86434 103 185
363 86371 65 1 86499 63 128
182 86441 38 3 86537 58 96
209 86389 70 4 86607 148 218
867 86471 76 3 86683 136 212
907 86530 79 3 86762 153 232
942 86702 35 4 86797 60 95
196 86722 48 4 86845 75 123
953 86720 85 2 86930 125 210
171 86858 68 4 86998 72 140
991 86877 72 4 87070 121 193
7 86998 73 2 87143 72 145
872 87092 47 3 87190 51 98
454 86963 83 1 87273 227 310
353 87242 69 4 87342 31 100
565 87311 74 4 87416 31 105
959 87392 78 1 87494 24 102
967 87464 71 2 87565 30 101
911 86264 86 4 87651 1301 1387
255 87575 55 1 87706 76 131
807 87625 79 4 87785 81 160
153 87732 44 3 87829 53 97
624 87817 54 4 87883 12 66
600 87648 79 4 87962 235 314
720 87897 74 4 88036 65 139
839 87986 74 3 88110 50 124
320 88065 62 3 88172 45 107
685 88155 38 2 88210 17 55
56 88130 47 4 88257 80 127
79 87953 80 4 88337 304 384
449 87234 86 4 88423 1103 1189
604 88339 47 4 88470 84 131
413 88451 59 3 88529 19 78
264 88491 48 4 88577 38 86
473 87830 86 4 88663 747 833
610 88582 77 2 88740 81 158
127 87874 86 4 88826 866 952
739 88787 75 4 88901 39 114
282 88851 38 4 88939 50 88
793 88042 86 1 89025 897 983
691 88996 27 4 89052 29 56
606 88951 78 4 89130 101 179
920 88159 87 1 89217 971 1058
154 87563 87 1 89304 1654 1741
409 89261 87 3 89391 43 130
144 89342 63 3 89454 49 112
138 88794 88 4 89542 660 748
383 89480 60 4 89602 62 122
472 89458 63 2 89665 144 207
482 87047 88 4 89753 2618 2706
894 89715 74 4 89827 38 112
497 89803 42 1 89869 24 66
577 89770 72 4 89941 99 171
731 89876 40 3 89981 65 105
981 89881 42 1 90023 100 142
96 89875 63 4 90086 148 211
261 89778 72 3 90158 308 380
532 90153 81 4 90239 5 86
381 90163 52 4 90291 76 128
688 90262 31 3 90322 29 60
98 90225 58 4 90380 97 155
60 90339 71 2 90451 41 112
476 89725 82 4 90533 726 808
634 90492 37 4 90570 41 78
288 89846 83 3 90653 724 807
983 90600 76 4 90729 53 129
140 90710 39 4 90768 19 58
952 90767 67 3 90835 1 68
966 90785 69 4 90904 50 119
155 90888 42 3 90946 16 58
992 90916 69 4 91015 30 99
789 90643 78 4 91093 372 450
765 91061 49 4 91142 32 81
269 91107 45 3 91187 35 80
181 91046 66 3 91253 141 207
314 90712 78 2 91331 541 619
885 90843 78 1 91409 488 566
120 90225 85 3 91494 1184 1269
437 91469 70 3 91564 25 95
944 87281 88 4 91652 4283 4371
629 86738 88 3 91740 4914 5002
776 91679 41 4 91781 61 102
15 91692 75 4 91856 89 164
18 91802 80 2 91936 54 134
379 91894 55 4 91991 42 97
836 91896 71 3 92062 95 166
226 92057 30 1 92092 5 35
395 89378 88 2 92180 2714 2802
965 87963 89 3 92269 4217 4306
646 86078 89 3 92358 6191 6280
397 92288 58 3 92416 70 128
573 92376 80 4 92496 40 120
547 92432 58 4 92554 64 122
711 92276 86 3 92640 278 364
978 92576 52 4 92692 64 116
775 92568 84 2 92776 124 208
230 92566 86 4 92862 210 296
178 92819 51 4 92913 43 94
889 82573 89 2 93002 10340 10429
111 92997 70 3 93072 5 75
195 83375 89 1 93161 9697 9786
286 93104 52 3 93213 57 109
786 93119 64 4 93277 94 158
456 93269 73 4 93350 8 81
378 82133 90 4 93440 11217 11307
193 93405 72 4 93512 35 107
101 93511 70 4 93582 1 71
998 93564 76 4 93658 18 94
280 93606 72 4 93730 52 124
690 93687 38 1 93768 43 81
723 93726 56 4 93824 42 98
483 93658 74 2 93898 166 240
232 93833 50 3 93948 65 115
250 93756 87 4 94035 192 279
653 93844 88 3 94123 191 279
76 84314 90 4 94213 9809 9899
118 94133 42 3 94255 80 122
888 94236 48 1 94303 19 67
587 94269 55 4 94358 34 89
403 94187 71 4 94429 171 242
707 94187 74 1 94503 242 316
451 94298 85 3 94588 205 290
106 94513 78 3 94666 75 153
732 94619 51 3 94717 47 98
223 94714 62 3 94779 3 65
461 94619 70 4 94849 160 230
999 94824 65 1 94914 25 90
566 94521 80 3 94994 393 473
792 94937 82 3 95076 57 139
941 95070 29 4 95105 6 35
373 86634 90 4 95195 8471 8561
351 95110 61 2 95256 85 146
386 95211 77 4 95333 45 122
582 95128 85 2 95418 205 290
219 95355 73 3 95491 63 136
72 82594 90 4 95581 12897 12987
263 82115 90 3 95671 13466 13556
438 94618 90 3 95761 1053 1143
117 81588 90 1 95851 14173 14263
955 95807 88 3 95939 44 132
848 95852 47 4 95986 87 134
883 89735 91 4 96077 6251 6342
240 96016 70 4 96147 61 131
234 96111 51 4 96198 36 87
444 96169 51 4 96249 29 80
158 96100 79 2 96328 149 228
803 96072 80 2 96408 256 336
131 96372 43 4 96451 36 79
995 96329 81 2 96532 122 203
424 96324 86 3 96618 208 294
423 81796 91 3 96709 14822 14913
679 96667 77 4 96786 42 119
190 81409 91 2 96877 15377 15468
340 85652 92 4 96969 11225 11317
986 96916 91 3 97060 53 144
645 96981 50 3 97110 79 129
356 97057 52 1 97162 53 105
114 97114 58 2 97220 48 106
797 97013 62 2 97282 207 269
495 97267 46 4 97328 15 61
847 97328 73 4 97401 0 73
172 97301 74 4 97475 100 174
506 97186 86 4 97561 289 375
559 97554 59 4 97620 7 66
697 97528 82 2 97702 92 174
676 97685 60 4 97762 17 77
617 97710 52 3 97814 52 104
319 97672 64 3 97878 142 206
919 97853 58 4 97936 25 83
674 97678 78 3 98014 258 336
354 97964 75 3 98089 50 125
560 98065 38 2 98127 24 62
706 97783 79 3 98206 344 423
10 98154 55 2 98261 52 107
682 98199 71 4 98332 62 133
740 98285 67 3 98399 47 114
616 98345 81 3 98480 54 135
71 98413 40 2 98520 67 107
9 98460 49 4 98569 60 109
47 98425 73 4 98642 144 217
336 98621 48 4 98690 21 69
125 98645 49 3 98739 45 94
272 97389 89 4 98828 1350 1439
958 98760 83 2 98911 68 151
710 98892 77 4 98988 19 96
768 98942 49 4 99037 46 95
969 98960 60 3 99097 77 137
531 98986 84 4 99181 111 195
780 97868 91 3 99272 1313 1404
924 99228 80 4 99352 44 124
484 99310 76 3 99428 42 118
996 99358 59 2 99487 70 129
886 99379 59 1 99546 108 167
699 99507 66 2 99612 39 105
400 99468 70 3 99682 144 214
58 99627 66 4 99748 55 121
970 99748 53 3 99801 0 53
278 99547 72 1 99873 254 326
414 99558 75 4 99948 315 390
362 99941 30 4 99978 7 37
185 99390 76 4 100054 588 664
799 99995 46 3 100100 59 105
854 99424 76 4 100176 676 752
507 99330 81 1 100257 846 927
270 99984 85 2 100342 273 358
13 99888 88 4 100430 454 542
146 99868 88 2 100518 562 650
759 99769 89 4 100607 749 838
673 97889 91 3 100698 2718 2809
727 97858 91 2 100789 2840 2931
398 98090 92 4 100881 2699 2791
20 99239 92 4 100973 1642 1734
300 98857 92 4 101065 2116 2208
192 97908 92 4 101157 3157 3249
570 91954 92 3 101249 9203 9295
852 93150 92 3 101341 8099 8191
213 92076 92 2 101433 9265 9357
121 88579 92 2 101525 12854 12946
36 94460 92 2 101617 7065 7157
248 96029 92 1 101709 5588 5680
771 92759 93 4 101802 8950 9043
415 92435 93 4 101895 9367 9460
763 95445 93 4 101988 6450 6543
91 91777 93 4 102081 10211 10304
212 80557 93 3 102174 21524 21617
224 85616 93 3 102267 16558 16651
656 95420 93 3 102360 6847 6940
994 96667 93 2 102453 5693 5786
334 90598 94 4 102547 11855 11949
984 92458 94 4 102641 10089 10183
730 86269 94 4 102735 16372 16466
439 97545 94 4 102829 5190 5284
349 97112 94 4 102923 5717 5811
607 98906 94 3 103017 4017 4111
474 84243 94 3 103111 18774 18868
754 94495 94 2 103205 8616 8710
231 87515 94 2 103299 15690 15784
501 94289 94 2 103393 9010 9104
703 90232 95 4 103488 13161 13256
914 77997 95 4 103583 25491 25586
432 98296 95 4 103678 5287 5382
982 79170 95 3 103773 24508 24603
89 98905 95 3 103868 4868 4963
518 96892 95 3 103963 6976 7071
348 97876 96 4 104059 6087 6183
405 81128 96 4 104155 22931 23027
382 79361 96 2 104251 24794 24890
813 87553 96 2 104347 16698 16794
243 83765 97 4 104444 20582 20679
820 90709 97 4 104541 13735 13832
666 86027 97 3 104638 18514 18611
211 91890 97 3 104735 12748 12845
613 83972 97 3 104832 20763 20860
84 98076 97 3 104929 6756 6853
61 99257 97 3 105026 5672 5769
179 90545 97 2 105123 14481 14578
343 86595 97 2 105220 18528 18625
917 85347 97 2 105317 19873 19970
802 90695 97 1 105414 14622 14719
167 96330 98 4 105512 9084 9182
906 94696 98 4 105610 10816 10914
421 99481 98 4 105708 6129 6227
467 85557 98 4 105806 20151 20249
396 82233 98 3 105904 23573 23671
734 95248 98 3 106002 10656 10754
669 82321 98 3 106100 23681 23779
479 74462 98 2 106198 31638 31736
313 93518 98 2 106296 12680 12778
694 85475 98 2 106394 20821 20919
620 97994 98 1 106492 8400 8498
987 85553 98 1 106590 20939 21037
828 88109 99 4 106689 18481 18580
78 80341 99 4 106788 26348 26447
291 90875 99 4 106887 15913 16012
419 86006 99 4 106986 20881 20980
162 77767 99 4 107085 29219 29318
53 97704 99 3 107184 9381 9480
267 87581 99 3 107283 19603 19702
481 82590 99 3 107382 24693 24792
738 80240 99 3 107481 27142 27241
708 94698 99 3 107580 12783 12882
817 84381 99 3 107679 23199 23298
627 92034 99 2 107778 15645 15744
584 93747 99 1 107877 14031 14130
434 77646 99 1 107976 30231 30330
116 77629 99 1 108075 30347 30446
973 79766 100 4 108175 28309 28409
279 91223 100 4 108275 16952 17052
569 97212 100 4 108375 11063 11163
585 92392 100 4 108475 15983 16083
524 80074 100 3 108575 28401 28501
783 77349 100 2 108675 31226 31326
683 97735 100 1 108775 10940 11040
