102602 1731 805 745
363 2426 75 1 2501 0 75
351 3054 62 1 3116 0 62
851 5137 72 1 5209 0 72
837 5242 77 1 5319 0 77
546 5603 62 4 5665 0 62
336 5629 53 4 5718 36 89
163 6263 65 4 6328 0 65
391 6761 70 4 6831 0 70
765 8260 50 4 8310 0 50
93 8772 58 2 8830 0 58
410 9533 80 4 9613 0 80
288 10247 66 3 10313 0 66
989 10266 54 4 10367 47 101
608 10953 34 4 10987 0 34
896 10968 21 4 11008 19 40
326 11625 68 3 11693 0 68
6 12088 68 4 12156 0 68
642 12310 46 3 12356 0 46
902 12362 74 4 12436 0 74
342 12837 62 1 12899 0 62
59 13228 57 4 13285 0 57
141 13862 49 3 13911 0 49
696 13952 73 3 14025 0 73
219 14633 76 4 14709 0 76
926 14793 90 4 14883 0 90
421 14878 80 4 14963 5 85
633 15787 87 1 15874 0 87
730 15982 43 4 16025 0 43
401 16211 85 2 16296 0 85
94 16264 62 2 16358 32 94
188 16372 46 4 16418 0 46
386 16564 71 3 16635 0 71
462 17052 59 2 17111 0 59
792 17530 100 4 17630 0 100
588 17746 61 4 17807 0 61
112 17877 51 4 17928 0 51
207 17914 77 2 18005 14 91
217 18625 75 2 18700 0 75
412 18680 80 2 18780 20 100
246 18912 50 4 18962 0 50
348 19379 48 1 19427 0 48
160 19503 49 4 19552 0 49
225 19712 42 3 19754 0 42
679 19769 83 1 19852 0 83
86 19832 69 4 19921 20 89
699 20243 61 3 20304 0 61
464 20626 63 4 20689 0 63
816 21439 78 4 21517 0 78
481 21898 67 4 21965 0 67
213 22185 81 3 22266 0 81
340 22210 53 2 22369 106 159
231 22224 76 2 22395 95 171
537 22387 57 3 22452 8 65
330 22406 40 3 22492 46 86
805 22465 30 2 22522 27 57
30 22627 57 4 22684 0 57
782 23020 55 2 23125 50 105
329 23020 80 2 23155 55 135
544 23344 61 4 23405 0 61
292 23346 59 2 23464 59 118
1 23445 60 4 23524 19 79
739 23582 81 3 23663 0 81
41 23882 77 4 23959 0 77
559 24326 90 3 24416 0 90
31 24407 79 4 24495 9 88
713 24601 55 4 24656 0 55
870 25292 46 4 25338 0 46
417 25371 88 4 25459 0 88
352 25704 62 4 25766 0 62
895 25748 75 4 25841 18 93
262 25835 55 3 25896 6 61
607 26086 66 4 26152 0 66
23 26182 50 3 26232 0 50
427 26467 50 3 26517 0 50
709 26588 62 4 26650 0 62
980 26597 34 3 26684 53 87
147 26619 60 3 26744 65 125
566 27113 72 4 27185 0 72
512 27355 63 4 27418 0 63
841 27459 55 3 27514 0 55
170 27713 49 4 27762 0 49
508 27818 60 3 27878 0 60
539 27970 47 2 28017 0 47
731 28089 78 3 28167 0 78
169 28185 56 1 28291 50 106
373 28185 53 2 28294 56 109
203 28469 53 4 28522 0 53
652 28539 62 4 28601 0 62
802 28945 51 2 28996 0 51
979 29505 70 2 29575 0 70
793 29662 57 4 29719 0 57
812 29821 27 2 29848 0 27
847 30080 67 1 30147 0 67
425 30187 60 4 30247 0 60
628 30529 57 2 30586 0 57
69 30763 89 4 30852 0 89
14 30810 50 4 30902 42 92
507 30911 40 2 30951 0 40
901 30965 48 4 31013 0 48
108 31219 55 4 31274 0 55
19 31403 57 4 31460 0 57
295 31540 53 4 31593 0 53
934 31709 78 4 31787 0 78
826 32029 62 4 32091 0 62
79 32171 55 2 32226 0 55
776 32292 100 4 32392 0 100
419 32448 53 3 32501 0 53
156 32912 53 2 32965 0 53
313 32953 46 4 33011 12 58
280 33058 56 3 33114 0 56
244 33106 59 1 33173 8 67
346 33126 59 3 33282 97 156
883 33170 60 4 33342 112 172
124 33182 58 2 33350 110 168
854 33329 50 3 33400 21 71
872 33330 78 2 33578 170 248
389 33372 59 3 33587 156 215
513 33389 85 2 33622 148 233
360 33612 41 4 33713 60 101
122 33502 58 1 33721 161 219
254 33817 73 3 33890 0 73
158 34214 66 4 34280 0 66
758 34376 57 3 34433 0 57
894 34397 68 1 34501 36 104
128 34733 54 1 34787 0 54
950 34896 51 4 34947 0 51
393 34989 49 3 35038 0 49
819 35374 38 1 35412 0 38
105 36284 60 2 36344 0 60
868 37047 59 4 37106 0 59
981 37220 47 4 37267 0 47
10 37498 38 1 37536 0 38
239 37538 77 2 37615 0 77
625 37658 34 4 37692 0 34
222 37707 74 3 37781 0 74
723 38066 38 4 38104 0 38
905 38142 42 4 38184 0 42
308 38197 66 4 38263 0 66
621 38387 49 4 38436 0 49
791 38401 49 4 38485 35 84
233 38489 89 4 38578 0 89
927 39487 67 4 39554 0 67
644 39601 59 4 39660 0 59
889 39666 57 2 39723 0 57
487 39978 82 4 40060 0 82
548 40065 53 3 40118 0 53
533 40453 63 3 40516 0 63
614 40495 56 3 40572 21 77
208 40648 40 3 40688 0 40
578 40778 60 3 40838 0 60
232 40912 69 4 40981 0 69
458 40924 64 2 41045 57 121
84 41119 24 4 41143 0 24
921 41527 63 2 41590 0 63
714 41705 55 3 41760 0 55
627 41853 75 4 41928 0 75
227 41871 56 2 41984 57 113
799 42175 88 1 42263 0 88
830 42315 79 4 42394 0 79
777 42368 56 2 42500 76 132
903 42382 86 1 42536 68 154
247 42463 34 2 42570 73 107
875 42504 69 3 42689 116 185
406 42518 58 2 42697 121 179
173 42750 48 4 42798 0 48
909 42953 83 4 43036 0 83
362 42995 69 4 43155 91 160
461 43000 60 4 43215 155 215
741 43075 95 4 43260 90 185
910 43156 60 4 43470 254 314
669 43220 64 3 43484 200 264
581 43222 54 4 43488 212 266
879 43241 52 3 43490 197 249
408 43510 58 2 43568 0 58
372 43512 53 4 43621 56 109
779 43583 50 4 43671 38 88
710 43670 48 4 43769 51 99
986 43669 71 4 43790 50 121
857 43693 69 3 43859 97 166
120 44004 59 2 44063 0 59
878 44023 35 2 44098 40 75
178 44064 64 4 44162 34 98
504 44334 55 3 44389 0 55
34 44418 62 3 44480 0 62
215 44427 61 4 44541 53 114
139 44527 61 2 44602 14 75
341 44858 47 3 44905 0 47
22 44940 57 4 44997 0 57
64 45059 61 4 45120 0 61
488 45432 74 3 45506 0 74
298 45551 40 3 45591 0 40
823 45611 61 4 45672 0 61
502 45655 47 2 45719 17 64
168 45852 96 3 45948 0 96
599 45998 57 4 46055 0 57
971 46079 50 1 46129 0 50
121 46305 72 2 46377 0 72
947 46338 56 3 46433 39 95
328 46757 59 2 46816 0 59
761 46948 61 2 47009 0 61
370 46978 40 3 47049 31 71
764 47035 77 4 47126 14 91
210 47174 53 2 47227 0 53
626 47499 34 4 47533 0 34
535 47582 50 4 47632 0 50
72 47612 36 1 47668 20 56
212 47934 78 2 48012 0 78
166 47979 82 3 48094 33 115
9 48103 33 4 48136 0 33
874 48134 60 2 48196 2 62
381 48202 81 2 48283 0 81
411 48256 83 3 48366 27 110
164 48287 55 4 48471 129 184
850 48316 60 4 48481 105 165
438 48438 59 4 48540 43 102
949 48640 71 1 48711 0 71
429 48710 52 1 48763 1 53
685 48847 34 4 48881 0 34
55 48922 55 2 48977 0 55
331 48937 56 2 49033 40 96
519 49203 54 3 49257 0 54
579 49235 67 1 49374 72 139
552 49252 62 3 49436 122 184
659 49280 79 3 49515 156 235
364 49344 64 1 49529 121 185
664 49482 55 2 49584 47 102
755 49573 76 3 49660 11 87
76 49627 72 3 49732 33 105
172 49695 46 4 49778 37 83
906 49807 82 4 49889 0 82
848 49833 41 3 49930 56 97
998 49860 93 1 50023 70 163
988 50058 62 2 50120 0 62
356 50389 62 3 50451 0 62
884 50424 36 4 50487 27 63
52 50548 44 4 50592 0 44
774 50647 70 1 50717 0 70
65 50835 70 4 50905 0 70
153 50846 49 3 50954 59 108
361 50910 57 4 51011 44 101
195 51018 64 4 51082 0 64
582 51032 64 4 51196 100 164
914 51057 57 4 51203 89 146
706 51152 76 4 51329 101 177
404 51199 86 3 51365 80 166
522 51277 45 3 51410 88 133
922 51328 46 4 51456 82 128
532 51379 75 2 51631 177 252
253 51411 76 4 51707 220 296
143 51421 57 3 51714 236 293
155 51560 50 1 51764 154 204
749 51476 59 3 51823 288 347
509 51617 73 2 51846 156 229
470 51836 45 4 51891 10 55
123 51881 66 4 51957 10 76
151 51956 75 4 52032 1 76
873 51981 54 3 52086 51 105
357 52068 50 3 52136 18 68
657 52111 77 3 52213 25 102
527 52366 34 4 52400 0 34
249 52388 29 2 52429 12 41
550 52431 73 1 52504 0 73
133 52489 26 4 52530 15 41
333 52540 53 2 52593 0 53
797 52616 68 1 52684 0 68
750 52641 50 3 52734 43 93
443 52646 60 4 52844 138 198
226 52731 67 3 52861 63 130
835 52987 57 3 53044 0 57
748 53167 65 4 53232 0 65
684 53180 94 3 53376 102 196
965 53219 59 4 53435 157 216
794 53281 60 2 53495 154 214
923 53374 73 3 53518 71 144
198 53632 68 2 53700 0 68
407 53646 88 1 53788 54 142
796 53707 68 3 53856 81 149
345 53937 67 3 54004 0 67
505 53993 48 3 54052 11 59
318 54070 85 4 54155 0 85
387 54086 88 3 54243 69 157
775 54203 82 4 54325 40 122
202 54291 73 3 54448 84 157
592 54306 54 2 54502 142 196
418 54355 100 3 54602 147 247
691 54386 70 2 54622 166 236
843 54517 22 4 54694 155 177
842 54565 48 3 54792 179 227
137 54508 84 4 54826 234 318
729 54544 52 4 54828 232 284
501 54707 72 4 54950 171 243
820 54802 82 4 54982 98 180
780 54883 20 4 55002 99 119
402 54906 26 3 55028 96 122
101 54933 51 2 55129 145 196
768 55075 48 3 55227 104 152
78 55006 59 3 55236 171 230
573 55071 76 3 55312 165 241
126 55180 43 2 55355 132 175
463 55091 52 3 55357 214 266
297 55289 35 3 55442 118 153
737 55326 44 2 55486 116 160
305 55247 52 2 55488 189 241
255 55451 36 4 55574 87 123
978 55475 29 3 55603 99 128
206 55422 63 4 55616 131 194
167 55601 58 4 55674 15 73
716 55620 52 4 55726 54 106
827 55676 56 2 55782 50 106
400 55931 65 3 55996 0 65
40 56279 59 1 56338 0 59
165 56371 61 2 56432 0 61
444 56465 57 4 56522 0 57
182 56639 48 2 56687 0 48
311 56685 59 3 56746 2 61
477 56811 51 4 56862 0 51
778 57020 80 4 57100 0 80
968 57076 82 4 57182 24 106
991 57282 65 2 57347 0 65
422 57306 64 1 57411 41 105
962 57423 66 4 57489 0 66
319 57806 100 3 57906 0 100
708 57907 66 4 57973 0 66
134 57971 68 3 58041 2 70
690 58343 77 4 58420 0 77
804 58627 86 3 58713 0 86
423 58683 66 4 58779 30 96
35 58727 59 2 58838 52 111
753 58963 74 3 59037 0 74
568 59091 49 4 59140 0 49
540 59268 64 4 59332 0 64
605 59459 41 1 59500 0 41
54 59523 34 3 59557 0 34
25 59564 36 4 59600 0 36
640 59587 100 1 59700 13 113
179 59706 74 3 59780 0 74
828 59808 45 3 59853 0 45
609 59834 81 3 59934 19 100
142 59876 37 4 59971 58 95
551 60052 78 4 60130 0 78
911 60054 46 4 60176 76 122
135 60164 59 3 60235 12 71
154 60261 53 3 60314 0 53
98 60327 85 3 60412 0 85
954 60384 68 3 60480 28 96
115 60524 58 4 60582 0 58
33 60538 62 4 60694 94 156
831 60559 59 2 60753 135 194
824 60623 60 4 60813 130 190
677 60657 60 4 60923 206 266
218 60721 73 4 60946 152 225
73 60732 69 4 60965 164 233
89 60926 71 3 61036 39 110
301 60993 75 3 61111 43 118
186 61065 67 3 61178 46 113
589 61139 56 3 61234 39 95
587 61230 72 4 61306 4 76
680 61310 67 1 61377 0 67
317 61379 51 3 61430 0 51
999 61387 33 4 61463 43 76
392 61477 82 1 61559 0 82
807 61549 96 4 61705 60 156
450 61549 91 3 61746 106 197
688 61729 38 4 61834 67 105
654 61680 78 3 61862 104 182
145 61833 55 3 61917 29 84
619 62118 54 2 62172 0 54
148 62216 61 1 62277 0 61
446 62250 51 4 62328 27 78
647 62381 48 2 62429 0 48
441 62415 38 4 62467 14 52
258 62417 46 4 62513 50 96
586 62525 52 4 62577 0 52
530 62628 57 4 62685 0 57
152 62691 53 2 62744 0 53
414 62708 51 2 62795 36 87
296 62875 85 1 62960 0 85
585 62948 46 2 63106 112 158
338 62877 63 4 63119 179 242
822 62926 60 2 63179 193 253
612 63007 72 1 63201 122 194
285 63167 70 2 63271 34 104
736 63257 50 1 63371 64 114
473 63255 59 4 63380 66 125
270 63329 40 4 63470 101 141
576 63307 53 1 63473 113 166
790 63409 98 1 63621 114 212
840 63449 72 3 63693 172 244
252 63588 35 3 63728 105 140
96 63498 81 2 63759 180 261
809 63817 47 1 63864 0 47
106 64094 50 4 64144 0 50
358 64184 40 2 64224 0 40
763 64242 32 4 64274 0 32
56 64268 69 2 64343 6 75
553 64310 91 2 64434 33 124
449 64356 47 1 64481 78 125
415 64401 59 4 64540 80 139
184 64498 46 1 64636 92 138
294 64523 40 4 64776 213 253
704 64491 61 4 64787 235 296
591 64565 50 4 64887 272 322
632 64500 83 4 64920 337 420
451 64672 47 1 65017 298 345
674 64502 61 1 65028 465 526
199 64554 60 4 65138 524 584
769 64879 44 4 65232 309 353
631 64638 63 4 65345 644 707
601 64980 35 3 65430 415 450
468 64718 95 3 65575 762 857
274 64766 67 3 65642 809 876
554 64826 65 3 65657 766 831
241 64888 59 4 65666 719 778
738 64903 54 3 65670 713 767
526 65317 49 4 65719 353 402
496 64967 74 3 65793 752 826
969 65409 46 2 65889 434 480
24 64986 55 3 65894 853 908
651 64986 52 3 65946 908 960
503 65054 67 4 65963 842 909
630 65328 83 1 66096 685 768
724 65402 88 3 66234 744 832
332 65892 47 3 66381 442 489
734 65467 83 4 66414 864 947
788 65651 69 3 66483 763 832
523 65717 69 2 66602 816 885
976 66095 40 4 66692 557 597
397 65734 54 2 66696 908 962
382 65739 56 4 66702 907 963
132 65814 77 4 66779 888 965
21 66242 44 4 66823 537 581
71 65822 64 3 66837 951 1015
752 66296 49 2 66886 541 590
634 65916 67 4 66953 970 1037
277 65979 65 3 67018 974 1039
191 65985 59 4 67027 983 1042
216 66073 83 3 67060 904 987
457 66225 55 3 67165 885 940
916 66732 43 4 67258 483 526
146 66319 56 3 67414 1039 1095
32 66456 57 2 67421 908 965
466 66615 61 4 67482 806 867
273 66667 71 3 67553 815 886
798 66720 91 4 67594 783 874
309 66738 76 4 67670 856 932
453 67269 34 4 67704 401 435
611 66799 53 3 67707 855 908
726 66849 74 4 67731 808 882
43 67053 71 4 67852 728 799
459 67472 36 3 67888 380 416
732 67096 68 3 67906 742 810
250 67559 36 4 68142 547 583
49 67225 71 4 68163 867 938
343 67625 43 3 68206 538 581
306 67385 64 3 68270 821 885
686 67394 74 4 68294 826 900
943 67499 56 4 68400 845 901
517 67510 81 3 68431 840 921
276 67524 72 2 68453 857 929
492 67533 90 3 68543 920 1010
817 67682 76 4 68619 861 937
783 67852 54 3 68623 717 771
742 67867 63 4 68686 756 819
520 68016 94 4 68780 670 764
498 68473 35 3 68865 357 392
676 68079 72 1 68887 736 808
618 68306 57 2 68944 581 638
390 68385 70 4 68964 509 579
45 68773 36 4 69200 391 427
832 68472 68 4 69218 678 746
38 68786 47 2 69315 482 529
26 68605 69 3 69334 660 729
474 68708 61 2 69345 576 637
770 68723 90 2 69385 572 662
289 69044 41 1 69426 341 382
602 68728 66 3 69492 698 764
670 69077 45 4 69537 415 460
349 69085 44 3 69581 452 496
721 69088 48 3 69629 493 541
180 69111 29 2 69658 518 547
60 68730 64 3 69672 878 942
197 68784 55 3 69727 888 943
268 69244 46 3 69773 483 529
983 69058 61 4 69884 765 826
100 69662 41 3 69975 272 313
744 69116 78 3 70003 809 887
424 69681 49 3 70052 322 371
511 69418 53 3 70105 634 687
941 69421 82 4 70137 634 716
932 69578 63 1 70200 559 622
469 69752 75 2 70275 448 523
85 70063 49 2 70324 212 261
279 69850 82 2 70406 474 556
99 70043 88 4 70494 363 451
136 70106 74 4 70618 438 512
107 70382 31 4 70699 286 317
171 70159 60 3 70709 490 550
876 70303 58 3 70767 406 464
987 70306 66 2 70833 461 527
786 70327 100 4 70933 506 606
939 70477 64 4 70997 456 520
46 70517 61 1 71108 530 591
369 70548 71 4 71129 510 581
957 70690 67 4 71246 489 556
432 70716 100 3 71296 480 580
897 71004 44 3 71340 292 336
251 70745 81 4 71371 545 626
668 70864 82 4 71403 457 539
590 70923 66 1 71419 430 496
380 71210 20 2 71439 209 229
649 71381 50 4 71489 58 108
613 71385 60 3 71599 154 214
256 71485 100 1 71649 64 164
869 71784 48 3 71832 0 48
140 71797 66 3 71948 85 151
756 71872 44 4 71992 76 120
698 71815 82 3 72024 127 209
695 71929 99 3 72173 145 244
18 72066 39 4 72212 107 146
485 72006 74 4 72236 156 230
908 72138 21 2 72257 98 119
379 72139 91 4 72398 168 259
800 72288 31 2 72429 110 141
564 72181 76 4 72505 248 324
861 72299 53 3 72558 206 259
189 72466 44 4 72602 92 136
63 72334 52 4 72604 218 270
892 72802 61 4 72863 0 61
561 72858 64 3 72927 5 69
74 72874 53 4 73030 103 156
915 72902 66 4 73046 78 144
858 73099 42 4 73141 0 42
675 73115 74 3 73215 26 100
815 73208 36 4 73251 7 43
781 73222 75 4 73326 29 104
13 73537 43 2 73580 0 43
681 73588 58 4 73646 0 58
667 73658 44 3 73702 0 44
712 73730 51 4 73781 0 51
931 73748 82 2 73863 33 115
810 73804 66 4 73929 59 125
557 73866 53 2 73982 63 116
813 73959 47 4 74029 23 70
845 74006 40 3 74169 123 163
929 73982 54 3 74273 237 291
687 74004 58 4 74431 369 427
938 74012 63 1 74494 419 482
638 74020 56 2 74600 524 580
50 74033 63 4 74663 567 630
448 74040 60 4 74673 573 633
994 74055 58 3 74681 568 626
661 74117 64 4 74695 514 578
536 74172 72 1 74717 473 545
958 74214 52 4 74719 453 505
887 74231 71 3 74740 438 509
743 74691 60 3 74800 49 109
728 74853 48 3 74901 0 48
746 74942 22 3 74964 0 22
936 75003 46 4 75049 0 46
993 75007 40 4 75089 42 82
83 75183 57 4 75240 0 57
719 75328 51 4 75379 0 51
673 75428 75 2 75503 0 75
150 75645 44 3 75689 0 44
584 75673 36 3 75725 16 52
773 75674 55 2 75880 151 206
8 75696 72 4 75902 134 206
538 75702 58 3 75910 150 208
620 75921 70 3 75991 0 70
242 75973 61 4 76052 18 79
109 76018 78 3 76180 84 162
529 76096 32 4 76262 134 166
97 76052 65 4 76277 160 225
490 76064 53 1 76280 163 216
733 76252 63 2 76343 28 91
933 76429 63 4 76492 0 63
314 76463 42 4 76534 29 71
204 76475 58 1 76692 159 217
560 76505 72 4 76764 187 259
475 76593 27 4 76791 171 198
569 76605 47 3 76838 186 233
604 76524 62 4 76850 264 326
283 76566 90 2 76990 334 424
615 76647 56 4 77146 443 499
437 76690 62 4 77158 406 468
353 76694 56 2 77264 514 570
871 76705 64 3 77278 509 573
984 76804 75 3 77353 474 549
483 76936 72 4 77475 467 539
190 77202 50 2 77575 323 373
44 76945 53 2 77578 580 633
260 77227 47 2 77625 351 398
953 77046 60 2 77785 679 739
48 77114 68 2 77803 621 689
534 77127 66 4 77819 626 692
992 77410 50 2 77869 409 459
114 77162 81 4 77900 657 738
310 77260 59 4 78059 740 799
20 77267 58 2 78067 742 800
88 77267 76 3 78093 750 826
221 77798 38 4 78181 345 383
886 77881 38 4 78219 300 338
829 77479 75 4 78294 740 815
236 77508 72 4 78366 786 858
665 77568 100 4 78416 748 848
549 78012 35 4 78451 404 439
821 77743 67 4 78568 758 825
784 78178 38 4 78606 390 428
359 77899 53 4 78709 757 810
494 77906 56 4 78815 853 909
162 78348 50 3 78865 467 517
486 78403 50 2 78915 462 512
898 78040 59 3 78924 825 884
235 78491 41 4 78965 433 474
447 78070 71 4 78986 845 916
371 78576 47 2 79033 410 457
860 78182 79 3 79112 851 930
655 78200 64 4 79126 862 926
740 78266 60 2 79136 810 870
138 78276 58 1 79144 810 868
531 78592 82 4 79326 652 734
514 78837 70 1 79446 539 609
396 79162 50 4 79496 284 334
970 78853 74 2 79520 593 667
3 78994 80 4 79550 476 556
975 79066 65 2 79665 534 599
307 79092 81 2 79696 523 604
377 79529 31 2 79777 217 248
16 79286 68 3 79795 441 509
995 79310 53 1 79848 485 538
662 79383 69 4 79867 415 484
515 79552 64 3 80031 415 479
1000 79744 67 4 80048 237 304
442 79755 61 4 80109 293 354
300 79794 67 3 80126 265 332
497 79903 72 4 80148 173 245
656 80179 58 2 80237 0 58
977 80183 30 4 80267 54 84
925 80203 38 3 80305 64 102
616 80204 70 4 80425 151 221
367 80342 47 3 80522 133 180
937 80355 49 3 80571 167 216
378 80270 59 1 80580 251 310
426 80314 82 2 80612 216 298
471 80461 43 2 80655 151 194
648 80610 55 3 80710 45 100
510 80718 35 2 80753 0 35
715 80725 68 3 80871 78 146
413 80726 71 4 80892 95 166
543 80898 63 2 80961 0 63
11 80924 76 4 81087 87 163
852 80941 71 2 81108 96 167
836 81110 51 2 81161 0 51
603 81144 35 4 81196 17 52
623 81183 37 4 81233 13 50
224 81186 76 4 81309 47 123
435 81260 41 4 81350 49 90
478 81312 56 4 81406 38 94
863 81364 62 3 81518 92 154
476 81400 60 2 81578 118 178
624 81412 81 3 81609 116 197
966 81612 64 3 81676 0 64
111 81635 48 3 81724 41 89
516 81854 66 3 81920 0 66
643 82092 21 4 82113 0 21
789 82095 35 4 82148 18 53
119 82224 52 2 82276 0 52
556 82326 44 3 82370 0 44
127 82536 20 4 82556 0 20
267 82612 65 3 82677 0 65
455 82615 88 3 83015 312 400
405 82712 43 4 83058 303 346
525 82627 68 2 83126 431 499
956 82635 65 4 83141 441 506
240 82644 51 1 83142 447 498
209 82665 54 1 83146 427 481
671 82669 74 4 83170 427 501
131 82726 76 4 83296 494 570
844 83136 50 2 83446 260 310
299 82983 66 4 83512 463 529
727 83013 71 1 83683 599 670
261 83081 54 4 83787 652 706
211 83126 64 3 83801 611 675
430 83163 56 2 83807 588 644
997 83196 61 2 83818 561 622
595 83197 81 4 83899 621 702
431 83198 93 4 83992 701 794
838 83248 59 4 84051 744 803
499 83272 85 3 84086 729 814
946 83546 65 1 84101 490 555
434 83834 45 3 84146 267 312
803 83583 76 2 84272 613 689
187 83914 48 3 84320 358 406
814 83641 62 4 84382 679 741
315 83859 57 1 84439 523 580
672 83869 64 3 84503 570 634
771 83976 66 3 84819 777 843
4 84014 98 3 84917 805 903
388 84185 82 4 84999 732 814
707 84215 61 2 85060 784 845
697 84281 98 4 85158 779 877
900 84583 35 4 85243 625 660
375 84296 70 4 85263 897 967
327 84297 55 4 85318 966 1021
772 84310 70 4 85338 958 1028
103 84725 26 2 85414 663 689
282 84311 61 3 85425 1053 1114
243 84794 43 4 85518 681 724
645 84804 46 1 85564 714 760
383 84379 72 4 85586 1135 1207
125 84384 63 3 85599 1152 1215
67 84969 45 4 85644 630 675
924 84472 61 1 85655 1122 1183
175 84515 69 4 85674 1090 1159
717 85117 44 3 85768 607 651
762 84578 61 3 85779 1140 1201
339 84630 59 2 85888 1199 1258
944 85325 41 2 85929 563 604
834 84704 64 4 85943 1175 1239
47 84774 65 4 85958 1119 1184
918 85563 49 4 86057 445 494
316 85070 61 2 86218 1087 1148
849 85755 49 3 86317 513 562
545 85186 55 4 86322 1081 1136
344 85218 54 3 86376 1104 1158
720 85482 59 2 86485 944 1003
265 86016 50 4 86585 519 569
705 85582 53 1 86588 953 1006
230 85585 95 3 86633 953 1048
806 85585 55 4 86738 1098 1153
600 85702 54 1 86842 1086 1140
785 85780 77 4 86919 1062 1139
234 85881 64 3 86933 988 1052
42 86389 45 2 86978 544 589
36 85913 63 4 87041 1065 1128
542 85983 66 4 87057 1008 1074
825 86114 60 4 87117 943 1003
70 86652 34 3 87201 515 549
66 86671 48 2 87249 530 578
885 86155 67 3 87316 1094 1161
39 86163 76 3 87342 1103 1179
692 86208 77 2 87369 1084 1161
693 86789 43 4 87412 580 623
567 86225 74 3 87486 1187 1261
58 86425 59 2 87545 1061 1120
257 86629 63 2 87658 966 1029
144 86645 72 1 87730 1013 1085
433 87134 26 4 87756 596 622
95 86671 100 4 87856 1085 1185
214 86828 96 3 88002 1078 1174
575 86924 82 3 88134 1128 1210
663 87023 72 3 88256 1161 1233
237 87584 47 4 88353 722 769
183 87038 67 3 88420 1315 1382
855 87103 75 1 88445 1267 1342
867 87721 50 2 88495 724 774
482 87227 51 4 88546 1268 1319
912 87317 55 1 88651 1279 1334
683 87905 26 1 88677 746 772
17 87374 56 2 88683 1253 1309
718 87430 54 1 88737 1253 1307
399 87469 72 2 88809 1268 1340
928 87513 65 3 88924 1346 1411
735 88135 47 4 88971 789 836
272 87537 56 2 89027 1434 1490
37 87561 51 4 89128 1516 1567
580 88351 42 1 89270 877 919
629 87587 66 4 89286 1633 1699
366 87730 70 3 89306 1506 1576
454 87777 55 4 89311 1479 1534
205 87838 62 1 89423 1523 1585
882 87926 75 4 89448 1447 1522
149 88726 37 3 89585 822 859
118 88038 57 2 89592 1497 1554
278 88067 51 3 89593 1475 1526
493 88823 39 3 89632 770 809
658 88119 61 2 89643 1463 1524
409 88162 79 1 89722 1481 1560
818 88189 76 2 89748 1483 1559
653 88208 72 4 89820 1540 1612
555 88274 71 3 89891 1546 1617
562 88324 83 4 89924 1517 1600
495 88554 77 4 90051 1420 1497
324 89337 40 3 90141 764 804
161 88583 83 2 90274 1608 1691
185 89438 43 4 90417 936 979
129 88722 74 2 90441 1645 1719
961 89479 30 3 90471 962 992
617 89487 25 1 90496 984 1009
940 88723 71 2 90517 1723 1794
866 88927 53 2 90620 1640 1693
598 89063 83 3 90653 1507 1590
354 89783 50 4 90753 920 970
5 89097 75 2 90778 1606 1681
200 89867 37 2 90815 911 948
907 89181 52 3 90867 1634 1686
521 89966 45 4 90962 951 996
572 89220 52 2 90964 1692 1744
725 89312 98 4 91212 1802 1900
594 90063 46 3 91258 1149 1195
678 90138 50 3 91308 1120 1170
465 89342 64 3 91322 1916 1980
959 89359 53 4 91325 1913 1966
281 90211 49 1 91374 1114 1163
541 90267 31 4 91505 1207 1238
334 89379 58 3 91513 2076 2134
321 89379 63 1 91576 2134 2197
963 90386 42 1 91618 1190 1232
563 90484 50 2 91718 1184 1234
881 89530 59 3 91727 2138 2197
398 89576 82 1 91759 2101 2183
452 89768 76 4 91785 1941 2017
12 90700 41 4 91826 1085 1126
919 89919 59 1 91885 1907 1966
420 90866 27 3 91962 1069 1096
689 89946 63 3 91975 1966 2029
637 89989 56 1 92081 2036 2092
368 90977 45 4 92126 1104 1149
287 90022 68 3 92144 2054 2122
467 90024 55 2 92199 2120 2175
456 90036 63 4 92262 2163 2226
320 91177 50 3 92312 1085 1135
259 90222 67 3 92379 2090 2157
583 90226 87 3 92466 2153 2240
304 90288 68 1 92484 2128 2196
130 91616 42 2 92676 1018 1060
269 90394 74 3 92700 2232 2306
92 90716 51 3 92951 2184 2235
374 90844 98 3 92999 2057 2155
445 91888 40 4 93039 1111 1151
801 91898 45 1 93084 1141 1186
574 90883 66 2 93150 2201 2267
196 90914 76 4 93226 2236 2312
116 91020 55 2 93281 2206 2261
238 91100 77 3 93308 2131 2208
547 92212 49 4 93357 1096 1145
967 92261 49 4 93456 1146 1195
384 91178 61 3 93467 2228 2289
264 91384 58 4 93475 2033 2091
960 91527 54 1 93479 1898 1952
610 91570 82 4 93511 1859 1941
650 92578 44 4 93605 983 1027
104 91591 61 2 93616 1964 2025
853 92685 49 4 93715 981 1030
347 91737 63 3 93728 1928 1991
395 91746 69 1 93847 2032 2101
766 91766 62 4 93859 2031 2093
577 91807 58 2 93867 2002 2060
323 91823 54 4 93871 1994 2048
75 91945 54 2 94225 2226 2280
394 92003 62 3 94237 2172 2234
570 93154 33 3 94270 1083 1116
436 92093 85 3 94405 2227 2312
864 93307 49 3 94504 1148 1197
890 92249 83 2 94537 2205 2288
904 93411 45 4 94632 1176 1221
77 93429 36 4 94668 1203 1239
193 92576 59 4 94677 2042 2101
622 92609 53 4 94680 2018 2071
711 92712 68 3 94798 2018 2086
888 92748 56 3 94854 2050 2106
945 92908 61 4 94865 1896 1957
440 93897 48 4 94963 1018 1066
703 92911 57 4 94970 2002 2059
759 92915 67 3 95087 2105 2172
506 92930 78 2 95115 2107 2185
972 94064 48 4 95263 1151 1199
80 92947 61 2 95274 2266 2327
702 93000 65 3 95389 2324 2389
880 93010 53 3 95442 2379 2432
322 93218 55 4 95497 2224 2279
290 94303 34 4 95531 1194 1228
955 93222 85 1 95566 2259 2344
985 93235 74 3 95590 2281 2355
284 94428 42 3 95632 1162 1204
271 93408 71 3 95703 2224 2295
660 93664 67 3 95920 2189 2256
833 93702 52 2 95972 2218 2270
27 94778 25 3 96047 1244 1269
87 93736 62 4 96059 2261 2323
68 94847 28 1 96087 1212 1240
930 93894 67 1 96154 2193 2260
636 94875 48 4 96202 1279 1327
194 94943 44 1 96346 1359 1403
302 93942 63 3 96459 2454 2517
518 93963 67 4 96476 2446 2513
102 95093 45 3 96521 1383 1428
174 95102 26 2 96547 1419 1445
920 94023 71 3 96568 2474 2545
484 94057 78 4 96646 2511 2589
646 95203 47 1 96693 1443 1490
877 94078 56 4 96749 2615 2671
81 94102 65 3 96764 2597 2662
865 94142 57 4 96821 2622 2679
61 94219 78 3 96849 2552 2630
82 95492 42 4 96891 1357 1399
593 94494 76 3 97017 2447 2523
15 95639 25 4 97092 1428 1453
472 94575 60 4 97102 2467 2527
973 94607 65 3 97167 2495 2560
524 95778 50 2 97367 1539 1589
220 94621 51 1 97368 2696 2747
974 95822 46 4 97414 1546 1592
751 94651 69 3 97433 2713 2782
157 94724 65 1 97448 2659 2724
385 95958 45 3 97493 1490 1535
760 94751 64 4 97557 2742 2806
228 95986 39 3 97596 1571 1610
639 95987 43 2 97639 1609 1652
935 96066 49 4 97688 1573 1622
28 94851 57 2 97745 2837 2894
337 94902 70 4 97865 2893 2963
117 94905 79 3 97894 2910 2989
479 94961 65 1 98059 3033 3098
682 94968 53 3 98162 3141 3194
489 95165 53 4 98315 3097 3150
192 95246 74 4 98339 3019 3093
57 96721 33 4 98372 1618 1651
293 95366 52 4 98474 3056 3108
350 96833 44 3 98518 1641 1685
558 95523 67 3 98585 2995 3062
565 96935 49 4 98684 1700 1749
701 95632 63 4 98697 3002 3065
990 96962 45 3 98742 1735 1780
181 95637 73 3 98765 3055 3128
856 95744 92 3 98907 3071 3163
899 95764 90 2 98997 3143 3233
694 95766 68 3 99065 3231 3299
376 97232 20 4 99085 1833 1853
952 95771 98 2 99233 3364 3462
846 97371 47 2 99280 1862 1909
500 95959 84 2 99464 3421 3505
2 97626 32 4 99596 1938 1970
913 96079 55 4 99651 3517 3572
666 96138 60 2 99811 3613 3673
787 96153 52 4 99813 3608 3660
416 96254 59 4 99972 3659 3718
635 96274 65 4 99987 3648 3713
303 96306 75 4 100012 3631 3706
176 96355 80 1 100042 3607 3687
263 96379 64 3 100156 3713 3777
312 96436 56 4 100162 3670 3726
757 96439 71 3 100283 3773 3844
335 96563 90 4 100373 3720 3810
403 96724 75 4 100398 3599 3674
722 96764 86 3 100434 3584 3670
480 96865 84 4 100568 3619 3703
996 96906 87 2 100655 3662 3749
859 97080 62 4 100817 3675 3737
754 98769 49 2 100866 2048 2097
113 97090 80 4 100896 3726 3806
700 97121 67 2 101013 3825 3892
428 98918 44 4 101057 2095 2139
245 98994 48 4 101105 2063 2111
291 97183 63 4 101118 3872 3935
964 97259 69 3 101137 3809 3878
597 97265 63 4 101250 3922 3985
229 99179 50 3 101300 2071 2121
641 97416 52 4 101352 3884 3936
808 97463 66 2 101368 3839 3905
51 97465 76 4 101394 3853 3929
325 97539 78 3 101472 3855 3933
7 97588 66 2 101538 3884 3950
767 97675 63 3 101651 3913 3976
917 99611 49 3 101700 2040 2089
62 97706 66 4 101716 3944 4010
811 99661 32 3 101748 2055 2087
745 97711 58 3 101756 3987 4045
365 97727 59 3 101765 3979 4038
91 97800 62 2 101827 3965 4027
460 97823 63 2 101840 3954 4017
528 97885 69 4 101959 4005 4074
948 99937 50 4 102059 2072 2122
839 99948 31 4 102090 2111 2142
795 98067 67 4 102207 4073 4140
439 98092 71 3 102228 4065 4136
177 98163 66 4 102244 4015 4081
982 98174 71 4 102265 4020 4091
201 98225 64 4 102279 3990 4054
491 98423 53 4 102282 3806 3859
891 98467 51 4 102283 3765 3816
275 98543 56 3 102289 3690 3746
942 98588 59 4 102298 3651 3710
53 98646 61 4 102309 3602 3663
893 98741 73 4 102332 3518 3591
951 98818 81 3 102363 3464 3545
606 98882 53 4 102366 3431 3484
266 99099 62 2 102378 3217 3279
862 99129 83 4 102411 3199 3282
571 99261 68 3 102429 3100 3168
159 99446 62 2 102441 2933 2995
110 99500 70 2 102461 2891 2961
29 99520 66 1 102477 2891 2957
355 99592 70 1 102497 2835 2905
596 99789 65 2 102512 2658 2723
90 99877 57 2 102519 2585 2642
223 99905 53 3 102522 2564 2617
248 99920 75 4 102547 2552 2627
286 99993 67 3 102564 2504 2571
747 99994 88 3 102602 2520 2608
