100373 1000 98 50
239 636 43 2 679 0 43
406 1802 27 2 1829 0 27
399 2434 63 4 2497 0 63
808 4853 56 4 4909 0 56
261 5462 30 2 5492 0 30
718 5513 50 4 5563 0 50
224 5834 26 4 5860 0 26
426 6197 65 3 6262 0 65
196 6376 96 4 6472 0 96
716 7086 54 3 7140 0 54
854 7102 63 4 7204 39 102
126 7281 53 2 7334 0 53
994 7758 64 4 7822 0 64
551 8267 32 3 8299 0 32
832 8676 32 3 8708 0 32
258 8732 76 4 8808 0 76
995 9181 39 1 9220 0 39
371 9395 48 4 9443 0 48
722 9776 47 2 9823 0 47
203 10194 50 2 10244 0 50
75 10408 73 2 10481 0 73
410 11212 27 4 11239 0 27
907 11264 30 1 11294 0 30
288 11657 36 4 11693 0 36
812 11690 23 2 11717 4 27
359 11766 32 3 11798 0 32
986 12405 35 3 12440 0 35
506 12476 24 3 12500 0 24
302 12538 52 3 12590 0 52
138 12879 33 4 12912 0 33
178 13314 51 3 13365 0 51
432 13632 79 1 13711 0 79
423 13861 61 2 13922 0 61
921 14227 66 4 14293 0 66
455 14277 50 2 14344 17 67
21 14705 32 4 14737 0 32
839 15007 45 3 15052 0 45
990 15216 53 1 15269 0 53
439 15561 50 4 15611 0 50
889 15758 36 4 15794 0 36
488 16321 44 3 16365 0 44
566 16368 29 4 16397 0 29
642 16626 41 2 16667 0 41
818 16698 21 1 16719 0 21
450 16850 54 2 16904 0 54
824 16966 89 4 17055 0 89
879 16998 56 4 17112 58 114
116 17824 36 2 17860 0 36
573 18062 27 4 18089 0 27
1 18425 47 1 18472 0 47
355 18763 42 3 18805 0 42
575 19802 41 2 19843 0 41
294 20030 81 4 20111 0 81
436 20057 20 4 20132 55 75
241 20113 34 3 20167 20 54
788 20513 50 4 20563 0 50
165 20698 42 4 20740 0 42
852 21167 21 4 21188 0 21
186 21278 40 4 21318 0 40
347 21759 74 1 21833 0 74
479 21878 67 4 21945 0 67
369 22288 52 3 22340 0 52
583 22494 25 4 22519 0 25
911 22652 84 4 22736 0 84
208 23216 34 1 23250 0 34
173 23503 65 4 23568 0 65
541 23726 49 4 23775 0 49
917 24093 46 3 24139 0 46
557 24187 59 4 24246 0 59
118 24479 50 2 24529 0 50
26 24645 47 3 24692 0 47
338 24787 82 4 24869 0 82
914 25070 48 2 25118 0 48
474 25160 35 4 25195 0 35
734 25169 31 4 25227 27 58
715 25428 75 3 25503 0 75
692 25793 81 3 25874 0 81
36 26254 46 4 26300 0 46
297 26290 46 4 26347 11 57
419 26365 29 4 26394 0 29
776 26592 56 1 26648 0 56
892 26649 70 3 26719 0 70
217 26784 41 1 26825 0 41
451 26988 35 3 27023 0 35
589 26993 56 4 27080 31 87
254 27004 54 3 27134 76 130
456 27100 70 4 27205 35 105
923 27229 49 2 27278 0 49
182 27310 60 2 27370 0 60
262 27391 53 3 27444 0 53
567 27412 64 4 27509 33 97
127 27639 64 2 27703 0 64
809 28079 24 3 28103 0 24
881 28424 41 3 28465 0 41
979 28658 42 2 28700 0 42
943 28688 53 3 28754 13 66
199 28792 22 4 28814 0 22
527 28814 42 3 28857 1 43
310 28883 58 3 28941 0 58
16 29019 41 4 29060 0 41
408 29034 60 1 29121 27 87
252 29191 35 2 29226 0 35
625 29304 62 2 29366 0 62
121 29546 92 4 29638 0 92
257 29705 26 2 29731 0 26
683 30049 67 1 30116 0 67
882 30243 47 4 30290 0 47
945 30350 25 3 30375 0 25
481 30691 31 4 30722 0 31
663 30784 56 3 30840 0 56
888 30785 29 4 30870 56 85
11 30823 34 1 30904 47 81
49 31021 22 2 31043 0 22
708 31220 20 3 31240 0 20
951 31255 29 3 31284 0 29
321 31294 58 3 31352 0 58
750 31323 85 3 31438 30 115
521 31445 73 2 31518 0 73
181 31697 47 2 31744 0 47
618 31777 52 1 31829 0 52
390 31880 49 3 31929 0 49
966 32316 76 4 32392 0 76
806 32410 24 4 32434 0 24
42 32774 36 4 32810 0 36
965 32880 86 2 32966 0 86
899 32989 71 1 33060 0 71
123 33211 68 4 33279 0 68
57 33304 27 3 33331 0 27
547 33569 76 2 33645 0 76
325 33661 40 2 33701 0 40
516 33710 54 3 33764 0 54
653 33720 47 3 33812 45 92
688 33836 33 3 33869 0 33
269 33875 66 4 33941 0 66
790 34044 71 2 34115 0 71
736 34409 23 4 34432 0 23
520 34423 28 1 34461 10 38
101 34619 37 1 34656 0 37
932 34774 77 4 34851 0 77
909 34810 46 4 34898 42 88
856 34838 26 4 34924 60 86
780 35054 52 3 35106 0 52
508 35164 87 3 35251 0 87
947 35377 50 4 35427 0 50
962 35410 24 4 35452 18 42
741 36105 55 4 36160 0 55
729 36437 35 4 36472 0 35
826 36645 27 3 36672 0 27
348 36663 50 4 36723 10 60
385 36754 26 3 36780 0 26
880 36821 29 1 36850 0 29
117 37157 62 4 37219 0 62
213 37201 92 4 37312 19 111
970 37235 57 4 37370 78 135
908 37434 36 4 37470 0 36
634 37533 72 1 37605 0 72
322 37846 43 4 37889 0 43
646 37855 74 3 37964 35 109
68 38009 61 3 38070 0 61
749 38045 21 4 38092 26 47
212 38180 29 3 38209 0 29
685 38289 27 2 38316 0 27
730 38377 35 4 38412 0 35
415 38727 40 2 38767 0 40
326 38791 51 4 38842 0 51
48 38809 80 4 38923 34 114
985 38950 53 4 39003 0 53
272 39045 53 3 39098 0 53
954 39240 39 2 39279 0 39
628 39298 92 3 39390 0 92
959 39313 34 4 39425 78 112
782 39431 38 2 39469 0 38
810 39526 28 2 39554 0 28
279 39533 36 1 39591 22 58
706 39573 37 4 39629 19 56
656 39652 45 4 39697 0 45
303 39787 33 2 39820 0 33
877 39863 46 3 39909 0 46
204 39956 59 2 40015 0 59
494 40040 36 3 40076 0 36
961 40072 66 2 40143 5 71
299 40095 63 4 40207 49 112
373 40109 37 2 40244 98 135
96 40161 81 2 40326 84 165
485 40279 20 4 40347 48 68
968 40575 61 2 40636 0 61
890 40733 48 4 40781 0 48
502 41042 35 4 41077 0 35
838 41280 33 3 41313 0 33
103 41462 38 2 41500 0 38
786 41583 47 3 41630 0 47
702 41841 44 4 41885 0 44
669 41883 37 3 41923 3 40
368 42270 62 3 42332 0 62
235 42486 41 3 42527 0 41
1000 42612 39 1 42651 0 39
23 42839 55 4 42894 0 55
626 42860 64 4 42959 35 99
145 42877 26 3 42985 82 108
287 42928 37 3 43023 58 95
637 42997 37 4 43061 27 64
282 43168 50 4 43218 0 50
834 43259 67 2 43326 0 67
384 43272 21 1 43348 55 76
905 43346 58 4 43407 3 61
596 43422 22 3 43444 0 22
20 43730 32 4 43762 0 32
630 43941 82 3 44023 0 82
431 43984 25 2 44049 40 65
723 44148 37 4 44185 0 37
276 44349 24 4 44373 0 24
197 44487 57 4 44544 0 57
301 44618 72 1 44690 0 72
942 44766 50 4 44816 0 50
104 45268 62 2 45330 0 62
495 45268 29 4 45359 62 91
281 45418 80 3 45498 0 80
27 45495 21 1 45520 4 25
188 45509 27 2 45548 12 39
219 45592 26 4 45618 0 26
335 45889 79 1 45968 0 79
63 45961 45 4 46014 8 53
337 46007 65 3 46080 8 73
364 46015 26 2 46106 65 91
720 46266 76 3 46342 0 76
726 46455 34 3 46489 0 34
746 46481 31 3 46521 9 40
912 46531 63 3 46594 0 63
913 46609 72 3 46681 0 72
152 46615 66 3 46748 67 133
374 46725 86 3 46835 24 110
293 46732 53 2 46888 103 156
982 46735 22 4 46910 153 175
280 46746 88 1 46998 164 252
500 46768 32 4 47031 231 263
878 46875 82 3 47113 156 238
937 46890 48 3 47161 223 271
74 47032 22 3 47184 130 152
209 47115 24 4 47208 69 93
98 47133 74 4 47282 75 149
222 47219 41 3 47324 64 105
71 47290 40 3 47365 35 75
10 47384 82 2 47466 0 82
349 47429 65 1 47532 38 103
861 47484 34 4 47567 49 83
462 47800 37 3 47837 0 37
946 48013 25 4 48038 0 25
850 48154 66 4 48220 0 66
195 48187 27 3 48248 34 61
169 48201 20 2 48268 47 67
159 48209 21 2 48289 59 80
87 48358 90 2 48448 0 90
641 48427 71 4 48520 22 93
545 48450 29 1 48550 71 100
655 48759 23 2 48782 0 23
475 49092 37 3 49129 0 37
409 49248 70 3 49318 0 70
122 49332 52 2 49384 0 52
821 49361 68 2 49453 24 92
308 49394 58 3 49512 60 118
559 49520 38 3 49558 0 38
113 49558 43 2 49602 1 44
14 49687 24 4 49711 0 24
342 49805 55 4 49860 0 55
636 50000 67 1 50067 0 67
752 50244 26 2 50270 0 26
996 50367 66 3 50433 0 66
649 50418 60 4 50494 16 76
327 50638 24 2 50662 0 24
361 50861 52 4 50913 0 52
329 50993 21 4 51014 0 21
681 51011 57 4 51072 4 61
170 51201 26 2 51227 0 26
79 51203 63 4 51291 25 88
35 51322 55 3 51377 0 55
765 51472 51 1 51523 0 51
492 51613 29 4 51642 0 29
263 51616 26 4 51669 27 53
171 51829 24 4 51853 0 24
619 51922 53 2 51975 0 53
487 52006 32 4 52038 0 32
761 52039 79 3 52118 0 79
363 52139 84 4 52223 0 84
191 52198 37 4 52261 26 63
660 52234 55 3 52317 28 83
584 52355 66 4 52421 0 66
762 52416 61 4 52483 6 67
350 52473 43 3 52527 11 54
556 52515 21 4 52549 13 34
135 52693 51 3 52744 0 51
131 52848 60 2 52908 0 60
919 52874 22 4 52931 35 57
283 52890 40 2 52971 41 81
721 52892 30 4 53001 79 109
635 52915 51 2 53053 87 138
978 52983 63 4 53116 70 133
142 53003 78 3 53195 114 192
739 53190 25 4 53221 6 31
796 53268 47 4 53315 0 47
221 53411 39 4 53450 0 39
543 53471 59 4 53530 0 59
295 53488 66 4 53597 43 109
558 53503 74 1 53671 94 168
672 53624 82 1 53754 48 130
60 53967 64 4 54031 0 64
307 53993 54 2 54086 39 93
590 54026 39 4 54125 60 99
344 54044 61 3 54187 82 143
869 54057 59 2 54246 130 189
682 54068 46 2 54292 178 224
324 54147 80 4 54373 146 226
975 54678 49 3 54727 0 49
112 54743 63 4 54806 0 63
595 54749 20 4 54827 58 78
56 54864 32 2 54896 0 32
835 54917 39 3 54956 0 39
873 55067 31 2 55098 0 31
86 55101 33 3 55134 0 33
88 55125 66 2 55201 10 76
686 55138 40 4 55242 64 104
120 55198 95 3 55337 44 139
967 55284 22 3 55360 54 76
608 55339 26 4 55387 22 48
605 55456 41 3 55497 0 41
754 55511 31 3 55542 0 31
687 55544 39 4 55583 0 39
292 55626 47 4 55673 0 47
29 55635 35 2 55709 39 74
705 55908 24 4 55932 0 24
298 56018 42 2 56060 0 42
50 56135 43 2 56178 0 43
871 56255 86 2 56341 0 86
627 56398 22 2 56420 0 22
588 56453 21 4 56474 0 21
85 56487 38 1 56525 0 38
381 56496 75 2 56601 30 105
312 56524 44 4 56645 77 121
463 56787 36 4 56823 0 36
697 56857 63 4 56920 0 63
948 56935 44 3 56979 0 44
813 56970 55 3 57035 10 65
236 56971 79 1 57114 64 143
643 57061 35 2 57150 54 89
102 57156 59 4 57215 0 59
386 57200 89 4 57305 16 105
52 57250 38 3 57344 56 94
256 57397 41 1 57438 0 41
770 57412 68 4 57507 27 95
981 57439 57 4 57564 68 125
817 57444 75 3 57640 121 196
569 57454 96 3 57736 186 282
154 57545 62 3 57798 191 253
59 57754 92 4 57891 45 137
934 57836 39 4 57931 56 95
794 57989 39 4 58028 0 39
489 58037 42 4 58079 0 42
249 58055 75 1 58155 25 100
774 58067 25 2 58180 88 113
175 58206 21 4 58227 0 21
842 58303 28 4 58331 0 28
106 58446 69 4 58515 0 69
666 58454 41 4 58557 62 103
997 58490 49 4 58606 67 116
924 58555 60 2 58667 52 112
190 58645 55 3 58723 23 78
466 58751 49 4 58800 0 49
383 58876 36 3 58912 0 36
318 59037 55 2 59092 0 55
998 59095 34 4 59129 0 34
55 59107 45 3 59175 23 68
84 59580 85 2 59665 0 85
133 59737 26 4 59763 0 26
825 59853 22 2 59875 0 22
902 59966 42 2 60008 0 42
151 60337 57 3 60394 0 57
519 60363 53 4 60448 32 85
237 60403 59 4 60508 46 105
582 60472 83 3 60592 37 120
413 60677 45 2 60722 0 45
769 60699 40 3 60763 24 64
388 60843 82 4 60925 0 82
957 60968 90 3 61058 0 90
563 61032 61 3 61120 27 88
711 61215 56 2 61271 0 56
896 61266 54 3 61326 6 60
993 61398 57 3 61455 0 57
328 61470 75 2 61545 0 75
944 61561 21 4 61582 0 21
73 61637 25 3 61662 0 25
284 61844 37 3 61881 0 37
700 61945 29 4 61974 0 29
554 61985 35 1 62020 0 35
109 62183 30 4 62213 0 30
69 62264 48 1 62312 0 48
300 62281 27 3 62340 32 59
847 62297 51 2 62391 43 94
496 62363 36 4 62428 29 65
61 62464 21 2 62485 0 21
78 62532 39 4 62571 0 39
124 62555 38 3 62610 17 55
19 62561 34 3 62644 49 83
200 62785 78 2 62863 0 78
440 62815 48 3 62912 49 97
798 62917 34 4 62951 0 34
651 62972 66 3 63038 0 66
561 63036 46 4 63085 3 49
846 63116 23 3 63139 0 23
758 63129 30 4 63170 11 41
161 63166 51 4 63222 5 56
274 63241 38 3 63279 0 38
939 63316 46 4 63362 0 46
766 63416 36 4 63452 0 36
259 63538 90 1 63628 0 90
571 63664 63 4 63727 0 63
340 63784 35 2 63819 0 35
941 64029 87 2 64116 0 87
677 64046 24 4 64141 71 95
779 64047 32 4 64173 94 126
580 64109 32 4 64205 64 96
609 64369 36 4 64405 0 36
759 64424 48 4 64472 0 48
851 64660 28 4 64688 0 28
800 64665 33 4 64722 24 57
53 64720 73 4 64796 3 76
883 64765 68 2 64865 32 100
592 64836 32 4 64898 30 62
157 64908 34 2 64942 0 34
376 65146 55 2 65201 0 55
132 65153 56 3 65258 49 105
523 65466 26 3 65492 0 26
815 65605 37 4 65642 0 37
4 65630 79 3 65722 13 92
296 65879 86 4 65965 0 86
501 65946 76 1 66042 20 96
480 66061 77 2 66138 0 77
41 66130 41 4 66180 9 50
392 66190 60 2 66250 0 60
891 66273 42 4 66315 0 42
515 66359 27 2 66386 0 27
146 66444 39 4 66483 0 39
70 66474 67 4 66551 10 77
403 66618 36 1 66654 0 36
286 66700 43 2 66743 0 43
844 66840 70 2 66910 0 70
816 66861 61 3 66972 50 111
275 66990 22 3 67012 0 22
389 67138 44 2 67182 0 44
673 67256 48 1 67304 0 48
623 67283 43 4 67348 22 65
553 67332 35 2 67384 17 52
323 67366 59 1 67444 19 78
189 67415 21 2 67466 30 51
639 67512 63 3 67575 0 63
47 67535 61 3 67637 41 102
137 67600 23 4 67661 38 61
555 67680 24 3 67704 0 24
695 67705 43 2 67748 0 43
265 67829 73 4 67902 0 73
446 67863 90 2 67993 40 130
565 67867 71 4 68064 126 197
39 67867 28 2 68092 197 225
659 67896 63 3 68155 196 259
901 67904 46 4 68202 252 298
684 68060 35 4 68237 142 177
22 68134 24 3 68261 103 127
690 68144 33 1 68294 117 150
950 68250 75 4 68370 45 120
938 68283 60 4 68430 87 147
148 68434 75 3 68509 0 75
445 68545 57 3 68602 0 57
903 68553 60 4 68663 50 110
859 68595 23 3 68686 68 91
414 68603 39 1 68725 83 122
268 68611 29 4 68755 115 144
139 68637 45 4 68800 118 163
229 68681 35 2 68835 119 154
811 68874 52 4 68926 0 52
457 68878 43 3 68970 49 92
650 68924 70 4 69040 46 116
807 69010 44 4 69085 31 75
461 69064 77 4 69163 22 99
550 69073 40 3 69203 90 130
980 69100 30 4 69234 104 134
886 69181 72 1 69306 53 125
477 69317 30 1 69347 0 30
855 69326 92 3 69440 22 114
600 69366 77 4 69518 75 152
437 69431 52 3 69570 87 139
768 69487 30 4 69601 84 114
244 69555 28 3 69629 46 74
570 69628 50 3 69680 2 52
864 69694 87 4 69781 0 87
904 69871 69 3 69940 0 69
671 69917 31 4 69972 24 55
546 70046 71 3 70117 0 71
714 70086 57 4 70175 32 89
245 70241 52 1 70293 0 52
849 70273 39 4 70333 21 60
657 70302 48 4 70382 32 80
522 70345 64 3 70447 38 102
9 70408 51 4 70499 40 91
271 70646 38 1 70684 0 38
497 70665 43 4 70728 20 63
745 70771 74 4 70845 0 74
360 70851 29 4 70880 0 29
827 70860 43 4 70924 21 64
525 70981 78 3 71059 0 78
840 71034 25 3 71085 26 51
15 71173 77 4 71250 0 77
678 71175 78 4 71329 76 154
400 71177 36 3 71365 152 188
797 71190 33 1 71398 175 208
548 71255 69 4 71468 144 213
458 71297 45 4 71513 171 216
644 71387 39 3 71552 126 165
277 71531 70 3 71623 22 92
12 71578 21 4 71645 46 67
874 71631 32 1 71678 15 47
756 71838 40 3 71878 0 40
491 72040 52 1 72092 0 52
974 72114 79 1 72193 0 79
396 72151 22 4 72216 43 65
380 72217 23 4 72240 0 23
654 72247 35 4 72282 0 35
177 72352 24 3 72376 0 24
602 72361 25 3 72402 16 41
89 72369 51 4 72453 33 84
894 72579 89 4 72668 0 89
183 72679 43 4 72722 0 43
140 72785 54 2 72839 0 54
613 72809 35 4 72875 31 66
351 72810 32 3 72907 65 97
929 72811 85 4 72992 96 181
370 72880 51 4 73044 113 164
949 72896 23 4 73067 148 171
333 73089 25 3 73114 0 25
503 73212 88 4 73300 0 88
572 73357 89 3 73446 0 89
648 73472 55 1 73527 0 55
599 73476 59 4 73587 52 111
922 73541 85 3 73673 47 132
829 73796 55 4 73851 0 55
33 73884 35 4 73919 0 35
58 74026 40 3 74066 0 40
147 74041 22 4 74089 26 48
972 74124 57 3 74181 0 57
407 74167 27 4 74209 15 42
793 74212 57 3 74269 0 57
469 74247 54 4 74324 23 77
155 74272 27 4 74352 53 80
422 74273 31 4 74383 79 110
802 74463 54 3 74517 0 54
927 74622 25 4 74647 0 25
532 74683 24 4 74707 0 24
482 74758 80 4 74838 0 80
977 74831 25 2 74864 8 33
93 74877 27 1 74904 0 27
895 74888 23 4 74928 17 40
498 75027 77 4 75104 0 77
193 75103 53 2 75158 2 55
46 75245 76 3 75321 0 76
134 75259 22 2 75344 63 85
862 75322 38 3 75382 22 60
225 75328 83 3 75466 55 138
906 75332 25 3 75491 134 159
757 75575 25 4 75600 0 25
233 75670 34 2 75704 0 34
668 75733 64 4 75797 0 64
658 75752 76 1 75874 46 122
900 75842 48 3 75923 33 81
828 75848 70 3 75993 75 145
353 76133 35 4 76168 0 35
428 76243 82 4 76325 0 82
40 76281 60 2 76386 45 105
62 76305 21 4 76407 81 102
442 76329 20 2 76428 79 99
44 76353 60 3 76488 75 135
30 76561 36 2 76597 0 36
680 76688 22 3 76710 0 22
194 76741 41 2 76782 0 41
760 76778 56 1 76839 5 61
707 77112 88 4 77200 0 88
777 77156 30 2 77231 45 75
704 77234 40 3 77274 0 40
3 77262 31 2 77306 13 44
647 77296 85 3 77392 11 96
367 77320 30 4 77423 73 103
366 77336 55 3 77478 87 142
814 77345 32 3 77510 133 165
251 77398 33 3 77544 113 146
260 77539 28 4 77573 6 34
202 77601 34 4 77635 0 34
735 77656 44 4 77700 0 44
242 77795 63 4 77858 0 63
772 77828 41 3 77900 31 72
92 77936 21 3 77957 0 21
473 78001 70 4 78071 0 70
645 78138 29 4 78167 0 29
174 78189 21 3 78210 0 21
742 78221 22 4 78243 0 22
315 78372 56 3 78428 0 56
698 78380 43 4 78472 49 92
108 78398 22 1 78494 74 96
528 78454 26 3 78521 41 67
278 78471 88 4 78609 50 138
691 78487 33 2 78642 122 155
504 78660 48 3 78708 0 48
988 78693 62 2 78771 16 78
444 78732 24 2 78796 40 64
378 78745 54 2 78850 51 105
397 78773 68 4 78919 78 146
136 78806 59 4 78978 113 172
586 79017 25 4 79042 0 25
240 79045 21 4 79066 0 21
638 79064 61 1 79128 3 64
162 79093 43 1 79172 36 79
933 79110 51 1 79223 62 113
564 79172 59 4 79283 52 111
486 79230 65 4 79349 54 119
452 79246 47 2 79396 103 150
712 79280 57 4 79453 116 173
539 79355 24 4 79478 99 123
549 79368 57 4 79535 110 167
577 79375 57 3 79592 160 217
65 79478 42 2 79635 115 157
513 79559 62 2 79697 76 138
141 79621 22 3 79720 77 99
192 79622 38 4 79758 98 136
468 79665 30 3 79788 93 123
460 79732 51 4 79840 57 108
574 79784 78 4 79918 56 134
401 79821 50 1 79969 98 148
309 79832 63 4 80032 137 200
836 79862 55 2 80087 170 225
372 79927 42 4 80130 161 203
805 79987 49 4 80179 143 192
594 80001 91 2 80270 178 269
694 80244 85 3 80356 27 112
391 80286 32 4 80389 71 103
884 80321 57 1 80446 68 125
753 80379 63 4 80510 68 131
285 80432 48 4 80558 78 126
91 80623 32 4 80655 0 32
64 80638 46 3 80702 18 64
787 80641 80 1 80782 61 141
703 80650 68 2 80850 132 200
395 80665 66 4 80917 186 252
885 80678 46 4 80963 239 285
18 80679 29 1 80992 284 313
771 80689 22 1 81014 303 325
421 80890 27 3 81042 125 152
552 80934 26 3 81068 108 134
305 80965 49 2 81117 103 152
831 81014 32 3 81149 103 135
83 81179 23 4 81202 0 23
830 81199 55 3 81258 4 59
304 81233 89 3 81348 26 115
713 81367 35 4 81402 0 35
356 81377 35 4 81438 26 61
167 81426 47 4 81486 13 60
250 81509 68 2 81577 0 68
767 81596 43 4 81639 0 43
334 81637 37 4 81677 3 40
143 81677 26 4 81704 1 27
542 81714 54 3 81768 0 54
652 81746 40 3 81809 23 63
176 81793 70 4 81880 17 87
427 81895 54 2 81949 0 54
467 81939 56 4 82006 11 67
377 81992 85 2 82092 15 100
247 82057 48 4 82141 36 84
857 82096 86 4 82228 46 132
738 82113 76 3 82304 115 191
992 82265 40 2 82345 40 80
362 82275 29 4 82374 70 99
674 82287 60 4 82434 87 147
865 82292 38 2 82472 142 180
493 82312 83 2 82556 161 244
412 82487 45 3 82602 70 115
434 82499 28 3 82630 103 131
153 82528 36 4 82666 102 138
868 82533 49 1 82715 133 182
931 82628 42 3 82758 88 130
841 82637 56 4 82814 121 177
621 82643 73 4 82887 171 244
7 82666 80 4 82967 221 301
231 82775 80 3 83048 193 273
568 82791 26 3 83074 257 283
505 82854 41 4 83115 220 261
470 82883 47 4 83162 232 279
246 82941 98 3 83260 221 319
34 82955 31 4 83291 305 336
612 83062 35 1 83327 230 265
429 83152 21 4 83348 175 196
430 83185 61 1 83409 163 224
358 83284 74 4 83483 125 199
863 83577 42 3 83619 0 42
544 83633 46 3 83679 0 46
964 83763 44 2 83807 0 44
404 83786 57 4 83865 22 79
32 83807 79 2 83944 58 137
441 83881 27 4 83972 64 91
792 83953 78 4 84051 20 98
597 84043 54 3 84106 9 63
343 84209 91 3 84300 0 91
90 84210 70 1 84371 91 161
517 84216 23 2 84394 155 178
5 84284 36 3 84430 110 146
149 84291 49 3 84479 139 188
100 84320 76 4 84556 160 236
926 84491 25 3 84582 66 91
80 84498 23 4 84605 84 107
201 84513 44 4 84649 92 136
6 84581 43 3 84693 69 112
804 84611 31 3 84724 82 113
454 84685 53 2 84778 40 93
872 84693 26 1 84804 85 111
803 84796 39 4 84844 9 48
822 84809 30 2 84875 36 66
38 84894 26 3 84920 0 26
956 85036 76 3 85112 0 76
72 85107 61 4 85174 6 67
418 85124 61 2 85236 51 112
341 85130 31 4 85267 106 137
615 85270 37 4 85307 0 37
509 85278 27 3 85335 30 57
676 85301 75 2 85410 34 109
31 85322 30 4 85441 89 119
111 85333 22 4 85463 108 130
510 85335 26 2 85489 128 154
963 85386 85 3 85574 103 188
125 85539 47 4 85622 36 83
352 85556 54 2 85676 66 120
601 85586 64 1 85741 91 155
289 85628 21 4 85762 113 134
893 85674 40 1 85802 88 128
128 85700 54 3 85857 103 157
511 85817 27 3 85885 41 68
443 86099 60 4 86159 0 60
211 86138 37 4 86197 22 59
953 86170 56 3 86254 28 84
232 86179 39 4 86293 75 114
848 86221 66 4 86360 73 139
971 86358 82 4 86443 3 85
76 86359 47 4 86490 84 131
576 86399 50 3 86541 92 142
661 86704 33 1 86737 0 33
581 86721 65 4 86803 17 82
604 86760 21 1 86825 44 65
928 86776 57 1 86882 49 106
411 86814 47 1 86930 69 116
234 86826 39 3 86969 104 143
228 86883 24 1 86993 86 110
433 86898 44 4 87038 96 140
667 86900 54 4 87092 138 192
216 86910 76 4 87168 182 258
253 87099 44 4 87213 70 114
119 87120 46 2 87259 93 139
940 87158 69 4 87328 101 170
531 87230 43 2 87372 99 142
744 87328 73 2 87445 44 117
449 87445 49 4 87495 1 50
95 87453 31 4 87527 43 74
724 87466 24 4 87551 61 85
763 87476 47 2 87598 75 122
918 87517 86 3 87685 82 168
789 87619 80 1 87766 67 147
270 87633 54 4 87820 133 187
114 87785 32 4 87853 36 68
416 87807 49 3 87902 46 95
799 87843 38 3 87941 60 98
875 87932 85 1 88027 10 95
507 88060 75 4 88135 0 75
778 88109 56 4 88192 27 83
732 88156 46 3 88239 37 83
230 88201 39 4 88279 39 78
598 88335 45 4 88380 0 45
24 88417 32 4 88449 0 32
306 88481 63 4 88544 0 63
172 88544 26 2 88571 1 27
223 88571 28 3 88600 1 29
266 88711 34 3 88745 0 34
205 88794 40 4 88834 0 40
987 88852 46 4 88898 0 46
689 88872 49 4 88948 27 76
955 88976 29 2 89005 0 29
529 89102 23 2 89125 0 23
238 89248 61 4 89309 0 61
267 89251 83 3 89393 59 142
791 89260 65 3 89458 133 198
795 89274 28 4 89486 184 212
916 89349 23 3 89510 138 161
346 89487 50 4 89560 23 73
179 89497 28 3 89589 64 92
345 89506 49 4 89638 83 132
316 89519 64 4 89702 119 183
989 89564 47 2 89750 139 186
94 89632 33 3 89783 118 151
465 89714 34 4 89818 70 104
540 89835 42 3 89877 0 42
743 89868 52 4 89930 10 62
587 89872 42 3 89972 58 100
471 89885 33 2 90006 88 121
867 89953 29 4 90035 53 82
290 89976 29 3 90065 60 89
999 90045 23 2 90089 21 44
320 90051 30 3 90119 38 68
958 90102 49 4 90169 18 67
717 90103 48 3 90217 66 114
514 90230 26 4 90256 0 26
512 90270 66 2 90336 0 66
438 90345 50 3 90395 0 50
920 90423 20 1 90443 0 20
764 90435 42 3 90486 9 51
910 90452 67 3 90554 35 102
107 90469 59 2 90613 85 144
472 90489 42 1 90656 125 167
593 90510 49 4 90705 146 195
420 90543 37 1 90742 162 199
168 90809 36 4 90845 0 36
484 90856 20 3 90876 0 20
210 90980 57 2 91037 0 57
952 90990 23 4 91061 48 71
611 91005 28 1 91089 56 84
339 91041 25 2 91115 49 74
379 91050 35 3 91150 65 100
833 91059 80 3 91230 91 171
97 91077 50 1 91280 153 203
67 91153 30 4 91311 128 158
37 91184 27 2 91338 127 154
870 91230 50 4 91388 108 158
464 91316 38 4 91427 73 111
313 91508 35 4 91543 0 35
144 91576 29 4 91605 0 29
858 91661 54 4 91715 0 54
524 91671 63 4 91779 45 108
662 91695 54 2 91833 84 138
417 91710 76 4 91909 123 199
394 91730 47 4 91957 180 227
622 91793 38 3 91995 164 202
375 91798 25 3 92020 197 222
402 91807 25 4 92045 213 238
887 91959 46 4 92092 87 133
206 91959 54 3 92146 133 187
876 92089 61 1 92208 58 119
2 92117 70 2 92278 91 161
77 92146 65 4 92343 132 197
664 92175 54 2 92398 169 223
679 92235 52 2 92450 163 215
731 92304 29 3 92479 146 175
534 92324 42 3 92521 155 197
164 92363 75 1 92597 159 234
387 92437 32 3 92629 160 192
393 92570 76 4 92706 60 136
819 92767 69 4 92836 0 69
624 92826 44 1 92881 11 55
255 92907 56 4 92963 0 56
166 92916 37 4 93001 48 85
319 93026 60 3 93086 0 60
163 93037 32 3 93119 50 82
755 93086 38 3 93157 33 71
775 93086 54 4 93211 71 125
530 93177 29 3 93241 35 64
773 93227 29 2 93271 15 44
483 93356 37 3 93393 0 37
629 93387 65 4 93459 7 72
331 93422 55 4 93515 38 93
264 93530 28 1 93558 0 28
719 93591 21 4 93612 0 21
538 93624 33 4 93657 0 33
603 93650 20 4 93678 8 28
801 93655 38 3 93716 23 61
579 93659 51 4 93768 58 109
823 93672 51 3 93819 96 147
82 93747 82 2 93902 73 155
725 93748 21 3 93923 154 175
973 93750 30 3 93953 173 203
490 93907 26 2 93980 47 73
616 94028 27 2 94055 0 27
866 94032 24 3 94080 24 48
693 94092 21 4 94113 0 21
187 94124 48 4 94172 0 48
591 94191 37 3 94228 0 37
640 94218 31 2 94260 11 42
130 94272 51 4 94323 0 51
156 94283 82 3 94406 41 123
976 94308 26 2 94432 98 124
158 94312 46 4 94478 120 166
535 94338 50 4 94529 141 191
620 94357 77 4 94606 172 249
336 94411 37 3 94643 195 232
960 94473 28 4 94671 170 198
398 94508 41 2 94713 164 205
354 94569 20 3 94733 144 164
740 94643 68 1 94801 90 158
518 94683 35 4 94837 119 154
405 94692 61 4 94898 145 206
606 94708 24 3 94922 190 214
837 94744 30 4 94952 178 208
562 94845 93 2 95046 108 201
150 94862 59 1 95105 184 243
459 94877 22 4 95127 228 250
533 94920 35 2 95162 207 242
43 95038 55 4 95218 125 180
785 95239 44 2 95283 0 44
207 95245 71 4 95355 39 110
185 95246 22 3 95377 109 131
357 95268 46 4 95423 109 155
365 95336 22 4 95446 88 110
860 95343 56 1 95502 103 159
727 95378 85 3 95587 124 209
478 95587 34 4 95622 1 35
180 95616 36 4 95659 7 43
25 95663 34 3 95697 0 34
930 95699 51 2 95750 0 51
983 95823 46 3 95869 0 46
665 95900 51 4 95951 0 51
115 95917 38 4 95990 35 73
17 95935 67 4 96057 55 122
13 95938 58 3 96115 119 177
105 95959 36 4 96152 157 193
499 95963 29 3 96181 189 218
969 95996 64 1 96245 185 249
448 96053 87 4 96332 192 279
218 96080 59 4 96391 252 311
314 96339 94 4 96486 53 147
781 96345 60 4 96546 141 201
614 96434 33 3 96580 113 146
425 96444 43 4 96623 136 179
984 96452 38 4 96661 171 209
215 96494 76 4 96737 167 243
853 96509 46 3 96783 228 274
28 96513 75 4 96858 270 345
382 96574 32 3 96891 285 317
198 96740 30 4 96921 151 181
936 96754 23 4 96944 167 190
991 96797 21 2 96965 147 168
935 96797 35 2 97000 168 203
585 96799 76 1 97076 201 277
537 96840 60 3 97136 236 296
453 96864 20 3 97157 273 293
701 96982 34 4 97191 175 209
699 97043 77 4 97268 148 225
526 97081 21 4 97289 187 208
51 97150 29 4 97319 140 169
129 97183 38 4 97357 136 174
610 97184 23 2 97380 173 196
733 97184 47 3 97427 196 243
747 97187 56 2 97483 240 296
332 97195 82 3 97565 288 370
184 97218 42 4 97607 347 389
631 97304 20 4 97628 304 324
291 97339 43 2 97671 289 332
54 97380 57 1 97728 291 348
820 97445 65 2 97793 283 348
675 97485 58 3 97851 308 366
915 97501 66 2 97917 350 416
311 97589 90 3 98007 328 418
784 97675 24 2 98032 333 357
845 97724 36 4 98068 308 344
578 97772 36 4 98104 296 332
8 97823 36 3 98140 281 317
737 97832 41 1 98181 308 349
81 97868 30 3 98211 313 343
476 98082 23 3 98235 130 153
843 98191 35 3 98270 44 79
709 98233 54 4 98325 38 92
783 98334 25 1 98359 0 25
66 98381 21 3 98402 0 21
435 98490 46 4 98536 0 46
214 98492 52 1 98589 45 97
447 98573 47 3 98637 17 64
710 98593 60 1 98698 45 105
248 98710 36 3 98746 0 36
220 98824 26 3 98850 0 26
728 98867 25 2 98892 0 25
897 99060 24 4 99084 0 24
898 99062 98 4 99183 23 121
617 99207 23 2 99230 0 23
226 99234 56 4 99290 0 56
45 99244 55 4 99346 47 102
99 99289 46 4 99392 57 103
243 99292 46 4 99439 101 147
424 99351 57 3 99496 88 145
696 99378 47 2 99543 118 165
273 99432 62 4 99606 112 174
633 99462 49 1 99655 144 193
317 99537 39 2 99694 118 157
748 99605 22 4 99717 90 112
110 99624 66 3 99783 93 159
632 99681 51 4 99834 102 153
160 99688 27 4 99861 146 173
560 99724 88 4 99950 138 226
227 99771 65 4 100015 179 244
607 99779 70 3 100085 236 306
330 99840 68 4 100153 245 313
536 99920 40 4 100194 234 274
751 99934 60 1 100254 260 320
670 99954 77 1 100331 300 377
925 99964 42 2 100373 367 409
