102621 1000 592 531
363 2426 75 1 2501 0 75
351 3054 62 1 3116 0 62
851 5137 72 1 5209 0 72
837 5242 77 1 5319 0 77
546 5603 62 4 5665 0 62
336 5629 53 4 5719 37 90
163 6263 65 4 6328 0 65
391 6761 70 4 6831 0 70
765 8260 50 4 8310 0 50
93 8772 58 2 8830 0 58
410 9533 80 4 9613 0 80
288 10247 66 3 10313 0 66
989 10266 54 4 10368 48 102
608 10953 34 4 10987 0 34
896 10968 21 4 11009 20 41
326 11625 68 3 11693 0 68
6 12088 68 4 12156 0 68
642 12310 46 3 12356 0 46
902 12362 74 4 12436 0 74
342 12837 62 1 12899 0 62
59 13228 57 4 13285 0 57
141 13862 49 3 13911 0 49
696 13952 73 3 14025 0 73
219 14633 76 4 14709 0 76
926 14793 90 4 14883 0 90
421 14878 80 4 14964 6 86
633 15787 87 1 15874 0 87
730 15982 43 4 16025 0 43
401 16211 85 2 16296 0 85
94 16264 62 2 16359 33 95
188 16372 46 4 16418 0 46
386 16564 71 3 16635 0 71
462 17052 59 2 17111 0 59
792 17530 100 4 17630 0 100
588 17746 61 4 17807 0 61
112 17877 51 4 17928 0 51
207 17914 77 2 18006 15 92
217 18625 75 2 18700 0 75
412 18680 80 2 18781 21 101
246 18912 50 4 18962 0 50
348 19379 48 1 19427 0 48
160 19503 49 4 19552 0 49
225 19712 42 3 19754 0 42
679 19769 83 1 19852 0 83
86 19832 69 4 19922 21 90
699 20243 61 3 20304 0 61
464 20626 63 4 20689 0 63
816 21439 78 4 21517 0 78
481 21898 67 4 21965 0 67
213 22185 81 3 22266 0 81
340 22210 53 2 22320 57 110
231 22224 76 2 22396 96 172
537 22387 57 3 22454 10 67
330 22406 40 3 22495 49 89
805 22465 30 2 22526 31 61
30 22627 57 4 22684 0 57
782 23020 55 2 23075 0 55
329 23020 80 2 23155 55 135
544 23344 61 4 23405 0 61
292 23346 59 2 23465 60 119
1 23445 60 4 23526 21 81
739 23582 81 3 23663 0 81
41 23882 77 4 23959 0 77
559 24326 90 3 24416 0 90
31 24407 79 4 24496 10 89
713 24601 55 4 24656 0 55
870 25292 46 4 25338 0 46
417 25371 88 4 25459 0 88
352 25704 62 4 25766 0 62
895 25748 75 4 25842 19 94
262 25835 55 3 25898 8 63
607 26086 66 4 26152 0 66
23 26182 50 3 26232 0 50
427 26467 50 3 26517 0 50
709 26588 62 4 26650 0 62
980 26597 34 3 26685 54 88
147 26619 60 3 26745 66 126
566 27113 72 4 27185 0 72
512 27355 63 4 27418 0 63
841 27459 55 3 27514 0 55
170 27713 49 4 27762 0 49
508 27818 60 3 27878 0 60
539 27970 47 2 28017 0 47
731 28089 78 3 28167 0 78
169 28185 56 1 28241 0 56
373 28185 53 2 28294 56 109
203 28469 53 4 28522 0 53
652 28539 62 4 28601 0 62
802 28945 51 2 28996 0 51
979 29505 70 2 29575 0 70
793 29662 57 4 29719 0 57
812 29821 27 2 29848 0 27
847 30080 67 1 30147 0 67
425 30187 60 4 30247 0 60
628 30529 57 2 30586 0 57
69 30763 89 4 30852 0 89
14 30810 50 4 30903 43 93
507 30911 40 2 30951 0 40
901 30965 48 4 31013 0 48
108 31219 55 4 31274 0 55
19 31403 57 4 31460 0 57
295 31540 53 4 31593 0 53
934 31709 78 4 31787 0 78
826 32029 62 4 32091 0 62
79 32171 55 2 32226 0 55
776 32292 100 4 32392 0 100
419 32448 53 3 32501 0 53
156 32912 53 2 32965 0 53
313 32953 46 4 33012 13 59
280 33058 56 3 33114 0 56
244 33106 59 1 33174 9 68
346 33126 59 3 33234 49 108
883 33170 60 4 33294 64 124
124 33182 58 2 33353 113 171
854 33329 50 3 33404 25 75
872 33330 78 2 33482 74 152
389 33372 59 3 33542 111 170
513 33389 85 2 33627 153 238
122 33502 58 1 33686 126 184
360 33612 41 4 33727 74 115
254 33817 73 3 33890 0 73
158 34214 66 4 34280 0 66
758 34376 57 3 34433 0 57
894 34397 68 1 34502 37 105
128 34733 54 1 34787 0 54
950 34896 51 4 34947 0 51
393 34989 49 3 35038 0 49
819 35374 38 1 35412 0 38
105 36284 60 2 36344 0 60
868 37047 59 4 37106 0 59
981 37220 47 4 37267 0 47
10 37498 38 1 37536 0 38
239 37538 77 2 37615 0 77
625 37658 34 4 37692 0 34
222 37707 74 3 37781 0 74
723 38066 38 4 38104 0 38
905 38142 42 4 38184 0 42
308 38197 66 4 38263 0 66
621 38387 49 4 38436 0 49
791 38401 49 4 38486 36 85
233 38489 89 4 38578 0 89
927 39487 67 4 39554 0 67
644 39601 59 4 39660 0 59
889 39666 57 2 39723 0 57
487 39978 82 4 40060 0 82
548 40065 53 3 40118 0 53
533 40453 63 3 40516 0 63
614 40495 56 3 40573 22 78
208 40648 40 3 40688 0 40
578 40778 60 3 40838 0 60
232 40912 69 4 40981 0 69
458 40924 64 2 41046 58 122
84 41119 24 4 41143 0 24
921 41527 63 2 41590 0 63
714 41705 55 3 41760 0 55
627 41853 75 4 41928 0 75
227 41871 56 2 41985 58 114
799 42175 88 1 42263 0 88
830 42315 79 4 42394 0 79
777 42368 56 2 42451 27 83
903 42382 86 1 42537 69 155
247 42463 34 2 42572 75 109
875 42504 69 3 42641 68 137
406 42518 58 2 42699 123 181
173 42750 48 4 42798 0 48
909 42953 83 4 43036 0 83
362 42995 69 4 43106 42 111
461 43000 60 4 43166 106 166
741 43075 95 4 43262 92 187
910 43156 60 4 43322 106 166
669 43220 64 3 43387 103 167
581 43222 54 4 43441 165 219
879 43241 52 3 43493 200 252
408 43510 58 2 43568 0 58
372 43512 53 4 43622 57 110
779 43583 50 4 43673 40 90
986 43669 71 4 43745 5 76
710 43670 48 4 43793 75 123
857 43693 69 3 43863 101 170
120 44004 59 2 44063 0 59
878 44023 35 2 44099 41 76
178 44064 64 4 44163 35 99
504 44334 55 3 44389 0 55
34 44418 62 3 44480 0 62
215 44427 61 4 44542 54 115
139 44527 61 2 44604 16 77
341 44858 47 3 44905 0 47
22 44940 57 4 44997 0 57
64 45059 61 4 45120 0 61
488 45432 74 3 45506 0 74
298 45551 40 3 45591 0 40
823 45611 61 4 45672 0 61
502 45655 47 2 45720 18 65
168 45852 96 3 45948 0 96
599 45998 57 4 46055 0 57
971 46079 50 1 46129 0 50
121 46305 72 2 46377 0 72
947 46338 56 3 46434 40 96
328 46757 59 2 46816 0 59
761 46948 61 2 47009 0 61
370 46978 40 3 47050 32 72
764 47035 77 4 47128 16 93
210 47174 53 2 47227 0 53
626 47499 34 4 47533 0 34
535 47582 50 4 47632 0 50
72 47612 36 1 47669 21 57
212 47934 78 2 48012 0 78
166 47979 82 3 48095 34 116
9 48103 33 4 48136 0 33
874 48134 60 2 48197 3 63
381 48202 81 2 48283 0 81
411 48256 83 3 48367 28 111
164 48287 55 4 48423 81 136
850 48316 60 4 48483 107 167
438 48438 59 4 48543 46 105
949 48640 71 1 48711 0 71
429 48710 52 1 48764 2 54
685 48847 34 4 48881 0 34
55 48922 55 2 48977 0 55
331 48937 56 2 49034 41 97
519 49203 54 3 49257 0 54
579 49235 67 1 49325 23 90
552 49252 62 3 49387 73 135
659 49280 79 3 49467 108 187
364 49344 64 1 49531 123 187
664 49482 55 2 49587 50 105
755 49573 76 3 49664 15 91
76 49627 72 3 49737 38 110
172 49695 46 4 49784 43 89
906 49807 82 4 49889 0 82
848 49833 41 3 49931 57 98
998 49860 93 1 50024 71 164
988 50058 62 2 50120 0 62
356 50389 62 3 50451 0 62
884 50424 36 4 50488 28 64
52 50548 44 4 50592 0 44
774 50647 70 1 50717 0 70
65 50835 70 4 50905 0 70
153 50846 49 3 50955 60 109
361 50910 57 4 51013 46 103
195 51018 64 4 51082 0 64
582 51032 64 4 51147 51 115
914 51057 57 4 51204 90 147
706 51152 76 4 51281 53 129
404 51199 86 3 51367 82 168
522 51277 45 3 51413 91 136
922 51328 46 4 51459 85 131
532 51379 75 2 51535 81 156
253 51411 76 4 51611 124 200
143 51421 57 3 51668 190 247
749 51476 59 3 51728 193 252
155 51560 50 1 51778 168 218
509 51617 73 2 51851 161 234
470 51836 45 4 51897 16 61
123 51881 66 4 51964 17 83
151 51956 75 4 52040 9 84
873 51981 54 3 52095 60 114
357 52068 50 3 52146 28 78
657 52111 77 3 52224 36 113
527 52366 34 4 52400 0 34
249 52388 29 2 52430 13 42
550 52431 73 1 52504 0 73
133 52489 26 4 52531 16 42
333 52540 53 2 52593 0 53
797 52616 68 1 52684 0 68
750 52641 50 3 52735 44 94
443 52646 60 4 52795 89 149
226 52731 67 3 52863 65 132
835 52987 57 3 53044 0 57
748 53167 65 4 53232 0 65
684 53180 94 3 53327 53 147
965 53219 59 4 53386 108 167
794 53281 60 2 53447 106 166
923 53374 73 3 53520 73 146
198 53632 68 2 53700 0 68
407 53646 88 1 53789 55 143
796 53707 68 3 53858 83 151
345 53937 67 3 54004 0 67
505 53993 48 3 54053 12 60
318 54070 85 4 54155 0 85
387 54086 88 3 54244 70 158
775 54203 82 4 54327 42 124
202 54291 73 3 54401 37 110
592 54306 54 2 54455 95 149
418 54355 100 3 54556 101 201
691 54386 70 2 54626 170 240
137 54508 84 4 54711 119 203
843 54517 22 4 54733 194 216
729 54544 52 4 54785 189 241
842 54565 48 3 54833 220 268
501 54707 72 4 54906 127 199
820 54802 82 4 54988 104 186
780 54883 20 4 55009 106 126
402 54906 26 3 55035 103 129
101 54933 51 2 55086 102 153
78 55006 59 3 55146 81 140
573 55071 76 3 55222 75 151
768 55075 48 3 55270 147 195
463 55091 52 3 55323 180 232
126 55180 43 2 55366 143 186
305 55247 52 2 55418 119 171
297 55289 35 3 55454 130 165
737 55326 44 2 55498 128 172
206 55422 63 4 55562 77 140
255 55451 36 4 55598 111 147
978 55475 29 3 55627 123 152
167 55601 58 4 55686 27 85
716 55620 52 4 55738 66 118
827 55676 56 2 55795 63 119
400 55931 65 3 55996 0 65
40 56279 59 1 56338 0 59
165 56371 61 2 56432 0 61
444 56465 57 4 56522 0 57
182 56639 48 2 56687 0 48
311 56685 59 3 56747 3 62
477 56811 51 4 56862 0 51
778 57020 80 4 57100 0 80
968 57076 82 4 57183 25 107
991 57282 65 2 57347 0 65
422 57306 64 1 57412 42 106
962 57423 66 4 57489 0 66
319 57806 100 3 57906 0 100
708 57907 66 4 57973 0 66
134 57971 68 3 58042 3 71
690 58343 77 4 58420 0 77
804 58627 86 3 58713 0 86
423 58683 66 4 58780 31 97
35 58727 59 2 58840 54 113
753 58963 74 3 59037 0 74
568 59091 49 4 59140 0 49
540 59268 64 4 59332 0 64
605 59459 41 1 59500 0 41
54 59523 34 3 59557 0 34
25 59564 36 4 59600 0 36
640 59587 100 1 59701 14 114
179 59706 74 3 59780 0 74
828 59808 45 3 59853 0 45
609 59834 81 3 59935 20 101
142 59876 37 4 59973 60 97
551 60052 78 4 60130 0 78
911 60054 46 4 60177 77 123
135 60164 59 3 60237 14 73
154 60261 53 3 60314 0 53
98 60327 85 3 60412 0 85
954 60384 68 3 60481 29 97
115 60524 58 4 60582 0 58
33 60538 62 4 60645 45 107
831 60559 59 2 60704 86 145
824 60623 60 4 60765 82 142
677 60657 60 4 60825 108 168
218 60721 73 4 60899 105 178
73 60732 69 4 60968 167 236
89 60926 71 3 61040 43 114
301 60993 75 3 61116 48 123
186 61065 67 3 61184 52 119
589 61139 56 3 61241 46 102
587 61230 72 4 61314 12 84
680 61310 67 1 61382 5 72
317 61379 51 3 61434 4 55
999 61387 33 4 61468 48 81
392 61477 82 1 61559 0 82
807 61549 96 4 61656 11 107
450 61549 91 3 61747 107 198
654 61680 78 3 61826 68 146
688 61729 38 4 61864 97 135
145 61833 55 3 61920 32 87
619 62118 54 2 62172 0 54
148 62216 61 1 62277 0 61
446 62250 51 4 62329 28 79
647 62381 48 2 62429 0 48
441 62415 38 4 62468 15 53
258 62417 46 4 62514 51 97
586 62525 52 4 62577 0 52
530 62628 57 4 62685 0 57
152 62691 53 2 62744 0 53
414 62708 51 2 62796 37 88
296 62875 85 1 62960 0 85
338 62877 63 4 63024 84 147
822 62926 60 2 63084 98 158
585 62948 46 2 63130 136 182
612 63007 72 1 63203 124 196
285 63167 70 2 63274 37 107
473 63255 59 4 63334 20 79
736 63257 50 1 63384 77 127
576 63307 53 1 63438 78 131
270 63329 40 4 63478 109 149
790 63409 98 1 63577 70 168
840 63449 72 3 63649 128 200
96 63498 81 2 63731 152 233
252 63588 35 3 63766 143 178
809 63817 47 1 63864 0 47
106 64094 50 4 64144 0 50
358 64184 40 2 64224 0 40
763 64242 32 4 64274 0 32
56 64268 69 2 64344 7 76
553 64310 91 2 64436 35 126
449 64356 47 1 64484 81 128
415 64401 59 4 64543 83 142
704 64491 61 4 64605 53 114
184 64498 46 1 64651 107 153
632 64500 83 4 64734 151 234
674 64502 61 1 64795 232 293
294 64523 40 4 64835 272 312
199 64554 60 4 64896 282 342
591 64565 50 4 64946 331 381
631 64638 63 4 65009 308 371
451 64672 47 1 65056 337 384
468 64718 95 3 65151 338 433
274 64766 67 3 65218 385 452
554 64826 65 3 65283 392 457
769 64879 44 4 65328 405 449
241 64888 59 4 65387 440 499
738 64903 54 3 65441 484 538
496 64967 74 3 65515 474 548
601 64980 35 3 65550 535 570
24 64986 55 3 65605 564 619
651 64986 52 3 65657 619 671
503 65054 67 4 65724 603 670
526 65317 49 4 65774 408 457
630 65328 83 1 65857 446 529
724 65402 88 3 65945 455 543
969 65409 46 2 65991 536 582
734 65467 83 4 66074 524 607
788 65651 69 3 66143 423 492
523 65717 69 2 66212 426 495
397 65734 54 2 66267 479 533
382 65739 56 4 66323 528 584
132 65814 77 4 66400 509 586
71 65822 64 3 66464 578 642
332 65892 47 3 66511 572 619
634 65916 67 4 66578 595 662
277 65979 65 3 66643 599 664
191 65985 59 4 66702 658 717
216 66073 83 3 66785 629 712
976 66095 40 4 66825 690 730
457 66225 55 3 66881 601 656
21 66242 44 4 66925 639 683
752 66296 49 2 66974 629 678
146 66319 56 3 67030 655 711
32 66456 57 2 67087 574 631
466 66615 61 4 67148 472 533
273 66667 71 3 67219 481 552
798 66720 91 4 67310 499 590
916 66732 43 4 67353 578 621
309 66738 76 4 67429 615 691
611 66799 53 3 67482 630 683
726 66849 74 4 67557 634 708
43 67053 71 4 67628 504 575
732 67096 68 3 67696 532 600
49 67225 71 4 67767 471 542
453 67269 34 4 67801 498 532
306 67385 64 3 67865 416 480
686 67394 74 4 67939 471 545
459 67472 36 3 67975 467 503
943 67499 56 4 68032 477 533
517 67510 81 3 68113 522 603
276 67524 72 2 68185 589 661
492 67533 90 3 68275 652 742
250 67559 36 4 68311 716 752
343 67625 43 3 68354 686 729
817 67682 76 4 68430 672 748
783 67852 54 3 68484 578 632
742 67867 63 4 68547 617 680
520 68016 94 4 68642 532 626
676 68079 72 1 68714 563 635
618 68306 57 2 68771 408 465
390 68385 70 4 68841 386 456
832 68472 68 4 68909 369 437
498 68473 35 3 68944 436 471
26 68605 69 3 69014 340 409
474 68708 61 2 69075 306 367
770 68723 90 2 69165 352 442
602 68728 66 3 69231 437 503
60 68730 64 3 69295 501 565
45 68773 36 4 69331 522 558
197 68784 55 3 69386 547 602
38 68786 47 2 69433 600 647
289 69044 41 1 69475 390 431
983 69058 61 4 69536 417 478
670 69077 45 4 69581 459 504
349 69085 44 3 69625 496 540
721 69088 48 3 69673 537 585
180 69111 29 2 69702 562 591
744 69116 78 3 69780 586 664
268 69244 46 3 69826 536 582
511 69418 53 3 69879 408 461
941 69421 82 4 69961 458 540
932 69578 63 1 70025 384 447
100 69662 41 3 70066 363 404
424 69681 49 3 70115 385 434
469 69752 75 2 70190 363 438
279 69850 82 2 70272 340 422
99 70043 88 4 70361 230 318
85 70063 49 2 70410 298 347
136 70106 74 4 70484 304 378
171 70159 60 3 70544 325 385
876 70303 58 3 70603 242 300
987 70306 66 2 70669 297 363
786 70327 100 4 70769 342 442
107 70382 31 4 70800 387 418
939 70477 64 4 70864 323 387
46 70517 61 1 70925 347 408
369 70548 71 4 70997 378 449
957 70690 67 4 71064 307 374
432 70716 100 3 71164 348 448
251 70745 81 4 71245 419 500
668 70864 82 4 71327 381 463
590 70923 66 1 71393 404 470
897 71004 44 3 71438 390 434
380 71210 20 2 71458 228 248
649 71381 50 4 71508 77 127
613 71385 60 3 71568 123 183
256 71485 100 1 71669 84 184
869 71784 48 3 71832 0 48
140 71797 66 3 71899 36 102
698 71815 82 3 71981 84 166
756 71872 44 4 72026 110 154
695 71929 99 3 72125 97 196
485 72006 74 4 72200 120 194
18 72066 39 4 72239 134 173
908 72138 21 2 72261 102 123
379 72139 91 4 72352 122 213
564 72181 76 4 72428 171 247
800 72288 31 2 72460 141 172
861 72299 53 3 72513 161 214
63 72334 52 4 72565 179 231
189 72466 44 4 72610 100 144
892 72802 61 4 72863 0 61
561 72858 64 3 72928 6 70
74 72874 53 4 72982 55 108
915 72902 66 4 73048 80 146
858 73099 42 4 73141 0 42
675 73115 74 3 73216 27 101
815 73208 36 4 73253 9 45
781 73222 75 4 73329 32 107
13 73537 43 2 73580 0 43
681 73588 58 4 73646 0 58
667 73658 44 3 73702 0 44
712 73730 51 4 73781 0 51
931 73748 82 2 73864 34 116
810 73804 66 4 73931 61 127
557 73866 53 2 73985 66 119
813 73959 47 4 74033 27 74
929 73982 54 3 74087 51 105
687 74004 58 4 74146 84 142
845 74006 40 3 74186 140 180
938 74012 63 1 74249 174 237
638 74020 56 2 74305 229 285
50 74033 63 4 74368 272 335
448 74040 60 4 74428 328 388
994 74055 58 3 74486 373 431
661 74117 64 4 74551 370 434
536 74172 72 1 74623 379 451
958 74214 52 4 74675 409 461
887 74231 71 3 74746 444 515
743 74691 60 3 74807 56 116
728 74853 48 3 74901 0 48
746 74942 22 3 74964 0 22
936 75003 46 4 75049 0 46
993 75007 40 4 75090 43 83
83 75183 57 4 75240 0 57
719 75328 51 4 75379 0 51
673 75428 75 2 75503 0 75
150 75645 44 3 75689 0 44
584 75673 36 3 75726 17 53
773 75674 55 2 75781 52 107
8 75696 72 4 75854 86 158
538 75702 58 3 75912 152 210
620 75921 70 3 75991 0 70
242 75973 61 4 76053 19 80
109 76018 78 3 76132 36 114
97 76052 65 4 76197 80 145
490 76064 53 1 76251 134 187
529 76096 32 4 76283 155 187
733 76252 63 2 76347 32 95
933 76429 63 4 76492 0 63
314 76463 42 4 76535 30 72
204 76475 58 1 76593 60 118
560 76505 72 4 76666 89 161
604 76524 62 4 76728 142 204
283 76566 90 2 76818 162 252
475 76593 27 4 76845 225 252
569 76605 47 3 76893 241 288
615 76647 56 4 76949 246 302
437 76690 62 4 77011 259 321
353 76694 56 2 77067 317 373
871 76705 64 3 77131 362 426
984 76804 75 3 77206 327 402
483 76936 72 4 77279 271 343
44 76945 53 2 77332 334 387
953 77046 60 2 77392 286 346
48 77114 68 2 77460 278 346
534 77127 66 4 77526 333 399
114 77162 81 4 77607 364 445
190 77202 50 2 77657 405 455
260 77227 47 2 77705 431 478
310 77260 59 4 77764 445 504
20 77267 58 2 77822 497 555
88 77267 76 3 77898 555 631
992 77410 50 2 77948 488 538
829 77479 75 4 78023 469 544
236 77508 72 4 78095 515 587
665 77568 100 4 78195 527 627
821 77743 67 4 78263 453 520
221 77798 38 4 78301 465 503
886 77881 38 4 78339 420 458
359 77899 53 4 78392 440 493
494 77906 56 4 78448 486 542
549 78012 35 4 78483 436 471
898 78040 59 3 78542 443 502
447 78070 71 4 78613 472 543
784 78178 38 4 78651 435 473
860 78182 79 3 78730 469 548
655 78200 64 4 78795 531 595
740 78266 60 2 78855 529 589
138 78276 58 1 78913 579 637
162 78348 50 3 78963 565 615
486 78403 50 2 79013 560 610
235 78491 41 4 79054 522 563
371 78576 47 2 79101 478 525
531 78592 82 4 79183 509 591
514 78837 70 1 79254 347 417
970 78853 74 2 79328 401 475
3 78994 80 4 79408 334 414
975 79066 65 2 79473 342 407
307 79092 81 2 79554 381 462
396 79162 50 4 79604 392 442
16 79286 68 3 79673 319 387
995 79310 53 1 79726 363 416
662 79383 69 4 79795 343 412
377 79529 31 2 79826 266 297
515 79552 64 3 79890 274 338
1000 79744 67 4 79958 147 214
442 79755 61 4 80019 203 264
300 79794 67 3 80086 225 292
497 79903 72 4 80159 184 256
656 80179 58 2 80237 0 58
977 80183 30 4 80268 55 85
925 80203 38 3 80306 65 103
616 80204 70 4 80376 102 172
378 80270 59 1 80436 107 166
426 80314 82 2 80518 122 204
367 80342 47 3 80565 176 223
937 80355 49 3 80614 210 259
471 80461 43 2 80658 154 197
648 80610 55 3 80713 48 103
510 80718 35 2 80753 0 35
715 80725 68 3 80822 29 97
413 80726 71 4 80893 96 167
543 80898 63 2 80961 0 63
11 80924 76 4 81038 38 114
852 80941 71 2 81109 97 168
836 81110 51 2 81161 0 51
603 81144 35 4 81197 18 53
623 81183 37 4 81235 15 52
224 81186 76 4 81311 49 125
435 81260 41 4 81353 52 93
478 81312 56 4 81409 41 97
863 81364 62 3 81472 46 108
476 81400 60 2 81532 72 132
624 81412 81 3 81614 121 202
966 81612 64 3 81679 3 67
111 81635 48 3 81728 45 93
516 81854 66 3 81920 0 66
643 82092 21 4 82113 0 21
789 82095 35 4 82149 19 54
119 82224 52 2 82276 0 52
556 82326 44 3 82370 0 44
127 82536 20 4 82556 0 20
267 82612 65 3 82677 0 65
455 82615 88 3 82766 63 151
525 82627 68 2 82834 139 207
956 82635 65 4 82899 199 264
240 82644 51 1 82950 255 306
209 82665 54 1 83004 285 339
671 82669 74 4 83078 335 409
405 82712 43 4 83122 367 410
131 82726 76 4 83198 396 472
299 82983 66 4 83264 215 281
727 83013 71 1 83335 251 322
261 83081 54 4 83390 255 309
211 83126 64 3 83454 264 328
844 83136 50 2 83504 318 368
430 83163 56 2 83560 341 397
997 83196 61 2 83621 364 425
595 83197 81 4 83702 424 505
431 83198 93 4 83795 504 597
838 83248 59 4 83854 547 606
499 83272 85 3 83939 582 667
946 83546 65 1 84005 394 459
803 83583 76 2 84081 422 498
814 83641 62 4 84143 440 502
434 83834 45 3 84188 309 354
315 83859 57 1 84245 329 386
672 83869 64 3 84309 376 440
187 83914 48 3 84357 395 443
771 83976 66 3 84424 382 448
4 84014 98 3 84522 410 508
388 84185 82 4 84604 337 419
707 84215 61 2 84665 389 450
697 84281 98 4 84763 384 482
375 84296 70 4 84833 467 537
327 84297 55 4 84888 536 591
772 84310 70 4 84958 578 648
282 84311 61 3 85019 647 708
383 84379 72 4 85092 641 713
125 84384 63 3 85155 708 771
924 84472 61 1 85216 683 744
175 84515 69 4 85285 701 770
762 84578 61 3 85346 707 768
900 84583 35 4 85381 763 798
339 84630 59 2 85440 751 810
834 84704 64 4 85504 736 800
103 84725 26 2 85530 779 805
47 84774 65 4 85595 756 821
243 84794 43 4 85638 801 844
645 84804 46 1 85684 834 880
67 84969 45 4 85729 715 760
316 85070 61 2 85791 660 721
717 85117 44 3 85835 674 718
545 85186 55 4 85890 649 704
344 85218 54 3 85944 672 726
944 85325 41 2 85985 619 660
720 85482 59 2 86044 503 562
918 85563 49 4 86093 481 530
705 85582 53 1 86146 511 564
230 85585 95 3 86241 561 656
806 85585 55 4 86296 656 711
600 85702 54 1 86350 594 648
849 85755 49 3 86400 596 645
785 85780 77 4 86477 620 697
234 85881 64 3 86541 596 660
36 85913 63 4 86604 628 691
542 85983 66 4 86670 621 687
265 86016 50 4 86720 654 704
825 86114 60 4 86780 606 666
885 86155 67 3 86847 625 692
39 86163 76 3 86923 684 760
692 86208 77 2 87000 715 792
567 86225 74 3 87074 775 849
42 86389 45 2 87120 686 731
58 86425 59 2 87179 695 754
257 86629 63 2 87242 550 613
144 86645 72 1 87314 597 669
70 86652 34 3 87348 662 696
66 86671 48 2 87396 677 725
95 86671 100 4 87496 725 825
693 86789 43 4 87539 707 750
214 86828 96 3 87635 711 807
575 86924 82 3 87717 711 793
663 87023 72 3 87789 694 766
183 87038 67 3 87856 751 818
855 87103 75 1 87932 754 829
433 87134 26 4 87958 798 824
482 87227 51 4 88009 731 782
912 87317 55 1 88064 692 747
17 87374 56 2 88120 690 746
718 87430 54 1 88174 690 744
399 87469 72 2 88246 705 777
928 87513 65 3 88311 733 798
272 87537 56 2 88367 774 830
37 87561 51 4 88418 806 857
237 87584 47 4 88465 834 881
629 87587 66 4 88531 878 944
867 87721 50 2 88581 810 860
366 87730 70 3 88651 851 921
454 87777 55 4 88706 874 929
205 87838 62 1 88768 868 930
683 87905 26 1 88795 864 890
882 87926 75 4 88870 869 944
118 88038 57 2 88927 832 889
278 88067 51 3 88978 860 911
658 88119 61 2 89039 859 920
735 88135 47 4 89086 904 951
409 88162 79 1 89165 924 1003
818 88189 76 2 89241 976 1052
653 88208 72 4 89313 1033 1105
555 88274 71 3 89384 1039 1110
562 88324 83 4 89467 1060 1143
580 88351 42 1 89509 1116 1158
495 88554 77 4 89586 955 1032
161 88583 83 2 89669 1003 1086
129 88722 74 2 89743 947 1021
940 88723 71 2 89814 1020 1091
149 88726 37 3 89851 1088 1125
493 88823 39 3 89891 1029 1068
866 88927 53 2 89944 964 1017
598 89063 83 3 90027 881 964
5 89097 75 2 90102 930 1005
907 89181 52 3 90154 921 973
572 89220 52 2 90206 934 986
725 89312 98 4 90304 894 992
324 89337 40 3 90344 967 1007
465 89342 64 3 90408 1002 1066
959 89359 53 4 90461 1049 1102
334 89379 58 3 90519 1082 1140
321 89379 63 1 90582 1140 1203
185 89438 43 4 90625 1144 1187
961 89479 30 3 90655 1146 1176
617 89487 25 1 90680 1168 1193
881 89530 59 3 90739 1150 1209
398 89576 82 1 90821 1163 1245
452 89768 76 4 90897 1053 1129
354 89783 50 4 90947 1114 1164
200 89867 37 2 90985 1081 1118
919 89919 59 1 91044 1066 1125
689 89946 63 3 91107 1098 1161
521 89966 45 4 91152 1141 1186
637 89989 56 1 91208 1163 1219
287 90022 68 3 91276 1186 1254
467 90024 55 2 91331 1252 1307
456 90036 63 4 91394 1295 1358
594 90063 46 3 91440 1331 1377
678 90138 50 3 91490 1302 1352
281 90211 49 1 91539 1279 1328
259 90222 67 3 91606 1317 1384
583 90226 87 3 91693 1380 1467
541 90267 31 4 91724 1426 1457
304 90288 68 1 91792 1436 1504
963 90386 42 1 91834 1406 1448
269 90394 74 3 91908 1440 1514
563 90484 50 2 91958 1424 1474
12 90700 41 4 91999 1258 1299
92 90716 51 3 92050 1283 1334
374 90844 98 3 92148 1206 1304
420 90866 27 3 92175 1282 1309
574 90883 66 2 92241 1292 1358
196 90914 76 4 92317 1327 1403
368 90977 45 4 92363 1341 1386
116 91020 55 2 92418 1343 1398
238 91100 77 3 92495 1318 1395
320 91177 50 3 92545 1318 1368
384 91178 61 3 92606 1367 1428
264 91384 58 4 92664 1222 1280
960 91527 54 1 92718 1137 1191
610 91570 82 4 92800 1148 1230
104 91591 61 2 92861 1209 1270
130 91616 42 2 92903 1245 1287
347 91737 63 3 92966 1166 1229
395 91746 69 1 93035 1220 1289
766 91766 62 4 93097 1269 1331
577 91807 58 2 93155 1290 1348
323 91823 54 4 93209 1332 1386
445 91888 40 4 93249 1321 1361
801 91898 45 1 93294 1351 1396
75 91945 54 2 93348 1349 1403
394 92003 62 3 93410 1345 1407
436 92093 85 3 93495 1317 1402
547 92212 49 4 93544 1283 1332
890 92249 83 2 93627 1295 1378
967 92261 49 4 93676 1366 1415
193 92576 59 4 93736 1101 1160
650 92578 44 4 93780 1158 1202
622 92609 53 4 93833 1171 1224
853 92685 49 4 93882 1148 1197
711 92712 68 3 93950 1170 1238
888 92748 56 3 94006 1202 1258
945 92908 61 4 94067 1098 1159
703 92911 57 4 94124 1156 1213
759 92915 67 3 94191 1209 1276
506 92930 78 2 94269 1261 1339
80 92947 61 2 94330 1322 1383
702 93000 65 3 94395 1330 1395
880 93010 53 3 94448 1385 1438
570 93154 33 3 94481 1294 1327
322 93218 55 4 94536 1263 1318
955 93222 85 1 94621 1314 1399
985 93235 74 3 94695 1386 1460
864 93307 49 3 94744 1388 1437
271 93408 71 3 94815 1336 1407
904 93411 45 4 94860 1404 1449
77 93429 36 4 94896 1431 1467
660 93664 67 3 94963 1232 1299
833 93702 52 2 95016 1262 1314
87 93736 62 4 95078 1280 1342
930 93894 67 1 95145 1184 1251
440 93897 48 4 95193 1248 1296
302 93942 63 3 95256 1251 1314
518 93963 67 4 95323 1293 1360
920 94023 71 3 95394 1300 1371
484 94057 78 4 95472 1337 1415
972 94064 48 4 95520 1408 1456
877 94078 56 4 95576 1442 1498
81 94102 65 3 95641 1474 1539
865 94142 57 4 95698 1499 1556
61 94219 78 3 95776 1479 1557
290 94303 34 4 95810 1473 1507
284 94428 42 3 95852 1382 1424
593 94494 76 3 95928 1358 1434
472 94575 60 4 95988 1353 1413
973 94607 65 3 96053 1381 1446
220 94621 51 1 96104 1432 1483
751 94651 69 3 96173 1453 1522
157 94724 65 1 96238 1449 1514
760 94751 64 4 96302 1487 1551
27 94778 25 3 96327 1524 1549
68 94847 28 1 96355 1480 1508
28 94851 57 2 96412 1504 1561
636 94875 48 4 96460 1537 1585
337 94902 70 4 96530 1558 1628
117 94905 79 3 96609 1625 1704
194 94943 44 1 96653 1666 1710
479 94961 65 1 96718 1692 1757
682 94968 53 3 96772 1751 1804
102 95093 45 3 96817 1679 1724
174 95102 26 2 96843 1715 1741
489 95165 53 4 96896 1678 1731
646 95203 47 1 96943 1693 1740
192 95246 74 4 97017 1697 1771
293 95366 52 4 97069 1651 1703
82 95492 42 4 97111 1577 1619
558 95523 67 3 97178 1588 1655
701 95632 63 4 97241 1546 1609
181 95637 73 3 97314 1604 1677
15 95639 25 4 97339 1675 1700
856 95744 92 3 97431 1595 1687
899 95764 90 2 97521 1667 1757
694 95766 68 3 97589 1755 1823
952 95771 98 2 97687 1818 1916
524 95778 50 2 97737 1909 1959
974 95822 46 4 97783 1915 1961
385 95958 45 3 97828 1825 1870
500 95959 84 2 97912 1869 1953
228 95986 39 3 97951 1926 1965
639 95987 43 2 97994 1964 2007
935 96066 49 4 98043 1928 1977
913 96079 55 4 98098 1964 2019
666 96138 60 2 98158 1960 2020
787 96153 52 4 98210 2005 2057
416 96254 59 4 98269 1956 2015
635 96274 65 4 98334 1995 2060
303 96306 75 4 98409 2028 2103
176 96355 80 1 98489 2054 2134
263 96379 64 3 98553 2110 2174
312 96436 56 4 98609 2117 2173
757 96439 71 3 98680 2170 2241
335 96563 90 4 98770 2117 2207
57 96721 33 4 98804 2050 2083
403 96724 75 4 98879 2080 2155
722 96764 86 3 98965 2115 2201
350 96833 44 3 99009 2132 2176
480 96865 84 4 99093 2144 2228
996 96906 87 2 99180 2187 2274
565 96935 49 4 99229 2245 2294
990 96962 45 3 99274 2267 2312
859 97080 62 4 99336 2194 2256
113 97090 80 4 99416 2246 2326
700 97121 67 2 99483 2295 2362
291 97183 63 4 99546 2300 2363
376 97232 20 4 99566 2314 2334
964 97259 69 3 99635 2307 2376
597 97265 63 4 99698 2370 2433
846 97371 47 2 99745 2327 2374
641 97416 52 4 99797 2329 2381
808 97463 66 2 99863 2334 2400
51 97465 76 4 99939 2398 2474
325 97539 78 3 100017 2400 2478
7 97588 66 2 100083 2429 2495
2 97626 32 4 100115 2457 2489
767 97675 63 3 100178 2440 2503
62 97706 66 4 100244 2472 2538
745 97711 58 3 100302 2533 2591
365 97727 59 3 100361 2575 2634
91 97800 62 2 100423 2561 2623
460 97823 63 2 100486 2600 2663
528 97885 69 4 100555 2601 2670
795 98067 67 4 100622 2488 2555
439 98092 71 3 100693 2530 2601
177 98163 66 4 100759 2530 2596
982 98174 71 4 100830 2585 2656
201 98225 64 4 100894 2605 2669
491 98423 53 4 100947 2471 2524
891 98467 51 4 100998 2480 2531
275 98543 56 3 101054 2455 2511
942 98588 59 4 101113 2466 2525
53 98646 61 4 101174 2467 2528
893 98741 73 4 101247 2433 2506
754 98769 49 2 101296 2478 2527
951 98818 81 3 101378 2479 2560
606 98882 53 4 101431 2496 2549
428 98918 44 4 101475 2513 2557
245 98994 48 4 101523 2481 2529
266 99099 62 2 101585 2424 2486
862 99129 83 4 101668 2456 2539
229 99179 50 3 101718 2489 2539
571 99261 68 3 101786 2457 2525
159 99446 62 2 101848 2340 2402
110 99500 70 2 101918 2348 2418
29 99520 66 1 101984 2398 2464
355 99592 70 1 102054 2392 2462
917 99611 49 3 102103 2443 2492
811 99661 32 3 102135 2442 2474
596 99789 65 2 102200 2346 2411
90 99877 57 2 102257 2323 2380
223 99905 53 3 102310 2352 2405
248 99920 75 4 102385 2390 2465
948 99937 50 4 102435 2448 2498
839 99948 31 4 102466 2487 2518
286 99993 67 3 102533 2473 2540
747 99994 88 3 102621 2539 2627
