102378 1702 711 651
524 3057 50 3 3107 0 50
279 3281 63 2 3344 0 63
954 4685 59 4 4744 0 59
127 5346 60 3 5406 0 60
773 6974 51 3 7025 0 51
895 7148 46 4 7194 0 46
763 7570 63 1 7633 0 63
324 8944 54 3 8998 0 54
608 9095 62 4 9157 0 62
437 9656 62 3 9718 0 62
454 10214 37 4 10251 0 37
529 10989 53 2 11042 0 53
137 12822 66 3 12888 0 66
610 13135 53 3 13188 0 53
508 13204 61 1 13265 0 61
364 14044 40 2 14084 0 40
941 14063 58 3 14142 21 79
562 15015 39 3 15054 0 39
855 15352 69 4 15421 0 69
877 15650 53 2 15703 0 53
685 15999 83 2 16082 0 83
379 16131 47 3 16178 0 47
822 16794 55 1 16849 0 55
82 16859 27 4 16886 0 27
748 16961 74 4 17035 0 74
907 17638 94 3 17732 0 94
650 17739 52 1 17791 0 52
281 17979 65 4 18044 0 65
732 18158 56 1 18214 0 56
257 18285 50 4 18335 0 50
229 18443 60 4 18503 0 60
698 18580 37 4 18617 0 37
700 18704 52 4 18756 0 52
310 18960 64 3 19024 0 64
377 19272 52 3 19324 0 52
586 19558 42 3 19600 0 42
826 19621 49 2 19670 0 49
228 19688 58 4 19746 0 58
322 19811 51 4 19862 0 51
986 20109 43 4 20152 0 43
338 20132 56 2 20208 20 76
649 20190 49 1 20257 18 67
598 20746 60 1 20806 0 60
485 20791 42 4 20848 15 57
408 21236 54 1 21290 0 54
397 21474 60 3 21534 0 60
222 21659 58 4 21717 0 58
682 21807 58 4 21865 0 58
833 22765 48 3 22813 0 48
70 22854 99 4 22953 0 99
750 23043 69 4 23112 0 69
230 23118 76 4 23194 0 76
24 24126 68 4 24194 0 68
102 24179 78 4 24272 15 93
270 24603 52 3 24655 0 52
395 24619 47 4 24702 36 83
515 24661 75 4 24777 41 116
239 24911 77 2 24988 0 77
998 24916 37 4 25025 72 109
168 25027 73 1 25100 0 73
458 25045 69 3 25219 105 174
674 25127 43 3 25262 92 135
487 25051 67 4 25279 161 228
931 25213 81 3 25360 66 147
584 25348 23 4 25383 12 35
327 25421 63 3 25484 0 63
887 25428 54 2 25538 56 110
796 26063 65 2 26128 0 65
138 26167 72 1 26239 0 72
463 26379 78 1 26457 0 78
371 26869 48 3 26917 0 48
882 26880 69 3 26986 37 106
390 27001 57 2 27058 0 57
872 27274 38 2 27312 0 38
480 27329 82 3 27411 0 82
900 27430 74 2 27504 0 74
359 27577 60 4 27637 0 60
870 27827 49 4 27876 0 49
782 27993 48 4 28041 0 48
366 28175 56 4 28231 0 56
934 28213 47 2 28278 18 65
358 28233 63 4 28341 45 108
163 28459 50 4 28509 0 50
578 28461 90 2 28599 48 138
332 28589 71 3 28670 10 81
982 28862 64 4 28926 0 64
537 28875 41 3 28967 51 92
612 28884 38 4 29005 83 121
664 29437 79 3 29516 0 79
642 29785 82 2 29867 0 82
214 29887 71 2 29958 0 71
450 30465 72 3 30537 0 72
38 31314 71 4 31385 0 71
47 31344 75 4 31460 41 116
798 31714 50 4 31764 0 50
684 31833 75 4 31908 0 75
896 31853 80 4 31988 55 135
558 32025 40 4 32065 0 40
714 32290 56 2 32346 0 56
563 32647 55 3 32702 0 55
554 32813 51 2 32864 0 51
630 33249 77 4 33326 0 77
399 33306 35 4 33361 20 55
43 34130 100 4 34230 0 100
945 34182 46 2 34276 48 94
772 34336 48 4 34384 0 48
786 34438 81 3 34519 0 81
836 34519 56 3 34575 0 56
599 34672 58 3 34730 0 58
62 34816 75 2 34891 0 75
5 34828 51 3 34942 63 114
378 34932 59 4 35001 10 69
186 34949 84 4 35085 52 136
506 35046 72 4 35207 89 161
325 35081 59 4 35216 76 135
39 35188 20 1 35236 28 48
495 35338 70 3 35408 0 70
85 35621 66 3 35687 0 66
885 35657 59 4 35746 30 89
758 35730 90 3 35836 16 106
681 35772 47 4 35883 64 111
848 35801 65 4 35948 82 147
354 35909 37 3 35985 39 76
59 36061 55 3 36116 0 55
702 36181 79 3 36260 0 79
253 36191 37 4 36297 69 106
112 36486 31 4 36517 0 31
874 36510 60 1 36577 7 67
867 36682 56 3 36738 0 56
316 36907 67 2 36974 0 67
597 37022 61 1 37083 0 61
981 37112 58 2 37170 0 58
492 37164 52 4 37222 6 58
699 37192 52 3 37274 30 82
718 37236 52 4 37326 38 90
406 37293 43 3 37369 33 76
601 37329 49 4 37418 40 89
523 37418 65 4 37483 0 65
510 37865 47 3 37912 0 47
472 38232 92 4 38324 0 92
517 38246 94 3 38418 78 172
315 38375 73 3 38541 93 166
715 38391 67 3 38558 100 167
600 38469 65 4 38623 89 154
834 38593 88 4 38711 30 118
10 38720 22 2 38742 0 22
520 38837 60 4 38897 0 60
27 38951 68 3 39019 0 68
865 39307 81 2 39388 0 81
42 39371 44 4 39432 17 61
25 39392 69 2 39551 90 159
741 39403 100 3 39651 148 248
427 39438 85 2 39686 163 248
294 39732 77 1 39809 0 77
439 39867 82 2 39949 0 82
910 40101 49 4 40150 0 49
140 40114 69 3 40269 86 155
777 40135 65 2 40284 84 149
122 40245 35 1 40319 39 74
407 40564 55 4 40619 0 55
993 40614 43 1 40662 5 48
812 40862 36 2 40898 0 36
827 40967 64 3 41031 0 64
898 41092 48 2 41140 0 48
903 41223 79 4 41302 0 79
348 41329 53 2 41382 0 53
352 41386 79 4 41465 0 79
445 41412 72 4 41537 53 125
707 41846 56 3 41902 0 56
141 41860 90 4 42042 92 182
565 41920 46 3 42088 122 168
440 41872 57 3 42095 166 223
373 42058 45 3 42240 137 182
825 41977 61 2 42301 263 324
347 42005 54 4 42355 296 350
258 42184 32 4 42387 171 203
532 42093 64 1 42401 244 308
221 42113 65 3 42416 238 303
92 42510 64 4 42574 0 64
225 42542 50 4 42624 32 82
153 42859 44 4 42903 0 44
609 42982 74 2 43056 0 74
883 43020 65 4 43121 36 101
875 43075 43 3 43164 46 89
26 43091 32 3 43196 73 105
53 43268 63 3 43331 0 63
100 43370 73 1 43443 0 73
775 43375 59 4 43502 68 127
969 43561 38 4 43599 0 38
194 43751 81 2 43832 0 81
569 44021 38 4 44059 0 38
749 44079 44 3 44123 0 44
133 44103 61 3 44184 20 81
385 44186 46 1 44232 0 46
997 44195 80 3 44312 37 117
579 44297 43 3 44355 15 58
821 44331 96 3 44451 24 120
60 44379 76 2 44577 122 198
502 44401 70 2 44597 126 196
725 44646 69 4 44715 0 69
973 44930 72 4 45002 0 72
499 45350 82 4 45432 0 82
591 45420 83 1 45515 12 95
720 45652 50 2 45702 0 50
509 45745 78 4 45823 0 78
588 45758 48 2 45871 65 113
31 45767 82 3 46003 154 236
166 45814 52 2 46055 189 241
839 45888 83 3 46088 117 200
816 46005 58 4 46246 183 241
446 46006 67 3 46263 190 257
34 46083 52 4 46265 130 182
336 46214 73 3 46388 101 174
806 46220 69 4 46407 118 187
429 46466 83 3 46549 0 83
951 46541 49 3 46648 58 107
414 46481 71 4 46669 117 188
626 46799 78 4 46877 0 78
159 46866 42 4 46919 11 53
897 46932 57 4 46989 0 57
335 47098 50 3 47148 0 50
742 47122 43 4 47191 26 69
481 47154 95 4 47286 37 132
500 47217 65 4 47351 69 134
259 47349 36 3 47387 2 38
759 47361 64 4 47451 26 90
318 47475 78 4 47553 0 78
760 47749 66 4 47865 50 116
913 47749 52 2 47867 66 118
453 47838 49 4 47916 29 78
129 48095 95 1 48190 0 95
545 48189 76 3 48266 1 77
271 48330 46 1 48376 0 46
12 48361 48 3 48474 65 113
434 48341 97 2 48521 83 180
536 48630 39 4 48669 0 39
226 48732 42 3 48774 0 42
383 48794 74 2 48868 0 74
404 48840 48 3 48916 28 76
987 48885 35 4 48951 31 66
470 49002 64 3 49066 0 64
957 49234 81 4 49315 0 81
207 49325 51 4 49376 0 51
778 49372 33 3 49409 4 37
713 49438 41 4 49479 0 41
766 49542 68 3 49610 0 68
518 49686 74 1 49760 0 74
604 49721 57 3 49817 39 96
157 49892 40 3 49932 0 40
185 49939 61 3 50000 0 61
211 50076 81 4 50157 0 81
645 50316 50 2 50366 0 50
342 50326 76 3 50542 140 216
114 50341 77 2 50569 151 228
776 50353 65 3 50584 166 231
107 50843 56 4 50899 0 56
223 50973 43 3 51016 0 43
774 50992 58 2 51074 24 82
511 51025 62 3 51136 49 111
388 51133 74 3 51210 3 77
829 51158 44 2 51304 102 146
785 51160 47 4 51351 144 191
498 51147 83 4 51434 204 287
433 51188 58 4 51492 246 304
287 51247 67 3 51559 245 312
628 51431 81 2 51590 78 159
869 51495 63 2 51703 145 208
633 51498 67 3 51770 205 272
902 51633 54 3 51774 87 141
996 51716 74 3 51948 158 232
285 51799 50 2 51998 149 199
443 51722 89 3 52037 226 315
781 51738 76 4 52113 299 375
195 51873 72 2 52135 190 262
726 52075 55 4 52240 110 165
593 52119 95 4 52285 71 166
919 52215 70 3 52405 120 190
36 52225 68 4 52423 130 198
544 52458 45 2 52503 0 45
476 52553 37 3 52590 0 37
657 52607 48 4 52655 0 48
179 52656 65 3 52721 0 65
751 52965 46 4 53011 0 46
637 52979 54 3 53115 82 136
801 52999 55 4 53120 66 121
88 53178 60 3 53238 0 60
671 53226 66 1 53354 62 128
863 53232 64 2 53368 72 136
769 53349 60 4 53428 19 79
793 53428 52 3 53480 0 52
930 53536 67 4 53603 0 67
892 53560 47 4 53700 93 140
491 53557 62 3 53712 93 155
164 53715 53 4 53768 0 53
915 53792 78 4 53870 0 78
145 53803 48 3 53918 67 115
64 53852 68 1 53986 66 134
768 53981 41 4 54027 5 46
856 54027 73 3 54100 0 73
880 54130 81 3 54211 0 81
985 54296 72 3 54368 0 72
909 54332 62 3 54430 36 98
435 54443 61 3 54504 0 61
218 54656 77 2 54733 0 77
577 54720 78 2 54861 63 141
484 54724 71 4 54882 87 158
392 54856 45 4 54977 76 121
369 54792 60 1 54987 135 195
552 54953 88 3 55075 34 122
301 55003 74 3 55149 72 146
334 55145 72 2 55221 4 76
479 55156 48 2 55269 65 113
787 55243 36 4 55305 26 62
914 55572 25 3 55597 0 25
328 55573 90 3 55737 74 164
331 55590 74 4 55811 147 221
527 55717 29 2 55890 144 173
596 55612 64 3 55904 228 292
486 55690 77 3 55981 214 291
210 55755 71 4 56002 176 247
29 55964 52 1 56054 38 90
209 56042 63 3 56117 12 75
255 56126 65 2 56191 0 65
232 56180 71 3 56312 61 132
15 56188 96 2 56358 74 170
244 56269 43 3 56401 89 132
460 56313 81 4 56482 88 169
171 56747 69 1 56816 0 69
723 56853 33 3 56886 0 33
631 57235 62 3 57297 0 62
350 57267 66 3 57363 30 96
431 57349 46 3 57409 14 60
376 57385 43 3 57452 24 67
61 57571 42 3 57613 0 42
853 57637 60 2 57697 0 60
503 57868 45 4 57913 0 45
607 57939 60 1 57999 0 60
291 57993 70 4 58069 6 76
282 58018 74 1 58193 101 175
639 58050 57 1 58200 93 150
963 58159 69 4 58269 41 110
251 58279 67 4 58346 0 67
947 58402 57 4 58459 0 57
988 58442 72 1 58531 17 89
505 58728 83 2 58811 0 83
990 58869 86 4 58955 0 86
929 58875 63 4 59018 80 143
894 59085 50 4 59135 0 50
948 59203 81 3 59284 0 81
849 59213 78 2 59462 171 249
501 59224 53 2 59465 188 241
411 59227 61 4 59476 188 249
794 59550 54 4 59604 0 54
191 59587 58 3 59662 17 75
651 59614 67 4 59729 48 115
288 59956 46 4 60002 0 46
66 59962 20 4 60022 40 60
846 60022 75 3 60097 0 75
192 60035 32 2 60129 62 94
206 60169 49 3 60218 0 49
811 60170 56 2 60274 48 104
687 60239 50 4 60324 35 85
393 60316 38 4 60412 58 96
942 60245 55 4 60417 117 172
906 60360 73 3 60490 57 130
87 60615 56 3 60671 0 56
365 60633 75 2 60746 38 113
181 60717 36 4 60782 29 65
238 60731 59 4 60891 101 160
535 60733 72 3 60963 158 230
23 60800 56 3 60969 113 169
353 61091 55 2 61146 0 55
522 61094 77 1 61223 52 129
190 61254 92 4 61346 0 92
961 61267 51 3 61447 129 180
465 61272 92 2 61489 125 217
629 61520 64 3 61584 0 64
541 61639 77 4 61716 0 77
977 61674 53 4 61819 92 145
570 61678 60 2 61879 141 201
739 61765 52 4 61931 114 166
117 61771 71 2 62002 160 231
676 61879 73 3 62025 73 146
172 61999 38 4 62063 26 64
743 62013 41 4 62104 50 91
716 62042 43 4 62247 162 205
356 62025 83 4 62330 222 305
143 62141 44 4 62374 189 233
455 62027 69 4 62393 297 366
606 62076 61 4 62454 317 378
744 62379 47 3 62501 75 122
432 62233 61 4 62512 218 279
188 62680 51 3 62731 0 51
170 62861 38 3 62899 0 38
167 62958 50 3 63008 0 50
156 63011 87 3 63098 0 87
56 63038 53 4 63151 60 113
514 63175 68 3 63243 0 68
361 63201 61 2 63304 42 103
438 63272 48 4 63352 32 80
215 63521 77 2 63598 0 77
966 63558 52 3 63700 90 142
643 63596 56 4 63706 54 110
333 63737 71 3 63808 0 71
110 63757 42 3 63850 51 93
410 63830 71 4 63921 20 91
847 63930 49 4 63979 0 49
813 64000 43 4 64043 0 43
568 64053 71 4 64124 0 71
241 64120 60 4 64184 4 64
735 64155 38 2 64222 29 67
441 64156 58 2 64280 66 124
41 64415 49 4 64464 0 49
668 64428 44 3 64508 36 80
382 64576 62 4 64638 0 62
263 64686 36 3 64722 0 36
217 64689 30 3 64752 33 63
367 64696 53 3 64805 56 109
857 64805 39 1 64844 0 39
147 64837 44 4 64888 7 51
160 64869 27 1 64915 19 46
131 65003 45 2 65048 0 45
818 65379 80 4 65459 0 80
9 65397 55 4 65514 62 117
233 65490 84 3 65598 24 108
292 65535 59 4 65707 113 172
426 65626 38 4 65745 81 119
48 65537 70 4 65765 158 228
663 65761 52 3 65817 4 56
200 65800 70 1 65887 17 87
18 66023 91 3 66114 0 91
464 66164 33 2 66197 0 33
296 66217 81 3 66298 0 81
697 66312 49 3 66361 0 49
428 66416 56 4 66472 0 56
683 66448 49 3 66521 24 73
767 66624 81 4 66705 0 81
823 66929 58 2 66987 0 58
55 67037 38 3 67075 0 38
14 67098 26 4 67124 0 26
921 67099 30 3 67154 25 55
636 67101 35 4 67189 53 88
4 67116 73 4 67362 173 246
548 67171 59 4 67471 241 300
858 67189 66 4 67537 282 348
661 67219 71 3 67558 268 339
483 67223 62 1 67620 335 397
590 67446 46 2 67666 174 220
690 67247 67 2 67683 369 436
3 67392 60 4 67693 241 301
770 67646 56 1 67749 47 103
123 67789 60 4 67849 0 60
622 67816 26 1 67875 33 59
752 67851 34 3 67909 24 58
266 67886 35 1 68044 123 158
299 67868 61 3 68055 126 187
68 67878 60 2 68065 127 187
58 68005 59 4 68124 60 119
76 68072 61 3 68185 52 113
355 68144 48 2 68233 41 89
745 68353 64 2 68417 0 64
724 68456 50 1 68506 0 50
183 68665 63 1 68728 0 63
802 68761 77 3 68838 0 77
387 68922 54 4 68976 0 54
533 68938 38 1 69014 38 76
614 68991 52 3 69116 73 125
730 69014 81 4 69197 102 183
859 69018 83 3 69280 179 262
540 69095 65 3 69295 135 200
381 69282 43 2 69338 13 56
150 69304 61 4 69399 34 95
881 69415 40 4 69455 0 40
227 69583 64 2 69647 0 64
280 69599 54 3 69751 98 152
8 69619 84 4 69885 182 266
119 69658 72 1 69907 177 249
557 69677 61 3 69968 230 291
148 69776 77 2 70045 192 269
784 69885 60 3 70055 110 170
653 70011 45 4 70100 44 89
368 70077 65 3 70165 23 88
158 70122 35 3 70200 43 78
670 70163 60 4 70310 87 147
800 70230 45 2 70455 180 225
878 70196 72 3 70577 309 381
667 70214 87 3 70614 313 400
582 70324 46 4 70660 290 336
972 70215 64 4 70674 395 459
319 70242 70 4 70744 432 502
530 70242 86 4 70780 452 538
960 70452 63 4 70843 328 391
202 70511 54 4 70897 332 386
146 70696 73 3 70920 151 224
417 71090 77 3 71167 0 77
134 71152 66 4 71233 15 81
665 71198 49 2 71282 35 84
317 71338 72 3 71410 0 72
262 71609 61 4 71670 0 61
490 71987 44 4 72031 0 44
109 71987 41 3 72072 44 85
686 72050 50 1 72172 72 122
212 72030 64 4 72236 142 206
719 72060 74 1 72410 276 350
52 72122 69 4 72429 238 307
104 72133 65 3 72494 296 361
551 72161 74 4 72518 283 357
868 72268 77 1 72595 250 327
964 72415 73 4 72618 130 203
989 72628 67 4 72695 0 67
345 72629 71 3 72766 66 137
731 72701 50 4 72816 65 115
98 72820 55 3 72875 0 55
711 72898 28 2 72926 0 28
199 72922 66 1 72992 4 70
691 73014 48 2 73062 0 48
121 73031 65 2 73127 31 96
2 73180 93 2 73273 0 93
838 73340 42 4 73382 0 42
468 73438 64 1 73502 0 64
475 73461 59 4 73561 41 100
904 73538 83 2 73644 23 106
71 73571 69 1 73863 223 292
791 73599 72 2 73885 214 286
841 73639 60 2 73945 246 306
120 73752 33 3 74078 293 326
77 73754 35 3 74113 324 359
213 73640 63 3 74126 423 486
349 73704 68 1 74244 472 540
937 73748 61 3 74305 496 557
641 73751 64 1 74419 604 668
975 73795 84 4 74653 774 858
40 74160 28 1 74781 593 621
449 73836 52 4 74783 895 947
669 73905 68 3 74801 828 896
236 73964 75 4 74826 787 862
273 73992 59 4 74835 784 843
409 74006 61 4 75046 979 1040
658 74067 53 4 75099 979 1032
507 74102 76 4 75125 947 1023
447 74105 86 4 75211 1020 1106
302 74133 65 2 75276 1078 1143
105 74140 61 3 75287 1086 1147
303 74366 68 2 75305 871 939
103 74372 55 3 75360 933 988
797 74378 79 2 75439 982 1061
922 74399 70 1 75459 990 1060
619 75027 38 4 75547 482 520
430 74427 68 3 75615 1120 1188
489 74544 52 3 75617 1021 1073
560 75170 50 4 75767 547 597
747 74629 87 3 75804 1088 1175
704 75272 39 4 75943 632 671
243 74861 90 4 75983 1032 1122
99 74907 77 4 76010 1026 1103
177 74989 81 3 76041 971 1052
638 75044 96 4 76237 1097 1193
928 75565 27 4 76264 672 699
783 75147 68 3 76332 1117 1185
534 75155 62 3 76344 1127 1189
462 75718 40 4 76484 726 766
845 75254 76 4 76560 1230 1306
330 75264 67 2 76577 1246 1313
924 75872 21 4 76598 705 726
144 76017 45 2 76843 781 826
738 76037 43 3 76886 806 849
835 75463 66 2 76902 1373 1439
583 75472 56 4 76908 1380 1436
488 76123 49 3 76957 785 834
652 76125 35 3 76992 832 867
219 75541 63 4 77005 1401 1464
83 76161 42 4 77097 894 936
574 76228 47 4 77194 919 966
466 75607 51 3 77195 1537 1588
28 76302 41 4 77286 943 984
602 75683 65 1 77351 1603 1668
75 75717 51 2 77402 1634 1685
976 75784 53 4 77455 1618 1671
11 76492 32 3 77487 963 995
555 75909 81 2 77518 1528 1609
925 75911 66 4 77534 1557 1623
733 76650 38 4 77572 884 922
756 75920 67 4 77589 1602 1669
169 76737 33 3 77672 902 935
971 75947 66 4 77688 1675 1741
911 76865 47 3 77835 923 970
162 76148 69 3 77904 1687 1756
644 76210 81 3 77935 1644 1725
422 77185 49 2 78134 900 949
154 76282 56 4 78190 1852 1908
648 76344 70 3 78210 1796 1866
546 76373 67 4 78227 1787 1854
469 76433 71 4 78248 1744 1815
197 77457 47 4 78295 791 838
496 77482 47 4 78342 813 860
513 76727 69 2 78361 1565 1634
842 76784 87 4 78448 1577 1664
444 76797 58 3 78556 1701 1759
932 77777 48 1 78604 779 827
917 77817 50 3 78704 837 887
893 76974 60 3 78714 1680 1740
247 77126 57 1 78771 1588 1645
617 77166 67 1 78788 1555 1622
940 77173 65 1 78953 1715 1780
295 77185 59 1 79062 1818 1877
436 78292 45 4 79157 820 865
531 78334 41 4 79248 873 914
97 77601 52 1 79250 1597 1649
876 77729 76 4 79376 1571 1647
946 78466 49 3 79425 910 959
113 77737 57 4 79432 1638 1695
754 78552 47 4 79479 880 927
269 77800 74 4 79553 1679 1753
44 77887 80 1 79583 1616 1696
277 78001 64 3 79647 1582 1646
49 78010 57 3 79704 1637 1694
189 78026 61 4 79715 1628 1689
176 78046 51 3 79716 1619 1670
717 78068 99 4 79765 1598 1697
74 78249 57 1 79872 1566 1623
497 78320 58 2 79880 1502 1560
201 78373 63 1 79943 1507 1570
656 78388 55 4 79998 1555 1610
405 78592 86 3 80234 1556 1642
320 78747 68 3 80402 1587 1655
424 79602 28 4 80430 800 828
234 78804 58 4 80438 1576 1634
580 79028 58 4 80446 1360 1418
677 79035 73 4 80569 1461 1534
950 79179 79 2 80598 1340 1419
7 79291 58 3 80606 1257 1315
22 79337 68 4 80624 1219 1287
992 80013 46 3 80720 661 707
795 79370 52 3 80772 1350 1402
712 79376 59 2 80781 1346 1405
561 80116 48 2 80829 665 713
831 79470 73 3 80852 1309 1382
566 79513 73 3 80925 1339 1412
35 80252 48 1 80973 673 721
746 79533 67 2 80990 1390 1457
423 79540 63 4 81003 1400 1463
654 79769 52 4 81055 1234 1286
248 79771 90 4 81095 1234 1324
871 80581 46 4 81141 514 560
692 80006 66 3 81307 1235 1301
613 80714 50 4 81357 593 643
805 80019 58 1 81365 1288 1346
208 80230 77 2 81392 1085 1162
268 80360 79 2 81521 1082 1161
679 80586 56 2 81577 935 991
362 80611 55 3 81582 916 971
955 81203 41 1 81623 379 420
45 80621 52 4 81725 1052 1104
526 81302 40 3 81815 473 513
736 81334 35 2 81900 531 566
538 80929 51 2 81901 921 972
528 80997 62 3 81913 854 916
979 81509 45 2 82008 454 499
252 81115 57 3 82065 893 950
80 81573 48 2 82113 492 540
933 81216 72 1 82135 847 919
180 81238 55 2 82190 897 952
967 81292 82 2 82222 848 930
126 81729 43 4 82265 493 536
547 81330 67 4 82332 935 1002
938 81863 44 2 82376 469 513
474 81878 46 3 82422 498 544
341 81501 54 4 82476 921 975
187 81518 67 3 82543 958 1025
249 81661 61 2 82554 832 893
67 82164 31 3 82585 390 421
389 82204 31 4 82616 381 412
240 82225 31 2 82697 441 472
632 81769 85 2 82732 878 963
616 82421 50 1 82932 461 511
525 81900 77 4 82959 982 1059
457 82428 40 4 82999 531 571
729 81983 75 2 83074 1016 1091
161 82500 43 4 83117 574 617
149 82515 26 2 83143 602 628
339 82565 45 4 83238 628 673
659 82216 71 4 83259 972 1043
16 82694 24 3 83383 665 689
953 82700 44 3 83427 683 727
890 82320 79 3 83456 1057 1136
755 82769 48 3 83554 737 785
46 82344 66 2 83570 1160 1226
357 82362 57 2 83577 1158 1215
267 82971 50 1 83677 656 706
420 82448 66 4 83693 1179 1245
91 83096 40 2 83833 697 737
254 82541 53 4 83836 1242 1295
402 82619 54 1 83840 1167 1221
792 82623 58 4 83848 1167 1225
90 83374 48 4 83896 474 522
765 82734 78 4 83924 1112 1190
980 82839 64 2 83938 1035 1099
567 83000 80 2 84018 938 1018
116 83715 47 1 84065 303 350
380 83005 67 4 84082 1010 1077
673 83862 21 4 84153 270 291
13 83578 87 3 84190 525 612
559 83774 57 2 84197 366 423
274 84103 29 2 84226 94 123
132 84207 50 3 84276 19 69
620 84225 41 3 84367 101 142
196 84207 57 3 84374 110 167
337 84341 68 4 84442 33 101
37 84475 61 3 84536 0 61
837 84529 35 2 84621 57 92
675 84532 42 4 84663 89 131
237 84498 53 4 84666 115 168
165 84587 55 2 84721 79 134
809 84831 77 4 84908 0 77
908 84906 62 3 84970 2 64
542 84925 84 4 85054 45 129
93 85011 39 2 85093 43 82
958 85017 51 3 85194 126 177
605 85089 58 3 85202 55 113
916 85204 64 2 85268 0 64
256 85279 46 3 85325 0 46
705 85310 69 2 85444 65 134
640 85325 60 3 85454 69 129
886 85378 48 4 85502 76 124
309 85406 94 4 85646 146 240
571 85410 87 3 85683 186 273
421 85554 71 3 85804 179 250
573 85556 78 4 85882 248 326
753 85709 71 2 85903 123 194
539 85809 45 3 85948 94 139
572 85940 43 4 86091 108 151
764 85896 73 4 86114 145 218
415 85923 51 1 86115 141 192
412 86085 61 4 86226 80 141
959 86096 61 4 86287 130 191
152 86165 63 3 86300 72 135
111 86229 51 2 86401 121 172
343 86247 67 2 86418 104 171
575 86356 44 4 86462 62 106
139 86401 73 3 86535 61 134
394 86529 27 1 86612 56 83
272 86521 86 2 86648 41 127
974 86599 84 2 86782 99 183
864 86659 31 4 86813 123 154
204 86604 71 2 86884 209 280
175 86767 44 2 86928 117 161
962 86798 34 3 86962 130 164
646 86668 60 2 86972 244 304
701 86867 50 4 87022 105 155
81 86901 41 2 87063 121 162
939 86905 35 3 87098 158 193
728 86908 59 3 87307 340 399
142 86974 88 4 87395 333 421
293 87004 87 4 87532 441 528
624 87224 45 4 87677 408 453
803 87043 66 4 87693 584 650
550 87141 59 4 87752 552 611
780 87354 26 1 87778 398 424
861 87177 68 2 87846 601 669
101 87434 47 3 87893 412 459
549 87185 56 3 87899 658 714
521 87457 43 3 87942 442 485
706 87206 63 4 87955 686 749
360 87219 71 2 88026 736 807
891 87586 39 3 88065 440 479
128 87277 56 3 88071 738 794
106 87766 43 4 88114 305 348
321 87361 58 4 88122 703 761
968 87538 57 2 88179 584 641
789 88090 36 3 88215 89 125
493 87937 52 4 88217 228 280
125 88129 53 4 88270 88 141
662 88225 41 4 88311 45 86
956 88283 55 4 88366 28 83
136 88329 20 4 88386 37 57
884 88413 91 2 88504 0 91
888 88438 54 3 88608 116 170
451 88485 64 2 88672 123 187
33 88512 71 3 88693 110 181
703 88622 94 1 88937 221 315
999 88645 84 2 88971 242 326
220 88655 72 3 89043 316 388
205 88830 33 2 89126 263 296
298 88676 76 4 89152 400 476
21 88903 42 4 89194 249 291
621 88753 58 3 89202 391 449
912 88823 62 4 89214 329 391
851 89056 61 4 89375 258 319
866 89215 42 4 89417 160 202
695 89085 80 4 89447 282 362
965 89177 77 4 89624 370 447
556 89274 66 1 89740 400 466
456 89285 70 2 89860 505 575
50 89306 71 2 89931 554 625
970 89417 80 4 89961 464 544
30 89430 73 3 90134 631 704
820 89462 59 3 90143 622 681
459 89483 70 4 90163 610 680
173 89837 42 2 90255 376 418
519 89516 65 3 90270 689 754
635 89900 49 3 90319 370 419
693 89625 77 3 90346 644 721
935 89627 80 3 90376 669 749
585 89663 74 3 90450 713 787
594 89836 67 2 90517 614 681
471 90187 43 1 90560 330 373
899 90239 23 1 90683 421 444
482 90028 56 3 90839 755 811
250 90083 78 1 90867 706 784
203 90195 68 3 90985 722 790
278 90208 61 3 91046 777 838
949 90627 30 4 91076 419 449
920 90261 85 3 91161 815 900
89 90685 41 4 91202 476 517
84 90305 69 3 91271 897 966
329 90372 67 4 91338 899 966
709 90850 24 4 91462 588 612
54 90487 72 2 91534 975 1047
504 90888 38 3 91572 646 684
944 90510 76 4 91648 1062 1138
844 90596 51 4 91799 1152 1203
178 90646 56 4 91955 1253 1309
918 91154 50 2 92055 851 901
828 91198 44 4 92099 857 901
978 90702 80 2 92129 1347 1427
615 90766 68 2 92147 1313 1381
1 90799 61 2 92258 1398 1459
115 90825 67 4 92275 1383 1450
51 90857 60 2 92335 1418 1478
78 90912 54 4 92339 1373 1427
984 90924 61 3 92450 1465 1526
351 91696 49 4 92699 954 1003
448 90944 64 3 92713 1705 1769
688 90975 59 4 92722 1688 1747
307 91013 58 1 92730 1659 1717
708 91025 93 2 92773 1655 1748
224 91029 62 4 92835 1744 1806
326 91092 60 3 92895 1743 1803
727 91983 44 1 92939 912 956
398 92137 42 4 93031 852 894
814 91289 55 4 93036 1692 1747
340 91312 64 4 93050 1674 1738
926 91396 86 3 93086 1604 1690
300 91577 61 4 93247 1609 1670
647 91609 91 3 93338 1638 1729
576 91652 66 3 93354 1636 1702
808 92471 28 1 93432 933 961
991 91660 61 4 93543 1822 1883
396 91681 53 4 93546 1812 1865
461 92593 47 2 93643 1003 1050
312 92593 20 2 93663 1050 1070
672 91693 56 3 93719 1970 2026
69 91886 58 4 93727 1783 1841
419 91934 61 4 93788 1793 1854
384 92052 77 3 93965 1836 1913
306 92962 48 3 94013 1003 1051
235 93038 47 2 94060 975 1022
905 92287 100 3 94110 1723 1823
779 92294 58 4 94118 1766 1824
553 92312 62 4 94230 1856 1918
135 93201 43 4 94323 1079 1122
478 92346 97 3 94370 1927 2024
564 92454 79 2 94449 1916 1995
494 92481 100 4 94599 2018 2118
512 92493 67 3 94616 2056 2123
467 93499 48 2 94664 1117 1165
261 92580 75 2 94789 2134 2209
923 92600 79 1 94818 2139 2218
63 92803 85 4 94853 1965 2050
242 92849 66 1 94969 2054 2120
696 92908 79 4 94998 2011 2090
346 93842 45 4 95043 1156 1201
182 93846 29 2 95072 1197 1226
625 93868 50 4 95122 1204 1254
418 92916 67 1 95139 2156 2223
852 93960 44 4 95233 1229 1273
198 93962 41 4 95274 1271 1312
943 94057 26 3 95400 1317 1343
655 93138 74 1 95474 2262 2336
130 93164 77 4 95551 2310 2387
807 94189 47 4 95598 1362 1409
372 93193 81 2 95679 2405 2486
86 93341 63 3 95742 2338 2401
79 93384 98 3 95840 2358 2456
246 93412 69 2 95859 2378 2447
850 94606 47 4 96006 1353 1400
757 93503 66 3 96072 2503 2569
94 93540 66 3 96088 2482 2548
401 94794 29 3 96167 1344 1373
660 93774 66 3 96233 2393 2459
788 93776 56 4 96239 2407 2463
193 95003 49 2 96288 1236 1285
901 93926 71 4 96509 2512 2583
400 94051 70 4 96579 2458 2528
260 94053 95 4 96624 2476 2571
815 94100 77 2 96651 2474 2551
286 94140 72 3 96723 2511 2583
623 94214 66 3 96789 2509 2575
889 94355 65 4 96854 2434 2499
854 94381 79 4 96933 2473 2552
830 94538 63 1 97096 2495 2558
862 94549 53 2 97149 2547 2600
618 95913 46 3 97195 1236 1282
290 96002 39 3 97234 1193 1232
994 94645 73 4 97257 2539 2612
19 94738 57 1 97264 2469 2526
587 94798 67 1 97281 2416 2483
689 96224 34 4 97415 1157 1191
1000 96227 49 4 97464 1188 1237
860 95025 66 4 97480 2389 2455
721 95025 65 2 97595 2505 2570
289 96380 49 4 97744 1315 1364
305 95038 60 4 97754 2656 2716
589 95128 54 4 97808 2626 2680
323 96496 49 3 97907 1362 1411
819 95268 51 3 97958 2639 2690
297 95469 67 3 97975 2439 2506
20 96712 43 4 98068 1313 1356
108 95541 55 2 98073 2477 2532
452 95616 91 4 98314 2607 2698
216 95682 64 3 98428 2682 2746
832 95744 81 2 98559 2734 2815
174 95755 69 2 98678 2854 2923
543 95806 73 2 98701 2822 2895
184 95881 80 2 98831 2870 2950
694 97106 45 3 98876 1725 1770
72 97264 35 1 98961 1662 1697
737 96191 61 4 98972 2720 2781
245 97326 20 2 98992 1646 1666
264 96200 69 3 99011 2742 2811
17 96289 82 4 99143 2772 2854
403 97490 50 1 99193 1653 1703
581 97525 37 4 99230 1668 1705
873 96324 66 3 99246 2856 2922
817 96340 64 3 99260 2856 2920
473 96347 75 3 99385 2963 3038
344 97748 43 2 99428 1637 1680
666 96405 75 4 99453 2973 3048
477 96458 76 3 99529 2995 3071
311 97833 30 1 99609 1746 1776
804 96508 66 3 99625 3051 3117
936 96673 71 4 99746 3002 3073
442 97989 44 4 99790 1757 1801
283 96727 64 3 99804 3013 3077
155 96730 72 3 99876 3074 3146
595 98160 48 4 99924 1716 1764
722 96765 82 1 99956 3109 3191
516 96786 72 3 100028 3170 3242
810 96810 76 3 100104 3218 3294
308 96819 54 3 100108 3235 3289
32 96895 57 4 100115 3163 3220
95 98456 24 4 100189 1709 1733
678 96925 60 4 100199 3214 3274
840 96967 53 4 100252 3232 3285
603 96974 62 4 100314 3278 3340
73 97054 64 1 100378 3260 3324
118 97066 75 4 100503 3362 3437
761 98826 38 4 100591 1727 1765
313 97247 53 2 100644 3344 3397
416 98902 48 4 100692 1742 1790
799 98930 47 1 100739 1762 1809
824 98970 43 1 100782 1769 1812
790 97437 83 4 100865 3345 3428
6 97460 69 1 100934 3405 3474
96 97614 83 3 101117 3420 3503
634 99280 38 3 101155 1837 1875
592 97621 71 4 101226 3534 3605
275 97775 59 1 101335 3501 3560
995 97825 59 4 101394 3510 3569
627 97935 80 2 101474 3459 3539
710 97961 60 1 101534 3513 3573
952 99760 46 4 101730 1924 1970
374 98118 53 3 101733 3562 3615
413 98184 71 2 101904 3649 3720
734 98309 70 4 101924 3545 3615
57 98447 65 4 101939 3427 3492
314 98557 72 4 101961 3332 3404
124 98583 73 4 101984 3328 3401
304 98635 82 4 102016 3299 3381
65 98706 74 4 102040 3260 3334
284 98751 76 2 102066 3239 3315
276 98813 51 4 102067 3203 3254
363 98872 68 3 102085 3145 3213
740 98986 54 2 102089 3049 3103
762 99059 67 4 102106 2980 3047
391 99075 84 3 102140 2981 3065
370 99182 88 3 102178 2908 2996
611 99224 56 3 102184 2904 2960
375 99309 62 3 102196 2825 2887
386 99311 75 1 102221 2835 2910
927 99379 83 3 102254 2792 2875
151 99461 53 3 102257 2743 2796
843 99559 61 3 102268 2648 2709
680 99637 56 2 102274 2581 2637
425 99701 62 3 102286 2523 2585
265 99721 68 2 102304 2515 2583
879 99740 62 1 102316 2514 2576
771 99860 73 4 102339 2406 2479
983 99926 56 4 102345 2363 2419
231 99928 83 4 102378 2367 2450
