106687 1000 1442 1369
951 3330 44 4 3374 0 44
512 6015 91 4 6106 0 91
553 6547 68 3 6615 0 68
241 6930 54 3 6984 0 54
751 7151 64 4 7215 0 64
689 8385 96 4 8481 0 96
322 8650 71 4 8721 0 71
373 9473 96 3 9569 0 96
178 9713 84 2 9797 0 84
35 9769 41 3 9838 28 69
150 10403 75 4 10478 0 75
801 10496 94 4 10590 0 94
12 10724 53 2 10777 0 53
856 13238 82 1 13320 0 82
242 13290 96 2 13416 30 126
89 13371 88 4 13504 45 133
424 13966 58 2 14024 0 58
152 14009 53 4 14077 15 68
927 14139 90 3 14229 0 90
524 14315 55 1 14370 0 55
537 14344 96 4 14466 26 122
520 14476 64 4 14540 0 64
164 14551 52 2 14603 0 52
782 14570 75 3 14678 33 108
128 15466 41 4 15507 0 41
634 15691 72 3 15763 0 72
258 15828 89 4 15917 0 89
334 16009 41 4 16050 0 41
28 16108 92 2 16200 0 92
653 16111 44 1 16244 89 133
658 16161 73 2 16317 83 156
436 16257 85 4 16402 60 145
657 16683 86 1 16769 0 86
7 16804 82 2 16886 0 82
215 18022 47 3 18069 0 47
854 18467 85 4 18552 0 85
502 18514 58 4 18610 38 96
777 18732 35 3 18767 0 35
392 18858 43 2 18901 0 43
903 19083 54 4 19137 0 54
496 19190 83 2 19273 0 83
483 19318 86 1 19404 0 86
547 19385 79 3 19483 19 98
180 19619 44 4 19663 0 44
858 19937 71 4 20008 0 71
270 19986 66 3 20074 22 88
425 20086 29 3 20115 0 29
583 20147 42 3 20189 0 42
479 20518 61 1 20579 0 61
267 20526 85 4 20664 53 138
184 20845 47 3 20892 0 47
909 21275 90 1 21365 0 90
900 21903 73 4 21976 0 73
22 22011 55 4 22066 0 55
981 22079 74 3 22153 0 74
451 22155 65 4 22220 0 65
654 22215 90 4 22310 5 95
516 22557 72 4 22629 0 72
741 23021 68 4 23089 0 68
196 23245 73 1 23318 0 73
20 23381 92 4 23473 0 92
26 23570 83 2 23653 0 83
261 24008 97 2 24105 0 97
53 24160 86 4 24246 0 86
937 24199 53 4 24299 47 100
298 24193 69 3 24368 106 175
351 24321 72 4 24440 47 119
217 24643 59 4 24702 0 59
77 25097 85 3 25182 0 85
838 25222 63 4 25285 0 63
714 25331 65 1 25396 0 65
670 25620 84 1 25704 0 84
144 26043 99 4 26142 0 99
130 26298 85 2 26383 0 85
454 26578 88 4 26666 0 88
910 26705 56 1 26761 0 56
871 26992 63 4 27055 0 63
824 27063 55 3 27118 0 55
850 27205 78 3 27283 0 78
558 27267 77 4 27360 16 93
488 27607 89 4 27696 0 89
445 27713 66 4 27779 0 66
732 27745 76 4 27855 34 110
284 27880 94 4 27974 0 94
556 27966 43 4 28017 8 51
700 28311 98 3 28409 0 98
633 28408 67 2 28476 1 68
616 28758 89 3 28847 0 89
73 28884 48 2 28932 0 48
106 28938 66 3 29004 0 66
411 28984 95 1 29099 20 115
792 29096 59 1 29158 3 62
31 29212 95 3 29307 0 95
770 29243 48 3 29355 64 112
455 29297 79 1 29434 58 137
988 29382 61 4 29495 52 113
211 29455 34 2 29529 40 74
684 29482 35 2 29564 47 82
659 29441 95 4 29659 123 218
926 29374 97 3 29756 285 382
678 29720 67 4 29823 36 103
749 30425 59 3 30484 0 59
820 30449 94 4 30578 35 129
947 30757 99 4 30856 0 99
849 30788 48 4 30904 68 116
735 30855 75 2 30979 49 124
9 30942 96 4 31075 37 133
736 31326 54 3 31380 0 54
676 31353 83 4 31463 27 110
254 31717 86 2 31803 0 86
117 31783 42 3 31845 20 62
513 31834 82 3 31927 11 93
133 31905 56 4 31983 22 78
989 32028 59 4 32087 0 59
296 32152 55 4 32207 0 55
289 32310 49 3 32359 0 49
476 32433 87 3 32520 0 87
174 32479 61 3 32581 41 102
863 32542 50 4 32631 39 89
201 32440 63 2 32694 191 254
282 32718 79 3 32797 0 79
118 32986 81 4 33067 0 81
57 33147 73 2 33220 0 73
231 33241 95 3 33336 0 95
635 33333 94 2 33430 3 97
485 33506 54 3 33560 0 54
417 33512 81 3 33641 48 129
999 33737 58 1 33795 0 58
3 33849 32 2 33881 0 32
530 33895 54 4 33949 0 54
489 33901 54 4 34003 48 102
544 34117 81 2 34198 0 81
121 34409 40 4 34449 0 40
916 34704 71 3 34775 0 71
359 35018 69 4 35087 0 69
952 35054 79 2 35166 33 112
842 35131 40 4 35206 35 75
826 35198 58 3 35264 8 66
452 35175 96 4 35360 89 185
198 35411 73 2 35484 0 73
950 35510 59 4 35569 0 59
695 35606 56 4 35662 0 56
788 35752 38 2 35790 0 38
563 35771 94 2 35884 19 113
112 35814 92 2 35976 70 162
725 35949 44 2 36020 27 71
688 36515 90 2 36605 0 90
49 36567 80 1 36685 38 118
155 36775 87 3 36862 0 87
994 36883 82 4 36965 0 82
421 36941 78 1 37043 24 102
622 37030 57 3 37100 13 70
352 37135 43 1 37178 0 43
986 37139 36 4 37214 39 75
412 37216 89 2 37305 0 89
119 37390 98 2 37488 0 98
687 37912 54 1 37966 0 54
621 38039 75 3 38114 0 75
550 38159 57 2 38216 0 57
800 38169 42 3 38258 47 89
14 38222 86 3 38344 36 122
335 38279 75 3 38419 65 140
559 38711 65 3 38776 0 65
113 39016 48 4 39064 0 48
755 39117 82 1 39199 0 82
923 39431 64 4 39495 0 64
555 39442 94 2 39589 53 147
123 39512 67 1 39656 77 144
29 39568 85 2 39741 88 173
844 39731 55 1 39796 10 65
806 39830 92 4 39922 0 92
437 40025 69 1 40094 0 69
692 40293 49 2 40342 0 49
752 40323 65 4 40407 19 84
470 40328 79 4 40486 79 158
327 40519 61 1 40580 0 61
787 40636 89 4 40725 0 89
543 40847 82 2 40929 0 82
702 41217 90 4 41307 0 90
526 41278 66 2 41373 29 95
943 41253 85 4 41458 120 205
205 41493 39 4 41532 0 39
409 41521 69 1 41601 11 80
348 41569 70 4 41671 32 102
416 41692 99 2 41791 0 99
713 41744 85 4 41876 47 132
461 41788 94 3 41970 88 182
491 41887 39 3 42009 83 122
646 41952 91 3 42100 57 148
528 41980 94 2 42194 120 214
278 42234 86 3 42320 0 86
915 42326 99 3 42425 0 99
336 42584 65 4 42649 0 65
482 42792 88 4 42880 0 88
517 42856 97 2 42977 24 121
380 42912 60 2 43037 65 125
898 43141 93 3 43234 0 93
69 43419 53 2 43472 0 53
577 43505 31 3 43536 0 31
991 43516 99 3 43635 20 119
181 43565 74 3 43709 70 144
185 43780 97 1 43877 0 97
761 43786 42 2 43919 91 133
744 43786 90 2 44009 133 223
636 43964 77 2 44086 45 122
374 44082 85 1 44171 4 89
396 44112 52 4 44223 59 111
597 44039 99 4 44322 184 283
265 44292 53 2 44375 30 83
237 44285 79 1 44454 90 169
683 44556 99 1 44655 0 99
332 44622 40 4 44695 33 73
796 44562 60 2 44755 133 193
631 44708 94 4 44849 47 141
459 44877 76 4 44953 0 76
170 44971 65 3 45036 0 65
401 44996 93 3 45129 40 133
993 45067 87 2 45216 62 149
545 45241 73 4 45314 0 73
441 45463 41 1 45504 0 41
165 45469 87 3 45591 35 122
63 45554 68 2 45659 37 105
71 45473 92 2 45751 186 278
306 45768 30 2 45798 0 30
746 45917 45 3 45962 0 45
288 46097 55 2 46152 0 55
376 46193 66 4 46259 0 66
919 46201 33 3 46292 58 91
706 46393 75 4 46468 0 75
929 46405 58 4 46526 63 121
690 46448 85 4 46611 78 163
368 46563 88 2 46699 48 136
244 46896 86 4 46982 0 86
56 47056 94 3 47150 0 94
957 47215 85 3 47300 0 85
260 47266 86 4 47386 34 120
888 47359 81 4 47467 27 108
212 47408 54 4 47521 59 113
247 47509 90 4 47611 12 102
934 47817 79 4 47896 0 79
235 47854 84 3 47980 42 126
39 47971 45 4 48025 9 54
913 47959 71 3 48096 66 137
886 47952 99 2 48195 144 243
612 48119 87 3 48282 76 163
748 48267 65 2 48347 15 80
398 48215 81 4 48428 132 213
487 48354 35 4 48463 74 109
963 48393 55 4 48518 70 125
74 48455 74 3 48592 63 137
168 48636 62 4 48698 0 62
394 48785 99 3 48884 0 99
582 48840 48 4 48932 44 92
280 48881 85 4 49017 51 136
102 48940 85 4 49102 77 162
992 49419 51 1 49470 0 51
419 49682 98 3 49780 0 98
362 49779 57 4 49837 1 58
446 49900 39 4 49939 0 39
263 49982 83 3 50065 0 83
239 50152 98 1 50250 0 98
503 50258 91 3 50349 0 91
979 50294 77 3 50426 55 132
295 50383 49 3 50475 43 92
630 50595 25 4 50620 0 25
255 50660 82 4 50742 0 82
328 50752 39 4 50791 0 39
456 50803 92 3 50895 0 92
912 50887 61 2 50956 8 69
855 50872 83 3 51039 84 167
652 50982 56 4 51095 57 113
85 50941 94 2 51189 154 248
252 51102 87 4 51276 87 174
884 51207 77 4 51353 69 146
429 51406 63 2 51469 0 63
576 51495 96 4 51591 0 96
590 51575 92 4 51683 16 108
145 51650 61 3 51744 33 94
704 51604 90 1 51834 140 230
691 51822 91 3 51925 12 103
259 51934 70 4 52004 0 70
463 52085 69 3 52154 0 69
724 52147 92 4 52246 7 99
596 52308 97 2 52405 0 97
548 52311 97 1 52502 94 191
985 52439 84 3 52586 63 147
998 52862 55 3 52917 0 55
599 52931 87 2 53018 0 87
662 52947 41 2 53059 71 112
245 52953 89 3 53148 106 195
340 53083 80 2 53228 65 145
330 53175 37 3 53265 53 90
798 53228 40 4 53305 37 77
575 53170 59 3 53364 135 194
120 53272 70 2 53434 92 162
407 53283 78 4 53512 151 229
819 53189 79 2 53591 323 402
672 53462 83 4 53674 129 212
308 53592 48 2 53722 82 130
500 53613 56 1 53778 109 165
851 53007 94 4 53872 771 865
861 53865 51 4 53923 7 58
785 53877 89 3 54012 46 135
982 54002 54 3 54066 10 64
891 54013 48 3 54114 53 101
156 54090 87 2 54201 24 111
791 54147 79 4 54280 54 133
375 54204 87 4 54367 76 163
757 54357 44 1 54411 10 54
199 53972 91 2 54502 439 530
48 53298 94 3 54596 1204 1298
723 54293 94 3 54690 303 397
428 54677 64 2 54754 13 77
481 54844 68 4 54912 0 68
766 54858 86 3 54998 54 140
742 54980 70 3 55068 18 88
738 54972 78 3 55146 96 174
132 54918 86 3 55232 228 314
94 54936 96 4 55328 296 392
468 55323 86 2 55414 5 91
941 55362 43 4 55457 52 95
729 55399 94 4 55551 58 152
564 55488 93 4 55644 63 156
506 55723 71 3 55794 0 71
226 55862 92 4 55954 0 92
862 55908 78 2 56032 46 124
822 55978 96 4 56128 54 150
885 56044 81 3 56209 84 165
759 56122 92 2 56301 87 179
1000 56275 80 3 56381 26 106
859 56370 94 2 56475 11 105
834 56596 90 2 56686 0 90
250 56666 86 3 56772 20 106
393 56893 64 4 56957 0 64
984 57095 82 4 57177 0 82
232 57102 68 2 57245 75 143
546 57185 98 4 57343 60 158
153 57248 68 4 57411 95 163
442 57687 75 3 57762 0 75
189 57706 72 4 57834 56 128
147 57736 75 3 57909 98 173
594 57715 89 4 57998 194 283
894 57915 83 4 58081 83 166
100 58021 76 3 58157 60 136
360 58146 65 4 58222 11 76
771 58181 72 3 58294 41 113
627 58037 85 1 58379 257 342
176 58222 99 4 58478 157 256
655 58427 80 4 58558 51 131
841 58887 74 1 58961 0 74
68 58988 66 2 59054 0 66
356 59019 48 4 59102 35 83
4 59013 58 3 59160 89 147
208 59155 29 4 59189 5 34
370 59148 82 3 59271 41 123
377 59000 99 2 59370 271 370
585 59345 94 4 59464 25 119
313 59454 53 3 59517 10 63
511 59426 84 1 59601 91 175
966 59548 29 4 59630 53 82
141 59574 72 3 59702 56 128
976 59688 53 3 59755 14 67
721 59676 63 4 59818 79 142
390 59470 90 3 59908 348 438
781 59863 97 3 60005 45 142
980 59291 98 4 60103 714 812
703 59772 100 4 60203 331 431
364 60200 66 3 60269 3 69
953 60197 82 4 60351 72 154
682 60238 90 3 60441 113 203
186 60371 83 4 60524 70 153
160 60467 67 4 60591 57 124
680 60522 81 1 60672 69 150
126 60611 78 4 60750 61 139
431 60435 85 2 60835 315 400
367 60821 40 1 60875 14 54
225 60771 92 3 60967 104 196
879 60913 65 4 61032 54 119
697 60925 65 1 61097 107 172
79 60915 69 2 61166 182 251
804 60960 85 1 61251 206 291
570 60931 87 3 61338 320 407
222 61121 90 4 61428 217 307
475 60943 90 2 61518 485 575
361 61448 58 4 61576 70 128
167 61561 58 3 61634 15 73
685 61559 63 3 61697 75 138
809 61544 66 3 61763 153 219
828 61763 84 2 61847 0 84
560 61568 84 1 61931 279 363
331 61759 88 3 62019 172 260
874 60804 96 4 62115 1215 1311
467 60948 99 3 62214 1167 1266
219 60349 99 1 62313 1865 1964
275 62293 51 3 62364 20 71
96 62335 96 2 62460 29 125
632 62386 42 1 62502 74 116
730 62568 80 3 62648 0 80
60 62617 83 4 62731 31 114
478 62613 90 4 62821 118 208
423 62871 58 4 62929 0 58
639 63125 79 3 63204 0 79
65 63154 86 3 63290 50 136
192 63276 50 3 63340 14 64
19 63272 71 3 63411 68 139
686 63407 51 2 63462 4 55
536 63215 85 4 63547 247 332
41 63517 72 2 63619 30 102
772 63208 93 3 63712 411 504
8 63184 98 2 63810 528 626
579 63753 67 3 63877 57 124
551 63843 80 4 63957 34 114
283 63956 52 4 64009 1 53
914 63983 58 4 64067 26 84
797 63948 84 4 64151 119 203
83 64098 77 4 64228 53 130
191 63739 86 4 64314 489 575
602 63824 87 4 64401 490 577
350 64339 84 4 64485 62 146
514 64320 93 3 64578 165 258
644 64105 96 1 64674 473 569
223 63363 98 1 64772 1311 1409
944 64771 97 3 64869 1 98
881 64814 63 4 64932 55 118
969 64922 73 3 65005 10 83
381 64813 96 1 65101 192 288
587 64927 99 1 65200 174 273
44 65192 35 2 65235 8 43
243 64357 100 3 65335 878 978
780 65268 93 1 65428 67 160
299 65604 78 3 65682 0 78
342 65685 54 4 65739 0 54
64 65726 46 1 65785 13 59
887 65693 65 2 65850 92 157
701 65847 76 2 65926 3 79
641 65822 99 4 66025 104 203
82 65947 79 3 66104 78 157
497 66044 72 4 66176 60 132
960 66211 80 2 66291 0 80
281 66235 73 2 66364 56 129
505 66351 64 3 66428 13 77
847 66237 79 4 66507 191 270
939 66312 80 3 66587 195 275
598 66324 80 2 66667 263 343
369 66654 43 4 66710 13 56
319 66298 98 2 66808 412 510
162 66751 86 4 66894 57 143
728 66719 96 4 66990 175 271
962 66937 83 4 67073 53 136
209 66997 57 4 67130 76 133
810 66950 98 4 67228 180 278
11 66855 98 1 67326 373 471
465 67331 92 1 67423 0 92
256 67391 48 4 67471 32 80
866 67453 62 2 67533 18 80
290 67380 91 4 67624 153 244
410 67598 86 3 67710 26 112
30 67685 57 1 67767 25 82
310 67747 51 4 67818 20 71
554 67687 91 3 67909 131 222
584 67883 42 4 67951 26 68
906 67763 91 2 68042 188 279
648 67977 62 1 68104 65 127
643 68008 82 3 68186 96 178
389 67953 92 4 68278 233 325
304 68202 51 4 68329 76 127
229 67777 94 4 68423 552 646
66 68409 52 4 68475 14 66
202 68421 64 4 68539 54 118
432 67824 96 4 68635 715 811
221 68630 86 4 68721 5 91
50 67385 97 4 68818 1336 1433
195 68370 99 4 68917 448 547
899 68858 82 4 68999 59 141
552 68918 91 2 69090 81 172
344 69069 95 3 69185 21 116
6 69113 84 4 69269 72 156
91 69255 65 3 69334 14 79
534 69314 57 4 69391 20 77
750 69378 69 4 69460 13 82
408 69202 70 4 69530 258 328
365 69304 72 2 69602 226 298
325 69599 29 1 69631 3 32
719 69395 78 4 69709 236 314
789 69676 30 4 69739 33 63
609 69657 59 4 69798 82 141
271 69753 62 2 69860 45 107
945 69772 64 2 69924 88 152
378 69777 75 3 69999 147 222
227 69918 78 4 70077 81 159
737 69480 80 2 70157 597 677
936 70105 41 3 70198 52 93
32 70164 68 3 70266 34 102
836 69097 90 3 70356 1169 1259
821 70347 52 3 70408 9 61
523 70368 76 4 70484 40 116
649 70450 42 4 70526 34 76
640 70283 84 2 70610 243 327
385 70531 77 4 70687 79 156
292 70676 66 1 70753 11 77
493 70564 82 4 70835 189 271
248 70832 61 1 70896 3 64
337 70566 82 3 70978 330 412
301 70907 68 3 71046 71 139
18 70999 60 3 71106 47 107
210 71067 40 4 71146 39 79
925 71135 59 4 71205 11 70
383 71035 69 2 71274 170 239
972 71235 64 4 71338 39 103
58 71273 70 4 71408 65 135
745 71372 59 1 71467 36 95
384 70331 86 3 71553 1136 1222
228 69324 92 3 71645 2229 2321
450 71576 91 4 71736 69 160
122 71733 59 3 71795 3 62
16 71376 92 3 71887 419 511
175 71039 92 3 71979 848 940
715 71904 24 3 72003 75 99
875 69403 93 4 72096 2600 2693
606 72042 38 4 72134 54 92
815 69797 94 4 72228 2337 2431
803 72187 80 4 72308 41 121
101 72274 71 3 72379 34 105
345 70685 94 4 72473 1694 1788
618 72456 62 3 72535 17 79
865 72518 53 2 72588 17 70
193 72495 88 2 72676 93 181
877 71267 95 2 72771 1409 1504
302 72709 67 3 72838 62 129
876 72763 84 3 72922 75 159
46 72894 73 2 72995 28 101
213 72746 87 4 73082 249 336
480 72963 87 4 73169 119 206
466 72026 98 4 73267 1143 1241
908 70739 98 4 73365 2528 2626
829 73278 70 4 73435 87 157
388 73313 75 4 73510 122 197
895 73312 80 4 73590 198 278
716 73368 80 4 73670 222 302
462 73551 91 1 73761 119 210
975 70072 98 1 73859 3689 3787
363 71637 99 4 73958 2222 2321
339 73898 60 1 74018 60 120
183 73963 41 4 74059 55 96
251 74053 55 3 74114 6 61
996 74104 56 3 74170 10 66
379 74149 71 3 74241 21 92
253 74177 70 4 74311 64 134
42 74302 65 4 74376 9 74
80 74334 61 4 74437 42 103
846 74391 32 3 74469 46 78
823 74295 81 4 74550 174 255
515 74229 90 4 74640 321 411
286 74637 85 4 74725 3 88
574 74715 61 4 74786 10 71
279 74762 78 4 74864 24 102
422 74195 90 3 74954 669 759
104 74951 45 3 74999 3 48
146 74995 89 4 75088 4 93
204 75039 75 2 75163 49 124
816 75134 46 4 75209 29 75
610 75151 60 4 75269 58 118
580 75123 69 3 75338 146 215
391 74728 91 4 75429 610 701
457 74925 91 4 75520 504 595
61 75475 48 4 75568 45 93
812 75120 92 4 75660 448 540
539 75633 66 2 75726 27 93
187 75667 44 2 75770 59 103
472 75672 50 4 75820 98 148
663 75808 40 1 75860 12 52
240 75802 65 4 75925 58 123
733 75857 73 4 75998 68 141
140 75950 58 4 76056 48 106
269 76045 41 2 76097 11 52
568 76000 53 4 76150 97 150
531 76068 57 3 76207 82 139
172 75782 76 2 76283 425 501
163 76274 64 4 76347 9 73
78 76326 74 2 76421 21 95
880 76368 71 4 76492 53 124
595 76437 53 3 76545 55 108
405 76524 49 4 76594 21 70
893 76520 68 3 76662 74 142
677 76214 75 3 76737 448 523
447 76695 46 1 76783 42 88
406 76058 77 1 76860 725 802
522 75777 78 3 76938 1083 1161
214 76922 36 2 76974 16 52
109 76897 46 4 77020 77 123
592 77002 50 3 77070 18 68
922 76268 80 4 77150 802 882
257 76370 80 2 77230 780 860
188 77222 75 2 77305 8 83
527 77154 79 4 77384 151 230
246 77374 65 1 77449 10 75
768 76445 80 2 77529 1004 1084
114 77497 35 4 77564 32 67
767 77493 42 2 77606 71 113
860 77596 47 4 77653 10 57
671 76921 83 4 77736 732 815
656 77697 81 4 77817 39 120
43 77763 65 4 77882 54 119
430 77862 47 3 77929 20 67
764 77746 74 4 78003 183 257
499 77954 53 1 78056 49 102
92 77786 82 4 78138 270 352
954 78124 53 3 78191 14 67
615 78111 83 4 78274 80 163
399 78110 84 2 78358 164 248
97 76835 86 4 78444 1523 1609
314 77607 86 3 78530 837 923
753 75740 89 3 78619 2790 2879
940 78614 80 4 78699 5 85
236 78673 78 4 78777 26 104
628 78700 83 3 78860 77 160
890 78851 89 4 78949 9 98
935 78887 60 2 79009 62 122
136 75800 89 3 79098 3209 3298
773 75659 90 2 79188 3439 3529
902 75374 92 4 79280 3814 3906
418 78667 93 3 79373 613 706
977 79288 57 4 79430 85 142
743 79403 55 4 79485 27 82
638 76303 93 2 79578 3182 3275
341 79566 36 2 79614 12 48
892 79560 49 4 79663 54 103
673 79523 70 4 79733 140 210
25 79700 64 1 79797 33 97
473 79669 86 2 79883 128 214
942 79813 56 2 79939 70 126
783 75580 94 1 80033 4359 4453
494 80021 39 4 80072 12 51
837 79941 73 2 80145 131 204
978 77084 95 2 80240 3061 3156
440 80157 77 3 80317 83 160
974 80249 82 4 80399 68 150
224 80380 67 3 80466 19 86
607 80460 74 4 80540 6 80
802 80507 69 1 80609 33 102
453 80564 59 4 80668 45 104
565 80358 79 4 80747 310 389
666 80537 84 3 80831 210 294
471 80786 81 4 80912 45 126
420 80856 66 4 80978 56 122
52 80969 53 4 81031 9 62
38 80905 71 1 81102 126 197
660 80839 76 3 81178 263 339
817 81157 70 3 81248 21 91
273 81245 47 4 81295 3 50
623 81281 63 4 81358 14 77
498 81318 33 4 81391 40 73
316 81343 69 4 81460 48 117
995 81452 43 4 81503 8 51
642 81401 50 3 81553 102 152
142 81474 64 4 81617 79 143
911 81234 69 2 81686 383 452
601 81681 68 3 81754 5 73
987 81739 38 4 81792 15 53
918 81752 73 2 81865 40 113
629 81568 74 4 81939 297 371
37 81910 72 1 82011 29 101
312 81962 69 3 82080 49 118
933 80958 77 2 82157 1122 1199
353 81416 77 1 82234 741 818
586 82223 38 3 82272 11 49
698 80897 78 4 82350 1375 1453
778 81684 78 3 82428 666 744
605 81005 78 3 82506 1423 1501
135 82373 82 2 82588 133 215
518 82580 54 1 82642 8 62
95 82535 76 4 82718 107 183
541 82645 29 4 82747 73 102
161 82668 44 4 82791 79 123
315 82730 59 1 82850 61 120
426 82258 85 2 82935 592 677
614 81215 85 2 83020 1720 1805
395 82990 42 4 83062 30 72
758 83010 52 4 83114 52 104
33 82998 70 4 83184 116 186
274 82966 77 3 83261 218 295
869 83146 78 1 83339 115 193
24 81227 87 3 83426 2112 2199
973 83407 64 3 83490 19 83
699 80761 88 4 83578 2729 2817
40 83520 69 4 83647 58 127
561 83628 41 2 83688 19 60
93 83649 63 4 83751 39 102
525 83503 75 2 83826 248 323
238 83800 58 1 83884 26 84
194 83813 68 2 83952 71 139
59 83695 77 3 84029 257 334
62 83659 86 4 84115 370 456
818 83531 86 3 84201 584 670
159 81784 88 2 84289 2417 2505
324 84212 26 4 84315 77 103
338 84241 44 4 84359 74 118
840 84334 72 2 84431 25 97
76 82428 89 4 84520 2003 2092
458 84494 55 3 84575 26 81
23 84521 59 2 84634 54 113
864 84461 62 3 84696 173 235
84 84643 50 3 84746 53 103
355 84725 72 3 84818 21 93
81 84759 75 4 84893 59 134
624 84686 76 4 84969 207 283
276 84952 60 4 85029 17 77
216 84984 66 3 85095 45 111
665 85095 83 2 85178 0 83
371 85100 64 3 85242 78 142
477 85210 80 3 85322 32 112
762 85280 86 3 85408 42 128
103 85366 75 4 85483 42 117
857 85458 52 4 85535 25 77
917 85486 78 4 85613 49 127
484 85607 56 4 85669 6 62
997 85371 86 4 85755 298 384
99 80244 89 4 85844 5511 5600
532 85816 87 2 85931 28 115
668 85879 62 4 85993 52 114
549 85960 55 4 86048 33 88
72 85891 69 3 86117 157 226
287 85900 81 4 86198 217 298
444 81805 89 1 86287 4393 4482
784 86249 66 1 86353 38 104
930 84519 90 4 86443 1834 1924
347 86412 82 1 86525 31 113
435 86448 69 3 86594 77 146
139 86577 28 4 86622 17 45
490 86377 89 3 86711 245 334
872 86709 64 4 86775 2 66
173 86683 83 3 86858 92 175
54 86846 56 2 86914 12 68
835 86804 66 4 86980 110 176
439 86878 75 1 87055 102 177
317 87041 61 4 87116 14 75
171 86143 90 4 87206 973 1063
329 87157 67 1 87273 49 116
510 87238 78 2 87351 35 113
169 85091 90 1 87441 2260 2350
311 87370 84 3 87525 71 155
372 87469 48 4 87573 56 104
726 87508 69 3 87642 65 134
566 87547 74 4 87716 95 169
747 87711 27 4 87743 5 32
620 87661 50 2 87793 82 132
637 87560 85 1 87878 233 318
882 87817 89 4 87967 61 150
928 87910 54 2 88021 57 111
197 88018 56 4 88077 3 59
679 87879 68 3 88145 198 266
415 87972 73 3 88218 173 246
305 88185 44 1 88262 33 77
115 88193 57 4 88319 69 126
321 88170 60 4 88379 149 209
603 88359 55 4 88434 20 75
946 88181 71 3 88505 253 324
495 87990 90 4 88595 515 605
907 88517 70 3 88665 78 148
443 87830 90 2 88755 835 925
134 84545 90 1 88845 4210 4300
717 88760 76 3 88921 85 161
681 88842 79 3 89000 79 158
572 88955 53 4 89053 45 98
827 89015 67 1 89120 38 105
87 89070 23 3 89143 50 73
508 89110 32 4 89175 33 65
230 89101 66 3 89241 74 140
403 89172 73 4 89314 69 142
143 89256 38 3 89352 58 96
970 89039 84 4 89436 313 397
300 89421 76 4 89512 15 91
814 89375 83 4 89595 137 220
763 81535 91 4 89686 8060 8151
647 89597 89 4 89775 89 178
905 89773 61 3 89836 2 63
5 89731 71 3 89907 105 176
542 89880 32 3 89939 27 59
234 89843 85 3 90024 96 181
964 89947 28 4 90052 77 105
438 90002 52 3 90104 50 102
309 90058 36 4 90140 46 82
343 89991 56 1 90196 149 205
626 90005 62 3 90258 191 253
138 90239 76 4 90334 19 95
157 90260 57 2 90391 74 131
949 90084 80 3 90471 307 387
808 90456 78 3 90549 15 93
137 90526 76 4 90625 23 99
845 90580 52 2 90677 45 97
413 90665 65 1 90742 12 77
264 90048 84 4 90826 694 778
13 90823 63 3 90889 3 66
708 90846 45 2 90934 43 88
387 90362 87 2 91021 572 659
600 91015 51 3 91072 6 57
540 90935 58 3 91130 137 195
959 91005 58 1 91188 125 183
617 90964 65 3 91253 224 289
889 91215 66 4 91319 38 104
149 91301 58 4 91377 18 76
427 91335 63 4 91440 42 105
873 91369 66 1 91506 71 137
611 90946 72 4 91578 560 632
464 91521 46 4 91624 57 103
868 91511 49 2 91673 113 162
108 91549 54 4 91727 124 178
404 91722 57 4 91784 5 62
357 91735 46 3 91830 49 95
904 91829 49 3 91879 1 50
148 91564 63 3 91942 315 378
848 91903 45 3 91987 39 84
734 91943 48 4 92035 44 92
694 91548 70 4 92105 487 557
799 91653 75 2 92180 452 527
293 92119 67 3 92247 61 128
831 92239 63 3 92310 8 71
832 92308 48 2 92358 2 50
320 91665 75 2 92433 693 768
786 92360 49 1 92482 73 122
110 92330 75 2 92557 152 227
449 92505 61 3 92618 52 113
346 92590 68 2 92686 28 96
272 92626 38 3 92724 60 98
535 92344 77 4 92801 380 457
948 92400 79 4 92880 401 480
765 92852 55 4 92935 28 83
833 92716 80 1 93015 219 299
667 92949 69 2 93084 66 135
811 92224 82 4 93166 860 942
268 91607 82 4 93248 1559 1641
519 92259 83 2 93331 989 1072
739 91818 84 3 93415 1513 1597
843 92858 85 2 93500 557 642
285 93425 74 4 93574 75 149
67 93518 70 4 93644 56 126
870 93596 72 1 93716 48 120
105 93675 46 4 93762 41 87
125 93751 58 2 93820 11 69
207 93763 42 4 93862 57 99
651 93846 55 4 93917 16 71
151 93901 23 4 93940 16 39
249 93701 59 4 93999 239 298
625 93887 74 3 94073 112 186
303 93726 76 3 94149 347 423
790 93634 83 2 94232 515 598
853 92594 86 4 94318 1638 1724
220 94277 63 4 94381 41 104
619 91814 87 4 94468 2567 2654
578 94433 48 3 94516 35 83
779 94455 80 2 94596 61 141
938 94529 54 4 94650 67 121
486 94560 62 1 94712 90 152
51 94586 66 2 94778 126 192
349 94633 68 4 94846 145 213
794 94466 85 3 94931 380 465
883 94871 55 4 94986 60 115
107 94900 72 2 95058 86 158
434 90963 87 2 95145 4095 4182
203 95070 35 4 95180 75 110
709 95067 66 3 95246 113 179
608 95178 72 4 95318 68 140
852 95274 60 3 95378 44 104
965 95330 37 1 95415 48 85
262 90923 87 2 95502 4492 4579
645 92250 87 2 95589 3252 3339
469 89921 88 3 95677 5668 5756
813 92642 88 2 95765 3035 3123
727 95700 59 4 95824 65 124
21 95817 69 4 95893 7 76
492 90963 89 4 95982 4930 5019
924 93040 89 4 96071 2942 3031
200 95995 55 3 96126 76 131
971 90240 90 4 96216 5886 5976
696 96168 68 4 96284 48 116
127 96266 82 2 96366 18 100
460 96291 55 1 96421 75 130
932 96293 75 1 96496 128 203
896 93274 90 3 96586 3222 3312
354 96547 61 4 96647 39 100
55 96545 78 3 96725 102 180
326 90212 90 2 96815 6513 6603
722 96753 41 4 96856 62 103
154 91690 90 2 96946 5166 5256
839 96918 81 4 97027 28 109
10 96908 83 4 97110 119 202
382 97042 57 3 97167 68 125
474 92626 90 2 97257 4541 4631
294 97184 75 3 97332 73 148
318 88224 91 4 97423 9108 9199
111 97349 84 3 97507 74 158
190 97490 50 3 97557 17 67
504 97500 53 3 97610 57 110
661 97459 55 3 97665 151 206
967 97602 69 4 97734 63 132
386 97593 80 3 97814 141 221
867 97748 40 4 97854 66 106
920 97505 81 4 97935 349 430
674 97692 84 4 98019 243 327
179 98016 64 4 98083 3 67
124 98025 40 2 98123 58 98
75 98102 32 4 98155 21 53
731 98100 78 4 98233 55 133
593 97350 84 2 98317 883 967
448 97831 84 1 98401 486 570
955 97515 86 4 98487 886 972
358 98444 45 4 98532 43 88
47 98441 79 3 98611 91 170
760 97408 87 4 98698 1203 1290
958 97778 87 3 98785 920 1007
571 98712 85 4 98870 73 158
675 98841 84 4 98954 29 113
433 98942 68 4 99022 12 80
807 98926 77 3 99099 96 173
402 99060 30 4 99129 39 69
501 99058 39 3 99168 71 110
45 99090 55 4 99223 78 133
529 99197 61 4 99284 26 87
693 98246 87 2 99371 1038 1125
569 98556 90 2 99461 815 905
1 99428 41 4 99502 33 74
707 95371 91 4 99593 4131 4222
769 99515 55 3 99648 78 133
70 99534 60 4 99708 114 174
166 81065 91 4 99799 18643 18734
36 99789 36 2 99835 10 46
323 99783 57 3 99892 52 109
664 99885 44 3 99936 7 51
588 99933 51 3 99987 3 54
98 99851 61 1 100048 136 197
131 99901 68 4 100116 147 215
710 99879 77 3 100193 237 314
830 87579 91 4 100284 12614 12705
17 80830 91 3 100375 19454 19545
921 88042 91 1 100466 12333 12424
793 80177 91 1 100557 20289 20380
589 89335 92 4 100649 11222 11314
591 91857 92 4 100741 8792 8884
756 90607 92 3 100833 10134 10226
968 83235 92 3 100925 17598 17690
414 85096 92 3 101017 15829 15921
931 83326 92 3 101109 17691 17783
669 93886 92 3 101201 7223 7315
88 83519 92 2 101293 17682 17774
562 87232 92 2 101385 14061 14153
266 95409 93 4 101478 5976 6069
233 88733 93 3 101571 12745 12838
983 88278 93 3 101664 13293 13386
775 84769 93 2 101757 16895 16988
718 90296 94 4 101851 11461 11555
720 93404 94 4 101945 8447 8541
333 96369 94 4 102039 5576 5670
400 96080 94 4 102133 5959 6053
86 86415 94 3 102227 15718 15812
581 89003 94 3 102321 13224 13318
90 88109 94 1 102415 14212 14306
206 94973 94 1 102509 7442 7536
557 82215 95 4 102604 20294 20389
774 95636 95 4 102699 6968 7063
509 89446 95 4 102794 13253 13348
27 85454 95 4 102889 17340 17435
291 87210 95 3 102984 15679 15774
795 84681 96 4 103080 18303 18399
901 92830 96 4 103176 10250 10346
533 99163 96 4 103272 4013 4109
897 86235 96 3 103368 17037 17133
34 78501 96 3 103464 24867 24963
825 87395 96 3 103560 16069 16165
604 93204 96 3 103656 10356 10452
705 78295 96 3 103752 25361 25457
878 82339 96 3 103848 21413 21509
158 99174 96 3 103944 4674 4770
366 95604 96 3 104040 8340 8436
129 89761 96 2 104136 14279 14375
182 74755 97 4 104233 29381 29478
567 96518 97 4 104330 7715 7812
2 89430 97 3 104427 14900 14997
177 80969 97 3 104524 23458 23555
307 77391 97 3 104621 27133 27230
805 94376 97 2 104718 10245 10342
711 96049 97 2 104815 8669 8766
650 99190 97 2 104912 5625 5722
990 81417 97 1 105009 23495 23592
961 86624 97 1 105106 18385 18482
507 77835 98 4 105204 27271 27369
218 80548 98 4 105302 24656 24754
521 87434 98 4 105400 17868 17966
740 92526 98 4 105498 12874 12972
397 77836 98 3 105596 27662 27760
573 81892 98 3 105694 23704 23802
776 76448 98 2 105792 29246 29344
15 88356 98 1 105890 17436 17534
116 99926 99 4 105989 5964 6063
754 93486 99 4 106088 12503 12602
613 90381 99 2 106187 15707 15806
277 76154 100 4 106287 30033 30133
712 87817 100 3 106387 18470 18570
297 81279 100 2 106487 25108 25208
538 73108 100 2 106587 33379 33479
956 68351 100 1 106687 38236 38336
