102452 1713 750 690
680 1926 76 3 2002 0 76
228 1979 68 4 2070 23 91
901 5269 37 4 5306 0 37
690 5902 55 3 5957 0 55
725 6737 61 3 6798 0 61
70 6915 44 4 6959 0 44
764 7275 69 4 7344 0 69
973 7779 69 4 7848 0 69
758 7958 58 3 8016 0 58
621 9232 51 4 9283 0 51
635 9592 50 4 9642 0 50
111 10198 46 3 10244 0 46
711 10649 66 3 10715 0 66
196 11018 44 4 11062 0 44
400 11090 44 3 11134 0 44
232 12504 57 2 12561 0 57
433 12950 73 1 13023 0 73
798 13079 53 4 13132 0 53
265 13383 44 1 13427 0 44
52 13710 48 4 13758 0 48
235 13843 68 4 13911 0 68
273 13862 76 2 13987 49 125
964 14924 77 2 15001 0 77
131 15680 60 2 15790 50 110
778 15680 64 4 15804 60 124
386 15835 67 4 15902 0 67
692 15915 67 4 15982 0 67
473 16228 67 4 16295 0 67
43 17040 76 4 17116 0 76
137 17175 32 4 17207 0 32
754 17413 74 4 17487 0 74
837 17462 20 3 17507 25 45
77 17569 77 4 17646 0 77
191 18272 54 3 18326 0 54
455 19523 46 2 19569 0 46
923 19678 53 3 19731 0 53
105 19707 53 2 19784 24 77
65 19909 53 2 19962 0 53
613 20062 58 4 20120 0 58
419 20105 84 1 20204 15 99
551 20371 78 4 20449 0 78
938 20710 34 2 20744 0 34
29 20994 36 3 21030 0 36
730 21278 78 3 21356 0 78
153 21428 78 3 21506 0 78
800 21662 47 3 21709 0 47
28 21789 57 4 21846 0 57
623 22052 59 4 22111 0 59
171 22283 87 4 22370 0 87
251 22664 43 3 22707 0 43
939 22699 48 4 22755 8 56
505 23749 78 2 23827 0 78
647 23879 56 3 23935 0 56
408 24106 79 2 24185 0 79
60 24161 66 3 24251 24 90
610 24467 48 3 24515 0 48
746 24518 56 4 24574 0 56
382 24772 68 4 24840 0 68
593 25180 59 1 25239 0 59
656 25320 54 2 25374 0 54
113 25327 62 3 25436 47 109
895 25609 42 1 25651 0 42
641 25880 42 2 25922 0 42
858 26096 76 2 26172 0 76
359 26217 68 4 26285 0 68
701 26364 49 4 26413 0 49
876 26418 73 1 26491 0 73
507 26445 77 2 26568 46 123
453 26529 66 4 26634 39 105
566 26607 56 3 26690 27 83
276 26660 61 3 26751 30 91
767 26710 46 3 26797 41 87
106 26736 43 3 26840 61 104
575 26742 29 1 26869 98 127
809 27038 55 2 27093 0 55
263 27067 83 3 27176 26 109
696 27250 21 3 27271 0 21
991 27272 37 3 27309 0 37
497 27658 57 4 27715 0 57
801 27904 59 4 27963 0 59
250 28105 71 3 28176 0 71
90 28163 40 4 28216 13 53
900 28272 80 4 28352 0 80
422 28461 61 4 28522 0 61
521 28666 56 4 28722 0 56
865 28850 62 3 28912 0 62
995 28905 44 3 28956 7 51
186 29138 27 2 29165 0 27
892 29163 86 3 29251 2 88
302 29562 51 4 29613 0 51
61 29581 30 2 29643 32 62
552 29742 64 3 29806 0 64
917 29745 41 2 29847 61 102
468 30044 71 3 30115 0 71
397 30052 38 4 30153 63 101
569 30874 53 4 30927 0 53
980 30975 75 4 31050 0 75
955 31331 62 1 31393 0 62
896 31356 55 3 31448 37 92
142 31432 59 4 31557 66 125
642 31441 71 1 31628 116 187
254 31529 42 3 31670 99 141
877 31451 73 4 31693 169 242
39 31595 40 4 31733 98 138
354 31621 58 4 31841 162 220
524 31626 74 2 31865 165 239
377 31958 54 4 32012 0 54
130 31990 86 4 32098 22 108
601 32052 43 3 32141 46 89
617 32099 81 3 32222 42 123
14 32479 39 3 32518 0 39
366 32493 52 4 32570 25 77
156 33182 46 3 33228 0 46
125 33211 72 3 33300 17 89
727 33372 44 4 33416 0 44
649 33547 80 4 33627 0 80
487 33707 46 4 33753 0 46
500 33818 51 1 33869 0 51
927 33922 44 4 33966 0 44
135 33989 65 2 34054 0 65
284 34020 38 4 34092 34 72
659 34358 29 3 34387 0 29
220 34758 49 1 34807 0 49
526 34796 54 3 34861 11 65
605 34879 46 4 34925 0 46
322 35318 50 2 35368 0 50
545 35339 73 2 35441 29 102
914 35543 64 3 35607 0 64
327 35661 69 4 35730 0 69
582 36062 52 3 36114 0 52
695 36245 66 2 36311 0 66
425 36296 63 4 36374 15 78
345 36356 49 3 36473 68 117
159 36320 68 4 36491 103 171
482 36689 48 3 36737 0 48
960 36879 47 4 36926 0 47
17 36956 78 4 37034 0 78
165 36959 90 2 37124 75 165
82 37075 67 4 37191 49 116
744 37388 31 2 37419 0 31
488 37662 74 3 37736 0 74
839 37853 63 3 37916 0 63
260 38014 75 4 38089 0 75
92 38194 52 3 38246 0 52
645 38308 55 3 38363 0 55
226 38395 60 2 38455 0 60
203 38480 52 4 38532 0 52
871 38506 65 3 38597 26 91
262 38651 53 4 38704 0 53
42 38810 22 3 38832 0 22
33 38876 44 2 38920 0 44
193 39038 92 4 39130 0 92
62 39047 24 2 39154 83 107
291 39072 32 2 39236 132 164
83 39060 54 3 39290 176 230
993 39138 64 2 39354 152 216
704 39238 20 3 39374 116 136
940 39171 72 3 39396 153 225
810 39514 70 4 39584 0 70
976 39529 48 3 39632 55 103
988 39534 53 2 39685 98 151
672 39876 51 3 39927 0 51
457 39952 57 4 40009 0 57
706 39969 76 4 40185 140 216
51 39984 79 4 40214 151 230
870 40008 77 4 40241 156 233
403 40204 41 4 40332 87 128
238 40148 68 2 40350 134 202
242 40340 61 1 40411 10 71
674 40399 44 4 40455 12 56
56 40404 51 3 40506 51 102
393 40520 64 4 40584 0 64
344 40531 70 4 40654 53 123
301 40692 59 4 40751 0 59
855 40892 56 1 40948 0 56
554 40970 60 3 41030 0 60
811 41084 64 3 41148 0 64
328 41312 67 3 41379 0 67
924 41320 63 2 41442 59 122
261 41494 45 4 41539 0 45
274 41525 38 4 41577 14 52
959 41527 80 4 41657 50 130
406 41664 65 4 41729 0 65
483 41928 66 2 41994 0 66
9 42043 34 2 42077 0 34
576 42113 54 3 42167 0 54
496 42144 50 4 42267 73 123
721 42143 66 1 42283 74 140
115 42244 45 3 42428 139 184
495 42209 64 4 42442 169 233
905 42214 65 4 42507 228 293
36 42301 68 2 42575 206 274
175 42420 76 4 42601 105 181
210 42564 57 1 42658 37 94
780 42869 57 2 42926 0 57
49 42990 72 4 43062 0 72
689 43129 62 1 43191 0 62
618 43131 48 4 43239 60 108
96 43611 40 3 43651 0 40
875 43762 41 3 43803 0 41
141 43770 76 3 43879 33 109
854 43986 61 4 44047 0 61
47 44007 68 4 44165 90 158
715 44033 67 3 44182 82 149
451 44157 86 1 44268 25 111
707 44613 89 4 44702 0 89
117 44676 50 3 44752 26 76
243 44732 73 2 44875 70 143
563 44734 55 3 44880 91 146
247 45007 88 4 45095 0 88
944 45254 60 1 45314 0 60
558 45273 57 3 45371 41 98
84 45486 82 1 45568 0 82
281 45562 50 3 45618 6 56
977 45770 20 4 45790 0 20
225 45891 41 3 45932 0 41
486 46052 80 4 46132 0 80
522 46094 76 1 46208 38 114
127 46147 35 2 46243 61 96
353 46224 44 3 46287 19 63
26 46284 54 2 46341 3 57
80 46377 70 1 46447 0 70
107 46507 49 3 46556 0 49
584 46516 69 2 46625 40 109
494 46572 92 2 46717 53 145
615 46682 36 4 46753 35 71
687 46814 73 4 46887 0 73
154 46816 43 4 46930 71 114
307 46835 68 2 47048 145 213
50 46930 80 4 47078 68 148
660 47144 60 4 47204 0 60
155 47184 50 4 47254 20 70
662 47278 66 3 47344 0 66
216 47360 46 2 47406 0 46
874 47428 61 3 47489 0 61
326 47521 61 4 47582 0 61
267 47572 59 3 47641 10 69
32 47618 42 4 47683 23 65
128 47627 35 4 47718 56 91
308 47685 76 1 47844 83 159
781 47710 52 2 47846 84 136
376 47829 71 2 47917 17 88
836 47886 81 3 47998 31 112
38 48129 79 3 48208 0 79
72 48191 64 1 48272 17 81
799 48235 54 3 48326 37 91
915 48309 24 2 48350 17 41
990 48416 62 1 48478 0 62
364 48518 79 1 48597 0 79
439 48578 22 4 48619 19 41
454 48625 22 2 48647 0 22
399 48666 75 4 48741 0 75
410 48765 54 3 48819 0 54
678 48777 80 1 48899 42 122
143 48938 69 3 49007 0 69
844 49043 84 2 49127 0 84
857 49293 67 4 49360 0 67
595 49294 45 3 49405 66 111
529 49329 56 2 49511 126 182
842 49361 57 3 49518 100 157
217 49543 57 1 49600 0 57
591 49570 28 3 49628 30 58
979 49578 67 4 49745 100 167
481 49653 45 2 49840 142 187
341 49607 60 3 49850 183 243
151 49736 47 3 49947 164 211
300 49632 51 3 49948 265 316
503 49713 72 2 50020 235 307
198 49908 37 4 50057 112 149
740 49797 85 4 50142 260 345
969 50049 50 4 50292 193 243
783 49910 59 1 50301 332 391
460 49951 54 4 50355 350 404
173 49972 59 4 50364 333 392
518 50136 78 1 50442 228 306
129 50195 65 3 50457 197 262
78 50428 81 4 50538 29 110
540 50566 63 4 50629 0 63
912 50601 49 3 50678 28 77
965 50648 68 2 50796 80 148
679 50653 63 4 50859 143 206
87 50723 55 4 50864 86 141
869 50850 49 4 50913 14 63
194 51288 69 2 51357 0 69
966 51304 56 4 51413 53 109
609 51370 52 1 51465 43 95
533 51512 85 3 51597 0 85
673 51733 49 2 51782 0 49
516 51948 69 4 52017 0 69
116 52141 55 4 52196 0 55
437 52360 52 1 52412 0 52
13 52457 50 3 52507 0 50
168 52582 62 4 52644 0 62
333 52657 63 4 52720 0 63
537 52949 72 4 53021 0 72
676 53141 75 3 53216 0 75
499 53170 47 2 53263 46 93
140 53364 53 2 53417 0 53
212 53387 25 2 53442 30 55
120 53397 50 4 53492 45 95
75 53424 55 4 53547 68 123
447 53578 78 2 53656 0 78
362 53681 58 3 53739 0 58
862 53709 55 3 53794 30 85
688 53800 47 3 53847 0 47
747 53875 73 3 53948 0 73
179 53907 86 2 54084 91 177
380 53920 54 4 54088 114 168
10 54156 78 2 54234 0 78
269 54182 58 2 54292 52 110
63 54538 51 1 54589 0 51
720 54706 81 3 54787 0 81
873 54708 63 3 54850 79 142
735 55538 70 3 55608 0 70
40 55610 71 1 55681 0 71
21 55786 84 2 55870 0 84
229 55815 82 1 55952 55 137
97 55895 42 4 55994 57 99
585 55934 84 4 56078 60 144
224 56017 46 3 56174 111 157
686 56004 68 4 56192 120 188
731 56079 51 4 56393 263 314
436 56082 61 3 56404 261 322
772 56247 40 4 56444 157 197
430 56119 65 2 56509 325 390
264 56170 86 1 56645 389 475
88 56362 50 4 56695 283 333
237 56254 52 4 56797 491 543
643 56313 89 3 56836 434 523
769 56546 43 3 56879 290 333
562 56320 74 4 56953 559 633
671 56578 45 2 57048 425 470
122 56375 61 4 57109 673 734
336 56700 42 3 57151 409 451
710 56384 73 1 57174 717 790
753 56548 58 2 57232 626 684
356 56573 56 4 57288 659 715
280 56971 43 3 57381 367 410
472 56992 39 4 57420 389 428
607 56670 52 1 57472 750 802
763 56847 55 4 57527 625 680
713 56932 77 3 57554 545 622
863 56971 55 3 57559 533 588
420 57018 61 4 57570 491 552
16 57456 45 1 57615 114 159
319 57171 65 4 57630 394 459
779 57547 47 4 57677 83 130
279 57637 76 2 57803 90 166
434 57643 82 1 57835 110 192
577 57891 68 4 57959 0 68
4 58136 59 4 58195 0 59
176 58376 73 2 58449 0 73
99 58382 51 3 58500 67 118
600 58671 65 3 58736 0 65
835 58677 54 4 58790 59 113
886 58831 67 4 58898 0 67
548 58993 64 3 59057 0 64
19 59006 80 4 59137 51 131
299 59187 82 3 59269 0 82
581 59205 50 3 59319 64 114
162 59209 42 4 59361 110 152
215 59300 51 3 59412 61 112
218 59409 56 3 59468 3 59
930 59416 33 4 59501 52 85
717 59448 35 1 59536 53 88
396 59475 55 3 59591 61 116
646 59600 61 3 59661 0 61
681 59689 54 2 59743 0 54
211 59809 37 2 59846 0 37
890 59814 58 4 59904 32 90
208 60133 49 4 60182 0 49
588 60186 71 2 60257 0 71
321 60253 89 2 60346 4 93
373 60275 38 4 60384 71 109
736 60641 79 3 60720 0 79
119 60766 70 4 60836 0 70
637 60831 51 4 60937 55 106
812 60835 71 4 60958 52 123
527 60970 49 4 61019 0 49
435 61023 81 3 61104 0 81
289 61204 100 3 61304 0 100
317 61246 77 4 61431 108 185
831 61285 58 4 61439 96 154
742 61367 48 2 61487 72 120
723 61394 46 3 61533 93 139
962 61517 23 3 61606 66 89
174 61531 50 3 61656 75 125
295 61508 54 3 61660 98 152
245 61573 24 2 61684 87 111
402 61612 48 4 61732 72 120
999 61625 50 4 61782 107 157
315 61727 59 3 61891 105 164
23 61785 41 4 61932 106 147
363 61752 53 2 61985 180 233
270 61849 48 3 62083 186 234
682 61909 50 3 62133 174 224
340 61800 75 3 62158 283 358
794 61849 62 3 62170 259 321
133 62183 68 2 62251 0 68
318 62638 89 2 62727 0 89
183 62691 57 2 62784 36 93
846 62766 47 1 62831 18 65
911 62803 44 4 62875 28 72
777 62907 43 3 62950 0 43
952 62987 37 4 63024 0 37
560 63072 66 3 63138 0 66
622 63166 66 2 63232 0 66
423 63233 79 3 63312 0 79
305 63449 23 1 63472 0 23
387 63488 59 4 63547 0 59
463 63661 51 4 63712 0 51
170 63725 63 3 63788 0 63
180 63750 41 2 63829 38 79
852 63765 73 1 63902 64 137
565 63845 38 3 63940 57 95
45 63904 38 4 63978 36 74
161 63927 51 4 64079 101 152
383 63935 67 4 64146 144 211
789 63980 55 1 64151 116 171
816 64091 89 3 64240 60 149
975 64185 61 4 64351 105 166
456 64230 54 1 64355 71 125
520 64345 64 4 64419 10 74
391 64435 68 3 64503 0 68
332 64486 50 2 64553 17 67
891 64543 89 3 64642 10 99
160 64560 61 3 64703 82 143
59 64710 36 3 64746 0 36
471 64767 34 3 64801 0 34
150 64801 70 4 64871 0 70
724 64838 93 4 64964 33 126
244 64873 56 4 65070 141 197
169 64953 53 4 65123 117 170
513 64971 51 4 65224 202 253
166 65021 86 1 65310 203 289
5 65044 65 4 65325 216 281
118 65116 52 1 65427 259 311
907 65188 70 4 65497 239 309
389 65202 71 3 65518 245 316
1 65270 60 1 65528 198 258
658 65585 77 2 65662 0 77
650 65656 65 4 65777 56 121
477 65656 85 4 65812 71 156
438 65822 42 3 65864 0 42
759 65822 74 2 65988 92 166
296 65836 80 3 66068 152 232
523 65882 56 3 66124 186 242
7 66053 50 2 66224 121 171
432 65961 65 3 66239 213 278
668 65997 62 2 66301 242 304
190 66087 69 4 66370 214 283
297 66287 48 3 66418 83 131
450 66139 66 2 66434 229 295
27 66397 37 4 66521 87 124
292 66392 68 1 66539 79 147
898 66494 35 4 66724 195 230
214 66508 38 2 66762 216 254
240 66447 65 4 66777 265 330
782 66464 70 2 66847 313 383
470 66482 67 3 66914 365 432
492 66724 40 1 66954 190 230
648 66582 83 4 67087 422 505
774 66631 54 4 67091 406 460
949 66933 38 3 67279 308 346
770 66738 80 1 67309 491 571
559 66751 62 2 67371 558 620
592 67060 28 4 67449 361 389
272 67089 49 4 67498 360 409
294 66862 51 4 67499 586 637
407 66870 68 1 67517 579 647
53 66908 72 2 67539 559 631
619 66988 96 3 67585 501 597
963 67051 91 4 67626 484 575
223 67434 40 4 67816 342 382
266 67471 46 4 67862 345 391
378 67395 68 3 67930 467 535
693 67413 59 3 67989 517 576
268 67429 59 2 67998 510 569
708 67797 20 4 68068 251 271
329 67620 68 4 68086 398 466
108 67676 67 4 68153 410 477
974 67744 73 2 68276 459 532
684 68001 27 3 68303 275 302
298 67927 65 3 68318 326 391
485 67949 80 3 68348 319 399
255 67970 54 1 68402 378 432
913 68326 48 4 68500 126 174
338 68159 75 1 68625 391 466
462 68249 69 4 68644 326 395
144 68432 28 4 68672 212 240
542 68441 32 4 68704 231 263
743 68340 62 2 68716 314 376
258 68342 61 4 68777 374 435
314 68547 69 4 68996 380 449
163 68564 79 4 69075 432 511
67 68586 55 3 69080 439 494
11 68840 38 4 69118 240 278
795 68652 51 4 69119 416 467
136 68927 50 3 69169 192 242
549 68660 62 1 69181 459 521
360 68749 67 3 69198 382 449
256 69008 90 4 69288 190 280
750 69207 38 3 69326 81 119
950 69225 54 3 69430 151 205
572 69307 72 4 69502 123 195
401 69355 58 3 69560 147 205
195 69384 68 4 69628 176 244
698 69498 53 4 69631 80 133
89 69575 71 4 69752 106 177
517 69614 64 4 69816 138 202
578 69655 64 4 69830 111 175
556 69764 24 4 69854 66 90
664 69824 66 4 69920 30 96
657 69983 81 3 70064 0 81
68 70083 43 2 70126 0 43
953 70135 81 4 70216 0 81
729 70206 53 2 70319 60 113
236 70211 66 4 70335 58 124
304 70380 71 3 70451 0 71
346 70396 52 3 70503 55 107
697 70501 54 1 70557 2 56
57 70628 41 3 70669 0 41
100 70790 75 4 70865 0 75
640 70841 81 4 70946 24 105
925 71050 20 4 71070 0 20
784 71057 55 3 71125 13 68
984 71102 65 1 71190 23 88
830 71168 28 1 71218 22 50
570 71175 56 2 71324 93 149
739 71211 98 1 71422 113 211
755 71227 55 3 71427 145 200
185 71374 45 3 71472 53 98
405 71430 31 3 71603 142 173
259 71387 54 2 71607 166 220
249 71408 56 3 71613 149 205
718 71535 53 4 71666 78 131
918 71798 63 3 71861 0 63
323 71867 50 2 71917 0 50
413 72070 69 3 72139 0 69
102 72155 75 4 72230 0 75
574 72263 84 4 72347 0 84
54 72511 48 2 72559 0 48
882 72516 56 3 72615 43 99
18 72568 76 4 72791 147 223
530 72589 61 3 72902 252 313
379 72701 37 4 72939 201 238
806 72608 60 3 72949 281 341
931 72727 39 1 72988 222 261
967 72745 42 3 73030 243 285
893 72632 81 4 73061 348 429
465 72645 71 2 73082 366 437
316 72926 87 3 73269 256 343
627 72931 100 2 73419 388 488
467 72959 52 3 73421 410 462
123 73096 80 4 73451 275 355
971 73132 80 2 73481 269 349
936 73404 24 3 73555 127 151
22 73330 55 1 73610 225 280
714 73488 42 3 73652 122 164
421 73441 66 4 73668 161 227
983 73612 61 4 73729 56 117
776 73713 79 4 73808 16 95
675 73834 56 4 73890 0 56
860 73966 83 3 74049 0 83
978 74104 58 4 74162 0 58
902 74212 31 2 74243 0 31
461 74402 24 3 74426 0 24
275 74448 64 2 74512 0 64
834 74564 61 4 74625 0 61
384 74669 43 2 74712 0 43
246 74718 69 2 74787 0 69
787 74763 46 4 74833 24 70
535 74765 88 4 74971 118 206
282 74774 54 1 74975 147 201
417 74935 32 1 75007 40 72
757 75053 86 2 75139 0 86
428 75057 49 3 75188 82 131
773 75059 61 3 75299 179 240
101 75142 53 1 75302 107 160
590 75322 45 4 75367 0 45
881 75345 33 3 75400 22 55
152 75360 71 1 75571 140 211
954 75422 48 4 75619 149 197
849 75371 57 2 75626 198 255
998 75375 75 3 75651 201 276
583 75597 48 4 75749 104 152
288 75566 59 4 75758 133 192
928 75991 31 4 76022 0 31
670 76040 61 3 76101 0 61
349 76192 21 4 76213 0 21
951 76362 38 3 76400 0 38
312 76376 70 3 76470 24 94
616 76423 50 4 76520 47 97
666 76514 73 4 76593 6 79
634 76595 57 4 76652 0 57
761 76624 53 1 76705 28 81
916 76694 37 4 76742 11 48
239 77100 68 1 77168 0 68
958 77157 39 4 77257 61 100
638 77118 90 3 77297 89 179
178 77307 66 4 77373 0 66
655 77468 57 4 77525 0 57
24 77665 65 3 77730 0 65
732 77784 46 3 77830 0 46
337 77796 47 3 77877 34 81
838 77881 46 1 77927 0 46
286 77888 45 4 77972 39 84
66 77953 56 2 78028 19 75
367 78018 72 4 78100 10 82
989 78112 68 4 78180 0 68
733 78168 67 2 78297 62 129
415 78180 80 3 78327 67 147
594 78270 43 4 78370 57 100
519 78360 47 3 78417 10 57
906 78462 58 4 78520 0 58
94 78465 21 2 78541 55 76
202 78584 61 4 78645 0 61
121 78797 61 4 78858 0 61
919 78898 60 4 78958 0 60
628 78925 62 1 79020 33 95
861 79033 69 4 79102 0 69
908 79112 74 3 79186 0 74
614 79114 43 4 79229 72 115
445 79130 83 4 79562 349 432
825 79272 39 3 79601 290 329
58 79140 62 2 79663 461 523
234 79146 68 4 79681 467 535
498 79184 53 4 79684 447 500
475 79199 68 3 79702 435 503
277 79221 93 4 79745 431 524
285 79274 72 1 80067 721 793
69 79740 48 3 80165 377 425
796 79481 65 4 80180 634 699
248 79503 51 3 80331 777 828
992 79798 48 4 80379 533 581
943 79504 53 4 80432 875 928
35 79855 28 3 80460 577 605
459 79865 44 2 80504 595 639
85 79531 61 1 80515 923 984
205 79924 50 2 80565 591 641
365 79550 73 4 80588 965 1038
12 79975 41 4 80629 613 654
728 79567 79 3 80658 1012 1091
948 80038 49 2 80707 620 669
484 79731 62 2 80769 976 1038
826 80107 48 4 80867 712 760
81 79760 64 3 80931 1107 1171
209 79764 83 4 80964 1117 1200
474 80274 45 2 81009 690 735
636 79781 97 3 81056 1178 1275
109 79802 77 4 81133 1254 1331
167 80042 62 3 81245 1141 1203
449 80080 90 4 81285 1115 1205
868 80787 32 3 81317 498 530
909 80834 32 4 81399 533 565
98 80147 72 3 81471 1252 1324
369 80311 62 4 81583 1210 1272
320 80385 57 3 81590 1148 1205
339 80470 51 3 81591 1070 1121
888 81205 43 3 81734 486 529
792 80816 68 2 81752 868 936
184 81364 44 4 81896 488 532
994 81392 38 3 81934 504 542
222 80853 62 2 81946 1031 1093
441 81015 75 3 82021 931 1006
785 81034 74 4 82095 987 1061
509 81197 70 1 82265 998 1068
132 81198 67 4 82382 1117 1184
921 81648 20 3 82402 734 754
639 81323 76 3 82478 1079 1155
887 81784 44 3 82572 744 788
531 81787 46 3 82618 785 831
598 81352 64 3 82632 1216 1280
91 81819 45 4 82677 813 858
814 81401 57 3 82734 1276 1333
204 81474 58 3 82842 1310 1368
824 82095 33 4 82975 847 880
368 81551 85 1 83010 1374 1459
538 81552 60 4 83120 1508 1568
444 81586 62 4 83132 1484 1546
840 81593 51 2 83133 1489 1540
859 81599 61 4 83194 1534 1595
347 81698 71 3 83265 1496 1567
448 82437 38 3 83353 878 916
146 81754 100 2 83403 1549 1649
541 82558 45 4 83648 1045 1090
271 81840 100 2 83698 1758 1858
181 81957 53 3 83751 1741 1794
922 82743 40 2 83841 1058 1098
207 81961 64 2 83905 1880 1944
525 82025 56 3 84061 1980 2036
324 82069 61 4 84072 1942 2003
543 82119 70 3 84092 1903 1973
479 82140 55 3 84147 1952 2007
293 83092 50 2 84247 1105 1155
31 82300 69 3 84266 1897 1966
941 82401 67 3 84333 1865 1932
712 82436 95 4 84428 1897 1992
626 82503 76 4 84454 1875 1951
34 82504 59 4 84513 1950 2009
86 82513 93 3 84556 1950 2043
510 83534 39 2 84595 1022 1061
567 82557 66 2 84611 1988 2054
802 82678 61 3 84722 1983 2044
751 82740 54 4 84726 1932 1986
464 83757 47 3 84773 969 1016
466 82771 66 4 84889 2052 2118
805 83851 42 2 84931 1038 1080
904 82790 82 4 85013 2141 2223
997 82808 71 4 85084 2205 2276
986 82820 95 2 85129 2214 2309
889 83048 63 3 85142 2031 2094
361 83070 55 4 85197 2072 2127
644 84263 36 4 85283 984 1020
139 83191 62 4 85295 2042 2104
970 84318 47 4 85392 1027 1074
947 83230 61 3 85503 2212 2273
145 83417 71 3 85574 2086 2157
385 84534 50 3 85624 1040 1090
528 84569 44 4 85718 1105 1149
654 83613 60 3 85728 2055 2115
372 84643 42 3 85770 1085 1127
157 83666 58 2 85778 2054 2112
110 84701 33 1 85811 1077 1110
370 83817 76 3 85887 1994 2070
851 83826 67 4 85954 2061 2128
221 84888 31 1 85985 1066 1097
630 83887 58 2 85993 2048 2106
629 83930 72 4 86015 2013 2085
589 84111 75 4 86090 1904 1979
872 84193 65 3 86155 1897 1962
734 84317 68 4 86323 1938 2006
599 85325 46 4 86369 998 1044
55 85379 50 1 86469 1040 1090
866 84321 55 3 86474 2098 2153
788 84331 83 4 86507 2093 2176
200 84421 78 2 86535 2036 2114
808 85548 46 3 86581 987 1033
745 84554 58 2 86589 1977 2035
331 85648 40 3 86629 941 981
395 85665 50 4 86679 964 1014
2 84736 66 4 86695 1893 1959
371 84821 58 2 86803 1924 1982
903 85093 83 4 86836 1660 1743
64 85158 52 3 86838 1628 1680
553 86119 42 4 86880 719 761
823 85229 67 2 86897 1601 1668
691 85270 61 2 86908 1577 1638
478 85295 51 4 86959 1613 1664
303 85339 64 4 87023 1620 1684
847 86453 43 2 87166 670 713
309 86548 41 3 87207 618 659
532 85879 58 4 87265 1328 1386
702 85881 62 2 87277 1334 1396
829 86819 47 3 87424 558 605
469 86890 34 3 87508 584 618
580 86907 47 4 87555 601 648
148 86237 79 1 87584 1268 1347
771 86315 54 2 87738 1369 1423
765 86403 90 4 87778 1285 1375
350 86440 52 3 87830 1338 1390
199 86604 58 1 87938 1276 1334
114 86758 92 4 88030 1180 1272
124 86793 71 3 88051 1187 1258
760 86878 60 4 88161 1223 1283
620 86915 69 2 88180 1196 1265
934 86929 80 2 88260 1251 1331
206 86959 68 3 88278 1251 1319
573 87058 54 2 88432 1320 1374
374 87082 58 4 88440 1300 1358
409 87169 55 4 88445 1221 1276
348 87243 71 4 88516 1202 1273
926 87376 68 1 88584 1140 1208
586 88063 39 2 88623 521 560
819 87416 82 4 88705 1207 1289
489 87618 65 4 88770 1087 1152
596 88237 47 2 88867 583 630
187 88272 50 4 88917 595 645
884 87693 71 1 88938 1174 1245
351 87696 82 1 88970 1192 1274
821 87762 75 3 88995 1158 1233
920 87913 92 4 89187 1182 1274
597 88002 78 4 89315 1235 1313
956 88526 42 1 89357 789 831
762 88096 65 2 89422 1261 1326
665 88176 54 1 89426 1196 1250
446 88761 41 2 89517 715 756
504 88195 59 4 89576 1322 1381
608 88801 44 2 89620 775 819
491 88398 80 3 89800 1322 1402
501 88404 70 2 89870 1396 1466
46 88419 75 4 89895 1401 1476
804 88469 57 4 90052 1526 1583
536 88471 56 3 90108 1581 1637
311 88595 68 2 90126 1463 1531
352 88736 71 3 90247 1440 1511
716 88762 56 4 90253 1435 1491
694 89591 49 2 90352 712 761
506 88878 76 1 90378 1424 1500
813 88891 76 4 90454 1487 1563
37 88926 69 2 90473 1478 1547
197 89017 56 4 90679 1606 1662
827 89840 48 4 90727 839 887
841 89097 57 2 90784 1630 1687
879 89132 57 3 90791 1602 1659
579 89165 65 2 90856 1626 1691
833 90030 41 4 90947 876 917
932 89212 62 4 90959 1685 1747
476 89393 65 3 91024 1566 1631
219 89421 61 4 91135 1653 1714
653 90178 50 2 91185 957 1007
752 90195 46 4 91231 990 1036
44 89542 74 3 91255 1639 1713
20 90264 41 2 91296 991 1032
310 90273 46 3 91342 1023 1069
79 90335 36 4 91428 1057 1093
564 90353 42 2 91470 1075 1117
611 89630 55 4 91475 1790 1845
431 89729 57 3 91482 1696 1753
493 89745 59 4 91491 1687 1746
703 89775 64 4 91505 1666 1730
394 89793 77 4 91532 1662 1739
104 89869 74 3 91606 1663 1737
894 89976 51 3 91607 1580 1631
850 89998 94 4 91651 1559 1653
700 90123 70 3 91721 1528 1598
885 90127 56 3 91727 1544 1600
8 91060 47 4 91874 767 814
737 90168 77 1 91901 1656 1733
667 90326 54 4 92105 1725 1779
632 90680 82 4 92287 1525 1607
201 91582 48 3 92385 755 803
257 90868 62 4 92397 1467 1529
817 91039 54 3 92401 1308 1362
278 91748 30 4 92431 653 683
287 91056 63 2 92494 1375 1438
126 91080 94 2 92688 1514 1608
910 91109 53 4 92791 1629 1682
822 91145 54 3 92795 1596 1650
612 91264 69 3 92864 1531 1600
791 91397 87 2 92901 1417 1504
177 91408 69 4 92920 1443 1512
797 91519 85 4 93005 1401 1486
987 91564 65 3 93170 1541 1606
330 91749 51 4 93271 1471 1522
669 92494 36 3 93307 777 813
937 91827 57 4 93314 1430 1487
897 92523 47 3 93361 791 838
604 91873 61 3 93422 1488 1549
705 91881 70 3 93442 1491 1561
856 91916 71 4 93513 1526 1597
502 91936 82 4 93595 1577 1659
15 92005 58 3 93653 1590 1648
429 92823 36 3 93689 830 866
325 92176 73 2 93762 1513 1586
685 92218 53 3 93815 1544 1597
514 92226 61 4 93826 1539 1600
164 92264 73 2 93849 1512 1585
845 92375 74 4 93923 1474 1548
929 92410 60 3 93983 1513 1573
996 93238 36 4 94019 745 781
73 92536 75 2 94044 1433 1508
661 92638 58 4 94102 1406 1464
749 92693 71 4 94123 1359 1430
942 92752 68 4 94191 1371 1439
41 92892 80 3 94221 1249 1329
48 93691 25 2 94246 530 555
550 92997 75 2 94321 1249 1324
355 93158 76 3 94347 1113 1189
726 93176 88 4 94535 1271 1359
820 93440 66 4 94701 1195 1261
945 94077 27 4 94778 674 701
418 93571 91 3 94869 1207 1298
631 93718 67 4 95086 1301 1368
683 93874 55 2 95141 1212 1267
398 93891 52 3 95243 1300 1352
189 93904 59 2 95302 1339 1398
515 94488 32 1 95384 864 896
290 93948 67 2 95501 1486 1553
982 93966 100 1 95551 1485 1585
786 93975 53 4 95554 1526 1579
138 94060 86 1 95590 1444 1530
480 94703 49 2 95639 887 936
539 94711 29 1 95718 978 1007
335 94715 34 3 95802 1053 1087
158 94115 99 1 95901 1687 1786
766 94789 43 1 95944 1112 1155
230 94135 51 3 95995 1809 1860
883 94145 59 2 96004 1800 1859
508 94184 70 4 96024 1770 1840
768 94236 86 4 96110 1788 1874
534 95086 39 4 96199 1074 1113
625 94255 55 3 96204 1894 1949
843 94357 62 4 96266 1847 1909
188 95158 43 3 96409 1208 1251
392 94358 56 4 96515 2101 2157
426 94426 63 3 96528 2039 2102
149 94475 60 4 96538 2003 2063
709 95317 48 4 96586 1221 1269
790 95345 48 4 96684 1291 1339
651 95358 20 3 96854 1476 1496
864 94494 77 4 96881 2310 2387
571 94507 89 3 96920 2324 2413
112 95583 50 3 97070 1437 1487
968 94705 69 2 97139 2365 2434
414 94715 64 2 97203 2424 2488
828 94736 75 4 97228 2417 2492
603 95894 48 3 97276 1334 1382
722 94827 100 4 97426 2499 2599
306 94991 63 4 97489 2435 2498
961 95065 65 4 97504 2374 2439
741 95118 64 3 97568 2386 2450
458 95144 76 2 97694 2474 2550
652 95154 90 2 97784 2540 2630
512 95164 61 1 97895 2670 2731
93 95178 61 3 98006 2767 2828
283 96513 42 3 98048 1493 1535
182 96550 41 1 98089 1498 1539
544 95338 71 4 98110 2701 2772
103 95346 55 3 98215 2814 2869
818 95347 54 1 98269 2868 2922
357 95353 58 3 98277 2866 2924
134 95436 60 4 98387 2891 2951
213 95490 61 4 98448 2897 2958
546 95636 56 4 98504 2812 2868
252 97126 28 4 98532 1378 1406
815 95697 66 4 98548 2785 2851
547 95897 68 2 98716 2751 2819
555 95926 79 4 98745 2740 2819
848 97423 31 4 98826 1372 1403
490 96001 78 4 98854 2775 2853
253 97461 39 3 98943 1443 1482
1000 96118 56 2 98949 2775 2831
663 96207 63 1 99062 2792 2855
699 97603 48 3 99160 1509 1557
381 96217 85 2 99195 2893 2978
561 97668 44 1 99239 1527 1571
793 96279 69 4 99308 2960 3029
867 97783 49 4 99457 1625 1674
172 96323 55 2 99462 3084 3139
633 96367 55 3 99467 3045 3100
358 96419 65 3 99482 2998 3063
424 97928 50 4 99582 1604 1654
76 96432 90 4 99622 3100 3190
390 96603 72 4 99794 3119 3191
147 96665 90 3 99884 3129 3219
342 96713 72 4 99906 3121 3193
935 96800 70 2 100076 3206 3276
6 96913 73 4 100149 3163 3236
602 96941 71 4 100320 3308 3379
233 98394 44 4 100364 1926 1970
606 96982 64 4 100378 3332 3396
313 97157 85 1 100463 3221 3306
878 97172 86 4 100499 3241 3327
375 97245 72 3 100521 3204 3276
933 97401 53 4 100574 3120 3173
231 97435 88 3 100662 3139 3227
404 98856 42 1 100704 1806 1848
677 97526 56 2 100860 3278 3334
972 97551 73 2 100933 3309 3382
241 97595 55 2 100988 3338 3393
388 97694 62 4 101100 3344 3406
3 99285 39 3 101189 1865 1904
624 99290 43 4 101232 1899 1942
803 97703 86 4 101268 3479 3565
427 97712 52 3 101370 3606 3658
334 97920 51 4 101371 3400 3451
880 97971 100 4 101471 3400 3500
832 98003 65 3 101536 3468 3533
412 98010 64 2 101550 3476 3540
985 98130 77 4 101627 3420 3497
71 98224 95 3 101722 3403 3498
443 99919 38 4 101860 1903 1941
957 98235 61 4 101921 3625 3686
440 98239 70 2 101991 3682 3752
452 98319 80 4 102021 3622 3702
411 98334 65 4 102036 3637 3702
74 98357 73 1 102059 3629 3702
95 98380 60 3 102069 3629 3689
192 98491 79 4 102098 3528 3607
899 98702 68 4 102116 3346 3414
557 98772 54 4 102120 3294 3348
853 98869 54 4 102124 3201 3255
946 98878 66 3 102140 3196 3262
748 98903 65 4 102155 3187 3252
738 98966 76 4 102181 3139 3215
775 99046 59 4 102190 3085 3144
568 99150 52 3 102192 2990 3042
807 99203 53 1 102195 2939 2992
511 99261 70 1 102215 2884 2954
981 99341 58 4 102223 2824 2882
756 99354 65 1 102238 2819 2884
30 99552 68 3 102256 2636 2704
442 99643 86 4 102292 2563 2649
343 99760 79 3 102321 2482 2561
587 99827 92 3 102363 2444 2536
719 99913 53 4 102366 2400 2453
227 99917 86 3 102402 2399 2485
25 99953 90 4 102442 2399 2489
416 99986 60 1 102452 2406 2466
