100349 1000 105 58
720 2594 92 4 2686 0 92
670 4283 57 3 4340 0 57
783 5836 64 3 5900 0 64
660 7667 85 1 7752 0 85
963 10213 48 4 10261 0 48
931 10874 57 4 10931 0 57
7 11190 23 3 11213 0 23
487 12109 20 3 12129 0 20
68 12401 74 3 12475 0 74
735 12676 56 1 12732 0 56
985 13475 22 4 13497 0 22
346 14783 85 3 14868 0 85
918 14962 32 4 14994 0 32
753 15039 69 4 15108 0 69
535 15073 50 2 15159 36 86
486 15208 65 1 15273 0 65
943 15889 25 4 15914 0 25
195 16128 31 3 16159 0 31
892 16879 40 2 16919 0 40
825 17036 43 2 17079 0 43
16 17038 25 4 17105 42 67
637 17234 28 2 17262 0 28
682 17266 34 1 17300 0 34
385 17441 35 2 17476 0 35
55 18207 59 2 18266 0 59
600 18489 43 3 18532 0 43
755 19106 48 3 19154 0 48
204 19300 30 2 19330 0 30
261 19335 75 1 19410 0 75
420 19379 33 3 19444 32 65
368 19539 61 3 19600 0 61
434 19634 48 2 19682 0 48
322 19769 48 3 19817 0 48
692 19778 39 4 19857 40 79
61 20032 53 4 20085 0 53
296 20257 70 2 20327 0 70
290 20889 83 4 20972 0 83
499 20959 31 3 21004 14 45
843 21399 22 3 21421 0 22
365 21476 47 2 21523 0 47
221 21757 25 2 21782 0 25
311 21972 75 3 22047 0 75
136 22510 51 2 22561 0 51
747 22679 52 3 22731 0 52
830 22762 57 4 22819 0 57
143 23090 46 2 23136 0 46
769 23318 84 1 23402 0 84
324 23389 24 4 23427 14 38
865 23454 27 3 23481 0 27
767 24278 34 3 24312 0 34
826 24289 40 3 24353 24 64
687 24520 48 4 24568 0 48
161 24608 45 3 24653 0 45
496 25037 58 3 25095 0 58
139 25196 73 2 25269 0 73
596 25508 39 3 25547 0 39
78 25590 28 2 25618 0 28
167 25846 81 3 25927 0 81
605 25960 63 4 26023 0 63
458 26187 27 4 26214 0 27
18 26426 27 2 26453 0 27
522 26553 31 4 26584 0 31
47 26816 32 4 26848 0 32
400 26818 30 2 26879 31 61
312 26860 48 4 26928 20 68
163 27046 78 4 27124 0 78
87 27142 23 2 27165 0 23
697 27152 45 4 27211 14 59
903 27297 21 4 27318 0 21
182 27427 66 3 27493 0 66
698 28042 40 4 28082 0 40
132 28227 75 1 28302 0 75
648 28373 73 4 28446 0 73
754 28754 40 4 28794 0 40
958 28807 66 2 28873 0 66
441 28821 54 4 28928 53 107
155 28970 61 4 29031 0 61
574 29164 49 2 29213 0 49
771 29289 38 4 29327 0 38
284 29297 39 1 29367 31 70
121 29367 31 2 29399 1 32
334 29415 23 3 29438 0 23
859 29440 28 1 29468 0 28
314 29725 72 4 29797 0 72
15 29857 34 4 29891 0 34
115 30259 60 4 30319 0 60
473 30416 56 4 30472 0 56
249 30418 48 4 30521 55 103
749 30539 71 4 30610 0 71
387 30602 81 2 30692 9 90
62 30641 85 3 30778 52 137
401 30752 68 3 30847 27 95
935 31141 20 4 31161 0 20
800 31337 56 4 31393 0 56
135 31434 75 1 31509 0 75
551 31576 29 3 31605 0 29
777 31605 92 3 31698 1 93
22 31741 81 3 31822 0 81
740 31959 33 1 31992 0 33
333 32243 51 4 32294 0 51
371 32344 66 1 32410 0 66
866 32486 42 3 32528 0 42
3 32569 25 3 32594 0 25
207 32759 36 4 32795 0 36
74 32775 22 4 32818 21 43
993 33254 40 3 33294 0 40
924 33517 66 3 33583 0 66
758 33912 58 4 33970 0 58
654 34104 22 4 34126 0 22
638 34143 63 3 34206 0 63
604 34450 72 4 34522 0 72
895 34583 43 3 34626 0 43
916 34646 41 4 34687 0 41
932 34925 21 2 34946 0 21
14 35086 66 4 35152 0 66
584 35201 20 1 35221 0 20
223 35241 45 1 35286 0 45
741 35345 32 3 35377 0 32
389 35619 27 4 35646 0 27
35 35637 32 1 35679 10 42
254 35917 55 3 35972 0 55
663 36006 48 3 36054 0 48
882 36244 38 1 36282 0 38
589 36348 73 4 36421 0 73
416 36356 39 4 36461 66 105
210 36366 27 3 36488 95 122
796 36419 39 3 36527 69 108
272 36496 21 4 36549 32 53
542 36623 36 3 36659 0 36
898 36625 82 1 36742 35 117
289 36745 52 1 36797 0 52
129 36930 64 3 36994 0 64
491 36933 54 3 37049 62 116
820 37039 41 3 37091 11 52
381 37059 30 2 37122 33 63
492 37146 41 2 37187 0 41
823 37193 24 3 37217 0 24
447 37377 74 2 37451 0 74
707 37750 28 2 37778 0 28
586 37921 44 3 37965 0 44
173 38199 27 1 38226 0 27
419 38666 43 3 38709 0 43
900 38773 73 3 38846 0 73
374 38819 31 4 38878 28 59
988 38949 28 4 38977 0 28
33 39178 41 4 39219 0 41
315 39190 32 4 39252 30 62
961 39214 37 1 39289 38 75
146 39398 46 4 39444 0 46
198 39479 44 3 39523 0 44
837 39693 60 4 39753 0 60
675 39742 83 4 39837 12 95
510 39801 41 3 39879 37 78
39 39861 59 2 39939 19 78
443 39871 28 2 39967 68 96
969 40090 50 4 40140 0 50
553 40177 23 2 40200 0 23
853 40374 44 3 40418 0 44
804 40440 64 4 40504 0 64
833 40463 69 3 40574 42 111
672 40476 45 3 40619 98 143
147 40716 70 4 40786 0 70
482 40861 24 4 40885 0 24
889 41244 21 4 41265 0 21
273 41427 49 4 41476 0 49
851 41474 43 4 41520 3 46
657 41929 35 4 41964 0 35
508 42038 22 4 42060 0 22
326 42202 46 4 42248 0 46
869 42463 62 4 42525 0 62
849 42503 23 1 42549 23 46
549 42720 58 2 42778 0 58
620 42795 29 3 42824 0 29
112 42925 25 4 42950 0 25
117 43409 35 4 43444 0 35
948 43557 66 4 43623 0 66
101 43872 79 3 43951 0 79
410 43874 65 3 44017 78 143
43 43981 20 3 44038 37 57
531 44013 33 4 44071 25 58
304 44035 48 2 44120 37 85
539 44104 34 3 44155 17 51
685 44144 36 2 44192 12 48
325 44149 76 3 44268 43 119
52 44374 36 2 44410 0 36
470 44416 23 4 44439 0 23
34 44453 87 2 44540 0 87
448 44527 54 4 44595 14 68
77 44570 32 3 44628 26 58
500 44678 32 4 44710 0 32
616 44734 84 2 44818 0 84
581 44797 24 2 44843 22 46
462 45358 58 1 45416 0 58
588 45378 58 3 45475 39 97
187 45445 75 4 45551 31 106
485 45504 44 3 45596 48 92
97 45653 49 3 45702 0 49
505 45663 60 3 45763 40 100
489 45827 25 3 45852 0 25
688 45834 29 4 45882 19 48
923 45845 52 3 45934 37 89
949 45856 42 4 45977 79 121
787 45936 24 3 46002 42 66
632 45997 62 1 46065 6 68
471 46033 58 3 46124 33 91
474 46144 28 3 46172 0 28
879 46221 27 3 46248 0 27
977 46611 45 4 46656 0 45
237 46648 68 2 46725 9 77
994 46744 37 3 46781 0 37
344 47041 34 4 47075 0 34
488 47074 59 1 47135 2 61
781 47190 89 1 47279 0 89
459 47244 56 4 47336 36 92
452 47506 47 4 47553 0 47
472 47517 22 2 47576 37 59
525 47545 25 2 47601 31 56
693 47724 40 2 47764 0 40
566 47893 37 3 47930 0 37
982 47985 35 3 48020 0 35
41 48070 87 4 48157 0 87
506 48327 21 1 48348 0 21
122 48383 40 2 48423 0 40
287 48482 25 3 48507 0 25
713 48590 53 2 48643 0 53
938 48608 23 2 48667 36 59
951 48780 24 4 48804 0 24
395 48884 23 4 48907 0 23
303 48971 25 3 48996 0 25
813 49113 58 4 49171 0 58
468 49163 46 2 49218 9 55
965 49169 26 3 49244 49 75
712 49196 41 4 49286 49 90
313 49222 47 4 49333 64 111
921 49535 32 3 49567 0 32
235 49608 79 3 49687 0 79
906 49635 55 1 49743 53 108
148 49808 30 4 49838 0 30
563 49828 53 4 49892 11 64
404 50195 41 1 50236 0 41
10 50357 42 4 50399 0 42
431 50370 66 1 50466 30 96
552 50383 32 2 50498 83 115
81 50393 64 3 50562 105 169
650 50500 48 2 50611 63 111
243 50620 34 4 50654 0 34
513 50834 46 3 50880 0 46
483 50898 43 3 50941 0 43
53 51136 86 4 51222 0 86
567 51174 56 1 51279 49 105
936 51206 35 2 51314 73 108
265 51298 49 2 51364 17 66
127 51338 31 4 51396 27 58
891 51411 92 3 51503 0 92
641 51549 46 3 51595 0 46
464 51630 21 4 51651 0 21
699 51651 63 2 51715 1 64
642 51654 86 4 51802 62 148
213 51669 96 3 51898 133 229
168 51731 69 4 51968 168 237
212 51747 38 2 52006 221 259
26 51800 56 3 52062 206 262
839 51821 69 2 52131 241 310
677 51934 32 2 52164 198 230
683 51944 65 4 52229 220 285
440 51949 46 3 52275 280 326
793 52033 41 1 52316 242 283
945 52196 53 3 52370 121 174
114 52396 57 1 52453 0 57
32 52582 33 4 52615 0 33
370 52815 40 4 52855 0 40
751 53165 40 2 53205 0 40
379 53260 84 4 53344 0 84
803 53341 53 1 53398 4 57
181 53510 84 4 53594 0 84
478 53521 30 2 53625 74 104
104 53555 81 2 53706 70 151
192 53568 66 4 53772 138 204
108 53752 57 3 53830 21 78
469 53766 60 4 53890 64 124
503 53822 45 3 53936 69 114
855 53945 48 2 53993 0 48
270 54061 55 3 54116 0 55
224 54217 83 4 54300 0 83
875 54236 21 2 54322 65 86
230 54279 44 3 54366 43 87
362 54384 32 4 54416 0 32
172 54419 60 1 54479 0 60
757 54449 68 2 54548 31 99
363 54476 23 2 54571 72 95
429 54784 39 4 54823 0 39
550 54814 68 4 54892 10 78
380 55014 50 3 55064 0 50
635 55036 75 4 55140 29 104
421 55070 61 3 55202 71 132
57 55312 60 4 55372 0 60
730 55380 31 4 55411 0 31
664 55391 70 3 55482 21 91
818 55534 32 3 55566 0 32
211 55619 48 4 55667 0 48
323 55717 47 4 55764 0 47
999 55748 71 2 55836 17 88
206 56024 21 3 56045 0 21
274 56077 85 4 56162 0 85
809 56129 43 3 56206 34 77
795 56167 68 3 56275 40 108
913 56185 57 1 56332 90 147
524 56276 39 2 56372 57 96
806 56287 71 3 56443 85 156
520 56746 20 4 56766 0 20
575 56885 22 4 56907 0 22
738 57009 63 2 57072 0 63
608 57029 35 4 57108 44 79
710 57105 55 1 57164 4 59
28 57109 52 4 57216 55 107
42 57243 56 3 57299 0 56
263 57429 66 3 57495 0 66
160 57591 71 4 57662 0 71
893 57614 79 3 57742 49 128
9 57662 72 3 57814 80 152
734 57857 28 4 57885 0 28
773 57882 86 2 57972 4 90
881 58117 51 3 58168 0 51
359 58169 49 4 58218 0 49
547 58504 39 3 58543 0 39
669 58582 28 2 58610 0 28
521 58964 28 1 58992 0 28
138 58986 26 1 59019 7 33
990 59015 43 3 59063 5 48
267 59208 35 1 59243 0 35
762 59240 44 2 59288 4 48
684 59302 79 2 59381 0 79
628 59335 62 4 59444 47 109
790 59494 79 4 59573 0 79
937 59499 35 3 59609 75 110
580 59592 34 2 59644 18 52
840 59605 72 3 59716 39 111
876 59753 46 2 59799 0 46
352 59855 83 4 59938 0 83
450 59859 29 4 59968 80 109
991 59875 35 4 60003 93 128
728 59918 47 3 60050 85 132
922 59929 20 4 60070 121 141
583 59932 35 4 60105 138 173
444 59972 73 2 60179 134 207
590 59975 44 3 60223 204 248
704 60141 51 3 60275 83 134
557 60221 46 2 60321 54 100
639 60227 69 4 60391 95 164
149 60301 79 3 60470 90 169
526 60308 31 3 60501 162 193
794 60322 57 3 60558 179 236
612 60362 72 4 60631 197 269
745 60467 66 4 60697 164 230
888 60643 47 4 60745 55 102
946 60711 59 3 60805 35 94
291 60728 35 4 60840 77 112
376 60741 73 3 60913 99 172
457 60802 61 4 60975 112 173
445 61009 47 3 61056 0 47
560 61021 58 4 61115 36 94
269 61060 46 4 61162 56 102
883 61176 54 3 61230 0 54
319 61241 42 4 61283 0 42
203 61259 21 2 61305 25 46
896 61412 56 1 61468 0 56
189 61480 27 3 61507 0 27
681 61489 62 3 61570 19 81
197 61499 38 4 61608 71 109
746 61503 40 2 61648 105 145
218 61519 54 3 61703 130 184
987 61536 54 4 61757 167 221
543 61566 83 4 61840 191 274
480 61569 49 4 61889 271 320
202 61591 32 4 61921 298 330
810 61615 20 3 61941 306 326
8 61776 81 2 62023 166 247
45 61890 54 4 62077 133 187
392 61902 25 2 62102 175 200
106 61968 26 4 62129 135 161
731 62009 73 1 62202 120 193
157 62014 27 3 62229 188 215
193 62144 24 4 62254 86 110
476 62358 26 2 62384 0 26
564 62371 40 3 62425 14 54
772 62481 30 2 62511 0 30
151 62568 44 2 62612 0 44
711 62706 71 4 62777 0 71
976 62828 44 4 62872 0 44
350 63021 72 4 63093 0 72
721 63047 30 3 63124 47 77
330 63075 28 3 63152 49 77
227 63173 85 4 63258 0 85
348 63174 33 3 63292 85 118
48 63192 42 2 63334 100 142
250 63266 43 2 63378 69 112
911 63321 35 3 63413 57 92
518 63713 21 3 63734 0 21
954 63798 53 3 63851 0 53
860 63999 66 2 64065 0 66
239 64111 57 3 64168 0 57
645 64159 71 4 64240 10 81
884 64273 44 4 64317 0 44
88 64323 23 4 64346 0 23
116 64330 26 3 64373 17 43
799 64351 21 3 64395 23 44
64 64361 59 4 64454 34 93
797 64387 53 1 64508 68 121
399 64391 84 3 64592 117 201
585 64397 42 3 64634 195 237
490 64405 68 2 64702 229 297
390 64557 45 4 64748 146 191
83 64609 46 4 64794 139 185
70 64716 83 3 64878 79 162
914 64739 49 4 64927 139 188
887 64839 32 2 64960 89 121
925 64867 45 4 65005 93 138
857 65029 38 4 65067 0 38
848 65083 24 1 65107 0 24
234 65095 24 1 65132 13 37
36 65145 32 4 65177 0 32
438 65167 48 4 65226 11 59
862 65191 91 4 65318 36 127
577 65284 59 3 65378 35 94
928 65293 53 3 65431 85 138
413 65350 36 2 65468 82 118
847 65411 78 4 65546 57 135
975 65435 22 3 65569 112 134
124 65511 79 3 65648 58 137
2 65513 23 3 65671 135 158
858 65686 76 3 65762 0 76
30 65748 53 3 65816 15 68
383 66017 41 3 66058 0 41
185 66053 42 4 66101 6 48
82 66112 57 4 66169 0 57
111 66121 77 3 66247 49 126
495 66136 91 1 66338 111 202
956 66212 53 4 66392 127 180
24 66220 28 2 66420 172 200
484 66416 76 4 66497 5 81
292 66495 60 1 66558 3 63
532 66509 52 2 66611 50 102
545 66545 65 4 66676 66 131
279 66638 31 3 66708 39 70
750 66727 34 2 66761 0 34
655 66729 50 3 66812 33 83
437 66768 20 3 66833 45 65
236 66922 46 3 66968 0 46
634 67078 59 4 67137 0 59
700 67079 47 2 67185 59 106
248 67093 61 2 67246 92 153
846 67108 87 3 67333 138 225
217 67111 51 4 67384 222 273
569 67117 24 4 67408 267 291
838 67294 44 3 67453 115 159
964 67311 69 1 67522 142 211
512 67464 70 1 67593 59 129
231 67476 55 4 67648 117 172
679 67521 24 2 67672 127 151
509 67540 32 4 67705 133 165
511 67587 43 4 67748 118 161
262 67832 82 3 67914 0 82
295 67849 52 3 67967 66 118
910 67874 27 2 67994 93 120
739 67989 22 3 68017 6 28
822 68075 51 3 68126 0 51
338 68100 89 3 68216 27 116
280 68122 34 3 68250 94 128
320 68218 54 4 68305 33 87
752 68441 71 3 68512 0 71
29 68449 70 1 68583 64 134
271 68494 61 4 68644 89 150
651 68506 29 1 68673 138 167
332 68663 59 4 68733 11 70
617 68723 40 4 68774 11 51
514 68830 30 3 68860 0 30
378 68946 34 3 68980 0 34
412 69049 87 4 69136 0 87
927 69054 64 4 69201 83 147
850 69333 35 2 69368 0 35
4 69390 43 4 69433 0 43
597 69552 30 4 69582 0 30
134 69616 78 1 69694 0 78
66 69669 28 4 69723 26 54
95 69800 24 4 69824 0 24
502 69965 45 1 70010 0 45
625 70163 24 2 70187 0 24
406 70180 52 3 70240 8 60
780 70237 25 1 70266 4 29
868 70384 86 4 70470 0 86
668 70499 63 2 70562 0 63
808 70632 92 4 70724 0 92
917 70757 56 2 70813 0 56
555 70819 32 3 70851 0 32
6 70855 74 4 70929 0 74
85 70916 28 2 70958 14 42
920 70938 43 4 71002 21 64
283 70946 40 4 71042 56 96
463 70965 75 2 71118 78 153
92 71036 41 4 71159 82 123
941 71044 36 4 71196 116 152
939 71242 34 3 71276 0 34
613 71285 29 3 71314 0 29
582 71370 72 4 71442 0 72
90 71493 24 1 71517 0 24
798 71511 56 3 71574 7 63
84 71556 28 3 71603 19 47
610 71573 26 4 71629 30 56
676 71622 24 3 71654 8 32
970 71731 20 3 71751 0 20
442 71739 71 3 71823 13 84
959 71860 52 3 71912 0 52
831 71903 84 3 71997 10 94
479 71916 36 4 72034 82 118
556 72002 20 3 72055 33 53
455 72129 68 4 72197 0 68
456 72176 42 3 72240 22 64
972 72189 34 4 72274 51 85
109 72219 92 4 72367 56 148
356 72399 60 4 72459 0 60
926 72412 43 3 72503 48 91
842 72418 40 3 72543 85 125
786 72561 21 3 72582 0 21
51 72567 32 4 72615 16 48
177 72589 26 2 72642 27 53
208 72684 34 4 72718 0 34
538 72796 71 4 72867 0 71
275 72953 58 3 73011 0 58
722 72987 56 4 73068 25 81
417 73145 58 3 73203 0 58
983 73301 49 4 73350 0 49
335 73337 39 2 73390 14 53
103 73441 54 4 73495 0 54
515 73459 36 4 73532 37 73
658 73474 35 4 73567 58 93
696 73603 82 4 73685 0 82
706 73706 39 4 73745 0 39
427 73725 35 4 73781 21 56
225 73866 40 3 73906 0 40
246 73967 20 4 73987 0 20
611 74036 56 4 74092 0 56
863 74102 79 4 74181 0 79
113 74120 87 4 74269 62 149
984 74153 38 2 74307 116 154
827 74184 68 4 74376 124 192
69 74191 53 2 74429 185 238
102 74248 31 3 74460 181 212
942 74276 29 4 74489 184 213
293 74291 55 4 74544 198 253
871 74312 53 3 74598 233 286
594 74320 34 4 74632 278 312
715 74359 36 2 74668 273 309
558 74464 23 3 74691 204 227
768 74543 55 2 74746 148 203
778 74576 27 4 74774 171 198
125 74603 58 3 74832 171 229
425 74655 84 3 74916 177 261
266 74723 73 2 74989 193 266
674 74782 69 2 75059 208 277
347 74810 45 2 75104 249 294
98 74913 40 4 75144 191 231
44 74987 83 3 75227 157 240
301 75029 21 4 75249 199 220
997 75042 44 4 75293 207 251
744 75340 28 3 75368 0 28
523 75398 20 4 75418 0 20
107 75406 60 1 75479 13 73
686 75414 29 4 75508 65 94
343 75436 32 4 75541 73 105
649 75483 80 3 75621 58 138
133 75533 43 3 75665 89 132
541 75603 42 4 75707 62 104
536 75628 32 4 75740 80 112
570 75740 20 4 75761 1 21
666 75777 74 4 75851 0 74
573 75793 27 3 75879 59 86
886 75928 34 3 75962 0 34
461 75976 37 4 76013 0 37
759 76065 26 3 76091 0 26
591 76075 50 3 76142 17 67
241 76150 39 1 76189 0 39
817 76160 56 4 76246 30 86
128 76265 43 1 76308 0 43
618 76290 72 4 76381 19 91
341 76293 22 4 76403 88 110
689 76295 63 2 76466 108 171
31 76367 29 2 76496 100 129
294 76430 27 3 76523 66 93
968 76511 49 4 76573 13 62
908 76567 41 2 76615 7 48
801 76786 35 2 76821 0 35
281 76794 27 4 76849 28 55
38 76832 60 3 76910 18 78
409 76837 21 3 76931 73 94
403 76846 68 3 76999 85 153
870 76872 57 3 77057 128 185
12 76960 21 4 77078 97 118
565 77159 25 3 77184 0 25
678 77384 27 3 77411 0 27
72 77439 57 4 77496 0 57
504 77484 66 2 77563 13 79
436 77528 30 2 77594 36 66
727 77534 40 3 77634 60 100
919 77543 50 4 77684 91 141
955 77608 53 1 77738 77 130
126 77629 48 3 77786 109 157
349 77687 37 4 77824 100 137
844 77694 48 2 77872 130 178
622 77806 80 1 77953 67 147
158 78034 79 2 78113 0 79
703 78047 76 3 78190 67 143
779 78109 41 2 78231 81 122
65 78119 42 2 78274 113 155
373 78264 52 3 78327 11 63
816 78278 30 4 78358 50 80
643 78324 32 2 78390 34 66
233 78368 22 3 78413 23 45
342 78376 54 4 78467 37 91
253 78406 31 3 78499 62 93
58 78463 27 4 78526 36 63
214 78568 40 4 78608 0 40
56 78647 42 2 78689 0 42
130 78673 65 3 78755 17 82
978 78817 33 4 78850 0 33
388 78898 33 2 78931 0 33
159 79098 66 3 79164 0 66
264 79107 89 4 79254 58 147
776 79153 25 4 79279 101 126
726 79404 41 2 79445 0 41
705 79430 32 4 79478 16 48
96 79635 25 1 79660 0 25
46 79734 60 3 79794 0 60
357 79741 26 2 79821 54 80
856 79768 58 3 79879 53 111
238 79928 43 1 79971 0 43
255 80056 46 3 80102 0 46
562 80060 60 3 80163 43 103
201 80063 69 3 80232 100 169
397 80076 57 4 80289 156 213
73 80157 33 4 80323 133 166
286 80216 31 1 80354 107 138
358 80330 45 2 80400 25 70
257 80564 48 4 80612 0 48
1000 80761 40 1 80801 0 40
603 80834 50 3 80884 0 50
80 80925 79 2 81004 0 79
184 80942 45 2 81050 63 108
396 80988 42 4 81092 62 104
962 81039 76 3 81169 54 130
369 81065 88 2 81257 104 192
258 81115 28 3 81286 143 171
219 81213 34 4 81320 73 107
623 81269 60 4 81381 52 112
979 81296 27 4 81408 85 112
770 81306 57 4 81465 102 159
435 81388 27 1 81493 78 105
742 81399 23 1 81516 94 117
554 81440 52 3 81568 76 128
716 81489 30 4 81599 80 110
37 81502 21 1 81620 97 118
446 81538 64 2 81684 82 146
282 81573 28 2 81713 112 140
909 81587 42 4 81755 126 168
386 81603 51 2 81806 152 203
601 81658 24 4 81830 148 172
967 81818 74 1 81905 13 87
782 81819 34 4 81939 86 120
912 81825 41 3 81980 114 155
277 81896 59 4 82040 85 144
640 82080 63 4 82143 0 63
215 82133 76 4 82220 11 87
475 82171 23 4 82244 50 73
723 82182 78 4 82322 62 140
527 82357 23 2 82380 0 23
957 82380 41 4 82422 1 42
50 82437 74 4 82511 0 74
339 82513 20 1 82533 0 20
216 82525 21 4 82555 9 30
232 82536 44 3 82600 20 64
119 82543 29 1 82629 57 86
934 82558 22 3 82652 72 94
288 82625 48 3 82700 27 75
841 82720 33 2 82753 0 33
13 82750 32 2 82786 4 36
901 82786 24 4 82811 1 25
276 82799 44 3 82856 13 57
980 82808 41 4 82897 48 89
247 82823 47 1 82945 75 122
729 82876 20 4 82965 69 89
630 83027 66 4 83093 0 66
307 83032 63 4 83157 62 125
196 83048 52 4 83209 109 161
615 83061 55 4 83264 148 203
673 83092 56 3 83320 172 228
717 83133 23 3 83344 188 211
878 83216 24 3 83368 128 152
607 83249 49 4 83417 119 168
259 83268 40 4 83457 149 189
228 83298 69 4 83526 159 228
451 83358 24 4 83551 169 193
627 83375 34 2 83585 176 210
695 83404 82 2 83667 181 263
493 83547 47 4 83715 121 168
763 83597 32 4 83747 118 150
99 83599 60 4 83807 148 208
131 83720 55 3 83863 88 143
244 83766 63 2 83926 97 160
568 83801 68 3 83994 125 193
375 83838 34 3 84029 157 191
579 83960 92 3 84121 69 161
328 84002 44 3 84166 120 164
760 84006 84 3 84250 160 244
905 84031 35 4 84285 219 254
788 84039 64 2 84349 246 310
548 84052 20 3 84369 297 317
430 84154 36 4 84406 216 252
691 84253 57 3 84463 153 210
5 84279 65 4 84528 184 249
140 84357 42 4 84570 171 213
54 84386 31 2 84602 185 216
366 84462 66 2 84668 140 206
89 84562 25 2 84693 106 131
599 84673 39 4 84733 21 60
302 84675 90 4 84823 58 148
361 84679 20 2 84843 144 164
329 84712 23 3 84867 132 155
719 84852 25 4 84893 16 41
631 84880 74 4 84968 14 88
930 84941 22 3 84991 28 50
164 85024 37 4 85061 0 37
944 85197 38 3 85235 0 38
498 85208 44 3 85280 28 72
497 85248 21 1 85302 33 54
517 85268 36 3 85338 34 70
308 85320 96 4 85435 19 115
205 85492 35 3 85527 0 35
854 85528 30 2 85558 0 30
382 85592 24 1 85616 0 24
178 85613 34 3 85651 4 38
835 85676 32 3 85708 0 32
199 85873 69 4 85942 0 69
165 85938 72 4 86015 5 77
829 85968 51 4 86067 48 99
974 86008 27 3 86094 59 86
384 86095 68 2 86163 0 68
318 86187 48 2 86235 0 48
602 86202 50 3 86286 34 84
885 86220 83 4 86369 66 149
354 86323 29 1 86399 47 76
593 86375 44 4 86444 25 69
418 86405 91 4 86536 40 131
761 86475 22 2 86559 62 84
454 86606 26 2 86632 0 26
644 86624 21 4 86654 9 30
150 86644 26 4 86681 11 37
364 86646 52 3 86733 35 87
162 86660 59 2 86793 74 133
702 86780 54 3 86848 14 68
680 86796 80 4 86929 53 133
402 86861 25 4 86955 69 94
268 86863 55 4 87010 92 147
229 86883 39 4 87049 127 166
209 86895 39 4 87088 154 193
336 86907 65 2 87153 181 246
950 86934 70 4 87224 220 290
316 86939 72 3 87296 285 357
708 87087 38 4 87334 209 247
802 87125 43 2 87377 209 252
398 87174 40 4 87418 204 244
811 87263 26 1 87444 155 181
621 87292 39 4 87483 152 191
93 87385 57 3 87541 99 156
100 87421 82 4 87623 120 202
947 87436 36 4 87659 187 223
872 87437 86 3 87745 222 308
433 87488 60 4 87806 258 318
63 87506 46 3 87852 300 346
467 87517 52 3 87904 335 387
904 87600 28 4 87932 304 332
540 87664 49 2 87981 268 317
996 87670 22 3 88003 311 333
407 87679 35 3 88038 324 359
907 87723 62 3 88100 315 377
423 87800 41 3 88142 301 342
25 88077 41 2 88183 65 106
40 88336 37 3 88373 0 37
154 88379 64 4 88443 0 64
834 88445 40 2 88485 0 40
405 88449 21 2 88507 37 58
449 88493 60 4 88568 15 75
86 88523 20 2 88589 46 66
226 88539 34 3 88623 50 84
141 88572 26 4 88650 52 78
415 88596 38 4 88688 54 92
183 88634 38 3 88727 55 93
992 88655 23 4 88750 72 95
145 88729 44 3 88795 22 66
614 88763 27 4 88823 33 60
152 88790 46 2 88869 33 79
953 88800 24 4 88894 70 94
995 88841 73 4 88967 53 126
306 88843 52 4 89019 124 176
123 89033 65 4 89098 0 65
67 89173 30 3 89203 0 30
477 89176 30 1 89234 28 58
252 89233 54 4 89289 2 56
659 89303 21 3 89324 0 21
94 89311 54 4 89379 14 68
952 89443 51 2 89494 0 51
690 89470 82 3 89577 25 107
595 89591 95 3 89686 0 95
592 89748 27 1 89775 0 27
439 89868 48 2 89916 0 48
766 90049 35 2 90084 0 35
340 90114 66 1 90180 0 66
902 90268 22 4 90290 0 22
897 90304 23 4 90327 0 23
317 90325 60 3 90388 3 63
789 90355 48 4 90437 34 82
812 90381 36 4 90473 56 92
27 90453 41 4 90515 21 62
633 90493 63 4 90579 23 86
426 90624 34 3 90658 0 34
533 90722 63 3 90785 0 63
507 90747 62 3 90848 39 101
175 90770 57 3 90905 78 135
609 90814 30 3 90936 92 122
656 90894 68 2 91004 42 110
559 90903 58 3 91062 101 159
662 90931 25 3 91088 132 157
624 90948 23 4 91111 140 163
587 91038 42 4 91153 73 115
501 91138 56 4 91210 16 72
819 91248 52 1 91300 0 52
118 91251 72 2 91373 50 122
571 91407 40 4 91447 0 40
785 91487 40 4 91527 0 40
465 91547 46 4 91593 0 46
864 91671 24 2 91695 0 24
516 91676 32 4 91728 20 52
310 91741 25 4 91766 0 25
940 91759 67 2 91834 8 75
300 91776 42 2 91877 59 101
652 91782 80 2 91957 95 175
377 91800 30 4 91987 157 187
791 91817 39 2 92026 170 209
701 91821 27 2 92053 205 232
748 91826 49 4 92102 227 276
11 91844 22 4 92125 259 281
194 91933 46 3 92171 192 238
867 91981 48 4 92219 190 238
561 91987 22 2 92241 232 254
23 92019 22 3 92263 222 244
960 92056 35 3 92298 207 242
544 92123 62 3 92361 176 238
256 92224 28 2 92389 137 165
647 92299 38 4 92427 90 128
824 92332 72 3 92500 96 168
137 92439 32 4 92533 62 94
428 92567 29 3 92596 0 29
736 92603 70 4 92673 0 70
360 92725 51 4 92776 0 51
832 92762 47 4 92824 15 62
297 92778 31 4 92856 47 78
629 92887 74 2 92961 0 74
828 92944 77 2 93039 18 95
180 92961 45 4 93084 78 123
852 92967 82 2 93167 118 200
169 92987 43 1 93210 180 223
353 93205 32 1 93243 6 38
718 93232 85 3 93329 12 97
345 93282 42 2 93372 48 90
653 93304 55 4 93427 68 123
49 93683 22 4 93705 0 22
170 93710 26 4 93736 0 26
572 93802 20 4 93822 0 20
153 93937 23 3 93960 0 23
890 93951 32 4 93993 10 42
337 93951 22 2 94015 42 64
110 93960 58 4 94073 55 113
285 94134 43 4 94177 0 43
756 94164 64 4 94242 14 78
530 94166 22 3 94264 76 98
529 94178 35 4 94299 86 121
880 94188 63 1 94363 112 175
176 94229 62 4 94425 134 196
372 94230 46 4 94471 195 241
861 94299 56 3 94527 172 228
694 94353 31 4 94559 175 206
929 94613 44 3 94657 0 44
877 94626 65 2 94723 32 97
171 94627 69 3 94792 96 165
1 94693 66 3 94859 100 166
166 94842 31 3 94891 18 49
21 94871 28 1 94920 21 49
424 94884 38 2 94958 36 74
60 94930 23 3 94982 29 52
367 94957 35 4 95017 25 60
251 94988 37 1 95055 30 67
737 95074 28 4 95102 0 28
606 95128 51 2 95179 0 51
327 95145 51 4 95231 35 86
91 95368 77 3 95445 0 77
393 95588 36 4 95624 0 36
725 95588 45 3 95669 36 81
915 95701 28 4 95729 0 28
626 95748 74 2 95822 0 74
411 95789 22 4 95845 34 56
874 95795 24 3 95869 50 74
743 95801 74 3 95943 68 142
709 95859 46 4 95990 85 131
220 95860 28 4 96018 130 158
144 96128 22 2 96150 0 22
190 96162 77 2 96239 0 77
845 96170 41 4 96281 70 111
805 96188 41 4 96322 93 134
578 96188 25 4 96347 134 159
815 96194 36 4 96383 153 189
724 96230 40 3 96423 153 193
355 96268 25 4 96449 156 181
671 96290 35 2 96484 159 194
76 96297 63 1 96547 187 250
422 96431 52 4 96600 117 169
792 96471 25 3 96625 129 154
981 96515 49 4 96674 110 159
299 96572 27 3 96702 103 130
933 96677 51 4 96754 26 77
240 96733 68 3 96823 22 90
765 96773 25 4 96849 51 76
331 96806 70 1 96919 43 113
733 96844 30 4 96950 76 106
186 96867 56 3 97006 83 139
764 96889 90 1 97096 117 207
391 96895 38 3 97134 201 239
774 96965 57 3 97192 170 227
17 97043 65 3 97257 149 214
971 97064 58 4 97315 193 251
494 97122 22 3 97337 193 215
260 97123 29 3 97366 214 243
775 97208 36 1 97403 159 195
19 97294 73 4 97476 109 182
414 97357 25 3 97501 119 144
242 97380 77 1 97579 122 199
453 97438 63 4 97642 141 204
598 97488 42 4 97684 154 196
75 97489 29 3 97713 195 224
576 97569 28 3 97742 145 173
174 97613 43 4 97785 129 172
732 97615 44 3 97829 170 214
20 97635 27 3 97856 194 221
460 97667 36 4 97892 189 225
899 97786 41 4 97934 107 148
619 97801 27 4 97961 133 160
105 97804 24 1 97985 157 181
784 97848 61 2 98046 137 198
351 97944 52 3 98099 103 155
142 98036 55 3 98154 63 118
873 98073 72 2 98227 82 154
534 98077 30 4 98257 150 180
807 98145 26 3 98283 112 138
973 98200 46 4 98330 84 130
986 98235 49 4 98379 95 144
191 98296 60 3 98440 84 144
836 98328 41 2 98481 112 153
179 98348 86 4 98567 133 219
59 98353 31 2 98598 214 245
156 98394 52 3 98651 205 257
894 98485 39 3 98690 166 205
120 98501 23 2 98713 189 212
408 98575 72 1 98785 138 210
989 98588 55 3 98840 197 252
298 98699 29 2 98870 142 171
636 98762 47 4 98917 108 155
966 98799 39 3 98956 118 157
519 98833 66 4 99022 123 189
394 98838 61 4 99083 184 245
79 98896 49 4 99133 188 237
309 98965 28 4 99161 168 196
305 99029 83 4 99244 132 215
528 99117 57 4 99302 128 185
661 99159 65 3 99367 143 208
714 99175 29 2 99396 192 221
546 99176 92 4 99488 220 312
321 99184 67 4 99555 304 371
432 99250 23 3 99579 306 329
71 99524 32 3 99611 55 87
667 99626 80 4 99706 0 80
245 99628 79 3 99786 79 158
481 99684 38 3 99824 102 140
278 99701 24 2 99848 123 147
466 99750 56 3 99905 99 155
222 99844 32 4 99937 61 93
998 99848 22 1 99959 89 111
537 99868 68 1 100028 92 160
814 99886 31 3 100059 142 173
665 99889 76 4 100135 170 246
646 99950 39 4 100174 185 224
200 99974 63 2 100238 201 264
821 99980 41 2 100279 258 299
188 99987 70 4 100349 292 362
