101654 1721 381 321
36 1057 69 2 1126 0 69
719 2603 49 3 2652 0 49
614 3145 45 3 3190 0 45
956 3970 33 4 4003 0 33
619 4635 47 2 4682 0 47
735 5698 64 2 5762 0 64
666 7886 47 1 7933 0 47
426 8094 43 4 8137 0 43
350 9142 47 3 9189 0 47
61 9513 93 3 9606 0 93
688 10032 56 3 10088 0 56
788 10114 62 1 10176 0 62
126 10286 48 3 10334 0 48
409 10425 53 2 10478 0 53
951 10537 57 3 10594 0 57
57 11622 100 3 11722 0 100
867 11794 50 4 11844 0 50
873 11839 64 3 11908 5 69
837 11875 69 2 11977 33 102
670 11958 70 2 12047 19 89
219 12143 63 4 12206 0 63
172 12478 54 1 12532 0 54
131 13017 87 3 13104 0 87
938 13657 57 4 13714 0 57
311 14179 60 4 14239 0 60
831 14201 69 3 14308 38 107
491 14249 53 4 14361 59 112
611 14563 44 2 14607 0 44
146 14594 61 3 14668 13 74
983 14825 57 3 14882 0 57
78 15269 48 4 15317 0 48
834 15350 62 4 15412 0 62
165 15649 57 3 15706 0 57
503 15767 59 2 15826 0 59
320 16166 91 1 16257 0 91
953 16315 49 1 16364 0 49
578 16356 84 2 16448 8 92
459 16602 41 4 16643 0 41
965 16647 60 3 16707 0 60
275 16959 61 3 17020 0 61
369 17084 54 4 17138 0 54
346 17230 37 1 17267 0 37
387 17433 67 1 17500 0 67
720 17506 82 3 17588 0 82
373 18059 50 4 18109 0 50
175 18232 68 2 18300 0 68
787 18782 86 2 18868 0 86
41 19125 73 3 19198 0 73
214 19183 56 3 19254 15 71
218 19603 47 4 19650 0 47
393 20146 59 4 20205 0 59
154 20377 46 4 20423 0 46
415 20439 50 3 20489 0 50
355 20912 53 3 20965 0 53
996 20990 63 1 21053 0 63
50 21005 37 4 21090 48 85
980 21135 70 1 21205 0 70
826 21342 71 3 21413 0 71
852 22170 53 4 22223 0 53
366 22327 37 4 22364 0 37
123 22737 66 3 22803 0 66
136 23080 68 1 23148 0 68
323 23177 76 4 23253 0 76
488 23367 31 3 23398 0 31
375 23534 56 1 23590 0 56
276 23620 52 3 23672 0 52
341 23641 45 4 23717 31 76
113 24279 59 2 24338 0 59
137 24281 64 2 24402 57 121
169 24500 68 3 24568 0 68
581 24548 54 3 24622 20 74
399 24639 61 3 24700 0 61
785 25034 59 3 25093 0 59
2 25160 56 4 25216 0 56
920 25185 66 4 25282 31 97
60 25297 69 1 25366 0 69
801 26101 84 4 26185 0 84
97 26187 52 4 26239 0 52
38 26723 69 3 26792 0 69
942 26783 27 2 26869 59 86
766 26724 57 3 26876 95 152
615 27051 64 4 27115 0 64
339 27393 60 3 27453 0 60
945 27466 55 4 27521 0 55
15 27624 43 3 27667 0 43
432 27748 69 2 27817 0 69
134 27975 62 3 28037 0 62
722 28066 67 1 28133 0 67
197 28620 40 1 28660 0 40
286 28653 24 2 28684 7 31
773 29433 52 3 29485 0 52
655 29470 58 2 29543 15 73
859 29520 45 2 29588 23 68
524 29626 35 2 29661 0 35
759 29869 76 3 29945 0 76
317 30472 54 3 30526 0 54
580 30502 64 2 30590 24 88
485 30665 73 4 30738 0 73
235 31120 45 4 31165 0 45
281 31150 71 4 31236 15 86
205 31309 68 3 31377 0 68
223 31390 77 3 31467 0 77
710 31400 74 4 31541 67 141
992 31645 46 4 31691 0 46
204 31692 65 3 31757 0 65
742 32071 40 2 32111 0 40
532 32084 52 1 32163 27 79
507 32295 29 3 32324 0 29
258 32313 67 4 32391 11 78
747 32838 91 4 32929 0 91
164 32908 77 3 33006 21 98
531 33098 64 3 33162 0 64
9 33234 84 3 33318 0 84
604 33359 88 3 33447 0 88
28 33432 54 2 33501 15 69
189 33558 21 2 33579 0 21
418 33659 51 4 33710 0 51
782 33813 79 1 33892 0 79
510 33844 33 4 33925 48 81
376 33988 57 1 34045 0 57
322 34001 84 3 34129 44 128
227 34164 73 3 34237 0 73
1 34177 61 4 34298 60 121
932 34439 79 3 34518 0 79
889 34487 50 4 34568 31 81
908 34758 57 3 34815 0 57
702 34801 44 3 34859 14 58
270 35015 77 2 35092 0 77
911 35061 44 1 35186 81 125
262 35029 57 4 35193 107 164
818 35202 20 2 35222 0 20
549 35774 47 3 35821 0 47
334 35798 50 2 35871 23 73
643 35816 61 4 35982 105 166
92 35827 52 1 36034 155 207
505 35914 55 1 36039 70 125
672 36279 100 3 36379 0 100
430 36293 72 3 36451 86 158
691 36484 43 3 36527 0 43
910 36531 48 3 36579 0 48
475 36803 40 2 36843 0 40
921 36996 61 2 37057 0 61
541 37063 66 1 37129 0 66
37 37170 41 3 37211 0 41
972 37254 67 4 37321 0 67
970 37325 81 4 37406 0 81
822 37389 55 4 37461 17 72
328 37570 31 3 37601 0 31
232 37760 27 2 37787 0 27
162 37979 32 3 38011 0 32
981 37987 76 2 38087 24 100
724 38030 44 4 38131 57 101
652 38073 87 3 38218 58 145
471 38134 48 3 38266 84 132
901 38140 87 4 38403 176 263
988 38175 56 2 38409 178 234
451 38466 64 3 38530 0 64
35 38614 60 2 38674 0 60
727 38652 51 4 38725 22 73
583 38786 66 3 38852 0 66
567 38818 83 4 38985 84 167
576 38829 53 4 39038 156 209
481 38870 71 3 39059 118 189
120 39229 61 4 39290 0 61
790 39273 41 3 39331 17 58
233 39362 53 1 39415 0 53
704 39459 54 3 39513 0 54
356 39982 51 3 40033 0 51
212 40219 69 4 40288 0 69
23 40255 72 1 40360 33 105
326 40568 34 4 40602 0 34
804 40707 51 4 40758 0 51
713 40730 66 4 40824 28 94
528 40792 77 4 40901 32 109
979 41132 29 2 41161 0 29
780 41199 66 4 41265 0 66
332 41273 74 4 41347 0 74
417 41429 62 3 41491 0 62
653 41526 58 4 41584 0 58
127 41572 58 3 41642 12 70
280 41653 36 3 41689 0 36
755 41696 77 3 41773 0 77
630 41817 80 2 41897 0 80
284 41898 44 4 41942 0 44
931 41948 65 4 42013 0 65
71 41960 56 4 42069 53 109
283 42017 65 3 42184 102 167
616 42028 82 4 42216 106 188
342 42342 45 1 42387 0 45
167 42595 77 4 42672 0 77
210 42643 68 2 42740 29 97
423 42814 73 4 42887 0 73
610 42839 97 2 42984 48 145
796 43086 63 4 43149 0 63
749 43152 52 2 43204 0 52
698 43180 36 4 43240 24 60
443 43280 42 2 43322 0 42
632 43890 33 3 43923 0 33
421 43981 42 3 44023 0 42
242 44023 61 3 44084 0 61
489 44034 49 4 44133 50 99
849 44203 66 3 44269 0 66
516 44333 69 1 44402 0 69
675 44337 40 3 44442 65 105
743 44460 61 4 44521 0 61
817 44573 35 4 44608 0 35
919 44677 53 1 44730 0 53
95 44799 79 2 44878 0 79
814 44817 59 4 44937 61 120
453 45060 69 3 45129 0 69
150 45363 51 4 45414 0 51
803 45401 30 4 45444 13 43
445 45469 82 2 45551 0 82
923 45518 53 3 45604 33 86
435 45559 54 1 45758 145 199
943 45562 86 3 45794 146 232
851 45571 64 4 45808 173 237
253 45755 92 4 45900 53 145
133 45931 81 2 46012 0 81
935 45964 75 1 46087 48 123
260 46093 68 2 46161 0 68
428 46115 35 4 46196 46 81
746 46245 48 4 46293 0 48
917 46341 62 3 46403 0 62
665 46376 41 2 46444 27 68
868 46422 59 4 46503 22 81
497 46463 75 4 46578 40 115
76 46577 31 4 46709 101 132
147 46520 72 4 46731 139 211
425 46528 61 4 46742 153 214
684 46773 47 4 46820 0 47
158 46826 21 1 46847 0 21
506 46828 64 4 46911 19 83
609 46923 68 2 46991 0 68
312 46941 55 2 47096 100 155
272 46967 85 3 47131 79 164
582 47072 55 4 47186 59 114
572 47332 36 4 47368 0 36
176 47449 54 3 47503 0 54
65 47492 80 4 47583 11 91
395 47583 53 4 47636 0 53
592 48038 70 4 48108 0 70
529 48164 75 2 48239 0 75
473 48669 53 3 48722 0 53
324 48712 62 4 48784 10 72
543 48783 43 3 48827 1 44
984 48848 54 4 48902 0 54
427 48954 63 4 49017 0 63
937 48955 65 2 49082 62 127
119 49094 63 2 49157 0 63
90 49151 74 2 49231 6 80
985 49721 53 3 49774 0 53
613 49770 55 2 49829 4 59
285 49818 63 2 49892 11 74
329 49937 40 2 49977 0 40
396 49951 68 2 50095 76 144
392 49952 96 3 50141 93 189
370 50099 74 2 50215 42 116
761 50524 55 2 50579 0 55
325 50750 76 4 50826 0 76
949 50858 36 3 50894 0 36
799 51183 60 4 51243 0 60
422 51424 40 1 51464 0 40
102 51433 80 4 51544 31 111
402 51469 61 2 51655 125 186
639 51494 62 4 51667 111 173
414 51690 100 1 51790 0 100
629 51835 79 4 51914 0 79
987 52078 56 2 52134 0 56
872 52151 80 4 52231 0 80
836 52193 48 4 52279 38 86
519 52439 51 3 52490 0 51
634 52504 51 2 52555 0 51
712 52529 71 3 52626 26 97
495 52567 77 2 52703 59 136
434 52640 36 4 52739 63 99
21 52718 71 2 52810 21 92
570 52740 63 3 52873 70 133
64 52904 61 3 52965 0 61
705 52912 67 4 53082 103 170
968 52955 71 3 53103 77 148
608 53093 73 4 53176 10 83
82 53131 45 2 53221 45 90
738 53158 46 1 53267 63 109
795 53202 31 2 53298 65 96
447 53219 39 1 53337 79 118
526 53280 61 3 53398 57 118
830 53353 52 4 53500 95 147
3 53390 53 3 53503 60 113
139 53629 72 3 53701 0 72
449 53779 49 3 53828 0 49
563 53798 49 4 53877 30 79
309 53965 46 3 54011 0 46
626 54015 69 4 54084 0 69
43 54064 62 1 54196 70 132
27 54081 68 2 54214 65 133
633 54170 68 2 54282 44 112
636 54234 78 3 54360 48 126
77 54446 37 2 54483 0 37
458 54462 60 4 54543 21 81
764 54527 51 1 54594 16 67
876 54570 44 1 54638 24 68
587 54607 64 2 54702 31 95
595 54806 47 4 54853 0 47
352 54844 47 4 54900 9 56
24 54936 50 1 54986 0 50
601 54975 52 4 55038 11 63
975 55028 70 4 55108 10 80
45 55097 45 3 55203 61 106
797 55063 51 3 55204 90 141
173 55166 64 4 55268 38 102
424 55261 45 4 55313 7 52
46 55390 71 3 55461 0 71
194 55404 30 4 55491 57 87
893 55471 70 2 55561 20 90
625 55528 86 4 55647 33 119
685 55567 64 4 55811 180 244
862 55599 64 2 55825 162 226
347 55723 45 3 55870 102 147
674 55627 62 2 55882 193 255
17 55779 51 1 55933 103 154
571 56113 49 1 56162 0 49
930 56250 76 3 56326 0 76
501 56299 71 1 56397 27 98
344 56465 62 3 56527 0 62
858 56704 47 2 56751 0 47
18 56826 68 3 56894 0 68
668 56921 37 4 56958 0 37
658 56967 58 4 57025 0 58
299 57038 61 3 57099 0 61
407 57101 55 2 57156 0 55
397 57197 75 2 57272 0 75
740 57272 48 1 57320 0 48
303 57449 49 2 57498 0 49
479 57530 64 2 57594 0 64
29 57664 44 4 57708 0 44
711 57795 45 4 57840 0 45
145 57981 65 2 58046 0 65
763 58084 47 3 58131 0 47
579 58131 41 4 58172 0 41
500 58188 61 3 58249 0 61
53 58241 69 3 58318 8 77
494 58253 34 4 58352 65 99
878 58394 61 3 58455 0 61
335 58554 54 2 58608 0 54
530 58603 36 3 58694 55 91
508 58582 81 3 58725 62 143
138 58637 67 4 58892 188 255
307 58655 87 1 58929 187 274
470 58712 79 4 58958 167 246
240 58831 71 3 59079 177 248
842 58967 41 4 59120 112 153
249 58990 42 3 59212 180 222
288 58902 100 3 59262 260 360
99 59095 44 4 59306 167 211
809 58970 83 4 59339 286 369
16 59238 35 4 59374 101 136
880 59306 58 3 59482 118 176
866 59369 77 3 59509 63 140
646 59490 51 4 59560 19 70
683 59543 51 4 59611 17 68
525 59585 50 3 59661 26 76
627 59625 85 4 59746 36 121
111 59693 39 2 59785 53 92
692 59759 64 3 59899 76 140
404 59784 82 4 59931 65 147
819 59869 31 3 59962 62 93
257 59979 51 4 60030 0 51
623 59990 72 4 60102 40 112
349 60094 68 3 60170 8 76
706 60217 48 3 60265 0 48
441 60300 29 3 60329 0 29
598 60352 70 4 60422 0 70
948 60389 62 1 60484 33 95
553 60600 43 3 60643 0 43
640 60653 33 2 60686 0 33
348 60699 54 4 60753 0 54
254 60713 50 3 60803 40 90
941 60962 68 3 61030 0 68
368 61114 22 4 61136 0 22
477 61120 67 3 61253 66 133
157 61128 64 4 61267 75 139
72 61428 57 4 61485 0 57
663 61435 76 4 61611 100 176
835 61441 56 3 61667 170 226
217 61515 78 4 61695 102 180
656 61629 75 2 61770 66 141
725 61758 56 4 61826 12 68
909 61771 51 1 61927 105 156
118 61873 41 4 61968 54 95
557 61803 71 4 61989 115 186
962 61998 64 4 62062 0 64
48 62051 57 4 62119 11 68
947 62109 67 4 62186 10 77
504 62182 47 4 62233 4 51
31 62208 41 3 62274 25 66
452 62330 64 3 62394 0 64
106 62356 64 3 62508 88 152
383 62418 42 2 62550 90 132
199 62361 85 3 62635 189 274
386 62447 50 3 62685 188 238
296 62423 66 4 62701 212 278
667 62586 82 3 63033 365 447
98 62601 59 4 63042 382 441
765 62610 62 4 63154 482 544
552 62612 62 4 63216 542 604
839 62632 54 3 63220 534 588
673 62697 73 4 63243 473 546
499 62779 72 3 63265 414 486
487 62786 81 1 63346 479 560
812 62813 59 4 63355 483 542
811 63091 61 3 63466 314 375
391 63175 63 4 63529 291 354
363 63186 79 3 63558 293 372
379 63339 63 3 63571 169 232
390 63561 53 4 63624 10 63
986 63658 77 3 63735 0 77
362 63659 54 3 63789 76 130
246 63813 51 4 63864 0 51
717 63947 20 1 63967 0 20
455 63973 53 3 64026 0 53
891 63974 62 3 64088 52 114
584 64241 59 4 64300 0 59
925 64245 47 4 64347 55 102
850 64378 62 2 64440 0 62
306 64428 63 3 64503 12 75
907 64457 54 4 64607 96 150
810 64495 60 3 64667 112 172
906 64534 72 3 64789 183 255
149 64574 56 4 64795 165 221
997 64578 69 2 64814 167 236
360 64764 76 3 64990 150 226
243 64788 59 3 64999 152 211
703 64802 61 3 65010 147 208
384 64947 39 2 65099 113 152
808 64944 71 4 65120 105 176
371 65240 64 1 65304 0 64
551 65348 66 3 65414 0 66
963 65672 46 4 65718 0 46
364 65740 56 3 65796 0 56
261 65799 54 1 65853 0 54
699 65819 29 3 65882 34 63
838 65833 79 4 65961 49 128
864 66060 66 3 66126 0 66
480 66092 58 4 66184 34 92
215 66254 50 3 66304 0 50
521 66419 62 1 66481 0 62
569 66476 44 3 66525 5 49
224 66506 40 3 66615 69 109
26 66490 71 2 66636 75 146
372 66597 49 2 66735 89 138
916 66605 48 3 66833 180 228
206 66569 59 3 66842 214 273
54 66603 87 4 66879 189 276
110 66738 75 3 67104 291 366
815 66884 49 2 67153 220 269
403 66772 59 4 67212 381 440
846 66776 52 4 67214 386 438
11 66804 61 2 67275 410 471
558 66886 63 3 67288 339 402
420 67029 66 4 67354 259 325
677 67192 58 3 67362 112 170
377 67327 75 4 67437 35 110
239 67418 43 2 67530 69 112
696 67420 41 4 67571 110 151
91 67367 75 4 67646 204 279
607 67547 40 4 67686 99 139
899 67427 58 3 67794 309 367
42 67553 61 3 67855 241 302
478 67566 86 4 67891 239 325
493 67622 65 4 67956 269 334
870 67819 35 4 67991 137 172
248 67793 60 3 68001 148 208
305 68118 38 3 68156 0 38
929 68260 77 3 68337 0 77
918 68430 70 3 68500 0 70
380 68518 60 4 68578 0 60
308 68561 77 4 68755 117 194
515 68573 95 4 68850 182 277
902 68574 67 4 68917 276 343
250 68583 66 1 68983 334 400
74 68663 52 4 69035 320 372
966 68746 63 4 69098 289 352
978 68941 46 3 69144 157 203
588 68969 37 2 69231 225 262
59 68768 78 2 69259 413 491
900 68863 84 4 69343 396 480
707 68959 53 4 69346 334 387
922 68989 65 2 69361 307 372
681 69368 79 2 69447 0 79
898 69470 100 4 69570 0 100
135 69554 66 4 69636 16 82
290 69622 39 2 69675 14 53
689 69884 46 4 69930 0 46
939 69952 90 4 70092 50 140
676 69952 66 2 70108 90 156
457 70029 75 4 70233 129 204
752 70103 74 2 70357 180 254
440 70123 60 4 70417 234 294
291 70146 60 2 70427 221 281
116 70175 64 3 70441 202 266
884 70568 54 2 70622 0 54
484 70606 33 1 70655 16 49
739 70693 70 3 70763 0 70
647 70787 73 4 70860 0 73
265 70854 42 4 70952 56 98
351 70829 59 1 70961 73 132
144 70885 66 4 71127 176 242
960 70937 61 4 71138 140 201
171 70956 70 3 71158 132 202
827 71070 25 1 71183 88 113
840 71154 53 3 71286 79 132
523 71163 70 2 71306 73 143
874 71240 60 4 71416 116 176
715 71255 53 3 71469 161 214
750 71383 44 1 71513 86 130
273 71307 74 1 71537 156 230
733 71541 84 4 71625 0 84
954 71659 47 4 71706 0 47
709 71661 90 4 71846 95 185
353 71693 68 3 71864 103 171
517 71856 49 4 72013 108 157
686 71789 79 4 72042 174 253
196 71908 48 2 72090 134 182
730 71823 67 3 72107 217 284
200 71915 58 4 72265 292 350
904 71979 51 1 72266 236 287
361 72168 50 2 72316 98 148
511 72178 39 4 72355 138 177
682 72046 63 4 72418 309 372
791 72315 35 4 72503 153 188
888 72192 52 3 72505 261 313
228 72309 76 3 72631 246 322
913 72487 46 3 72827 294 340
777 72371 73 4 72850 406 479
784 72417 63 4 72863 383 446
259 72420 61 4 72874 393 454
748 72453 83 3 72907 371 454
155 72486 73 3 72930 371 444
304 72861 50 4 73030 119 169
25 72901 43 2 73073 129 172
789 72759 52 2 73075 264 316
955 72966 56 1 73181 159 215
87 73034 53 4 73184 97 150
245 73160 30 3 73264 74 104
117 73135 79 4 73343 129 208
638 73184 73 2 73516 259 332
807 73199 52 4 73618 367 419
714 73202 61 1 73629 366 427
680 73263 73 4 73652 316 389
211 73310 60 4 73662 292 352
762 73554 41 4 73703 108 149
192 73311 59 3 73762 392 451
648 73614 49 4 73811 148 197
472 73562 76 3 73937 299 375
58 73660 60 2 73997 277 337
825 73680 73 3 74120 367 440
545 73809 63 3 74133 261 324
163 73824 61 4 74194 309 370
514 73829 78 4 74322 415 493
535 74064 34 4 74356 258 292
461 73968 68 2 74474 438 506
824 74035 66 4 74490 389 455
338 74042 69 1 74509 398 467
854 74298 46 3 74605 261 307
318 74071 82 4 74637 484 566
310 74123 76 2 74713 514 590
469 74247 83 2 74746 416 499
44 74361 61 3 74857 435 496
694 74729 48 2 74905 128 176
905 74571 59 4 74914 284 343
999 74621 84 4 74948 243 327
533 74819 45 3 75043 179 224
300 74906 47 3 75140 187 234
546 74813 72 4 75162 277 349
6 74841 77 2 75239 321 398
778 75095 40 4 75279 144 184
159 74955 72 4 75301 274 346
875 75246 64 4 75365 55 119
671 75348 49 4 75514 117 166
642 75326 52 4 75516 138 190
745 75338 68 4 75534 128 196
731 75475 32 3 75616 109 141
961 75452 87 3 75653 114 201
957 75677 60 4 75737 0 60
537 75726 82 3 75819 11 93
89 75824 70 4 75894 0 70
39 75833 55 3 75999 111 166
410 75852 75 4 76074 147 222
560 75999 49 4 76173 125 174
20 75902 82 3 76205 221 303
544 76029 35 4 76290 226 261
207 75973 56 4 76296 267 323
564 76189 42 3 76388 157 199
585 76022 53 3 76391 316 369
914 76228 26 3 76417 163 189
321 76189 80 3 76447 178 258
405 76309 91 2 76688 288 379
924 76345 66 3 76704 293 359
760 76350 78 3 76782 354 432
184 76364 75 4 76857 418 493
70 76620 22 3 76879 237 259
114 76533 69 1 76898 296 365
994 76551 51 4 76949 347 398
30 76849 39 4 76988 100 139
83 76710 82 4 77070 278 360
378 76871 51 3 77121 199 250
337 76939 57 4 77178 182 239
160 77079 42 3 77220 99 141
230 77042 72 4 77242 128 200
483 77202 35 3 77277 40 75
255 77231 60 2 77337 46 106
792 77326 100 2 77437 11 111
367 77398 75 1 77512 39 114
213 77529 75 2 77604 0 75
853 77564 34 2 77638 40 74
241 77597 45 3 77683 41 86
190 77614 72 4 77755 69 141
829 77775 59 1 77834 0 59
952 77792 43 3 77877 42 85
195 77829 39 4 77966 98 137
991 77820 74 1 77990 96 170
843 77947 62 4 78052 43 105
7 78012 45 4 78097 40 85
178 78039 47 4 78144 58 105
93 78070 47 3 78191 74 121
448 78086 80 3 78271 105 185
121 78201 90 4 78361 70 160
274 78293 47 3 78408 68 115
586 78484 72 1 78556 0 72
411 78547 58 1 78614 9 67
438 78576 77 4 78791 138 215
679 78624 43 4 78834 167 210
419 78577 67 3 78851 207 274
783 78608 70 2 78921 243 313
482 78731 45 3 79016 240 285
394 78675 70 3 79036 291 361
444 78718 73 4 79059 268 341
130 79000 44 4 79153 109 153
774 79032 34 3 79237 171 205
772 78939 90 2 79277 248 338
357 79002 76 4 79353 275 351
47 79160 26 3 79379 193 219
193 79144 70 2 79549 335 405
267 79167 67 2 79666 432 499
289 79261 74 3 79690 355 429
969 79275 61 3 79751 415 476
374 79533 44 3 79795 218 262
566 79320 68 2 79813 425 493
287 79347 59 4 79822 416 475
406 79438 58 4 79880 384 442
844 79804 44 4 79974 126 170
446 79605 90 4 80014 319 409
177 79749 61 4 80075 265 326
606 79902 45 4 80120 173 218
915 79966 26 2 80146 154 180
753 79852 53 3 80149 244 297
84 80034 100 1 80299 165 265
605 80163 49 4 80348 136 185
892 80129 59 4 80407 219 278
319 80169 58 1 80515 288 346
109 80225 72 2 80587 290 362
520 80342 83 3 80620 195 278
661 80365 74 4 80744 305 379
271 80459 72 1 80916 385 457
191 80633 47 3 80963 283 330
779 80502 71 2 80984 411 482
88 80543 54 4 81088 491 545
413 80577 66 4 81154 511 577
624 80602 69 3 81223 552 621
292 80696 67 4 81440 677 744
620 80722 61 3 81451 668 729
358 80775 81 3 81532 676 757
454 80813 82 2 81614 719 801
103 80859 69 4 81683 755 824
871 80864 84 3 81767 819 903
222 80888 65 4 81832 879 944
174 80890 85 4 81867 892 977
770 81041 71 4 81938 826 897
122 81490 37 4 81975 448 485
359 81131 61 1 82036 844 905
456 81585 48 4 82134 501 549
732 81164 54 4 82138 920 974
433 81246 54 3 82242 942 996
208 81708 44 4 82386 634 678
757 81275 55 1 82441 1111 1166
786 81387 75 4 82516 1054 1129
416 81498 65 1 82581 1018 1083
998 82016 50 4 82631 565 615
225 81562 73 4 82704 1069 1142
540 82037 41 1 82745 667 708
179 81653 58 4 82753 1042 1100
166 81670 58 2 82811 1083 1141
697 81688 68 2 82829 1073 1141
855 81690 73 3 82852 1089 1162
701 81727 57 4 82859 1075 1132
244 81861 69 4 82928 998 1067
737 82507 26 4 82954 421 447
439 81918 70 4 82974 986 1056
203 82598 50 4 83074 426 476
277 82019 75 2 83149 1055 1130
973 82155 57 4 83156 944 1001
385 82759 48 3 83204 397 445
153 82439 59 4 83263 765 824
336 82526 77 4 83390 787 864
887 82990 49 4 83439 400 449
590 83018 49 2 83538 471 520
80 82616 54 3 83542 872 926
170 83097 43 3 83585 445 488
816 82791 64 4 83599 744 808
577 82867 54 3 83603 682 736
597 82896 77 3 83630 657 734
882 82996 77 3 83757 684 761
959 83447 28 1 83785 310 338
188 83357 96 3 83931 478 574
55 83433 52 2 83933 448 500
793 83491 79 2 83962 392 471
771 83566 59 4 84021 396 455
186 83820 78 2 84049 151 229
32 83966 82 3 84131 83 165
538 84067 68 2 84249 114 182
946 84083 62 4 84261 116 178
252 84220 77 4 84388 91 168
107 84238 62 2 84400 100 162
708 84406 70 4 84476 0 70
559 84565 22 4 84587 0 22
68 84629 84 2 84713 0 84
340 84633 40 4 84753 80 120
618 84648 46 4 84799 105 151
268 84732 52 4 84851 67 119
278 84822 63 4 84964 79 142
315 84841 73 3 84987 73 146
798 84949 69 2 85056 38 107
502 85108 59 3 85167 0 59
462 85122 55 4 85222 45 100
644 85183 73 4 85345 89 162
751 85191 93 3 85438 154 247
775 85324 38 2 85626 264 302
216 85228 75 2 85651 348 423
693 85275 66 2 85667 326 392
181 85441 26 1 85693 226 252
554 85292 51 2 85794 451 502
183 85306 77 4 85821 438 515
151 85670 45 2 85866 151 196
333 85444 60 1 85926 422 482
845 85737 50 2 86076 289 339
881 85456 69 4 86095 570 639
555 85790 20 3 86115 305 325
869 85672 84 3 86199 443 527
389 85707 76 4 86225 442 518
547 85971 47 4 86372 354 401
860 85711 66 2 86388 611 677
156 85850 78 3 86416 488 566
594 85930 68 4 86534 536 604
589 85962 75 4 86609 572 647
802 86380 39 3 86648 229 268
180 86122 56 3 86654 476 532
539 86140 66 4 86670 464 530
496 86530 32 4 86752 190 222
575 86228 69 1 86771 474 543
664 86486 84 3 86855 285 369
382 86682 39 4 86894 173 212
600 86623 75 3 87019 321 396
474 86701 54 4 87073 318 372
161 86771 100 4 87223 352 452
1000 86816 58 2 87231 357 415
343 86896 63 4 87294 335 398
314 86922 52 4 87346 372 424
879 87038 52 1 87348 258 310
678 87102 63 1 87411 246 309
513 87252 66 3 87427 109 175
316 87538 50 4 87588 0 50
463 87587 56 3 87644 1 57
982 87610 76 3 87720 34 110
542 87696 40 3 87760 24 64
971 87715 72 4 87882 95 167
141 87758 81 4 87913 74 155
69 87952 52 4 88004 0 52
863 87958 70 4 88074 46 116
657 88044 52 4 88126 30 82
958 88112 32 4 88158 14 46
115 88118 72 2 88330 140 212
781 88179 49 1 88379 151 200
63 88150 71 4 88400 179 250
202 88151 91 4 88441 199 290
251 88435 41 2 88732 256 297
400 88281 64 4 88746 401 465
152 88282 87 4 88783 414 501
669 88296 51 3 88784 437 488
556 88325 59 4 88793 409 468
950 88593 37 2 88830 200 237
612 88334 65 1 88845 446 511
865 88760 38 4 88883 85 123
229 89052 68 1 89120 0 68
104 89137 47 2 89184 0 47
518 89174 55 3 89289 60 115
940 89182 66 4 89305 57 123
294 89363 48 4 89411 0 48
754 89368 46 2 89457 43 89
498 89430 66 4 89523 27 93
468 89495 81 3 89604 28 109
231 89538 59 3 89763 166 225
512 89557 56 4 89869 256 312
723 89592 81 3 89900 227 308
256 89712 37 3 89937 188 225
534 89630 63 3 90000 307 370
651 89631 69 4 90119 419 488
8 89720 69 4 90338 549 618
234 89946 37 1 90375 392 429
67 89783 77 3 90452 592 669
695 89793 54 2 90506 659 713
813 90102 40 3 90546 404 444
596 89845 69 2 90565 651 720
105 89885 63 4 90578 630 693
718 89909 63 4 90591 619 682
847 89930 52 4 90593 611 663
124 90328 47 2 90740 365 412
903 89987 69 4 90759 703 772
659 90030 68 4 90827 729 797
5 90277 76 3 91003 650 726
401 90317 96 2 91149 736 832
293 90704 50 2 91249 495 545
143 90440 65 2 91314 809 874
637 90465 100 3 91364 799 899
436 90523 66 1 91380 791 857
40 90590 70 2 91400 740 810
993 90622 64 4 91414 728 792
890 91028 30 4 91494 436 466
883 90640 74 4 91518 804 878
848 91077 46 4 91564 441 487
345 91135 40 2 91704 529 569
129 90658 68 4 91722 996 1064
716 91192 37 4 91759 530 567
263 90748 66 4 91825 1011 1077
741 91270 48 1 91873 555 603
101 91307 49 4 91922 566 615
927 91018 82 3 92104 1004 1086
298 91480 50 2 92154 624 674
933 91103 66 1 92170 1001 1067
734 91105 84 3 92204 1015 1099
327 91628 37 1 92291 626 663
22 91247 65 4 92456 1144 1209
934 91336 64 2 92570 1170 1234
221 91392 56 3 92626 1178 1234
700 91404 87 2 92663 1172 1259
522 92174 40 4 92953 739 779
209 91628 52 4 92955 1275 1327
201 91638 67 2 93072 1367 1434
823 91673 53 3 93075 1349 1402
33 91700 68 2 93143 1375 1443
964 91766 54 4 93147 1327 1381
476 91862 71 1 93268 1335 1406
19 91944 59 3 93277 1274 1333
81 92050 67 4 93294 1177 1244
758 92054 57 4 93301 1190 1247
721 92745 42 1 93343 556 598
690 92081 77 1 93370 1212 1289
536 92117 70 3 93390 1203 1273
412 92146 73 2 93413 1194 1267
486 92216 67 3 93430 1147 1214
12 92995 33 4 93463 435 468
100 92218 52 4 93465 1195 1247
492 92382 72 3 93487 1033 1105
132 92466 87 3 93524 971 1058
603 92481 81 4 93605 1043 1124
490 93173 59 3 93764 532 591
885 93350 57 4 93821 414 471
187 93611 31 4 93852 210 241
354 93615 42 3 93894 237 279
631 93646 46 3 93990 298 344
331 93371 78 3 94018 569 647
828 93509 60 3 94028 459 519
550 93569 63 1 94041 409 472
926 93622 53 4 94144 469 522
236 93959 20 4 94264 285 305
450 93774 72 4 94336 490 562
66 93824 52 4 94388 512 564
279 93923 71 3 94459 465 536
977 93942 96 2 94505 467 563
220 94234 48 3 94603 321 369
62 94037 72 2 94625 516 588
467 94082 58 3 94633 493 551
744 94137 74 1 94707 496 570
726 94434 45 3 94852 373 418
565 94195 80 4 94932 657 737
573 94578 47 4 94979 354 401
800 94357 69 3 94998 572 641
442 94399 74 4 95122 649 723
464 94428 83 4 95205 694 777
247 94767 50 2 95255 438 488
974 94460 65 2 95270 745 810
593 94665 63 4 95433 705 768
437 94673 60 2 95443 710 770
14 95094 43 4 95586 449 492
381 94734 71 2 95607 802 873
85 95128 48 3 95655 479 527
466 95189 38 4 95743 516 554
509 94945 84 4 95777 748 832
768 94951 63 1 95840 826 889
226 94997 66 3 95856 793 859
989 95080 59 3 95865 726 785
94 95091 90 4 95955 774 864
635 95604 43 4 96098 451 494
237 95146 60 3 96108 902 962
34 95309 60 3 96168 799 859
776 95490 53 4 96171 628 681
976 95585 59 3 96280 636 695
73 95599 66 2 96346 681 747
548 95743 69 1 96415 603 672
912 96168 45 4 96460 247 292
628 95911 76 3 96486 499 575
833 95922 52 3 96538 564 616
238 96224 42 4 96580 314 356
112 95987 58 4 96588 543 601
805 96044 56 2 96594 494 550
527 96198 88 1 96682 396 484
662 96361 64 4 96696 271 335
465 96676 43 1 96889 170 213
886 96628 100 2 96939 211 311
388 96639 71 4 97060 350 421
4 96670 60 4 97120 390 450
297 96710 65 2 97285 510 575
13 96949 49 4 97334 336 385
857 96734 51 4 97335 550 601
295 96748 58 2 97443 637 695
49 97074 49 4 97492 369 418
408 96826 65 3 97507 616 681
729 97167 50 4 97557 340 390
877 97168 42 3 97599 389 431
266 96847 55 3 97604 702 757
561 96867 64 3 97718 787 851
897 97000 78 2 97796 718 796
168 97006 77 3 97923 840 917
894 97174 67 3 98190 949 1016
928 97635 47 4 98437 755 802
264 97207 53 1 98440 1180 1233
832 97679 50 4 98490 761 811
75 97256 64 4 98604 1284 1348
51 97791 43 1 98697 863 906
185 97343 69 3 98716 1304 1373
269 97797 36 4 98752 919 955
429 97382 60 3 98812 1370 1430
460 97393 56 4 98918 1469 1525
736 97398 85 1 99053 1570 1655
649 97988 33 3 99086 1065 1098
182 97452 87 3 99123 1584 1671
856 97477 67 1 99190 1646 1713
617 97513 62 2 99202 1627 1689
841 97613 100 3 99302 1589 1689
967 97619 69 4 99321 1633 1702
756 98243 33 3 99354 1078 1111
820 97628 69 4 99423 1726 1795
330 98321 40 4 99463 1102 1142
125 97631 67 3 99480 1782 1849
896 97691 92 4 99672 1889 1981
660 97700 60 2 99682 1922 1982
79 98557 50 3 99732 1125 1175
794 97760 68 2 99750 1922 1990
645 98625 28 2 99778 1125 1153
108 97819 73 2 99901 2009 2082
568 97876 66 3 99967 2025 2091
301 97912 55 3 99972 2005 2060
650 97930 74 4 100096 2092 2166
821 97958 54 4 100250 2238 2292
602 98072 57 4 100457 2328 2385
806 99158 42 2 100549 1349 1391
621 98185 54 4 100553 2314 2368
990 99326 47 4 100600 1227 1274
769 98276 74 4 100624 2274 2348
142 98364 52 1 100726 2310 2362
574 99528 40 4 100816 1248 1288
140 98413 55 2 100821 2353 2408
128 99557 38 2 100859 1264 1302
282 99570 48 4 100907 1289 1337
944 98446 76 4 100933 2411 2487
96 99629 41 4 101024 1354 1395
56 99681 48 2 101072 1343 1391
562 98633 73 2 101145 2439 2512
148 98728 59 3 101154 2367 2426
728 99854 42 1 101246 1350 1392
599 99874 41 3 101287 1372 1413
591 98785 65 2 101352 2502 2567
86 98896 59 4 101411 2456 2515
302 98909 86 1 101447 2452 2538
861 98929 71 3 101468 2468 2539
398 98963 65 2 101483 2455 2520
767 98964 64 3 101497 2469 2533
622 98995 52 4 101499 2452 2504
52 99036 65 4 101514 2413 2478
313 99068 62 2 101526 2396 2458
641 99120 55 1 101531 2356 2411
198 99152 62 3 101543 2329 2391
654 99397 57 3 101550 2096 2153
895 99454 81 3 101581 2046 2127
10 99503 54 4 101585 2028 2082
431 99603 55 3 101590 1932 1987
687 99740 91 3 101631 1800 1891
995 99844 65 2 101646 1737 1802
936 99879 57 2 101653 1717 1774
365 99944 51 4 101654 1659 1710
