100367 1000 93 46
239 636 43 2 679 0 43
406 1802 27 2 1829 0 27
399 2434 63 4 2497 0 63
808 4853 56 4 4909 0 56
261 5462 30 2 5492 0 30
718 5513 50 4 5563 0 50
224 5834 26 4 5860 0 26
426 6197 65 3 6262 0 65
196 6376 96 4 6472 0 96
716 7086 54 3 7140 0 54
854 7102 63 4 7203 38 101
126 7281 53 2 7334 0 53
994 7758 64 4 7822 0 64
551 8267 32 3 8299 0 32
832 8676 32 3 8708 0 32
258 8732 76 4 8808 0 76
995 9181 39 1 9220 0 39
371 9395 48 4 9443 0 48
722 9776 47 2 9823 0 47
203 10194 50 2 10244 0 50
75 10408 73 2 10481 0 73
410 11212 27 4 11239 0 27
907 11264 30 1 11294 0 30
812 11690 23 2 11713 0 23
288 11657 36 4 11716 23 59
359 11766 32 3 11798 0 32
986 12405 35 3 12440 0 35
506 12476 24 3 12500 0 24
302 12538 52 3 12590 0 52
138 12879 33 4 12912 0 33
178 13314 51 3 13365 0 51
432 13632 79 1 13711 0 79
423 13861 61 2 13922 0 61
455 14277 50 2 14327 0 50
921 14227 66 4 14343 50 116
21 14705 32 4 14737 0 32
839 15007 45 3 15052 0 45
990 15216 53 1 15269 0 53
439 15561 50 4 15611 0 50
889 15758 36 4 15794 0 36
488 16321 44 3 16365 0 44
566 16368 29 4 16397 0 29
642 16626 41 2 16667 0 41
818 16698 21 1 16719 0 21
450 16850 54 2 16904 0 54
879 16998 56 4 17054 0 56
824 16966 89 4 17111 56 145
116 17824 36 2 17860 0 36
573 18062 27 4 18089 0 27
1 18425 47 1 18472 0 47
355 18763 42 3 18805 0 42
575 19802 41 2 19843 0 41
436 20057 20 4 20077 0 20
241 20113 34 3 20147 0 34
294 20030 81 4 20165 54 135
788 20513 50 4 20563 0 50
165 20698 42 4 20740 0 42
852 21167 21 4 21188 0 21
186 21278 40 4 21318 0 40
347 21759 74 1 21833 0 74
479 21878 67 4 21945 0 67
369 22288 52 3 22340 0 52
583 22494 25 4 22519 0 25
911 22652 84 4 22736 0 84
208 23216 34 1 23250 0 34
173 23503 65 4 23568 0 65
541 23726 49 4 23775 0 49
917 24093 46 3 24139 0 46
557 24187 59 4 24246 0 59
118 24479 50 2 24529 0 50
26 24645 47 3 24692 0 47
338 24787 82 4 24869 0 82
914 25070 48 2 25118 0 48
734 25169 31 4 25200 0 31
474 25160 35 4 25226 31 66
715 25428 75 3 25503 0 75
692 25793 81 3 25874 0 81
36 26254 46 4 26310 10 56
297 26290 46 4 26346 10 56
419 26365 29 4 26394 0 29
776 26592 56 1 26648 0 56
892 26649 70 3 26719 0 70
217 26784 41 1 26825 0 41
451 26988 35 3 27023 0 35
254 27004 54 3 27077 19 73
589 26993 56 4 27133 84 140
456 27100 70 4 27203 33 103
923 27229 49 2 27278 0 49
182 27310 60 2 27370 0 60
262 27391 53 3 27444 0 53
567 27412 64 4 27508 32 96
127 27639 64 2 27703 0 64
809 28079 24 3 28103 0 24
881 28424 41 3 28465 0 41
979 28658 42 2 28700 0 42
943 28688 53 3 28753 12 65
199 28792 22 4 28814 0 22
527 28814 42 3 28856 0 42
310 28883 58 3 28941 0 58
16 29019 41 4 29060 0 41
408 29034 60 1 29120 26 86
252 29191 35 2 29226 0 35
625 29304 62 2 29366 0 62
121 29546 92 4 29638 0 92
257 29705 26 2 29731 0 26
683 30049 67 1 30116 0 67
882 30243 47 4 30290 0 47
945 30350 25 3 30375 0 25
481 30691 31 4 30722 0 31
888 30785 29 4 30814 0 29
11 30823 34 1 30857 0 34
663 30784 56 3 30903 63 119
49 31021 22 2 31043 0 22
708 31220 20 3 31240 0 20
951 31255 29 3 31284 0 29
321 31294 58 3 31352 0 58
750 31323 85 3 31437 29 114
521 31445 73 2 31518 0 73
181 31697 47 2 31744 0 47
618 31777 52 1 31829 0 52
390 31880 49 3 31929 0 49
966 32316 76 4 32392 0 76
806 32410 24 4 32434 0 24
42 32774 36 4 32810 0 36
965 32880 86 2 32966 0 86
899 32989 71 1 33060 0 71
123 33211 68 4 33279 0 68
57 33304 27 3 33331 0 27
547 33569 76 2 33645 0 76
325 33661 40 2 33701 0 40
653 33720 47 3 33767 0 47
516 33710 54 3 33811 47 101
688 33836 33 3 33869 0 33
269 33875 66 4 33941 0 66
790 34044 71 2 34115 0 71
736 34409 23 4 34432 0 23
520 34423 28 1 34460 9 37
101 34619 37 1 34656 0 37
856 34838 26 4 34864 0 26
909 34810 46 4 34882 26 72
932 34774 77 4 34923 72 149
780 35054 52 3 35106 0 52
508 35164 87 3 35251 0 87
962 35410 24 4 35434 0 24
947 35377 50 4 35451 24 74
741 36105 55 4 36160 0 55
729 36437 35 4 36472 0 35
826 36645 27 3 36672 0 27
348 36663 50 4 36722 9 59
385 36754 26 3 36780 0 26
880 36821 29 1 36850 0 29
117 37157 62 4 37219 0 62
970 37235 57 4 37292 0 57
213 37201 92 4 37368 75 167
908 37434 36 4 37470 0 36
634 37533 72 1 37605 0 72
322 37846 43 4 37889 0 43
646 37855 74 3 37963 34 108
749 38045 21 4 38066 0 21
68 38009 61 3 38091 21 82
212 38180 29 3 38209 0 29
685 38289 27 2 38316 0 27
730 38377 35 4 38412 0 35
415 38727 40 2 38767 0 40
326 38791 51 4 38842 0 51
48 38809 80 4 38922 33 113
985 38950 53 4 39003 0 53
272 39045 53 3 39098 0 53
954 39240 39 2 39279 0 39
959 39313 34 4 39347 0 34
628 39298 92 3 39424 34 126
782 39431 38 2 39469 0 38
810 39526 28 2 39554 0 28
279 39533 36 1 39590 21 57
706 39573 37 4 39627 17 54
656 39652 45 4 39697 0 45
303 39787 33 2 39820 0 33
877 39863 46 3 39909 0 46
204 39956 59 2 40015 0 59
494 40040 36 3 40076 0 36
373 40109 37 2 40146 0 37
299 40095 63 4 40195 37 100
961 40072 66 2 40242 104 170
485 40279 20 4 40299 0 20
96 40161 81 2 40343 101 182
968 40575 61 2 40636 0 61
890 40733 48 4 40781 0 48
502 41042 35 4 41077 0 35
838 41280 33 3 41313 0 33
103 41462 38 2 41500 0 38
786 41583 47 3 41630 0 47
669 41883 37 3 41920 0 37
702 41841 44 4 41922 37 81
368 42270 62 3 42332 0 62
235 42486 41 3 42527 0 41
1000 42612 39 1 42651 0 39
145 42877 26 3 42903 0 26
23 42839 55 4 42920 26 81
287 42928 37 3 42965 0 37
637 42997 37 4 43034 0 37
626 42860 64 4 43058 134 198
282 43168 50 4 43218 0 50
384 43272 21 1 43293 0 21
905 43346 58 4 43404 0 58
834 43259 67 2 43405 79 146
596 43422 22 3 43444 0 22
20 43730 32 4 43762 0 32
431 43984 25 2 44009 0 25
630 43941 82 3 44048 25 107
723 44148 37 4 44185 0 37
276 44349 24 4 44373 0 24
197 44487 57 4 44544 0 57
301 44618 72 1 44690 0 72
942 44766 50 4 44816 0 50
495 45268 29 4 45297 0 29
104 45268 62 2 45359 29 91
27 45495 21 1 45516 0 21
188 45509 27 2 45543 7 34
281 45418 80 3 45546 48 128
219 45592 26 4 45618 0 26
63 45961 45 4 46006 0 45
364 46015 26 2 46041 0 26
337 46007 65 3 46098 26 91
335 45889 79 1 46104 136 215
720 46266 76 3 46342 0 76
746 46481 31 3 46512 0 31
726 46455 34 3 46520 31 65
912 46531 63 3 46594 0 63
152 46615 66 3 46681 0 66
982 46735 22 4 46757 0 22
500 46768 32 4 46800 0 32
293 46732 53 2 46839 54 107
913 46609 72 3 46854 173 245
937 46890 48 3 46938 0 48
878 46875 82 3 47005 48 130
74 47032 22 3 47054 0 22
374 46725 86 3 47092 281 367
209 47115 24 4 47139 0 24
98 47133 74 4 47213 6 80
222 47219 41 3 47260 0 41
71 47290 40 3 47330 0 40
280 46746 88 1 47359 525 613
861 47484 34 4 47518 0 34
349 47429 65 1 47528 34 99
10 47384 82 2 47565 99 181
462 47800 37 3 47837 0 37
946 48013 25 4 48038 0 25
169 48201 20 2 48221 0 20
159 48209 21 2 48242 12 33
195 48187 27 3 48255 41 68
850 48154 66 4 48288 68 134
545 48450 29 1 48479 0 29
641 48427 71 4 48527 29 100
87 48358 90 2 48548 100 190
655 48759 23 2 48782 0 23
475 49092 37 3 49129 0 37
409 49248 70 3 49318 0 70
122 49332 52 2 49384 0 52
308 49394 58 3 49452 0 58
821 49361 68 2 49510 81 149
559 49520 38 3 49558 0 38
113 49558 43 2 49601 0 43
14 49687 24 4 49711 0 24
342 49805 55 4 49860 0 55
636 50000 67 1 50067 0 67
752 50244 26 2 50270 0 26
649 50418 60 4 50478 0 60
996 50367 66 3 50493 60 126
327 50638 24 2 50662 0 24
361 50861 52 4 50913 0 52
329 50993 21 4 51014 0 21
681 51011 57 4 51071 3 60
170 51201 26 2 51227 0 26
79 51203 63 4 51290 24 87
35 51322 55 3 51377 0 55
765 51472 51 1 51523 0 51
263 51616 26 4 51642 0 26
492 51613 29 4 51668 26 55
171 51829 24 4 51853 0 24
619 51922 53 2 51975 0 53
487 52006 32 4 52038 0 32
761 52039 79 3 52118 0 79
191 52198 37 4 52235 0 37
660 52234 55 3 52290 1 56
363 52139 84 4 52315 92 176
556 52515 21 4 52536 0 21
350 52473 43 3 52537 21 64
762 52416 61 4 52541 64 125
584 52355 66 4 52546 125 191
135 52693 51 3 52744 0 51
919 52874 22 4 52896 0 22
721 52892 30 4 52926 4 34
283 52890 40 2 52966 36 76
635 52915 51 2 53017 51 102
131 52848 60 2 53051 143 203
978 52983 63 4 53114 68 131
739 53190 25 4 53215 0 25
142 53003 78 3 53217 136 214
796 53268 47 4 53315 0 47
221 53411 39 4 53450 0 39
543 53471 59 4 53530 0 59
295 53488 66 4 53596 42 108
558 53503 74 1 53670 93 167
672 53624 82 1 53752 46 128
590 54026 39 4 54065 0 39
682 54068 46 2 54114 0 46
307 53993 54 2 54132 85 139
869 54057 59 2 54191 75 134
344 54044 61 3 54252 147 208
60 53967 64 4 54290 259 323
324 54147 80 4 54370 143 223
975 54678 49 3 54727 0 49
595 54749 20 4 54769 0 20
112 54743 63 4 54826 20 83
56 54864 32 2 54896 0 32
835 54917 39 3 54956 0 39
873 55067 31 2 55098 0 31
86 55101 33 3 55134 0 33
686 55138 40 4 55178 0 40
88 55125 66 2 55240 49 115
967 55284 22 3 55306 0 22
608 55339 26 4 55365 0 26
120 55198 95 3 55383 90 185
605 55456 41 3 55497 0 41
754 55511 31 3 55542 0 31
687 55544 39 4 55583 0 39
29 55635 35 2 55670 0 35
292 55626 47 4 55708 35 82
705 55908 24 4 55932 0 24
298 56018 42 2 56060 0 42
50 56135 43 2 56178 0 43
871 56255 86 2 56341 0 86
627 56398 22 2 56420 0 22
588 56453 21 4 56474 0 21
85 56487 38 1 56525 0 38
312 56524 44 4 56569 1 45
381 56496 75 2 56644 73 148
463 56787 36 4 56823 0 36
697 56857 63 4 56920 0 63
948 56935 44 3 56979 0 44
813 56970 55 3 57034 9 64
643 57061 35 2 57096 0 35
236 56971 79 1 57148 98 177
102 57156 59 4 57215 0 59
52 57250 38 3 57288 0 38
386 57200 89 4 57342 53 142
256 57397 41 1 57438 0 41
981 57439 57 4 57496 0 57
154 57545 62 3 57607 0 62
770 57412 68 4 57625 145 213
817 57444 75 3 57700 181 256
934 57836 39 4 57875 0 39
59 57754 92 4 57885 39 131
569 57454 96 3 57927 377 473
794 57989 39 4 58028 0 39
774 58067 25 2 58092 0 25
489 58037 42 4 58104 25 67
249 58055 75 1 58179 49 124
175 58206 21 4 58227 0 21
842 58303 28 4 58331 0 28
666 58454 41 4 58495 0 41
997 58490 49 4 58544 5 54
924 58555 60 2 58615 0 60
190 58645 55 3 58700 0 55
106 58446 69 4 58720 205 274
466 58751 49 4 58800 0 49
383 58876 36 3 58912 0 36
318 59037 55 2 59092 0 55
998 59095 34 4 59129 0 34
55 59107 45 3 59174 22 67
84 59580 85 2 59665 0 85
133 59737 26 4 59763 0 26
825 59853 22 2 59875 0 22
902 59966 42 2 60008 0 42
519 60363 53 4 60416 0 53
151 60337 57 3 60447 53 110
237 60403 59 4 60506 44 103
582 60472 83 3 60589 34 117
769 60699 40 3 60739 0 40
413 60677 45 2 60762 40 85
388 60843 82 4 60925 0 82
563 61032 61 3 61093 0 61
957 60968 90 3 61119 61 151
896 61266 54 3 61320 0 54
711 61215 56 2 61325 54 110
993 61398 57 3 61455 0 57
328 61470 75 2 61545 0 75
944 61561 21 4 61582 0 21
73 61637 25 3 61662 0 25
284 61844 37 3 61881 0 37
700 61945 29 4 61974 0 29
554 61985 35 1 62020 0 35
109 62183 30 4 62213 0 30
300 62281 27 3 62308 0 27
69 62264 48 1 62339 27 75
496 62363 36 4 62399 0 36
847 62297 51 2 62426 78 129
61 62464 21 2 62485 0 21
19 62561 34 3 62595 0 34
124 62555 38 3 62627 34 72
78 62532 39 4 62643 72 111
440 62815 48 3 62863 0 48
200 62785 78 2 62911 48 126
798 62917 34 4 62951 0 34
561 63036 46 4 63082 0 46
651 62972 66 3 63084 46 112
846 63116 23 3 63139 0 23
758 63129 30 4 63169 10 40
161 63166 51 4 63220 3 54
274 63241 38 3 63279 0 38
939 63316 46 4 63362 0 46
766 63416 36 4 63452 0 36
259 63538 90 1 63628 0 90
571 63664 63 4 63727 0 63
340 63784 35 2 63819 0 35
677 64046 24 4 64070 0 24
779 64047 32 4 64102 23 55
580 64109 32 4 64141 0 32
941 64029 87 2 64204 88 175
609 64369 36 4 64405 0 36
759 64424 48 4 64472 0 48
851 64660 28 4 64688 0 28
800 64665 33 4 64721 23 56
883 64765 68 2 64833 0 68
592 64836 32 4 64868 0 32
53 64720 73 4 64894 101 174
157 64908 34 2 64942 0 34
376 65146 55 2 65201 0 55
132 65153 56 3 65257 48 104
523 65466 26 3 65492 0 26
815 65605 37 4 65642 0 37
4 65630 79 3 65721 12 91
501 65946 76 1 66022 0 76
296 65879 86 4 66041 76 162
41 66130 41 4 66171 0 41
480 66061 77 2 66179 41 118
392 66190 60 2 66250 0 60
891 66273 42 4 66315 0 42
515 66359 27 2 66386 0 27
146 66444 39 4 66483 0 39
70 66474 67 4 66550 9 76
403 66618 36 1 66654 0 36
286 66700 43 2 66743 0 43
816 66861 61 3 66922 0 61
844 66840 70 2 66971 61 131
275 66990 22 3 67012 0 22
389 67138 44 2 67182 0 44
623 67283 43 4 67326 0 43
553 67332 35 2 67367 0 35
673 67256 48 1 67382 78 126
189 67415 21 2 67436 0 21
323 67366 59 1 67462 37 96
47 67535 61 3 67596 0 61
137 67600 23 4 67623 0 23
639 67512 63 3 67659 84 147
555 67680 24 3 67704 0 24
695 67705 43 2 67748 0 43
39 67867 28 2 67895 0 28
901 67904 46 4 67950 0 46
659 67896 63 3 68005 46 109
684 68060 35 4 68095 0 35
565 67867 71 4 68110 172 243
22 68134 24 3 68158 0 24
690 68144 33 1 68191 14 47
265 67829 73 4 68202 300 373
938 68283 60 4 68343 0 60
950 68250 75 4 68385 60 135
446 67863 90 2 68427 474 564
148 68434 75 3 68509 0 75
859 68595 23 3 68618 0 23
268 68611 29 4 68647 7 36
229 68681 35 2 68716 0 35
414 68603 39 1 68721 79 118
139 68637 45 4 68766 84 129
445 68545 57 3 68773 171 228
903 68553 60 4 68833 220 280
457 68878 43 3 68921 0 43
811 68874 52 4 68969 43 95
807 69010 44 4 69054 0 44
980 69100 30 4 69130 0 30
550 69073 40 3 69143 30 70
650 68924 70 4 69153 159 229
886 69181 72 1 69253 0 72
461 69064 77 4 69302 161 238
477 69317 30 1 69347 0 30
437 69431 52 3 69483 0 52
768 69487 30 4 69517 0 30
600 69366 77 4 69525 82 159
244 69555 28 3 69583 0 28
855 69326 92 3 69626 208 300
570 69628 50 3 69678 0 50
864 69694 87 4 69781 0 87
671 69917 31 4 69948 0 31
904 69871 69 3 69971 31 100
714 70086 57 4 70143 0 57
546 70046 71 3 70174 57 128
849 70273 39 4 70312 0 39
657 70302 48 4 70360 10 58
245 70241 52 1 70380 87 139
9 70408 51 4 70459 0 51
522 70345 64 3 70495 86 150
271 70646 38 1 70684 0 38
497 70665 43 4 70727 19 62
745 70771 74 4 70845 0 74
360 70851 29 4 70880 0 29
827 70860 43 4 70923 20 63
840 71034 25 3 71059 0 25
525 70981 78 3 71084 25 103
797 71190 33 1 71223 0 33
400 71177 36 3 71246 33 69
458 71297 45 4 71342 0 45
548 71255 69 4 71369 45 114
644 71387 39 3 71426 0 39
15 71173 77 4 71472 222 299
12 71578 21 4 71599 0 21
277 71531 70 3 71622 21 91
874 71631 32 1 71663 0 32
678 71175 78 4 71673 420 498
756 71838 40 3 71878 0 40
491 72040 52 1 72092 0 52
396 72151 22 4 72173 0 22
974 72114 79 1 72215 22 101
380 72217 23 4 72240 0 23
654 72247 35 4 72282 0 35
177 72352 24 3 72376 0 24
602 72361 25 3 72401 15 40
89 72369 51 4 72452 32 83
894 72579 89 4 72668 0 89
183 72679 43 4 72722 0 43
351 72810 32 3 72842 0 32
613 72809 35 4 72876 32 67
949 72896 23 4 72919 0 23
370 72880 51 4 72954 23 74
140 72785 54 2 72980 141 195
929 72811 85 4 73065 169 254
333 73089 25 3 73114 0 25
503 73212 88 4 73300 0 88
572 73357 89 3 73446 0 89
648 73472 55 1 73527 0 55
599 73476 59 4 73586 51 110
922 73541 85 3 73671 45 130
829 73796 55 4 73851 0 55
33 73884 35 4 73919 0 35
147 74041 22 4 74063 0 22
58 74026 40 3 74088 22 62
407 74167 27 4 74194 0 27
972 74124 57 3 74208 27 84
155 74272 27 4 74299 0 27
422 74273 31 4 74330 26 57
469 74247 54 4 74359 58 112
793 74212 57 3 74381 112 169
802 74463 54 3 74517 0 54
927 74622 25 4 74647 0 25
532 74683 24 4 74707 0 24
977 74831 25 2 74856 0 25
482 74758 80 4 74863 25 105
895 74888 23 4 74911 0 23
93 74877 27 1 74927 23 50
193 75103 53 2 75156 0 53
498 75027 77 4 75157 53 130
134 75259 22 2 75281 0 22
906 75332 25 3 75357 0 25
862 75322 38 3 75385 25 63
46 75245 76 3 75406 85 161
225 75328 83 3 75489 78 161
757 75575 25 4 75600 0 25
233 75670 34 2 75704 0 34
668 75733 64 4 75797 0 64
900 75842 48 3 75890 0 48
828 75848 70 3 75960 42 112
658 75752 76 1 75991 163 239
353 76133 35 4 76168 0 35
62 76305 21 4 76326 0 21
442 76329 20 2 76349 0 20
44 76353 60 3 76413 0 60
40 76281 60 2 76442 101 161
428 76243 82 4 76486 161 243
30 76561 36 2 76597 0 36
680 76688 22 3 76710 0 22
194 76741 41 2 76782 0 41
760 76778 56 1 76838 4 60
777 77156 30 2 77186 0 30
707 77112 88 4 77230 30 118
3 77262 31 2 77293 0 31
704 77234 40 3 77305 31 71
367 77320 30 4 77350 0 30
814 77345 32 3 77382 5 37
251 77398 33 3 77431 0 33
366 77336 55 3 77470 79 134
260 77539 28 4 77567 0 28
647 77296 85 3 77568 187 272
202 77601 34 4 77635 0 34
735 77656 44 4 77700 0 44
772 77828 41 3 77869 0 41
242 77795 63 4 77899 41 104
92 77936 21 3 77957 0 21
473 78001 70 4 78071 0 70
645 78138 29 4 78167 0 29
174 78189 21 3 78210 0 21
742 78221 22 4 78243 0 22
108 78398 22 1 78420 0 22
698 78380 43 4 78445 22 65
528 78454 26 3 78480 0 26
691 78487 33 2 78520 0 33
315 78372 56 3 78552 124 180
278 78471 88 4 78640 81 169
504 78660 48 3 78708 0 48
444 78732 24 2 78756 0 24
378 78745 54 2 78810 11 65
136 78806 59 4 78869 4 63
988 78693 62 2 78907 152 214
397 78773 68 4 78975 134 202
586 79017 25 4 79042 0 25
240 79045 21 4 79066 0 21
162 79093 43 1 79136 0 43
933 79110 51 1 79187 26 77
452 79246 47 2 79293 0 47
712 79280 57 4 79350 13 70
564 79172 59 4 79350 119 178
539 79355 24 4 79379 0 24
549 79368 57 4 79436 11 68
65 79478 42 2 79520 0 42
577 79375 57 3 79535 103 160
638 79064 61 1 79564 439 500
141 79621 22 3 79643 0 22
468 79665 30 3 79695 0 30
192 79622 38 4 79711 51 89
513 79559 62 2 79716 95 157
460 79732 51 4 79783 0 51
401 79821 50 1 79871 0 50
836 79862 55 2 79926 9 64
372 79927 42 4 79969 0 42
805 79987 49 4 80036 0 49
309 79832 63 4 80080 185 248
486 79230 65 4 80091 796 861
574 79784 78 4 80169 307 385
391 80286 32 4 80318 0 32
884 80321 57 1 80378 0 57
285 80432 48 4 80480 0 48
753 80379 63 4 80490 48 111
694 80244 85 3 80529 200 285
594 80001 91 2 80545 453 544
91 80623 32 4 80655 0 32
771 80689 22 1 80711 0 22
18 80679 29 1 80730 22 51
885 80678 46 4 80775 51 97
64 80638 46 3 80798 114 160
395 80665 66 4 80864 133 199
421 80890 27 3 80917 0 27
552 80934 26 3 80960 0 26
831 81014 32 3 81046 0 32
305 80965 49 2 81046 32 81
703 80650 68 2 81066 348 416
787 80641 80 1 81146 425 505
83 81179 23 4 81202 0 23
830 81199 55 3 81257 3 58
304 81233 89 3 81346 24 113
713 81367 35 4 81427 25 60
356 81377 35 4 81437 25 60
167 81426 47 4 81484 11 58
250 81509 68 2 81577 0 68
334 81637 37 4 81674 0 37
767 81596 43 4 81676 37 80
143 81677 26 4 81703 0 26
652 81746 40 3 81786 0 40
542 81714 54 3 81808 40 94
176 81793 70 4 81878 15 85
427 81895 54 2 81949 0 54
467 81939 56 4 82005 10 66
247 82057 48 4 82105 0 48
738 82113 76 3 82189 0 76
377 81992 85 2 82214 137 222
362 82275 29 4 82304 0 29
865 82292 38 2 82342 12 50
992 82265 40 2 82372 67 107
674 82287 60 4 82432 85 145
434 82499 28 3 82527 0 28
153 82528 36 4 82564 0 36
412 82487 45 3 82596 64 109
931 82628 42 3 82670 0 42
868 82533 49 1 82687 105 154
841 82637 56 4 82743 50 106
568 82791 26 3 82817 0 26
621 82643 73 4 82842 126 199
505 82854 41 4 82895 0 41
470 82883 47 4 82942 12 59
34 82955 31 4 82986 0 31
7 82666 80 4 83041 295 375
612 83062 35 1 83097 0 35
429 83152 21 4 83173 0 21
231 82775 80 3 83177 322 402
430 83185 61 1 83246 0 61
493 82312 83 2 83266 871 954
358 83284 74 4 83358 0 74
857 82096 86 4 83375 1193 1279
246 82941 98 3 83473 434 532
863 83577 42 3 83619 0 42
544 83633 46 3 83679 0 46
964 83763 44 2 83807 0 44
404 83786 57 4 83864 21 78
441 83881 27 4 83908 0 27
792 83953 78 4 84031 0 78
597 84043 54 3 84097 0 54
32 83807 79 2 84102 216 295
517 84216 23 2 84239 0 23
5 84284 36 3 84320 0 36
149 84291 49 3 84369 29 78
90 84210 70 1 84388 108 178
100 84320 76 4 84464 68 144
80 84498 23 4 84521 0 23
926 84491 25 3 84539 23 48
804 84611 31 3 84642 0 31
6 84581 43 3 84655 31 74
201 84513 44 4 84657 100 144
872 84693 26 1 84719 0 26
454 84685 53 2 84764 26 79
822 84809 30 2 84839 0 30
803 84796 39 4 84865 30 69
343 84209 91 3 84868 568 659
38 84894 26 3 84920 0 26
341 85130 31 4 85161 0 31
72 85107 61 4 85199 31 92
418 85124 61 2 85260 75 136
956 85036 76 3 85265 153 229
509 85278 27 3 85305 0 27
111 85333 22 4 85355 0 22
510 85335 26 2 85381 20 46
31 85322 30 4 85400 48 78
615 85270 37 4 85412 105 142
676 85301 75 2 85487 111 186
125 85539 47 4 85586 0 47
289 85628 21 4 85649 0 21
352 85556 54 2 85661 51 105
893 85674 40 1 85714 0 40
128 85700 54 3 85768 14 68
511 85817 27 3 85844 0 27
601 85586 64 1 85846 196 260
963 85386 85 3 85879 408 493
211 86138 37 4 86175 0 37
232 86179 39 4 86218 0 39
953 86170 56 3 86270 44 100
443 86099 60 4 86291 132 192
848 86221 66 4 86357 70 136
76 86359 47 4 86406 0 47
576 86399 50 3 86456 7 57
971 86358 82 4 86537 97 179
661 86704 33 1 86737 0 33
604 86760 21 1 86781 0 21
234 86826 39 3 86865 0 39
228 86883 24 1 86907 0 24
433 86898 44 4 86951 9 53
411 86814 47 1 86968 107 154
667 86900 54 4 87022 68 122
928 86776 57 1 87046 213 270
581 86721 65 4 87088 302 367
253 87099 44 4 87143 0 44
119 87120 46 2 87189 23 69
531 87230 43 2 87273 0 43
940 87158 69 4 87301 74 143
744 87328 73 2 87401 0 73
216 86910 76 4 87439 453 529
724 87466 24 4 87490 0 24
95 87453 31 4 87508 24 55
763 87476 47 2 87555 32 79
449 87445 49 4 87596 102 151
270 87633 54 4 87687 0 54
789 87619 80 1 87753 54 134
114 87785 32 4 87817 0 32
799 87843 38 3 87881 0 38
416 87807 49 3 87904 48 97
875 87932 85 1 88017 0 85
918 87517 86 3 88020 417 503
230 88201 39 4 88240 0 39
732 88156 46 3 88241 39 85
778 88109 56 4 88250 85 141
507 88060 75 4 88276 141 216
598 88335 45 4 88380 0 45
24 88417 32 4 88449 0 32
172 88544 26 2 88570 0 26
306 88481 63 4 88570 26 89
223 88571 28 3 88599 0 28
266 88711 34 3 88745 0 34
205 88794 40 4 88834 0 40
987 88852 46 4 88898 0 46
689 88872 49 4 88947 26 75
955 88976 29 2 89005 0 29
529 89102 23 2 89125 0 23
795 89274 28 4 89302 0 28
238 89248 61 4 89337 28 89
916 89349 23 3 89372 0 23
791 89260 65 3 89425 100 165
179 89497 28 3 89525 0 28
989 89564 47 2 89611 0 47
345 89506 49 4 89621 66 115
94 89632 33 3 89665 0 33
346 89487 50 4 89694 157 207
465 89714 34 4 89748 0 34
316 89519 64 4 89792 209 273
267 89251 83 3 89813 479 562
540 89835 42 3 89882 5 47
471 89885 33 2 89918 0 33
587 89872 42 3 89952 38 80
867 89953 29 4 89982 0 29
290 89976 29 3 90011 6 35
999 90045 23 2 90068 0 23
320 90051 30 3 90098 17 47
717 90103 48 3 90151 0 48
958 90102 49 4 90199 48 97
743 89868 52 4 90212 292 344
514 90230 26 4 90256 0 26
512 90270 66 2 90336 0 66
438 90345 50 3 90395 0 50
920 90423 20 1 90443 0 20
764 90435 42 3 90485 8 50
472 90489 42 1 90531 0 42
420 90543 37 1 90580 0 37
593 90510 49 4 90617 58 107
107 90469 59 2 90672 144 203
910 90452 67 3 90739 220 287
168 90809 36 4 90845 0 36
484 90856 20 3 90876 0 20
952 90990 23 4 91013 0 23
339 91041 25 2 91066 0 25
611 91005 28 1 91066 33 61
379 91050 35 3 91101 16 51
97 91077 50 1 91151 24 74
67 91153 30 4 91183 0 30
37 91184 27 2 91211 0 27
870 91230 50 4 91280 0 50
210 90980 57 2 91305 268 325
464 91316 38 4 91354 0 38
833 91059 80 3 91423 284 364
313 91508 35 4 91543 0 35
144 91576 29 4 91605 0 29
858 91661 54 4 91715 0 54
394 91730 47 4 91777 0 47
402 91807 25 4 91832 0 25
375 91798 25 3 91848 25 50
622 91793 38 3 91881 50 88
662 91695 54 2 91904 155 209
887 91959 46 4 92005 0 46
206 91959 54 3 92059 46 100
524 91671 63 4 92067 333 396
876 92089 61 1 92150 0 61
664 92175 54 2 92229 0 54
679 92235 52 2 92287 0 52
731 92304 29 3 92333 0 29
534 92324 42 3 92375 9 51
77 92146 65 4 92392 181 246
387 92437 32 3 92469 0 32
2 92117 70 2 92494 307 377
164 92363 75 1 92569 131 206
417 91710 76 4 92676 890 966
393 92570 76 4 92699 53 129
624 92826 44 1 92870 0 44
819 92767 69 4 92880 44 113
166 92916 37 4 92953 0 37
255 92907 56 4 93000 37 93
163 93037 32 3 93069 0 32
755 93086 38 3 93124 0 38
530 93177 29 3 93206 0 29
775 93086 54 4 93207 67 121
773 93227 29 2 93256 0 29
319 93026 60 3 93268 182 242
483 93356 37 3 93393 0 37
331 93422 55 4 93477 0 55
629 93387 65 4 93513 61 126
264 93530 28 1 93558 0 28
719 93591 21 4 93612 0 21
603 93650 20 4 93670 0 20
538 93624 33 4 93677 20 53
801 93655 38 3 93715 22 60
725 93748 21 3 93769 0 21
973 93750 30 3 93799 19 49
579 93659 51 4 93817 107 158
823 93672 51 3 93868 145 196
490 93907 26 2 93933 0 26
82 93747 82 2 93976 147 229
866 94032 24 3 94056 0 24
616 94028 27 2 94079 24 51
693 94092 21 4 94113 0 21
187 94124 48 4 94172 0 48
640 94218 31 2 94249 0 31
591 94191 37 3 94259 31 68
976 94308 26 2 94334 0 26
158 94312 46 4 94380 22 68
336 94411 37 3 94448 0 37
535 94338 50 4 94467 79 129
960 94473 28 4 94501 0 28
398 94508 41 2 94549 0 41
130 94272 51 4 94551 228 279
354 94569 20 3 94589 0 20
606 94708 24 3 94732 0 24
518 94683 35 4 94742 24 59
837 94744 30 4 94774 0 30
405 94692 61 4 94833 80 141
740 94643 68 1 94861 150 218
459 94877 22 4 94899 0 22
533 94920 35 2 94955 0 35
150 94862 59 1 94978 57 116
620 94357 77 4 94982 548 625
43 95038 55 4 95093 0 55
156 94283 82 3 95119 754 836
562 94845 93 2 95212 274 367
185 95246 22 3 95268 0 22
785 95239 44 2 95305 22 66
365 95336 22 4 95358 0 22
357 95268 46 4 95373 59 105
860 95343 56 1 95429 30 86
207 95245 71 4 95500 184 255
727 95378 85 3 95585 122 207
478 95587 34 4 95621 0 34
180 95616 36 4 95657 5 41
25 95663 34 3 95697 0 34
930 95699 51 2 95750 0 51
983 95823 46 3 95869 0 46
115 95917 38 4 95955 0 38
499 95963 29 3 95992 0 29
105 95959 36 4 96024 29 65
665 95900 51 4 96054 103 154
13 95938 58 3 96112 116 174
218 96080 59 4 96171 32 91
969 95996 64 1 96235 175 239
17 95935 67 4 96302 300 367
781 96345 60 4 96405 0 60
614 96434 33 3 96467 0 33
984 96452 38 4 96505 15 53
425 96444 43 4 96548 61 104
382 96574 32 3 96606 0 32
853 96509 46 3 96626 71 117
28 96513 75 4 96701 113 188
936 96754 23 4 96777 0 23
198 96740 30 4 96793 23 53
991 96797 21 2 96818 0 21
935 96797 35 2 96853 21 56
453 96864 20 3 96884 0 20
537 96840 60 3 96933 33 93
215 96494 76 4 96966 396 472
701 96982 34 4 97016 0 34
585 96799 76 1 97076 201 277
526 97081 21 4 97102 0 21
51 97150 29 4 97179 0 29
610 97184 23 2 97207 0 23
129 97183 38 4 97244 23 61
184 97218 42 4 97286 26 68
631 97304 20 4 97324 0 20
291 97339 43 2 97382 0 43
733 97184 47 3 97396 165 212
747 97187 56 2 97452 209 265
54 97380 57 1 97509 72 129
675 97485 58 3 97567 24 82
820 97445 65 2 97632 122 187
784 97675 24 2 97699 0 24
915 97501 66 2 97722 155 221
845 97724 36 4 97760 0 36
578 97772 36 4 97808 0 36
699 97043 77 4 97814 694 771
8 97823 36 3 97859 0 36
81 97868 30 3 97898 0 30
737 97832 41 1 97930 57 98
332 97195 82 3 98003 726 808
448 96053 87 4 98018 1878 1965
476 98082 23 3 98105 0 23
311 97589 90 3 98131 452 542
843 98191 35 3 98226 0 35
709 98233 54 4 98287 0 54
314 96339 94 4 98314 1881 1975
783 98334 25 1 98359 0 25
66 98381 21 3 98402 0 21
435 98490 46 4 98536 0 46
447 98573 47 3 98620 0 47
214 98492 52 1 98635 91 143
710 98593 60 1 98695 42 102
248 98710 36 3 98746 0 36
220 98824 26 3 98850 0 26
728 98867 25 2 98892 0 25
897 99060 24 4 99084 0 24
898 99062 98 4 99182 22 120
617 99207 23 2 99230 0 23
99 99289 46 4 99378 43 89
243 99292 46 4 99381 43 89
696 99378 47 2 99428 3 50
45 99244 55 4 99438 139 194
633 99462 49 1 99511 0 49
226 99234 56 4 99533 243 299
317 99537 39 2 99576 0 39
748 99605 22 4 99627 0 22
424 99351 57 3 99651 243 300
160 99688 27 4 99715 0 27
632 99681 51 4 99759 27 78
273 99432 62 4 99791 297 359
227 99771 65 4 99856 20 85
536 99920 40 4 99960 0 40
925 99964 42 2 100006 0 42
751 99934 60 1 100062 68 128
110 99624 66 3 100064 374 440
330 99840 68 4 100132 224 292
607 99779 70 3 100202 353 423
670 99954 77 1 100279 248 325
560 99724 88 4 100367 555 643
