102378 1000 397 337
524 3057 50 3 3107 0 50
279 3281 63 2 3344 0 63
954 4685 59 4 4744 0 59
127 5346 60 3 5406 0 60
773 6974 51 3 7025 0 51
895 7148 46 4 7194 0 46
763 7570 63 1 7633 0 63
324 8944 54 3 8998 0 54
608 9095 62 4 9157 0 62
437 9656 62 3 9718 0 62
454 10214 37 4 10251 0 37
529 10989 53 2 11042 0 53
137 12822 66 3 12888 0 66
610 13135 53 3 13188 0 53
508 13204 61 1 13265 0 61
364 14044 40 2 14084 0 40
941 14063 58 3 14142 21 79
562 15015 39 3 15054 0 39
855 15352 69 4 15421 0 69
877 15650 53 2 15703 0 53
685 15999 83 2 16082 0 83
379 16131 47 3 16178 0 47
822 16794 55 1 16849 0 55
82 16859 27 4 16886 0 27
748 16961 74 4 17035 0 74
907 17638 94 3 17732 0 94
650 17739 52 1 17791 0 52
281 17979 65 4 18044 0 65
732 18158 56 1 18214 0 56
257 18285 50 4 18335 0 50
229 18443 60 4 18503 0 60
698 18580 37 4 18617 0 37
700 18704 52 4 18756 0 52
310 18960 64 3 19024 0 64
377 19272 52 3 19324 0 52
586 19558 42 3 19600 0 42
826 19621 49 2 19670 0 49
228 19688 58 4 19746 0 58
322 19811 51 4 19862 0 51
986 20109 43 4 20152 0 43
338 20132 56 2 20208 20 76
649 20190 49 1 20257 18 67
598 20746 60 1 20806 0 60
485 20791 42 4 20848 15 57
408 21236 54 1 21290 0 54
397 21474 60 3 21534 0 60
222 21659 58 4 21717 0 58
682 21807 58 4 21865 0 58
833 22765 48 3 22813 0 48
70 22854 99 4 22953 0 99
750 23043 69 4 23112 0 69
230 23118 76 4 23194 0 76
24 24126 68 4 24194 0 68
102 24179 78 4 24272 15 93
270 24603 52 3 24655 0 52
395 24619 47 4 24702 36 83
515 24661 75 4 24777 41 116
239 24911 77 2 24988 0 77
998 24916 37 4 25025 72 109
168 25027 73 1 25100 0 73
487 25051 67 4 25167 49 116
674 25127 43 3 25210 40 83
458 25045 69 3 25279 165 234
931 25213 81 3 25360 66 147
584 25348 23 4 25383 12 35
327 25421 63 3 25484 0 63
887 25428 54 2 25538 56 110
796 26063 65 2 26128 0 65
138 26167 72 1 26239 0 72
463 26379 78 1 26457 0 78
371 26869 48 3 26917 0 48
882 26880 69 3 26986 37 106
390 27001 57 2 27058 0 57
872 27274 38 2 27312 0 38
480 27329 82 3 27411 0 82
900 27430 74 2 27504 0 74
359 27577 60 4 27637 0 60
870 27827 49 4 27876 0 49
782 27993 48 4 28041 0 48
366 28175 56 4 28231 0 56
934 28213 47 2 28278 18 65
358 28233 63 4 28341 45 108
163 28459 50 4 28509 0 50
578 28461 90 2 28599 48 138
332 28589 71 3 28670 10 81
982 28862 64 4 28926 0 64
612 28884 38 4 28964 42 80
537 28875 41 3 29005 89 130
664 29437 79 3 29516 0 79
642 29785 82 2 29867 0 82
214 29887 71 2 29958 0 71
450 30465 72 3 30537 0 72
38 31314 71 4 31385 0 71
47 31344 75 4 31460 41 116
798 31714 50 4 31764 0 50
684 31833 75 4 31908 0 75
896 31853 80 4 31988 55 135
558 32025 40 4 32065 0 40
714 32290 56 2 32346 0 56
563 32647 55 3 32702 0 55
554 32813 51 2 32864 0 51
630 33249 77 4 33326 0 77
399 33306 35 4 33361 20 55
43 34130 100 4 34230 0 100
945 34182 46 2 34276 48 94
772 34336 48 4 34384 0 48
786 34438 81 3 34519 0 81
836 34519 56 3 34575 0 56
599 34672 58 3 34730 0 58
62 34816 75 2 34891 0 75
5 34828 51 3 34942 63 114
378 34932 59 4 35001 10 69
186 34949 84 4 35085 52 136
325 35081 59 4 35144 4 63
506 35046 72 4 35216 98 170
39 35188 20 1 35236 28 48
495 35338 70 3 35408 0 70
85 35621 66 3 35687 0 66
885 35657 59 4 35746 30 89
758 35730 90 3 35836 16 106
681 35772 47 4 35883 64 111
848 35801 65 4 35948 82 147
354 35909 37 3 35985 39 76
59 36061 55 3 36116 0 55
702 36181 79 3 36260 0 79
253 36191 37 4 36297 69 106
112 36486 31 4 36517 0 31
874 36510 60 1 36577 7 67
867 36682 56 3 36738 0 56
316 36907 67 2 36974 0 67
597 37022 61 1 37083 0 61
981 37112 58 2 37170 0 58
492 37164 52 4 37222 6 58
699 37192 52 3 37274 30 82
718 37236 52 4 37326 38 90
406 37293 43 3 37369 33 76
601 37329 49 4 37418 40 89
523 37418 65 4 37483 0 65
510 37865 47 3 37912 0 47
472 38232 92 4 38324 0 92
517 38246 94 3 38418 78 172
715 38391 67 3 38485 27 94
600 38469 65 4 38550 16 81
315 38375 73 3 38623 175 248
834 38593 88 4 38711 30 118
10 38720 22 2 38742 0 22
520 38837 60 4 38897 0 60
27 38951 68 3 39019 0 68
865 39307 81 2 39388 0 81
42 39371 44 4 39432 17 61
25 39392 69 2 39501 40 109
427 39438 85 2 39586 63 148
741 39403 100 3 39686 183 283
294 39732 77 1 39809 0 77
439 39867 82 2 39949 0 82
910 40101 49 4 40150 0 49
777 40135 65 2 40215 15 80
140 40114 69 3 40284 101 170
122 40245 35 1 40319 39 74
407 40564 55 4 40619 0 55
993 40614 43 1 40662 5 48
812 40862 36 2 40898 0 36
827 40967 64 3 41031 0 64
898 41092 48 2 41140 0 48
903 41223 79 4 41302 0 79
348 41329 53 2 41382 0 53
352 41386 79 4 41465 0 79
445 41412 72 4 41537 53 125
707 41846 56 3 41902 0 56
440 41872 57 3 41959 30 87
565 41920 46 3 42005 39 85
347 42005 54 4 42059 0 54
373 42058 45 3 42104 1 46
825 41977 61 2 42165 127 188
532 42093 64 1 42229 72 136
258 42184 32 4 42261 45 77
221 42113 65 3 42326 148 213
141 41860 90 4 42416 466 556
92 42510 64 4 42574 0 64
225 42542 50 4 42624 32 82
153 42859 44 4 42903 0 44
609 42982 74 2 43056 0 74
883 43020 65 4 43121 36 101
26 43091 32 3 43153 30 62
875 43075 43 3 43196 78 121
53 43268 63 3 43331 0 63
100 43370 73 1 43443 0 73
775 43375 59 4 43502 68 127
969 43561 38 4 43599 0 38
194 43751 81 2 43832 0 81
569 44021 38 4 44059 0 38
749 44079 44 3 44123 0 44
133 44103 61 3 44184 20 81
385 44186 46 1 44232 0 46
997 44195 80 3 44312 37 117
579 44297 43 3 44355 15 58
821 44331 96 3 44451 24 120
502 44401 70 2 44521 50 120
60 44379 76 2 44597 142 218
725 44646 69 4 44715 0 69
973 44930 72 4 45002 0 72
499 45350 82 4 45432 0 82
591 45420 83 1 45515 12 95
720 45652 50 2 45702 0 50
509 45745 78 4 45823 0 78
588 45758 48 2 45871 65 113
166 45814 52 2 45923 57 109
31 45767 82 3 46005 156 238
816 46005 58 4 46063 0 58
446 46006 67 3 46130 57 124
34 46083 52 4 46182 47 99
839 45888 83 3 46265 294 377
806 46220 69 4 46334 45 114
336 46214 73 3 46407 120 193
429 46466 83 3 46549 0 83
951 46541 49 3 46598 8 57
414 46481 71 4 46669 117 188
626 46799 78 4 46877 0 78
159 46866 42 4 46919 11 53
897 46932 57 4 46989 0 57
335 47098 50 3 47148 0 50
742 47122 43 4 47191 26 69
481 47154 95 4 47286 37 132
500 47217 65 4 47351 69 134
259 47349 36 3 47387 2 38
759 47361 64 4 47451 26 90
318 47475 78 4 47553 0 78
913 47749 52 2 47801 0 52
760 47749 66 4 47867 52 118
453 47838 49 4 47916 29 78
129 48095 95 1 48190 0 95
545 48189 76 3 48266 1 77
271 48330 46 1 48376 0 46
12 48361 48 3 48424 15 63
434 48341 97 2 48521 83 180
536 48630 39 4 48669 0 39
226 48732 42 3 48774 0 42
383 48794 74 2 48868 0 74
404 48840 48 3 48916 28 76
987 48885 35 4 48951 31 66
470 49002 64 3 49066 0 64
957 49234 81 4 49315 0 81
207 49325 51 4 49376 0 51
778 49372 33 3 49409 4 37
713 49438 41 4 49479 0 41
766 49542 68 3 49610 0 68
518 49686 74 1 49760 0 74
604 49721 57 3 49817 39 96
157 49892 40 3 49932 0 40
185 49939 61 3 50000 0 61
211 50076 81 4 50157 0 81
645 50316 50 2 50366 0 50
776 50353 65 3 50431 13 78
342 50326 76 3 50507 105 181
114 50341 77 2 50584 166 243
107 50843 56 4 50899 0 56
223 50973 43 3 51016 0 43
774 50992 58 2 51074 24 82
511 51025 62 3 51136 49 111
388 51133 74 3 51210 3 77
829 51158 44 2 51254 52 96
785 51160 47 4 51301 94 141
433 51188 58 4 51359 113 171
287 51247 67 3 51426 112 179
498 51147 83 4 51509 279 362
869 51495 63 2 51572 14 77
633 51498 67 3 51639 74 141
902 51633 54 3 51693 6 60
628 51431 81 2 51774 262 343
996 51716 74 3 51848 58 132
285 51799 50 2 51898 49 99
195 51873 72 2 51970 25 97
781 51738 76 4 52046 232 308
443 51722 89 3 52135 324 413
726 52075 55 4 52190 60 115
593 52119 95 4 52285 71 166
36 52225 68 4 52353 60 128
919 52215 70 3 52423 138 208
544 52458 45 2 52503 0 45
476 52553 37 3 52590 0 37
657 52607 48 4 52655 0 48
179 52656 65 3 52721 0 65
751 52965 46 4 53011 0 46
637 52979 54 3 53065 32 86
801 52999 55 4 53120 66 121
88 53178 60 3 53238 0 60
863 53232 64 2 53302 6 70
671 53226 66 1 53368 76 142
769 53349 60 4 53428 19 79
793 53428 52 3 53480 0 52
930 53536 67 4 53603 0 67
892 53560 47 4 53650 43 90
491 53557 62 3 53712 93 155
164 53715 53 4 53768 0 53
915 53792 78 4 53870 0 78
145 53803 48 3 53918 67 115
64 53852 68 1 53986 66 134
768 53981 41 4 54027 5 46
856 54027 73 3 54100 0 73
880 54130 81 3 54211 0 81
985 54296 72 3 54368 0 72
909 54332 62 3 54430 36 98
435 54443 61 3 54504 0 61
218 54656 77 2 54733 0 77
484 54724 71 4 54804 9 80
369 54792 60 1 54864 12 72
392 54856 45 4 54909 8 53
577 54720 78 2 54987 189 267
552 54953 88 3 55075 34 122
301 55003 74 3 55149 72 146
334 55145 72 2 55221 4 76
479 55156 48 2 55269 65 113
787 55243 36 4 55305 26 62
914 55572 25 3 55597 0 25
331 55590 74 4 55671 7 81
596 55612 64 3 55735 59 123
527 55717 29 2 55764 18 47
210 55755 71 4 55835 9 80
486 55690 77 3 55912 145 222
328 55573 90 3 56002 339 429
29 55964 52 1 56054 38 90
209 56042 63 3 56117 12 75
255 56126 65 2 56191 0 65
232 56180 71 3 56262 11 82
15 56188 96 2 56358 74 170
244 56269 43 3 56401 89 132
460 56313 81 4 56482 88 169
171 56747 69 1 56816 0 69
723 56853 33 3 56886 0 33
631 57235 62 3 57297 0 62
350 57267 66 3 57363 30 96
431 57349 46 3 57409 14 60
376 57385 43 3 57452 24 67
61 57571 42 3 57613 0 42
853 57637 60 2 57697 0 60
503 57868 45 4 57913 0 45
607 57939 60 1 57999 0 60
291 57993 70 4 58069 6 76
639 58050 57 1 58126 19 76
282 58018 74 1 58200 108 182
963 58159 69 4 58269 41 110
251 58279 67 4 58346 0 67
947 58402 57 4 58459 0 57
988 58442 72 1 58531 17 89
505 58728 83 2 58811 0 83
990 58869 86 4 58955 0 86
929 58875 63 4 59018 80 143
894 59085 50 4 59135 0 50
948 59203 81 3 59284 0 81
501 59224 53 2 59337 60 113
411 59227 61 4 59398 110 171
849 59213 78 2 59476 185 263
794 59550 54 4 59604 0 54
191 59587 58 3 59662 17 75
651 59614 67 4 59729 48 115
288 59956 46 4 60002 0 46
66 59962 20 4 60022 40 60
846 60022 75 3 60097 0 75
192 60035 32 2 60129 62 94
206 60169 49 3 60218 0 49
811 60170 56 2 60274 48 104
687 60239 50 4 60324 35 85
393 60316 38 4 60362 8 46
942 60245 55 4 60417 117 172
906 60360 73 3 60490 57 130
87 60615 56 3 60671 0 56
365 60633 75 2 60746 38 113
181 60717 36 4 60782 29 65
238 60731 59 4 60841 51 110
23 60800 56 3 60897 41 97
535 60733 72 3 60969 164 236
353 61091 55 2 61146 0 55
522 61094 77 1 61223 52 129
190 61254 92 4 61346 0 92
961 61267 51 3 61397 79 130
465 61272 92 2 61489 125 217
629 61520 64 3 61584 0 64
541 61639 77 4 61716 0 77
977 61674 53 4 61769 42 95
739 61765 52 4 61821 4 56
570 61678 60 2 61881 143 203
117 61771 71 2 61952 110 181
676 61879 73 3 62025 73 146
172 61999 38 4 62063 26 64
743 62013 41 4 62104 50 91
716 62042 43 4 62147 62 105
143 62141 44 4 62191 6 50
606 62076 61 4 62252 115 176
432 62233 61 4 62313 19 80
455 62027 69 4 62382 286 355
744 62379 47 3 62429 3 50
356 62025 83 4 62512 404 487
188 62680 51 3 62731 0 51
170 62861 38 3 62899 0 38
167 62958 50 3 63008 0 50
156 63011 87 3 63098 0 87
56 63038 53 4 63151 60 113
514 63175 68 3 63243 0 68
361 63201 61 2 63304 42 103
438 63272 48 4 63352 32 80
215 63521 77 2 63598 0 77
966 63558 52 3 63650 40 92
643 63596 56 4 63706 54 110
333 63737 71 3 63808 0 71
110 63757 42 3 63850 51 93
410 63830 71 4 63921 20 91
847 63930 49 4 63979 0 49
813 64000 43 4 64043 0 43
568 64053 71 4 64124 0 71
241 64120 60 4 64184 4 64
735 64155 38 2 64222 29 67
441 64156 58 2 64280 66 124
41 64415 49 4 64464 0 49
668 64428 44 3 64508 36 80
382 64576 62 4 64638 0 62
263 64686 36 3 64722 0 36
217 64689 30 3 64752 33 63
367 64696 53 3 64805 56 109
857 64805 39 1 64844 0 39
147 64837 44 4 64888 7 51
160 64869 27 1 64915 19 46
131 65003 45 2 65048 0 45
818 65379 80 4 65459 0 80
9 65397 55 4 65514 62 117
233 65490 84 3 65598 24 108
292 65535 59 4 65657 63 122
426 65626 38 4 65695 31 69
48 65537 70 4 65765 158 228
663 65761 52 3 65817 4 56
200 65800 70 1 65887 17 87
18 66023 91 3 66114 0 91
464 66164 33 2 66197 0 33
296 66217 81 3 66298 0 81
697 66312 49 3 66361 0 49
428 66416 56 4 66472 0 56
683 66448 49 3 66521 24 73
767 66624 81 4 66705 0 81
823 66929 58 2 66987 0 58
55 67037 38 3 67075 0 38
14 67098 26 4 67124 0 26
921 67099 30 3 67154 25 55
636 67101 35 4 67189 53 88
548 67171 59 4 67248 18 77
483 67223 62 1 67310 25 87
858 67189 66 4 67376 121 187
690 67247 67 2 67443 129 196
3 67392 60 4 67503 51 111
590 67446 46 2 67549 57 103
661 67219 71 3 67620 330 401
4 67116 73 4 67693 504 577
770 67646 56 1 67749 47 103
123 67789 60 4 67849 0 60
622 67816 26 1 67875 33 59
752 67851 34 3 67909 24 58
266 67886 35 1 67944 23 58
68 67878 60 2 68004 66 126
299 67868 61 3 68065 136 197
58 68005 59 4 68124 60 119
76 68072 61 3 68185 52 113
355 68144 48 2 68233 41 89
745 68353 64 2 68417 0 64
724 68456 50 1 68506 0 50
183 68665 63 1 68728 0 63
802 68761 77 3 68838 0 77
387 68922 54 4 68976 0 54
533 68938 38 1 69014 38 76
614 68991 52 3 69066 23 75
730 69014 81 4 69147 52 133
540 69095 65 3 69212 52 117
859 69018 83 3 69295 194 277
381 69282 43 2 69338 13 56
150 69304 61 4 69399 34 95
881 69415 40 4 69455 0 40
227 69583 64 2 69647 0 64
280 69599 54 3 69701 48 102
557 69677 61 3 69762 24 85
119 69658 72 1 69834 104 176
148 69776 77 2 69911 58 135
784 69885 60 3 69971 26 86
8 69619 84 4 70055 352 436
653 70011 45 4 70100 44 89
368 70077 65 3 70165 23 88
158 70122 35 3 70200 43 78
670 70163 60 4 70260 37 97
800 70230 45 2 70305 30 75
972 70215 64 4 70369 90 154
582 70324 46 4 70415 45 91
319 70242 70 4 70485 173 243
960 70452 63 4 70548 33 96
202 70511 54 4 70602 37 91
878 70196 72 3 70674 406 478
530 70242 86 4 70760 432 518
146 70696 73 3 70833 64 137
667 70214 87 3 70920 619 706
417 71090 77 3 71167 0 77
134 71152 66 4 71233 15 81
665 71198 49 2 71282 35 84
317 71338 72 3 71410 0 72
262 71609 61 4 71670 0 61
109 71987 41 3 72028 0 41
490 71987 44 4 72072 41 85
686 72050 50 1 72122 22 72
212 72030 64 4 72186 92 156
104 72133 65 3 72251 53 118
52 72122 69 4 72320 129 198
551 72161 74 4 72394 159 233
719 72060 74 1 72468 334 408
964 72415 73 4 72541 53 126
868 72268 77 1 72618 273 350
989 72628 67 4 72695 0 67
345 72629 71 3 72766 66 137
731 72701 50 4 72816 65 115
98 72820 55 3 72875 0 55
711 72898 28 2 72926 0 28
199 72922 66 1 72992 4 70
691 73014 48 2 73062 0 48
121 73031 65 2 73127 31 96
2 73180 93 2 73273 0 93
838 73340 42 4 73382 0 42
468 73438 64 1 73502 0 64
475 73461 59 4 73561 41 100
904 73538 83 2 73644 23 106
841 73639 60 2 73704 5 65
213 73640 63 3 73767 64 127
120 73752 33 3 73800 15 48
77 73754 35 3 73835 46 81
937 73748 61 3 73896 87 148
449 73836 52 4 73948 60 112
641 73751 64 1 74012 197 261
273 73992 59 4 74071 20 79
658 74067 53 4 74124 4 57
409 74006 61 4 74185 118 179
40 74160 28 1 74213 25 53
105 74140 61 3 74274 73 134
302 74133 65 2 74339 141 206
669 73905 68 3 74407 434 502
103 74372 55 3 74462 35 90
430 74427 68 3 74530 35 103
303 74366 68 2 74598 164 232
489 74544 52 3 74650 54 106
349 73704 68 1 74718 946 1014
71 73571 69 1 74787 1147 1216
922 74399 70 1 74857 388 458
791 73599 72 2 74929 1258 1330
236 73964 75 4 75004 965 1040
507 74102 76 4 75080 902 978
619 75027 38 4 75118 53 91
99 74907 77 4 75195 211 288
560 75170 50 4 75245 25 75
534 75155 62 3 75307 90 152
704 75272 39 4 75346 35 74
330 75264 67 2 75413 82 149
783 75147 68 3 75481 266 334
583 75472 56 4 75537 9 65
835 75463 66 2 75603 74 140
928 75565 27 4 75630 38 65
466 75607 51 3 75681 23 74
219 75541 63 4 75744 140 203
462 75718 40 4 75784 26 66
75 75717 51 2 75835 67 118
976 75784 53 4 75888 51 104
924 75872 21 4 75909 16 37
602 75683 65 1 75974 226 291
925 75911 66 4 76040 63 129
738 76037 43 3 76083 3 46
144 76017 45 2 76128 66 111
652 76125 35 3 76163 3 38
83 76161 42 4 76205 2 44
488 76123 49 3 76254 82 131
574 76228 47 4 76301 26 73
154 76282 56 4 76357 19 75
28 76302 41 4 76398 55 96
971 75947 66 4 76464 451 517
546 76373 67 4 76531 91 158
11 76492 32 3 76563 39 71
756 75920 67 4 76630 643 710
162 76148 69 3 76699 482 551
733 76650 38 4 76737 49 87
169 76737 33 3 76770 0 33
513 76727 69 2 76839 43 112
444 76797 58 3 76897 42 100
911 76865 47 3 76944 32 79
648 76344 70 3 77014 600 670
893 76974 60 3 77074 40 100
469 76433 71 4 77145 641 712
247 77126 57 1 77202 19 76
422 77185 49 2 77251 17 66
295 77185 59 1 77310 66 125
940 77173 65 1 77375 137 202
617 77166 67 1 77442 209 276
845 75254 76 4 77518 2188 2264
197 77457 47 4 77565 61 108
496 77482 47 4 77612 83 130
97 77601 52 1 77664 11 63
797 74378 79 2 77743 3286 3365
113 77737 57 4 77800 6 63
932 77777 48 1 77848 23 71
917 77817 50 3 77898 31 81
269 77800 74 4 77972 98 172
876 77729 76 4 78048 243 319
176 78046 51 3 78099 2 53
49 78010 57 3 78156 89 146
189 78026 61 4 78217 130 191
277 78001 64 3 78281 216 280
74 78249 57 1 78338 32 89
531 78334 41 4 78379 4 45
436 78292 45 4 78424 87 132
656 78388 55 4 78479 36 91
946 78466 49 3 78528 13 62
497 78320 58 2 78586 208 266
754 78552 47 4 78633 34 81
201 78373 63 1 78696 260 323
44 77887 80 1 78776 809 889
320 78747 68 3 78844 29 97
234 78804 58 4 78902 40 98
644 76210 81 3 78983 2692 2773
177 74989 81 3 79064 3994 4075
580 79028 58 4 79122 36 94
677 79035 73 4 79195 87 160
950 79179 79 2 79274 16 95
555 75909 81 2 79355 3365 3446
7 79291 58 3 79413 64 122
795 79370 52 3 79465 43 95
712 79376 59 2 79524 89 148
22 79337 68 4 79592 187 255
423 79540 63 4 79655 52 115
424 79602 28 4 79683 53 81
746 79533 67 2 79750 150 217
831 79470 73 3 79823 280 353
654 79769 52 4 79875 54 106
566 79513 73 3 79948 362 435
975 73795 84 4 80032 6153 6237
992 80013 46 3 80078 19 65
805 80019 58 1 80136 59 117
561 80116 48 2 80184 20 68
692 80006 66 3 80250 178 244
208 80230 77 2 80327 20 97
35 80252 48 1 80375 75 123
268 80360 79 2 80454 15 94
447 74105 86 4 80540 6349 6435
405 78592 86 3 80626 1948 2034
871 80581 46 4 80672 45 91
45 80621 52 4 80724 51 103
613 80714 50 4 80774 10 60
362 80611 55 3 80829 163 218
679 80586 56 2 80885 243 299
842 76784 87 4 80972 4101 4188
538 80929 51 2 81023 43 94
528 80997 62 3 81085 26 88
747 74629 87 3 81172 6456 6543
252 81115 57 3 81229 57 114
955 81203 41 1 81270 26 67
180 81238 55 2 81325 32 87
526 81302 40 3 81365 23 63
736 81334 35 2 81400 31 66
547 81330 67 4 81467 70 137
933 81216 72 1 81539 251 323
979 81509 45 2 81584 30 75
80 81573 48 2 81632 11 59
341 81501 54 4 81686 131 185
249 81661 61 2 81747 25 86
126 81729 43 4 81790 18 61
187 81518 67 3 81857 272 339
967 81292 82 2 81939 565 647
938 81863 44 2 81983 76 120
474 81878 46 3 82029 105 151
729 81983 75 2 82104 46 121
525 81900 77 4 82181 204 281
67 82164 31 3 82212 17 48
389 82204 31 4 82243 8 39
240 82225 31 2 82274 18 49
659 82216 71 4 82345 58 129
46 82344 66 2 82411 1 67
357 82362 57 2 82468 49 106
457 82428 40 4 82508 40 80
161 82500 43 4 82551 8 51
149 82515 26 2 82577 36 62
339 82565 45 4 82622 12 57
616 82421 50 1 82672 201 251
254 82541 53 4 82725 131 184
16 82694 24 3 82749 31 55
953 82700 44 3 82793 49 93
755 82769 48 3 82841 24 72
402 82619 54 1 82895 222 276
792 82623 58 4 82953 272 330
980 82839 64 2 83017 114 178
267 82971 50 1 83067 46 96
420 82448 66 4 83133 619 685
91 83096 40 2 83173 37 77
380 83005 67 4 83240 168 235
765 82734 78 4 83318 506 584
890 82320 79 3 83397 998 1077
90 83374 48 4 83445 23 71
567 83000 80 2 83525 445 525
632 81769 85 2 83610 1756 1841
13 83578 87 3 83697 32 119
248 79771 90 4 83787 3926 4016
116 83715 47 1 83834 72 119
559 83774 57 2 83891 60 117
673 83862 21 4 83912 29 50
243 74861 90 4 84002 9051 9141
638 75044 96 4 84098 8958 9054
717 78068 99 4 84197 6030 6129
274 84103 29 2 84226 94 123
620 84225 41 3 84267 1 42
132 84207 50 3 84317 60 110
196 84207 57 3 84374 110 167
337 84341 68 4 84442 33 101
37 84475 61 3 84536 0 61
837 84529 35 2 84571 7 42
675 84532 42 4 84613 39 81
237 84498 53 4 84666 115 168
165 84587 55 2 84721 79 134
809 84831 77 4 84908 0 77
908 84906 62 3 84970 2 64
542 84925 84 4 85054 45 129
93 85011 39 2 85093 43 82
958 85017 51 3 85144 76 127
605 85089 58 3 85202 55 113
916 85204 64 2 85268 0 64
256 85279 46 3 85325 0 46
640 85325 60 3 85385 0 60
886 85378 48 4 85433 7 55
705 85310 69 2 85502 123 192
571 85410 87 3 85589 92 179
421 85554 71 3 85660 35 106
573 85556 78 4 85738 104 182
753 85709 71 2 85809 29 100
539 85809 45 3 85854 0 45
309 85406 94 4 85948 448 542
572 85940 43 4 85991 8 51
415 85923 51 1 86042 68 119
764 85896 73 4 86115 146 219
412 86085 61 4 86176 30 91
959 86096 61 4 86237 80 141
111 86229 51 2 86288 8 59
152 86165 63 3 86351 123 186
343 86247 67 2 86418 104 171
575 86356 44 4 86462 62 106
139 86401 73 3 86535 61 134
394 86529 27 1 86562 6 33
272 86521 86 2 86648 41 127
204 86604 71 2 86719 44 115
864 86659 31 4 86750 60 91
646 86668 60 2 86810 82 142
962 86798 34 3 86844 12 46
175 86767 44 2 86888 77 121
701 86867 50 4 86938 21 71
939 86905 35 3 86973 33 68
81 86901 41 2 87014 72 113
728 86908 59 3 87073 106 165
803 87043 66 4 87139 30 96
974 86599 84 2 87223 540 624
549 87185 56 3 87279 38 94
624 87224 45 4 87324 55 100
128 87277 56 3 87380 47 103
780 87354 26 1 87406 26 52
321 87361 58 4 87464 45 103
521 87457 43 3 87507 7 50
101 87434 47 3 87554 73 120
968 87538 57 2 87611 16 73
891 87586 39 3 87650 25 64
550 87141 59 4 87709 509 568
706 87206 63 4 87772 503 566
106 87766 43 4 87815 6 49
861 87177 68 2 87883 638 706
360 87219 71 2 87954 664 735
493 87937 52 4 88006 17 69
293 87004 87 4 88093 1002 1089
789 88090 36 3 88129 3 39
125 88129 53 4 88182 0 53
142 86974 88 4 88270 1208 1296
662 88225 41 4 88311 45 86
956 88283 55 4 88366 28 83
136 88329 20 4 88386 37 57
884 88413 91 2 88504 0 91
888 88438 54 3 88558 66 120
451 88485 64 2 88622 73 137
33 88512 71 3 88693 110 181
220 88655 72 3 88765 38 110
621 88753 58 3 88823 12 70
912 88823 62 4 88885 0 62
205 88830 33 2 88918 55 88
21 88903 42 4 88960 15 57
298 88676 76 4 89036 284 360
999 88645 84 2 89120 391 475
851 89056 61 4 89181 64 125
965 89177 77 4 89258 4 81
866 89215 42 4 89300 43 85
556 89274 66 1 89366 26 92
456 89285 70 2 89436 81 151
50 89306 71 2 89507 130 201
820 89462 59 3 89566 45 104
519 89516 65 3 89631 50 115
459 89483 70 4 89701 148 218
30 89430 73 3 89774 271 344
585 89663 74 3 89848 111 185
173 89837 42 2 89890 11 53
594 89836 67 2 89957 54 121
635 89900 49 3 90006 57 106
693 89625 77 3 90083 381 458
482 90028 56 3 90139 55 111
250 90083 78 1 90217 56 134
471 90187 43 1 90260 30 73
899 90239 23 1 90283 21 44
278 90208 61 3 90344 75 136
203 90195 68 3 90412 149 217
329 90372 67 4 90479 40 107
84 90305 69 3 90548 174 243
54 90487 72 2 90620 61 133
844 90596 51 4 90671 24 75
949 90627 30 4 90701 44 74
89 90685 41 4 90742 16 57
178 90646 56 4 90798 96 152
615 90766 68 2 90866 32 100
709 90850 24 4 90890 16 40
504 90888 38 3 90928 2 40
78 90912 54 4 90982 16 70
688 90975 59 4 91041 7 66
307 91013 58 1 91099 28 86
326 91092 60 3 91159 7 67
918 91154 50 2 91209 5 55
828 91198 44 4 91253 11 55
51 90857 60 2 91313 396 456
814 91289 55 4 91368 24 79
984 90924 61 3 91429 444 505
1 90799 61 2 91490 630 691
224 91029 62 4 91552 461 523
340 91312 64 4 91616 240 304
300 91577 61 4 91677 39 100
991 91660 61 4 91738 17 78
351 91696 49 4 91787 42 91
396 91681 53 4 91840 106 159
672 91693 56 3 91896 147 203
69 91886 58 4 91954 10 68
419 91934 61 4 92015 20 81
727 91983 44 1 92059 32 76
448 90944 64 3 92123 1115 1179
576 91652 66 3 92189 471 537
398 92137 42 4 92231 52 94
115 90825 67 4 92298 1406 1473
779 92294 58 4 92356 4 62
553 92312 62 4 92418 44 106
944 90510 76 4 92494 1908 1984
808 92471 28 1 92522 23 51
512 92493 67 3 92589 29 96
261 92580 75 2 92664 9 84
312 92593 20 2 92684 71 91
461 92593 47 2 92731 91 138
384 92052 77 3 92808 679 756
564 92454 79 2 92887 354 433
242 92849 66 1 92953 38 104
418 92916 67 1 93020 37 104
306 92962 48 3 93068 58 106
235 93038 47 2 93115 30 77
696 92908 79 4 93194 207 286
655 93138 74 1 93268 56 130
135 93201 43 4 93311 67 110
130 93164 77 4 93388 147 224
86 93341 63 3 93451 47 110
246 93412 69 2 93520 39 108
467 93499 48 2 93568 21 69
757 93503 66 3 93634 65 131
94 93540 66 3 93700 94 160
923 92600 79 1 93779 1100 1179
788 93776 56 4 93835 3 59
660 93774 66 3 93901 61 127
182 93846 29 2 93930 55 84
346 93842 45 4 93975 88 133
198 93962 41 4 94016 13 54
852 93960 44 4 94060 56 100
943 94057 26 3 94086 3 29
625 93868 50 4 94136 218 268
400 94051 70 4 94206 85 155
807 94189 47 4 94253 17 64
623 94214 66 3 94319 39 105
901 93926 71 4 94390 393 464
889 94355 65 4 94455 35 100
286 94140 72 3 94527 315 387
815 94100 77 2 94604 427 504
862 94549 53 2 94657 55 108
850 94606 47 4 94704 51 98
830 94538 63 1 94767 166 229
19 94738 57 1 94824 29 86
401 94794 29 3 94853 30 59
587 94798 67 1 94920 55 122
994 94645 73 4 94993 275 348
854 94381 79 4 95072 612 691
193 95003 49 2 95121 69 118
305 95038 60 4 95181 83 143
589 95128 54 4 95235 53 107
721 95025 65 2 95300 210 275
819 95268 51 3 95351 32 83
860 95025 66 4 95417 326 392
695 89085 80 4 95497 6332 6412
297 95469 67 3 95564 28 95
108 95541 55 2 95619 23 78
970 89417 80 4 95699 6202 6282
216 95682 64 3 95763 17 81
174 95755 69 2 95832 8 77
543 95806 73 2 95905 26 99
935 89627 80 3 95985 6278 6358
618 95913 46 3 96031 72 118
290 96002 39 3 96070 29 68
978 90702 80 2 96150 5368 5448
184 95881 80 2 96230 269 349
689 96224 34 4 96264 6 40
1000 96227 49 4 96313 37 86
737 96191 61 4 96374 122 183
817 96340 64 3 96438 34 98
289 96380 49 4 96487 58 107
873 96324 66 3 96553 163 229
323 96496 49 3 96602 57 106
804 96508 66 3 96668 94 160
264 96200 69 3 96737 468 537
20 96712 43 4 96780 25 68
283 96727 64 3 96844 53 117
308 96819 54 3 96898 25 79
32 96895 57 4 96955 3 60
678 96925 60 4 97015 30 90
840 96967 53 4 97068 48 101
603 96974 62 4 97130 94 156
694 97106 45 3 97175 24 69
73 97054 64 1 97239 121 185
936 96673 71 4 97310 566 637
72 97264 35 1 97345 46 81
245 97326 20 2 97365 19 39
313 97247 53 2 97418 118 171
155 96730 72 3 97490 688 760
403 97490 50 1 97540 0 50
581 97525 37 4 97577 15 52
6 97460 69 1 97646 117 186
592 97621 71 4 97717 25 96
516 96786 72 3 97789 931 1003
344 97748 43 2 97832 41 84
995 97825 59 4 97891 7 66
311 97833 30 1 97921 58 88
275 97775 59 1 97980 146 205
710 97961 60 1 98040 19 79
442 97989 44 4 98084 51 95
118 97066 75 4 98159 1018 1093
374 98118 53 3 98212 41 94
595 98160 48 4 98260 52 100
413 98184 71 2 98331 76 147
734 98309 70 4 98401 22 92
666 96405 75 4 98476 1996 2071
95 98456 24 4 98500 20 44
57 98447 65 4 98565 53 118
314 98557 72 4 98637 8 80
124 98583 73 4 98710 54 127
65 98706 74 4 98784 4 78
473 96347 75 3 98859 2437 2512
761 98826 38 4 98897 33 71
276 98813 51 4 98948 84 135
799 98930 47 1 98995 18 65
824 98970 43 1 99038 25 68
416 98902 48 4 99086 136 184
740 98986 54 2 99140 100 154
762 99059 67 4 99207 81 148
363 98872 68 3 99275 335 403
611 99224 56 3 99331 51 107
634 99280 38 3 99369 51 89
375 99309 62 3 99431 60 122
386 99311 75 1 99506 120 195
151 99461 53 3 99559 45 98
843 99559 61 3 99620 0 61
810 96810 76 3 99696 2810 2886
680 99637 56 2 99752 59 115
425 99701 62 3 99814 51 113
952 99760 46 4 99860 54 100
879 99740 62 1 99922 120 182
265 99721 68 2 99990 201 269
983 99926 56 4 100046 64 120
771 99860 73 4 100119 186 259
477 96458 76 3 100195 3661 3737
284 98751 76 2 100271 1444 1520
627 97935 80 2 100351 2336 2416
372 93193 81 2 100432 7158 7239
832 95744 81 2 100513 4688 4769
304 98635 82 4 100595 1878 1960
17 96289 82 4 100677 4306 4388
722 96765 82 1 100759 3912 3994
231 99928 83 4 100842 831 914
790 97437 83 4 100925 3405 3488
927 99379 83 3 101008 1546 1629
96 97614 83 3 101091 3394 3477
391 99075 84 3 101175 2016 2100
63 92803 85 4 101260 8372 8457
920 90261 85 3 101345 10999 11084
926 91396 86 3 101431 9949 10035
370 99182 88 3 101519 2249 2337
452 95616 91 4 101610 5903 5994
647 91609 91 3 101701 10001 10092
708 91025 93 2 101794 10676 10769
703 88622 94 1 101888 13172 13266
260 94053 95 4 101983 7835 7930
478 92346 97 3 102080 9637 9734
79 93384 98 3 102178 8696 8794
494 92481 100 4 102278 9697 9797
905 92287 100 3 102378 9991 10091
