102602 1000 428 367
363 2426 75 1 2501 0 75
351 3054 62 1 3116 0 62
851 5137 72 1 5209 0 72
837 5242 77 1 5319 0 77
546 5603 62 4 5665 0 62
336 5629 53 4 5718 36 89
163 6263 65 4 6328 0 65
391 6761 70 4 6831 0 70
765 8260 50 4 8310 0 50
93 8772 58 2 8830 0 58
410 9533 80 4 9613 0 80
288 10247 66 3 10313 0 66
989 10266 54 4 10367 47 101
608 10953 34 4 10987 0 34
896 10968 21 4 11008 19 40
326 11625 68 3 11693 0 68
6 12088 68 4 12156 0 68
642 12310 46 3 12356 0 46
902 12362 74 4 12436 0 74
342 12837 62 1 12899 0 62
59 13228 57 4 13285 0 57
141 13862 49 3 13911 0 49
696 13952 73 3 14025 0 73
219 14633 76 4 14709 0 76
926 14793 90 4 14883 0 90
421 14878 80 4 14963 5 85
633 15787 87 1 15874 0 87
730 15982 43 4 16025 0 43
401 16211 85 2 16296 0 85
94 16264 62 2 16358 32 94
188 16372 46 4 16418 0 46
386 16564 71 3 16635 0 71
462 17052 59 2 17111 0 59
792 17530 100 4 17630 0 100
588 17746 61 4 17807 0 61
112 17877 51 4 17928 0 51
207 17914 77 2 18005 14 91
217 18625 75 2 18700 0 75
412 18680 80 2 18780 20 100
246 18912 50 4 18962 0 50
348 19379 48 1 19427 0 48
160 19503 49 4 19552 0 49
225 19712 42 3 19754 0 42
679 19769 83 1 19852 0 83
86 19832 69 4 19921 20 89
699 20243 61 3 20304 0 61
464 20626 63 4 20689 0 63
816 21439 78 4 21517 0 78
481 21898 67 4 21965 0 67
213 22185 81 3 22266 0 81
340 22210 53 2 22319 56 109
231 22224 76 2 22395 95 171
537 22387 57 3 22452 8 65
330 22406 40 3 22492 46 86
805 22465 30 2 22522 27 57
30 22627 57 4 22684 0 57
782 23020 55 2 23075 0 55
329 23020 80 2 23155 55 135
544 23344 61 4 23405 0 61
292 23346 59 2 23464 59 118
1 23445 60 4 23524 19 79
739 23582 81 3 23663 0 81
41 23882 77 4 23959 0 77
559 24326 90 3 24416 0 90
31 24407 79 4 24495 9 88
713 24601 55 4 24656 0 55
870 25292 46 4 25338 0 46
417 25371 88 4 25459 0 88
352 25704 62 4 25766 0 62
895 25748 75 4 25841 18 93
262 25835 55 3 25896 6 61
607 26086 66 4 26152 0 66
23 26182 50 3 26232 0 50
427 26467 50 3 26517 0 50
709 26588 62 4 26650 0 62
980 26597 34 3 26684 53 87
147 26619 60 3 26744 65 125
566 27113 72 4 27185 0 72
512 27355 63 4 27418 0 63
841 27459 55 3 27514 0 55
170 27713 49 4 27762 0 49
508 27818 60 3 27878 0 60
539 27970 47 2 28017 0 47
731 28089 78 3 28167 0 78
373 28185 53 2 28238 0 53
169 28185 56 1 28294 53 109
203 28469 53 4 28522 0 53
652 28539 62 4 28601 0 62
802 28945 51 2 28996 0 51
979 29505 70 2 29575 0 70
793 29662 57 4 29719 0 57
812 29821 27 2 29848 0 27
847 30080 67 1 30147 0 67
425 30187 60 4 30247 0 60
628 30529 57 2 30586 0 57
69 30763 89 4 30852 0 89
14 30810 50 4 30902 42 92
507 30911 40 2 30951 0 40
901 30965 48 4 31013 0 48
108 31219 55 4 31274 0 55
19 31403 57 4 31460 0 57
295 31540 53 4 31593 0 53
934 31709 78 4 31787 0 78
826 32029 62 4 32091 0 62
79 32171 55 2 32226 0 55
776 32292 100 4 32392 0 100
419 32448 53 3 32501 0 53
156 32912 53 2 32965 0 53
313 32953 46 4 33011 12 58
280 33058 56 3 33114 0 56
244 33106 59 1 33173 8 67
346 33126 59 3 33232 47 106
124 33182 58 2 33290 50 108
883 33170 60 4 33350 120 180
854 33329 50 3 33400 21 71
389 33372 59 3 33459 28 87
872 33330 78 2 33537 129 207
122 33502 58 1 33595 35 93
513 33389 85 2 33680 206 291
360 33612 41 4 33721 68 109
254 33817 73 3 33890 0 73
158 34214 66 4 34280 0 66
758 34376 57 3 34433 0 57
894 34397 68 1 34501 36 104
128 34733 54 1 34787 0 54
950 34896 51 4 34947 0 51
393 34989 49 3 35038 0 49
819 35374 38 1 35412 0 38
105 36284 60 2 36344 0 60
868 37047 59 4 37106 0 59
981 37220 47 4 37267 0 47
10 37498 38 1 37536 0 38
239 37538 77 2 37615 0 77
625 37658 34 4 37692 0 34
222 37707 74 3 37781 0 74
723 38066 38 4 38104 0 38
905 38142 42 4 38184 0 42
308 38197 66 4 38263 0 66
621 38387 49 4 38436 0 49
791 38401 49 4 38485 35 84
233 38489 89 4 38578 0 89
927 39487 67 4 39554 0 67
644 39601 59 4 39660 0 59
889 39666 57 2 39723 0 57
487 39978 82 4 40060 0 82
548 40065 53 3 40118 0 53
533 40453 63 3 40516 0 63
614 40495 56 3 40572 21 77
208 40648 40 3 40688 0 40
578 40778 60 3 40838 0 60
232 40912 69 4 40981 0 69
458 40924 64 2 41045 57 121
84 41119 24 4 41143 0 24
921 41527 63 2 41590 0 63
714 41705 55 3 41760 0 55
627 41853 75 4 41928 0 75
227 41871 56 2 41984 57 113
799 42175 88 1 42263 0 88
830 42315 79 4 42394 0 79
777 42368 56 2 42450 26 82
903 42382 86 1 42536 68 154
247 42463 34 2 42570 73 107
406 42518 58 2 42628 52 110
875 42504 69 3 42697 124 193
173 42750 48 4 42798 0 48
909 42953 83 4 43036 0 83
461 43000 60 4 43096 36 96
362 42995 69 4 43165 101 170
910 43156 60 4 43225 9 69
581 43222 54 4 43279 3 57
879 43241 52 3 43331 38 90
669 43220 64 3 43395 111 175
741 43075 95 4 43490 320 415
408 43510 58 2 43568 0 58
372 43512 53 4 43621 56 109
779 43583 50 4 43671 38 88
710 43670 48 4 43719 1 49
857 43693 69 3 43788 26 95
986 43669 71 4 43859 119 190
120 44004 59 2 44063 0 59
878 44023 35 2 44098 40 75
178 44064 64 4 44162 34 98
504 44334 55 3 44389 0 55
34 44418 62 3 44480 0 62
215 44427 61 4 44541 53 114
139 44527 61 2 44602 14 75
341 44858 47 3 44905 0 47
22 44940 57 4 44997 0 57
64 45059 61 4 45120 0 61
488 45432 74 3 45506 0 74
298 45551 40 3 45591 0 40
823 45611 61 4 45672 0 61
502 45655 47 2 45719 17 64
168 45852 96 3 45948 0 96
599 45998 57 4 46055 0 57
971 46079 50 1 46129 0 50
121 46305 72 2 46377 0 72
947 46338 56 3 46433 39 95
328 46757 59 2 46816 0 59
761 46948 61 2 47009 0 61
370 46978 40 3 47049 31 71
764 47035 77 4 47126 14 91
210 47174 53 2 47227 0 53
626 47499 34 4 47533 0 34
535 47582 50 4 47632 0 50
72 47612 36 1 47668 20 56
212 47934 78 2 48012 0 78
166 47979 82 3 48094 33 115
9 48103 33 4 48136 0 33
874 48134 60 2 48196 2 62
381 48202 81 2 48283 0 81
411 48256 83 3 48366 27 110
164 48287 55 4 48421 79 134
850 48316 60 4 48481 105 165
438 48438 59 4 48540 43 102
949 48640 71 1 48711 0 71
429 48710 52 1 48763 1 53
685 48847 34 4 48881 0 34
55 48922 55 2 48977 0 55
331 48937 56 2 49033 40 96
519 49203 54 3 49257 0 54
552 49252 62 3 49319 5 67
579 49235 67 1 49386 84 151
364 49344 64 1 49450 42 106
659 49280 79 3 49529 170 249
664 49482 55 2 49584 47 102
755 49573 76 3 49660 11 87
76 49627 72 3 49732 33 105
172 49695 46 4 49778 37 83
906 49807 82 4 49889 0 82
848 49833 41 3 49930 56 97
998 49860 93 1 50023 70 163
988 50058 62 2 50120 0 62
356 50389 62 3 50451 0 62
884 50424 36 4 50487 27 63
52 50548 44 4 50592 0 44
774 50647 70 1 50717 0 70
65 50835 70 4 50905 0 70
153 50846 49 3 50954 59 108
361 50910 57 4 51011 44 101
195 51018 64 4 51082 0 64
914 51057 57 4 51139 25 82
582 51032 64 4 51203 107 171
706 51152 76 4 51279 51 127
522 51277 45 3 51324 2 47
404 51199 86 3 51410 125 211
922 51328 46 4 51456 82 128
143 51421 57 3 51513 35 92
749 51476 59 3 51572 37 96
155 51560 50 1 51622 12 62
509 51617 73 2 51695 5 78
532 51379 75 2 51770 316 391
253 51411 76 4 51846 359 435
470 51836 45 4 51891 10 55
123 51881 66 4 51957 10 76
151 51956 75 4 52032 1 76
873 51981 54 3 52086 51 105
357 52068 50 3 52136 18 68
657 52111 77 3 52213 25 102
527 52366 34 4 52400 0 34
249 52388 29 2 52429 12 41
550 52431 73 1 52504 0 73
133 52489 26 4 52530 15 41
333 52540 53 2 52593 0 53
797 52616 68 1 52684 0 68
750 52641 50 3 52734 43 93
443 52646 60 4 52794 88 148
226 52731 67 3 52861 63 130
835 52987 57 3 53044 0 57
748 53167 65 4 53232 0 65
965 53219 59 4 53291 13 72
794 53281 60 2 53351 10 70
684 53180 94 3 53445 171 265
923 53374 73 3 53518 71 144
198 53632 68 2 53700 0 68
407 53646 88 1 53788 54 142
796 53707 68 3 53856 81 149
345 53937 67 3 54004 0 67
505 53993 48 3 54052 11 59
318 54070 85 4 54155 0 85
387 54086 88 3 54243 69 157
775 54203 82 4 54325 40 122
592 54306 54 2 54379 19 73
202 54291 73 3 54452 88 161
691 54386 70 2 54522 66 136
843 54517 22 4 54544 5 27
729 54544 52 4 54596 0 52
842 54565 48 3 54644 31 79
137 54508 84 4 54728 136 220
501 54707 72 4 54800 21 93
418 54355 100 3 54900 445 545
780 54883 20 4 54920 17 37
402 54906 26 3 54946 14 40
101 54933 51 2 54997 13 64
820 54802 82 4 55079 195 277
768 55075 48 3 55127 4 52
463 55091 52 3 55179 36 88
78 55006 59 3 55238 173 232
126 55180 43 2 55281 58 101
305 55247 52 2 55333 34 86
297 55289 35 3 55368 44 79
737 55326 44 2 55412 42 86
573 55071 76 3 55488 341 417
978 55475 29 3 55517 13 42
255 55451 36 4 55553 66 102
206 55422 63 4 55616 131 194
167 55601 58 4 55674 15 73
716 55620 52 4 55726 54 106
827 55676 56 2 55782 50 106
400 55931 65 3 55996 0 65
40 56279 59 1 56338 0 59
165 56371 61 2 56432 0 61
444 56465 57 4 56522 0 57
182 56639 48 2 56687 0 48
311 56685 59 3 56746 2 61
477 56811 51 4 56862 0 51
778 57020 80 4 57100 0 80
968 57076 82 4 57182 24 106
991 57282 65 2 57347 0 65
422 57306 64 1 57411 41 105
962 57423 66 4 57489 0 66
319 57806 100 3 57906 0 100
708 57907 66 4 57973 0 66
134 57971 68 3 58041 2 70
690 58343 77 4 58420 0 77
804 58627 86 3 58713 0 86
423 58683 66 4 58779 30 96
35 58727 59 2 58838 52 111
753 58963 74 3 59037 0 74
568 59091 49 4 59140 0 49
540 59268 64 4 59332 0 64
605 59459 41 1 59500 0 41
54 59523 34 3 59557 0 34
25 59564 36 4 59600 0 36
640 59587 100 1 59700 13 113
179 59706 74 3 59780 0 74
828 59808 45 3 59853 0 45
609 59834 81 3 59934 19 100
142 59876 37 4 59971 58 95
551 60052 78 4 60130 0 78
911 60054 46 4 60176 76 122
135 60164 59 3 60235 12 71
154 60261 53 3 60314 0 53
98 60327 85 3 60412 0 85
954 60384 68 3 60480 28 96
115 60524 58 4 60582 0 58
831 60559 59 2 60641 23 82
824 60623 60 4 60701 18 78
677 60657 60 4 60761 44 104
33 60538 62 4 60823 223 285
73 60732 69 4 60892 91 160
218 60721 73 4 60965 171 244
89 60926 71 3 61036 39 110
301 60993 75 3 61111 43 118
186 61065 67 3 61178 46 113
589 61139 56 3 61234 39 95
587 61230 72 4 61306 4 76
680 61310 67 1 61377 0 67
317 61379 51 3 61430 0 51
999 61387 33 4 61463 43 76
392 61477 82 1 61559 0 82
450 61549 91 3 61650 10 101
807 61549 96 4 61746 101 197
688 61729 38 4 61784 17 55
654 61680 78 3 61862 104 182
145 61833 55 3 61917 29 84
619 62118 54 2 62172 0 54
148 62216 61 1 62277 0 61
446 62250 51 4 62328 27 78
647 62381 48 2 62429 0 48
441 62415 38 4 62467 14 52
258 62417 46 4 62513 50 96
586 62525 52 4 62577 0 52
530 62628 57 4 62685 0 57
152 62691 53 2 62744 0 53
414 62708 51 2 62795 36 87
296 62875 85 1 62960 0 85
585 62948 46 2 63006 12 58
822 62926 60 2 63066 80 140
338 62877 63 4 63129 189 252
612 63007 72 1 63201 122 194
285 63167 70 2 63271 34 104
736 63257 50 1 63321 14 64
576 63307 53 1 63374 14 67
270 63329 40 4 63414 45 85
473 63255 59 4 63473 159 218
840 63449 72 3 63545 24 96
96 63498 81 2 63626 47 128
252 63588 35 3 63661 38 73
790 63409 98 1 63759 252 350
809 63817 47 1 63864 0 47
106 64094 50 4 64144 0 50
358 64184 40 2 64224 0 40
763 64242 32 4 64274 0 32
56 64268 69 2 64343 6 75
553 64310 91 2 64434 33 124
449 64356 47 1 64481 78 125
415 64401 59 4 64540 80 139
294 64523 40 4 64580 17 57
184 64498 46 1 64626 82 128
591 64565 50 4 64676 61 111
451 64672 47 1 64723 4 51
199 64554 60 4 64783 169 229
704 64491 61 4 64844 292 353
674 64502 61 1 64905 342 403
769 64879 44 4 64949 26 70
738 64903 54 3 65003 46 100
601 64980 35 3 65038 23 58
651 64986 52 3 65090 52 104
24 64986 55 3 65145 104 159
241 64888 59 4 65204 257 316
631 64638 63 4 65267 566 629
554 64826 65 3 65332 441 506
526 65317 49 4 65381 15 64
503 65054 67 4 65448 327 394
969 65409 46 2 65494 39 85
274 64766 67 3 65561 728 795
496 64967 74 3 65635 594 668
734 65467 83 4 65718 168 251
788 65651 69 3 65787 67 136
397 65734 54 2 65841 53 107
382 65739 56 4 65897 102 158
332 65892 47 3 65944 5 52
71 65822 64 3 66008 122 186
191 65985 59 4 66067 23 82
277 65979 65 3 66132 88 153
976 66095 40 4 66172 37 77
634 65916 67 4 66239 256 323
457 66225 55 3 66294 14 69
21 66242 44 4 66338 52 96
752 66296 49 2 66387 42 91
146 66319 56 3 66443 68 124
523 65717 69 2 66512 726 795
32 66456 57 2 66569 56 113
132 65814 77 4 66646 755 832
466 66615 61 4 66707 31 92
273 66667 71 3 66778 40 111
916 66732 43 4 66821 46 89
611 66799 53 3 66874 22 75
726 66849 74 4 66948 25 99
309 66738 76 4 67024 210 286
632 64500 83 4 67107 2524 2607
732 67096 68 3 67175 11 79
43 67053 71 4 67246 122 193
49 67225 71 4 67317 21 92
453 67269 34 4 67351 48 82
216 66073 83 3 67434 1278 1361
306 67385 64 3 67498 49 113
459 67472 36 3 67534 26 62
943 67499 56 4 67590 35 91
250 67559 36 4 67626 31 67
343 67625 43 3 67669 1 44
276 67524 72 2 67741 145 217
686 67394 74 4 67815 347 421
817 67682 76 4 67891 133 209
783 67852 54 3 67945 39 93
742 67867 63 4 68008 78 141
517 67510 81 3 68089 498 579
676 68079 72 1 68161 10 82
630 65328 83 1 68244 2833 2916
724 65402 88 3 68332 2842 2930
618 68306 57 2 68389 26 83
390 68385 70 4 68459 4 74
492 67533 90 3 68549 926 1016
498 68473 35 3 68584 76 111
832 68472 68 4 68652 112 180
26 68605 69 3 68721 47 116
474 68708 61 2 68782 13 74
45 68773 36 4 68818 9 45
38 68786 47 2 68865 32 79
197 68784 55 3 68920 81 136
60 68730 64 3 68984 190 254
602 68728 66 3 69050 256 322
289 69044 41 1 69091 6 47
349 69085 44 3 69135 6 50
180 69111 29 2 69164 24 53
670 69077 45 4 69209 87 132
721 69088 48 3 69257 121 169
268 69244 46 3 69303 13 59
983 69058 61 4 69364 245 306
744 69116 78 3 69442 248 326
511 69418 53 3 69495 24 77
941 69421 82 4 69577 74 156
770 68723 90 2 69667 854 944
100 69662 41 3 69708 5 46
424 69681 49 3 69757 27 76
932 69578 63 1 69820 179 242
469 69752 75 2 69895 68 143
279 69850 82 2 69977 45 127
798 66720 91 4 70068 3257 3348
85 70063 49 2 70117 5 54
136 70106 74 4 70191 11 85
171 70159 60 3 70251 32 92
99 70043 88 4 70339 208 296
876 70303 58 3 70397 36 94
107 70382 31 4 70428 15 46
987 70306 66 2 70494 122 188
939 70477 64 4 70558 17 81
46 70517 61 1 70619 41 102
369 70548 71 4 70690 71 142
957 70690 67 4 70757 0 67
251 70745 81 4 70838 12 93
520 68016 94 4 70932 2822 2916
590 70923 66 1 70998 9 75
668 70864 82 4 71080 134 216
897 71004 44 3 71124 76 120
468 64718 95 3 71219 6406 6501
380 71210 20 2 71239 9 29
786 70327 100 4 71339 912 1012
432 70716 100 3 71439 623 723
649 71381 50 4 71489 58 108
613 71385 60 3 71549 104 164
256 71485 100 1 71649 64 164
869 71784 48 3 71832 0 48
140 71797 66 3 71898 35 101
756 71872 44 4 71942 26 70
698 71815 82 3 72024 127 209
485 72006 74 4 72098 18 92
18 72066 39 4 72137 32 71
695 71929 99 3 72236 208 307
908 72138 21 2 72257 98 119
564 72181 76 4 72333 76 152
800 72288 31 2 72364 45 76
63 72334 52 4 72416 30 82
861 72299 53 3 72469 117 170
189 72466 44 4 72513 3 47
379 72139 91 4 72604 374 465
892 72802 61 4 72863 0 61
561 72858 64 3 72927 5 69
74 72874 53 4 72980 53 106
915 72902 66 4 73046 78 144
858 73099 42 4 73141 0 42
675 73115 74 3 73215 26 100
815 73208 36 4 73251 7 43
781 73222 75 4 73326 29 104
13 73537 43 2 73580 0 43
681 73588 58 4 73646 0 58
667 73658 44 3 73702 0 44
712 73730 51 4 73781 0 51
931 73748 82 2 73863 33 115
810 73804 66 4 73929 59 125
557 73866 53 2 73982 63 116
813 73959 47 4 74029 23 70
845 74006 40 3 74069 23 63
929 73982 54 3 74123 87 141
638 74020 56 2 74179 103 159
687 74004 58 4 74237 175 233
958 74214 52 4 74289 23 75
994 74055 58 3 74347 234 292
448 74040 60 4 74407 307 367
50 74033 63 4 74470 374 437
938 74012 63 1 74533 458 521
661 74117 64 4 74597 416 480
887 74231 71 3 74668 366 437
536 74172 72 1 74740 496 568
743 74691 60 3 74800 49 109
728 74853 48 3 74901 0 48
746 74942 22 3 74964 0 22
936 75003 46 4 75049 0 46
993 75007 40 4 75089 42 82
83 75183 57 4 75240 0 57
719 75328 51 4 75379 0 51
673 75428 75 2 75503 0 75
150 75645 44 3 75689 0 44
584 75673 36 3 75725 16 52
773 75674 55 2 75780 51 106
538 75702 58 3 75838 78 136
8 75696 72 4 75910 142 214
620 75921 70 3 75991 0 70
242 75973 61 4 76052 18 79
97 76052 65 4 76117 0 65
529 76096 32 4 76149 21 53
490 76064 53 1 76202 85 138
109 76018 78 3 76280 184 262
733 76252 63 2 76343 28 91
933 76429 63 4 76492 0 63
314 76463 42 4 76534 29 71
204 76475 58 1 76592 59 117
604 76524 62 4 76654 68 130
475 76593 27 4 76681 61 88
569 76605 47 3 76728 76 123
615 76647 56 4 76784 81 137
353 76694 56 2 76840 90 146
437 76690 62 4 76902 150 212
871 76705 64 3 76966 197 261
44 76945 53 2 77019 21 74
560 76505 72 4 77091 514 586
953 77046 60 2 77151 45 105
534 77127 66 4 77217 24 90
190 77202 50 2 77267 15 65
260 77227 47 2 77314 40 87
20 77267 58 2 77372 47 105
310 77260 59 4 77431 112 171
992 77410 50 2 77481 21 71
48 77114 68 2 77549 367 435
483 76936 72 4 77621 613 685
236 77508 72 4 77693 113 185
829 77479 75 4 77768 214 289
821 77743 67 4 77835 25 92
221 77798 38 4 77873 37 75
984 76804 75 3 77948 1069 1144
886 77881 38 4 77986 67 105
359 77899 53 4 78039 87 140
549 78012 35 4 78074 27 62
494 77906 56 4 78130 168 224
898 78040 59 3 78189 90 149
784 78178 38 4 78227 11 49
655 78200 64 4 78291 27 91
138 78276 58 1 78349 15 73
162 78348 50 3 78399 1 51
740 78266 60 2 78459 133 193
486 78403 50 2 78509 56 106
235 78491 41 4 78550 18 59
447 78070 71 4 78621 480 551
371 78576 47 2 78668 45 92
88 77267 76 3 78744 1401 1477
860 78182 79 3 78823 562 641
114 77162 81 4 78904 1661 1742
514 78837 70 1 78974 67 137
970 78853 74 2 79048 121 195
3 78994 80 4 79128 54 134
975 79066 65 2 79193 62 127
396 79162 50 4 79243 31 81
307 79092 81 2 79324 151 232
995 79310 53 1 79377 14 67
16 79286 68 3 79445 91 159
662 79383 69 4 79514 62 131
531 78592 82 4 79596 922 1004
377 79529 31 2 79627 67 98
515 79552 64 3 79691 75 139
283 76566 90 2 79781 3125 3215
442 79755 61 4 79842 26 87
1000 79744 67 4 79909 98 165
300 79794 67 3 79976 115 182
497 79903 72 4 80048 73 145
665 77568 100 4 80148 2480 2580
656 80179 58 2 80237 0 58
977 80183 30 4 80267 54 84
925 80203 38 3 80305 64 102
378 80270 59 1 80364 35 94
367 80342 47 3 80411 22 69
937 80355 49 3 80460 56 105
616 80204 70 4 80530 256 326
471 80461 43 2 80573 69 112
426 80314 82 2 80655 259 341
648 80610 55 3 80710 45 100
510 80718 35 2 80753 0 35
715 80725 68 3 80821 28 96
413 80726 71 4 80892 95 166
543 80898 63 2 80961 0 63
852 80941 71 2 81032 20 91
11 80924 76 4 81108 108 184
836 81110 51 2 81161 0 51
603 81144 35 4 81196 17 52
623 81183 37 4 81233 13 50
224 81186 76 4 81309 47 123
435 81260 41 4 81350 49 90
478 81312 56 4 81406 38 94
476 81400 60 2 81466 6 66
863 81364 62 3 81528 102 164
624 81412 81 3 81609 116 197
966 81612 64 3 81676 0 64
111 81635 48 3 81724 41 89
516 81854 66 3 81920 0 66
643 82092 21 4 82113 0 21
789 82095 35 4 82148 18 53
119 82224 52 2 82276 0 52
556 82326 44 3 82370 0 44
127 82536 20 4 82556 0 20
267 82612 65 3 82677 0 65
240 82644 51 1 82728 33 84
405 82712 43 4 82771 16 59
209 82665 54 1 82825 106 160
956 82635 65 4 82890 190 255
525 82627 68 2 82958 263 331
671 82669 74 4 83032 289 363
299 82983 66 4 83098 49 115
261 83081 54 4 83152 17 71
844 83136 50 2 83202 16 66
430 83163 56 2 83258 39 95
838 83248 59 4 83317 10 69
997 83196 61 2 83378 121 182
211 83126 64 3 83442 252 316
727 83013 71 1 83513 429 500
131 82726 76 4 83589 787 863
946 83546 65 1 83654 43 108
814 83641 62 4 83716 13 75
803 83583 76 2 83792 133 209
595 83197 81 4 83873 595 676
434 83834 45 3 83918 39 84
187 83914 48 3 83966 4 52
315 83859 57 1 84023 107 164
672 83869 64 3 84087 154 218
771 83976 66 3 84153 111 177
499 83272 85 3 84238 881 966
707 84215 61 2 84299 23 84
327 84297 55 4 84354 2 57
282 84311 61 3 84415 43 104
125 84384 63 3 84478 31 94
924 84472 61 1 84539 6 67
175 84515 69 4 84608 24 93
900 84583 35 4 84643 25 60
339 84630 59 2 84702 13 72
762 84578 61 3 84763 124 185
103 84725 26 2 84789 38 64
834 84704 64 4 84853 85 149
243 84794 43 4 84896 59 102
645 84804 46 1 84942 92 138
47 84774 65 4 85007 168 233
67 84969 45 4 85052 38 83
772 84310 70 4 85122 742 812
717 85117 44 3 85166 5 49
316 85070 61 2 85227 96 157
344 85218 54 3 85281 9 63
545 85186 55 4 85336 95 150
944 85325 41 2 85377 11 52
375 84296 70 4 85447 1081 1151
383 84379 72 4 85519 1068 1140
720 85482 59 2 85578 37 96
918 85563 49 4 85627 15 64
705 85582 53 1 85680 45 98
806 85585 55 4 85735 95 150
600 85702 54 1 85789 33 87
849 85755 49 3 85838 34 83
785 85780 77 4 85915 58 135
36 85913 63 4 85978 2 65
234 85881 64 3 86042 97 161
265 86016 50 4 86092 26 76
542 85983 66 4 86158 109 175
825 86114 60 4 86218 44 104
885 86155 67 3 86285 63 130
567 86225 74 3 86359 60 134
39 86163 76 3 86435 196 272
42 86389 45 2 86480 46 91
58 86425 59 2 86539 55 114
692 86208 77 2 86616 331 408
388 84185 82 4 86698 2431 2513
70 86652 34 3 86732 46 80
66 86671 48 2 86780 61 109
257 86629 63 2 86843 151 214
693 86789 43 4 86886 54 97
144 86645 72 1 86958 241 313
575 86924 82 3 87040 34 116
183 87038 67 3 87107 2 69
663 87023 72 3 87179 84 156
433 87134 26 4 87205 45 71
855 87103 75 1 87280 102 177
482 87227 51 4 87331 53 104
912 87317 55 1 87386 14 69
17 87374 56 2 87442 12 68
718 87430 54 1 87496 12 66
399 87469 72 2 87568 27 99
37 87561 51 4 87619 7 58
237 87584 47 4 87666 35 82
272 87537 56 2 87722 129 185
867 87721 50 2 87772 1 51
928 87513 65 3 87837 259 324
454 87777 55 4 87892 60 115
205 87838 62 1 87954 54 116
683 87905 26 1 87980 49 75
629 87587 66 4 88046 393 459
118 88038 57 2 88103 8 65
278 88067 51 3 88154 36 87
735 88135 47 4 88201 19 66
658 88119 61 2 88262 82 143
366 87730 70 3 88332 532 602
555 88274 71 3 88403 58 129
580 88351 42 1 88445 52 94
653 88208 72 4 88517 237 309
882 87926 75 4 88592 591 666
818 88189 76 2 88668 403 479
495 88554 77 4 88745 114 191
149 88726 37 3 88782 19 56
940 88723 71 2 88853 59 130
493 88823 39 3 88892 30 69
129 88722 74 2 88966 170 244
866 88927 53 2 89019 39 92
409 88162 79 1 89098 857 936
5 89097 75 2 89173 1 76
562 88324 83 4 89256 849 932
907 89181 52 3 89308 75 127
572 89220 52 2 89360 88 140
324 89337 40 3 89400 23 63
959 89359 53 4 89453 41 94
185 89438 43 4 89496 15 58
617 89487 25 1 89521 9 34
961 89479 30 3 89551 42 72
334 89379 58 3 89609 172 230
881 89530 59 3 89668 79 138
321 89379 63 1 89731 289 352
465 89342 64 3 89795 389 453
354 89783 50 4 89845 12 62
452 89768 76 4 89921 77 153
200 89867 37 2 89958 54 91
919 89919 59 1 90017 39 98
521 89966 45 4 90062 51 96
467 90024 55 2 90117 38 93
594 90063 46 3 90163 54 100
678 90138 50 3 90213 25 75
281 90211 49 1 90262 2 51
637 89989 56 1 90318 273 329
541 90267 31 4 90349 51 82
456 90036 63 4 90412 313 376
963 90386 42 1 90454 26 68
689 89946 63 3 90517 508 571
563 90484 50 2 90567 33 83
259 90222 67 3 90634 345 412
287 90022 68 3 90702 612 680
12 90700 41 4 90743 2 43
92 90716 51 3 90794 27 78
304 90288 68 1 90862 506 574
269 90394 74 3 90936 468 542
420 90866 27 3 90963 70 97
574 90883 66 2 91029 80 146
368 90977 45 4 91074 52 97
116 91020 55 2 91129 54 109
196 90914 76 4 91205 215 291
320 91177 50 3 91255 28 78
384 91178 61 3 91316 77 138
238 91100 77 3 91393 216 293
264 91384 58 4 91451 9 67
398 89576 82 1 91533 1875 1957
960 91527 54 1 91587 6 60
610 91570 82 4 91669 17 99
130 91616 42 2 91711 53 95
104 91591 61 2 91772 120 181
766 91766 62 4 91834 6 68
323 91823 54 4 91888 11 65
445 91888 40 4 91928 0 40
801 91898 45 1 91973 30 75
75 91945 54 2 92027 28 82
577 91807 58 2 92085 220 278
394 92003 62 3 92147 82 144
347 91737 63 3 92210 410 473
395 91746 69 1 92279 464 533
547 92212 49 4 92328 67 116
967 92261 49 4 92377 67 116
598 89063 83 3 92460 3314 3397
161 88583 83 2 92543 3877 3960
890 92249 83 2 92626 294 377
650 92578 44 4 92670 48 92
622 92609 53 4 92723 61 114
853 92685 49 4 92772 38 87
888 92748 56 3 92828 24 80
193 92576 59 4 92887 252 311
711 92712 68 3 92955 175 243
703 92911 57 4 93012 44 101
880 93010 53 3 93065 2 55
945 92908 61 4 93126 157 218
80 92947 61 2 93187 179 240
570 93154 33 3 93220 33 66
322 93218 55 4 93275 2 57
702 93000 65 3 93340 275 340
864 93307 49 3 93389 33 82
759 92915 67 3 93456 474 541
77 93429 36 4 93492 27 63
904 93411 45 4 93537 81 126
271 93408 71 3 93608 129 200
985 93235 74 3 93682 373 447
660 93664 67 3 93749 18 85
833 93702 52 2 93801 47 99
87 93736 62 4 93863 65 127
506 92930 78 2 93941 933 1011
440 93897 48 4 93989 44 92
302 93942 63 3 94052 47 110
518 93963 67 4 94119 89 156
972 94064 48 4 94167 55 103
877 94078 56 4 94223 89 145
865 94142 57 4 94280 81 138
81 94102 65 3 94345 178 243
290 94303 34 4 94379 42 76
930 93894 67 1 94446 485 552
284 94428 42 3 94488 18 60
920 94023 71 3 94559 465 536
593 94494 76 3 94635 65 141
220 94621 51 1 94686 14 65
472 94575 60 4 94746 111 171
973 94607 65 3 94811 139 204
27 94778 25 3 94836 33 58
760 94751 64 4 94900 85 149
68 94847 28 1 94928 53 81
636 94875 48 4 94976 53 101
194 94943 44 1 95020 33 77
682 94968 53 3 95073 52 105
28 94851 57 2 95130 222 279
174 95102 26 2 95156 28 54
102 95093 45 3 95201 63 108
489 95165 53 4 95254 36 89
646 95203 47 1 95301 51 98
157 94724 65 1 95366 577 642
293 95366 52 4 95418 0 52
479 94961 65 1 95483 457 522
751 94651 69 3 95552 832 901
82 95492 42 4 95594 60 102
558 95523 67 3 95661 71 138
15 95639 25 4 95686 22 47
701 95632 63 4 95749 54 117
337 94902 70 4 95819 847 917
524 95778 50 2 95869 41 91
974 95822 46 4 95915 47 93
694 95766 68 3 95983 149 217
385 95958 45 3 96028 25 70
228 95986 39 3 96067 42 81
639 95987 43 2 96110 80 123
935 96066 49 4 96159 44 93
787 96153 52 4 96211 6 58
913 96079 55 4 96266 132 187
416 96254 59 4 96325 12 71
666 96138 60 2 96385 187 247
263 96379 64 3 96449 6 70
312 96436 56 4 96505 13 69
635 96274 65 4 96570 231 296
757 96439 71 3 96641 131 202
181 95637 73 3 96714 1004 1077
192 95246 74 4 96788 1468 1542
57 96721 33 4 96821 67 100
403 96724 75 4 96896 97 172
350 96833 44 3 96940 63 107
565 96935 49 4 96989 5 54
990 96962 45 3 97034 27 72
303 96306 75 4 97109 728 803
859 97080 62 4 97171 29 91
700 97121 67 2 97238 50 117
376 97232 20 4 97258 6 26
291 97183 63 4 97321 75 138
597 97265 63 4 97384 56 119
846 97371 47 2 97431 13 60
641 97416 52 4 97483 15 67
808 97463 66 2 97549 20 86
964 97259 69 3 97618 290 359
7 97588 66 2 97684 30 96
2 97626 32 4 97716 58 90
745 97711 58 3 97774 5 63
365 97727 59 3 97833 47 106
91 97800 62 2 97895 33 95
767 97675 63 3 97958 220 283
460 97823 63 2 98021 135 198
62 97706 66 4 98087 315 381
795 98067 67 4 98154 20 87
528 97885 69 4 98223 269 338
177 98163 66 4 98289 60 126
201 98225 64 4 98353 64 128
982 98174 71 4 98424 179 250
491 98423 53 4 98477 1 54
891 98467 51 4 98528 10 61
439 98092 71 3 98599 436 507
275 98543 56 3 98655 56 112
942 98588 59 4 98714 67 126
53 98646 61 4 98775 68 129
754 98769 49 2 98824 6 55
893 98741 73 4 98897 83 156
606 98882 53 4 98950 15 68
428 98918 44 4 98994 32 76
245 98994 48 4 99042 0 48
51 97465 76 4 99118 1577 1653
266 99099 62 2 99180 19 81
229 99179 50 3 99230 1 51
484 94057 78 4 99308 5173 5251
571 99261 68 3 99376 47 115
325 97539 78 3 99454 1837 1915
159 99446 62 2 99516 8 70
110 99500 70 2 99586 16 86
29 99520 66 1 99652 66 132
917 99611 49 3 99701 41 90
811 99661 32 3 99733 40 72
355 99592 70 1 99803 141 211
596 99789 65 2 99868 14 79
61 94219 78 3 99946 5649 5727
948 99937 50 4 99996 9 59
839 99948 31 4 100027 48 79
223 99905 53 3 100080 122 175
90 99877 57 2 100137 203 260
286 99993 67 3 100204 144 211
248 99920 75 4 100279 284 359
117 94905 79 3 100358 5374 5453
113 97090 80 4 100438 3268 3348
176 96355 80 1 100518 4083 4163
951 98818 81 3 100599 1700 1781
862 99129 83 4 100682 1470 1553
480 96865 84 4 100766 3817 3901
500 95959 84 2 100850 4807 4891
436 92093 85 3 100935 8757 8842
955 93222 85 1 101020 7713 7798
722 96764 86 3 101106 4256 4342
583 90226 87 3 101193 10880 10967
996 96906 87 2 101280 4287 4374
747 99994 88 3 101368 1286 1374
455 82615 88 3 101456 18753 18841
335 96563 90 4 101546 4893 4983
899 95764 90 2 101636 5782 5872
856 95744 92 3 101728 5892 5984
431 83198 93 4 101821 18530 18623
230 85585 95 3 101916 16236 16331
214 86828 96 3 102012 15088 15184
697 84281 98 4 102110 17731 17829
725 89312 98 4 102208 12798 12896
4 84014 98 3 102306 18194 18292
374 90844 98 3 102404 11462 11560
952 95771 98 2 102502 6633 6731
95 86671 100 4 102602 15831 15931
