102378 1000 447 387
524 3057 50 3 3107 0 50
279 3281 63 2 3344 0 63
954 4685 59 4 4744 0 59
127 5346 60 3 5406 0 60
773 6974 51 3 7025 0 51
895 7148 46 4 7194 0 46
763 7570 63 1 7633 0 63
324 8944 54 3 8998 0 54
608 9095 62 4 9157 0 62
437 9656 62 3 9718 0 62
454 10214 37 4 10251 0 37
529 10989 53 2 11042 0 53
137 12822 66 3 12888 0 66
610 13135 53 3 13188 0 53
508 13204 61 1 13265 0 61
364 14044 40 2 14084 0 40
941 14063 58 3 14142 21 79
562 15015 39 3 15054 0 39
855 15352 69 4 15421 0 69
877 15650 53 2 15703 0 53
685 15999 83 2 16082 0 83
379 16131 47 3 16178 0 47
822 16794 55 1 16849 0 55
82 16859 27 4 16886 0 27
748 16961 74 4 17035 0 74
907 17638 94 3 17732 0 94
650 17739 52 1 17791 0 52
281 17979 65 4 18044 0 65
732 18158 56 1 18214 0 56
257 18285 50 4 18335 0 50
229 18443 60 4 18503 0 60
698 18580 37 4 18617 0 37
700 18704 52 4 18756 0 52
310 18960 64 3 19024 0 64
377 19272 52 3 19324 0 52
586 19558 42 3 19600 0 42
826 19621 49 2 19670 0 49
228 19688 58 4 19746 0 58
322 19811 51 4 19862 0 51
986 20109 43 4 20152 0 43
649 20190 49 1 20239 0 49
338 20132 56 2 20257 69 125
485 20791 42 4 20833 0 42
598 20746 60 1 20848 42 102
408 21236 54 1 21290 0 54
397 21474 60 3 21534 0 60
222 21659 58 4 21717 0 58
682 21807 58 4 21865 0 58
833 22765 48 3 22813 0 48
70 22854 99 4 22953 0 99
750 23043 69 4 23112 0 69
230 23118 76 4 23194 0 76
24 24126 68 4 24194 0 68
102 24179 78 4 24272 15 93
395 24619 47 4 24666 0 47
270 24603 52 3 24702 47 99
515 24661 75 4 24777 41 116
998 24916 37 4 24953 0 37
239 24911 77 2 25025 37 114
487 25051 67 4 25118 0 67
674 25127 43 3 25170 0 43
458 25045 69 3 25224 110 179
168 25027 73 1 25279 179 252
584 25348 23 4 25371 0 23
931 25213 81 3 25383 89 170
887 25428 54 2 25482 0 54
327 25421 63 3 25538 54 117
796 26063 65 2 26128 0 65
138 26167 72 1 26239 0 72
463 26379 78 1 26457 0 78
371 26869 48 3 26917 0 48
882 26880 69 3 26986 37 106
390 27001 57 2 27058 0 57
872 27274 38 2 27312 0 38
480 27329 82 3 27411 0 82
900 27430 74 2 27504 0 74
359 27577 60 4 27637 0 60
870 27827 49 4 27876 0 49
782 27993 48 4 28041 0 48
934 28213 47 2 28260 0 47
366 28175 56 4 28278 47 103
358 28233 63 4 28341 45 108
163 28459 50 4 28509 0 50
332 28589 71 3 28660 0 71
578 28461 90 2 28670 119 209
612 28884 38 4 28922 0 38
537 28875 41 3 28954 38 79
982 28862 64 4 29005 79 143
664 29437 79 3 29516 0 79
642 29785 82 2 29867 0 82
214 29887 71 2 29958 0 71
450 30465 72 3 30537 0 72
38 31314 71 4 31385 0 71
47 31344 75 4 31460 41 116
798 31714 50 4 31764 0 50
684 31833 75 4 31908 0 75
896 31853 80 4 31988 55 135
558 32025 40 4 32065 0 40
714 32290 56 2 32346 0 56
563 32647 55 3 32702 0 55
554 32813 51 2 32864 0 51
399 33306 35 4 33341 0 35
630 33249 77 4 33361 35 112
945 34182 46 2 34228 0 46
43 34130 100 4 34276 46 146
772 34336 48 4 34384 0 48
836 34519 56 3 34575 0 56
786 34438 81 3 34575 56 137
599 34672 58 3 34730 0 58
5 34828 51 3 34879 0 51
378 34932 59 4 34991 0 59
62 34816 75 2 35001 110 185
325 35081 59 4 35140 0 59
506 35046 72 4 35177 59 131
39 35188 20 1 35208 0 20
186 34949 84 4 35236 203 287
495 35338 70 3 35408 0 70
885 35657 59 4 35716 0 59
85 35621 66 3 35746 59 125
681 35772 47 4 35819 0 47
848 35801 65 4 35884 18 83
354 35909 37 3 35946 0 37
758 35730 90 3 35985 165 255
59 36061 55 3 36116 0 55
253 36191 37 4 36228 0 37
702 36181 79 3 36297 37 116
112 36486 31 4 36517 0 31
874 36510 60 1 36577 7 67
867 36682 56 3 36738 0 56
316 36907 67 2 36974 0 67
597 37022 61 1 37083 0 61
492 37164 52 4 37216 0 52
718 37236 52 4 37288 0 52
406 37293 43 3 37336 0 43
601 37329 49 4 37385 7 56
699 37192 52 3 37412 168 220
981 37112 58 2 37418 248 306
523 37418 65 4 37483 0 65
510 37865 47 3 37912 0 47
472 38232 92 4 38324 0 92
715 38391 67 3 38458 0 67
600 38469 65 4 38534 0 65
315 38375 73 3 38580 132 205
834 38593 88 4 38681 0 88
517 38246 94 3 38711 371 465
10 38720 22 2 38742 0 22
520 38837 60 4 38897 0 60
27 38951 68 3 39019 0 68
42 39371 44 4 39415 0 44
25 39392 69 2 39484 23 92
865 39307 81 2 39501 113 194
427 39438 85 2 39586 63 148
741 39403 100 3 39686 183 283
294 39732 77 1 39809 0 77
439 39867 82 2 39949 0 82
910 40101 49 4 40150 0 49
777 40135 65 2 40215 15 80
122 40245 35 1 40280 0 35
140 40114 69 3 40319 136 205
993 40614 43 1 40657 0 43
407 40564 55 4 40662 43 98
812 40862 36 2 40898 0 36
827 40967 64 3 41031 0 64
898 41092 48 2 41140 0 48
903 41223 79 4 41302 0 79
348 41329 53 2 41382 0 53
445 41412 72 4 41484 0 72
352 41386 79 4 41537 72 151
707 41846 56 3 41902 0 56
565 41920 46 3 41966 0 46
373 42058 45 3 42103 0 45
347 42005 54 4 42104 45 99
440 41872 57 3 42104 175 232
825 41977 61 2 42165 127 188
258 42184 32 4 42216 0 32
532 42093 64 1 42261 104 168
221 42113 65 3 42326 148 213
141 41860 90 4 42416 466 556
225 42542 50 4 42592 0 50
92 42510 64 4 42624 50 114
153 42859 44 4 42903 0 44
26 43091 32 3 43123 0 32
875 43075 43 3 43150 32 75
883 43020 65 4 43160 75 140
609 42982 74 2 43196 140 214
53 43268 63 3 43331 0 63
775 43375 59 4 43434 0 59
100 43370 73 1 43502 59 132
969 43561 38 4 43599 0 38
194 43751 81 2 43832 0 81
569 44021 38 4 44059 0 38
749 44079 44 3 44123 0 44
133 44103 61 3 44184 20 81
385 44186 46 1 44232 0 46
579 44297 43 3 44340 0 43
997 44195 80 3 44355 80 160
502 44401 70 2 44471 0 70
60 44379 76 2 44525 70 146
821 44331 96 3 44597 170 266
725 44646 69 4 44715 0 69
973 44930 72 4 45002 0 72
499 45350 82 4 45432 0 82
591 45420 83 1 45515 12 95
720 45652 50 2 45702 0 50
588 45758 48 2 45806 0 48
166 45814 52 2 45866 0 52
509 45745 78 4 45923 100 178
816 46005 58 4 46063 0 58
34 46083 52 4 46135 0 52
446 46006 67 3 46182 109 176
31 45767 82 3 46182 333 415
806 46220 69 4 46289 0 69
336 46214 73 3 46356 69 142
839 45888 83 3 46407 436 519
951 46541 49 3 46590 0 49
414 46481 71 4 46601 49 120
429 46466 83 3 46669 120 203
159 46866 42 4 46908 0 42
626 46799 78 4 46919 42 120
897 46932 57 4 46989 0 57
742 47122 43 4 47165 0 43
335 47098 50 3 47191 43 93
500 47217 65 4 47282 0 65
259 47349 36 3 47385 0 36
759 47361 64 4 47449 24 88
481 47154 95 4 47451 202 297
318 47475 78 4 47553 0 78
913 47749 52 2 47801 0 52
453 47838 49 4 47887 0 49
760 47749 66 4 47916 101 167
545 48189 76 3 48265 0 76
129 48095 95 1 48266 76 171
271 48330 46 1 48376 0 46
12 48361 48 3 48424 15 63
434 48341 97 2 48521 83 180
536 48630 39 4 48669 0 39
226 48732 42 3 48774 0 42
987 48885 35 4 48920 0 35
404 48840 48 3 48923 35 83
383 48794 74 2 48951 83 157
470 49002 64 3 49066 0 64
957 49234 81 4 49315 0 81
778 49372 33 3 49405 0 33
207 49325 51 4 49409 33 84
713 49438 41 4 49479 0 41
766 49542 68 3 49610 0 68
604 49721 57 3 49778 0 57
518 49686 74 1 49817 57 131
157 49892 40 3 49932 0 40
185 49939 61 3 50000 0 61
211 50076 81 4 50157 0 81
645 50316 50 2 50366 0 50
776 50353 65 3 50431 13 78
342 50326 76 3 50507 105 181
114 50341 77 2 50584 166 243
107 50843 56 4 50899 0 56
223 50973 43 3 51016 0 43
774 50992 58 2 51074 24 82
511 51025 62 3 51136 49 111
829 51158 44 2 51202 0 44
785 51160 47 4 51249 42 89
433 51188 58 4 51307 61 119
287 51247 67 3 51374 60 127
388 51133 74 3 51426 219 293
869 51495 63 2 51558 0 63
633 51498 67 3 51625 60 127
902 51633 54 3 51687 0 54
628 51431 81 2 51696 184 265
996 51716 74 3 51790 0 74
285 51799 50 2 51849 0 50
195 51873 72 2 51945 0 72
781 51738 76 4 51988 174 250
498 51147 83 4 52046 816 899
726 52075 55 4 52130 0 55
443 51722 89 3 52190 379 468
36 52225 68 4 52293 0 68
919 52215 70 3 52353 68 138
593 52119 95 4 52423 209 304
544 52458 45 2 52503 0 45
476 52553 37 3 52590 0 37
657 52607 48 4 52655 0 48
179 52656 65 3 52721 0 65
751 52965 46 4 53011 0 46
637 52979 54 3 53065 32 86
801 52999 55 4 53120 66 121
88 53178 60 3 53238 0 60
863 53232 64 2 53302 6 70
769 53349 60 4 53409 0 60
793 53428 52 3 53480 0 52
671 53226 66 1 53480 188 254
892 53560 47 4 53607 0 47
491 53557 62 3 53666 47 109
930 53536 67 4 53712 109 176
164 53715 53 4 53768 0 53
145 53803 48 3 53851 0 48
64 53852 68 1 53920 0 68
768 53981 41 4 54022 0 41
856 54027 73 3 54100 0 73
915 53792 78 4 54100 230 308
880 54130 81 3 54211 0 81
909 54332 62 3 54394 0 62
985 54296 72 3 54430 62 134
435 54443 61 3 54504 0 61
369 54792 60 1 54852 0 60
484 54724 71 4 54855 60 131
392 54856 45 4 54901 0 45
218 54656 77 2 54909 176 253
577 54720 78 2 54987 189 267
301 55003 74 3 55077 0 74
479 55156 48 2 55204 0 48
787 55243 36 4 55279 0 36
334 55145 72 2 55301 84 156
552 54953 88 3 55305 264 352
914 55572 25 3 55597 0 25
596 55612 64 3 55676 0 64
527 55717 29 2 55746 0 29
210 55755 71 4 55826 0 71
331 55590 74 4 55835 171 245
486 55690 77 3 55912 145 222
29 55964 52 1 56016 0 52
209 56042 63 3 56105 0 63
328 55573 90 3 56117 454 544
255 56126 65 2 56191 0 65
232 56180 71 3 56262 11 82
244 56269 43 3 56312 0 43
460 56313 81 4 56394 0 81
15 56188 96 2 56482 198 294
171 56747 69 1 56816 0 69
723 56853 33 3 56886 0 33
631 57235 62 3 57297 0 62
376 57385 43 3 57428 0 43
431 57349 46 3 57438 43 89
350 57267 66 3 57452 119 185
61 57571 42 3 57613 0 42
853 57637 60 2 57697 0 60
503 57868 45 4 57913 0 45
607 57939 60 1 57999 0 60
639 58050 57 1 58107 0 57
291 57993 70 4 58126 63 133
963 58159 69 4 58228 0 69
282 58018 74 1 58269 177 251
251 58279 67 4 58346 0 67
947 58402 57 4 58459 0 57
988 58442 72 1 58531 17 89
505 58728 83 2 58811 0 83
929 58875 63 4 58938 0 63
990 58869 86 4 59018 63 149
894 59085 50 4 59135 0 50
501 59224 53 2 59277 0 53
411 59227 61 4 59338 50 111
849 59213 78 2 59405 114 192
948 59203 81 3 59476 192 273
794 59550 54 4 59604 0 54
191 59587 58 3 59662 17 75
651 59614 67 4 59729 48 115
66 59962 20 4 59982 0 20
288 59956 46 4 60022 20 66
192 60035 32 2 60067 0 32
846 60022 75 3 60129 32 107
206 60169 49 3 60218 0 49
687 60239 50 4 60289 0 50
393 60316 38 4 60354 0 38
942 60245 55 4 60382 82 137
811 60170 56 2 60417 191 247
906 60360 73 3 60490 57 130
87 60615 56 3 60671 0 56
181 60717 36 4 60753 0 36
23 60800 56 3 60856 0 56
238 60731 59 4 60868 78 137
535 60733 72 3 60940 135 207
365 60633 75 2 60969 261 336
353 61091 55 2 61146 0 55
522 61094 77 1 61223 52 129
961 61267 51 3 61318 0 51
190 61254 92 4 61397 51 143
465 61272 92 2 61489 125 217
629 61520 64 3 61584 0 64
977 61674 53 4 61727 0 53
739 61765 52 4 61817 0 52
570 61678 60 2 61839 101 161
117 61771 71 2 61910 68 139
676 61879 73 3 61983 31 104
172 61999 38 4 62037 0 38
743 62013 41 4 62078 24 65
716 62042 43 4 62121 36 79
143 62141 44 4 62185 0 44
606 62076 61 4 62226 89 150
432 62233 61 4 62294 0 61
455 62027 69 4 62356 260 329
744 62379 47 3 62426 0 47
541 61639 77 4 62429 713 790
356 62025 83 4 62512 404 487
188 62680 51 3 62731 0 51
170 62861 38 3 62899 0 38
167 62958 50 3 63008 0 50
56 63038 53 4 63091 0 53
156 63011 87 3 63151 53 140
361 63201 61 2 63262 0 61
438 63272 48 4 63320 0 48
514 63175 68 3 63352 109 177
966 63558 52 3 63610 0 52
643 63596 56 4 63666 14 70
215 63521 77 2 63706 108 185
110 63757 42 3 63799 0 42
410 63830 71 4 63901 0 71
333 63737 71 3 63921 113 184
847 63930 49 4 63979 0 49
813 64000 43 4 64043 0 43
735 64155 38 2 64193 0 38
441 64156 58 2 64251 37 95
241 64120 60 4 64276 96 156
568 64053 71 4 64280 156 227
668 64428 44 3 64472 0 44
41 64415 49 4 64508 44 93
382 64576 62 4 64638 0 62
217 64689 30 3 64719 0 30
263 64686 36 3 64752 30 66
857 64805 39 1 64844 0 39
160 64869 27 1 64896 0 27
147 64837 44 4 64915 34 78
367 64696 53 3 64915 166 219
131 65003 45 2 65048 0 45
9 65397 55 4 65452 0 55
818 65379 80 4 65514 55 135
292 65535 59 4 65594 0 59
426 65626 38 4 65664 0 38
48 65537 70 4 65702 95 165
663 65761 52 3 65813 0 52
200 65800 70 1 65883 13 83
233 65490 84 3 65887 313 397
18 66023 91 3 66114 0 91
464 66164 33 2 66197 0 33
296 66217 81 3 66298 0 81
697 66312 49 3 66361 0 49
683 66448 49 3 66497 0 49
428 66416 56 4 66521 49 105
767 66624 81 4 66705 0 81
823 66929 58 2 66987 0 58
55 67037 38 3 67075 0 38
14 67098 26 4 67124 0 26
921 67099 30 3 67154 25 55
636 67101 35 4 67189 53 88
548 67171 59 4 67248 18 77
483 67223 62 1 67310 25 87
858 67189 66 4 67376 121 187
590 67446 46 2 67492 0 46
3 67392 60 4 67498 46 106
690 67247 67 2 67549 235 302
661 67219 71 3 67620 330 401
770 67646 56 1 67702 0 56
4 67116 73 4 67749 560 633
622 67816 26 1 67842 0 26
752 67851 34 3 67885 0 34
266 67886 35 1 67921 0 35
123 67789 60 4 67944 95 155
68 67878 60 2 68004 66 126
58 68005 59 4 68064 0 59
355 68144 48 2 68192 0 48
299 67868 61 3 68225 296 357
76 68072 61 3 68233 100 161
745 68353 64 2 68417 0 64
724 68456 50 1 68506 0 50
183 68665 63 1 68728 0 63
802 68761 77 3 68838 0 77
533 68938 38 1 68976 0 38
614 68991 52 3 69043 0 52
387 68922 54 4 69066 90 144
540 69095 65 3 69160 0 65
730 69014 81 4 69212 117 198
381 69282 43 2 69325 0 43
150 69304 61 4 69386 21 82
859 69018 83 3 69399 298 381
881 69415 40 4 69455 0 40
280 69599 54 3 69653 0 54
557 69677 61 3 69738 0 61
227 69583 64 2 69762 115 179
119 69658 72 1 69834 104 176
784 69885 60 3 69945 0 60
148 69776 77 2 69971 118 195
653 70011 45 4 70056 0 45
158 70122 35 3 70157 0 35
670 70163 60 4 70223 0 60
800 70230 45 2 70275 0 45
582 70324 46 4 70370 0 46
972 70215 64 4 70378 99 163
368 70077 65 3 70392 250 315
202 70511 54 4 70565 0 54
960 70452 63 4 70569 54 117
319 70242 70 4 70579 267 337
878 70196 72 3 70651 383 455
8 69619 84 4 70674 971 1055
146 70696 73 3 70769 0 73
530 70242 86 4 70833 505 591
667 70214 87 3 70920 619 706
665 71198 49 2 71247 0 49
134 71152 66 4 71267 49 115
417 71090 77 3 71282 115 192
317 71338 72 3 71410 0 72
262 71609 61 4 71670 0 61
109 71987 41 3 72028 0 41
490 71987 44 4 72072 41 85
686 72050 50 1 72122 22 72
212 72030 64 4 72186 92 156
104 72133 65 3 72251 53 118
52 72122 69 4 72320 129 198
551 72161 74 4 72394 159 233
964 72415 73 4 72488 0 73
719 72060 74 1 72541 407 481
868 72268 77 1 72618 273 350
989 72628 67 4 72695 0 67
731 72701 50 4 72751 0 50
345 72629 71 3 72816 116 187
98 72820 55 3 72875 0 55
711 72898 28 2 72926 0 28
199 72922 66 1 72992 4 70
691 73014 48 2 73062 0 48
121 73031 65 2 73127 31 96
2 73180 93 2 73273 0 93
838 73340 42 4 73382 0 42
475 73461 59 4 73520 0 59
468 73438 64 1 73561 59 123
841 73639 60 2 73699 0 60
120 73752 33 3 73785 0 33
77 73754 35 3 73820 31 66
449 73836 52 4 73888 0 52
937 73748 61 3 73929 120 181
213 73640 63 3 73943 240 303
273 73992 59 4 74051 0 59
658 74067 53 4 74120 0 53
40 74160 28 1 74188 0 28
409 74006 61 4 74193 126 187
105 74140 61 3 74254 53 114
641 73751 64 1 74269 454 518
302 74133 65 2 74334 136 201
103 74372 55 3 74427 0 55
669 73905 68 3 74487 514 582
430 74427 68 3 74525 30 98
489 74544 52 3 74596 0 52
303 74366 68 2 74645 211 279
349 73704 68 1 74713 941 1009
71 73571 69 1 74714 1074 1143
922 74399 70 1 74784 315 385
791 73599 72 2 74856 1185 1257
236 73964 75 4 74931 892 967
507 74102 76 4 75007 829 905
619 75027 38 4 75065 0 38
99 74907 77 4 75122 138 215
560 75170 50 4 75220 0 50
534 75155 62 3 75267 50 112
704 75272 39 4 75311 0 39
330 75264 67 2 75373 42 109
783 75147 68 3 75433 218 286
583 75472 56 4 75528 0 56
928 75565 27 4 75592 0 27
466 75607 51 3 75658 0 51
219 75541 63 4 75682 78 141
462 75718 40 4 75758 0 40
75 75717 51 2 75808 40 91
976 75784 53 4 75861 24 77
924 75872 21 4 75893 0 21
602 75683 65 1 75913 165 230
925 75911 66 4 76011 34 100
738 76037 43 3 76080 0 43
144 76017 45 2 76105 43 88
652 76125 35 3 76160 0 35
83 76161 42 4 76203 0 42
574 76228 47 4 76275 0 47
488 76123 49 3 76296 124 173
28 76302 41 4 76343 0 41
154 76282 56 4 76393 55 111
971 75947 66 4 76403 390 456
835 75463 66 2 76446 917 983
11 76492 32 3 76524 0 32
756 75920 67 4 76612 625 692
546 76373 67 4 76612 172 239
733 76650 38 4 76688 0 38
162 76148 69 3 76719 502 571
169 76737 33 3 76770 0 33
444 76797 58 3 76855 0 58
911 76865 47 3 76912 0 47
513 76727 69 2 76934 138 207
893 76974 60 3 77034 0 60
648 76344 70 3 77056 642 712
247 77126 57 1 77183 0 57
422 77185 49 2 77234 0 49
295 77185 59 1 77293 49 108
940 77173 65 1 77356 118 183
617 77166 67 1 77423 190 257
469 76433 71 4 77424 920 991
197 77457 47 4 77526 22 69
496 77482 47 4 77551 22 69
845 75254 76 4 77564 2234 2310
97 77601 52 1 77653 0 52
797 74378 79 2 77670 3213 3292
932 77777 48 1 77825 0 48
917 77817 50 3 77875 8 58
113 77737 57 4 77892 98 155
269 77800 74 4 77966 92 166
176 78046 51 3 78097 0 51
49 78010 57 3 78118 51 108
189 78026 61 4 78179 92 153
277 78001 64 3 78234 169 233
531 78334 41 4 78375 0 41
436 78292 45 4 78378 41 86
656 78388 55 4 78443 0 55
74 78249 57 1 78447 141 198
946 78466 49 3 78515 0 49
754 78552 47 4 78599 0 47
497 78320 58 2 78601 223 281
201 78373 63 1 78664 228 291
876 77729 76 4 78682 877 953
234 78804 58 4 78862 0 58
320 78747 68 3 78873 58 126
44 77887 80 1 78888 921 1001
644 76210 81 3 78990 2699 2780
177 74989 81 3 78991 3921 4002
580 79028 58 4 79086 0 58
677 79035 73 4 79159 51 124
950 79179 79 2 79258 0 79
555 75909 81 2 79282 3292 3373
7 79291 58 3 79349 0 58
795 79370 52 3 79422 0 52
712 79376 59 2 79481 46 105
22 79337 68 4 79528 123 191
424 79602 28 4 79630 0 28
423 79540 63 4 79631 28 91
746 79533 67 2 79691 91 158
654 79769 52 4 79821 0 52
566 79513 73 3 79884 298 371
831 79470 73 3 79884 341 414
904 73538 83 2 79948 6327 6410
992 80013 46 3 80059 0 46
561 80116 48 2 80164 0 48
805 80019 58 1 80165 88 146
692 80006 66 3 80224 152 218
35 80252 48 1 80300 0 48
208 80230 77 2 80355 48 125
268 80360 79 2 80439 0 79
975 73795 84 4 80454 6575 6659
447 74105 86 4 80540 6349 6435
871 80581 46 4 80627 0 46
45 80621 52 4 80679 6 58
613 80714 50 4 80764 0 50
362 80611 55 3 80784 118 173
679 80586 56 2 80840 198 254
405 78592 86 3 80885 2207 2293
538 80929 51 2 80980 0 51
528 80997 62 3 81059 0 62
842 76784 87 4 81085 4214 4301
252 81115 57 3 81172 0 57
955 81203 41 1 81244 0 41
180 81238 55 2 81299 6 61
736 81334 35 2 81369 0 35
526 81302 40 3 81377 35 75
547 81330 67 4 81444 47 114
979 81509 45 2 81554 0 45
80 81573 48 2 81621 0 48
341 81501 54 4 81648 93 147
249 81661 61 2 81722 0 61
126 81729 43 4 81772 0 43
187 81518 67 3 81819 234 301
933 81216 72 1 81831 543 615
938 81863 44 2 81907 0 44
474 81878 46 3 81953 29 75
729 81983 75 2 82058 0 75
525 81900 77 4 82105 128 205
967 81292 82 2 82155 781 863
67 82164 31 3 82195 0 31
389 82204 31 4 82235 0 31
240 82225 31 2 82266 10 41
659 82216 71 4 82337 50 121
357 82362 57 2 82419 0 57
457 82428 40 4 82468 0 40
149 82515 26 2 82541 0 26
161 82500 43 4 82569 26 69
339 82565 45 4 82614 4 49
616 82421 50 1 82625 154 204
254 82541 53 4 82678 84 137
16 82694 24 3 82718 0 24
953 82700 44 3 82762 18 62
755 82769 48 3 82817 0 48
402 82619 54 1 82848 175 229
792 82623 58 4 82906 225 283
980 82839 64 2 82970 67 131
267 82971 50 1 83021 0 50
420 82448 66 4 83086 572 638
91 83096 40 2 83136 0 40
46 82344 66 2 83172 762 828
380 83005 67 4 83239 167 234
765 82734 78 4 83317 505 583
90 83374 48 4 83422 0 48
890 82320 79 3 83437 1038 1117
567 83000 80 2 83517 437 517
632 81769 85 2 83584 1730 1815
747 74629 87 3 83636 8920 9007
13 83578 87 3 83697 32 119
116 83715 47 1 83762 0 47
559 83774 57 2 83831 0 57
673 83862 21 4 83883 0 21
243 74861 90 4 84002 9051 9141
248 79771 90 4 84002 4141 4231
638 75044 96 4 84098 8958 9054
274 84103 29 2 84132 0 29
620 84225 41 3 84266 0 41
132 84207 50 3 84298 41 91
196 84207 57 3 84355 91 148
337 84341 68 4 84423 14 82
717 78068 99 4 84442 6275 6374
837 84529 35 2 84564 0 35
675 84532 42 4 84606 32 74
237 84498 53 4 84628 77 130
165 84587 55 2 84683 41 96
37 84475 61 3 84721 185 246
908 84906 62 3 84968 0 62
809 84831 77 4 84970 62 139
93 85011 39 2 85050 0 39
958 85017 51 3 85101 33 84
605 85089 58 3 85159 12 70
542 84925 84 4 85202 193 277
916 85204 64 2 85268 0 64
256 85279 46 3 85325 0 46
886 85378 48 4 85426 0 48
640 85325 60 3 85433 48 108
705 85310 69 2 85502 123 192
421 85554 71 3 85625 0 71
573 85556 78 4 85703 69 147
753 85709 71 2 85780 0 71
539 85809 45 3 85854 0 45
571 85410 87 3 85854 357 444
572 85940 43 4 85983 0 43
415 85923 51 1 86017 43 94
764 85896 73 4 86063 94 167
412 86085 61 4 86196 50 111
959 86096 61 4 86207 50 111
111 86229 51 2 86280 0 51
152 86165 63 3 86321 93 156
575 86356 44 4 86400 0 44
343 86247 67 2 86432 118 185
139 86401 73 3 86505 31 104
394 86529 27 1 86556 0 27
864 86659 31 4 86690 0 31
646 86668 60 2 86750 22 82
204 86604 71 2 86766 91 162
962 86798 34 3 86832 0 34
175 86767 44 2 86845 34 78
939 86905 35 3 86940 0 35
81 86901 41 2 86977 35 76
701 86867 50 4 86993 76 126
728 86908 59 3 87052 85 144
803 87043 66 4 87118 9 75
624 87224 45 4 87269 0 45
549 87185 56 3 87295 54 110
128 87277 56 3 87342 9 65
780 87354 26 1 87380 0 26
521 87457 43 3 87500 0 43
101 87434 47 3 87524 43 90
321 87361 58 4 87528 109 167
550 87141 59 4 87531 331 390
891 87586 39 3 87625 0 39
968 87538 57 2 87634 39 96
706 87206 63 4 87690 421 484
861 87177 68 2 87758 513 581
106 87766 43 4 87809 0 43
360 87219 71 2 87872 582 653
974 86599 84 2 87905 1222 1306
493 87937 52 4 87989 0 52
272 86521 86 2 87992 1385 1471
293 87004 87 4 88079 988 1075
789 88090 36 3 88126 0 36
125 88129 53 4 88182 0 53
662 88225 41 4 88266 0 41
136 88329 20 4 88349 0 20
956 88283 55 4 88358 20 75
142 86974 88 4 88372 1310 1398
309 85406 94 4 88386 2886 2980
888 88438 54 3 88492 0 54
451 88485 64 2 88556 7 71
33 88512 71 3 88627 44 115
220 88655 72 3 88727 0 72
621 88753 58 3 88811 0 58
205 88830 33 2 88863 0 33
21 88903 42 4 88945 0 42
912 88823 62 4 88960 75 137
298 88676 76 4 88998 246 322
851 89056 61 4 89117 0 61
866 89215 42 4 89257 0 42
556 89274 66 1 89340 0 66
456 89285 70 2 89410 55 125
820 89462 59 3 89521 0 59
519 89516 65 3 89586 5 70
459 89483 70 4 89656 103 173
50 89306 71 2 89675 298 369
30 89430 73 3 89748 245 318
585 89663 74 3 89822 85 159
173 89837 42 2 89879 0 42
635 89900 49 3 89949 0 49
594 89836 67 2 89994 91 158
965 89177 77 4 90002 748 825
482 90028 56 3 90084 0 56
693 89625 77 3 90135 433 510
471 90187 43 1 90230 0 43
899 90239 23 1 90262 0 23
278 90208 61 3 90314 45 106
329 90372 67 4 90439 0 67
203 90195 68 3 90449 186 254
84 90305 69 3 90518 144 213
54 90487 72 2 90590 31 103
949 90627 30 4 90657 0 30
844 90596 51 4 90677 30 81
89 90685 41 4 90726 0 41
178 90646 56 4 90774 72 128
709 90850 24 4 90874 0 24
504 90888 38 3 90926 0 38
78 90912 54 4 90980 14 68
307 91013 58 1 91071 0 58
688 90975 59 4 91097 63 122
828 91198 44 4 91242 0 44
918 91154 50 2 91248 44 94
326 91092 60 3 91251 99 159
814 91289 55 4 91344 0 55
51 90857 60 2 91352 435 495
984 90924 61 3 91413 428 489
1 90799 61 2 91423 563 624
224 91029 62 4 91485 394 456
340 91312 64 4 91549 173 237
300 91577 61 4 91638 0 61
351 91696 49 4 91745 0 49
396 91681 53 4 91783 49 102
672 91693 56 3 91839 90 146
991 91660 61 4 91879 158 219
69 91886 58 4 91944 0 58
727 91983 44 1 92027 0 44
419 91934 61 4 92049 54 115
448 90944 64 3 92056 1048 1112
576 91652 66 3 92122 404 470
398 92137 42 4 92179 0 42
115 90825 67 4 92231 1339 1406
615 90766 68 2 92274 1440 1508
779 92294 58 4 92352 0 58
553 92312 62 4 92414 40 102
944 90510 76 4 92464 1878 1954
808 92471 28 1 92499 0 28
512 92493 67 3 92566 6 73
312 92593 20 2 92613 0 20
461 92593 47 2 92660 20 67
261 92580 75 2 92722 67 142
384 92052 77 3 92778 649 726
250 90083 78 1 92804 2643 2721
242 92849 66 1 92915 0 66
306 92962 48 3 93010 0 48
418 92916 67 1 93031 48 115
235 93038 47 2 93085 0 47
135 93201 43 4 93244 0 43
655 93138 74 1 93255 43 117
130 93164 77 4 93332 91 168
86 93341 63 3 93404 0 63
246 93412 69 2 93481 0 69
696 92908 79 4 93482 495 574
467 93499 48 2 93547 0 48
757 93503 66 3 93679 110 176
94 93540 66 3 93679 73 139
564 92454 79 2 93696 1163 1242
788 93776 56 4 93832 0 56
182 93846 29 2 93875 0 29
346 93842 45 4 93916 29 74
198 93962 41 4 94003 0 41
852 93960 44 4 94045 41 85
625 93868 50 4 94051 133 183
943 94057 26 3 94083 0 26
660 93774 66 3 94131 291 357
807 94189 47 4 94236 0 47
623 94214 66 3 94302 22 88
400 94051 70 4 94314 193 263
889 94355 65 4 94420 0 65
901 93926 71 4 94450 453 524
286 94140 72 3 94522 310 382
862 94549 53 2 94602 0 53
850 94606 47 4 94653 0 47
830 94538 63 1 94701 100 163
401 94794 29 3 94823 0 29
19 94738 57 1 94824 29 86
587 94798 67 1 94891 26 93
994 94645 73 4 94927 209 282
815 94100 77 2 94988 811 888
193 95003 49 2 95052 0 49
305 95038 60 4 95112 14 74
589 95128 54 4 95182 0 54
721 95025 65 2 95231 141 206
819 95268 51 3 95319 0 51
860 95025 66 4 95348 257 323
854 94381 79 4 95412 952 1031
923 92600 79 1 95413 2734 2813
695 89085 80 4 95454 6289 6369
297 95469 67 3 95536 0 67
108 95541 55 2 95596 0 55
970 89417 80 4 95635 6138 6218
216 95682 64 3 95746 0 64
174 95755 69 2 95824 0 69
543 95806 73 2 95897 18 91
618 95913 46 3 95959 0 46
935 89627 80 3 95967 6260 6340
290 96002 39 3 96041 0 39
184 95881 80 2 96166 205 285
978 90702 80 2 96166 5384 5464
689 96224 34 4 96258 0 34
1000 96227 49 4 96307 31 80
737 96191 61 4 96335 83 144
289 96380 49 4 96429 0 49
817 96340 64 3 96453 49 113
323 96496 49 3 96545 0 49
873 96324 66 3 96582 192 258
804 96508 66 3 96629 55 121
264 96200 69 3 96698 429 498
20 96712 43 4 96755 0 43
308 96819 54 3 96873 0 54
283 96727 64 3 96873 82 146
32 96895 57 4 96952 0 57
840 96967 53 4 97020 0 53
678 96925 60 4 97065 80 140
694 97106 45 3 97151 0 45
603 96974 62 4 97172 136 198
73 97054 64 1 97236 118 182
72 97264 35 1 97299 0 35
245 97326 20 2 97346 0 20
313 97247 53 2 97355 55 108
936 96673 71 4 97379 635 706
581 97525 37 4 97562 0 37
403 97490 50 1 97577 37 87
6 97460 69 1 97616 87 156
592 97621 71 4 97692 0 71
344 97748 43 2 97791 0 43
311 97833 30 1 97863 0 30
995 97825 59 4 97914 30 89
275 97775 59 1 97939 105 164
155 96730 72 3 97941 1139 1211
516 96786 72 3 97941 1083 1155
442 97989 44 4 98033 0 44
710 97961 60 1 98065 44 104
595 98160 48 4 98208 0 48
374 98118 53 3 98219 48 101
413 98184 71 2 98290 35 106
734 98309 70 4 98379 0 70
118 97066 75 4 98437 1296 1371
666 96405 75 4 98437 1957 2032
95 98456 24 4 98480 0 24
57 98447 65 4 98536 24 89
314 98557 72 4 98629 0 72
124 98583 73 4 98702 46 119
65 98706 74 4 98780 0 74
761 98826 38 4 98864 0 38
824 98970 43 1 99013 0 43
799 98930 47 1 99020 43 90
416 98902 48 4 99040 90 138
276 98813 51 4 99040 176 227
740 98986 54 2 99094 54 108
762 99059 67 4 99161 35 102
634 99280 38 3 99318 0 38
611 99224 56 3 99318 38 94
375 99309 62 3 99380 9 71
363 98872 68 3 99385 445 513
473 96347 75 3 99392 2970 3045
151 99461 53 3 99514 0 53
386 99311 75 1 99520 134 209
843 99559 61 3 99620 0 61
680 99637 56 2 99693 0 56
952 99760 46 4 99806 0 46
425 99701 62 3 99809 46 108
879 99740 62 1 99871 69 131
983 99926 56 4 99982 0 56
265 99721 68 2 99995 206 274
771 99860 73 4 100068 135 208
810 96810 76 3 100156 3270 3346
477 96458 76 3 100156 3622 3698
284 98751 76 2 100232 1405 1481
627 97935 80 2 100312 2297 2377
372 93193 81 2 100448 7174 7255
832 95744 81 2 100449 4624 4705
304 98635 82 4 100613 1896 1978
17 96289 82 4 100613 4242 4324
722 96765 82 1 100695 3848 3930
790 97437 83 4 100861 3341 3424
231 99928 83 4 100861 850 933
96 97614 83 3 101027 3330 3413
927 99379 83 3 101027 1565 1648
391 99075 84 3 101111 1952 2036
999 88645 84 2 101127 12398 12482
63 92803 85 4 101212 8324 8409
920 90261 85 3 101297 10951 11036
926 91396 86 3 101383 9901 9987
370 99182 88 3 101471 2201 2289
452 95616 91 4 101562 5855 5946
647 91609 91 3 101653 9953 10044
884 88413 91 2 101701 13197 13288
708 91025 93 2 101794 10676 10769
703 88622 94 1 101888 13172 13266
260 94053 95 4 101983 7835 7930
478 92346 97 3 102080 9637 9734
79 93384 98 3 102178 8696 8794
494 92481 100 4 102278 9697 9797
905 92287 100 3 102378 9991 10091
