101430 1000 337 276
272 3974 71 4 4045 0 71
902 6671 23 3 6694 0 23
769 8126 68 3 8194 0 68
698 8250 56 4 8306 0 56
586 8388 88 3 8476 0 88
15 9439 51 2 9490 0 51
581 9557 20 4 9577 0 20
72 10494 91 4 10585 0 91
899 10981 95 4 11076 0 95
537 11327 58 1 11385 0 58
696 11509 53 2 11562 0 53
6 12025 64 3 12089 0 64
20 12850 70 4 12920 0 70
270 13382 59 3 13441 0 59
689 13474 62 4 13536 0 62
274 13474 80 1 13616 62 142
809 13756 71 2 13827 0 71
594 14300 79 1 14379 0 79
403 14756 56 3 14812 0 56
738 14676 86 4 14818 56 142
882 14927 53 1 14980 0 53
763 15073 29 3 15102 0 29
985 15634 58 1 15692 0 58
824 16341 51 1 16392 0 51
796 16922 43 4 16965 0 43
941 16988 56 3 17044 0 56
493 17066 44 1 17110 0 44
858 17970 62 4 18032 0 62
638 18212 79 4 18291 0 79
765 18342 74 2 18416 0 74
500 18484 71 3 18555 0 71
545 18755 35 1 18790 0 35
424 19421 61 1 19482 0 61
884 19621 71 3 19692 0 71
872 19995 70 1 20065 0 70
817 20626 76 3 20702 0 76
932 20795 55 2 20850 0 55
679 21187 65 2 21252 0 65
816 21476 72 4 21548 0 72
416 21560 65 4 21625 0 65
917 21828 78 4 21906 0 78
764 22728 60 3 22788 0 60
829 22674 65 4 22799 60 125
735 22837 46 2 22883 0 46
869 22708 66 3 22911 137 203
402 22879 82 4 22993 32 114
9 23250 40 4 23290 0 40
298 23264 50 4 23340 26 76
525 23751 44 4 23795 0 44
467 23912 61 2 23973 0 61
739 24190 74 4 24264 0 74
429 24365 22 3 24387 0 22
415 24434 71 3 24505 0 71
834 24509 50 3 24559 0 50
438 24516 60 4 24619 43 103
360 24725 76 2 24801 0 76
283 24897 54 2 24951 0 54
318 24921 66 3 25017 30 96
190 24844 73 1 25037 120 193
776 25030 78 4 25115 7 85
263 25571 44 2 25615 0 44
716 25618 41 4 25659 0 41
565 25674 86 2 25760 0 86
394 25931 30 3 25961 0 30
147 26490 61 4 26551 0 61
5 26587 88 4 26675 0 88
115 26837 74 3 26911 0 74
691 26867 94 3 27005 44 138
875 27013 70 2 27083 0 70
453 27692 72 4 27764 0 72
37 27925 52 3 27977 0 52
413 27927 62 3 28039 50 112
305 28361 24 3 28385 0 24
198 28345 26 4 28395 24 50
591 28327 37 4 28414 50 87
993 28741 63 1 28804 0 63
92 28871 72 4 28943 0 72
266 29158 53 1 29211 0 53
646 29227 71 4 29298 0 71
206 29108 75 4 29307 124 199
27 29425 69 4 29494 0 69
801 29624 67 4 29691 0 67
504 29803 36 4 29839 0 36
918 29844 64 2 29908 0 64
411 29938 55 4 29993 0 55
499 30209 40 3 30249 0 40
583 30420 48 2 30468 0 48
98 30517 43 3 30560 0 43
319 30861 53 4 30914 0 53
322 31150 72 4 31222 0 72
430 31386 55 4 31441 0 55
527 31676 64 4 31740 0 64
74 32128 80 3 32208 0 80
970 32216 73 4 32289 0 73
880 32339 46 2 32385 0 46
222 32388 44 1 32432 0 44
952 32538 57 4 32595 0 57
992 32692 48 3 32740 0 48
133 32655 49 1 32752 48 97
156 32762 50 2 32812 0 50
310 32673 57 2 32859 129 186
233 32892 48 3 32940 0 48
44 32796 60 3 32967 111 171
164 33066 57 4 33123 0 57
367 33023 63 3 33143 57 120
700 32763 71 3 33158 324 395
923 33335 50 3 33385 0 50
432 33335 51 3 33436 50 101
544 33561 36 4 33597 0 36
554 33559 45 2 33640 36 81
823 33586 65 4 33705 54 119
476 33662 94 2 33799 43 137
826 34276 45 3 34321 0 45
459 34349 47 3 34396 0 47
793 34468 33 3 34501 0 33
848 34560 57 3 34617 0 57
375 34640 67 4 34707 0 67
592 34723 54 4 34777 0 54
615 34723 54 2 34831 54 108
179 35167 54 3 35221 0 54
955 35140 71 3 35265 54 125
196 35292 60 4 35352 0 60
712 35430 32 2 35462 0 32
788 35432 37 3 35499 30 67
855 35466 42 2 35541 33 75
163 35426 43 2 35580 111 154
538 35499 65 2 35645 81 146
668 35886 96 3 35982 0 96
214 36455 48 4 36503 0 48
710 36500 52 4 36555 3 55
883 36455 54 3 36609 100 154
598 37030 45 4 37075 0 45
975 36956 87 3 37088 45 132
312 37257 59 3 37316 0 59
774 37679 60 4 37739 0 60
330 37665 77 4 37802 60 137
866 37895 50 3 37945 0 50
742 37904 56 2 38001 41 97
754 38051 53 4 38104 0 53
832 37889 59 2 38107 159 218
606 38132 53 4 38185 0 53
596 38115 69 3 38237 53 122
815 38285 60 2 38345 0 60
134 38016 70 1 38359 273 343
297 38256 77 3 38436 103 180
996 38437 65 1 38502 0 65
380 38253 87 2 38588 248 335
219 38610 60 3 38670 0 60
694 37826 90 3 38675 759 849
518 38782 62 4 38844 0 62
57 38953 64 4 39017 0 64
52 38965 79 4 39096 52 131
404 39138 64 4 39202 0 64
613 39109 78 2 39251 64 142
75 39332 55 4 39387 0 55
925 39431 50 4 39481 0 50
511 39331 67 2 39503 105 172
920 39522 20 4 39542 0 20
381 39549 52 4 39601 0 52
56 39642 62 2 39704 0 62
285 39762 52 4 39814 0 52
997 40020 39 4 40059 0 39
353 40038 54 4 40113 21 75
818 40299 42 4 40341 0 42
304 40513 48 2 40561 0 48
135 40457 65 4 40570 48 113
2 40718 80 4 40798 0 80
253 40825 44 1 40869 0 44
645 41229 56 2 41285 0 56
939 41173 61 4 41290 56 117
900 41511 62 4 41573 0 62
340 41628 46 3 41674 0 46
881 41698 50 3 41748 0 50
998 41683 76 2 41809 50 126
541 42359 51 1 42410 0 51
29 42312 69 4 42432 51 120
331 42506 50 3 42556 0 50
534 42719 54 4 42773 0 54
1000 42665 69 4 42788 54 123
46 42877 34 2 42911 0 34
539 42850 54 3 42938 34 88
267 43102 46 1 43148 0 46
728 43055 75 4 43176 46 121
905 43349 47 3 43396 0 47
513 43450 58 4 43508 0 58
686 43531 44 4 43575 0 44
979 43427 59 2 43588 102 161
480 43336 80 4 43624 208 288
943 43694 44 2 43738 0 44
456 43392 81 1 43749 276 357
194 43759 44 3 43803 0 44
428 43769 68 4 43871 34 102
441 43924 55 2 43979 0 55
407 44199 65 2 44264 0 65
666 44503 63 2 44566 0 63
842 44627 39 3 44666 0 39
677 44607 64 4 44710 39 103
110 44574 88 2 44765 103 191
337 44772 42 2 44814 0 42
158 44810 63 3 44877 4 67
243 44858 71 3 44948 19 90
659 45050 45 2 45095 0 45
210 45056 50 4 45145 39 89
625 45115 52 3 45197 30 82
30 45237 49 2 45286 0 49
930 45029 64 4 45289 196 260
300 45102 68 3 45357 187 255
972 45061 75 3 45432 296 371
120 45469 91 3 45560 0 91
470 45607 39 2 45646 0 39
457 45601 66 3 45706 39 105
974 45880 68 4 45948 0 68
983 45953 79 1 46032 0 79
31 46102 36 4 46138 0 36
211 46109 51 3 46189 29 80
617 46206 51 3 46257 0 51
175 46310 20 1 46330 0 20
934 46207 63 1 46340 70 133
364 46395 73 3 46468 0 73
280 46132 85 4 46481 264 349
868 46621 33 3 46654 0 33
744 46927 64 4 46991 0 64
501 46966 78 3 47069 25 103
76 47070 62 3 47132 0 62
293 47037 88 2 47219 94 182
326 46887 91 4 47270 292 383
91 47293 43 4 47336 0 43
420 47361 56 4 47417 0 56
215 47499 41 4 47540 0 41
553 47519 62 2 47602 21 83
109 47777 61 4 47838 0 61
540 48071 100 2 48171 0 100
802 48275 55 2 48330 0 55
610 48659 20 3 48679 0 20
768 48657 29 4 48706 20 49
205 48697 34 3 48740 9 43
17 48619 67 4 48769 83 150
745 48775 45 4 48820 0 45
447 48839 35 2 48874 0 35
570 48818 59 4 48914 37 96
623 48585 86 4 48960 289 375
672 49176 43 4 49219 0 43
317 49208 44 4 49263 11 55
160 49301 63 3 49364 0 63
957 49247 70 2 49396 79 149
720 49456 54 2 49510 0 54
577 49411 60 1 49525 54 114
550 49393 84 2 49594 117 201
96 49551 90 3 49684 43 133
831 49775 64 3 49839 0 64
368 49767 67 4 49898 64 131
281 49663 91 2 49906 152 243
830 49477 100 4 50006 429 529
749 50009 59 4 50068 0 59
928 50070 44 2 50114 0 44
770 50211 71 1 50282 0 71
844 50153 77 4 50301 71 148
245 50445 50 3 50495 0 50
673 50518 61 3 50579 0 61
88 50629 69 4 50698 0 69
323 50823 49 4 50872 0 49
350 50868 83 4 50955 4 87
782 50984 40 3 51024 0 40
382 51108 53 4 51161 0 53
944 51139 69 3 51230 22 91
751 51238 58 4 51296 0 58
231 51045 84 1 51309 180 264
841 51329 68 4 51397 0 68
161 51469 49 1 51518 0 49
563 51524 55 4 51579 0 55
371 51452 65 4 51621 104 169
289 51645 61 4 51706 0 61
906 51691 68 2 51774 15 83
70 51824 42 2 51866 0 42
514 51966 72 3 52038 0 72
643 52080 37 3 52117 0 37
683 52085 54 1 52171 32 86
661 52099 78 3 52249 72 150
218 52337 62 4 52399 0 62
803 52359 92 1 52491 40 132
756 52613 61 4 52674 0 61
510 52675 76 4 52751 0 76
82 52775 68 2 52843 0 68
495 52569 80 4 52854 205 285
238 52956 40 2 52996 0 40
914 53023 53 4 53076 0 53
820 53001 73 2 53127 53 126
423 53257 36 3 53293 0 36
910 53205 56 1 53297 36 92
575 53330 46 4 53376 0 46
146 53432 55 4 53487 0 55
807 53356 61 3 53492 75 136
958 53506 76 2 53582 0 76
311 53779 83 3 53862 0 83
417 53867 32 3 53899 0 32
808 54033 47 2 54080 0 47
14 54131 45 4 54176 0 45
530 54251 54 1 54305 0 54
731 54200 61 4 54315 54 115
758 54473 48 4 54521 0 48
303 54419 57 1 54524 48 105
799 54546 65 4 54611 0 65
207 54663 38 2 54701 0 38
384 54717 62 2 54779 0 62
692 54630 64 2 54794 100 164
599 54870 29 4 54899 0 29
449 54862 59 4 54950 29 88
885 54709 68 3 54950 173 241
670 54973 61 2 55034 0 61
455 55095 47 3 55142 0 47
961 55096 60 3 55202 46 106
612 54985 69 4 55210 156 225
149 55242 47 4 55289 0 47
718 55308 51 1 55359 0 51
620 55273 57 3 55397 67 124
11 55424 48 2 55472 0 48
339 55451 49 4 55521 21 70
515 55396 67 4 55561 98 165
703 55070 73 4 55602 459 532
726 55625 52 4 55677 0 52
859 54676 75 2 55706 955 1030
465 55753 41 1 55794 0 41
733 54595 83 4 55811 1133 1216
451 54814 85 3 55896 997 1082
548 56019 54 4 56073 0 54
797 56096 45 4 56141 0 45
497 56096 63 3 56204 45 108
966 56248 41 4 56289 0 41
264 56164 69 2 56314 81 150
734 56430 56 4 56486 0 56
278 56388 58 4 56502 56 114
258 56335 60 4 56509 114 174
697 56832 62 2 56894 0 62
573 56817 86 1 56965 62 148
772 57099 32 4 57131 0 32
49 57277 49 4 57326 0 49
410 57389 55 4 57444 0 55
519 57484 51 1 57535 0 51
3 57587 40 3 57627 0 40
128 57559 51 3 57650 40 91
843 57566 77 2 57727 84 161
454 57763 69 4 57832 0 69
876 57866 55 3 57921 0 55
201 58111 72 4 58183 0 72
101 58533 65 3 58598 0 65
741 58549 74 3 58672 49 123
865 58803 70 4 58873 0 70
630 58721 92 1 58883 70 162
308 58960 41 1 59001 0 41
622 58902 62 3 59005 41 103
213 58958 63 3 59068 47 110
874 59107 41 3 59148 0 41
186 59224 47 3 59271 0 47
725 59197 48 3 59292 47 95
994 59319 42 1 59361 0 42
644 59173 53 4 59363 137 190
107 59403 47 3 59450 0 47
732 59309 58 4 59468 101 159
77 58975 73 4 59477 429 502
450 59513 63 3 59576 0 63
482 59621 41 4 59662 0 41
229 59596 43 3 59680 41 84
475 58817 94 2 59699 788 882
71 59747 26 2 59773 0 26
635 59836 51 4 59887 0 51
654 59982 54 3 60036 0 54
240 59927 56 4 60037 54 110
236 59866 68 3 60065 131 199
940 59795 70 4 60094 229 299
422 60158 57 3 60215 0 57
136 60267 69 4 60336 0 69
616 60356 58 1 60414 0 58
542 60364 88 4 60502 50 138
811 60642 65 4 60707 0 65
458 60823 46 1 60869 0 46
580 61029 65 2 61094 0 65
743 60949 81 2 61095 65 146
40 61144 68 2 61212 0 68
426 61035 92 1 61255 128 220
608 61419 51 4 61470 0 51
976 61485 44 4 61529 0 44
359 61506 56 2 61585 23 79
464 61596 57 4 61653 0 57
963 61668 35 2 61703 0 35
291 61717 36 2 61753 0 36
699 61454 58 4 61756 244 302
412 61725 58 2 61814 31 89
901 61639 61 4 61875 175 236
386 61913 60 3 61973 0 60
498 61664 68 4 62003 271 339
354 62040 47 3 62087 0 47
377 61770 69 4 62119 280 349
173 62203 35 3 62238 0 35
605 62263 44 2 62307 0 44
114 62262 51 1 62357 44 95
922 62182 57 3 62369 130 187
398 62417 53 3 62470 0 53
722 62209 64 2 62486 213 277
956 62239 72 3 62558 247 319
503 62115 73 3 62568 380 453
894 62564 75 4 62643 4 79
627 62136 75 3 62718 507 582
241 62752 33 4 62785 0 33
108 62181 79 2 62830 570 649
916 62859 70 3 62929 0 70
257 62980 25 1 63005 0 25
141 63001 49 2 63054 4 53
980 63038 63 3 63117 16 79
23 63190 42 2 63232 0 42
409 63152 65 1 63259 42 107
481 63091 66 4 63290 133 199
484 62959 66 2 63335 310 376
755 62842 70 2 63358 446 516
551 63150 76 2 63434 208 284
235 63567 54 1 63621 0 54
640 63576 58 4 63679 45 103
483 63551 60 4 63723 112 172
907 63490 64 3 63726 172 236
230 63620 70 4 63838 148 218
25 63849 44 1 63893 0 44
468 63754 70 4 63910 86 156
373 63772 70 2 63980 138 208
791 62436 80 4 63992 1476 1556
36 62291 81 4 64073 1701 1782
463 64100 73 4 64173 0 73
314 64209 73 3 64282 0 73
618 61575 82 1 64301 2644 2726
212 64396 49 4 64445 0 49
117 64460 50 3 64510 0 50
947 64433 55 3 64550 62 117
536 64352 56 4 64562 154 210
45 64570 55 4 64625 0 55
521 64636 51 4 64687 0 51
959 64635 71 4 64757 51 122
478 64795 55 1 64850 0 55
995 64811 75 3 64925 39 114
172 64991 48 4 65039 0 48
227 64941 53 4 65042 48 101
4 65047 39 1 65086 0 39
150 65039 57 4 65138 42 99
707 65167 33 4 65200 0 33
991 65157 47 3 65237 33 80
287 65263 43 3 65306 0 43
492 64989 69 2 65330 272 341
595 64405 85 2 65343 853 938
192 63952 90 2 65382 1340 1430
877 64472 91 3 65473 910 1001
864 65525 69 4 65594 0 69
602 62995 94 4 65636 2547 2641
62 65681 45 2 65726 0 45
388 65829 43 1 65872 0 43
143 65883 54 2 65937 0 54
614 65926 55 3 65992 11 66
715 66007 41 2 66048 0 41
494 65814 59 1 66066 193 252
777 65893 83 3 66149 173 256
669 66416 62 4 66478 0 62
116 66381 67 4 66510 62 129
250 66319 67 1 66515 129 196
601 66518 42 2 66560 0 42
854 66574 49 2 66623 0 49
825 66504 84 4 66690 102 186
960 66775 51 3 66826 0 51
405 66810 52 1 66878 16 68
589 66790 66 4 66944 88 154
987 67069 52 3 67121 0 52
571 67019 81 4 67152 52 133
224 67171 50 4 67221 0 50
814 67218 55 4 67276 3 58
113 67298 50 4 67348 0 50
800 67304 56 4 67404 44 100
895 67406 41 2 67447 0 41
220 67468 50 3 67518 0 50
676 67404 58 1 67553 91 149
861 67575 53 4 67628 0 53
771 67666 41 1 67707 0 41
982 67556 58 3 67708 94 152
431 67747 54 2 67801 0 54
16 67616 59 4 67821 146 205
59 67853 45 3 67898 0 45
604 67838 60 2 67943 45 105
203 67945 42 4 67987 0 42
439 67494 65 2 68030 471 536
154 68053 59 3 68112 0 59
950 68176 32 4 68208 0 32
183 68155 60 4 68247 32 92
664 67581 67 3 68248 600 667
600 67968 71 4 68319 280 351
687 68347 52 3 68399 0 52
10 68422 41 4 68463 0 41
652 68495 56 4 68551 0 56
867 68390 62 2 68558 106 168
275 67244 77 4 68585 1264 1341
953 68602 56 3 68658 0 56
50 68658 70 4 68728 0 70
933 68795 66 1 68861 0 66
806 68427 89 3 68938 422 511
104 69008 39 4 69047 0 39
780 69041 71 4 69118 6 77
127 68940 76 4 69126 110 186
242 68617 89 3 69141 435 524
48 68329 95 4 69236 812 907
671 69308 37 3 69345 0 37
282 69324 48 2 69393 21 69
346 69358 51 4 69444 35 86
338 69423 57 4 69501 21 78
609 69554 32 4 69586 0 32
86 69409 57 3 69590 124 181
178 69480 60 2 69650 110 170
753 69459 63 3 69713 191 254
69 69656 67 4 69780 57 124
863 69791 35 2 69826 0 35
851 69809 57 1 69883 17 74
400 69294 67 3 69925 564 631
138 69815 86 3 70011 110 196
132 70045 55 4 70100 0 55
174 70155 37 4 70192 0 37
631 70218 50 4 70268 0 50
370 70167 59 4 70301 75 134
362 70075 63 1 70309 171 234
549 70255 81 4 70390 54 135
414 70473 58 4 70531 0 58
919 70282 85 4 70533 166 251
376 68732 98 4 70539 1709 1807
870 70564 64 4 70628 0 64
252 67757 100 3 70703 2846 2946
171 70793 54 4 70847 0 54
249 71036 47 4 71083 0 47
54 70983 61 4 71091 47 108
145 71247 76 2 71323 0 76
835 71342 72 4 71414 0 72
562 71442 50 4 71492 0 50
124 71450 84 2 71576 42 126
837 71705 29 4 71734 0 29
8 71674 78 2 71781 29 107
938 71810 78 3 71888 0 78
717 71911 48 2 71959 0 48
946 72024 47 2 72071 0 47
487 71983 51 4 72081 47 98
557 71979 58 4 72135 98 156
187 72183 60 1 72243 0 60
913 72260 29 2 72289 0 29
931 72093 66 4 72290 131 197
217 72257 69 3 72359 33 102
737 72460 47 4 72507 0 47
97 72551 46 3 72597 0 46
189 72510 53 2 72609 46 99
342 72501 63 4 72669 105 168
316 72416 66 2 72691 209 275
142 72084 71 1 72705 550 621
155 72709 49 1 72758 0 49
122 72780 55 3 72835 0 55
81 72829 68 2 72903 6 74
762 72919 32 4 72951 0 32
695 72957 44 4 73001 0 44
39 73009 70 3 73079 0 70
948 71976 73 4 73093 1044 1117
805 73150 49 1 73199 0 49
951 72111 76 4 73218 1031 1107
64 71814 80 4 73258 1364 1444
361 73297 20 4 73317 0 20
216 71765 82 3 73331 1484 1566
395 72935 84 1 73415 396 480
472 73512 34 4 73546 0 34
286 73494 53 4 73581 34 87
393 73582 66 1 73648 0 66
856 73670 56 3 73726 0 56
443 73747 49 4 73796 0 49
471 73662 61 4 73828 105 166
560 73787 66 2 73894 41 107
559 73949 41 1 73990 0 41
265 73994 46 4 74040 0 46
714 73987 50 4 74086 49 99
693 74117 64 2 74181 0 64
965 74197 24 3 74221 0 24
247 74190 49 3 74263 24 73
535 73930 65 2 74269 274 339
977 73643 67 2 74286 576 643
379 74227 68 4 74354 59 127
157 74356 40 4 74396 0 40
434 73968 68 3 74462 426 494
99 74528 26 4 74554 0 26
840 74553 68 4 74622 1 69
151 73761 69 2 74625 795 864
572 73542 71 4 74695 1082 1153
663 74704 36 3 74740 0 36
642 74032 72 1 74803 699 771
597 74815 54 3 74869 0 54
969 74841 71 4 74940 28 99
833 74943 59 3 75002 0 59
47 73748 74 3 75061 1239 1313
167 75179 46 4 75225 0 46
366 75247 58 4 75305 0 58
32 75145 64 2 75313 104 168
967 75444 48 3 75492 0 48
356 75414 61 3 75523 48 109
611 75532 56 4 75588 0 56
358 75366 64 4 75595 165 229
721 75571 67 1 75662 24 91
702 75168 71 1 75680 441 512
348 75742 58 4 75800 0 58
626 75713 61 4 75832 58 119
678 75775 63 1 75895 57 120
781 75888 66 4 75961 7 73
558 75962 67 3 76029 0 67
529 75931 69 4 76097 97 166
862 76114 21 4 76135 0 21
436 75133 72 4 76145 940 1012
18 75122 72 3 76206 1012 1084
651 76246 64 4 76310 0 64
846 76336 26 4 76362 0 26
989 76335 34 1 76395 26 60
653 76257 75 4 76445 113 188
469 76489 31 4 76520 0 31
313 76538 59 4 76597 0 59
911 76692 48 3 76740 0 48
624 76664 55 3 76767 48 103
897 76625 60 3 76788 103 163
543 76790 56 4 76846 0 56
784 75388 76 4 76866 1402 1478
760 75695 76 4 76866 1095 1171
619 74362 82 3 76887 2443 2525
585 76948 49 4 76997 0 49
641 76906 56 4 77011 49 105
374 77024 46 4 77070 0 46
792 77065 63 4 77133 5 68
144 77178 69 3 77247 0 69
507 77250 63 4 77313 0 63
347 76931 71 2 77323 321 392
588 77361 44 2 77405 0 44
750 77211 75 4 77442 156 231
740 74085 84 4 77507 3338 3422
822 77579 58 3 77637 0 58
685 77542 63 1 77663 58 121
93 77560 68 3 77731 103 171
180 77540 69 2 77798 189 258
888 77856 61 4 77917 0 61
555 77669 71 4 77930 190 261
279 77926 72 3 78002 4 76
334 78084 56 2 78140 0 56
850 78157 33 2 78190 0 33
984 78074 60 3 78223 89 149
13 78093 63 3 78286 130 193
827 78217 66 2 78352 69 135
351 77574 75 4 78355 706 781
84 77589 79 4 78434 766 845
488 78314 79 3 78513 120 199
309 76006 86 2 78566 2474 2560
705 78590 61 4 78651 0 61
389 78642 68 1 78719 9 77
971 78584 73 4 78786 129 202
200 78797 53 4 78850 0 53
130 78722 82 3 78921 117 199
336 78922 69 2 78991 0 69
254 79018 32 1 79050 0 32
445 78951 81 4 79104 72 153
921 79115 53 3 79168 0 53
181 79218 33 2 79251 0 33
344 79221 46 4 79297 30 76
125 79189 47 4 79315 79 126
65 79148 79 3 79373 146 225
747 79386 41 3 79427 0 41
284 79461 39 4 79500 0 39
320 79536 48 3 79584 0 48
509 79542 49 4 79633 42 91
419 79486 55 3 79652 111 166
656 79705 43 2 79748 0 43
321 79732 53 4 79801 16 69
106 79528 56 3 79804 220 276
517 79774 71 3 79875 30 101
603 77406 88 2 79886 2392 2480
28 78844 95 2 79981 1042 1137
159 80059 54 2 80113 0 54
836 80202 32 3 80234 0 32
324 80251 54 3 80305 0 54
329 80168 58 4 80312 86 144
853 80232 62 4 80374 80 142
904 80402 32 3 80434 0 32
466 80462 51 3 80513 0 51
773 80524 56 4 80580 0 56
477 80419 57 4 80616 140 197
26 80553 57 4 80655 45 102
657 80424 64 4 80719 231 295
942 80496 64 2 80783 223 287
199 80788 50 4 80838 0 50
648 80702 71 3 80904 131 202
79 80349 71 1 80947 527 598
523 80194 73 2 81020 753 826
929 80101 74 4 81058 883 957
38 80604 74 4 81113 435 509
259 80242 74 3 81187 871 945
246 80672 74 2 81261 515 589
566 81189 77 1 81338 72 149
649 80405 83 3 81421 933 1016
221 81437 56 4 81493 0 56
162 81501 58 3 81559 0 58
102 81442 64 4 81615 109 173
632 81628 46 4 81674 0 46
169 81454 76 4 81737 207 283
584 81738 41 4 81779 0 41
61 81519 79 4 81857 259 338
131 81878 73 4 81951 0 73
292 81675 79 1 82009 255 334
261 81282 95 4 82088 711 806
396 82178 67 4 82245 0 67
893 82361 63 3 82424 0 63
633 82356 91 4 82510 63 154
112 82533 62 2 82595 0 62
990 82613 44 2 82657 0 44
397 82692 51 2 82743 0 51
999 82624 62 3 82770 84 146
435 82791 62 2 82853 0 62
845 82967 34 2 83001 0 34
437 82914 60 4 83008 34 94
988 82908 65 4 83067 94 159
302 82832 65 2 83077 180 245
680 83094 44 1 83138 0 44
639 82659 83 4 83183 441 524
968 83236 56 4 83292 0 56
547 83278 63 4 83355 14 77
232 83158 93 3 83395 144 237
688 83459 79 2 83538 0 79
520 83564 66 2 83630 0 66
188 83719 24 4 83743 0 24
95 83679 51 4 83754 24 75
819 83679 65 4 83819 75 140
53 83677 71 3 83888 140 211
462 83912 37 3 83949 0 37
665 83939 69 2 84018 10 79
148 83917 70 4 84088 101 171
701 84189 37 4 84226 0 37
202 84196 56 4 84282 30 86
849 84240 61 3 84343 42 103
964 84279 63 2 84406 64 127
365 84177 81 4 84475 217 298
590 84511 54 1 84565 0 54
448 84592 46 2 84638 0 46
191 84495 59 3 84654 100 159
704 84792 27 2 84819 0 27
561 84721 85 4 84833 27 112
357 85048 39 3 85087 0 39
433 85080 45 4 85132 7 52
427 85008 54 2 85146 84 138
891 85239 41 4 85280 0 41
924 85238 52 4 85331 41 93
22 85132 63 2 85365 170 233
682 85138 63 2 85365 164 227
244 85242 64 4 85429 123 187
658 85460 57 4 85517 0 57
724 85535 63 3 85598 0 63
582 84998 75 1 85614 541 616
779 85042 77 4 85691 572 649
890 85851 63 4 85914 0 63
268 85930 55 2 85985 0 55
892 85935 76 2 86061 50 126
569 85794 77 1 86065 194 271
306 86154 54 3 86208 0 54
73 86210 32 4 86242 0 32
299 86211 42 1 86284 31 73
225 86272 98 4 86382 12 110
706 86452 30 4 86482 0 30
629 86469 40 1 86522 13 53
301 86496 86 1 86608 26 112
34 86626 59 2 86685 0 59
137 86699 86 3 86785 0 86
341 86836 54 4 86890 0 54
234 86570 99 4 86906 237 336
262 86952 41 3 86993 0 41
296 86929 45 3 87015 41 86
986 87058 53 2 87111 0 53
786 87120 43 3 87163 0 43
345 87191 44 4 87235 0 44
209 87146 58 4 87265 61 119
7 87284 34 4 87318 0 34
118 87150 59 2 87358 149 208
123 87365 46 4 87411 0 46
325 87419 65 3 87484 0 65
522 87524 41 3 87565 0 41
927 87541 62 4 87627 24 86
810 87523 64 4 87690 103 167
385 87325 68 3 87704 311 379
166 87750 43 3 87793 0 43
506 87334 70 1 87817 413 483
363 87851 60 4 87911 0 60
719 87935 36 4 87971 0 36
87 87298 72 4 87985 615 687
949 87600 77 4 88062 385 462
177 88078 60 2 88138 0 60
152 88172 62 3 88234 0 62
168 87632 81 4 88265 552 633
461 88376 55 4 88431 0 55
195 88367 58 3 88480 55 113
512 88529 48 4 88577 0 48
660 88591 69 3 88660 0 69
425 88412 70 4 88737 255 325
446 88447 70 4 88737 220 290
785 88309 72 1 88751 370 442
912 88678 78 4 88829 73 151
908 88072 84 4 88909 753 837
871 88960 27 4 88987 0 27
491 89042 49 3 89091 0 49
204 88975 67 3 89103 61 128
579 88919 76 3 89138 143 219
78 89172 31 3 89203 0 31
675 89239 42 1 89281 0 42
390 89160 59 4 89304 85 144
349 89259 59 4 89351 33 92
708 89345 61 4 89412 6 67
332 89424 42 3 89466 0 42
813 88718 84 4 89466 664 748
564 89533 74 2 89607 0 74
170 89518 79 2 89671 74 153
255 89697 68 3 89765 0 68
387 89776 59 4 89835 0 59
981 89898 60 3 89958 0 60
650 89845 65 3 89970 60 125
789 89722 83 2 90032 227 310
58 87267 84 3 90038 2687 2771
51 90051 37 4 90088 0 37
767 90133 71 4 90204 0 71
533 90215 50 4 90265 0 50
681 87097 86 2 90273 3090 3176
176 89618 97 4 90370 655 752
290 90378 58 2 90436 0 58
1 90546 55 4 90601 0 55
43 90672 51 2 90723 0 51
21 90774 47 3 90821 0 47
524 90734 50 3 90831 47 97
593 90635 52 4 90835 148 200
752 90570 58 4 90859 231 289
636 90889 45 4 90934 0 45
68 90946 39 3 90985 0 39
288 90776 63 4 91006 167 230
502 90833 66 2 91072 173 239
89 91142 52 1 91194 0 52
355 91234 60 2 91294 0 60
33 91119 67 4 91298 112 179
490 91189 68 4 91366 109 177
295 91377 67 3 91444 0 67
674 91449 54 2 91503 0 54
821 90559 68 2 91508 881 949
736 91516 45 2 91561 0 45
83 91531 59 3 91620 30 89
55 91526 62 3 91682 94 156
790 91698 37 2 91735 0 37
35 90742 70 4 91781 969 1039
80 91846 49 3 91895 0 49
568 91852 51 4 91946 43 94
105 91847 62 2 92008 99 161
684 91652 73 2 92016 291 364
140 92105 39 4 92144 0 39
260 92186 47 2 92233 0 47
328 92172 57 2 92276 47 104
655 92173 57 1 92333 103 160
294 92343 44 3 92387 0 44
508 92366 47 3 92434 21 68
485 92266 64 4 92488 158 222
66 92265 65 2 92553 223 288
879 92157 68 3 92606 381 449
727 92612 52 4 92664 0 52
711 92669 46 1 92715 0 46
100 92684 61 2 92776 31 92
637 92678 69 1 92845 98 167
226 92869 38 3 92907 0 38
335 92967 53 3 93020 0 53
139 92948 57 4 93058 53 110
945 92888 61 4 93078 129 190
690 92838 71 4 93125 216 287
111 93173 64 4 93237 0 64
852 92595 71 2 93249 583 654
795 91311 75 4 93297 1911 1986
775 90725 75 4 93297 2497 2572
352 93308 63 4 93371 0 63
621 93321 71 2 93442 50 121
889 93483 38 1 93521 0 38
532 93468 50 4 93556 38 88
937 90874 79 4 93598 2645 2724
634 91465 79 1 93677 2133 2212
452 93681 67 4 93748 0 67
607 93776 51 1 93827 0 51
369 93915 35 4 93950 0 35
343 93953 41 3 93994 0 41
574 93885 49 1 94010 76 125
153 93972 57 4 94067 38 95
783 94124 55 2 94179 0 55
237 93935 64 3 94186 187 251
898 94230 34 4 94264 0 34
794 94209 48 3 94291 34 82
761 94345 47 4 94392 0 47
628 94223 64 4 94402 115 179
85 94476 44 3 94520 0 44
185 94449 52 2 94545 44 96
67 94419 58 1 94573 96 154
546 94519 72 4 94645 54 126
421 94464 73 2 94718 181 254
63 93964 75 4 94753 714 789
182 94812 51 3 94863 0 51
126 94785 54 3 94890 51 105
406 94860 55 2 94945 30 85
787 94875 63 4 95008 70 133
460 94555 75 3 95051 421 496
860 95124 72 4 95196 0 72
24 95238 20 3 95258 0 20
903 95198 50 2 95268 20 70
273 93914 75 1 95268 1279 1354
239 95278 43 4 95321 0 43
193 95347 64 2 95413 2 66
828 95409 64 2 95475 2 66
935 95364 72 3 95547 111 183
228 95602 57 4 95659 0 57
418 95380 76 4 95680 224 300
962 94347 79 4 95723 1297 1376
886 95742 46 3 95788 0 46
526 95797 53 4 95850 0 53
372 95997 59 3 96056 0 59
973 96122 49 3 96171 0 49
276 96115 50 2 96214 49 99
759 96092 52 3 96243 99 151
847 96005 61 3 96268 202 263
479 95963 61 1 96295 271 332
444 96056 66 3 96361 239 305
757 95903 67 4 96368 398 465
723 96407 61 4 96468 0 61
516 96543 57 4 96600 0 57
401 96511 64 4 96632 57 121
730 96677 63 4 96740 0 63
184 96583 70 3 96765 112 182
978 96381 72 4 96768 315 387
567 96326 72 2 96827 429 501
505 95750 75 3 96840 1015 1090
208 96056 77 2 96917 784 861
333 96506 78 4 96995 411 489
552 95740 79 4 97072 1253 1332
327 97153 48 4 97201 0 48
41 93882 79 2 97239 3278 3357
915 95808 79 2 97258 1371 1450
442 93903 79 1 97337 3355 3434
42 97400 38 3 97438 0 38
129 97391 52 4 97481 38 90
486 97417 55 3 97536 64 119
878 97496 59 3 97595 40 99
12 97554 63 3 97658 41 104
440 97709 48 4 97757 0 48
383 97667 56 2 97771 48 104
489 97673 57 2 97828 98 155
473 97887 37 4 97924 0 37
746 97797 61 3 97926 68 129
729 97347 73 3 97946 526 599
277 97968 64 2 98032 0 64
256 97597 76 1 98086 413 489
408 90516 80 4 98091 7495 7575
556 91750 80 4 98119 6289 6369
94 98197 42 4 98239 0 42
587 93139 80 3 98241 5022 5102
662 98292 35 4 98327 0 35
766 98266 52 4 98353 35 87
926 98386 37 1 98423 0 37
197 98400 57 4 98480 23 80
269 98311 62 3 98509 136 198
248 98479 67 3 98576 30 97
936 98587 64 1 98651 0 64
748 98710 71 3 98781 0 71
90 98353 74 2 98785 358 432
857 98361 79 3 98864 424 503
271 98900 62 3 98962 0 62
578 98934 72 2 99034 28 100
223 96671 81 1 99054 2302 2383
839 99094 69 3 99163 0 69
812 99235 22 4 99257 0 22
909 99224 37 2 99283 22 59
798 99296 61 4 99357 0 61
667 99188 63 4 99371 120 183
315 99358 70 3 99441 13 83
60 99483 44 4 99527 0 44
165 99614 45 3 99659 0 45
103 99673 48 1 99721 0 48
19 99576 58 2 99727 93 151
121 99743 21 4 99764 0 21
804 99541 62 3 99775 172 234
391 99730 75 4 99850 45 120
576 99430 78 3 99872 364 442
887 99185 82 4 99951 684 766
873 97842 84 4 100141 2215 2299
392 91786 84 4 100141 8271 8355
896 91459 84 4 100141 8598 8682
307 90782 85 3 100226 9359 9444
399 97802 85 1 100311 2424 2509
647 99865 86 3 100483 532 618
531 91318 86 3 100483 9079 9165
954 98808 87 4 100570 1675 1762
496 91379 88 2 100658 9191 9279
528 94927 89 4 100747 5731 5820
119 96034 89 3 100836 4713 4802
474 97401 93 2 100929 3435 3528
251 90903 95 4 101024 10026 10121
709 90999 95 2 101119 10025 10120
778 92674 99 4 101218 8445 8544
838 89805 100 4 101230 11325 11425
713 99405 100 3 101330 1825 1925
378 92626 100 1 101430 8704 8804
