106716 1000 1899 1827
951 3330 44 4 3374 0 44
512 6015 91 4 6106 0 91
553 6547 68 3 6615 0 68
241 6930 54 3 6984 0 54
751 7151 64 4 7215 0 64
689 8385 96 4 8481 0 96
322 8650 71 4 8721 0 71
373 9473 96 3 9569 0 96
178 9713 84 2 9797 0 84
35 9769 41 3 9839 29 70
150 10403 75 4 10478 0 75
801 10496 94 4 10590 0 94
12 10724 53 2 10777 0 53
856 13238 82 1 13320 0 82
242 13290 96 2 13417 31 127
89 13371 88 4 13506 47 135
424 13966 58 2 14024 0 58
152 14009 53 4 14078 16 69
927 14139 90 3 14229 0 90
524 14315 55 1 14370 0 55
537 14344 96 4 14467 27 123
520 14476 64 4 14540 0 64
164 14551 52 2 14603 0 52
782 14570 75 3 14679 34 109
128 15466 41 4 15507 0 41
634 15691 72 3 15763 0 72
258 15828 89 4 15917 0 89
334 16009 41 4 16050 0 41
28 16108 92 2 16200 0 92
653 16111 44 1 16245 90 134
658 16161 73 2 16318 84 157
436 16257 85 4 16404 62 147
657 16683 86 1 16769 0 86
7 16804 82 2 16886 0 82
215 18022 47 3 18069 0 47
854 18467 85 4 18552 0 85
502 18514 58 4 18611 39 97
777 18732 35 3 18767 0 35
392 18858 43 2 18901 0 43
903 19083 54 4 19137 0 54
496 19190 83 2 19273 0 83
483 19318 86 1 19404 0 86
547 19385 79 3 19484 20 99
180 19619 44 4 19663 0 44
858 19937 71 4 20008 0 71
270 19986 66 3 20075 23 89
425 20086 29 3 20115 0 29
583 20147 42 3 20189 0 42
479 20518 61 1 20579 0 61
267 20526 85 4 20665 54 139
184 20845 47 3 20892 0 47
909 21275 90 1 21365 0 90
900 21903 73 4 21976 0 73
22 22011 55 4 22066 0 55
981 22079 74 3 22153 0 74
451 22155 65 4 22220 0 65
654 22215 90 4 22311 6 96
516 22557 72 4 22629 0 72
741 23021 68 4 23089 0 68
196 23245 73 1 23318 0 73
20 23381 92 4 23473 0 92
26 23570 83 2 23653 0 83
261 24008 97 2 24105 0 97
53 24160 86 4 24246 0 86
298 24193 69 3 24316 54 123
937 24199 53 4 24369 117 170
351 24321 72 4 24442 49 121
217 24643 59 4 24702 0 59
77 25097 85 3 25182 0 85
838 25222 63 4 25285 0 63
714 25331 65 1 25396 0 65
670 25620 84 1 25704 0 84
144 26043 99 4 26142 0 99
130 26298 85 2 26383 0 85
454 26578 88 4 26666 0 88
910 26705 56 1 26761 0 56
871 26992 63 4 27055 0 63
824 27063 55 3 27118 0 55
850 27205 78 3 27283 0 78
558 27267 77 4 27361 17 94
488 27607 89 4 27696 0 89
445 27713 66 4 27779 0 66
732 27745 76 4 27856 35 111
284 27880 94 4 27974 0 94
556 27966 43 4 28018 9 52
700 28311 98 3 28409 0 98
633 28408 67 2 28477 2 69
616 28758 89 3 28847 0 89
73 28884 48 2 28932 0 48
106 28938 66 3 29004 0 66
411 28984 95 1 29100 21 116
792 29096 59 1 29160 5 64
31 29212 95 3 29307 0 95
770 29243 48 3 29356 65 113
455 29297 79 1 29435 59 138
926 29374 97 3 29533 62 159
988 29382 61 4 29594 151 212
659 29441 95 4 29690 154 249
211 29455 34 2 29724 235 269
684 29482 35 2 29759 242 277
678 29720 67 4 29827 40 107
749 30425 59 3 30484 0 59
820 30449 94 4 30579 36 130
947 30757 99 4 30856 0 99
849 30788 48 4 30905 69 117
735 30855 75 2 30980 50 125
9 30942 96 4 31077 39 135
736 31326 54 3 31380 0 54
676 31353 83 4 31464 28 111
254 31717 86 2 31803 0 86
117 31783 42 3 31846 21 63
513 31834 82 3 31929 13 95
133 31905 56 4 31986 25 81
989 32028 59 4 32087 0 59
296 32152 55 4 32207 0 55
289 32310 49 3 32359 0 49
476 32433 87 3 32520 0 87
201 32440 63 2 32584 81 144
174 32479 61 3 32645 105 166
863 32542 50 4 32696 104 154
282 32718 79 3 32797 0 79
118 32986 81 4 33067 0 81
57 33147 73 2 33220 0 73
231 33241 95 3 33336 0 95
635 33333 94 2 33431 4 98
485 33506 54 3 33560 0 54
417 33512 81 3 33642 49 130
999 33737 58 1 33795 0 58
3 33849 32 2 33881 0 32
530 33895 54 4 33949 0 54
489 33901 54 4 34004 49 103
544 34117 81 2 34198 0 81
121 34409 40 4 34449 0 40
916 34704 71 3 34775 0 71
359 35018 69 4 35087 0 69
952 35054 79 2 35167 34 113
842 35131 40 4 35208 37 77
452 35175 96 4 35305 34 130
826 35198 58 3 35363 107 165
198 35411 73 2 35484 0 73
950 35510 59 4 35569 0 59
695 35606 56 4 35662 0 56
788 35752 38 2 35790 0 38
563 35771 94 2 35885 20 114
112 35814 92 2 35978 72 164
725 35949 44 2 36023 30 74
688 36515 90 2 36605 0 90
49 36567 80 1 36686 39 119
155 36775 87 3 36862 0 87
994 36883 82 4 36965 0 82
421 36941 78 1 37044 25 103
622 37030 57 3 37102 15 72
352 37135 43 1 37178 0 43
986 37139 36 4 37215 40 76
412 37216 89 2 37305 0 89
119 37390 98 2 37488 0 98
687 37912 54 1 37966 0 54
621 38039 75 3 38114 0 75
550 38159 57 2 38216 0 57
800 38169 42 3 38259 48 90
14 38222 86 3 38346 38 124
335 38279 75 3 38422 68 143
559 38711 65 3 38776 0 65
113 39016 48 4 39064 0 48
755 39117 82 1 39199 0 82
923 39431 64 4 39495 0 64
555 39442 94 2 39590 54 148
123 39512 67 1 39658 79 146
29 39568 85 2 39743 90 175
844 39731 55 1 39799 13 68
806 39830 92 4 39922 0 92
437 40025 69 1 40094 0 69
692 40293 49 2 40342 0 49
752 40323 65 4 40408 20 85
470 40328 79 4 40487 80 159
327 40519 61 1 40580 0 61
787 40636 89 4 40725 0 89
543 40847 82 2 40929 0 82
702 41217 90 4 41307 0 90
943 41253 85 4 41393 55 140
526 41278 66 2 41459 115 181
205 41493 39 4 41532 0 39
409 41521 69 1 41602 12 81
348 41569 70 4 41673 34 104
416 41692 99 2 41791 0 99
713 41744 85 4 41877 48 133
461 41788 94 3 41971 89 183
491 41887 39 3 42011 85 124
646 41952 91 3 42102 59 150
528 41980 94 2 42197 123 217
278 42234 86 3 42320 0 86
915 42326 99 3 42425 0 99
336 42584 65 4 42649 0 65
482 42792 88 4 42880 0 88
517 42856 97 2 42978 25 122
380 42912 60 2 43039 67 127
898 43141 93 3 43234 0 93
69 43419 53 2 43472 0 53
577 43505 31 3 43536 0 31
991 43516 99 3 43636 21 120
181 43565 74 3 43711 72 146
185 43780 97 1 43877 0 97
744 43786 90 2 43968 92 182
761 43786 42 2 44010 182 224
636 43964 77 2 44088 47 124
597 44039 99 4 44188 50 149
374 44082 85 1 44273 106 191
396 44112 52 4 44326 162 214
237 44285 79 1 44406 42 121
265 44292 53 2 44459 114 167
683 44556 99 1 44655 0 99
796 44562 60 2 44716 94 154
332 44622 40 4 44756 94 134
631 44708 94 4 44851 49 143
459 44877 76 4 44953 0 76
170 44971 65 3 45036 0 65
401 44996 93 3 45130 41 134
993 45067 87 2 45218 64 151
545 45241 73 4 45314 0 73
441 45463 41 1 45504 0 41
165 45469 87 3 45592 36 123
71 45473 92 2 45684 119 211
63 45554 68 2 45753 131 199
306 45768 30 2 45798 0 30
746 45917 45 3 45962 0 45
288 46097 55 2 46152 0 55
376 46193 66 4 46259 0 66
919 46201 33 3 46293 59 92
706 46393 75 4 46468 0 75
929 46405 58 4 46527 64 122
690 46448 85 4 46612 79 164
368 46563 88 2 46701 50 138
244 46896 86 4 46982 0 86
56 47056 94 3 47150 0 94
957 47215 85 3 47300 0 85
260 47266 86 4 47387 35 121
888 47359 81 4 47469 29 110
212 47408 54 4 47524 62 116
247 47509 90 4 47615 16 106
934 47817 79 4 47896 0 79
235 47854 84 3 47981 43 127
886 47952 99 2 48081 30 129
913 47959 71 3 48152 122 193
39 47971 45 4 48197 181 226
612 48119 87 3 48285 79 166
398 48215 81 4 48367 71 152
748 48267 65 2 48432 100 165
487 48354 35 4 48468 79 114
963 48393 55 4 48523 75 130
74 48455 74 3 48598 69 143
168 48636 62 4 48698 0 62
394 48785 99 3 48884 0 99
582 48840 48 4 48933 45 93
280 48881 85 4 49018 52 137
102 48940 85 4 49104 79 164
992 49419 51 1 49470 0 51
419 49682 98 3 49780 0 98
362 49779 57 4 49838 2 59
446 49900 39 4 49939 0 39
263 49982 83 3 50065 0 83
239 50152 98 1 50250 0 98
503 50258 91 3 50349 0 91
979 50294 77 3 50427 56 133
295 50383 49 3 50477 45 94
630 50595 25 4 50620 0 25
255 50660 82 4 50742 0 82
328 50752 39 4 50791 0 39
456 50803 92 3 50895 0 92
855 50872 83 3 50979 24 107
912 50887 61 2 51040 92 153
85 50941 94 2 51135 100 194
652 50982 56 4 51191 153 209
252 51102 87 4 51279 90 177
884 51207 77 4 51357 73 150
429 51406 63 2 51469 0 63
576 51495 96 4 51591 0 96
590 51575 92 4 51684 17 109
704 51604 90 1 51775 81 171
145 51650 61 3 51836 125 186
691 51822 91 3 51928 15 106
259 51934 70 4 52004 0 70
463 52085 69 3 52154 0 69
724 52147 92 4 52247 8 100
596 52308 97 2 52405 0 97
548 52311 97 1 52503 95 192
985 52439 84 3 52588 65 149
998 52862 55 3 52917 0 55
599 52931 87 2 53018 0 87
662 52947 41 2 53060 72 113
245 52953 89 3 53149 107 196
851 53007 94 4 53243 142 236
340 53083 80 2 53324 161 241
575 53170 59 3 53383 154 213
330 53175 37 3 53420 208 245
819 53189 79 2 53499 231 310
798 53228 40 4 53539 271 311
120 53272 70 2 53610 268 338
407 53283 78 4 53688 327 405
48 53298 94 3 53782 390 484
672 53462 83 4 53865 320 403
308 53592 48 2 53914 274 322
500 53613 56 1 53970 301 357
861 53865 51 4 54021 105 156
785 53877 89 3 54111 145 234
199 53972 91 2 54202 139 230
982 54002 54 3 54256 200 254
891 54013 48 3 54304 243 291
156 54090 87 2 54392 215 302
791 54147 79 4 54471 245 324
375 54204 87 4 54558 267 354
723 54293 94 3 54652 265 359
757 54357 44 1 54697 296 340
428 54677 64 2 54762 21 85
481 54844 68 4 54912 0 68
766 54858 86 3 54999 55 141
132 54918 86 3 55086 82 168
94 54936 96 4 55182 150 246
738 54972 78 3 55260 210 288
742 54980 70 3 55330 280 350
468 55323 86 2 55417 8 94
941 55362 43 4 55461 56 99
729 55399 94 4 55555 62 156
564 55488 93 4 55649 68 161
506 55723 71 3 55794 0 71
226 55862 92 4 55954 0 92
862 55908 78 2 56033 47 125
822 55978 96 4 56130 56 152
885 56044 81 3 56212 87 168
759 56122 92 2 56304 90 182
1000 56275 80 3 56385 30 110
859 56370 94 2 56480 16 110
834 56596 90 2 56686 0 90
250 56666 86 3 56773 21 107
393 56893 64 4 56957 0 64
984 57095 82 4 57177 0 82
232 57102 68 2 57246 76 144
546 57185 98 4 57345 62 160
153 57248 68 4 57414 98 166
442 57687 75 3 57762 0 75
189 57706 72 4 57835 57 129
594 57715 89 4 57924 120 209
147 57736 75 3 57999 188 263
894 57915 83 4 58083 85 168
100 58021 76 3 58160 63 139
627 58037 85 1 58245 123 208
360 58146 65 4 58311 100 165
771 58181 72 3 58383 130 202
176 58222 99 4 58482 161 260
655 58427 80 4 58563 56 136
841 58887 74 1 58961 0 74
68 58988 66 2 59054 0 66
377 59000 99 2 59154 55 154
4 59013 58 3 59212 141 199
356 59019 48 4 59260 193 241
370 59148 82 3 59343 113 195
208 59155 29 4 59372 188 217
980 59291 98 4 59471 82 180
585 59345 94 4 59565 126 220
511 59426 84 1 59650 140 224
313 59454 53 3 59703 196 249
390 59470 90 3 59793 233 323
966 59548 29 4 59822 245 274
141 59574 72 3 59895 249 321
721 59676 63 4 59958 219 282
976 59688 53 3 60011 270 323
703 59772 100 4 60111 239 339
781 59863 97 3 60209 249 346
953 60197 82 4 60292 13 95
364 60200 66 3 60358 92 158
682 60238 90 3 60449 121 211
219 60349 99 1 60548 100 199
186 60371 83 4 60632 178 261
431 60435 85 2 60717 197 282
160 60467 67 4 60784 250 317
680 60522 81 1 60865 262 343
126 60611 78 4 60944 255 333
225 60771 92 3 61036 173 265
874 60804 96 4 61132 232 328
367 60821 40 1 61172 311 351
879 60913 65 4 61238 260 325
79 60915 69 2 61307 323 392
697 60925 65 1 61372 382 447
570 60931 87 3 61459 441 528
475 60943 90 2 61549 516 606
467 60948 99 3 61648 601 700
804 60960 85 1 61733 688 773
222 61121 90 4 61823 612 702
361 61448 58 4 61882 376 434
809 61544 66 3 61948 338 404
685 61559 63 3 62011 389 452
167 61561 58 3 62069 450 508
560 61568 84 1 62153 501 585
331 61759 88 3 62241 394 482
828 61763 84 2 62325 478 562
275 62293 51 3 62377 33 84
96 62335 96 2 62474 43 139
632 62386 42 1 62517 89 131
730 62568 80 3 62648 0 80
478 62613 90 4 62739 36 126
60 62617 83 4 62822 122 205
423 62871 58 4 62929 0 58
639 63125 79 3 63204 0 79
65 63154 86 3 63291 51 137
8 63184 98 2 63389 107 205
772 63208 93 3 63483 182 275
536 63215 85 4 63568 268 353
19 63272 71 3 63639 296 367
192 63276 50 3 63689 363 413
223 63363 98 1 63787 326 424
686 63407 51 2 63839 381 432
41 63517 72 2 63911 322 394
191 63739 86 4 63997 172 258
579 63753 67 3 64064 244 311
602 63824 87 4 64152 241 328
551 63843 80 4 64232 309 389
797 63948 84 4 64316 284 368
283 63956 52 4 64368 360 412
914 63983 58 4 64426 385 443
83 64098 77 4 64504 329 406
644 64105 96 1 64600 399 495
514 64320 93 3 64693 280 373
350 64339 84 4 64777 354 438
243 64357 100 3 64877 420 520
944 64771 97 3 64975 107 204
381 64813 96 1 65071 162 258
881 64814 63 4 65134 257 320
969 64922 73 3 65208 213 286
587 64927 99 1 65307 281 380
44 65192 35 2 65343 116 151
780 65268 93 1 65436 75 168
299 65604 78 3 65682 0 78
342 65685 54 4 65739 0 54
887 65693 65 2 65805 47 112
64 65726 46 1 65851 79 125
641 65822 99 4 65951 30 129
701 65847 76 2 66027 104 180
82 65947 79 3 66107 81 160
497 66044 72 4 66180 64 136
960 66211 80 2 66291 0 80
281 66235 73 2 66365 57 130
847 66237 79 4 66444 128 207
319 66298 98 2 66543 147 245
939 66312 80 3 66623 231 311
598 66324 80 2 66703 299 379
505 66351 64 3 66767 352 416
369 66654 43 4 66811 114 157
728 66719 96 4 66907 92 188
162 66751 86 4 66993 156 242
11 66855 98 1 67092 139 237
962 66937 83 4 67175 155 238
810 66950 98 4 67273 225 323
209 66997 57 4 67331 277 334
465 67331 92 1 67424 1 93
290 67380 91 4 67516 45 136
50 67385 97 4 67613 131 228
256 67391 48 4 67661 222 270
866 67453 62 2 67724 209 271
410 67598 86 3 67810 126 212
30 67685 57 1 67868 126 183
554 67687 91 3 67959 181 272
310 67747 51 4 68010 212 263
906 67763 91 2 68101 247 338
229 67777 94 4 68195 324 418
432 67824 96 4 68292 372 468
584 67883 42 4 68334 409 451
389 67953 92 4 68426 381 473
648 67977 62 1 68488 449 511
643 68008 82 3 68570 480 562
304 68202 51 4 68622 369 420
956 68351 100 1 68722 271 371
195 68370 99 4 68821 352 451
66 68409 52 4 68873 412 464
202 68421 64 4 68937 452 516
221 68630 86 4 69024 308 394
899 68858 82 4 69106 166 248
552 68918 91 2 69197 188 279
344 69069 95 3 69293 129 224
836 69097 90 3 69383 196 286
6 69113 84 4 69467 270 354
408 69202 70 4 69538 266 336
91 69255 65 3 69603 283 348
365 69304 72 2 69675 299 371
534 69314 57 4 69732 361 418
228 69324 92 3 69824 408 500
750 69378 69 4 69893 446 515
719 69395 78 4 69971 498 576
875 69403 93 4 70064 568 661
737 69480 80 2 70145 585 665
325 69599 29 1 70174 546 575
609 69657 59 4 70233 517 576
789 69676 30 4 70263 557 587
271 69753 62 2 70325 510 572
945 69772 64 2 70389 553 617
378 69777 75 3 70464 612 687
815 69797 94 4 70558 667 761
227 69918 78 4 70636 640 718
975 70072 98 1 70735 565 663
936 70105 41 3 70776 630 671
32 70164 68 3 70844 612 680
640 70283 84 2 70928 561 645
384 70331 86 3 71014 597 683
821 70347 52 3 71066 667 719
523 70368 76 4 71142 698 774
649 70450 42 4 71184 692 734
385 70531 77 4 71261 653 730
493 70564 82 4 71343 697 779
337 70566 82 3 71425 777 859
292 70676 66 1 71492 750 816
345 70685 94 4 71586 807 901
908 70739 98 4 71684 847 945
248 70832 61 1 71745 852 913
301 70907 68 3 71813 838 906
18 70999 60 3 71873 814 874
383 71035 69 2 71942 838 907
175 71039 92 3 72034 903 995
210 71067 40 4 72074 967 1007
925 71135 59 4 72133 939 998
972 71235 64 4 72197 898 962
877 71267 95 2 72292 930 1025
58 71273 70 4 72362 1019 1089
745 71372 59 1 72421 990 1049
16 71376 92 3 72513 1045 1137
450 71576 91 4 72605 938 1029
363 71637 99 4 72704 968 1067
122 71733 59 3 72763 971 1030
715 71904 24 3 72787 859 883
466 72026 98 4 72885 761 859
606 72042 38 4 72923 843 881
803 72187 80 4 73003 736 816
101 72274 71 3 73074 729 800
618 72456 62 3 73136 618 680
193 72495 88 2 73224 641 729
865 72518 53 2 73278 707 760
302 72709 67 3 73345 569 636
213 72746 87 4 73432 599 686
876 72763 84 3 73516 669 753
46 72894 73 2 73589 622 695
480 72963 87 4 73676 626 713
538 73108 100 2 73776 568 668
829 73278 70 4 73847 499 569
895 73312 80 4 73927 535 615
388 73313 75 4 74002 614 689
716 73368 80 4 74082 634 714
462 73551 91 1 74173 531 622
339 73898 60 1 74234 276 336
183 73963 41 4 74275 271 312
251 74053 55 3 74330 222 277
996 74104 56 3 74386 226 282
379 74149 71 3 74457 237 308
253 74177 70 4 74528 281 351
422 74195 90 3 74618 333 423
515 74229 90 4 74708 389 479
823 74295 81 4 74789 413 494
42 74302 65 4 74854 487 552
80 74334 61 4 74915 520 581
846 74391 32 3 74947 524 556
286 74637 85 4 75033 311 396
574 74715 61 4 75094 318 379
391 74728 91 4 75185 366 457
182 74755 97 4 75282 430 527
279 74762 78 4 75360 520 598
457 74925 91 4 75451 435 526
104 74951 45 3 75497 501 546
146 74995 89 4 75586 502 591
204 75039 75 2 75661 547 622
812 75120 92 4 75753 541 633
580 75123 69 3 75822 630 699
816 75134 46 4 75868 688 734
610 75151 60 4 75928 717 777
902 75374 92 4 76020 554 646
61 75475 48 4 76069 546 594
783 75580 94 1 76163 489 583
539 75633 66 2 76229 530 596
773 75659 90 2 76319 570 660
187 75667 44 2 76363 652 696
472 75672 50 4 76413 691 741
753 75740 89 3 76502 673 762
522 75777 78 3 76580 725 803
172 75782 76 2 76656 798 874
136 75800 89 3 76745 856 945
240 75802 65 4 76810 943 1008
663 75808 40 1 76850 1002 1042
733 75857 73 4 76923 993 1066
140 75950 58 4 76981 973 1031
568 76000 53 4 77034 981 1034
269 76045 41 2 77076 990 1031
406 76058 77 1 77153 1018 1095
531 76068 57 3 77210 1085 1142
277 76154 100 4 77310 1056 1156
677 76214 75 3 77385 1096 1171
922 76268 80 4 77465 1117 1197
163 76274 64 4 77529 1191 1255
638 76303 93 2 77622 1226 1319
78 76326 74 2 77696 1296 1370
880 76368 71 4 77767 1328 1399
257 76370 80 2 77847 1397 1477
595 76437 53 3 77900 1410 1463
768 76445 80 2 77980 1455 1535
776 76448 98 2 78078 1532 1630
893 76520 68 3 78146 1558 1626
405 76524 49 4 78195 1622 1671
447 76695 46 1 78241 1500 1546
97 76835 86 4 78327 1406 1492
109 76897 46 4 78373 1430 1476
671 76921 83 4 78456 1452 1535
214 76922 36 2 78492 1534 1570
592 77002 50 3 78542 1490 1540
978 77084 95 2 78638 1459 1554
527 77154 79 4 78717 1484 1563
188 77222 75 2 78792 1495 1570
246 77374 65 1 78857 1418 1483
307 77391 97 3 78954 1466 1563
767 77493 42 2 78996 1461 1503
114 77497 35 4 79031 1499 1534
860 77596 47 4 79078 1435 1482
314 77607 86 3 79164 1471 1557
656 77697 81 4 79245 1467 1548
764 77746 74 4 79319 1499 1573
43 77763 65 4 79384 1556 1621
92 77786 82 4 79466 1598 1680
507 77835 98 4 79564 1631 1729
397 77836 98 3 79662 1728 1826
430 77862 47 3 79709 1800 1847
499 77954 53 1 79762 1755 1808
399 78110 84 2 79846 1652 1736
615 78111 83 4 79929 1735 1818
954 78124 53 3 79982 1805 1858
705 78295 96 3 80078 1687 1783
34 78501 96 3 80174 1577 1673
940 78614 80 4 80255 1561 1641
418 78667 93 3 80348 1588 1681
236 78673 78 4 80426 1675 1753
628 78700 83 3 80509 1726 1809
890 78851 89 4 80598 1658 1747
935 78887 60 2 80658 1711 1771
977 79288 57 4 80715 1370 1427
743 79403 55 4 80770 1312 1367
673 79523 70 4 80840 1247 1317
892 79560 49 4 80889 1280 1329
341 79566 36 2 80925 1323 1359
473 79669 86 2 81011 1256 1342
25 79700 64 1 81075 1311 1375
942 79813 56 2 81131 1262 1318
837 79941 73 2 81204 1190 1263
494 80021 39 4 81243 1183 1222
440 80157 77 3 81320 1086 1163
793 80177 91 1 81412 1144 1235
99 80244 89 4 81501 1168 1257
974 80249 82 4 81583 1252 1334
565 80358 79 4 81662 1225 1304
224 80380 67 3 81729 1282 1349
607 80460 74 4 81803 1269 1343
802 80507 69 1 81872 1296 1365
666 80537 84 3 81956 1335 1419
218 80548 98 4 82054 1408 1506
453 80564 59 4 82113 1490 1549
699 80761 88 4 82201 1352 1440
471 80786 81 4 82282 1415 1496
17 80830 91 3 82373 1452 1543
660 80839 76 3 82449 1534 1610
420 80856 66 4 82515 1593 1659
698 80897 78 4 82593 1618 1696
38 80905 71 1 82664 1688 1759
933 80958 77 2 82741 1706 1783
52 80969 53 4 82794 1772 1825
177 80969 97 3 82891 1825 1922
605 81005 78 3 82969 1886 1964
166 81065 91 4 83060 1904 1995
817 81157 70 3 83130 1903 1973
614 81215 85 2 83215 1915 2000
24 81227 87 3 83302 1988 2075
911 81234 69 2 83371 2068 2137
273 81245 47 4 83418 2126 2173
297 81279 100 2 83518 2139 2239
623 81281 63 4 83581 2237 2300
498 81318 33 4 83614 2263 2296
316 81343 69 4 83684 2272 2341
642 81401 50 3 83734 2283 2333
353 81416 77 1 83811 2318 2395
990 81417 97 1 83908 2394 2491
995 81452 43 4 83951 2456 2499
142 81474 64 4 84015 2477 2541
763 81535 91 4 84106 2480 2571
629 81568 74 4 84180 2538 2612
601 81681 68 3 84248 2499 2567
778 81684 78 3 84326 2564 2642
987 81739 38 4 84364 2587 2625
918 81752 73 2 84437 2612 2685
159 81784 88 2 84525 2653 2741
444 81805 89 1 84614 2720 2809
573 81892 98 3 84712 2722 2820
37 81910 72 1 84784 2802 2874
312 81962 69 3 84853 2822 2891
557 82215 95 4 84948 2638 2733
586 82223 38 3 84986 2725 2763
426 82258 85 2 85071 2728 2813
878 82339 96 3 85167 2732 2828
135 82373 82 2 85249 2794 2876
76 82428 89 4 85338 2821 2910
95 82535 76 4 85414 2803 2879
518 82580 54 1 85468 2834 2888
541 82645 29 4 85497 2823 2852
161 82668 44 4 85541 2829 2873
315 82730 59 1 85600 2811 2870
274 82966 77 3 85677 2634 2711
395 82990 42 4 85719 2687 2729
33 82998 70 4 85789 2721 2791
758 83010 52 4 85841 2779 2831
869 83146 78 1 85919 2695 2773
968 83235 92 3 86011 2684 2776
931 83326 92 3 86103 2685 2777
973 83407 64 3 86167 2696 2760
525 83503 75 2 86242 2664 2739
88 83519 92 2 86334 2723 2815
40 83520 69 4 86403 2814 2883
818 83531 86 3 86489 2872 2958
561 83628 41 2 86531 2862 2903
93 83649 63 4 86594 2882 2945
62 83659 86 4 86680 2935 3021
59 83695 77 3 86757 2985 3062
238 83800 58 1 86815 2957 3015
194 83813 68 2 86883 3002 3070
324 84212 26 4 86909 2671 2697
338 84241 44 4 86953 2668 2712
840 84334 72 2 87025 2619 2691
864 84461 62 3 87087 2564 2626
458 84494 55 3 87142 2593 2648
930 84519 90 4 87232 2623 2713
23 84521 59 2 87291 2711 2770
134 84545 90 1 87381 2746 2836
84 84643 50 3 87431 2738 2788
795 84681 96 4 87527 2750 2846
624 84686 76 4 87603 2841 2917
355 84725 72 3 87675 2878 2950
81 84759 75 4 87750 2916 2991
775 84769 93 2 87843 2981 3074
276 84952 60 4 87903 2891 2951
216 84984 66 3 87969 2919 2985
169 85091 90 1 88059 2878 2968
665 85095 83 2 88142 2964 3047
414 85096 92 3 88234 3046 3138
371 85100 64 3 88298 3134 3198
477 85210 80 3 88378 3088 3168
762 85280 86 3 88464 3098 3184
103 85366 75 4 88539 3098 3173
997 85371 86 4 88625 3168 3254
27 85454 95 4 88720 3171 3266
857 85458 52 4 88772 3262 3314
917 85486 78 4 88850 3286 3364
484 85607 56 4 88906 3243 3299
532 85816 87 2 88993 3090 3177
668 85879 62 4 89055 3114 3176
72 85891 69 3 89124 3164 3233
287 85900 81 4 89205 3224 3305
549 85960 55 4 89260 3245 3300
171 86143 90 4 89350 3117 3207
897 86235 96 3 89446 3115 3211
784 86249 66 1 89512 3197 3263
490 86377 89 3 89601 3135 3224
347 86412 82 1 89683 3189 3271
86 86415 94 3 89777 3268 3362
435 86448 69 3 89846 3329 3398
139 86577 28 4 89875 3270 3298
961 86624 97 1 89972 3251 3348
173 86683 83 3 90055 3289 3372
872 86709 64 4 90119 3346 3410
835 86804 66 4 90185 3315 3381
54 86846 56 2 90241 3339 3395
439 86878 75 1 90316 3363 3438
317 87041 61 4 90377 3275 3336
329 87157 67 1 90444 3220 3287
291 87210 95 3 90539 3234 3329
562 87232 92 2 90631 3307 3399
510 87238 78 2 90709 3393 3471
311 87370 84 3 90793 3339 3423
825 87395 96 3 90889 3398 3494
521 87434 98 4 90987 3455 3553
372 87469 48 4 91035 3518 3566
726 87508 69 3 91104 3527 3596
566 87547 74 4 91178 3557 3631
637 87560 85 1 91263 3618 3703
830 87579 91 4 91354 3684 3775
620 87661 50 2 91404 3693 3743
747 87711 27 4 91431 3693 3720
712 87817 100 3 91531 3614 3714
882 87817 89 4 91620 3714 3803
443 87830 90 2 91710 3790 3880
679 87879 68 3 91778 3831 3899
928 87910 54 2 91832 3868 3922
415 87972 73 3 91905 3860 3933
495 87990 90 4 91995 3915 4005
197 88018 56 4 92051 3977 4033
921 88042 91 1 92142 4009 4100
90 88109 94 1 92236 4033 4127
321 88170 60 4 92296 4066 4126
946 88181 71 3 92367 4115 4186
305 88185 44 1 92411 4182 4226
115 88193 57 4 92468 4218 4275
318 88224 91 4 92559 4244 4335
983 88278 93 3 92652 4281 4374
15 88356 98 1 92750 4296 4394
603 88359 55 4 92805 4391 4446
907 88517 70 3 92875 4288 4358
233 88733 93 3 92968 4142 4235
717 88760 76 3 93044 4208 4284
681 88842 79 3 93123 4202 4281
572 88955 53 4 93176 4168 4221
581 89003 94 3 93270 4173 4267
827 89015 67 1 93337 4255 4322
970 89039 84 4 93421 4298 4382
87 89070 23 3 93444 4351 4374
230 89101 66 3 93510 4343 4409
508 89110 32 4 93542 4400 4432
403 89172 73 4 93615 4370 4443
143 89256 38 3 93653 4359 4397
589 89335 92 4 93745 4318 4410
814 89375 83 4 93828 4370 4453
300 89421 76 4 93904 4407 4483
2 89430 97 3 94001 4474 4571
509 89446 95 4 94096 4555 4650
647 89597 89 4 94185 4499 4588
5 89731 71 3 94256 4454 4525
129 89761 96 2 94352 4495 4591
905 89773 61 3 94413 4579 4640
234 89843 85 3 94498 4570 4655
542 89880 32 3 94531 4619 4651
469 89921 88 3 94619 4610 4698
964 89947 28 4 94647 4672 4700
343 89991 56 1 94703 4656 4712
438 90002 52 3 94755 4701 4753
626 90005 62 3 94817 4750 4812
264 90048 84 4 94901 4769 4853
309 90058 36 4 94937 4843 4879
949 90084 80 3 95017 4853 4933
326 90212 90 2 95107 4805 4895
138 90239 76 4 95183 4868 4944
971 90240 90 4 95273 4943 5033
157 90260 57 2 95330 5013 5070
718 90296 94 4 95424 5034 5128
387 90362 87 2 95511 5062 5149
613 90381 99 2 95610 5130 5229
808 90456 78 3 95688 5154 5232
137 90526 76 4 95764 5162 5238
845 90580 52 2 95816 5184 5236
756 90607 92 3 95908 5209 5301
413 90665 65 1 95973 5243 5308
13 90823 63 3 96036 5150 5213
708 90846 45 2 96081 5190 5235
262 90923 87 2 96168 5158 5245
540 90935 58 3 96226 5233 5291
611 90946 72 4 96298 5280 5352
492 90963 89 4 96387 5335 5424
434 90963 87 2 96474 5424 5511
617 90964 65 3 96539 5510 5575
959 91005 58 1 96597 5534 5592
600 91015 51 3 96648 5582 5633
889 91215 66 4 96714 5433 5499
149 91301 58 4 96772 5413 5471
427 91335 63 4 96835 5437 5500
873 91369 66 1 96901 5466 5532
868 91511 49 2 96950 5390 5439
464 91521 46 4 96996 5429 5475
694 91548 70 4 97066 5448 5518
108 91549 54 4 97120 5517 5571
148 91564 63 3 97183 5556 5619
268 91607 82 4 97265 5576 5658
799 91653 75 2 97340 5612 5687
320 91665 75 2 97415 5675 5750
154 91690 90 2 97505 5725 5815
404 91722 57 4 97562 5783 5840
357 91735 46 3 97608 5827 5873
619 91814 87 4 97695 5794 5881
739 91818 84 3 97779 5877 5961
904 91829 49 3 97828 5950 5999
591 91857 92 4 97920 5971 6063
848 91903 45 3 97965 6017 6062
734 91943 48 4 98013 6022 6070
293 92119 67 3 98080 5894 5961
811 92224 82 4 98162 5856 5938
831 92239 63 3 98225 5923 5986
645 92250 87 2 98312 5975 6062
519 92259 83 2 98395 6053 6136
832 92308 48 2 98443 6087 6135
110 92330 75 2 98518 6113 6188
535 92344 77 4 98595 6174 6251
786 92360 49 1 98644 6235 6284
948 92400 79 4 98723 6244 6323
449 92505 61 3 98784 6218 6279
740 92526 98 4 98882 6258 6356
346 92590 68 2 98950 6292 6360
853 92594 86 4 99036 6356 6442
272 92626 38 3 99074 6410 6448
474 92626 90 2 99164 6448 6538
813 92642 88 2 99252 6522 6610
833 92716 80 1 99332 6536 6616
901 92830 96 4 99428 6502 6598
765 92852 55 4 99483 6576 6631
843 92858 85 2 99568 6625 6710
667 92949 69 2 99637 6619 6688
924 93040 89 4 99726 6597 6686
604 93204 96 3 99822 6522 6618
896 93274 90 3 99912 6548 6638
720 93404 94 4 100006 6508 6602
285 93425 74 4 100080 6581 6655
754 93486 99 4 100179 6594 6693
67 93518 70 4 100249 6661 6731
870 93596 72 1 100321 6653 6725
790 93634 83 2 100404 6687 6770
105 93675 46 4 100450 6729 6775
249 93701 59 4 100509 6749 6808
303 93726 76 3 100585 6783 6859
125 93751 58 2 100643 6834 6892
207 93763 42 4 100685 6880 6922
651 93846 55 4 100740 6839 6894
669 93886 92 3 100832 6854 6946
625 93887 74 3 100906 6945 7019
151 93901 23 4 100929 7005 7028
220 94277 63 4 100992 6652 6715
805 94376 97 2 101089 6616 6713
578 94433 48 3 101137 6656 6704
779 94455 80 2 101217 6682 6762
794 94466 85 3 101302 6751 6836
938 94529 54 4 101357 6774 6828
486 94560 62 1 101419 6797 6859
51 94586 66 2 101485 6833 6899
349 94633 68 4 101553 6852 6920
883 94871 55 4 101608 6682 6737
107 94900 72 2 101680 6708 6780
206 94973 94 1 101774 6707 6801
709 95067 66 3 101840 6707 6773
203 95070 35 4 101875 6770 6805
608 95178 72 4 101947 6697 6769
852 95274 60 3 102007 6673 6733
965 95330 37 1 102044 6677 6714
707 95371 91 4 102135 6673 6764
266 95409 93 4 102228 6726 6819
366 95604 96 3 102324 6624 6720
774 95636 95 4 102419 6688 6783
727 95700 59 4 102478 6719 6778
21 95817 69 4 102547 6661 6730
200 95995 55 3 102602 6552 6607
711 96049 97 2 102699 6553 6650
400 96080 94 4 102793 6619 6713
696 96168 68 4 102861 6625 6693
127 96266 82 2 102943 6595 6677
460 96291 55 1 102998 6652 6707
932 96293 75 1 103073 6705 6780
333 96369 94 4 103167 6704 6798
567 96518 97 4 103264 6649 6746
55 96545 78 3 103342 6719 6797
354 96547 61 4 103403 6795 6856
722 96753 41 4 103444 6650 6691
10 96908 83 4 103527 6536 6619
839 96918 81 4 103608 6609 6690
382 97042 57 3 103665 6566 6623
294 97184 75 3 103740 6481 6556
111 97349 84 3 103824 6391 6475
593 97350 84 2 103908 6474 6558
760 97408 87 4 103995 6500 6587
661 97459 55 3 104050 6536 6591
190 97490 50 3 104100 6560 6610
504 97500 53 3 104153 6600 6653
920 97505 81 4 104234 6648 6729
955 97515 86 4 104320 6719 6805
386 97593 80 3 104400 6727 6807
967 97602 69 4 104469 6798 6867
674 97692 84 4 104553 6777 6861
867 97748 40 4 104593 6805 6845
958 97778 87 3 104680 6815 6902
448 97831 84 1 104764 6849 6933
179 98016 64 4 104828 6748 6812
124 98025 40 2 104868 6803 6843
731 98100 78 4 104946 6768 6846
75 98102 32 4 104978 6844 6876
693 98246 87 2 105065 6732 6819
47 98441 79 3 105144 6624 6703
358 98444 45 4 105189 6700 6745
569 98556 90 2 105279 6633 6723
571 98712 85 4 105364 6567 6652
675 98841 84 4 105448 6523 6607
807 98926 77 3 105525 6522 6599
433 98942 68 4 105593 6583 6651
501 99058 39 3 105632 6535 6574
402 99060 30 4 105662 6572 6602
45 99090 55 4 105717 6572 6627
533 99163 96 4 105813 6554 6650
158 99174 96 3 105909 6639 6735
650 99190 97 2 106006 6719 6816
529 99197 61 4 106067 6809 6870
1 99428 41 4 106108 6639 6680
769 99515 55 3 106163 6593 6648
70 99534 60 4 106223 6629 6689
323 99783 57 3 106280 6440 6497
36 99789 36 2 106316 6491 6527
98 99851 61 1 106377 6465 6526
710 99879 77 3 106454 6498 6575
664 99885 44 3 106498 6569 6613
131 99901 68 4 106566 6597 6665
116 99926 99 4 106665 6640 6739
588 99933 51 3 106716 6732 6783
