100345 1401 112 65
720 2594 92 4 2686 0 92
670 4283 57 3 4340 0 57
783 5836 64 3 5900 0 64
660 7667 85 1 7752 0 85
963 10213 48 4 10261 0 48
931 10874 57 4 10931 0 57
7 11190 23 3 11213 0 23
487 12109 20 3 12129 0 20
68 12401 74 3 12475 0 74
735 12676 56 1 12732 0 56
985 13475 22 4 13497 0 22
346 14783 85 3 14868 0 85
918 14962 32 4 14994 0 32
753 15039 69 4 15108 0 69
535 15073 50 2 15158 35 85
486 15208 65 1 15273 0 65
943 15889 25 4 15914 0 25
195 16128 31 3 16159 0 31
892 16879 40 2 16919 0 40
825 17036 43 2 17079 0 43
16 17038 25 4 17104 41 66
637 17234 28 2 17262 0 28
682 17266 34 1 17300 0 34
385 17441 35 2 17476 0 35
55 18207 59 2 18266 0 59
600 18489 43 3 18532 0 43
755 19106 48 3 19154 0 48
204 19300 30 2 19330 0 30
261 19335 75 1 19410 0 75
420 19379 33 3 19443 31 64
368 19539 61 3 19600 0 61
434 19634 48 2 19682 0 48
322 19769 48 3 19817 0 48
692 19778 39 4 19856 39 78
61 20032 53 4 20085 0 53
296 20257 70 2 20327 0 70
290 20889 83 4 20972 0 83
499 20959 31 3 21003 13 44
843 21399 22 3 21421 0 22
365 21476 47 2 21523 0 47
221 21757 25 2 21782 0 25
311 21972 75 3 22047 0 75
136 22510 51 2 22561 0 51
747 22679 52 3 22731 0 52
830 22762 57 4 22819 0 57
143 23090 46 2 23136 0 46
769 23318 84 1 23402 0 84
324 23389 24 4 23426 13 37
865 23454 27 3 23481 0 27
767 24278 34 3 24312 0 34
826 24289 40 3 24352 23 63
687 24520 48 4 24568 0 48
161 24608 45 3 24653 0 45
496 25037 58 3 25095 0 58
139 25196 73 2 25269 0 73
596 25508 39 3 25547 0 39
78 25590 28 2 25618 0 28
167 25846 81 3 25927 0 81
605 25960 63 4 26023 0 63
458 26187 27 4 26214 0 27
18 26426 27 2 26453 0 27
522 26553 31 4 26584 0 31
47 26816 32 4 26848 0 32
400 26818 30 2 26878 30 60
312 26860 48 4 26926 18 66
163 27046 78 4 27124 0 78
87 27142 23 2 27165 0 23
697 27152 45 4 27210 13 58
903 27297 21 4 27318 0 21
182 27427 66 3 27493 0 66
698 28042 40 4 28082 0 40
132 28227 75 1 28302 0 75
648 28373 73 4 28446 0 73
754 28754 40 4 28794 0 40
958 28807 66 2 28873 0 66
441 28821 54 4 28927 52 106
155 28970 61 4 29031 0 61
574 29164 49 2 29213 0 49
771 29289 38 4 29327 0 38
284 29297 39 1 29366 30 69
121 29367 31 2 29398 0 31
334 29415 23 3 29438 0 23
859 29440 28 1 29468 0 28
314 29725 72 4 29797 0 72
15 29857 34 4 29891 0 34
115 30259 60 4 30319 0 60
473 30416 56 4 30472 0 56
249 30418 48 4 30520 54 102
749 30539 71 4 30610 0 71
387 30602 81 2 30691 8 89
62 30641 85 3 30776 50 135
401 30752 68 3 30844 24 92
935 31141 20 4 31161 0 20
800 31337 56 4 31393 0 56
135 31434 75 1 31509 0 75
551 31576 29 3 31605 0 29
777 31605 92 3 31697 0 92
22 31741 81 3 31822 0 81
740 31959 33 1 31992 0 33
333 32243 51 4 32294 0 51
371 32344 66 1 32410 0 66
866 32486 42 3 32528 0 42
3 32569 25 3 32594 0 25
207 32759 36 4 32795 0 36
74 32775 22 4 32817 20 42
993 33254 40 3 33294 0 40
924 33517 66 3 33583 0 66
758 33912 58 4 33970 0 58
654 34104 22 4 34126 0 22
638 34143 63 3 34206 0 63
604 34450 72 4 34522 0 72
895 34583 43 3 34626 0 43
916 34646 41 4 34687 0 41
932 34925 21 2 34946 0 21
14 35086 66 4 35152 0 66
584 35201 20 1 35221 0 20
223 35241 45 1 35286 0 45
741 35345 32 3 35377 0 32
389 35619 27 4 35646 0 27
35 35637 32 1 35678 9 41
254 35917 55 3 35972 0 55
663 36006 48 3 36054 0 48
882 36244 38 1 36282 0 38
589 36348 73 4 36421 0 73
416 36356 39 4 36460 65 104
210 36366 27 3 36487 94 121
796 36419 39 3 36526 68 107
272 36496 21 4 36547 30 51
542 36623 36 3 36659 0 36
898 36625 82 1 36741 34 116
289 36745 52 1 36797 0 52
129 36930 64 3 36994 0 64
491 36933 54 3 37048 61 115
820 37039 41 3 37089 9 50
381 37059 30 2 37119 30 60
492 37146 41 2 37187 0 41
823 37193 24 3 37217 0 24
447 37377 74 2 37451 0 74
707 37750 28 2 37778 0 28
586 37921 44 3 37965 0 44
173 38199 27 1 38226 0 27
419 38666 43 3 38709 0 43
900 38773 73 3 38846 0 73
374 38819 31 4 38877 27 58
988 38949 28 4 38977 0 28
33 39178 41 4 39219 0 41
315 39190 32 4 39251 29 61
961 39214 37 1 39288 37 74
146 39398 46 4 39444 0 46
198 39479 44 3 39523 0 44
837 39693 60 4 39753 0 60
675 39742 83 4 39836 11 94
510 39801 41 3 39877 35 76
443 39871 28 2 39955 56 84
39 39861 59 2 39964 44 103
969 40090 50 4 40140 0 50
553 40177 23 2 40200 0 23
853 40374 44 3 40418 0 44
804 40440 64 4 40504 0 64
672 40476 45 3 40599 78 123
833 40463 69 3 40618 86 155
147 40716 70 4 40786 0 70
482 40861 24 4 40885 0 24
889 41244 21 4 41265 0 21
273 41427 49 4 41476 0 49
851 41474 43 4 41519 2 45
657 41929 35 4 41964 0 35
508 42038 22 4 42060 0 22
326 42202 46 4 42248 0 46
869 42463 62 4 42525 0 62
849 42503 23 1 42548 22 45
549 42720 58 2 42778 0 58
620 42795 29 3 42824 0 29
112 42925 25 4 42950 0 25
117 43409 35 4 43444 0 35
948 43557 66 4 43623 0 66
101 43872 79 3 43951 0 79
410 43874 65 3 44016 77 142
43 43981 20 3 44036 35 55
531 44013 33 4 44069 23 56
304 44035 48 2 44117 34 82
539 44104 34 3 44151 13 47
685 44144 36 2 44187 7 43
325 44149 76 3 44263 38 114
52 44374 36 2 44410 0 36
470 44416 23 4 44439 0 23
34 44453 87 2 44540 0 87
448 44527 54 4 44594 13 67
77 44570 32 3 44626 24 56
500 44678 32 4 44710 0 32
616 44734 84 2 44818 0 84
581 44797 24 2 44842 21 45
462 45358 58 1 45416 0 58
588 45378 58 3 45474 38 96
187 45445 75 4 45549 29 104
485 45504 44 3 45593 45 89
97 45653 49 3 45702 0 49
505 45663 60 3 45762 39 99
489 45827 25 3 45852 0 25
688 45834 29 4 45881 18 47
949 45856 42 4 45973 75 117
923 45845 52 3 45975 78 130
787 45936 24 3 45999 39 63
632 45997 62 1 46061 2 64
471 46033 58 3 46119 28 86
474 46144 28 3 46172 0 28
879 46221 27 3 46248 0 27
977 46611 45 4 46656 0 45
237 46648 68 2 46724 8 76
994 46744 37 3 46781 0 37
344 47041 34 4 47075 0 34
488 47074 59 1 47134 1 60
781 47190 89 1 47279 0 89
459 47244 56 4 47335 35 91
452 47506 47 4 47553 0 47
472 47517 22 2 47575 36 58
525 47545 25 2 47600 30 55
693 47724 40 2 47764 0 40
566 47893 37 3 47930 0 37
982 47985 35 3 48020 0 35
41 48070 87 4 48157 0 87
506 48327 21 1 48348 0 21
122 48383 40 2 48423 0 40
287 48482 25 3 48507 0 25
713 48590 53 2 48643 0 53
938 48608 23 2 48666 35 58
951 48780 24 4 48804 0 24
395 48884 23 4 48907 0 23
303 48971 25 3 48996 0 25
813 49113 58 4 49171 0 58
468 49163 46 2 49217 8 54
965 49169 26 3 49243 48 74
712 49196 41 4 49284 47 88
313 49222 47 4 49331 62 109
921 49535 32 3 49567 0 32
235 49608 79 3 49687 0 79
906 49635 55 1 49742 52 107
148 49808 30 4 49838 0 30
563 49828 53 4 49891 10 63
404 50195 41 1 50236 0 41
10 50357 42 4 50399 0 42
552 50383 32 2 50481 66 98
431 50370 66 1 50547 111 177
81 50393 64 3 50561 104 168
650 50500 48 2 50609 61 109
243 50620 34 4 50654 0 34
513 50834 46 3 50880 0 46
483 50898 43 3 50941 0 43
53 51136 86 4 51222 0 86
936 51206 35 2 51307 66 101
567 51174 56 1 51313 83 139
265 51298 49 2 51362 15 64
127 51338 31 4 51393 24 55
891 51411 92 3 51503 0 92
641 51549 46 3 51595 0 46
464 51630 21 4 51651 0 21
699 51651 63 2 51714 0 63
642 51654 86 4 51850 110 196
212 51747 38 2 51938 153 191
213 51669 96 3 51984 219 315
168 51731 69 4 52103 303 372
677 51934 32 2 52135 169 201
440 51949 46 3 52231 236 282
26 51800 56 3 52237 381 437
793 52033 41 1 52278 204 245
839 51821 69 2 52297 407 476
683 51944 65 4 52312 303 368
945 52196 53 3 52365 116 169
114 52396 57 1 52453 0 57
32 52582 33 4 52615 0 33
370 52815 40 4 52855 0 40
751 53165 40 2 53205 0 40
379 53260 84 4 53344 0 84
803 53341 53 1 53397 3 56
181 53510 84 4 53594 0 84
478 53521 30 2 53624 73 103
104 53555 81 2 53755 119 200
192 53568 66 4 53771 137 203
108 53752 57 3 53878 69 126
469 53766 60 4 53888 62 122
503 53822 45 3 53933 66 111
855 53945 48 2 53993 0 48
270 54061 55 3 54116 0 55
224 54217 83 4 54300 0 83
875 54236 21 2 54321 64 85
230 54279 44 3 54365 42 86
362 54384 32 4 54416 0 32
172 54419 60 1 54479 0 60
363 54476 23 2 54552 53 76
757 54449 68 2 54570 53 121
429 54784 39 4 54823 0 39
550 54814 68 4 54891 9 77
380 55014 50 3 55064 0 50
635 55036 75 4 55139 28 103
421 55070 61 3 55200 69 130
57 55312 60 4 55372 0 60
730 55380 31 4 55411 0 31
664 55391 70 3 55481 20 90
818 55534 32 3 55566 0 32
211 55619 48 4 55667 0 48
323 55717 47 4 55764 0 47
999 55748 71 2 55835 16 87
206 56024 21 3 56045 0 21
274 56077 85 4 56162 0 85
809 56129 43 3 56205 33 76
795 56167 68 3 56323 88 156
913 56185 57 1 56330 88 145
524 56276 39 2 56369 54 93
806 56287 71 3 56440 82 153
520 56746 20 4 56766 0 20
575 56885 22 4 56907 0 22
738 57009 63 2 57072 0 63
608 57029 35 4 57107 43 78
710 57105 55 1 57162 2 57
28 57109 52 4 57214 53 105
42 57243 56 3 57299 0 56
263 57429 66 3 57495 0 66
160 57591 71 4 57662 0 71
893 57614 79 3 57791 98 177
9 57662 72 3 57813 79 151
734 57857 28 4 57885 0 28
773 57882 86 2 57971 3 89
881 58117 51 3 58168 0 51
359 58169 49 4 58218 0 49
547 58504 39 3 58543 0 39
669 58582 28 2 58610 0 28
521 58964 28 1 58992 0 28
138 58986 26 1 59018 6 32
990 59015 43 3 59061 3 46
267 59208 35 1 59243 0 35
762 59240 44 2 59287 3 47
684 59302 79 2 59381 0 79
628 59335 62 4 59443 46 108
790 59494 79 4 59573 0 79
937 59499 35 3 59608 74 109
580 59592 34 2 59642 16 50
840 59605 72 3 59714 37 109
876 59753 46 2 59799 0 46
352 59855 83 4 59938 0 83
450 59859 29 4 59967 79 108
991 59875 35 4 60002 92 127
728 59918 47 3 60049 84 131
922 59929 20 4 60069 120 140
583 59932 35 4 60104 137 172
590 59975 44 3 60198 179 223
444 59972 73 2 60221 176 249
557 60221 46 2 60317 50 96
704 60141 51 3 60318 126 177
526 60308 31 3 60449 110 141
639 60227 69 4 60468 172 241
149 60301 79 3 60597 217 296
794 60322 57 3 60654 275 332
612 60362 72 4 60676 242 314
745 60467 66 4 60692 159 225
888 60643 47 4 60739 49 96
291 60728 35 4 60824 61 96
946 60711 59 3 60833 63 122
376 60741 73 3 60956 142 215
457 60802 61 4 60967 104 165
445 61009 47 3 61056 0 47
560 61021 58 4 61114 35 93
269 61060 46 4 61160 54 100
883 61176 54 3 61230 0 54
319 61241 42 4 61283 0 42
203 61259 21 2 61304 24 45
896 61412 56 1 61468 0 56
189 61480 27 3 61507 0 27
197 61499 38 4 61595 58 96
746 61503 40 2 61635 92 132
681 61489 62 3 61647 96 158
480 61569 49 4 61846 228 277
202 61591 32 4 61878 255 287
810 61615 20 3 61898 263 283
218 61519 54 3 61902 329 383
987 61536 54 4 61906 316 370
543 61566 83 4 61939 290 373
392 61902 25 2 62064 137 162
8 61776 81 2 62095 238 319
106 61968 26 4 62121 127 153
45 61890 54 4 62125 181 235
157 62014 27 3 62202 161 188
731 62009 73 1 62225 143 216
193 62144 24 4 62249 81 105
476 62358 26 2 62384 0 26
564 62371 40 3 62424 13 53
772 62481 30 2 62511 0 30
151 62568 44 2 62612 0 44
711 62706 71 4 62777 0 71
976 62828 44 4 62872 0 44
350 63021 72 4 63093 0 72
721 63047 30 3 63123 46 76
330 63075 28 3 63151 48 76
227 63173 85 4 63258 0 85
348 63174 33 3 63291 84 117
48 63192 42 2 63333 99 141
250 63266 43 2 63376 67 110
911 63321 35 3 63411 55 90
518 63713 21 3 63734 0 21
954 63798 53 3 63851 0 53
860 63999 66 2 64065 0 66
239 64111 57 3 64168 0 57
645 64159 71 4 64239 9 80
884 64273 44 4 64317 0 44
88 64323 23 4 64346 0 23
116 64330 26 3 64372 16 42
799 64351 21 3 64393 21 42
64 64361 59 4 64552 132 191
585 64397 42 3 64594 155 197
797 64387 53 1 64647 207 260
399 64391 84 3 64681 206 290
390 64557 45 4 64726 124 169
490 64405 68 2 64744 271 339
83 64609 46 4 64790 135 181
914 64739 49 4 64889 101 150
70 64716 83 3 64922 123 206
887 64839 32 2 64954 83 115
925 64867 45 4 64999 87 132
857 65029 38 4 65067 0 38
848 65083 24 1 65107 0 24
234 65095 24 1 65131 12 36
36 65145 32 4 65177 0 32
438 65167 48 4 65225 10 58
862 65191 91 4 65316 34 125
577 65284 59 3 65425 82 141
413 65350 36 2 65461 75 111
928 65293 53 3 65464 118 171
975 65435 22 3 65536 79 101
847 65411 78 4 65564 75 153
2 65513 23 3 65637 101 124
124 65511 79 3 65666 76 155
858 65686 76 3 65762 0 76
30 65748 53 3 65815 14 67
383 66017 41 3 66058 0 41
185 66053 42 4 66100 5 47
82 66112 57 4 66169 0 57
111 66121 77 3 66296 98 175
495 66136 91 1 66387 160 251
24 66220 28 2 66415 167 195
956 66212 53 4 66418 153 206
484 66416 76 4 66494 2 78
292 66495 60 1 66555 0 60
532 66509 52 2 66657 96 148
545 66545 65 4 66672 62 127
279 66638 31 3 66703 34 65
750 66727 34 2 66761 0 34
655 66729 50 3 66811 32 82
437 66768 20 3 66831 43 63
236 66922 46 3 66968 0 46
634 67078 59 4 67137 0 59
700 67079 47 2 67184 58 105
569 67117 24 4 67358 217 241
248 67093 61 2 67369 215 276
846 67108 87 3 67406 211 298
217 67111 51 4 67407 245 296
838 67294 44 3 67451 113 157
964 67311 69 1 67520 140 209
512 67464 70 1 67640 106 176
679 67521 24 2 67664 119 143
509 67540 32 4 67696 124 156
231 67476 55 4 67701 170 225
511 67587 43 4 67744 114 157
262 67832 82 3 67914 0 82
910 67874 27 2 67991 90 117
295 67849 52 3 67993 92 144
739 67989 22 3 68015 4 26
822 68075 51 3 68126 0 51
280 68122 34 3 68210 54 88
338 68100 89 3 68249 60 149
320 68218 54 4 68303 31 85
752 68441 71 3 68512 0 71
651 68506 29 1 68641 106 135
29 68449 70 1 68661 142 212
271 68494 61 4 68672 117 178
332 68663 59 4 68731 9 68
617 68723 40 4 68771 8 48
514 68830 30 3 68860 0 30
378 68946 34 3 68980 0 34
412 69049 87 4 69136 0 87
927 69054 64 4 69200 82 146
850 69333 35 2 69368 0 35
4 69390 43 4 69433 0 43
597 69552 30 4 69582 0 30
134 69616 78 1 69694 0 78
66 69669 28 4 69722 25 53
95 69800 24 4 69824 0 24
502 69965 45 1 70010 0 45
625 70163 24 2 70187 0 24
406 70180 52 3 70239 7 59
780 70237 25 1 70264 2 27
868 70384 86 4 70470 0 86
668 70499 63 2 70562 0 63
808 70632 92 4 70724 0 92
917 70757 56 2 70813 0 56
555 70819 32 3 70851 0 32
6 70855 74 4 70929 0 74
85 70916 28 2 70957 13 41
920 70938 43 4 71000 19 62
283 70946 40 4 71040 54 94
92 71036 41 4 71131 54 95
463 70965 75 2 71156 116 191
941 71044 36 4 71192 112 148
939 71242 34 3 71276 0 34
613 71285 29 3 71314 0 29
582 71370 72 4 71442 0 72
90 71493 24 1 71517 0 24
798 71511 56 3 71573 6 62
84 71556 28 3 71601 17 45
610 71573 26 4 71627 28 54
676 71622 24 3 71651 5 29
970 71731 20 3 71751 0 20
442 71739 71 3 71822 12 83
959 71860 52 3 71912 0 52
831 71903 84 3 71996 9 93
479 71916 36 4 72032 80 116
556 72002 20 3 72052 30 50
455 72129 68 4 72197 0 68
456 72176 42 3 72239 21 63
972 72189 34 4 72273 50 84
109 72219 92 4 72365 54 146
356 72399 60 4 72459 0 60
926 72412 43 3 72502 47 90
842 72418 40 3 72542 84 124
786 72561 21 3 72582 0 21
51 72567 32 4 72614 15 47
177 72589 26 2 72640 25 51
208 72684 34 4 72718 0 34
538 72796 71 4 72867 0 71
275 72953 58 3 73011 0 58
722 72987 56 4 73067 24 80
417 73145 58 3 73203 0 58
983 73301 49 4 73350 0 49
335 73337 39 2 73389 13 52
103 73441 54 4 73495 0 54
515 73459 36 4 73531 36 72
658 73474 35 4 73566 57 92
696 73603 82 4 73685 0 82
706 73706 39 4 73745 0 39
427 73725 35 4 73780 20 55
225 73866 40 3 73906 0 40
246 73967 20 4 73987 0 20
611 74036 56 4 74092 0 56
863 74102 79 4 74181 0 79
984 74153 38 2 74269 78 116
113 74120 87 4 74306 99 186
102 74248 31 3 74437 158 189
942 74276 29 4 74466 161 190
827 74184 68 4 74534 282 350
594 74320 34 4 74618 264 298
69 74191 53 2 74621 377 430
715 74359 36 2 74657 262 298
558 74464 23 3 74680 193 216
293 74291 55 4 74685 339 394
871 74312 53 3 74688 323 376
778 74576 27 4 74765 162 189
768 74543 55 2 74870 272 327
125 74603 58 3 74928 267 325
347 74810 45 2 75023 168 213
425 74655 84 3 75057 318 402
266 74723 73 2 75080 284 357
98 74913 40 4 75120 167 207
674 74782 69 2 75139 288 357
301 75029 21 4 75210 160 181
997 75042 44 4 75254 168 212
44 74987 83 3 75287 217 300
744 75340 28 3 75368 0 28
523 75398 20 4 75418 0 20
686 75414 29 4 75497 54 83
107 75406 60 1 75507 41 101
343 75436 32 4 75539 71 103
133 75533 43 3 75632 56 99
649 75483 80 3 75662 99 179
541 75603 42 4 75704 59 101
536 75628 32 4 75736 76 108
570 75740 20 4 75760 0 20
666 75777 74 4 75851 0 74
573 75793 27 3 75878 58 85
886 75928 34 3 75962 0 34
461 75976 37 4 76013 0 37
759 76065 26 3 76091 0 26
591 76075 50 3 76141 16 66
241 76150 39 1 76189 0 39
817 76160 56 4 76245 29 85
128 76265 43 1 76308 0 43
341 76293 22 4 76380 65 87
618 76290 72 4 76452 90 162
31 76367 29 2 76481 85 114
689 76295 63 2 76494 136 199
294 76430 27 3 76521 64 91
968 76511 49 4 76570 10 59
908 76567 41 2 76611 3 44
801 76786 35 2 76821 0 35
281 76794 27 4 76848 27 54
409 76837 21 3 76919 61 82
38 76832 60 3 76979 87 147
403 76846 68 3 77047 133 201
12 76960 21 4 77068 87 108
870 76872 57 3 77075 146 203
565 77159 25 3 77184 0 25
678 77384 27 3 77411 0 27
72 77439 57 4 77496 0 57
504 77484 66 2 77562 12 78
436 77528 30 2 77592 34 64
727 77534 40 3 77632 58 98
919 77543 50 4 77682 89 139
126 77629 48 3 77780 103 151
955 77608 53 1 77783 122 175
349 77687 37 4 77820 96 133
844 77694 48 2 77868 126 174
622 77806 80 1 77948 62 142
158 78034 79 2 78113 0 79
779 78109 41 2 78204 54 95
703 78047 76 3 78230 107 183
65 78119 42 2 78272 111 153
373 78264 52 3 78324 8 60
816 78278 30 4 78354 46 76
643 78324 32 2 78386 30 62
233 78368 22 3 78408 18 40
253 78406 31 3 78489 52 83
342 78376 54 4 78493 63 117
58 78463 27 4 78520 30 57
214 78568 40 4 78608 0 40
56 78647 42 2 78689 0 42
130 78673 65 3 78754 16 81
978 78817 33 4 78850 0 33
388 78898 33 2 78931 0 33
159 79098 66 3 79164 0 66
776 79153 25 4 79239 61 86
264 79107 89 4 79278 82 171
726 79404 41 2 79445 0 41
705 79430 32 4 79477 15 47
96 79635 25 1 79660 0 25
46 79734 60 3 79794 0 60
357 79741 26 2 79820 53 79
856 79768 58 3 79878 52 110
238 79928 43 1 79971 0 43
255 80056 46 3 80102 0 46
562 80060 60 3 80262 142 202
201 80063 69 3 80281 149 218
73 80157 33 4 80314 124 157
397 80076 57 4 80321 188 245
286 80216 31 1 80352 105 136
358 80330 45 2 80397 22 67
257 80564 48 4 80612 0 48
1000 80761 40 1 80801 0 40
603 80834 50 3 80884 0 50
80 80925 79 2 81004 0 79
184 80942 45 2 81049 62 107
396 80988 42 4 81091 61 103
962 81039 76 3 81217 102 178
258 81115 28 3 81245 102 130
369 81065 88 2 81283 130 218
219 81213 34 4 81317 70 104
979 81296 27 4 81394 71 98
623 81269 60 4 81454 125 185
435 81388 27 1 81481 66 93
770 81306 57 4 81488 125 182
742 81399 23 1 81511 89 112
716 81489 30 4 81591 72 102
37 81502 21 1 81612 89 110
554 81440 52 3 81614 122 174
282 81573 28 2 81692 91 119
909 81587 42 4 81734 105 147
446 81538 64 2 81798 196 260
601 81658 24 4 81822 140 164
386 81603 51 2 81823 169 220
782 81819 34 4 81907 54 88
967 81818 74 1 81931 39 113
912 81825 41 3 81972 106 147
277 81896 59 4 82031 76 135
640 82080 63 4 82143 0 63
215 82133 76 4 82219 10 86
475 82171 23 4 82242 48 71
723 82182 78 4 82320 60 138
527 82357 23 2 82380 0 23
957 82380 41 4 82421 0 41
50 82437 74 4 82511 0 74
339 82513 20 1 82533 0 20
216 82525 21 4 82554 8 29
232 82536 44 3 82598 18 62
119 82543 29 1 82627 55 84
934 82558 22 3 82649 69 91
288 82625 48 3 82697 24 72
841 82720 33 2 82753 0 33
13 82750 32 2 82785 3 35
901 82786 24 4 82810 0 24
276 82799 44 3 82854 11 55
980 82808 41 4 82895 46 87
247 82823 47 1 82942 72 119
729 82876 20 4 82962 66 86
630 83027 66 4 83093 0 66
307 83032 63 4 83306 211 274
717 83133 23 3 83329 173 196
196 83048 52 4 83331 231 283
615 83061 55 4 83336 220 275
878 83216 24 3 83360 120 144
673 83092 56 3 83366 218 274
607 83249 49 4 83415 117 166
259 83268 40 4 83455 147 187
451 83358 24 4 83529 147 171
627 83375 34 2 83563 154 188
228 83298 69 4 83632 265 334
493 83547 47 4 83679 85 132
695 83404 82 2 83711 225 307
763 83597 32 4 83743 114 146
99 83599 60 4 83853 194 254
131 83720 55 3 83908 133 188
375 83838 34 3 83992 120 154
244 83766 63 2 84005 176 239
568 83801 68 3 84023 154 222
328 84002 44 3 84117 71 115
579 83960 92 3 84209 157 249
905 84031 35 4 84244 178 213
548 84052 20 3 84314 242 262
760 84006 84 3 84348 258 342
430 84154 36 4 84384 194 230
788 84039 64 2 84398 295 359
140 84357 42 4 84540 141 183
54 84386 31 2 84571 154 185
691 84253 57 3 84578 268 325
5 84279 65 4 84593 249 314
89 84562 25 2 84668 81 106
366 84462 66 2 84684 156 222
599 84673 39 4 84723 11 50
361 84679 20 2 84793 94 114
329 84712 23 3 84816 81 104
302 84675 90 4 84856 91 181
719 84852 25 4 84881 4 29
631 84880 74 4 84955 1 75
930 84941 22 3 84977 14 36
164 85024 37 4 85061 0 37
944 85197 38 3 85235 0 38
498 85208 44 3 85279 27 71
497 85248 21 1 85300 31 52
517 85268 36 3 85336 32 68
308 85320 96 4 85432 16 112
205 85492 35 3 85527 0 35
854 85528 30 2 85558 0 30
382 85592 24 1 85616 0 24
178 85613 34 3 85650 3 37
835 85676 32 3 85708 0 32
199 85873 69 4 85942 0 69
165 85938 72 4 86014 4 76
974 86008 27 3 86091 56 83
829 85968 51 4 86092 73 124
384 86095 68 2 86163 0 68
318 86187 48 2 86235 0 48
602 86202 50 3 86285 33 83
885 86220 83 4 86368 65 148
354 86323 29 1 86397 45 74
593 86375 44 4 86441 22 66
418 86405 91 4 86532 36 127
761 86475 22 2 86554 57 79
454 86606 26 2 86632 0 26
644 86624 21 4 86653 8 29
150 86644 26 4 86679 9 35
364 86646 52 3 86781 83 135
162 86660 59 2 86790 71 130
702 86780 54 3 86844 10 64
680 86796 80 4 86924 48 128
402 86861 25 4 86949 63 88
229 86883 39 4 87038 116 155
209 86895 39 4 87077 143 182
268 86863 55 4 87232 314 369
336 86907 65 2 87247 275 340
708 87087 38 4 87285 160 198
802 87125 43 2 87328 160 203
950 86934 70 4 87348 344 414
398 87174 40 4 87388 174 214
316 86939 72 3 87410 399 471
811 87263 26 1 87436 147 173
621 87292 39 4 87475 144 183
947 87436 36 4 87611 139 175
93 87385 57 3 87668 226 283
63 87506 46 3 87764 212 258
100 87421 82 4 87846 343 425
904 87600 28 4 87874 246 274
872 87437 86 3 87910 387 473
540 87664 49 2 87959 246 295
433 87488 60 4 87969 421 481
996 87670 22 3 87991 299 321
407 87679 35 3 88026 312 347
467 87517 52 3 88078 509 561
423 87800 41 3 88119 278 319
907 87723 62 3 88131 346 408
25 88077 41 2 88172 54 95
40 88336 37 3 88373 0 37
154 88379 64 4 88443 0 64
834 88445 40 2 88485 0 40
405 88449 21 2 88506 36 57
449 88493 60 4 88566 13 73
86 88523 20 2 88586 43 63
226 88539 34 3 88620 47 81
141 88572 26 4 88646 48 74
415 88596 38 4 88684 50 88
183 88634 38 3 88722 50 88
992 88655 23 4 88745 67 90
145 88729 44 3 88789 16 60
614 88763 27 4 88816 26 53
152 88790 46 2 88862 26 72
953 88800 24 4 88886 62 86
995 88841 73 4 89009 95 168
306 88843 52 4 89011 116 168
123 89033 65 4 89098 0 65
67 89173 30 3 89203 0 30
477 89176 30 1 89233 27 57
252 89233 54 4 89287 0 54
659 89303 21 3 89324 0 21
94 89311 54 4 89378 13 67
952 89443 51 2 89494 0 51
690 89470 82 3 89576 24 106
595 89591 95 3 89686 0 95
592 89748 27 1 89775 0 27
439 89868 48 2 89916 0 48
766 90049 35 2 90084 0 35
340 90114 66 1 90180 0 66
902 90268 22 4 90290 0 22
897 90304 23 4 90327 0 23
317 90325 60 3 90387 2 62
789 90355 48 4 90435 32 80
812 90381 36 4 90471 54 90
27 90453 41 4 90512 18 59
633 90493 63 4 90575 19 82
426 90624 34 3 90658 0 34
533 90722 63 3 90785 0 63
507 90747 62 3 90897 88 150
609 90814 30 3 90927 83 113
175 90770 57 3 90934 107 164
662 90931 25 3 91059 103 128
656 90894 68 2 91077 115 183
624 90948 23 4 91100 129 152
559 90903 58 3 91108 147 205
587 91038 42 4 91150 70 112
501 91138 56 4 91206 12 68
819 91248 52 1 91300 0 52
118 91251 72 2 91372 49 121
571 91407 40 4 91447 0 40
785 91487 40 4 91527 0 40
465 91547 46 4 91593 0 46
864 91671 24 2 91695 0 24
516 91676 32 4 91727 19 51
310 91741 25 4 91766 0 25
940 91759 67 2 91833 7 74
300 91776 42 2 91875 57 99
377 91800 30 4 91955 125 155
791 91817 39 2 91994 138 177
701 91821 27 2 92021 173 200
748 91826 49 4 92070 195 244
11 91844 22 4 92092 226 248
652 91782 80 2 92122 260 340
194 91933 46 3 92168 189 235
867 91981 48 4 92216 187 235
561 91987 22 2 92238 229 251
23 92019 22 3 92260 219 241
960 92056 35 3 92295 204 239
256 92224 28 2 92373 121 149
544 92123 62 3 92385 200 262
647 92299 38 4 92423 86 124
824 92332 72 3 92495 91 163
137 92439 32 4 92527 56 88
428 92567 29 3 92596 0 29
736 92603 70 4 92673 0 70
360 92725 51 4 92776 0 51
832 92762 47 4 92823 14 61
297 92778 31 4 92854 45 76
629 92887 74 2 92961 0 74
180 92961 45 4 93056 50 95
828 92944 77 2 93083 62 139
169 92987 43 1 93176 146 189
852 92967 82 2 93208 159 241
353 93205 32 1 93240 3 35
718 93232 85 3 93325 8 93
345 93282 42 2 93367 43 85
653 93304 55 4 93422 63 118
49 93683 22 4 93705 0 22
170 93710 26 4 93736 0 26
572 93802 20 4 93822 0 20
153 93937 23 3 93960 0 23
890 93951 32 4 93992 9 41
337 93951 22 2 94014 41 63
110 93960 58 4 94072 54 112
285 94134 43 4 94177 0 43
530 94166 22 3 94249 61 83
756 94164 64 4 94263 35 99
529 94178 35 4 94298 85 120
372 94230 46 4 94444 168 214
880 94188 63 1 94457 206 269
176 94229 62 4 94519 228 290
694 94353 31 4 94550 166 197
861 94299 56 3 94556 201 257
929 94613 44 3 94657 0 44
877 94626 65 2 94772 81 146
171 94627 69 3 94841 145 214
1 94693 66 3 94857 98 164
166 94842 31 3 94888 15 46
21 94871 28 1 94916 17 45
424 94884 38 2 94954 32 70
60 94930 23 3 94977 24 47
367 94957 35 4 95012 20 55
251 94988 37 1 95049 24 61
737 95074 28 4 95102 0 28
606 95128 51 2 95179 0 51
327 95145 51 4 95230 34 85
91 95368 77 3 95445 0 77
393 95588 36 4 95624 0 36
725 95588 45 3 95669 36 81
915 95701 28 4 95729 0 28
626 95748 74 2 95822 0 74
411 95789 22 4 95844 33 55
874 95795 24 3 95868 49 73
709 95859 46 4 95964 59 105
220 95860 28 4 95992 104 132
743 95801 74 3 96016 141 215
144 96128 22 2 96150 0 22
190 96162 77 2 96239 0 77
845 96170 41 4 96280 69 110
805 96188 41 4 96321 92 133
578 96188 25 4 96346 133 158
815 96194 36 4 96382 152 188
724 96230 40 3 96422 152 192
355 96268 25 4 96447 154 179
671 96290 35 2 96482 157 192
792 96471 25 3 96607 111 136
76 96297 63 1 96620 260 323
981 96515 49 4 96669 105 154
422 96431 52 4 96671 188 240
299 96572 27 3 96698 99 126
933 96677 51 4 96749 21 72
240 96733 68 3 96817 16 84
765 96773 25 4 96842 44 69
331 96806 70 1 96912 36 106
733 96844 30 4 96942 68 98
391 96895 38 3 97080 147 185
186 96867 56 3 97086 163 219
764 96889 90 1 97176 197 287
774 96965 57 3 97283 261 318
494 97122 22 3 97305 161 183
260 97123 29 3 97334 182 211
17 97043 65 3 97349 241 306
775 97208 36 1 97385 141 177
971 97064 58 4 97393 271 329
414 97357 25 3 97468 86 111
19 97294 73 4 97541 174 247
242 97380 77 1 97618 161 238
598 97488 42 4 97660 130 172
75 97489 29 3 97689 171 200
453 97438 63 4 97702 201 264
576 97569 28 3 97730 133 161
174 97613 43 4 97773 117 160
732 97615 44 3 97817 158 202
20 97635 27 3 97844 182 209
460 97667 36 4 97880 177 213
899 97786 41 4 97921 94 135
619 97801 27 4 97948 120 147
105 97804 24 1 97972 144 168
784 97848 61 2 98083 174 235
351 97944 52 3 98085 89 141
534 98077 30 4 98215 108 138
142 98036 55 3 98220 129 184
873 98073 72 2 98242 97 169
807 98145 26 3 98268 97 123
973 98200 46 4 98314 68 114
986 98235 49 4 98363 79 128
836 98328 41 2 98454 85 126
59 98353 31 2 98535 151 182
191 98296 60 3 98545 189 249
179 98348 86 4 98631 197 283
894 98485 39 3 98670 146 185
120 98501 23 2 98693 169 192
156 98394 52 3 98695 249 301
408 98575 72 1 98817 170 242
298 98699 29 2 98846 118 147
989 98588 55 3 98851 208 263
636 98762 47 4 98898 89 136
966 98799 39 3 98937 99 138
79 98896 49 4 99086 141 190
519 98833 66 4 99102 203 269
309 98965 28 4 99130 137 165
394 98838 61 4 99141 242 303
305 99029 83 4 99274 162 245
714 99175 29 2 99353 149 178
528 99117 57 4 99460 286 343
432 99250 23 3 99483 210 233
661 99159 65 3 99498 274 339
546 99176 92 4 99540 272 364
321 99184 67 4 99557 306 373
71 99524 32 3 99589 33 65
667 99626 80 4 99706 0 80
481 99684 38 3 99794 72 110
278 99701 24 2 99818 93 117
245 99628 79 3 99847 140 219
222 99844 32 4 99929 53 85
466 99750 56 3 99935 129 185
998 99848 22 1 99957 87 109
814 99886 31 3 100038 121 152
646 99950 39 4 100127 138 177
537 99868 68 1 100145 209 277
821 99980 41 2 100236 215 256
665 99889 76 4 100312 347 423
200 99974 63 2 100325 288 351
188 99987 70 4 100345 288 358
