108775 1860 2900 2826
28 1987 90 4 2077 0 90
233 2167 79 1 2246 0 79
989 2894 64 3 2958 0 64
371 4647 70 3 4717 0 70
536 5565 60 3 5625 0 60
150 6001 87 2 6088 0 87
380 6251 88 4 6339 0 88
806 6782 37 3 6819 0 37
581 7309 70 4 7379 0 70
306 7609 89 4 7698 0 89
487 7770 70 3 7840 0 70
450 8533 87 4 8620 0 87
800 8591 87 4 8707 29 116
652 10184 70 4 10254 0 70
546 10344 85 3 10429 0 85
372 10729 70 4 10799 0 70
135 10815 90 3 10905 0 90
335 11676 95 4 11771 0 95
724 12525 91 4 12616 0 91
722 13033 65 4 13098 0 65
295 13372 63 2 13435 0 63
466 13891 68 1 13959 0 68
505 14687 48 2 14735 0 48
73 15294 62 4 15356 0 62
492 16126 77 1 16203 0 77
675 16427 95 2 16522 0 95
876 16605 37 4 16642 0 37
808 17322 76 3 17398 0 76
281 17728 98 2 17826 0 98
988 17872 47 4 17919 0 47
615 19143 44 4 19187 0 44
891 19249 90 3 19339 0 90
67 19604 82 4 19686 0 82
866 19707 64 2 19771 0 64
875 19808 35 2 19843 0 35
368 19851 91 3 19942 0 91
857 19943 84 4 20027 0 84
639 20151 98 2 20249 0 98
259 20715 68 4 20783 0 68
997 20907 57 3 20964 0 57
128 21302 47 3 21349 0 47
811 21551 82 4 21633 0 82
599 21568 94 3 21777 115 209
618 21572 74 4 21801 155 229
972 22176 97 3 22273 0 97
104 22715 88 2 22803 0 88
333 22775 48 4 22851 28 76
583 22792 52 4 22903 59 111
880 22876 92 2 22995 27 119
37 23100 33 4 23133 0 33
922 23164 93 4 23257 0 93
159 23428 75 3 23503 0 75
898 23638 35 3 23673 0 35
713 23695 93 3 23788 0 93
33 23735 70 3 23858 53 123
161 23794 95 4 24003 114 209
681 23834 95 4 24048 119 214
458 24259 65 3 24324 0 65
638 24336 59 4 24395 0 59
31 24631 89 4 24720 0 89
608 24679 43 2 24763 41 84
612 24713 51 2 24814 50 101
113 24828 84 3 24912 0 84
827 25569 96 2 25665 0 96
651 25684 98 3 25782 0 98
27 25767 87 4 25869 15 102
623 26106 57 3 26163 0 57
307 26584 99 4 26683 0 99
338 27103 79 4 27182 0 79
194 27245 89 3 27334 0 89
594 27316 97 3 27431 18 115
245 27673 75 3 27748 0 75
787 27764 70 4 27834 0 70
533 27948 96 4 28044 0 96
823 28048 87 4 28135 0 87
139 28151 84 4 28235 0 84
176 28228 64 3 28299 7 71
315 28345 92 4 28437 0 92
918 29005 48 4 29053 0 48
339 29146 90 3 29236 0 90
410 29578 95 3 29673 0 95
756 29939 47 3 29986 0 47
493 29979 86 4 30072 7 93
509 30061 62 4 30134 11 73
815 30108 81 4 30215 26 107
105 30183 41 4 30256 32 73
236 30779 79 3 30858 0 79
750 31270 86 3 31356 0 86
166 31358 99 3 31457 0 99
151 31385 58 4 31515 72 130
861 31500 77 2 31592 15 92
327 31543 62 4 31704 99 161
62 31560 67 4 31721 94 161
928 31744 73 4 31817 0 73
773 31767 85 2 31902 50 135
17 32205 85 1 32290 0 85
561 32397 100 2 32497 0 100
189 32581 79 4 32660 0 79
228 32595 66 3 32726 65 131
34 32873 94 2 32967 0 94
571 33700 58 1 33758 0 58
877 34253 81 4 34334 0 81
544 34387 58 4 34445 0 58
926 34407 76 4 34521 38 114
462 34773 69 4 34842 0 69
376 34791 35 3 34877 51 86
301 34795 61 4 34988 132 193
220 34816 55 3 34993 122 177
92 35227 52 3 35279 0 52
781 35269 83 3 35362 10 93
292 35688 68 3 35756 0 68
122 35760 65 3 35825 0 65
598 35940 93 4 36033 0 93
636 36001 31 3 36164 132 163
69 35971 63 4 36227 193 256
700 36001 79 3 36256 176 255
630 36028 71 4 36277 178 249
985 36233 54 4 36331 44 98
882 36346 98 2 36444 0 98
663 36348 96 4 36540 96 192
993 36477 90 4 36680 113 203
810 36500 83 1 36713 130 213
393 36680 37 3 36800 83 120
431 36614 76 3 36876 186 262
304 36692 57 3 36883 134 191
478 37076 67 3 37143 0 67
75 37115 69 3 37212 28 97
943 37272 82 4 37354 0 82
180 37318 90 3 37444 36 126
961 37395 80 4 37574 99 179
686 37452 48 4 37622 122 170
503 37399 74 3 37646 173 247
1000 37554 97 3 37793 142 239
862 37573 56 4 37799 170 226
737 37785 84 2 37883 14 98
733 37823 94 2 38027 110 204
633 37883 96 2 38073 94 190
556 38077 89 1 38166 0 89
443 38388 73 3 38461 0 73
197 38524 91 2 38615 0 91
954 38776 26 3 38802 0 26
900 38846 89 2 38935 0 89
29 39060 94 3 39154 0 94
564 39100 84 3 39238 54 138
609 39245 35 4 39280 0 35
63 39316 87 2 39403 0 87
550 39452 94 4 39546 0 94
574 39527 96 1 39642 19 115
369 39764 70 4 39834 0 70
957 39839 68 4 39907 0 68
95 39891 66 4 39973 16 82
70 40130 84 3 40214 0 84
330 40446 45 4 40491 0 45
46 40486 99 4 40590 5 104
667 40577 86 4 40676 13 99
81 40716 25 3 40741 0 25
814 40719 96 4 40887 72 168
39 40719 95 2 40982 168 263
868 40759 79 4 41011 173 252
50 41198 92 4 41290 0 92
100 41232 73 3 41363 58 131
829 41295 75 4 41488 118 193
589 41342 65 1 41503 96 161
863 41606 88 3 41694 0 88
404 41635 84 4 41828 109 193
43 41643 89 3 41917 185 274
665 41706 79 3 41996 211 290
436 41769 54 3 42050 227 281
912 41883 92 4 42092 117 209
558 42172 64 3 42236 0 64
822 42200 94 3 42380 86 180
222 42233 66 4 42396 97 163
680 42575 83 3 42658 0 83
156 42723 79 4 42802 0 79
77 43108 57 2 43165 0 57
514 43153 83 4 43248 12 95
311 43239 93 1 43341 9 102
216 43401 70 4 43471 0 70
11 43591 36 3 43627 0 36
312 43647 85 2 43732 0 85
227 43716 91 1 43823 16 107
271 43741 72 2 43895 82 154
741 43928 84 3 44012 0 84
865 44173 96 2 44269 0 96
83 44184 75 2 44394 135 210
718 44199 76 4 44420 145 221
207 44367 57 3 44477 53 110
728 44513 86 2 44599 0 86
168 44560 97 4 44696 39 136
905 44695 93 1 44789 1 94
145 44834 55 1 44889 0 55
841 44847 89 2 45028 92 181
202 44858 95 4 45073 120 215
442 45065 87 1 45160 8 95
5 45112 44 3 45204 48 92
344 45350 98 1 45448 0 98
108 45477 96 3 45573 0 96
57 45495 84 2 45657 78 162
452 45586 69 3 45776 121 190
326 45589 94 3 45820 137 231
235 45911 88 3 45999 0 88
485 46055 87 4 46142 0 87
377 46077 64 4 46306 165 229
552 46080 98 4 46354 176 274
846 46113 65 3 46419 241 306
535 46217 64 4 46433 152 216
3 46583 78 4 46661 0 78
391 46590 90 4 46751 71 161
964 46712 37 2 46788 39 76
303 46840 87 1 46927 0 87
510 47007 51 3 47058 0 51
388 47203 84 1 47287 0 84
588 47255 79 3 47366 32 111
605 47364 89 4 47455 2 91
696 47478 87 4 47565 0 87
717 47517 77 4 47642 48 125
275 47669 69 3 47738 0 69
387 47739 85 3 47824 0 85
214 48400 21 4 48421 0 21
896 48401 42 3 48513 70 112
4 48401 91 1 48554 62 153
648 48477 34 3 48638 127 161
932 48451 80 2 48718 187 267
508 48543 97 2 48915 275 372
635 48568 87 3 49002 347 434
977 48585 72 2 49074 417 489
619 48624 84 2 49108 400 484
903 48713 100 4 49158 345 445
274 48720 70 4 49178 388 458
26 49064 58 4 49236 114 172
746 49238 87 2 49325 0 87
833 49273 80 2 49505 152 232
296 49355 46 3 49551 150 196
229 49310 68 1 49569 191 259
16 49322 91 2 49660 247 338
692 49416 88 2 49698 194 282
901 49583 72 4 49770 115 187
141 49703 99 1 49919 117 216
895 49735 69 2 49938 134 203
265 49866 40 1 49978 72 112
791 49970 38 2 50016 8 46
826 50218 90 2 50308 0 90
519 50325 71 3 50396 0 71
206 50388 85 1 50481 8 93
601 50400 66 4 50597 131 197
860 50441 84 4 50681 156 240
200 50522 86 2 50717 109 195
321 50978 57 4 51035 0 57
512 50997 86 4 51121 38 124
384 51152 95 2 51247 0 95
545 51165 87 4 51334 82 169
25 51328 46 2 51380 6 52
416 51330 81 1 51511 100 181
329 51368 74 3 51585 143 217
805 51406 89 4 51674 179 268
99 51439 83 3 51707 185 268
440 51757 87 4 51844 0 87
256 51790 99 3 51943 54 153
426 51926 97 3 52040 17 114
642 52001 74 4 52114 39 113
684 52199 72 1 52271 0 72
289 52292 87 4 52379 0 87
921 52358 58 3 52437 21 79
364 52507 75 4 52582 0 75
649 52553 58 4 52640 29 87
672 52658 57 4 52715 0 57
406 52680 80 4 52795 35 115
939 52787 95 3 52890 8 103
468 52904 39 4 52943 0 39
540 52940 54 3 52997 3 57
628 53030 53 3 53083 0 53
788 53052 91 4 53174 31 122
283 53094 49 4 53223 80 129
109 53182 44 3 53317 91 135
816 53133 61 3 53378 184 245
766 53219 61 4 53439 159 220
170 53296 87 3 53476 93 180
52 53396 90 1 53566 80 170
45 53590 60 4 53650 0 60
842 53744 93 2 53837 0 93
385 53758 62 3 53949 129 191
203 53835 65 3 54064 164 229
491 53947 37 4 54101 117 154
592 53861 75 4 54126 190 265
597 53884 89 4 54165 192 281
661 54052 81 2 54346 213 294
149 54121 95 4 54491 275 370
32 54122 92 4 54533 319 411
795 54188 98 4 54581 295 393
729 54210 60 3 54591 321 381
641 54602 98 3 54700 0 98
794 54617 90 3 54790 83 173
916 54981 48 1 55029 0 48
246 55172 82 3 55254 0 82
548 55195 88 4 55342 59 147
247 55377 86 2 55463 0 86
221 55442 32 3 55495 21 53
323 55588 100 2 55688 0 100
576 55630 93 2 55781 58 151
578 55705 59 4 55840 76 135
360 55817 75 4 55915 23 98
553 55910 93 3 56008 5 98
394 55928 34 4 56042 80 114
593 55949 37 3 56079 93 130
716 56068 93 3 56172 11 104
66 56180 97 3 56277 0 97
853 56232 94 2 56371 45 139
834 56302 83 3 56454 69 152
777 56433 96 4 56550 21 117
23 56572 95 4 56667 0 95
249 56609 35 3 56702 58 93
790 56788 89 3 56877 0 89
187 56813 60 2 56987 114 174
778 56841 57 4 56994 96 153
435 57051 29 4 57080 0 29
480 57063 90 2 57220 67 157
165 57073 93 1 57263 97 190
310 57162 92 2 57405 151 243
936 57234 85 4 57440 121 206
631 57346 97 3 57537 94 191
266 57594 85 3 57679 0 85
975 57609 86 4 57765 70 156
554 57734 73 3 57888 81 154
563 57750 59 3 57897 88 147
500 57860 74 2 58071 137 211
529 57885 84 1 58105 136 220
743 57890 68 4 58173 215 283
277 57958 87 4 58210 165 252
725 58140 66 2 58326 120 186
285 58210 93 4 58419 116 209
147 58213 63 4 58482 206 269
54 58314 75 4 58557 168 243
644 58392 85 4 58642 165 250
309 58454 82 4 58724 188 270
328 58511 93 4 58767 163 256
332 58662 32 4 58799 105 137
210 58734 92 3 58891 65 157
402 58836 59 4 58950 55 114
580 58946 71 4 59021 4 75
668 58992 77 4 59098 29 106
844 59034 75 4 59223 114 189
843 59056 73 2 59296 167 240
502 59145 62 3 59358 151 213
218 59158 85 3 59393 150 235
88 59462 59 4 59521 0 59
664 59476 100 4 59671 95 195
858 59506 72 2 59693 115 187
486 59577 99 1 59942 266 365
772 59639 84 4 60026 303 387
521 59676 86 3 60112 350 436
30 59691 66 3 60128 371 437
568 59730 62 3 60240 448 510
342 59763 62 2 60252 427 489
254 59858 65 4 60267 344 409
374 59868 63 3 60280 349 412
298 60256 86 2 60366 24 110
812 60307 68 4 60434 59 127
411 60567 94 3 60661 0 94
761 60609 94 1 60905 202 296
702 60609 67 3 60922 246 313
475 60618 73 4 60945 254 327
637 60638 53 3 60948 257 310
346 60942 86 2 61034 6 92
470 60973 71 4 61105 61 132
904 61186 42 3 61228 0 42
459 61318 88 4 61406 0 88
433 61431 24 1 61455 0 24
715 61485 81 3 61566 0 81
748 61501 43 2 61609 65 108
163 61516 55 2 61664 93 148
693 61671 84 4 61755 0 84
345 61792 98 4 61890 0 98
86 61830 79 4 62019 110 189
818 61842 72 1 62041 127 199
884 62215 97 2 62312 0 97
134 62224 59 4 62421 138 197
947 62301 63 1 62434 70 133
294 62575 76 3 62651 0 76
934 62630 72 3 62723 21 93
595 62661 22 3 62745 62 84
764 62675 55 4 62800 70 125
308 62995 90 3 63085 0 90
142 63005 79 2 63214 130 209
225 63065 92 4 63256 99 191
143 63243 85 4 63341 13 98
774 63329 56 4 63397 12 68
302 63470 89 3 63559 0 89
931 63661 90 4 63751 0 90
430 63694 45 3 63796 57 102
184 63709 82 2 63978 187 269
496 63744 91 4 64119 284 375
97 63776 58 4 64177 343 401
698 63809 85 4 64262 368 453
244 63833 64 2 64276 379 443
1 63893 67 4 64443 483 550
273 63919 75 2 64518 524 599
188 64048 76 4 64694 570 646
760 64108 94 1 64738 536 630
659 64115 60 4 64748 573 633
21 64147 68 4 64866 651 719
204 64181 87 2 64903 635 722
191 64520 46 4 64949 383 429
879 64189 94 4 64993 710 804
809 64240 96 4 65089 753 849
643 64410 77 3 65216 729 806
747 64443 66 4 65282 773 839
241 64592 85 3 65567 890 975
534 65005 43 4 65660 612 655
44 64648 54 3 65714 1012 1066
796 64695 83 1 65747 969 1052
136 64787 91 3 65788 910 1001
543 64807 76 3 65814 931 1007
819 64847 85 4 65899 967 1052
137 65369 45 3 66044 630 675
317 64892 92 4 66086 1102 1194
94 64934 82 2 66118 1102 1184
923 64976 62 2 66130 1092 1154
962 65560 34 4 66164 570 604
215 65003 85 4 66199 1111 1196
551 65089 64 4 66213 1060 1124
832 65740 36 4 66299 523 559
951 65298 96 3 66345 951 1047
253 65333 70 4 66415 1012 1082
935 65340 75 3 66440 1025 1100
186 65990 47 2 66537 500 547
968 66018 46 2 66683 619 665
579 65681 81 3 67014 1252 1333
322 65830 66 1 67030 1134 1200
956 65953 79 2 67109 1077 1156
112 66005 98 4 67207 1104 1202
963 66564 29 4 67236 643 672
489 66018 96 4 67282 1168 1264
539 66018 91 1 67373 1264 1355
557 66046 51 4 67374 1277 1328
736 66090 75 4 67549 1384 1459
160 66107 85 4 67634 1442 1527
365 66160 86 2 67670 1424 1510
527 66168 87 2 67707 1452 1539
389 66966 30 4 67737 741 771
735 66348 60 3 67747 1339 1399
542 66469 57 4 67754 1228 1285
626 67143 37 1 67791 611 648
469 66611 97 2 67938 1230 1327
840 66742 91 4 67979 1146 1237
347 66743 59 3 68038 1236 1295
678 66747 69 2 68107 1291 1360
252 66829 67 3 68174 1278 1345
445 67193 89 4 68313 1031 1120
913 67270 98 2 68411 1043 1141
890 67392 64 1 68575 1119 1183
695 68028 49 2 68624 547 596
115 67432 67 1 68641 1142 1209
878 67478 82 4 68723 1163 1245
621 67586 58 4 68731 1087 1145
164 67750 90 1 68871 1031 1121
110 67834 69 3 68940 1037 1106
990 68320 49 4 68989 620 669
64 67933 85 2 69074 1056 1141
660 67959 90 3 69164 1115 1205
575 67975 89 2 69253 1189 1278
237 68039 86 3 69439 1314 1400
258 68209 90 3 69479 1180 1270
770 68222 70 4 69499 1207 1277
930 68280 95 1 69594 1219 1314
38 68878 27 3 69621 716 743
974 68382 71 3 69692 1239 1310
873 68444 69 2 69711 1198 1267
350 68493 99 1 69810 1218 1317
830 69230 42 3 69902 630 672
390 68594 84 4 69936 1258 1342
870 69298 39 1 69975 638 677
515 68610 93 4 70018 1315 1408
441 68629 96 4 70064 1339 1435
41 68786 98 2 70162 1278 1376
705 68940 98 3 70410 1372 1470
148 69077 71 4 70431 1283 1354
448 69218 95 3 70576 1263 1358
835 70030 47 4 70723 646 693
687 69464 80 4 70753 1209 1289
205 69534 78 3 70831 1219 1297
40 69548 59 4 70840 1233 1292
745 69564 80 2 70870 1226 1306
208 70310 48 4 70968 610 658
499 69594 70 2 70988 1324 1394
704 70331 47 3 71135 757 804
488 69752 65 4 71150 1333 1398
712 69762 54 3 71154 1338 1392
290 69961 65 1 71169 1143 1208
859 70626 33 4 71202 543 576
418 69997 93 4 71245 1155 1248
276 70144 90 4 71285 1051 1141
671 70307 85 3 71320 928 1013
93 70326 90 4 71360 944 1034
169 70330 82 3 71392 980 1062
755 71057 68 4 71660 535 603
337 71079 70 4 71730 581 651
175 71165 86 4 71816 565 651
74 71257 89 2 71855 509 598
614 71317 84 3 71889 488 572
471 71624 40 4 71929 265 305
427 71394 75 4 71954 485 560
899 71489 64 4 72018 465 529
758 71666 96 2 72264 502 598
640 71733 90 3 72404 581 671
825 71760 57 2 72461 644 701
357 71871 78 4 72539 590 668
742 71930 94 1 72583 559 653
239 71970 72 2 72705 663 735
358 72001 87 1 72742 654 741
90 72067 58 4 72850 725 783
367 72102 73 2 72873 698 771
869 72171 82 4 72905 652 734
971 72244 79 1 72934 611 690
798 72363 59 4 72993 571 630
925 72786 49 4 73092 257 306
268 72403 99 4 73141 639 738
494 72679 91 1 73232 462 553
455 72941 33 3 73265 291 324
412 72948 47 3 73312 317 364
260 72770 76 4 73388 542 618
48 72885 69 2 73557 603 672
538 72975 91 2 73598 532 623
352 73015 83 4 73681 583 666
498 73017 84 3 73765 664 748
824 73080 74 2 73789 635 709
318 73379 76 3 73815 360 436
174 73604 43 3 73858 211 254
407 73412 90 3 73948 446 536
422 73701 38 4 73986 247 285
453 73634 51 4 74087 402 453
65 73863 23 4 74110 224 247
855 73792 92 4 74202 318 410
331 73811 79 3 74231 341 420
622 73968 94 1 74275 213 307
133 74294 96 1 74390 0 96
938 74349 79 1 74469 41 120
24 74393 79 2 74598 126 205
479 74462 98 2 74696 136 234
490 74485 92 4 74788 211 303
123 74574 67 3 74855 214 281
477 74638 68 2 75073 367 435
299 74846 44 3 75117 227 271
217 74704 60 1 75227 463 523
152 74711 60 2 75287 516 576
887 74717 94 2 75481 670 764
428 74776 62 3 75493 655 717
80 74852 88 1 75581 641 729
689 74853 88 4 75819 878 966
525 74900 87 3 75906 919 1006
370 74913 74 4 75930 943 1017
199 74945 84 3 75964 935 1019
821 74950 82 3 75996 964 1046
603 75426 43 1 76039 570 613
658 75063 74 2 76063 926 1000
927 75130 74 4 76187 983 1057
51 75620 43 4 76230 567 610
749 75145 88 2 76268 1035 1123
831 75150 65 4 76383 1168 1233
980 75151 67 3 76450 1232 1299
359 75190 81 1 76481 1210 1291
960 75565 57 3 76588 966 1023
851 75570 56 1 76594 968 1024
838 75635 71 3 76665 959 1030
784 75676 85 4 76800 1039 1124
933 75719 96 2 76846 1031 1127
119 76417 25 3 76871 429 454
586 75950 95 2 76916 871 966
14 76038 58 3 76924 828 886
251 76205 64 1 76938 669 733
929 76289 90 1 77028 649 739
177 76307 75 3 77103 721 796
526 76729 43 4 77146 374 417
714 76640 65 4 77261 556 621
2 76715 89 4 77300 496 585
425 76820 86 1 77386 480 566
572 76823 90 4 77426 513 603
650 77047 92 3 77568 429 521
284 77301 50 4 77618 267 317
892 77197 67 4 77785 521 588
940 77232 78 4 77813 503 581
783 77349 100 2 78013 564 664
596 77665 48 3 78161 448 496
850 77373 91 3 78202 738 829
130 77414 81 3 78283 788 869
937 77498 85 4 78368 785 870
767 77531 79 2 78397 787 866
460 77541 74 1 78421 806 880
8 78006 47 3 78518 465 512
116 77629 99 1 78567 839 938
434 77646 99 1 78716 971 1070
655 77670 67 1 78933 1196 1263
162 77767 99 4 78982 1116 1215
914 77997 95 4 79077 985 1080
103 78507 50 3 79127 570 620
399 78050 59 2 79186 1077 1136
769 78593 35 4 79221 593 628
420 78050 78 4 79249 1121 1199
881 78085 93 2 79392 1214 1307
701 78152 88 2 79530 1290 1378
849 78152 85 3 79565 1328 1413
361 78195 74 3 79589 1320 1394
602 78345 62 3 79601 1194 1256
910 78509 76 3 79677 1092 1168
915 78656 71 3 79848 1121 1192
107 78703 90 4 79888 1095 1185
198 79308 48 4 79986 630 678
871 79315 42 4 80078 721 763
82 78720 76 2 80254 1458 1534
102 78730 78 4 80282 1474 1552
908 79064 78 3 80460 1318 1396
68 79664 35 3 80545 846 881
982 79170 95 3 80590 1325 1420
950 79200 80 4 80720 1440 1520
537 79221 65 4 80785 1499 1564
979 79307 93 2 80878 1478 1571
417 79314 87 4 80915 1514 1601
948 79319 88 3 81053 1646 1734
517 79334 76 2 81079 1669 1745
382 79361 96 2 81125 1668 1764
657 79536 74 2 81199 1589 1663
744 79555 58 4 81257 1644 1702
719 80342 31 4 81388 1015 1046
49 80351 46 3 81484 1087 1133
709 79574 67 4 81501 1860 1927
316 79649 84 3 81535 1802 1886
513 80507 49 2 81634 1078 1127
902 80518 42 4 81726 1166 1208
591 79700 80 2 81856 2076 2156
845 79709 59 3 81965 2197 2256
973 79766 100 4 82115 2249 2349
782 79802 63 4 82128 2263 2326
511 80043 77 3 82155 2035 2112
524 80074 100 3 82205 2031 2131
801 80974 25 3 82230 1231 1256
753 81077 41 3 82321 1203 1244
738 80240 99 3 82420 2081 2180
762 81138 47 4 82517 1332 1379
126 80319 60 4 82527 2148 2208
530 80333 84 3 82661 2244 2328
447 81299 38 4 82699 1362 1400
78 80341 99 4 82748 2308 2407
19 80344 68 3 82916 2504 2572
625 81438 38 3 83004 1528 1566
183 80499 55 4 83009 2455 2510
392 80507 67 2 83126 2552 2619
946 80520 58 2 83184 2606 2664
212 80557 93 3 83227 2577 2670
465 80597 84 1 83361 2680 2764
909 80620 68 4 83429 2741 2809
751 80667 75 4 83454 2712 2787
567 80718 83 3 83587 2786 2869
297 81027 86 3 84023 2910 2996
549 81122 76 4 84149 2951 3027
405 81128 96 4 84295 3071 3167
132 81238 80 3 84375 3057 3137
42 81244 87 2 84462 3131 3218
662 81342 69 4 84781 3370 3439
654 81360 65 2 84846 3421 3486
562 81368 65 1 84911 3478 3543
190 81409 91 2 85002 3502 3593
516 81569 84 2 85136 3483 3567
117 81588 90 1 85176 3498 3588
293 81643 68 4 85194 3483 3551
262 81792 88 1 85232 3352 3440
423 81796 91 3 85423 3536 3627
446 81871 61 2 85434 3502 3563
87 81980 64 2 85498 3454 3518
757 81993 77 1 85525 3455 3532
677 82025 67 4 85692 3600 3667
670 82046 83 2 85725 3596 3679
325 82050 68 3 85793 3675 3743
541 82056 65 4 85808 3687 3752
55 82076 72 2 85930 3782 3854
263 82115 90 3 86020 3815 3905
378 82133 90 4 86060 3837 3927
590 82183 84 4 86094 3827 3911
396 82233 98 3 86192 3861 3959
341 84037 45 3 86237 2155 2200
669 82321 98 3 86285 3866 3964
504 84074 40 4 86325 2211 2251
157 82380 85 4 86410 3945 4030
464 82402 88 2 86448 3958 4046
528 82463 67 3 86615 4085 4152
889 82573 89 2 86754 4092 4181
481 82590 99 3 86903 4214 4313
72 82594 90 4 86943 4259 4349
287 82666 57 3 86950 4227 4284
22 82687 54 4 87004 4263 4317
257 82707 76 3 87030 4247 4323
35 82738 81 4 87061 4242 4323
457 82785 59 4 87120 4276 4335
129 82813 87 3 87157 4257 4344
173 84896 37 4 87244 2311 2348
523 82905 64 2 87258 4289 4353
201 82950 71 3 87329 4308 4379
632 83004 73 3 87402 4325 4398
59 85066 48 1 87450 2336 2384
893 83229 78 3 87528 4221 4299
779 85281 45 1 87573 2247 2292
752 83258 63 3 87586 4265 4328
6 83269 54 2 87740 4417 4471
195 83375 89 1 87879 4415 4504
429 83530 85 4 88014 4399 4484
242 83538 60 4 88124 4526 4586
305 83563 81 2 88255 4611 4692
408 83652 70 3 88325 4603 4673
837 83746 76 4 88451 4629 4705
243 83765 97 4 88548 4686 4783
721 83804 88 2 88586 4694 4782
613 83972 97 3 88833 4764 4861
647 84134 52 4 89135 4949 5001
182 86441 38 3 89273 2794 2832
522 84239 86 2 89309 4984 5070
474 84243 94 3 89403 5066 5160
555 84249 61 2 89464 5154 5215
76 84314 90 4 89554 5150 5240
12 84321 85 2 89639 5233 5318
942 86702 35 4 89674 2937 2972
196 86722 48 4 89772 3002 3050
817 84381 99 3 89871 5391 5490
124 84453 85 3 89906 5368 5453
355 84612 73 4 90029 5344 5417
785 84744 79 1 90208 5385 5464
872 87092 47 3 90255 3116 3163
976 84856 53 4 90258 5349 5402
874 84932 80 2 90388 5376 5456
85 85035 68 4 90506 5403 5471
463 85117 78 2 90584 5389 5467
864 85315 68 4 90902 5519 5587
520 85328 86 4 90988 5574 5660
945 85329 55 1 91043 5659 5714
153 87732 44 3 91087 3311 3355
917 85347 97 2 91134 5690 5787
324 85372 78 3 91162 5712 5790
949 85474 69 2 91331 5788 5857
694 85475 98 2 91429 5856 5954
987 85553 98 1 91627 5976 6074
467 85557 98 4 91725 6070 6168
375 85582 89 4 91864 6193 6282
56 88130 47 4 91911 3734 3781
685 88155 38 2 91949 3756 3794
224 85616 93 3 92042 6333 6426
340 85652 92 4 92084 6340 6432
611 85762 83 3 92117 6272 6355
604 88339 47 4 92164 3778 3825
401 85787 62 4 92176 6327 6389
897 85823 64 1 92240 6353 6417
264 88491 48 4 92288 3749 3797
804 85964 73 2 92411 6374 6447
419 86006 99 4 92460 6355 6454
666 86027 97 3 92507 6383 6480
646 86078 89 3 92546 6379 6468
856 86105 77 4 92673 6491 6568
282 88851 38 4 92711 3822 3860
366 86123 72 3 92733 6538 6610
726 86242 70 3 92753 6441 6511
238 86249 82 4 92835 6504 6586
691 88996 27 4 92862 3839 3866
911 86264 86 4 92898 6548 6634
730 86269 94 4 92942 6579 6673
363 86371 65 1 92957 6521 6586
209 86389 70 4 92977 6518 6588
867 86471 76 3 93053 6506 6582
907 86530 79 3 93182 6573 6652
343 86595 97 2 93279 6587 6684
373 86634 90 4 93369 6645 6735
953 86720 85 2 93404 6599 6684
629 86738 88 3 93642 6816 6904
497 89803 42 1 93734 3889 3931
731 89876 40 3 93874 3958 3998
981 89881 42 1 93916 3993 4035
171 86858 68 4 93934 7008 7076
991 86877 72 4 93956 7007 7079
454 86963 83 1 93989 6943 7026
7 86998 73 2 94012 6941 7014
482 87047 88 4 94050 6915 7003
449 87234 86 4 94336 7016 7102
688 90262 31 3 94367 4074 4105
353 87242 69 4 94386 7075 7144
944 87281 88 4 94474 7105 7193
565 87311 74 4 94498 7113 7187
634 90492 37 4 94535 4006 4043
959 87392 78 1 94563 7093 7171
967 87464 71 2 94634 7099 7170
231 87515 94 2 94778 7169 7263
813 87553 96 2 94874 7225 7321
140 90710 39 4 95013 4264 4303
154 87563 87 1 95100 7450 7537
255 87575 55 1 95155 7525 7580
267 87581 99 3 95254 7574 7673
155 90888 42 3 95396 4466 4508
807 87625 79 4 95425 7721 7800
600 87648 79 4 95504 7777 7856
765 91061 49 4 95603 4493 4542
269 91107 45 3 95648 4496 4541
624 87817 54 4 95652 7781 7835
473 87830 86 4 95688 7772 7858
127 87874 86 4 95774 7814 7900
720 87897 74 4 95798 7827 7901
79 87953 80 4 95828 7795 7875
965 87963 89 3 95917 7865 7954
839 87986 74 3 95941 7881 7955
793 88042 86 1 95977 7849 7935
776 91679 41 4 96018 4298 4339
320 88065 62 3 96080 7953 8015
828 88109 99 4 96129 7921 8020
920 88159 87 1 96416 8170 8257
226 92057 30 1 96546 4459 4489
413 88451 59 3 96605 8095 8154
121 88579 92 2 96747 8076 8168
610 88582 77 2 96774 8115 8192
739 88787 75 4 97049 8187 8262
138 88794 88 4 97237 8355 8443
606 88951 78 4 97265 8236 8314
409 89261 87 3 97402 8054 8141
144 89342 63 3 97465 8060 8123
395 89378 88 2 97503 8037 8125
472 89458 63 2 97666 8145 8208
383 89480 60 4 97726 8186 8246
894 89715 74 4 97750 7961 8035
476 89725 82 4 97832 8025 8107
883 89735 91 4 97873 8047 8138
577 89770 72 4 97995 8153 8225
261 89778 72 3 98117 8267 8339
690 93687 38 1 98205 4480 4518
288 89846 83 3 98288 8359 8442
96 89875 63 4 98401 8463 8526
232 93833 50 3 98451 4568 4618
532 90153 81 4 98532 8298 8379
381 90163 52 4 98534 8319 8371
118 94133 42 3 98576 4401 4443
98 90225 58 4 98584 8301 8359
120 90225 85 3 98719 8409 8494
888 94236 48 1 98767 4483 4531
703 90232 95 4 98812 8485 8580
60 90339 71 2 98983 8573 8644
179 90545 97 2 99230 8588 8685
334 90598 94 4 99424 8732 8826
983 90600 76 4 99450 8774 8850
789 90643 78 4 99628 8907 8985
802 90695 97 1 99725 8933 9030
820 90709 97 4 99772 8966 9063
314 90712 78 2 99850 9060 9138
941 95070 29 4 99879 4780 4809
952 90767 67 3 99896 9062 9129
966 90785 69 4 100015 9161 9230
885 90843 78 1 100143 9222 9300
291 90875 99 4 100192 9218 9317
992 90916 69 4 100311 9326 9395
181 91046 66 3 100377 9265 9331
279 91223 100 4 100427 9104 9204
437 91469 70 3 100497 8958 9028
848 95852 47 4 100544 4645 4692
15 91692 75 4 100619 8852 8927
91 91777 93 4 100862 8992 9085
18 91802 80 2 100942 9060 9140
211 91890 97 3 100989 9002 9099
379 91894 55 4 100994 9045 9100
836 91896 71 3 101115 9148 9219
131 96372 43 4 101208 4793 4836
570 91954 92 3 101250 9204 9296
627 92034 99 2 101299 9166 9265
213 92076 92 2 101341 9173 9265
711 92276 86 3 101377 9015 9101
397 92288 58 3 101385 9039 9097
573 92376 80 4 101515 9059 9139
585 92392 100 4 101565 9073 9173
547 92432 58 4 101573 9083 9141
415 92435 93 4 101716 9188 9281
984 92458 94 4 101760 9208 9302
645 96981 50 3 101810 4779 4829
230 92566 86 4 101896 9244 9330
775 92568 84 2 101980 9328 9412
978 92576 52 4 102082 9454 9506
771 92759 93 4 102225 9373 9466
495 97267 46 4 102271 4958 5004
178 92819 51 4 102322 9452 9503
111 92997 70 3 102442 9375 9445
286 93104 52 3 102444 9288 9340
786 93119 64 4 102558 9375 9439
852 93150 92 3 102650 9408 9500
456 93269 73 4 102673 9331 9404
193 93405 72 4 102995 9518 9590
101 93511 70 4 103215 9634 9704
313 93518 98 2 103413 9797 9895
998 93564 76 4 103539 9899 9975
280 93606 72 4 103561 9883 9955
560 98065 38 2 103599 5496 5534
483 93658 74 2 103723 9991 10065
723 93726 56 4 103829 10047 10103
584 93747 99 1 103928 10082 10181
250 93756 87 4 104015 10172 10259
71 98413 40 2 104105 5652 5692
653 93844 88 3 104193 10261 10349
9 98460 49 4 104242 5733 5782
403 94187 71 4 104263 10005 10076
336 98621 48 4 104311 5642 5690
707 94187 74 1 104335 10074 10148
125 98645 49 3 104384 5690 5739
587 94269 55 4 104439 10115 10170
501 94289 94 2 104533 10150 10244
451 94298 85 3 104718 10335 10420
768 98942 49 4 104767 5776 5825
36 94460 92 2 104859 10307 10399
754 94495 94 2 104953 10364 10458
106 94513 78 3 104981 10390 10468
566 94521 80 3 105011 10410 10490
438 94618 90 3 105101 10393 10483
461 94619 70 4 105221 10532 10602
732 94619 51 3 105322 10652 10703
906 94696 98 4 105570 10776 10874
708 94698 99 3 105719 10922 11021
223 94714 62 3 105831 11055 11117
999 94824 65 1 105946 11057 11122
792 94937 82 3 106078 11059 11141
351 95110 61 2 106189 11018 11079
362 99941 30 4 106219 6248 6278
582 95128 85 2 106254 11041 11126
799 99995 46 3 106350 6309 6355
386 95211 77 4 106377 11089 11166
734 95248 98 3 106425 11079 11177
219 95355 73 3 106448 11020 11093
656 95420 93 3 106491 10978 11071
763 95445 93 4 106534 10996 11089
955 95807 88 3 106572 10677 10765
240 96016 70 4 106592 10506 10576
248 96029 92 1 106634 10513 10605
803 96072 80 2 106664 10512 10592
158 96100 79 2 106693 10514 10593
234 96111 51 4 106694 10532 10583
444 96169 51 4 106695 10475 10526
424 96324 86 3 106731 10321 10407
995 96329 81 2 106762 10352 10433
167 96330 98 4 106810 10382 10480
994 96667 93 2 106853 10093 10186
679 96667 77 4 106880 10136 10213
518 96892 95 3 106925 9938 10033
986 96916 91 3 106966 9959 10050
797 97013 62 2 106978 9903 9965
356 97057 52 1 106980 9871 9923
349 97112 94 4 107024 9818 9912
114 97114 58 2 107032 9860 9918
506 97186 86 4 107068 9796 9882
569 97212 100 4 107118 9806 9906
172 97301 74 4 107142 9767 9841
847 97328 73 4 107165 9764 9837
272 97389 89 4 107204 9726 9815
697 97528 82 2 107236 9626 9708
439 97545 94 4 107280 9641 9735
559 97554 59 4 107289 9676 9735
319 97672 64 3 107303 9567 9631
674 97678 78 3 107331 9575 9653
676 97685 60 4 107341 9596 9656
53 97704 99 3 107390 9587 9686
617 97710 52 3 107392 9630 9682
683 97735 100 1 107442 9607 9707
706 97783 79 3 107471 9609 9688
919 97853 58 4 107479 9568 9626
727 97858 91 2 107520 9571 9662
780 97868 91 3 107561 9602 9693
348 97876 96 4 107607 9635 9731
673 97889 91 3 107648 9668 9759
192 97908 92 4 107690 9690 9782
354 97964 75 3 107715 9676 9751
620 97994 98 1 107763 9671 9769
84 98076 97 3 107810 9637 9734
398 98090 92 4 107852 9670 9762
10 98154 55 2 107857 9648 9703
682 98199 71 4 107878 9608 9679
740 98285 67 3 107895 9543 9610
432 98296 95 4 107940 9549 9644
616 98345 81 3 107971 9545 9626
47 98425 73 4 107994 9496 9569
958 98760 83 2 108027 9184 9267
300 98857 92 4 108069 9120 9212
710 98892 77 4 108096 9127 9204
89 98905 95 3 108141 9141 9236
607 98906 94 3 108185 9185 9279
969 98960 60 3 108195 9175 9235
531 98986 84 4 108229 9159 9243
924 99228 80 4 108259 8951 9031
20 99239 92 4 108301 8970 9062
61 99257 97 3 108348 8994 9091
484 99310 76 3 108374 8988 9064
507 99330 81 1 108405 8994 9075
996 99358 59 2 108414 8997 9056
886 99379 59 1 108423 8985 9044
185 99390 76 4 108449 8983 9059
854 99424 76 4 108475 8975 9051
400 99468 70 3 108495 8957 9027
421 99481 98 4 108543 8964 9062
699 99507 66 2 108559 8986 9052
278 99547 72 1 108581 8962 9034
414 99558 75 4 108606 8973 9048
58 99627 66 4 108622 8929 8995
970 99748 53 3 108625 8824 8877
759 99769 89 4 108664 8806 8895
146 99868 88 2 108702 8746 8834
13 99888 88 4 108740 8764 8852
270 99984 85 2 108775 8706 8791
