106929 1000 1577 1503
428 4743 53 2 4796 0 53
569 5218 46 4 5264 0 46
380 5369 79 2 5448 0 79
183 6132 68 2 6200 0 68
70 6292 76 4 6368 0 76
573 6406 52 4 6458 0 52
987 8762 70 4 8832 0 70
605 9580 94 3 9674 0 94
164 9654 53 4 9728 21 74
410 10095 47 4 10142 0 47
634 11270 63 1 11333 0 63
886 11656 97 3 11753 0 97
73 11896 54 4 11950 0 54
19 12466 75 2 12541 0 75
639 12595 62 4 12657 0 62
26 12995 78 1 13073 0 78
231 13168 50 4 13218 0 50
267 13861 81 2 13942 0 81
142 14326 94 3 14420 0 94
662 15623 69 4 15692 0 69
602 15896 91 4 15987 0 91
599 15997 93 3 16090 0 93
932 16217 90 4 16307 0 90
832 16459 97 2 16556 0 97
934 16649 98 3 16747 0 98
857 16824 49 3 16873 0 49
854 17244 51 3 17295 0 51
332 17375 74 4 17449 0 74
989 17390 89 4 17539 60 149
820 17653 96 1 17749 0 96
609 18745 86 4 18831 0 86
255 19228 39 4 19267 0 39
809 19240 100 4 19368 28 128
81 19406 96 1 19502 0 96
180 19553 41 3 19594 0 41
370 19659 100 4 19759 0 100
400 19701 46 3 19806 59 105
189 19918 81 4 19999 0 81
608 20173 82 4 20255 0 82
641 20266 35 3 20301 0 35
640 20377 76 4 20453 0 76
546 20543 92 1 20635 0 92
529 20847 96 3 20943 0 96
632 20897 87 2 21031 47 134
597 20927 60 4 21091 104 164
916 21005 62 3 21154 87 149
23 21039 84 4 21238 115 199
855 21195 75 3 21314 44 119
33 21509 99 3 21608 0 99
579 21592 85 3 21694 17 102
346 21620 48 3 21743 75 123
260 21657 82 3 21825 86 168
497 21738 80 3 21906 88 168
367 21776 47 4 21953 130 177
61 21791 67 3 22020 162 229
565 22382 43 3 22425 0 43
790 22698 82 1 22780 0 82
686 22721 57 2 22838 60 117
527 22922 83 3 23005 0 83
697 23233 75 4 23308 0 75
369 23591 91 4 23682 0 91
365 23648 70 4 23753 35 105
766 23764 93 2 23857 0 93
747 24217 80 1 24297 0 80
270 24246 99 2 24397 52 151
314 24257 65 4 24462 140 205
117 24294 69 2 24531 168 237
40 24676 94 4 24770 0 94
51 24804 83 4 24887 0 83
184 24981 93 3 25074 0 93
102 25044 38 3 25113 31 69
584 25300 55 3 25355 0 55
729 25311 52 3 25408 45 97
106 25502 91 2 25593 0 91
489 25512 99 4 25693 82 181
15 25787 30 4 25817 0 30
615 26060 43 4 26103 0 43
423 26107 87 4 26194 0 87
570 26238 80 2 26318 0 80
582 26539 91 2 26630 0 91
519 26542 83 4 26714 89 172
113 26808 61 3 26869 0 61
143 26878 92 4 26970 0 92
924 26893 90 2 27061 78 168
238 26920 88 3 27149 141 229
127 27179 78 3 27257 0 78
300 27237 99 4 27357 21 120
379 27353 39 4 27397 5 44
387 27819 88 3 27907 0 88
876 27874 50 2 27958 34 84
913 27908 49 1 28007 50 99
660 28112 84 4 28196 0 84
618 28210 71 4 28281 0 71
325 28349 81 2 28430 0 81
87 28365 62 3 28493 66 128
264 28564 24 4 28588 0 24
455 28898 45 3 28943 0 45
806 29267 79 2 29346 0 79
742 29302 94 2 29441 45 139
907 29432 74 4 29516 10 84
237 29647 79 3 29726 0 79
735 29748 90 4 29838 0 90
7 29751 97 4 29936 88 185
176 29881 79 4 30016 56 135
342 29920 97 3 30113 96 193
890 30298 58 3 30356 0 58
375 30810 47 4 30857 0 47
908 30891 98 3 30989 0 98
405 30903 46 3 31036 87 133
129 31040 65 2 31105 0 65
208 31155 84 4 31239 0 84
606 31230 71 2 31311 10 81
71 31371 99 4 31470 0 99
654 31417 47 2 31518 54 101
614 31424 85 2 31603 94 179
232 31610 100 4 31710 0 100
85 31927 67 4 31994 0 67
914 31957 64 1 32059 38 102
799 32045 61 4 32121 15 76
992 32196 61 2 32257 0 61
79 32215 79 3 32337 43 122
326 32399 83 3 32482 0 83
343 32614 51 3 32665 0 51
75 32709 72 4 32781 0 72
322 32798 93 4 32891 0 93
216 32836 57 4 32949 56 113
253 32842 79 3 33028 107 186
381 32958 79 4 33108 71 150
275 32977 77 4 33185 131 208
492 33394 54 4 33448 0 54
220 33453 60 3 33513 0 60
901 33657 62 3 33719 0 62
175 33683 64 3 33784 37 101
852 33689 56 4 33840 95 151
46 33747 78 3 33919 94 172
169 34092 85 1 34177 0 85
401 34361 57 4 34418 0 57
647 34375 97 2 34516 44 141
596 34509 51 4 34568 8 59
540 34689 61 1 34750 0 61
604 34719 91 4 34842 32 123
524 34734 51 2 34893 108 159
261 34756 98 3 34992 138 236
453 35034 43 1 35077 0 43
959 35078 38 4 35116 0 38
682 35298 53 2 35351 0 53
993 35419 72 4 35491 0 72
364 35602 38 4 35640 0 38
505 35741 60 2 35801 0 60
18 35876 89 1 35965 0 89
893 36236 66 2 36302 0 66
6 36411 82 2 36493 0 82
837 36502 63 1 36565 0 63
571 36527 48 2 36614 39 87
560 37148 71 3 37219 0 71
603 37331 79 4 37410 0 79
671 37611 72 4 37683 0 72
743 37617 89 4 37773 67 156
796 38052 65 1 38117 0 65
554 38064 99 1 38217 54 153
666 38085 78 4 38295 132 210
754 38497 69 4 38566 0 69
552 38500 79 1 38646 67 146
533 38502 96 2 38742 144 240
4 38605 48 4 38791 138 186
862 38712 80 4 38871 79 159
683 38794 50 1 38922 78 128
128 38830 71 3 38993 92 163
93 38989 90 4 39084 5 95
911 39151 83 4 39234 0 83
576 39213 55 1 39290 22 77
192 39248 98 3 39389 43 141
721 39250 74 3 39463 139 213
419 39370 91 4 39555 94 185
922 39467 68 3 39624 89 157
850 39533 55 4 39679 91 146
545 39548 90 3 39769 131 221
774 39560 67 4 39837 210 277
252 39588 84 4 39921 249 333
864 40280 82 3 40362 0 82
91 40432 83 3 40515 0 83
628 40478 89 3 40605 38 127
236 40664 80 2 40744 0 80
943 40812 82 4 40894 0 82
374 40841 79 3 40974 54 133
78 41051 74 3 41125 0 74
543 41103 86 3 41212 23 109
313 41132 81 4 41294 81 162
389 41162 43 4 41337 132 175
568 41168 96 4 41433 169 265
677 41217 47 4 41481 217 264
635 41257 62 2 41543 224 286
962 41259 51 3 41594 284 335
780 41521 46 4 41641 74 120
822 41606 84 4 41726 36 120
936 41932 63 3 41995 0 63
426 42097 82 2 42179 0 82
123 42188 63 4 42251 0 63
203 42249 72 3 42324 3 75
36 42712 100 1 42812 0 100
696 42741 93 3 42906 72 165
765 42836 100 2 43007 71 171
702 42876 33 4 43040 131 164
109 42967 89 4 43130 74 163
700 42980 82 2 43212 150 232
511 43209 47 2 43260 4 51
785 43449 36 3 43485 0 36
940 43487 67 1 43554 0 67
213 43669 76 1 43745 0 76
958 43686 93 4 43839 60 153
926 43777 73 3 43913 63 136
2 43779 32 3 43945 134 166
737 43808 63 2 44008 137 200
235 44092 81 3 44173 0 81
530 44181 87 4 44268 0 87
637 44182 94 3 44363 87 181
149 44431 87 3 44518 0 87
147 44755 95 3 44850 0 95
920 44776 54 3 44905 75 129
331 44812 88 4 44993 93 181
344 44822 91 3 45084 171 262
976 44864 46 4 45131 221 267
968 44889 36 3 45167 242 278
970 44976 93 3 45260 191 284
488 45109 75 2 45336 152 227
136 45109 46 4 45382 227 273
74 45183 83 2 45465 199 282
825 45184 84 3 45549 281 365
244 45185 100 3 45649 364 464
945 45569 79 4 45729 81 160
518 45575 99 4 45828 154 253
307 45901 75 4 45976 0 75
56 45950 75 4 46052 27 102
363 46048 75 4 46128 5 80
708 46187 86 2 46273 0 86
548 46326 91 3 46417 0 91
736 46502 45 4 46547 0 45
334 46516 38 4 46586 32 70
787 46721 87 3 46808 0 87
722 46766 60 4 46869 43 103
952 46796 95 3 46964 73 168
394 47426 57 3 47483 0 57
108 47436 89 3 47573 48 137
125 47621 81 4 47702 0 81
575 47668 61 3 47764 35 96
32 47708 87 4 47852 57 144
315 47713 37 2 47889 139 176
368 47715 84 3 47973 174 258
593 47826 93 3 48067 148 241
288 47866 71 4 48138 201 272
520 47966 48 3 48186 172 220
794 48329 93 1 48422 0 93
359 48413 79 3 48502 10 89
82 48465 47 2 48550 38 85
678 48662 47 1 48709 0 47
310 48736 75 4 48811 0 75
782 48934 67 4 49001 0 67
124 48946 91 3 49093 56 147
971 49111 76 1 49187 0 76
986 49124 88 1 49276 64 152
118 49163 57 4 49333 113 170
345 49516 72 4 49588 0 72
638 49593 96 3 49689 0 96
833 49723 77 3 49800 0 77
996 49742 73 2 49874 59 132
983 49875 54 3 49929 0 54
975 50071 71 2 50142 0 71
619 50152 94 4 50246 0 94
644 50458 69 1 50527 0 69
491 50669 90 2 50759 0 90
182 50679 76 3 50836 81 157
896 50779 70 2 50907 58 128
783 50929 98 1 51027 0 98
418 50929 70 3 51097 98 168
485 51082 68 4 51166 16 84
269 51103 97 3 51264 64 161
271 51155 55 2 51319 109 164
31 51209 63 4 51383 111 174
904 51418 61 4 51479 0 61
779 51511 36 3 51547 0 36
412 51563 66 4 51629 0 66
197 51568 62 4 51692 62 124
500 51679 75 4 51768 14 89
444 51686 49 3 51817 82 131
179 51910 98 3 52008 0 98
542 51956 95 1 52104 53 148
739 52012 79 4 52184 93 172
695 52167 70 4 52255 18 88
770 52215 99 4 52355 41 140
480 52341 84 1 52440 15 99
233 52350 88 4 52528 90 178
525 52361 67 2 52596 168 235
643 52496 82 4 52678 100 182
356 52537 60 4 52739 142 202
815 52552 73 4 52812 187 260
443 52666 77 2 52889 146 223
190 52667 80 4 52969 222 302
775 52682 50 4 53020 288 338
838 53066 65 3 53131 0 65
286 53320 77 1 53397 0 77
948 53422 67 2 53489 0 67
34 53476 73 2 53563 14 87
341 53531 87 2 53651 33 120
457 53625 91 4 53743 27 118
691 53659 55 4 53799 85 140
627 53689 51 2 53850 110 161
681 53965 56 2 54021 0 56
953 54399 77 3 54476 0 77
544 54406 95 2 54572 71 166
672 54659 88 4 54747 0 88
120 54664 80 1 54828 84 164
348 54859 34 4 54893 0 34
849 54981 91 3 55072 0 91
746 54994 97 3 55170 79 176
471 55223 85 3 55308 0 85
422 55386 84 4 55470 0 84
728 55399 30 4 55501 72 102
416 55601 81 4 55682 0 81
801 55804 87 4 55891 0 87
981 55975 92 3 56067 0 92
337 56000 56 4 56124 68 124
258 56189 92 3 56281 0 92
421 56229 84 4 56366 53 137
515 56282 97 4 56463 84 181
196 56315 77 4 56541 149 226
478 56401 62 1 56603 140 202
388 56637 50 3 56687 0 50
919 56683 100 4 56788 5 105
274 56981 97 4 57078 0 97
592 57083 45 4 57128 0 45
162 57157 90 4 57247 0 90
590 57206 77 4 57325 42 119
308 57221 74 1 57399 104 178
403 57333 93 1 57493 67 160
510 57335 88 4 57581 158 246
135 57427 95 3 57677 155 250
889 57447 93 1 57770 230 323
631 57750 80 4 57851 21 101
29 57864 68 4 57932 0 68
110 57883 48 3 57981 50 98
967 57963 62 4 58044 19 81
437 57966 75 2 58119 78 153
808 58056 84 4 58204 64 148
86 58187 57 3 58262 18 75
988 58189 89 3 58351 73 162
201 58278 57 3 58409 74 131
532 58322 50 2 58459 87 137
449 58449 83 4 58543 11 94
340 58531 82 1 58626 13 95
12 58707 90 4 58797 0 90
447 58727 58 3 58856 71 129
59 58788 58 2 58914 68 126
305 58822 93 3 59008 93 186
170 58972 73 2 59082 37 110
502 59043 93 4 59176 40 133
905 59111 70 3 59247 66 136
648 59199 92 3 59340 49 141
353 59216 83 4 59423 124 207
466 59244 86 3 59509 179 265
840 59303 86 4 59596 207 293
843 59339 80 4 59676 257 337
460 59358 76 4 59752 318 394
508 59373 92 4 59844 379 471
823 59742 70 4 59915 103 173
200 59788 92 4 60007 127 219
205 59835 89 3 60096 172 261
479 59874 87 3 60184 223 310
218 59931 94 2 60278 253 347
836 60088 93 4 60371 190 283
910 60096 92 3 60463 275 367
917 60160 77 2 60541 304 381
521 60319 73 3 60614 222 295
446 60341 38 4 60652 273 311
152 60452 47 4 60699 200 247
888 60503 65 4 60765 197 262
263 60523 90 3 60855 242 332
512 60597 49 4 60904 258 307
826 60703 76 4 60981 202 278
432 60703 86 2 61067 278 364
191 60705 29 1 61096 362 391
547 60866 40 3 61136 230 270
788 60899 72 4 61208 237 309
256 60921 66 4 61275 288 354
978 60933 93 4 61368 342 435
884 61093 57 3 61425 275 332
39 61131 90 4 61515 294 384
930 61218 88 4 61604 298 386
764 61236 71 3 61675 368 439
435 61416 72 4 61747 259 331
964 61554 93 3 61841 194 287
336 61622 74 3 61915 219 293
132 61868 66 2 61982 48 114
768 61947 40 4 62023 36 76
434 61964 71 4 62094 59 130
397 62037 50 1 62145 58 108
871 62077 66 4 62211 68 134
382 62251 42 1 62293 0 42
430 62358 57 2 62415 0 57
390 62358 71 3 62486 57 128
827 62529 48 4 62577 0 48
745 62583 43 4 62626 0 43
759 62705 93 4 62798 0 93
80 62747 79 2 62878 52 131
812 62824 71 4 62950 55 126
539 62844 78 1 63028 106 184
813 62850 97 3 63125 178 275
514 62865 55 3 63180 260 315
895 62877 21 1 63201 303 324
214 62916 91 3 63293 286 377
146 62941 81 4 63374 352 433
462 63099 60 4 63434 275 335
250 63146 83 4 63517 288 371
351 63163 96 2 63613 354 450
144 63194 40 4 63653 419 459
865 63203 72 4 63726 451 523
352 63308 49 3 63775 418 467
767 63420 65 3 63840 355 420
688 63577 40 3 63880 263 303
982 63643 95 4 63975 237 332
234 63749 84 4 64060 227 311
399 63927 76 4 64136 133 209
376 63942 94 2 64230 194 288
30 63988 79 4 64310 243 322
321 64091 52 4 64362 219 271
391 64133 95 4 64457 229 324
941 64160 40 3 64497 297 337
710 64302 62 3 64560 196 258
484 64391 72 2 64632 169 241
733 64392 94 2 64726 240 334
578 64436 99 4 64825 290 389
718 64501 48 4 64874 325 373
974 64517 52 4 64926 357 409
402 64574 64 4 64990 352 416
537 64648 46 4 65036 342 388
424 64726 68 4 65104 310 378
486 64746 43 2 65147 358 401
131 64808 52 4 65199 339 391
807 64850 87 1 65287 350 437
969 65018 93 3 65380 269 362
495 65132 70 4 65450 248 318
456 65276 92 2 65543 175 267
141 65279 73 1 65616 264 337
245 65299 84 3 65700 317 401
898 65374 78 1 65778 326 404
725 65384 91 1 65869 394 485
299 65390 47 3 65916 479 526
707 65475 74 4 65991 442 516
464 65647 100 2 66091 344 444
122 65698 84 3 66175 393 477
995 65720 66 3 66241 455 521
16 65777 69 4 66310 464 533
758 65807 98 4 66408 503 601
842 65856 69 4 66477 552 621
655 66148 86 2 66564 330 416
357 66173 65 4 66629 391 456
126 66183 78 3 66707 446 524
57 66302 52 3 66759 405 457
212 66310 82 4 66841 449 531
851 66361 96 3 66937 480 576
316 66408 68 2 67005 529 597
504 66830 81 2 67087 176 257
76 66858 81 3 67168 229 310
755 67000 34 1 67202 168 202
320 67015 75 3 67278 188 263
526 67180 71 4 67349 98 169
202 67212 26 1 67376 138 164
116 67249 92 4 67468 127 219
650 67315 40 1 67508 153 193
171 67323 81 4 67589 185 266
741 67393 76 4 67666 197 273
66 67419 89 4 67755 247 336
469 67427 82 3 67837 328 410
749 67566 97 4 67934 271 368
929 67784 68 4 68003 151 219
613 67815 88 3 68091 188 276
186 67872 71 4 68162 219 290
624 67935 73 4 68235 227 300
556 68009 100 4 68336 227 327
414 68108 93 4 68429 228 321
27 68269 21 4 68451 161 182
961 68318 65 4 68516 133 198
445 68394 61 3 68577 122 183
284 68405 91 3 68668 172 263
433 68429 92 3 68760 239 331
507 68430 58 2 68818 330 388
223 68536 68 2 68887 283 351
496 68595 93 2 68980 292 385
805 68600 55 4 69035 380 435
178 68687 69 4 69104 348 417
513 68711 100 1 69204 393 493
249 68719 65 1 69269 485 550
290 68721 89 4 69358 548 637
339 68758 72 3 69430 600 672
13 68788 85 1 69515 642 727
658 68869 71 2 69587 647 718
24 69025 77 4 69664 562 639
148 69029 75 3 69739 635 710
21 69070 50 1 69789 669 719
979 69126 100 4 69889 663 763
385 69247 100 4 69989 642 742
272 69326 64 4 70053 663 727
861 69341 84 2 70137 712 796
72 69366 86 3 70223 771 857
294 69458 87 3 70310 765 852
551 69465 74 2 70384 845 919
629 69521 93 3 70478 864 957
715 69560 96 3 70574 918 1014
894 69644 61 3 70635 930 991
163 69650 34 4 70669 985 1019
921 69691 77 4 70746 978 1055
20 69714 96 3 70842 1032 1128
549 69737 97 3 70939 1105 1202
954 69968 66 2 71005 971 1037
459 70056 88 2 71093 949 1037
3 70059 54 1 71147 1034 1088
487 70069 91 3 71238 1078 1169
417 70074 100 4 71338 1164 1264
65 70102 99 3 71437 1236 1335
709 70194 60 4 71497 1243 1303
598 70195 60 4 71557 1302 1362
195 70200 96 4 71653 1357 1453
972 70383 91 2 71744 1270 1361
564 70419 47 4 71792 1326 1373
319 70476 51 4 71843 1316 1367
139 70485 53 3 71896 1358 1411
642 70633 91 4 71987 1263 1354
900 70664 86 4 72073 1323 1409
585 70801 68 2 72141 1272 1340
409 71006 78 1 72219 1135 1213
318 71338 95 3 72314 881 976
712 71343 70 2 72384 971 1041
373 71354 76 2 72460 1030 1106
625 71412 95 3 72555 1048 1143
607 71606 65 3 72620 949 1014
328 71849 52 2 72673 772 824
312 71958 40 4 72713 715 755
583 71967 87 3 72800 746 833
160 71977 80 2 72880 823 903
138 71996 98 4 72978 884 982
670 72004 55 4 73033 974 1029
730 72180 59 3 73092 853 912
711 72180 99 4 73191 912 1011
257 72224 89 4 73280 967 1056
158 72227 62 3 73342 1053 1115
254 72451 75 4 73417 891 966
937 72622 62 4 73480 796 858
225 72893 89 3 73569 587 676
291 72937 72 4 73641 632 704
902 72975 74 4 73715 666 740
773 73104 64 1 73779 611 675
111 73140 85 3 73864 639 724
762 73280 66 4 73930 584 650
474 73335 80 4 74010 595 675
210 73338 70 1 74080 672 742
870 73361 73 4 74153 719 792
621 73390 72 3 74225 763 835
595 73407 84 3 74309 818 902
966 73451 100 2 74410 859 959
781 73535 82 3 74492 875 957
483 73556 99 3 74591 936 1035
378 73595 53 4 74644 996 1049
246 73613 61 4 74705 1031 1092
295 73661 73 2 74778 1044 1117
35 73718 84 4 74862 1060 1144
673 73744 92 3 74954 1118 1210
5 73758 99 4 75053 1196 1295
589 73793 98 1 75151 1260 1358
933 73813 45 2 75196 1338 1383
951 73822 86 4 75282 1374 1460
506 74069 75 1 75357 1213 1288
350 74112 74 4 75431 1245 1319
731 74116 85 4 75516 1315 1400
193 74147 86 4 75602 1369 1455
687 74175 87 1 75689 1427 1514
652 74300 60 2 75749 1389 1449
499 74458 81 4 75831 1292 1373
371 74463 74 3 75905 1368 1442
881 74464 76 4 75981 1441 1517
68 74533 64 4 76045 1448 1512
991 74544 68 3 76113 1501 1569
580 74586 86 4 76199 1527 1613
347 74654 84 4 76283 1545 1629
165 74657 98 4 76381 1626 1724
440 74833 93 1 76474 1548 1641
727 74919 67 3 76541 1555 1622
161 74920 99 2 76640 1621 1720
522 74993 34 4 76674 1647 1681
706 75270 58 4 76732 1404 1462
661 75303 63 4 76795 1429 1492
534 75384 70 4 76865 1411 1481
386 75399 96 2 76961 1466 1562
188 75525 85 3 77046 1436 1521
684 75923 85 4 77132 1124 1209
229 75940 44 4 77176 1192 1236
41 76148 76 3 77252 1028 1104
228 76158 92 3 77344 1094 1186
998 76199 57 2 77401 1145 1202
166 76323 87 4 77488 1078 1165
289 76353 89 4 77577 1135 1224
816 76378 81 2 77658 1199 1280
802 76399 55 4 77713 1259 1314
408 76532 79 3 77792 1181 1260
467 76607 76 4 77868 1185 1261
436 76818 51 3 77919 1050 1101
90 77404 95 1 78015 516 611
885 77557 92 2 78107 458 550
703 77642 81 4 78188 465 546
281 77647 92 3 78280 541 633
494 77672 77 3 78357 608 685
880 77720 53 4 78410 637 690
324 77731 93 4 78503 679 772
221 77744 96 3 78599 759 855
839 77777 75 3 78674 822 897
566 77841 62 3 78736 833 895
309 77947 65 4 78802 790 855
329 78040 79 3 78881 762 841
531 78059 72 4 78953 822 894
804 78063 68 3 79021 890 958
448 78070 91 1 79112 951 1042
769 78074 71 4 79183 1038 1109
925 78145 67 2 79250 1038 1105
577 78233 75 2 79325 1017 1092
550 78463 81 1 79406 862 943
726 78581 95 4 79501 825 920
407 78617 53 4 79554 884 937
438 78676 72 3 79626 878 950
420 78923 34 3 79661 704 738
187 78927 68 3 79729 734 802
878 79005 62 4 79791 724 786
302 79128 95 1 79886 663 758
620 79218 91 3 79977 668 759
841 79310 66 3 80043 667 733
304 79334 89 4 80132 709 798
477 79344 90 4 80222 788 878
317 79406 84 2 80306 816 900
714 79406 61 2 80367 900 961
115 79491 85 2 80452 876 961
732 79541 90 4 80542 911 1001
282 79560 81 4 80623 982 1063
206 79785 93 3 80717 839 932
734 79790 54 1 80771 927 981
251 79805 85 3 80856 966 1051
280 79976 98 3 80954 880 978
1000 80024 86 2 81040 930 1016
751 80024 60 3 81100 1016 1076
465 80065 75 4 81175 1035 1110
134 80091 75 4 81250 1084 1159
425 80091 93 4 81343 1159 1252
869 80173 83 4 81426 1170 1253
657 80175 78 4 81504 1251 1329
669 80196 95 2 81599 1308 1403
944 80214 48 3 81647 1385 1433
38 80277 66 1 81713 1370 1436
168 80377 43 4 81756 1336 1379
665 80401 87 4 81843 1355 1442
415 80403 47 1 81890 1440 1487
77 80423 69 3 81959 1467 1536
772 80458 95 3 82054 1501 1596
404 80505 88 4 82142 1549 1637
361 80534 70 4 82212 1608 1678
62 80534 84 3 82296 1678 1762
834 80679 71 3 82368 1618 1689
219 80730 48 4 82416 1638 1686
240 80736 88 3 82504 1680 1768
935 81007 35 3 82539 1497 1532
800 81038 95 4 82634 1501 1596
311 81227 77 2 82711 1407 1484
980 81234 56 4 82767 1477 1533
994 81259 89 2 82856 1508 1597
362 81340 72 4 82928 1516 1588
963 81385 68 3 82996 1543 1611
413 81503 62 2 83058 1493 1555
83 81704 91 3 83149 1354 1445
538 81748 86 4 83235 1401 1487
226 81769 83 4 83318 1466 1549
685 81813 85 2 83403 1505 1590
946 81915 57 3 83460 1488 1545
398 81944 72 3 83532 1516 1588
451 81957 90 4 83622 1575 1665
517 81974 61 4 83683 1648 1709
278 82041 67 3 83750 1642 1709
98 82170 64 3 83814 1580 1644
784 82222 56 3 83870 1592 1648
366 82321 92 3 83963 1550 1642
957 82466 95 2 84058 1497 1592
786 82512 87 3 84145 1546 1633
262 82564 51 2 84196 1581 1632
335 82585 52 1 84248 1611 1663
645 82589 34 2 84282 1659 1693
107 82777 52 3 84334 1505 1557
701 82806 77 1 84411 1528 1605
689 82851 29 3 84440 1560 1589
846 82860 92 4 84532 1580 1672
663 82958 90 4 84622 1574 1664
977 83023 99 4 84721 1599 1698
653 83026 56 2 84777 1695 1751
717 83048 100 4 84877 1729 1829
824 83188 39 4 84916 1689 1728
501 83209 92 3 85008 1707 1799
468 83229 85 4 85093 1779 1864
756 83347 51 2 85144 1746 1797
892 83384 76 1 85220 1760 1836
133 83452 92 2 85312 1768 1860
516 83525 27 4 85339 1787 1814
167 83579 79 4 85418 1760 1839
740 83614 94 4 85512 1804 1898
829 83620 79 4 85591 1892 1971
675 83798 39 4 85630 1793 1832
646 83982 72 3 85703 1649 1721
498 83990 50 4 85753 1713 1763
699 84026 41 3 85794 1727 1768
204 84111 95 4 85889 1683 1778
306 84121 73 3 85962 1768 1841
997 84140 54 3 86016 1822 1876
247 84152 96 2 86112 1864 1960
821 84160 25 3 86137 1952 1977
137 84204 82 4 86219 1933 2015
475 84249 78 1 86297 1970 2048
297 84309 46 3 86343 1988 2034
616 84397 58 4 86401 1946 2004
923 84453 58 4 86459 1948 2006
296 84466 54 4 86513 1993 2047
406 84536 66 4 86579 1977 2043
763 84558 98 3 86677 2021 2119
303 84614 78 2 86755 2063 2141
42 84781 77 2 86832 1974 2051
574 84920 52 4 86884 1912 1964
960 85070 69 2 86953 1814 1883
667 85111 97 2 87050 1842 1939
792 85238 96 4 87146 1812 1908
441 85288 60 4 87206 1858 1918
429 85313 52 4 87258 1893 1945
427 85527 39 1 87297 1731 1770
938 85580 47 3 87344 1717 1764
140 85589 49 3 87393 1755 1804
830 85619 73 3 87466 1774 1847
713 85659 83 2 87550 1808 1891
659 85829 55 4 87605 1721 1776
563 85836 32 2 87637 1769 1801
45 85891 78 4 87715 1746 1824
791 85902 97 4 87812 1813 1910
243 85968 47 4 87859 1844 1891
442 86110 78 4 87937 1749 1827
679 86212 58 4 87995 1725 1783
909 86226 47 4 88042 1769 1816
411 86282 40 3 88082 1760 1800
789 86284 63 4 88145 1798 1861
848 86334 99 4 88244 1811 1910
626 86348 47 4 88291 1896 1943
676 86356 67 3 88358 1935 2002
17 86370 46 1 88404 1988 2034
259 86395 48 4 88452 2009 2057
47 86477 33 3 88485 1975 2008
292 86543 99 4 88584 1942 2041
875 86676 78 3 88662 1908 1986
156 86703 85 4 88747 1959 2044
50 86707 82 2 88829 2040 2122
211 86718 88 3 88917 2111 2199
557 86748 73 3 88990 2169 2242
96 86871 58 4 89048 2119 2177
927 86949 85 1 89133 2099 2184
965 86963 87 4 89220 2170 2257
623 87051 92 1 89312 2169 2261
818 87070 100 1 89412 2242 2342
490 87088 99 1 89511 2324 2423
649 87308 72 2 89583 2203 2275
705 87319 61 3 89644 2264 2325
719 87402 53 4 89697 2242 2295
523 87417 77 4 89774 2280 2357
207 87418 90 1 89864 2356 2446
955 87438 59 1 89923 2426 2485
535 87452 100 3 90023 2471 2571
360 87479 99 3 90123 2545 2644
88 87504 78 4 90201 2619 2697
392 87507 82 2 90283 2694 2776
227 87580 84 3 90367 2703 2787
472 87613 72 4 90439 2754 2826
559 87740 49 4 90488 2699 2748
903 87743 92 1 90580 2745 2837
177 87804 94 3 90674 2776 2870
276 87832 87 4 90761 2842 2929
58 87894 62 4 90823 2867 2929
463 87908 96 4 90919 2915 3011
273 87995 76 4 90995 2924 3000
882 88035 51 3 91046 2960 3011
155 88092 71 4 91117 2954 3025
503 88096 25 2 91142 3021 3046
396 88234 47 4 91189 2908 2955
54 88278 100 3 91289 2911 3011
450 88383 90 4 91379 2906 2996
145 88453 78 2 91457 2926 3004
561 88593 66 4 91523 2864 2930
150 88605 58 4 91581 2918 2976
704 88625 84 2 91665 2956 3040
973 88644 54 4 91719 3021 3075
97 88719 49 3 91768 3000 3049
99 88749 81 1 91849 3019 3100
656 88911 86 4 91935 2938 3024
856 88934 64 3 91999 3001 3065
458 89006 57 2 92056 2993 3050
760 89007 89 3 92145 3049 3138
690 89010 90 3 92235 3135 3225
612 89010 95 3 92330 3225 3320
847 89024 45 1 92375 3306 3351
105 89076 87 2 92462 3299 3386
349 89125 86 4 92548 3337 3423
248 89145 78 1 92626 3403 3481
222 89290 40 2 92666 3336 3376
674 89358 62 2 92728 3308 3370
778 89384 91 4 92819 3344 3435
860 89390 76 2 92895 3429 3505
693 89533 71 4 92966 3362 3433
9 89579 49 2 93015 3387 3436
999 89594 41 1 93056 3421 3462
942 89655 75 1 93131 3401 3476
60 89663 94 4 93225 3468 3562
831 89682 62 3 93287 3543 3605
154 89857 71 2 93358 3430 3501
611 89926 44 4 93402 3432 3476
121 89958 85 4 93487 3444 3529
358 89963 42 2 93529 3524 3566
600 89977 99 3 93628 3552 3651
452 89989 91 4 93719 3639 3730
327 89989 96 3 93815 3730 3826
810 90012 72 4 93887 3803 3875
482 90253 53 4 93941 3635 3688
819 90264 72 1 94013 3677 3749
771 90299 92 3 94105 3714 3806
698 90345 92 4 94197 3760 3852
748 90487 53 3 94250 3710 3763
69 90526 100 1 94350 3724 3824
985 90664 78 4 94428 3686 3764
528 90715 93 4 94521 3713 3806
897 90726 98 3 94619 3795 3893
157 90773 46 4 94665 3846 3892
28 90792 39 4 94704 3873 3912
22 90862 69 3 94773 3842 3911
48 90918 77 1 94850 3855 3932
476 90937 99 4 94949 3913 4012
793 91026 83 3 95032 3923 4006
874 91062 82 2 95114 3970 4052
323 91088 84 4 95198 4026 4110
159 91088 56 2 95254 4110 4166
567 91129 56 4 95310 4125 4181
795 91165 62 3 95372 4145 4207
265 91284 99 4 95471 4088 4187
279 91285 93 4 95564 4186 4279
301 91389 63 4 95627 4175 4238
130 91435 95 4 95722 4192 4287
37 91587 87 1 95809 4135 4222
112 91614 66 4 95875 4195 4261
664 91740 92 4 95967 4135 4227
651 91806 84 3 96051 4161 4245
266 91822 79 1 96130 4229 4308
333 91829 62 4 96192 4301 4363
868 91856 97 3 96289 4336 4433
798 91878 81 1 96370 4411 4492
64 91887 54 2 96424 4483 4537
859 91905 46 1 96470 4519 4565
692 91954 69 4 96539 4516 4585
844 92060 77 1 96616 4479 4556
912 92137 73 3 96689 4479 4552
558 92229 91 3 96780 4460 4551
761 92284 46 3 96826 4496 4542
8 92411 33 4 96859 4415 4448
947 92543 63 3 96922 4316 4379
84 92575 100 2 97022 4347 4447
720 92638 52 1 97074 4384 4436
509 92680 52 1 97126 4394 4446
94 92686 42 4 97168 4440 4482
757 92719 94 1 97262 4449 4543
949 92751 50 4 97312 4511 4561
330 92769 96 2 97408 4543 4639
536 92771 93 2 97501 4637 4730
572 92952 99 3 97600 4549 4648
817 93000 91 3 97691 4600 4691
744 93019 89 4 97780 4672 4761
11 93199 94 2 97874 4581 4675
49 93227 95 4 97969 4647 4742
555 93322 67 4 98036 4647 4714
814 93460 93 4 98129 4576 4669
44 93460 83 3 98212 4669 4752
10 93489 93 3 98305 4723 4816
879 93675 98 3 98403 4630 4728
811 93730 72 3 98475 4673 4745
956 93733 39 3 98514 4742 4781
338 93800 59 3 98573 4714 4773
928 93845 61 3 98634 4728 4789
470 93885 98 3 98732 4749 4847
858 93954 82 4 98815 4779 4861
52 94135 88 3 98903 4680 4768
777 94184 61 2 98964 4719 4780
939 94245 71 3 99035 4719 4790
241 94271 83 2 99118 4764 4847
716 94290 68 4 99186 4828 4896
950 94366 85 4 99271 4820 4905
1 94389 56 4 99327 4882 4938
877 94413 51 4 99378 4914 4965
586 94445 95 4 99473 4933 5028
553 94471 42 4 99515 5002 5044
103 94472 62 3 99577 5043 5105
377 94488 77 4 99654 5089 5166
776 94542 35 3 99689 5112 5147
610 94582 99 3 99788 5107 5206
198 94628 62 4 99850 5160 5222
217 94911 95 3 99945 4939 5034
95 94921 63 4 100008 5024 5087
866 94985 87 2 100095 5023 5110
562 95025 69 3 100164 5070 5139
114 95086 78 4 100242 5078 5156
268 95134 58 4 100300 5108 5166
151 95201 80 2 100380 5099 5179
617 95262 92 3 100472 5118 5210
622 95357 76 3 100548 5115 5191
395 95402 55 4 100603 5146 5201
174 95542 99 3 100702 5061 5160
753 95593 99 2 100801 5109 5208
588 95597 75 4 100876 5204 5279
797 95618 42 3 100918 5258 5300
680 95666 79 4 100997 5252 5331
383 95700 88 4 101085 5297 5385
224 95713 59 2 101144 5372 5431
230 95854 86 3 101230 5290 5376
493 95909 43 3 101273 5321 5364
918 96127 60 2 101333 5146 5206
601 96167 75 2 101408 5166 5241
104 96229 44 4 101452 5179 5223
668 96291 60 2 101512 5161 5221
215 96336 86 3 101598 5176 5262
738 96343 76 3 101674 5255 5331
439 96357 97 4 101771 5317 5414
990 96365 38 4 101809 5406 5444
67 96401 50 3 101859 5408 5458
750 96414 92 4 101951 5445 5537
752 96447 74 2 102025 5504 5578
803 96514 49 3 102074 5511 5560
845 96596 86 2 102160 5478 5564
915 96616 51 3 102211 5544 5595
101 96648 59 4 102270 5563 5622
384 96651 98 4 102368 5619 5717
587 96737 97 2 102465 5631 5728
277 96772 77 4 102542 5693 5770
591 96806 92 2 102634 5736 5828
239 96837 94 4 102728 5797 5891
55 96882 97 4 102825 5846 5943
431 96882 68 4 102893 5943 6011
354 96916 87 4 102980 5977 6064
931 96942 59 4 103039 6038 6097
53 96975 99 3 103138 6064 6163
581 97070 87 3 103225 6068 6155
199 97077 83 4 103308 6148 6231
298 97285 64 3 103372 6023 6087
853 97286 29 4 103401 6086 6115
209 97287 58 4 103459 6114 6172
285 97337 93 4 103552 6122 6215
92 97391 75 2 103627 6161 6236
872 97425 53 4 103680 6202 6255
89 97524 88 1 103768 6156 6244
153 97525 97 3 103865 6243 6340
283 97714 76 3 103941 6151 6227
172 97763 45 3 103986 6178 6223
185 97791 44 3 104030 6195 6239
724 97793 93 4 104123 6237 6330
867 97944 88 3 104211 6179 6267
883 98056 86 2 104297 6155 6241
181 98219 92 2 104389 6078 6170
194 98346 71 2 104460 6043 6114
541 98399 58 3 104518 6061 6119
43 98464 96 2 104614 6054 6150
636 98507 43 2 104657 6107 6150
293 98518 98 2 104755 6139 6237
633 98551 52 2 104807 6204 6256
887 98753 96 3 104904 6055 6151
984 98756 67 4 104971 6148 6215
25 98873 68 3 105039 6098 6166
723 98879 71 3 105110 6160 6231
393 98912 85 2 105195 6198 6283
372 98915 26 3 105221 6280 6306
481 98969 53 4 105274 6252 6305
694 98970 87 3 105361 6304 6391
594 99039 87 2 105448 6322 6409
630 99139 78 3 105526 6309 6387
242 99207 35 2 105561 6319 6354
899 99208 74 3 105635 6353 6427
355 99218 98 4 105733 6417 6515
863 99228 96 4 105829 6505 6601
14 99247 86 3 105915 6582 6668
454 99281 76 4 105991 6634 6710
906 99340 73 4 106064 6651 6724
63 99370 91 3 106155 6694 6785
835 99460 86 4 106241 6695 6781
873 99461 90 1 106331 6780 6870
461 99506 64 3 106395 6825 6889
173 99528 71 3 106466 6867 6938
891 99571 89 3 106555 6895 6984
119 99618 94 1 106649 6937 7031
473 99623 36 1 106685 7026 7062
828 99649 100 2 106785 7036 7136
100 99666 75 4 106860 7119 7194
287 99804 69 4 106929 7056 7125
