101654 1000 263 203
36 1057 69 2 1126 0 69
719 2603 49 3 2652 0 49
614 3145 45 3 3190 0 45
956 3970 33 4 4003 0 33
619 4635 47 2 4682 0 47
735 5698 64 2 5762 0 64
666 7886 47 1 7933 0 47
426 8094 43 4 8137 0 43
350 9142 47 3 9189 0 47
61 9513 93 3 9606 0 93
688 10032 56 3 10088 0 56
788 10114 62 1 10176 0 62
126 10286 48 3 10334 0 48
409 10425 53 2 10478 0 53
951 10537 57 3 10594 0 57
57 11622 100 3 11722 0 100
867 11794 50 4 11844 0 50
873 11839 64 3 11908 5 69
837 11875 69 2 11977 33 102
670 11958 70 2 12047 19 89
219 12143 63 4 12206 0 63
172 12478 54 1 12532 0 54
131 13017 87 3 13104 0 87
938 13657 57 4 13714 0 57
311 14179 60 4 14239 0 60
491 14249 53 4 14302 0 53
831 14201 69 3 14361 91 160
611 14563 44 2 14607 0 44
146 14594 61 3 14668 13 74
983 14825 57 3 14882 0 57
78 15269 48 4 15317 0 48
834 15350 62 4 15412 0 62
165 15649 57 3 15706 0 57
503 15767 59 2 15826 0 59
320 16166 91 1 16257 0 91
953 16315 49 1 16364 0 49
578 16356 84 2 16448 8 92
459 16602 41 4 16643 0 41
965 16647 60 3 16707 0 60
275 16959 61 3 17020 0 61
369 17084 54 4 17138 0 54
346 17230 37 1 17267 0 37
387 17433 67 1 17500 0 67
720 17506 82 3 17588 0 82
373 18059 50 4 18109 0 50
175 18232 68 2 18300 0 68
787 18782 86 2 18868 0 86
214 19183 56 3 19239 0 56
41 19125 73 3 19254 56 129
218 19603 47 4 19650 0 47
393 20146 59 4 20205 0 59
154 20377 46 4 20423 0 46
415 20439 50 3 20489 0 50
355 20912 53 3 20965 0 53
50 21005 37 4 21042 0 37
996 20990 63 1 21090 37 100
980 21135 70 1 21205 0 70
826 21342 71 3 21413 0 71
852 22170 53 4 22223 0 53
366 22327 37 4 22364 0 37
123 22737 66 3 22803 0 66
136 23080 68 1 23148 0 68
323 23177 76 4 23253 0 76
488 23367 31 3 23398 0 31
375 23534 56 1 23590 0 56
341 23641 45 4 23686 0 45
276 23620 52 3 23717 45 97
113 24279 59 2 24338 0 59
137 24281 64 2 24402 57 121
581 24548 54 3 24602 0 54
169 24500 68 3 24622 54 122
399 24639 61 3 24700 0 61
785 25034 59 3 25093 0 59
2 25160 56 4 25216 0 56
920 25185 66 4 25282 31 97
60 25297 69 1 25366 0 69
801 26101 84 4 26185 0 84
97 26187 52 4 26239 0 52
766 26724 57 3 26781 0 57
942 26783 27 2 26810 0 27
38 26723 69 3 26876 84 153
615 27051 64 4 27115 0 64
339 27393 60 3 27453 0 60
945 27466 55 4 27521 0 55
15 27624 43 3 27667 0 43
432 27748 69 2 27817 0 69
134 27975 62 3 28037 0 62
722 28066 67 1 28133 0 67
286 28653 24 2 28677 0 24
197 28620 40 1 28684 24 64
773 29433 52 3 29485 0 52
859 29520 45 2 29565 0 45
655 29470 58 2 29588 60 118
524 29626 35 2 29661 0 35
759 29869 76 3 29945 0 76
317 30472 54 3 30526 0 54
580 30502 64 2 30590 24 88
485 30665 73 4 30738 0 73
235 31120 45 4 31165 0 45
281 31150 71 4 31236 15 86
205 31309 68 3 31377 0 68
710 31400 74 4 31474 0 74
223 31390 77 3 31541 74 151
992 31645 46 4 31691 0 46
204 31692 65 3 31757 0 65
742 32071 40 2 32111 0 40
532 32084 52 1 32163 27 79
507 32295 29 3 32324 0 29
258 32313 67 4 32391 11 78
164 32908 77 3 32985 0 77
747 32838 91 4 33006 77 168
531 33098 64 3 33162 0 64
9 33234 84 3 33318 0 84
28 33432 54 2 33486 0 54
604 33359 88 3 33501 54 142
189 33558 21 2 33579 0 21
418 33659 51 4 33710 0 51
510 33844 33 4 33877 0 33
782 33813 79 1 33925 33 112
376 33988 57 1 34045 0 57
322 34001 84 3 34129 44 128
1 34177 61 4 34238 0 61
227 34164 73 3 34298 61 134
889 34487 50 4 34537 0 50
932 34439 79 3 34568 50 129
702 34801 44 3 34845 0 44
908 34758 57 3 34859 44 101
911 35061 44 1 35105 0 44
262 35029 57 4 35130 44 101
270 35015 77 2 35193 101 178
818 35202 20 2 35222 0 20
549 35774 47 3 35821 0 47
334 35798 50 2 35871 23 73
92 35827 52 1 35923 44 96
505 35914 55 1 35978 9 64
643 35816 61 4 36039 162 223
430 36293 72 3 36365 0 72
672 36279 100 3 36451 72 172
691 36484 43 3 36527 0 43
910 36531 48 3 36579 0 48
475 36803 40 2 36843 0 40
921 36996 61 2 37057 0 61
541 37063 66 1 37129 0 66
37 37170 41 3 37211 0 41
972 37254 67 4 37321 0 67
822 37389 55 4 37444 0 55
970 37325 81 4 37461 55 136
328 37570 31 3 37601 0 31
232 37760 27 2 37787 0 27
162 37979 32 3 38011 0 32
724 38030 44 4 38074 0 44
981 37987 76 2 38131 68 144
471 38134 48 3 38182 0 48
988 38175 56 2 38238 7 63
901 38140 87 4 38325 98 185
652 38073 87 3 38409 249 336
451 38466 64 3 38530 0 64
727 38652 51 4 38703 0 51
35 38614 60 2 38725 51 111
576 38829 53 4 38882 0 53
583 38786 66 3 38905 53 119
481 38870 71 3 38976 35 106
567 38818 83 4 39059 158 241
790 39273 41 3 39314 0 41
120 39229 61 4 39331 41 102
233 39362 53 1 39415 0 53
704 39459 54 3 39513 0 54
356 39982 51 3 40033 0 51
212 40219 69 4 40288 0 69
23 40255 72 1 40360 33 105
326 40568 34 4 40602 0 34
804 40707 51 4 40758 0 51
713 40730 66 4 40824 28 94
528 40792 77 4 40901 32 109
979 41132 29 2 41161 0 29
780 41199 66 4 41265 0 66
332 41273 74 4 41347 0 74
417 41429 62 3 41491 0 62
653 41526 58 4 41584 0 58
127 41572 58 3 41642 12 70
280 41653 36 3 41689 0 36
755 41696 77 3 41773 0 77
630 41817 80 2 41897 0 80
284 41898 44 4 41942 0 44
71 41960 56 4 42016 0 56
931 41948 65 4 42069 56 121
283 42017 65 3 42134 52 117
616 42028 82 4 42216 106 188
342 42342 45 1 42387 0 45
210 42643 68 2 42711 0 68
167 42595 77 4 42740 68 145
423 42814 73 4 42887 0 73
610 42839 97 2 42984 48 145
796 43086 63 4 43149 0 63
698 43180 36 4 43216 0 36
749 43152 52 2 43240 36 88
443 43280 42 2 43322 0 42
632 43890 33 3 43923 0 33
421 43981 42 3 44023 0 42
489 44034 49 4 44083 0 49
242 44023 61 3 44133 49 110
849 44203 66 3 44269 0 66
675 44337 40 3 44377 0 40
516 44333 69 1 44442 40 109
743 44460 61 4 44521 0 61
817 44573 35 4 44608 0 35
919 44677 53 1 44730 0 53
814 44817 59 4 44876 0 59
95 44799 79 2 44937 59 138
453 45060 69 3 45129 0 69
803 45401 30 4 45431 0 30
150 45363 51 4 45444 30 81
923 45518 53 3 45571 0 53
435 45559 54 1 45625 12 66
851 45571 64 4 45689 54 118
445 45469 82 2 45722 171 253
943 45562 86 3 45808 160 246
253 45755 92 4 45900 53 145
935 45964 75 1 46039 0 75
133 45931 81 2 46087 75 156
428 46115 35 4 46150 0 35
260 46093 68 2 46196 35 103
746 46245 48 4 46293 0 48
665 46376 41 2 46417 0 41
868 46422 59 4 46481 0 59
917 46341 62 3 46503 100 162
76 46577 31 4 46608 0 31
425 46528 61 4 46620 31 92
147 46520 72 4 46684 92 164
497 46463 75 4 46742 204 279
684 46773 47 4 46820 0 47
158 46826 21 1 46847 0 21
506 46828 64 4 46911 19 83
312 46941 55 2 46996 0 55
609 46923 68 2 47046 55 123
582 47072 55 4 47127 0 55
272 46967 85 3 47186 134 219
572 47332 36 4 47368 0 36
176 47449 54 3 47503 0 54
395 47583 53 4 47636 0 53
65 47492 80 4 47636 64 144
592 48038 70 4 48108 0 70
529 48164 75 2 48239 0 75
473 48669 53 3 48722 0 53
543 48783 43 3 48826 0 43
324 48712 62 4 48827 53 115
984 48848 54 4 48902 0 54
427 48954 63 4 49017 0 63
937 48955 65 2 49082 62 127
119 49094 63 2 49157 0 63
90 49151 74 2 49231 6 80
985 49721 53 3 49774 0 53
613 49770 55 2 49829 4 59
285 49818 63 2 49892 11 74
329 49937 40 2 49977 0 40
396 49951 68 2 50045 26 94
370 50099 74 2 50173 0 74
392 49952 96 3 50215 167 263
761 50524 55 2 50579 0 55
325 50750 76 4 50826 0 76
949 50858 36 3 50894 0 36
799 51183 60 4 51243 0 60
422 51424 40 1 51464 0 40
402 51469 61 2 51530 0 61
639 51494 62 4 51592 36 98
102 51433 80 4 51667 154 234
414 51690 100 1 51790 0 100
629 51835 79 4 51914 0 79
987 52078 56 2 52134 0 56
836 52193 48 4 52241 0 48
872 52151 80 4 52279 48 128
519 52439 51 3 52490 0 51
634 52504 51 2 52555 0 51
712 52529 71 3 52626 26 97
434 52640 36 4 52676 0 36
570 52740 63 3 52803 0 63
21 52718 71 2 52852 63 134
495 52567 77 2 52873 229 306
64 52904 61 3 52965 0 61
705 52912 67 4 53032 53 120
968 52955 71 3 53103 77 148
82 53131 45 2 53176 0 45
795 53202 31 2 53233 0 31
447 53219 39 1 53272 14 53
738 53158 46 1 53292 88 134
830 53353 52 4 53405 0 52
3 53390 53 3 53458 15 68
526 53280 61 3 53458 117 178
608 53093 73 4 53503 337 410
139 53629 72 3 53701 0 72
563 53798 49 4 53847 0 49
449 53779 49 3 53877 49 98
309 53965 46 3 54011 0 46
43 54064 62 1 54126 0 62
27 54081 68 2 54218 69 137
633 54170 68 2 54262 24 92
626 54015 69 4 54282 198 267
636 54234 78 3 54360 48 126
77 54446 37 2 54483 0 37
876 54570 44 1 54614 0 44
764 54527 51 1 54622 44 95
458 54462 60 4 54638 116 176
587 54607 64 2 54702 31 95
595 54806 47 4 54862 9 56
352 54844 47 4 54900 9 56
24 54936 50 1 54986 0 50
601 54975 52 4 55038 11 63
45 55097 45 3 55142 0 45
797 55063 51 3 55159 45 96
173 55166 64 4 55230 0 64
424 55261 45 4 55306 0 45
975 55028 70 4 55313 215 285
194 55404 30 4 55434 0 30
893 55471 70 2 55541 0 70
46 55390 71 3 55561 100 171
674 55627 62 2 55689 0 62
685 55567 64 4 55693 62 126
347 55723 45 3 55768 0 45
17 55779 51 1 55830 0 51
862 55599 64 2 55853 190 254
625 55528 86 4 55933 319 405
571 56113 49 1 56162 0 49
501 56299 71 1 56370 0 71
930 56250 76 3 56397 71 147
344 56465 62 3 56527 0 62
858 56704 47 2 56751 0 47
18 56826 68 3 56894 0 68
668 56921 37 4 56958 0 37
658 56967 58 4 57025 0 58
299 57038 61 3 57099 0 61
407 57101 55 2 57156 0 55
740 57272 48 1 57320 0 48
397 57197 75 2 57320 48 123
303 57449 49 2 57498 0 49
479 57530 64 2 57594 0 64
29 57664 44 4 57708 0 44
711 57795 45 4 57840 0 45
145 57981 65 2 58046 0 65
579 58131 41 4 58172 0 41
763 58084 47 3 58172 41 88
500 58188 61 3 58249 0 61
494 58253 34 4 58287 0 34
53 58241 69 3 58352 42 111
878 58394 61 3 58455 0 61
530 58603 36 3 58639 0 36
335 58554 54 2 58644 36 90
138 58637 67 4 58711 7 74
470 58712 79 4 58791 0 79
240 58831 71 3 58902 0 71
508 58582 81 3 58942 279 360
842 58967 41 4 59008 0 41
249 58990 42 3 59050 18 60
99 59095 44 4 59139 0 44
809 58970 83 4 59177 124 207
16 59238 35 4 59273 0 35
307 58655 87 1 59274 532 619
880 59306 58 3 59364 0 58
866 59369 77 3 59446 0 77
646 59490 51 4 59541 0 51
525 59585 50 3 59635 0 50
683 59543 51 4 59644 50 101
111 59693 39 2 59732 0 39
692 59759 64 3 59823 0 64
819 59869 31 3 59900 0 31
404 59784 82 4 59936 70 152
627 59625 85 4 59945 235 320
288 58902 100 3 59962 960 1060
257 59979 51 4 60030 0 51
349 60094 68 3 60162 0 68
623 59990 72 4 60170 108 180
706 60217 48 3 60265 0 48
441 60300 29 3 60329 0 29
948 60389 62 1 60451 0 62
598 60352 70 4 60484 62 132
553 60600 43 3 60643 0 43
640 60653 33 2 60686 0 33
254 60713 50 3 60763 0 50
348 60699 54 4 60803 50 104
941 60962 68 3 61030 0 68
368 61114 22 4 61136 0 22
157 61128 64 4 61200 8 72
477 61120 67 3 61267 80 147
835 61441 56 3 61497 0 56
72 61428 57 4 61541 56 113
663 61435 76 4 61617 106 182
656 61629 75 2 61704 0 75
909 61771 51 1 61822 0 51
725 61758 56 4 61865 51 107
118 61873 41 4 61914 0 41
557 61803 71 4 61977 103 174
217 61515 78 4 61989 396 474
48 62051 57 4 62108 0 57
962 61998 64 4 62119 57 121
31 62208 41 3 62249 0 41
504 62182 47 4 62270 41 88
947 62109 67 4 62274 98 165
383 62418 42 2 62460 0 42
386 62447 50 3 62510 13 63
452 62330 64 3 62525 131 195
106 62356 64 3 62550 130 194
839 62632 54 3 62686 0 54
98 62601 59 4 62714 54 113
812 62813 59 4 62872 0 59
552 62612 62 4 62897 223 285
765 62610 62 4 62897 225 287
296 62423 66 4 62912 423 489
499 62779 72 3 62984 133 205
673 62697 73 4 63057 287 360
811 63091 61 3 63152 0 61
391 63175 63 4 63238 0 63
363 63186 79 3 63317 52 131
379 63339 63 3 63402 0 63
487 62786 81 1 63404 537 618
667 62586 82 3 63486 818 900
390 63561 53 4 63614 0 53
199 62361 85 3 63624 1178 1263
362 63659 54 3 63713 0 54
986 63658 77 3 63789 54 131
246 63813 51 4 63864 0 51
717 63947 20 1 63967 0 20
455 63973 53 3 64026 0 53
891 63974 62 3 64088 52 114
925 64245 47 4 64292 0 47
584 64241 59 4 64347 47 106
850 64378 62 2 64440 0 62
907 64457 54 4 64511 0 54
810 64495 60 3 64571 16 76
149 64574 56 4 64630 0 56
306 64428 63 3 64673 182 245
997 64578 69 2 64742 95 164
243 64788 59 3 64847 0 59
703 64802 61 3 64908 45 106
906 64534 72 3 64934 328 400
384 64947 39 2 64986 0 39
808 64944 71 4 65054 39 110
360 64764 76 3 65120 280 356
371 65240 64 1 65304 0 64
551 65348 66 3 65414 0 66
963 65672 46 4 65718 0 46
364 65740 56 3 65796 0 56
699 65819 29 3 65848 0 29
261 65799 54 1 65882 29 83
838 65833 79 4 65961 49 128
480 66092 58 4 66150 0 58
864 66060 66 3 66184 58 124
215 66254 50 3 66304 0 50
224 66506 40 3 66546 0 40
569 66476 44 3 66560 40 84
521 66419 62 1 66565 84 146
916 66605 48 3 66653 0 48
372 66597 49 2 66694 48 97
206 66569 59 3 66725 97 156
846 66776 52 4 66828 0 52
403 66772 59 4 66883 52 111
815 66884 49 2 66933 0 49
11 66804 61 2 66993 128 189
558 66886 63 3 67056 107 170
420 67029 66 4 67122 27 93
26 66490 71 2 67142 581 652
677 67192 58 3 67250 0 58
110 66738 75 3 67275 462 537
696 67420 41 4 67461 0 41
239 67418 43 2 67502 41 84
607 67547 40 4 67587 0 40
899 67427 58 3 67600 115 173
42 67553 61 3 67661 47 108
493 67622 65 4 67726 39 104
377 67327 75 4 67744 342 417
91 67367 75 4 67785 343 418
870 67819 35 4 67854 0 35
248 67793 60 3 67888 35 95
478 67566 86 4 67966 314 400
54 66603 87 4 68001 1311 1398
305 68118 38 3 68156 0 38
929 68260 77 3 68337 0 77
918 68430 70 3 68500 0 70
380 68518 60 4 68578 0 60
250 68583 66 1 68649 0 66
74 68663 52 4 68715 0 52
966 68746 63 4 68809 0 63
902 68574 67 4 68826 185 252
308 68561 77 4 68903 265 342
588 68969 37 2 69006 0 37
978 68941 46 3 69024 37 83
707 68959 53 4 69077 65 118
922 68989 65 2 69142 88 153
59 68768 78 2 69182 336 414
900 68863 84 4 69266 319 403
515 68573 95 4 69361 693 788
681 69368 79 2 69447 0 79
135 69554 66 4 69620 0 66
290 69622 39 2 69661 0 39
898 69470 100 4 69675 105 205
689 69884 46 4 69930 0 46
676 69952 66 2 70018 0 66
440 70123 60 4 70183 0 60
291 70146 60 2 70243 37 97
116 70175 64 3 70307 68 132
752 70103 74 2 70361 184 258
457 70029 75 4 70362 258 333
939 69952 90 4 70441 399 489
484 70606 33 1 70639 0 33
884 70568 54 2 70655 33 87
739 70693 70 3 70763 0 70
265 70854 42 4 70896 0 42
351 70829 59 1 70930 42 101
960 70937 61 4 70998 0 61
144 70885 66 4 71057 106 172
827 71070 25 1 71095 0 25
171 70956 70 3 71152 126 196
840 71154 53 3 71207 0 53
715 71255 53 3 71308 0 53
874 71240 60 4 71353 53 113
750 71383 44 1 71427 0 44
523 71163 70 2 71434 201 271
647 70787 73 4 71463 603 676
273 71307 74 1 71537 156 230
733 71541 84 4 71625 0 84
954 71659 47 4 71706 0 47
353 71693 68 3 71774 13 81
517 71856 49 4 71905 0 49
196 71908 48 2 71956 0 48
904 71979 51 1 72030 0 51
200 71915 58 4 72065 92 150
682 72046 63 4 72128 19 82
730 71823 67 3 72159 269 336
511 72178 39 4 72217 0 39
361 72168 50 2 72257 39 89
888 72192 52 3 72309 65 117
791 72315 35 4 72350 0 35
259 72420 61 4 72481 0 61
913 72487 46 3 72533 0 46
784 72417 63 4 72587 107 170
777 72371 73 4 72614 170 243
155 72486 73 3 72687 128 201
228 72309 76 3 72736 351 427
789 72759 52 2 72811 0 52
686 71789 79 4 72824 956 1035
25 72901 43 2 72944 0 43
304 72861 50 4 72954 43 93
955 72966 56 1 73022 0 56
87 73034 53 4 73087 0 53
748 72453 83 3 73109 573 656
245 73160 30 3 73190 0 30
807 73199 52 4 73251 0 52
192 73311 59 3 73370 0 59
211 73310 60 4 73429 59 119
714 73202 61 1 73431 168 229
680 73263 73 4 73504 168 241
762 73554 41 4 73595 0 41
638 73184 73 2 73609 352 425
648 73614 49 4 73663 0 49
58 73660 60 2 73723 3 63
825 73680 73 3 73796 43 116
163 73824 61 4 73885 0 61
545 73809 63 3 73933 61 124
535 74064 34 4 74098 0 34
824 74035 66 4 74135 34 100
461 73968 68 2 74136 100 168
338 74042 69 1 74205 94 163
472 73562 76 3 74228 590 666
854 74298 46 3 74344 0 46
310 74123 76 2 74350 151 227
44 74361 61 3 74422 0 61
514 73829 78 4 74489 582 660
117 73135 79 4 74543 1329 1408
905 74571 59 4 74630 0 59
318 74071 82 4 74684 531 613
694 74729 48 2 74777 0 48
533 74819 45 3 74864 0 45
300 74906 47 3 74953 0 47
546 74813 72 4 74999 114 186
159 74955 72 4 75049 22 94
778 75095 40 4 75135 0 40
6 74841 77 2 75166 248 325
469 74247 83 2 75168 838 921
875 75246 64 4 75310 0 64
999 74621 84 4 75316 611 695
671 75348 49 4 75397 0 49
642 75326 52 4 75427 49 101
731 75475 32 3 75507 0 32
745 75338 68 4 75527 121 189
961 75452 87 3 75614 75 162
709 71661 90 4 75653 3902 3992
957 75677 60 4 75737 0 60
537 75726 82 3 75819 11 93
39 75833 55 3 75888 0 55
89 75824 70 4 75949 55 125
544 76029 35 4 76064 0 35
560 75999 49 4 76083 35 84
585 76022 53 3 76136 61 114
207 75973 56 4 76166 137 193
914 76228 26 3 76254 0 26
564 76189 42 3 76257 26 68
410 75852 75 4 76285 358 433
924 76345 66 3 76411 0 66
184 76364 75 4 76486 47 122
994 76551 51 4 76602 0 51
70 76620 22 3 76642 0 22
114 76533 69 1 76675 73 142
760 76350 78 3 76706 278 356
321 76189 80 3 76726 457 537
83 76710 82 4 76808 16 98
30 76849 39 4 76888 0 39
378 76871 51 3 76939 17 68
337 76939 57 4 76996 0 57
20 75902 82 3 77037 1053 1135
160 77079 42 3 77121 0 42
230 77042 72 4 77156 42 114
483 77202 35 3 77237 0 35
255 77231 60 2 77297 6 66
405 76309 91 2 77337 937 1028
367 77398 75 1 77473 0 75
792 77326 100 2 77512 86 186
853 77564 34 2 77598 0 34
241 77597 45 3 77643 1 46
190 77614 72 4 77715 29 101
213 77529 75 2 77755 151 226
195 77829 39 4 77868 0 39
952 77792 43 3 77874 39 82
829 77775 59 1 77916 82 141
843 77947 62 4 78009 0 62
7 78012 45 4 78057 0 45
178 78039 47 4 78104 18 65
93 78070 47 3 78151 34 81
991 77820 74 1 78191 297 371
448 78086 80 3 78271 105 185
274 78293 47 3 78340 0 47
121 78201 90 4 78408 117 207
411 78547 58 1 78605 0 58
679 78624 43 4 78667 0 43
419 78577 67 3 78715 71 138
482 78731 45 3 78776 0 45
394 78675 70 3 78830 85 155
783 78608 70 2 78900 222 292
586 78484 72 1 78909 353 425
444 78718 73 4 78982 191 264
774 79032 34 3 79066 0 34
130 79000 44 4 79078 34 78
47 79160 26 3 79186 0 26
267 79167 67 2 79253 19 86
969 79275 61 3 79336 0 61
287 79347 59 4 79406 0 59
406 79438 58 4 79496 0 58
566 79320 68 2 79521 133 201
374 79533 44 3 79577 0 44
193 79144 70 2 79597 383 453
289 79261 74 3 79671 336 410
357 79002 76 4 79681 603 679
438 78576 77 4 79740 1087 1164
844 79804 44 4 79848 0 44
606 79902 45 4 79947 0 45
753 79852 53 3 79950 45 98
177 79749 61 4 79952 142 203
915 79966 26 2 79992 0 26
446 79605 90 4 80059 364 454
605 80163 49 4 80212 0 49
319 80169 58 1 80270 43 101
892 80129 59 4 80295 107 166
109 80225 72 2 80367 70 142
661 80365 74 4 80441 2 76
88 80543 54 4 80597 0 54
191 80633 47 3 80680 0 47
413 80577 66 4 80710 67 133
620 80722 61 3 80783 0 61
292 80696 67 4 80838 75 142
222 80888 65 4 80953 0 65
103 80859 69 4 80993 65 134
624 80602 69 3 81041 370 439
770 81041 71 4 81112 0 71
732 81164 54 4 81218 0 54
433 81246 54 3 81300 0 54
757 81275 55 1 81355 25 80
359 81131 61 1 81355 163 224
779 80502 71 2 81366 793 864
271 80459 72 1 81395 864 936
786 81387 75 4 81470 8 83
122 81490 37 4 81527 0 37
456 81585 48 4 81633 0 48
416 81498 65 1 81640 77 142
208 81708 44 4 81752 0 44
701 81727 57 4 81809 25 82
179 81653 58 4 81812 101 159
166 81670 58 2 81870 142 200
697 81688 68 2 81938 182 250
244 81861 69 4 82007 77 146
540 82037 41 1 82078 0 41
998 82016 50 4 82107 41 91
973 82155 57 4 82212 0 57
439 81918 70 4 82225 237 307
225 81562 73 4 82285 650 723
855 81690 73 3 82358 595 668
277 82019 75 2 82433 339 414
153 82439 59 4 82498 0 59
737 82507 26 4 82533 0 26
203 82598 50 4 82648 0 50
80 82616 54 3 82702 32 86
336 82526 77 4 82714 111 188
385 82759 48 3 82807 0 48
577 82867 54 3 82921 0 54
816 82791 64 4 82925 70 134
887 82990 49 4 83039 0 49
590 83018 49 2 83088 21 70
170 83097 43 3 83140 0 43
597 82896 77 3 83155 182 259
882 82996 77 3 83220 147 224
358 80775 81 3 83221 2365 2446
454 80813 82 2 83303 2408 2490
520 80342 83 3 83368 2943 3026
959 83447 28 1 83475 0 28
55 83433 52 2 83513 28 80
771 83566 59 4 83625 0 59
793 83491 79 2 83651 81 160
871 80864 84 3 83670 2722 2806
174 80890 85 4 83755 2780 2865
772 78939 90 2 83775 4746 4836
186 83820 78 2 83898 0 78
188 83357 96 3 83949 496 592
32 83966 82 3 84048 0 82
946 84083 62 4 84145 0 62
538 84067 68 2 84197 62 130
107 84238 62 2 84300 0 62
252 84220 77 4 84359 62 139
84 80034 100 1 84400 4266 4366
708 84406 70 4 84476 0 70
559 84565 22 4 84587 0 22
340 84633 40 4 84673 0 40
618 84648 46 4 84719 25 71
268 84732 52 4 84784 0 52
278 84822 63 4 84885 0 63
798 84949 69 2 85018 0 69
315 84841 73 3 85027 113 186
68 84629 84 2 85056 343 427
462 85122 55 4 85177 0 55
502 85108 59 3 85222 55 114
775 85324 38 2 85362 0 38
554 85292 51 2 85381 38 89
693 85275 66 2 85430 89 155
181 85441 26 1 85467 0 26
333 85444 60 1 85527 23 83
881 85456 69 4 85596 71 140
644 85183 73 4 85605 349 422
151 85670 45 2 85715 0 45
845 85737 50 2 85787 0 50
555 85790 20 3 85810 0 20
860 85711 66 2 85851 74 140
216 85228 75 2 85861 558 633
547 85971 47 4 86018 0 47
594 85930 68 4 86045 47 115
589 85962 75 4 86120 83 158
180 86122 56 3 86178 0 56
539 86140 66 4 86244 38 104
575 86228 69 1 86313 16 85
389 85707 76 4 86318 535 611
802 86380 39 3 86419 0 39
183 85306 77 4 86434 1051 1128
156 85850 78 3 86512 584 662
496 86530 32 4 86562 0 32
382 86682 39 4 86721 0 39
474 86701 54 4 86775 20 74
600 86623 75 3 86791 93 168
1000 86816 58 2 86874 0 58
314 86922 52 4 86974 0 52
343 86896 63 4 87011 52 115
879 87038 52 1 87090 0 52
678 87102 63 1 87165 0 63
664 86486 84 3 87168 598 682
869 85672 84 3 87168 1412 1496
513 87252 66 3 87318 0 66
751 85191 93 3 87327 2043 2136
161 86771 100 4 87427 556 656
316 87538 50 4 87588 0 50
463 87587 56 3 87644 1 57
542 87696 40 3 87736 0 40
971 87715 72 4 87808 21 93
982 87610 76 3 87832 146 222
141 87758 81 4 87913 74 155
69 87952 52 4 88004 0 52
657 88044 52 4 88096 0 52
958 88112 32 4 88144 0 32
863 87958 70 4 88158 130 200
781 88179 49 1 88228 0 49
63 88150 71 4 88278 57 128
669 88296 51 3 88347 0 51
556 88325 59 4 88406 22 81
251 88435 41 2 88476 0 41
400 88281 64 4 88496 151 215
612 88334 65 1 88561 162 227
950 88593 37 2 88630 0 37
115 88118 72 2 88667 477 549
152 88282 87 4 88754 385 472
865 88760 38 4 88798 0 38
202 88151 91 4 88883 641 732
229 89052 68 1 89120 0 68
104 89137 47 2 89184 0 47
518 89174 55 3 89239 10 65
940 89182 66 4 89305 57 123
754 89368 46 2 89414 0 46
294 89363 48 4 89457 46 94
498 89430 66 4 89523 27 93
512 89557 56 4 89613 0 56
231 89538 59 3 89653 56 115
256 89712 37 3 89749 0 37
534 89630 63 3 89753 60 123
695 89793 54 2 89847 0 54
234 89946 37 1 89983 0 37
847 89930 52 4 90019 37 89
105 89885 63 4 90076 128 191
718 89909 63 4 90100 128 191
813 90102 40 3 90142 0 40
659 90030 68 4 90208 110 178
651 89631 69 4 90268 568 637
124 90328 47 2 90375 0 47
8 89720 69 4 90376 587 656
903 89987 69 4 90384 328 397
143 90440 65 2 90505 0 65
596 89845 69 2 90518 604 673
436 90523 66 1 90589 0 66
993 90622 64 4 90686 0 64
293 90704 50 2 90754 0 50
263 90748 66 4 90820 6 72
129 90658 68 4 90870 144 212
40 90590 70 2 90908 248 318
883 90640 74 4 90982 268 342
890 91028 30 4 91058 0 30
848 91077 46 4 91123 0 46
345 91135 40 2 91175 0 40
716 91192 37 4 91229 0 37
741 91270 48 1 91318 0 48
101 91307 49 4 91367 11 60
221 91392 56 3 91448 0 56
298 91480 50 2 91530 0 50
934 91336 64 2 91537 137 201
22 91247 65 4 91579 267 332
933 91103 66 1 91598 429 495
5 90277 76 3 91603 1250 1326
327 91628 37 1 91665 0 37
209 91628 52 4 91717 37 89
823 91673 53 3 91770 44 97
964 91766 54 4 91824 4 58
201 91638 67 2 91891 186 253
19 91944 59 3 92003 0 59
33 91700 68 2 92018 250 318
758 92054 57 4 92111 0 57
522 92174 40 4 92214 0 40
81 92050 67 4 92214 97 164
100 92218 52 4 92270 0 52
486 92216 67 3 92335 52 119
536 92117 70 3 92403 216 286
476 91862 71 1 92442 509 580
492 92382 72 3 92514 60 132
412 92146 73 2 92587 368 441
67 89783 77 3 92639 2779 2856
690 92081 77 1 92716 558 635
721 92745 42 1 92787 0 42
603 92481 81 4 92839 277 358
468 89495 81 3 92972 3396 3477
723 89592 81 3 92986 3313 3394
12 92995 33 4 93028 0 33
927 91018 82 3 93101 2001 2083
490 93173 59 3 93232 0 59
734 91105 84 3 93244 2055 2139
132 92466 87 3 93331 778 865
885 93350 57 4 93407 0 57
331 93371 78 3 93485 36 114
828 93509 60 3 93569 0 60
187 93611 31 4 93642 0 31
354 93615 42 3 93684 27 69
631 93646 46 3 93730 38 84
926 93622 53 4 93783 108 161
550 93569 63 1 93804 172 235
66 93824 52 4 93876 0 52
236 93959 20 4 93979 0 20
279 93923 71 3 94014 20 91
450 93774 72 4 94019 173 245
467 94082 58 3 94140 0 58
62 94037 72 2 94167 58 130
220 94234 48 3 94282 0 48
744 94137 74 1 94289 78 152
800 94357 69 3 94426 0 69
726 94434 45 3 94479 0 45
974 94460 65 2 94544 19 84
573 94578 47 4 94625 0 47
442 94399 74 4 94657 184 258
437 94673 60 2 94733 0 60
247 94767 50 2 94817 0 50
593 94665 63 4 94838 110 173
381 94734 71 2 94909 104 175
565 94195 80 4 94913 638 718
768 94951 63 1 95014 0 63
14 95094 43 4 95137 0 43
85 95128 48 3 95185 9 57
466 95189 38 4 95227 0 38
989 95080 59 3 95268 129 188
237 95146 60 3 95347 141 201
34 95309 60 3 95388 19 79
226 94997 66 3 95388 325 391
464 94428 83 4 95433 922 1005
776 95490 53 4 95543 0 53
509 94945 84 4 95570 541 625
635 95604 43 4 95647 0 43
976 95585 59 3 95687 43 102
73 95599 66 2 95753 88 154
548 95743 69 1 95822 10 79
700 91404 87 2 95833 4342 4429
833 95922 52 3 95974 0 52
805 96044 56 2 96100 0 56
112 95987 58 4 96101 56 114
628 95911 76 3 96153 166 242
94 95091 90 4 96165 984 1074
912 96168 45 4 96213 0 45
238 96224 42 4 96266 0 42
527 96198 88 1 96343 57 145
662 96361 64 4 96425 0 64
977 93942 96 2 96595 2557 2653
401 90317 96 2 96596 6183 6279
465 96676 43 1 96719 0 43
857 96734 51 4 96785 0 51
295 96748 58 2 96843 37 95
266 96847 55 3 96902 0 55
4 96670 60 4 96937 207 267
13 96949 49 4 96998 0 49
561 96867 64 3 97050 119 183
49 97074 49 4 97123 0 49
408 96826 65 3 97164 273 338
877 97168 42 3 97210 0 42
729 97167 50 4 97259 42 92
264 97207 53 1 97312 52 105
75 97256 64 4 97376 56 120
460 97393 56 4 97449 0 56
429 97382 60 3 97498 56 116
617 97513 62 2 97575 0 62
297 96710 65 2 97616 841 906
928 97635 47 4 97682 0 47
832 97679 50 4 97732 3 53
269 97797 36 4 97833 0 36
51 97791 43 1 97870 36 79
660 97700 60 2 97871 111 171
649 97988 33 3 98021 0 33
821 97958 54 4 98045 33 87
301 97912 55 3 98054 87 142
602 98072 57 4 98129 0 57
568 97876 66 3 98141 199 265
621 98185 54 4 98239 0 54
756 98243 33 3 98276 0 33
330 98321 40 4 98361 0 40
142 98364 52 1 98416 0 52
140 98413 55 2 98471 3 58
894 97174 67 3 98471 1230 1297
125 97631 67 3 98485 787 854
856 97477 67 1 98552 1008 1075
79 98557 50 3 98607 0 50
645 98625 28 2 98653 0 28
794 97760 68 2 98698 870 938
148 98728 59 3 98787 0 59
591 98785 65 2 98852 2 67
86 98896 59 4 98955 0 59
622 98995 52 4 99047 0 52
806 99158 42 2 99200 0 42
641 99120 55 1 99217 42 97
198 99152 62 3 99279 65 127
313 99068 62 2 99289 159 221
767 98964 64 3 99301 273 337
990 99326 47 4 99373 0 47
654 99397 57 3 99454 0 57
52 99036 65 4 99470 369 434
128 99557 38 2 99595 0 38
574 99528 40 4 99606 38 78
96 99629 41 4 99670 0 41
282 99570 48 4 99695 77 125
56 99681 48 2 99743 14 62
10 99503 54 4 99772 215 269
431 99603 55 3 99827 169 224
599 99874 41 3 99915 0 41
728 99854 42 1 99937 41 83
365 99944 51 4 99995 0 51
936 99879 57 2 100045 109 166
398 98963 65 2 100063 1035 1100
995 99844 65 2 100114 205 270
820 97628 69 4 100170 2473 2542
967 97619 69 4 100170 2482 2551
185 97343 69 3 100239 2827 2896
388 96639 71 4 100279 3569 3640
861 98929 71 3 100350 1350 1421
108 97819 73 2 100496 2604 2677
562 98633 73 2 100496 1790 1863
650 97930 74 4 100644 2640 2714
769 98276 74 4 100644 2294 2368
944 98446 76 4 100720 2198 2274
168 97006 77 3 100797 3714 3791
897 97000 78 2 100875 3797 3875
895 99454 81 3 100956 1421 1502
736 97398 85 1 101041 3558 3643
302 98909 86 1 101127 2132 2218
182 97452 87 3 101214 3675 3762
687 99740 91 3 101305 1474 1565
896 97691 92 4 101397 3614 3706
637 90465 100 3 101511 10946 11046
841 97613 100 3 101554 3841 3941
886 96628 100 2 101654 4926 5026
