102452 1000 404 344
680 1926 76 3 2002 0 76
228 1979 68 4 2070 23 91
901 5269 37 4 5306 0 37
690 5902 55 3 5957 0 55
725 6737 61 3 6798 0 61
70 6915 44 4 6959 0 44
764 7275 69 4 7344 0 69
973 7779 69 4 7848 0 69
758 7958 58 3 8016 0 58
621 9232 51 4 9283 0 51
635 9592 50 4 9642 0 50
111 10198 46 3 10244 0 46
711 10649 66 3 10715 0 66
196 11018 44 4 11062 0 44
400 11090 44 3 11134 0 44
232 12504 57 2 12561 0 57
433 12950 73 1 13023 0 73
798 13079 53 4 13132 0 53
265 13383 44 1 13427 0 44
52 13710 48 4 13758 0 48
235 13843 68 4 13911 0 68
273 13862 76 2 13987 49 125
964 14924 77 2 15001 0 77
131 15680 60 2 15740 0 60
778 15680 64 4 15804 60 124
386 15835 67 4 15902 0 67
692 15915 67 4 15982 0 67
473 16228 67 4 16295 0 67
43 17040 76 4 17116 0 76
137 17175 32 4 17207 0 32
754 17413 74 4 17487 0 74
837 17462 20 3 17507 25 45
77 17569 77 4 17646 0 77
191 18272 54 3 18326 0 54
455 19523 46 2 19569 0 46
923 19678 53 3 19731 0 53
105 19707 53 2 19784 24 77
65 19909 53 2 19962 0 53
613 20062 58 4 20120 0 58
419 20105 84 1 20204 15 99
551 20371 78 4 20449 0 78
938 20710 34 2 20744 0 34
29 20994 36 3 21030 0 36
730 21278 78 3 21356 0 78
153 21428 78 3 21506 0 78
800 21662 47 3 21709 0 47
28 21789 57 4 21846 0 57
623 22052 59 4 22111 0 59
171 22283 87 4 22370 0 87
251 22664 43 3 22707 0 43
939 22699 48 4 22755 8 56
505 23749 78 2 23827 0 78
647 23879 56 3 23935 0 56
408 24106 79 2 24185 0 79
60 24161 66 3 24251 24 90
610 24467 48 3 24515 0 48
746 24518 56 4 24574 0 56
382 24772 68 4 24840 0 68
593 25180 59 1 25239 0 59
656 25320 54 2 25374 0 54
113 25327 62 3 25436 47 109
895 25609 42 1 25651 0 42
641 25880 42 2 25922 0 42
858 26096 76 2 26172 0 76
359 26217 68 4 26285 0 68
701 26364 49 4 26413 0 49
876 26418 73 1 26491 0 73
507 26445 77 2 26568 46 123
453 26529 66 4 26634 39 105
566 26607 56 3 26690 27 83
276 26660 61 3 26751 30 91
575 26742 29 1 26780 9 38
106 26736 43 3 26823 44 87
767 26710 46 3 26869 113 159
809 27038 55 2 27093 0 55
263 27067 83 3 27176 26 109
696 27250 21 3 27271 0 21
991 27272 37 3 27309 0 37
497 27658 57 4 27715 0 57
801 27904 59 4 27963 0 59
250 28105 71 3 28176 0 71
90 28163 40 4 28216 13 53
900 28272 80 4 28352 0 80
422 28461 61 4 28522 0 61
521 28666 56 4 28722 0 56
865 28850 62 3 28912 0 62
995 28905 44 3 28956 7 51
186 29138 27 2 29165 0 27
892 29163 86 3 29251 2 88
302 29562 51 4 29613 0 51
61 29581 30 2 29643 32 62
552 29742 64 3 29806 0 64
917 29745 41 2 29847 61 102
468 30044 71 3 30115 0 71
397 30052 38 4 30153 63 101
569 30874 53 4 30927 0 53
980 30975 75 4 31050 0 75
955 31331 62 1 31393 0 62
896 31356 55 3 31448 37 92
142 31432 59 4 31507 16 75
642 31441 71 1 31578 66 137
254 31529 42 3 31620 49 91
39 31595 40 4 31660 25 65
354 31621 58 4 31718 39 97
877 31451 73 4 31791 267 340
524 31626 74 2 31865 165 239
377 31958 54 4 32012 0 54
130 31990 86 4 32098 22 108
601 32052 43 3 32141 46 89
617 32099 81 3 32222 42 123
14 32479 39 3 32518 0 39
366 32493 52 4 32570 25 77
156 33182 46 3 33228 0 46
125 33211 72 3 33300 17 89
727 33372 44 4 33416 0 44
649 33547 80 4 33627 0 80
487 33707 46 4 33753 0 46
500 33818 51 1 33869 0 51
927 33922 44 4 33966 0 44
135 33989 65 2 34054 0 65
284 34020 38 4 34092 34 72
659 34358 29 3 34387 0 29
220 34758 49 1 34807 0 49
526 34796 54 3 34861 11 65
605 34879 46 4 34925 0 46
322 35318 50 2 35368 0 50
545 35339 73 2 35441 29 102
914 35543 64 3 35607 0 64
327 35661 69 4 35730 0 69
582 36062 52 3 36114 0 52
695 36245 66 2 36311 0 66
425 36296 63 4 36374 15 78
345 36356 49 3 36423 18 67
159 36320 68 4 36491 103 171
482 36689 48 3 36737 0 48
960 36879 47 4 36926 0 47
17 36956 78 4 37034 0 78
165 36959 90 2 37124 75 165
82 37075 67 4 37191 49 116
744 37388 31 2 37419 0 31
488 37662 74 3 37736 0 74
839 37853 63 3 37916 0 63
260 38014 75 4 38089 0 75
92 38194 52 3 38246 0 52
645 38308 55 3 38363 0 55
226 38395 60 2 38455 0 60
203 38480 52 4 38532 0 52
871 38506 65 3 38597 26 91
262 38651 53 4 38704 0 53
42 38810 22 3 38832 0 22
33 38876 44 2 38920 0 44
193 39038 92 4 39130 0 92
62 39047 24 2 39154 83 107
291 39072 32 2 39186 82 114
83 39060 54 3 39240 126 180
704 39238 20 3 39260 2 22
993 39138 64 2 39324 122 186
940 39171 72 3 39396 153 225
810 39514 70 4 39584 0 70
976 39529 48 3 39632 55 103
988 39534 53 2 39685 98 151
672 39876 51 3 39927 0 51
457 39952 57 4 40009 0 57
706 39969 76 4 40085 40 116
870 40008 77 4 40162 77 154
238 40148 68 2 40230 14 82
403 40204 41 4 40271 26 67
51 39984 79 4 40350 287 366
242 40340 61 1 40411 10 71
674 40399 44 4 40455 12 56
56 40404 51 3 40506 51 102
393 40520 64 4 40584 0 64
344 40531 70 4 40654 53 123
301 40692 59 4 40751 0 59
855 40892 56 1 40948 0 56
554 40970 60 3 41030 0 60
811 41084 64 3 41148 0 64
328 41312 67 3 41379 0 67
924 41320 63 2 41442 59 122
261 41494 45 4 41539 0 45
274 41525 38 4 41577 14 52
959 41527 80 4 41657 50 130
406 41664 65 4 41729 0 65
483 41928 66 2 41994 0 66
9 42043 34 2 42077 0 34
576 42113 54 3 42167 0 54
496 42144 50 4 42217 23 73
495 42209 64 4 42281 8 72
115 42244 45 3 42326 37 82
905 42214 65 4 42391 112 177
721 42143 66 1 42457 248 314
36 42301 68 2 42525 156 224
175 42420 76 4 42601 105 181
210 42564 57 1 42658 37 94
780 42869 57 2 42926 0 57
49 42990 72 4 43062 0 72
689 43129 62 1 43191 0 62
618 43131 48 4 43239 60 108
96 43611 40 3 43651 0 40
875 43762 41 3 43803 0 41
141 43770 76 3 43879 33 109
854 43986 61 4 44047 0 61
715 44033 67 3 44114 14 81
47 44007 68 4 44182 107 175
451 44157 86 1 44268 25 111
707 44613 89 4 44702 0 89
117 44676 50 3 44752 26 76
563 44734 55 3 44807 18 73
243 44732 73 2 44880 75 148
247 45007 88 4 45095 0 88
944 45254 60 1 45314 0 60
558 45273 57 3 45371 41 98
84 45486 82 1 45568 0 82
281 45562 50 3 45618 6 56
977 45770 20 4 45790 0 20
225 45891 41 3 45932 0 41
486 46052 80 4 46132 0 80
522 46094 76 1 46208 38 114
127 46147 35 2 46243 61 96
353 46224 44 3 46287 19 63
26 46284 54 2 46341 3 57
80 46377 70 1 46447 0 70
107 46507 49 3 46556 0 49
584 46516 69 2 46625 40 109
494 46572 92 2 46717 53 145
615 46682 36 4 46753 35 71
687 46814 73 4 46887 0 73
154 46816 43 4 46930 71 114
307 46835 68 2 46998 95 163
50 46930 80 4 47078 68 148
660 47144 60 4 47204 0 60
155 47184 50 4 47254 20 70
662 47278 66 3 47344 0 66
216 47360 46 2 47406 0 46
874 47428 61 3 47489 0 61
326 47521 61 4 47582 0 61
267 47572 59 3 47641 10 69
128 47627 35 4 47676 14 49
32 47618 42 4 47718 58 100
781 47710 52 2 47770 8 60
308 47685 76 1 47846 85 161
376 47829 71 2 47917 17 88
836 47886 81 3 47998 31 112
38 48129 79 3 48208 0 79
72 48191 64 1 48272 17 81
799 48235 54 3 48326 37 91
915 48309 24 2 48350 17 41
990 48416 62 1 48478 0 62
364 48518 79 1 48597 0 79
439 48578 22 4 48619 19 41
454 48625 22 2 48647 0 22
399 48666 75 4 48741 0 75
410 48765 54 3 48819 0 54
678 48777 80 1 48899 42 122
143 48938 69 3 49007 0 69
844 49043 84 2 49127 0 84
857 49293 67 4 49360 0 67
595 49294 45 3 49405 66 111
529 49329 56 2 49461 76 132
842 49361 57 3 49518 100 157
217 49543 57 1 49600 0 57
591 49570 28 3 49628 30 58
341 49607 60 3 49688 21 81
481 49653 45 2 49733 35 80
300 49632 51 3 49784 101 152
151 49736 47 3 49831 48 95
979 49578 67 4 49898 253 320
503 49713 72 2 49970 185 257
198 49908 37 4 50007 62 99
460 49951 54 4 50061 56 110
969 50049 50 4 50111 12 62
173 49972 59 4 50170 139 198
783 49910 59 1 50229 260 319
129 50195 65 3 50294 34 99
518 50136 78 1 50372 158 236
740 49797 85 4 50457 575 660
78 50428 81 4 50538 29 110
540 50566 63 4 50629 0 63
912 50601 49 3 50678 28 77
679 50653 63 4 50741 25 88
87 50723 55 4 50796 18 73
965 50648 68 2 50864 148 216
869 50850 49 4 50913 14 63
194 51288 69 2 51357 0 69
966 51304 56 4 51413 53 109
609 51370 52 1 51465 43 95
533 51512 85 3 51597 0 85
673 51733 49 2 51782 0 49
516 51948 69 4 52017 0 69
116 52141 55 4 52196 0 55
437 52360 52 1 52412 0 52
13 52457 50 3 52507 0 50
168 52582 62 4 52644 0 62
333 52657 63 4 52720 0 63
537 52949 72 4 53021 0 72
676 53141 75 3 53216 0 75
499 53170 47 2 53263 46 93
140 53364 53 2 53417 0 53
212 53387 25 2 53442 30 55
120 53397 50 4 53492 45 95
75 53424 55 4 53547 68 123
447 53578 78 2 53656 0 78
362 53681 58 3 53739 0 58
862 53709 55 3 53794 30 85
688 53800 47 3 53847 0 47
747 53875 73 3 53948 0 73
380 53920 54 4 54002 28 82
179 53907 86 2 54088 95 181
10 54156 78 2 54234 0 78
269 54182 58 2 54292 52 110
63 54538 51 1 54589 0 51
720 54706 81 3 54787 0 81
873 54708 63 3 54850 79 142
735 55538 70 3 55608 0 70
40 55610 71 1 55681 0 71
21 55786 84 2 55870 0 84
229 55815 82 1 55952 55 137
97 55895 42 4 55994 57 99
585 55934 84 4 56078 60 144
224 56017 46 3 56124 61 107
731 56079 51 4 56175 45 96
436 56082 61 3 56236 93 154
430 56119 65 2 56301 117 182
772 56247 40 4 56341 54 94
237 56254 52 4 56393 87 139
88 56362 50 4 56443 31 81
122 56375 61 4 56504 68 129
686 56004 68 4 56572 500 568
769 56546 43 3 56615 26 69
671 56578 45 2 56660 37 82
356 56573 56 4 56716 87 143
336 56700 42 3 56758 16 58
607 56670 52 1 56810 88 140
753 56548 58 2 56868 262 320
763 56847 55 4 56923 21 76
710 56384 73 1 56996 539 612
472 56992 39 4 57035 4 43
280 56971 43 3 57078 64 107
863 56971 55 3 57133 107 162
420 57018 61 4 57194 115 176
319 57171 65 4 57259 23 88
562 56320 74 4 57333 939 1013
713 56932 77 3 57410 401 478
264 56170 86 1 57496 1240 1326
16 57456 45 1 57541 40 85
643 56313 89 3 57630 1228 1317
779 57547 47 4 57677 83 130
279 57637 76 2 57753 40 116
434 57643 82 1 57835 110 192
577 57891 68 4 57959 0 68
4 58136 59 4 58195 0 59
176 58376 73 2 58449 0 73
99 58382 51 3 58500 67 118
600 58671 65 3 58736 0 65
835 58677 54 4 58790 59 113
886 58831 67 4 58898 0 67
548 58993 64 3 59057 0 64
19 59006 80 4 59137 51 131
299 59187 82 3 59269 0 82
162 59209 42 4 59311 60 102
581 59205 50 3 59361 106 156
215 59300 51 3 59412 61 112
218 59409 56 3 59468 3 59
930 59416 33 4 59501 52 85
717 59448 35 1 59536 53 88
396 59475 55 3 59591 61 116
646 59600 61 3 59661 0 61
681 59689 54 2 59743 0 54
211 59809 37 2 59846 0 37
890 59814 58 4 59904 32 90
208 60133 49 4 60182 0 49
588 60186 71 2 60257 0 71
321 60253 89 2 60346 4 93
373 60275 38 4 60384 71 109
736 60641 79 3 60720 0 79
119 60766 70 4 60836 0 70
637 60831 51 4 60887 5 56
812 60835 71 4 60958 52 123
527 60970 49 4 61019 0 49
435 61023 81 3 61104 0 81
289 61204 100 3 61304 0 100
831 61285 58 4 61362 19 77
317 61246 77 4 61439 116 193
723 61394 46 3 61485 45 91
742 61367 48 2 61533 118 166
962 61517 23 3 61556 16 39
174 61531 50 3 61606 25 75
245 61573 24 2 61630 33 57
402 61612 48 4 61678 18 66
999 61625 50 4 61728 53 103
295 61508 54 3 61782 220 274
363 61752 53 2 61835 30 83
23 61785 41 4 61876 50 91
270 61849 48 3 61924 27 75
682 61909 50 3 61974 15 65
315 61727 59 3 62033 247 306
794 61849 62 3 62095 184 246
340 61800 75 3 62170 295 370
133 62183 68 2 62251 0 68
318 62638 89 2 62727 0 89
183 62691 57 2 62784 36 93
846 62766 47 1 62831 18 65
911 62803 44 4 62875 28 72
777 62907 43 3 62950 0 43
952 62987 37 4 63024 0 37
560 63072 66 3 63138 0 66
622 63166 66 2 63232 0 66
423 63233 79 3 63312 0 79
305 63449 23 1 63472 0 23
387 63488 59 4 63547 0 59
463 63661 51 4 63712 0 51
170 63725 63 3 63788 0 63
180 63750 41 2 63829 38 79
852 63765 73 1 63902 64 137
565 63845 38 3 63940 57 95
45 63904 38 4 63978 36 74
161 63927 51 4 64029 51 102
789 63980 55 1 64084 49 104
383 63935 67 4 64151 149 216
816 64091 89 3 64240 60 149
456 64230 54 1 64294 10 64
975 64185 61 4 64355 109 170
520 64345 64 4 64419 10 74
391 64435 68 3 64503 0 68
332 64486 50 2 64553 17 67
891 64543 89 3 64642 10 99
160 64560 61 3 64703 82 143
59 64710 36 3 64746 0 36
471 64767 34 3 64801 0 34
150 64801 70 4 64871 0 70
724 64838 93 4 64964 33 126
169 64953 53 4 65017 11 64
513 64971 51 4 65068 46 97
244 64873 56 4 65124 195 251
118 65116 52 1 65176 8 60
5 65044 65 4 65241 132 197
907 65188 70 4 65311 53 123
1 65270 60 1 65371 41 101
389 65202 71 3 65442 169 240
166 65021 86 1 65528 421 507
658 65585 77 2 65662 0 77
650 65656 65 4 65727 6 71
477 65656 85 4 65812 71 156
438 65822 42 3 65864 0 42
759 65822 74 2 65938 42 116
523 65882 56 3 65994 56 112
432 65961 65 3 66059 33 98
7 66053 50 2 66109 6 56
668 65997 62 2 66171 112 174
450 66139 66 2 66237 32 98
190 66087 69 4 66306 150 219
297 66287 48 3 66354 19 67
296 65836 80 3 66434 518 598
27 66397 37 4 66471 37 74
240 66447 65 4 66536 24 89
898 66494 35 4 66571 42 77
214 66508 38 2 66609 63 101
470 66482 67 3 66676 127 194
774 66631 54 4 66730 45 99
492 66724 40 1 66770 6 46
559 66751 62 2 66832 19 81
292 66392 68 1 66900 440 508
294 66862 51 4 66951 38 89
949 66933 38 3 66989 18 56
407 66870 68 1 67057 119 187
782 66464 70 2 67127 593 663
592 67060 28 4 67155 67 95
272 67089 49 4 67204 66 115
53 66908 72 2 67276 296 368
770 66738 80 1 67356 538 618
648 66582 83 4 67439 774 857
223 67434 40 4 67479 5 45
266 67471 46 4 67525 8 54
693 67413 59 3 67584 112 171
268 67429 59 2 67643 155 214
329 67620 68 4 67711 23 91
108 67676 67 4 67778 35 102
378 67395 68 3 67846 383 451
708 67797 20 4 67866 49 69
974 67744 73 2 67939 122 195
298 67927 65 3 68004 12 77
684 68001 27 3 68031 3 30
255 67970 54 1 68085 61 115
485 67949 80 3 68165 136 216
338 68159 75 1 68240 6 81
963 67051 91 4 68331 1189 1280
913 68326 48 4 68379 5 53
258 68342 61 4 68440 37 98
144 68432 28 4 68468 8 36
542 68441 32 4 68500 27 59
743 68340 62 2 68562 160 222
462 68249 69 4 68631 313 382
67 68586 55 3 68686 45 100
795 68652 51 4 68737 34 85
549 68660 62 1 68799 77 139
360 68749 67 3 68866 50 117
11 68840 38 4 68904 26 64
314 68547 69 4 68973 357 426
136 68927 50 3 69023 46 96
163 68564 79 4 69102 459 538
256 69008 90 4 69192 94 184
619 66988 96 3 69288 2204 2300
750 69207 38 3 69326 81 119
950 69225 54 3 69380 101 155
401 69355 58 3 69438 25 83
195 69384 68 4 69506 54 122
698 69498 53 4 69559 8 61
572 69307 72 4 69631 252 324
517 69614 64 4 69695 17 81
578 69655 64 4 69759 40 104
89 69575 71 4 69830 184 255
556 69764 24 4 69854 66 90
664 69824 66 4 69920 30 96
657 69983 81 3 70064 0 81
68 70083 43 2 70126 0 43
953 70135 81 4 70216 0 81
729 70206 53 2 70269 10 63
236 70211 66 4 70335 58 124
304 70380 71 3 70451 0 71
346 70396 52 3 70503 55 107
697 70501 54 1 70557 2 56
57 70628 41 3 70669 0 41
100 70790 75 4 70865 0 75
640 70841 81 4 70946 24 105
925 71050 20 4 71070 0 20
784 71057 55 3 71125 13 68
984 71102 65 1 71190 23 88
830 71168 28 1 71218 22 50
570 71175 56 2 71274 43 99
755 71227 55 3 71329 47 102
739 71211 98 1 71427 118 216
185 71374 45 3 71472 53 98
405 71430 31 3 71503 42 73
259 71387 54 2 71557 116 170
718 71535 53 4 71610 22 75
249 71408 56 3 71666 202 258
918 71798 63 3 71861 0 63
323 71867 50 2 71917 0 50
413 72070 69 3 72139 0 69
102 72155 75 4 72230 0 75
574 72263 84 4 72347 0 84
54 72511 48 2 72559 0 48
882 72516 56 3 72615 43 99
806 72608 60 3 72675 7 67
530 72589 61 3 72736 86 147
379 72701 37 4 72773 35 72
931 72727 39 1 72812 46 85
967 72745 42 3 72854 67 109
465 72645 71 2 72925 209 280
18 72568 76 4 73001 357 433
467 72959 52 3 73053 42 94
893 72632 81 4 73134 421 502
123 73096 80 4 73214 38 118
971 73132 80 2 73294 82 162
316 72926 87 3 73381 368 455
22 73330 55 1 73436 51 106
936 73404 24 3 73460 32 56
421 73441 66 4 73526 19 85
714 73488 42 3 73568 38 80
627 72931 100 2 73668 637 737
983 73612 61 4 73729 56 117
776 73713 79 4 73808 16 95
675 73834 56 4 73890 0 56
860 73966 83 3 74049 0 83
978 74104 58 4 74162 0 58
902 74212 31 2 74243 0 31
461 74402 24 3 74426 0 24
275 74448 64 2 74512 0 64
834 74564 61 4 74625 0 61
384 74669 43 2 74712 0 43
246 74718 69 2 74787 0 69
787 74763 46 4 74833 24 70
282 74774 54 1 74887 59 113
535 74765 88 4 74975 122 210
417 74935 32 1 75007 40 72
757 75053 86 2 75139 0 86
428 75057 49 3 75188 82 131
101 75142 53 1 75241 46 99
773 75059 61 3 75302 182 243
590 75322 45 4 75367 0 45
881 75345 33 3 75400 22 55
849 75371 57 2 75457 29 86
954 75422 48 4 75505 35 83
152 75360 71 1 75576 145 216
288 75566 59 4 75635 10 69
583 75597 48 4 75683 38 86
998 75375 75 3 75758 308 383
928 75991 31 4 76022 0 31
670 76040 61 3 76101 0 61
349 76192 21 4 76213 0 21
951 76362 38 3 76400 0 38
312 76376 70 3 76470 24 94
616 76423 50 4 76520 47 97
666 76514 73 4 76593 6 79
634 76595 57 4 76652 0 57
761 76624 53 1 76705 28 81
916 76694 37 4 76742 11 48
239 77100 68 1 77168 0 68
958 77157 39 4 77207 11 50
638 77118 90 3 77297 89 179
178 77307 66 4 77373 0 66
655 77468 57 4 77525 0 57
24 77665 65 3 77730 0 65
732 77784 46 3 77830 0 46
337 77796 47 3 77877 34 81
838 77881 46 1 77927 0 46
286 77888 45 4 77972 39 84
66 77953 56 2 78028 19 75
367 78018 72 4 78100 10 82
989 78112 68 4 78180 0 68
733 78168 67 2 78247 12 79
415 78180 80 3 78327 67 147
594 78270 43 4 78370 57 100
519 78360 47 3 78417 10 57
906 78462 58 4 78520 0 58
94 78465 21 2 78541 55 76
202 78584 61 4 78645 0 61
121 78797 61 4 78858 0 61
919 78898 60 4 78958 0 60
628 78925 62 1 79020 33 95
861 79033 69 4 79102 0 69
908 79112 74 3 79186 0 74
614 79114 43 4 79229 72 115
498 79184 53 4 79282 45 98
825 79272 39 3 79321 10 49
58 79140 62 2 79383 181 243
234 79146 68 4 79451 237 305
475 79199 68 3 79519 252 320
248 79503 51 3 79570 16 67
943 79504 53 4 79623 66 119
85 79531 61 1 79684 92 153
796 79481 65 4 79749 203 268
69 79740 48 3 79797 9 57
484 79731 62 2 79859 66 128
35 79855 28 3 79887 4 32
459 79865 44 2 79931 22 66
992 79798 48 4 79979 133 181
12 79975 41 4 80020 4 45
205 79924 50 2 80070 96 146
948 80038 49 2 80119 32 81
826 80107 48 4 80167 12 60
167 80042 62 3 80229 125 187
81 79760 64 3 80293 469 533
474 80274 45 2 80338 19 64
369 80311 62 4 80400 27 89
320 80385 57 3 80457 15 72
98 80147 72 3 80529 310 382
339 80470 51 3 80580 59 110
285 79274 72 1 80652 1306 1378
365 79550 73 4 80725 1102 1175
109 79802 77 4 80802 923 1000
868 80787 32 3 80834 15 47
909 80834 32 4 80866 0 32
222 80853 62 2 80928 13 75
792 80816 68 2 80996 112 180
728 79567 79 3 81075 1429 1508
785 81034 74 4 81149 41 115
441 81015 75 3 81224 134 209
888 81205 43 3 81267 19 62
132 81198 67 4 81334 69 136
509 81197 70 1 81404 137 207
994 81392 38 3 81442 12 50
184 81364 44 4 81486 78 122
814 81401 57 3 81543 85 142
204 81474 58 3 81601 69 127
840 81593 51 2 81652 8 59
921 81648 20 3 81672 4 24
538 81552 60 4 81732 120 180
859 81599 61 4 81793 133 194
887 81784 44 3 81837 9 53
91 81819 45 4 81882 18 63
531 81787 46 3 81928 95 141
444 81586 62 4 81990 342 404
181 81957 53 3 82043 33 86
525 82025 56 3 82099 18 74
824 82095 33 4 82132 4 37
324 82069 61 4 82193 63 124
479 82140 55 3 82248 53 108
598 81352 64 3 82312 896 960
207 81961 64 2 82376 351 415
31 82300 69 3 82445 76 145
448 82437 38 3 82483 8 46
941 82401 67 3 82550 82 149
34 82504 59 4 82609 46 105
541 82558 45 4 82654 51 96
567 82557 66 2 82720 97 163
802 82678 61 3 82781 42 103
922 82743 40 2 82821 38 78
751 82740 54 4 82875 81 135
466 82771 66 4 82941 104 170
543 82119 70 3 83011 822 892
997 82808 71 4 83082 203 274
361 83070 55 4 83137 12 67
293 83092 50 2 83187 45 95
889 83048 63 3 83250 139 202
947 83230 61 3 83311 20 81
139 83191 62 4 83373 120 182
347 81698 71 3 83444 1675 1746
145 83417 71 3 83515 27 98
626 82503 76 4 83591 1012 1088
510 83534 39 2 83630 57 96
654 83613 60 3 83690 17 77
157 83666 58 2 83748 24 82
639 81323 76 3 83824 2425 2501
464 83757 47 3 83871 67 114
805 83851 42 2 83913 20 62
630 83887 58 2 83971 26 84
851 83826 67 4 84038 145 212
629 83930 72 4 84110 108 180
370 83817 76 3 84186 293 369
589 84111 75 4 84261 75 150
872 84193 65 3 84326 68 133
644 84263 36 4 84362 63 99
970 84318 47 4 84409 44 91
866 84321 55 3 84464 88 143
734 84317 68 4 84532 147 215
200 84421 78 2 84610 111 189
528 84569 44 4 84654 41 85
372 84643 42 3 84696 11 53
385 84534 50 3 84746 162 212
110 84701 33 1 84779 45 78
745 84554 58 2 84837 225 283
371 84821 58 2 84895 16 74
221 84888 31 1 84926 7 38
2 84736 66 4 84992 190 256
904 82790 82 4 85074 2202 2284
445 79130 83 4 85157 5944 6027
209 79764 83 4 85240 5393 5476
64 85158 52 3 85292 82 134
691 85270 61 2 85353 22 83
599 85325 46 4 85399 28 74
55 85379 50 1 85449 20 70
478 85295 51 4 85500 154 205
303 85339 64 4 85564 161 225
808 85548 46 3 85610 16 62
823 85229 67 2 85677 381 448
331 85648 40 3 85717 29 69
395 85665 50 4 85767 52 102
903 85093 83 4 85850 674 757
788 84331 83 4 85933 1519 1602
532 85879 58 4 85991 54 112
702 85881 62 2 86053 110 172
368 81551 85 1 86138 4502 4587
553 86119 42 4 86180 19 61
449 80080 90 4 86270 6100 6190
148 86237 79 1 86349 33 112
771 86315 54 2 86403 34 88
765 86403 90 4 86493 0 90
847 86453 43 2 86536 40 83
350 86440 52 3 86588 96 148
309 86548 41 3 86629 40 81
199 86604 58 1 86687 25 83
277 79221 93 4 86780 7466 7559
114 86758 92 4 86872 22 114
829 86819 47 3 86919 53 100
469 86890 34 3 86953 29 63
580 86907 47 4 87000 46 93
760 86878 60 4 87060 122 182
573 87058 54 2 87114 2 56
374 87082 58 4 87172 32 90
409 87169 55 4 87227 3 58
206 86959 68 3 87295 268 336
620 86915 69 2 87364 380 449
348 87243 71 4 87435 121 192
926 87376 68 1 87503 59 127
124 86793 71 3 87574 710 781
934 86929 80 2 87654 645 725
489 87618 65 4 87719 36 101
884 87693 71 1 87790 26 97
821 87762 75 3 87865 28 103
819 87416 82 4 87947 449 531
351 87696 82 1 88029 251 333
597 88002 78 4 88107 27 105
586 88063 39 2 88146 44 83
762 88096 65 2 88211 50 115
665 88176 54 1 88265 35 89
596 88237 47 2 88312 28 75
187 88272 50 4 88362 40 90
504 88195 59 4 88421 167 226
501 88404 70 2 88491 17 87
536 88471 56 3 88547 20 76
956 88526 42 1 88589 21 63
804 88469 57 4 88646 120 177
311 88595 68 2 88714 51 119
46 88419 75 4 88789 295 370
446 88761 41 2 88830 28 69
608 88801 44 2 88874 29 73
716 88762 56 4 88930 112 168
37 88926 69 2 88999 4 73
352 88736 71 3 89070 263 334
197 89017 56 4 89126 53 109
841 89097 57 2 89183 29 86
879 89132 57 3 89240 51 108
932 89212 62 4 89302 28 90
579 89165 65 2 89367 137 202
813 88891 76 4 89443 476 552
219 89421 61 4 89504 22 83
476 89393 65 3 89569 111 176
44 89542 74 3 89643 27 101
694 89591 49 2 89692 52 101
611 89630 55 4 89747 62 117
431 89729 57 3 89804 18 75
493 89745 59 4 89863 59 118
827 89840 48 4 89911 23 71
703 89775 64 4 89975 136 200
104 89869 74 3 90049 106 180
833 90030 41 4 90090 19 60
894 89976 51 3 90141 114 165
885 90127 56 3 90197 14 70
752 90195 46 4 90243 2 48
653 90178 50 2 90293 65 115
20 90264 41 2 90334 29 70
310 90273 46 3 90380 61 107
79 90335 36 4 90416 45 81
564 90353 42 2 90458 63 105
667 90326 54 4 90512 132 186
700 90123 70 3 90582 389 459
506 88878 76 1 90658 1704 1780
394 89793 77 4 90735 865 942
737 90168 77 1 90812 567 644
491 88398 80 3 90892 2414 2494
257 90868 62 4 90954 24 86
632 90680 82 4 91036 274 356
920 87913 92 4 91128 3123 3215
8 91060 47 4 91175 68 115
910 91109 53 4 91228 66 119
822 91145 54 3 91282 83 137
817 91039 54 3 91336 243 297
287 91056 63 2 91399 280 343
612 91264 69 3 91468 135 204
177 91408 69 4 91537 60 129
797 91519 85 4 91622 18 103
201 91582 48 3 91670 40 88
987 91564 65 3 91735 106 171
791 91397 87 2 91822 338 425
278 91748 30 4 91852 74 104
330 91749 51 4 91903 103 154
937 91827 57 4 91960 76 133
604 91873 61 3 92021 87 148
15 92005 58 3 92079 16 74
705 91881 70 3 92149 198 268
856 91916 71 4 92220 233 304
685 92218 53 3 92273 2 55
514 92226 61 4 92334 47 108
164 92264 73 2 92407 70 143
325 92176 73 2 92480 231 304
929 92410 60 3 92540 70 130
669 92494 36 3 92576 46 82
897 92523 47 3 92623 53 100
845 92375 74 4 92697 248 322
661 92638 58 4 92755 59 117
942 92752 68 4 92823 3 71
429 92823 36 3 92859 0 36
749 92693 71 4 92930 166 237
73 92536 75 2 93005 394 469
550 92997 75 2 93080 8 83
41 92892 80 3 93160 188 268
355 93158 76 3 93236 2 78
502 91936 82 4 93318 1300 1382
996 93238 36 4 93354 80 116
726 93176 88 4 93442 178 266
820 93440 66 4 93508 2 68
86 82513 93 3 93601 10995 11088
418 93571 91 3 93692 30 121
48 93691 25 2 93717 1 26
850 89998 94 4 93811 3719 3813
631 93718 67 4 93878 93 160
683 93874 55 2 93933 4 59
398 93891 52 3 93985 42 94
786 93975 53 4 94038 10 63
189 93904 59 2 94097 134 193
945 94077 27 4 94124 20 47
290 93948 67 2 94191 176 243
230 94135 51 3 94242 56 107
883 94145 59 2 94301 97 156
625 94255 55 3 94356 46 101
508 94184 70 4 94426 172 242
392 94358 56 4 94482 68 124
149 94475 60 4 94542 7 67
515 94488 32 1 94574 54 86
843 94357 62 4 94636 217 279
426 94426 63 3 94699 210 273
864 94494 77 4 94776 205 282
539 94711 29 1 94805 65 94
335 94715 34 3 94839 90 124
766 94789 43 1 94882 50 93
480 94703 49 2 94931 179 228
414 94715 64 2 94995 216 280
306 94991 63 4 95058 4 67
968 94705 69 2 95127 353 422
534 95086 39 4 95166 41 80
188 95158 43 3 95209 8 51
93 95178 61 3 95270 31 92
512 95164 61 1 95331 106 167
709 95317 48 4 95379 14 62
651 95358 20 3 95399 21 41
790 95345 48 4 95447 54 102
818 95347 54 1 95501 100 154
103 95346 55 3 95556 155 210
357 95353 58 3 95614 203 261
112 95583 50 3 95664 31 81
546 95636 56 4 95720 28 84
134 95436 60 4 95780 284 344
213 95490 61 4 95841 290 351
741 95118 64 3 95905 723 787
603 95894 48 3 95953 11 59
961 95065 65 4 96018 888 953
815 95697 66 4 96084 321 387
547 95897 68 2 96152 187 255
1000 96118 56 2 96208 34 90
663 96207 63 1 96271 1 64
544 95338 71 4 96342 933 1004
172 96323 55 2 96397 19 74
633 96367 55 3 96452 30 85
358 96419 65 3 96517 33 98
283 96513 42 3 96559 4 46
182 96550 41 1 96600 9 50
793 96279 69 4 96669 321 390
390 96603 72 4 96741 66 138
342 96713 72 4 96813 28 100
935 96800 70 2 96883 13 83
828 94736 75 4 96958 2147 2222
602 96941 71 4 97029 17 88
606 96982 64 4 97093 47 111
6 96913 73 4 97166 180 253
252 97126 28 4 97194 40 68
458 95144 76 2 97270 2050 2126
375 97245 72 3 97342 25 97
490 96001 78 4 97420 1341 1419
933 97401 53 4 97473 19 72
848 97423 31 4 97504 50 81
253 97461 39 3 97543 43 82
677 97526 56 2 97599 17 73
241 97595 55 2 97654 4 59
699 97603 48 3 97702 51 99
561 97668 44 1 97746 34 78
427 97712 52 3 97798 34 86
867 97783 49 4 97847 15 64
388 97694 62 4 97909 153 215
972 97551 73 2 97982 358 431
424 97928 50 4 98032 54 104
334 97920 51 4 98083 112 163
412 98010 64 2 98147 73 137
832 98003 65 3 98212 144 209
985 98130 77 4 98289 82 159
957 98235 61 4 98350 54 115
411 98334 65 4 98415 16 81
233 98394 44 4 98459 21 65
95 98380 60 3 98519 79 139
440 98239 70 2 98589 280 350
74 98357 73 1 98662 232 305
555 95926 79 4 98741 2736 2815
899 98702 68 4 98809 39 107
557 98772 54 4 98863 37 91
404 98856 42 1 98905 7 49
853 98869 54 4 98959 36 90
748 98903 65 4 99024 56 121
946 98878 66 3 99090 146 212
775 99046 59 4 99149 44 103
738 98966 76 4 99225 183 259
568 99150 52 3 99277 75 127
807 99203 53 1 99330 74 127
3 99285 39 3 99369 45 84
624 99290 43 4 99412 79 122
981 99341 58 4 99470 71 129
756 99354 65 1 99535 116 181
511 99261 70 1 99605 274 344
30 99552 68 3 99673 53 121
192 98491 79 4 99752 1182 1261
452 98319 80 4 99832 1433 1513
343 99760 79 3 99911 72 151
381 96217 85 2 99996 3694 3779
443 99919 38 4 100034 77 115
719 99913 53 4 100087 121 174
416 99986 60 1 100147 101 161
313 97157 85 1 100232 2990 3075
768 94236 86 4 100318 5996 6082
442 99643 86 4 100404 675 761
803 97703 86 4 100490 2701 2787
878 97172 86 4 100576 3318 3404
227 99917 86 3 100662 659 745
138 94060 86 1 100748 6602 6688
231 97435 88 3 100836 3313 3401
571 94507 89 3 100925 6329 6418
25 99953 90 4 101015 972 1062
76 96432 90 4 101105 4583 4673
147 96665 90 3 101195 4440 4530
652 95154 90 2 101285 6041 6131
587 99827 92 3 101377 1458 1550
126 91080 94 2 101471 10297 10391
712 82436 95 4 101566 19035 19130
71 98224 95 3 101661 3342 3437
986 82820 95 2 101756 18841 18936
636 79781 97 3 101853 21975 22072
158 94115 99 1 101952 7738 7837
880 97971 100 4 102052 3981 4081
722 94827 100 4 102152 7225 7325
146 81754 100 2 102252 20398 20498
271 81840 100 2 102352 20412 20512
982 93966 100 1 102452 8386 8486
