102394 1000 533 473
524 3057 50 3 3107 0 50
279 3281 63 2 3344 0 63
954 4685 59 4 4744 0 59
127 5346 60 3 5406 0 60
773 6974 51 3 7025 0 51
895 7148 46 4 7194 0 46
763 7570 63 1 7633 0 63
324 8944 54 3 8998 0 54
608 9095 62 4 9157 0 62
437 9656 62 3 9718 0 62
454 10214 37 4 10251 0 37
529 10989 53 2 11042 0 53
137 12822 66 3 12888 0 66
610 13135 53 3 13188 0 53
508 13204 61 1 13265 0 61
364 14044 40 2 14084 0 40
941 14063 58 3 14143 22 80
562 15015 39 3 15054 0 39
855 15352 69 4 15421 0 69
877 15650 53 2 15703 0 53
685 15999 83 2 16082 0 83
379 16131 47 3 16178 0 47
822 16794 55 1 16849 0 55
82 16859 27 4 16886 0 27
748 16961 74 4 17035 0 74
907 17638 94 3 17732 0 94
650 17739 52 1 17791 0 52
281 17979 65 4 18044 0 65
732 18158 56 1 18214 0 56
257 18285 50 4 18335 0 50
229 18443 60 4 18503 0 60
698 18580 37 4 18617 0 37
700 18704 52 4 18756 0 52
310 18960 64 3 19024 0 64
377 19272 52 3 19324 0 52
586 19558 42 3 19600 0 42
826 19621 49 2 19670 0 49
228 19688 58 4 19746 0 58
322 19811 51 4 19862 0 51
986 20109 43 4 20152 0 43
338 20132 56 2 20209 21 77
649 20190 49 1 20259 20 69
598 20746 60 1 20806 0 60
485 20791 42 4 20849 16 58
408 21236 54 1 21290 0 54
397 21474 60 3 21534 0 60
222 21659 58 4 21717 0 58
682 21807 58 4 21865 0 58
833 22765 48 3 22813 0 48
70 22854 99 4 22953 0 99
750 23043 69 4 23112 0 69
230 23118 76 4 23194 0 76
24 24126 68 4 24194 0 68
102 24179 78 4 24273 16 94
270 24603 52 3 24655 0 52
395 24619 47 4 24703 37 84
515 24661 75 4 24779 43 118
239 24911 77 2 24988 0 77
998 24916 37 4 25026 73 110
168 25027 73 1 25100 0 73
458 25045 69 3 25170 56 125
487 25051 67 4 25237 119 186
674 25127 43 3 25281 111 154
931 25213 81 3 25362 68 149
584 25348 23 4 25386 15 38
327 25421 63 3 25484 0 63
887 25428 54 2 25539 57 111
796 26063 65 2 26128 0 65
138 26167 72 1 26239 0 72
463 26379 78 1 26457 0 78
371 26869 48 3 26917 0 48
882 26880 69 3 26987 38 107
390 27001 57 2 27058 0 57
872 27274 38 2 27312 0 38
480 27329 82 3 27411 0 82
900 27430 74 2 27504 0 74
359 27577 60 4 27637 0 60
870 27827 49 4 27876 0 49
782 27993 48 4 28041 0 48
366 28175 56 4 28231 0 56
934 28213 47 2 28279 19 66
358 28233 63 4 28343 47 110
163 28459 50 4 28509 0 50
578 28461 90 2 28600 49 139
332 28589 71 3 28672 12 83
982 28862 64 4 28926 0 64
537 28875 41 3 28968 52 93
612 28884 38 4 29006 84 122
664 29437 79 3 29516 0 79
642 29785 82 2 29867 0 82
214 29887 71 2 29958 0 71
450 30465 72 3 30537 0 72
38 31314 71 4 31385 0 71
47 31344 75 4 31461 42 117
798 31714 50 4 31764 0 50
684 31833 75 4 31908 0 75
896 31853 80 4 31989 56 136
558 32025 40 4 32065 0 40
714 32290 56 2 32346 0 56
563 32647 55 3 32702 0 55
554 32813 51 2 32864 0 51
630 33249 77 4 33326 0 77
399 33306 35 4 33362 21 56
43 34130 100 4 34230 0 100
945 34182 46 2 34277 49 95
772 34336 48 4 34384 0 48
786 34438 81 3 34519 0 81
836 34519 56 3 34576 1 57
599 34672 58 3 34730 0 58
62 34816 75 2 34891 0 75
5 34828 51 3 34943 64 115
378 34932 59 4 35003 12 71
186 34949 84 4 35088 55 139
506 35046 72 4 35161 43 115
325 35081 59 4 35220 80 139
39 35188 20 1 35241 33 53
495 35338 70 3 35408 0 70
85 35621 66 3 35687 0 66
885 35657 59 4 35747 31 90
758 35730 90 3 35838 18 108
681 35772 47 4 35886 67 114
848 35801 65 4 35951 85 150
354 35909 37 3 35989 43 80
59 36061 55 3 36116 0 55
702 36181 79 3 36260 0 79
253 36191 37 4 36298 70 107
112 36486 31 4 36517 0 31
874 36510 60 1 36578 8 68
867 36682 56 3 36738 0 56
316 36907 67 2 36974 0 67
597 37022 61 1 37083 0 61
981 37112 58 2 37170 0 58
492 37164 52 4 37223 7 59
699 37192 52 3 37276 32 84
718 37236 52 4 37329 41 93
406 37293 43 3 37373 37 80
601 37329 49 4 37422 44 93
523 37418 65 4 37488 5 70
510 37865 47 3 37912 0 47
472 38232 92 4 38324 0 92
517 38246 94 3 38419 79 173
315 38375 73 3 38493 45 118
715 38391 67 3 38560 102 169
600 38469 65 4 38626 92 157
834 38593 88 4 38715 34 122
10 38720 22 2 38742 0 22
520 38837 60 4 38897 0 60
27 38951 68 3 39019 0 68
865 39307 81 2 39388 0 81
42 39371 44 4 39433 18 62
25 39392 69 2 39503 42 111
741 39403 100 3 39603 100 200
427 39438 85 2 39689 166 251
294 39732 77 1 39809 0 77
439 39867 82 2 39949 0 82
910 40101 49 4 40150 0 49
140 40114 69 3 40220 37 106
777 40135 65 2 40285 85 150
122 40245 35 1 40321 41 76
407 40564 55 4 40619 0 55
993 40614 43 1 40663 6 49
812 40862 36 2 40898 0 36
827 40967 64 3 41031 0 64
898 41092 48 2 41140 0 48
903 41223 79 4 41302 0 79
348 41329 53 2 41382 0 53
352 41386 79 4 41465 0 79
445 41412 72 4 41538 54 126
707 41846 56 3 41902 0 56
141 41860 90 4 41993 43 133
440 41872 57 3 42050 121 178
565 41920 46 3 42097 131 177
825 41977 61 2 42158 120 181
347 42005 54 4 42212 153 207
373 42058 45 3 42258 155 200
532 42093 64 1 42322 165 229
221 42113 65 3 42387 209 274
258 42184 32 4 42419 203 235
92 42510 64 4 42574 0 64
225 42542 50 4 42625 33 83
153 42859 44 4 42903 0 44
609 42982 74 2 43056 0 74
883 43020 65 4 43122 37 102
875 43075 43 3 43166 48 91
26 43091 32 3 43198 75 107
53 43268 63 3 43331 0 63
100 43370 73 1 43443 0 73
775 43375 59 4 43503 69 128
969 43561 38 4 43599 0 38
194 43751 81 2 43832 0 81
569 44021 38 4 44059 0 38
749 44079 44 3 44123 0 44
133 44103 61 3 44185 21 82
385 44186 46 1 44232 0 46
997 44195 80 3 44313 38 118
579 44297 43 3 44357 17 60
821 44331 96 3 44454 27 123
60 44379 76 2 44531 76 152
502 44401 70 2 44601 130 200
725 44646 69 4 44715 0 69
973 44930 72 4 45002 0 72
499 45350 82 4 45432 0 82
591 45420 83 1 45516 13 96
720 45652 50 2 45702 0 50
509 45745 78 4 45823 0 78
588 45758 48 2 45872 66 114
31 45767 82 3 45954 105 187
166 45814 52 2 46006 140 192
839 45888 83 3 46090 119 202
816 46005 58 4 46148 85 143
446 46006 67 3 46215 142 209
34 46083 52 4 46268 133 185
336 46214 73 3 46341 54 127
806 46220 69 4 46411 122 191
429 46466 83 3 46549 0 83
414 46481 71 4 46621 69 140
951 46541 49 3 46670 80 129
626 46799 78 4 46877 0 78
159 46866 42 4 46920 12 54
897 46932 57 4 46989 0 57
335 47098 50 3 47148 0 50
742 47122 43 4 47192 27 70
481 47154 95 4 47288 39 134
500 47217 65 4 47354 72 137
259 47349 36 3 47391 6 42
759 47361 64 4 47456 31 95
318 47475 78 4 47553 0 78
760 47749 66 4 47815 0 66
913 47749 52 2 47867 66 118
453 47838 49 4 47917 30 79
129 48095 95 1 48190 0 95
545 48189 76 3 48267 2 78
271 48330 46 1 48376 0 46
434 48341 97 2 48474 36 133
12 48361 48 3 48522 113 161
536 48630 39 4 48669 0 39
226 48732 42 3 48774 0 42
383 48794 74 2 48868 0 74
404 48840 48 3 48917 29 77
987 48885 35 4 48953 33 68
470 49002 64 3 49066 0 64
957 49234 81 4 49315 0 81
207 49325 51 4 49376 0 51
778 49372 33 3 49410 5 38
713 49438 41 4 49479 0 41
766 49542 68 3 49610 0 68
518 49686 74 1 49760 0 74
604 49721 57 3 49818 40 97
157 49892 40 3 49932 0 40
185 49939 61 3 50000 0 61
211 50076 81 4 50157 0 81
645 50316 50 2 50366 0 50
342 50326 76 3 50443 41 117
114 50341 77 2 50520 102 179
776 50353 65 3 50585 167 232
107 50843 56 4 50899 0 56
223 50973 43 3 51016 0 43
774 50992 58 2 51075 25 83
511 51025 62 3 51138 51 113
388 51133 74 3 51213 6 80
498 51147 83 4 51297 67 150
829 51158 44 2 51341 139 183
785 51160 47 4 51388 181 228
433 51188 58 4 51446 200 258
287 51247 67 3 51514 200 267
628 51431 81 2 51595 83 164
869 51495 63 2 51659 101 164
633 51498 67 3 51726 161 228
902 51633 54 3 51781 94 148
996 51716 74 3 51855 65 139
443 51722 89 3 51944 133 222
781 51738 76 4 52021 207 283
285 51799 50 2 52071 222 272
195 51873 72 2 52143 198 270
726 52075 55 4 52199 69 124
593 52119 95 4 52294 80 175
919 52215 70 3 52365 80 150
36 52225 68 4 52433 140 208
544 52458 45 2 52503 0 45
476 52553 37 3 52590 0 37
657 52607 48 4 52655 0 48
179 52656 65 3 52721 0 65
751 52965 46 4 53011 0 46
637 52979 54 3 53066 33 87
801 52999 55 4 53121 67 122
88 53178 60 3 53238 0 60
671 53226 66 1 53305 13 79
863 53232 64 2 53369 73 137
769 53349 60 4 53430 21 81
793 53428 52 3 53483 3 55
930 53536 67 4 53603 0 67
491 53557 62 3 53666 47 109
892 53560 47 4 53713 106 153
164 53715 53 4 53768 0 53
915 53792 78 4 53870 0 78
145 53803 48 3 53919 68 116
64 53852 68 1 53987 67 135
768 53981 41 4 54029 7 48
856 54027 73 3 54103 3 76
880 54130 81 3 54211 0 81
985 54296 72 3 54368 0 72
909 54332 62 3 54431 37 99
435 54443 61 3 54504 0 61
218 54656 77 2 54733 0 77
577 54720 78 2 54812 14 92
484 54724 71 4 54883 88 159
369 54792 60 1 54944 92 152
392 54856 45 4 54989 88 133
552 54953 88 3 55078 37 125
301 55003 74 3 55153 76 150
334 55145 72 2 55226 9 81
479 55156 48 2 55275 71 119
787 55243 36 4 55312 33 69
914 55572 25 3 55597 0 25
328 55573 90 3 55688 25 115
331 55590 74 4 55762 98 172
596 55612 64 3 55827 151 215
486 55690 77 3 55904 137 214
527 55717 29 2 55933 187 216
210 55755 71 4 56004 178 249
29 55964 52 1 56057 41 93
209 56042 63 3 56121 16 79
255 56126 65 2 56191 0 65
232 56180 71 3 56263 12 83
15 56188 96 2 56359 75 171
244 56269 43 3 56403 91 134
460 56313 81 4 56484 90 171
171 56747 69 1 56816 0 69
723 56853 33 3 56886 0 33
631 57235 62 3 57297 0 62
350 57267 66 3 57364 31 97
431 57349 46 3 57411 16 62
376 57385 43 3 57455 27 70
61 57571 42 3 57613 0 42
853 57637 60 2 57697 0 60
503 57868 45 4 57913 0 45
607 57939 60 1 57999 0 60
291 57993 70 4 58070 7 77
282 58018 74 1 58145 53 127
639 58050 57 1 58202 95 152
963 58159 69 4 58272 44 113
251 58279 67 4 58346 0 67
947 58402 57 4 58459 0 57
988 58442 72 1 58532 18 90
505 58728 83 2 58811 0 83
990 58869 86 4 58955 0 86
929 58875 63 4 59019 81 144
894 59085 50 4 59135 0 50
948 59203 81 3 59284 0 81
849 59213 78 2 59363 72 150
501 59224 53 2 59416 139 192
411 59227 61 4 59477 189 250
794 59550 54 4 59604 0 54
191 59587 58 3 59663 18 76
651 59614 67 4 59731 50 117
288 59956 46 4 60002 0 46
66 59962 20 4 60023 41 61
846 60022 75 3 60099 2 77
192 60035 32 2 60132 65 97
206 60169 49 3 60218 0 49
811 60170 56 2 60275 49 105
687 60239 50 4 60326 37 87
942 60245 55 4 60381 81 136
393 60316 38 4 60420 66 104
906 60360 73 3 60493 60 133
87 60615 56 3 60671 0 56
365 60633 75 2 60747 39 114
181 60717 36 4 60784 31 67
238 60731 59 4 60843 53 112
535 60733 72 3 60915 110 182
23 60800 56 3 60972 116 172
353 61091 55 2 61146 0 55
522 61094 77 1 61224 53 130
190 61254 92 4 61346 0 92
961 61267 51 3 61398 80 131
465 61272 92 2 61490 126 218
629 61520 64 3 61584 0 64
541 61639 77 4 61716 0 77
977 61674 53 4 61770 43 96
570 61678 60 2 61830 92 152
739 61765 52 4 61883 66 118
117 61771 71 2 61954 112 183
676 61879 73 3 62028 76 149
172 61999 38 4 62067 30 68
743 62013 41 4 62108 54 95
356 62025 83 4 62191 83 166
455 62027 69 4 62260 164 233
716 62042 43 4 62304 219 262
606 62076 61 4 62365 228 289
143 62141 44 4 62409 224 268
432 62233 61 4 62470 176 237
744 62379 47 3 62518 92 139
188 62680 51 3 62731 0 51
170 62861 38 3 62899 0 38
167 62958 50 3 63008 0 50
156 63011 87 3 63098 0 87
56 63038 53 4 63152 61 114
514 63175 68 3 63243 0 68
361 63201 61 2 63305 43 104
438 63272 48 4 63354 34 82
215 63521 77 2 63598 0 77
966 63558 52 3 63651 41 93
643 63596 56 4 63707 55 111
333 63737 71 3 63808 0 71
110 63757 42 3 63851 52 94
410 63830 71 4 63923 22 93
847 63930 49 4 63979 0 49
813 64000 43 4 64043 0 43
568 64053 71 4 64124 0 71
241 64120 60 4 64185 5 65
735 64155 38 2 64224 31 69
441 64156 58 2 64282 68 126
41 64415 49 4 64464 0 49
668 64428 44 3 64509 37 81
382 64576 62 4 64638 0 62
263 64686 36 3 64722 0 36
217 64689 30 3 64753 34 64
367 64696 53 3 64806 57 110
857 64805 39 1 64846 2 41
147 64837 44 4 64891 10 54
160 64869 27 1 64919 23 50
131 65003 45 2 65048 0 45
818 65379 80 4 65459 0 80
9 65397 55 4 65515 63 118
233 65490 84 3 65600 26 110
292 65535 59 4 65660 66 125
48 65537 70 4 65730 123 193
426 65626 38 4 65769 105 143
663 65761 52 3 65822 9 61
200 65800 70 1 65893 23 93
18 66023 91 3 66114 0 91
464 66164 33 2 66197 0 33
296 66217 81 3 66298 0 81
697 66312 49 3 66361 0 49
428 66416 56 4 66472 0 56
683 66448 49 3 66522 25 74
767 66624 81 4 66705 0 81
823 66929 58 2 66987 0 58
55 67037 38 3 67075 0 38
14 67098 26 4 67124 0 26
921 67099 30 3 67155 26 56
636 67101 35 4 67190 54 89
4 67116 73 4 67263 74 147
548 67171 59 4 67323 93 152
858 67189 66 4 67389 134 200
661 67219 71 3 67460 170 241
483 67223 62 1 67522 237 299
690 67247 67 2 67589 275 342
3 67392 60 4 67650 198 258
590 67446 46 2 67696 204 250
770 67646 56 1 67753 51 107
123 67789 60 4 67849 0 60
622 67816 26 1 67876 34 60
752 67851 34 3 67911 26 60
299 67868 61 3 67972 43 104
68 67878 60 2 68033 95 155
266 67886 35 1 68068 147 182
58 68005 59 4 68128 64 123
76 68072 61 3 68190 57 118
355 68144 48 2 68239 47 95
745 68353 64 2 68417 0 64
724 68456 50 1 68506 0 50
183 68665 63 1 68728 0 63
802 68761 77 3 68838 0 77
387 68922 54 4 68976 0 54
533 68938 38 1 69015 39 77
614 68991 52 3 69068 25 77
730 69014 81 4 69149 54 135
859 69018 83 3 69233 132 215
540 69095 65 3 69298 138 203
381 69282 43 2 69342 17 60
150 69304 61 4 69404 39 100
881 69415 40 4 69455 0 40
227 69583 64 2 69647 0 64
280 69599 54 3 69702 49 103
8 69619 84 4 69786 83 167
119 69658 72 1 69859 129 201
557 69677 61 3 69920 182 243
148 69776 77 2 69997 144 221
784 69885 60 3 70058 113 173
653 70011 45 4 70104 48 93
368 70077 65 3 70170 28 93
158 70122 35 3 70206 49 84
670 70163 60 4 70266 43 103
878 70196 72 3 70339 71 143
667 70214 87 3 70426 125 212
972 70215 64 4 70490 211 275
800 70230 45 2 70535 260 305
319 70242 70 4 70605 293 363
530 70242 86 4 70691 363 449
582 70324 46 4 70738 368 414
960 70452 63 4 70801 286 349
202 70511 54 4 70855 290 344
146 70696 73 3 70929 160 233
417 71090 77 3 71167 0 77
134 71152 66 4 71234 16 82
665 71198 49 2 71284 37 86
317 71338 72 3 71410 0 72
262 71609 61 4 71670 0 61
490 71987 44 4 72031 0 44
109 71987 41 3 72072 44 85
212 72030 64 4 72137 43 107
686 72050 50 1 72187 87 137
719 72060 74 1 72261 127 201
52 72122 69 4 72331 140 209
104 72133 65 3 72396 198 263
551 72161 74 4 72470 235 309
868 72268 77 1 72548 203 280
964 72415 73 4 72621 133 206
989 72628 67 4 72695 0 67
345 72629 71 3 72767 67 138
731 72701 50 4 72818 67 117
98 72820 55 3 72875 0 55
711 72898 28 2 72926 0 28
199 72922 66 1 72993 5 71
691 73014 48 2 73062 0 48
121 73031 65 2 73128 32 97
2 73180 93 2 73273 0 93
838 73340 42 4 73382 0 42
468 73438 64 1 73502 0 64
475 73461 59 4 73562 42 101
904 73538 83 2 73646 25 108
71 73571 69 1 73716 76 145
791 73599 72 2 73788 117 189
841 73639 60 2 73848 149 209
213 73640 63 3 73911 208 271
349 73704 68 1 73980 208 276
937 73748 61 3 74041 232 293
641 73751 64 1 74105 290 354
120 73752 33 3 74138 353 386
77 73754 35 3 74173 384 419
975 73795 84 4 74257 378 462
449 73836 52 4 74309 421 473
669 73905 68 3 74377 404 472
236 73964 75 4 74453 414 489
273 73992 59 4 74512 461 520
409 74006 61 4 74573 506 567
658 74067 53 4 74626 506 559
507 74102 76 4 74702 524 600
447 74105 86 4 74788 597 683
302 74133 65 2 74853 655 720
105 74140 61 3 74914 713 774
40 74160 28 1 74942 754 782
303 74366 68 2 75010 576 644
103 74372 55 3 75065 638 693
797 74378 79 2 75144 687 766
922 74399 70 1 75215 746 816
430 74427 68 3 75283 788 856
489 74544 52 3 75335 739 791
747 74629 87 3 75422 706 793
243 74861 90 4 75512 561 651
99 74907 77 4 75589 605 682
177 74989 81 3 75670 600 681
619 75027 38 4 75708 643 681
638 75044 96 4 75804 664 760
783 75147 68 3 75873 658 726
534 75155 62 3 75935 718 780
560 75170 50 4 75985 765 815
845 75254 76 4 76061 731 807
330 75264 67 2 76128 797 864
704 75272 39 4 76167 856 895
835 75463 66 2 76233 704 770
583 75472 56 4 76289 761 817
219 75541 63 4 76352 748 811
928 75565 27 4 76379 787 814
466 75607 51 3 76430 772 823
602 75683 65 1 76495 747 812
75 75717 51 2 76546 778 829
462 75718 40 4 76586 828 868
976 75784 53 4 76639 802 855
924 75872 21 4 76661 768 789
555 75909 81 2 76742 752 833
925 75911 66 4 76808 831 897
756 75920 67 4 76875 888 955
971 75947 66 4 76941 928 994
144 76017 45 2 76986 924 969
738 76037 43 3 77029 949 992
488 76123 49 3 77078 906 955
652 76125 35 3 77113 953 988
162 76148 69 3 77182 965 1034
83 76161 42 4 77224 1021 1063
644 76210 81 3 77305 1014 1095
574 76228 47 4 77352 1077 1124
154 76282 56 4 77408 1070 1126
28 76302 41 4 77449 1106 1147
648 76344 70 3 77519 1105 1175
546 76373 67 4 77586 1146 1213
469 76433 71 4 77657 1153 1224
11 76492 32 3 77689 1165 1197
733 76650 38 4 77728 1040 1078
513 76727 69 2 77797 1001 1070
169 76737 33 3 77830 1060 1093
842 76784 87 4 77917 1046 1133
444 76797 58 3 77975 1120 1178
911 76865 47 3 78022 1110 1157
893 76974 60 3 78082 1048 1108
247 77126 57 1 78139 956 1013
617 77166 67 1 78206 973 1040
940 77173 65 1 78271 1033 1098
422 77185 49 2 78320 1086 1135
295 77185 59 1 78379 1135 1194
197 77457 47 4 78426 922 969
496 77482 47 4 78473 944 991
97 77601 52 1 78525 872 924
876 77729 76 4 78602 797 873
113 77737 57 4 78659 865 922
932 77777 48 1 78707 882 930
269 77800 74 4 78781 907 981
917 77817 50 3 78831 964 1014
44 77887 80 1 78911 944 1024
277 78001 64 3 78975 910 974
49 78010 57 3 79032 965 1022
189 78026 61 4 79093 1006 1067
176 78046 51 3 79144 1047 1098
717 78068 99 4 79243 1076 1175
74 78249 57 1 79300 994 1051
436 78292 45 4 79345 1008 1053
497 78320 58 2 79403 1025 1083
531 78334 41 4 79444 1069 1110
201 78373 63 1 79507 1071 1134
656 78388 55 4 79562 1119 1174
946 78466 49 3 79611 1096 1145
754 78552 47 4 79659 1060 1107
405 78592 86 3 79745 1067 1153
320 78747 68 3 79813 998 1066
234 78804 58 4 79871 1009 1067
580 79028 58 4 79929 843 901
677 79035 73 4 80002 894 967
950 79179 79 2 80081 823 902
7 79291 58 3 80139 790 848
22 79337 68 4 80207 802 870
795 79370 52 3 80259 837 889
712 79376 59 2 80318 883 942
831 79470 73 3 80391 848 921
566 79513 73 3 80464 878 951
746 79533 67 2 80531 931 998
423 79540 63 4 80594 991 1054
424 79602 28 4 80622 992 1020
654 79769 52 4 80675 854 906
248 79771 90 4 80765 904 994
692 80006 66 3 80831 759 825
992 80013 46 3 80877 818 864
805 80019 58 1 80935 858 916
561 80116 48 2 80983 819 867
208 80230 77 2 81060 753 830
35 80252 48 1 81108 808 856
268 80360 79 2 81187 748 827
871 80581 46 4 81233 606 652
679 80586 56 2 81289 647 703
362 80611 55 3 81344 678 733
45 80621 52 4 81396 723 775
613 80714 50 4 81447 683 733
538 80929 51 2 81498 518 569
528 80997 62 3 81560 501 563
252 81115 57 3 81617 445 502
955 81203 41 1 81658 414 455
933 81216 72 1 81730 442 514
180 81238 55 2 81785 492 547
967 81292 82 2 81867 493 575
526 81302 40 3 81907 565 605
547 81330 67 4 81974 577 644
736 81334 35 2 82009 640 675
341 81501 54 4 82064 509 563
979 81509 45 2 82109 555 600
187 81518 67 3 82176 591 658
80 81573 48 2 82224 603 651
249 81661 61 2 82285 563 624
126 81729 43 4 82328 556 599
632 81769 85 2 82413 559 644
938 81863 44 2 82457 550 594
474 81878 46 3 82503 579 625
525 81900 77 4 82580 603 680
729 81983 75 2 82655 597 672
67 82164 31 3 82687 492 523
389 82204 31 4 82718 483 514
659 82216 71 4 82789 502 573
240 82225 31 2 82820 564 595
890 82320 79 3 82899 500 579
46 82344 66 2 82965 555 621
357 82362 57 2 83022 603 660
616 82421 50 1 83072 601 651
457 82428 40 4 83112 644 684
420 82448 66 4 83178 664 730
161 82500 43 4 83221 678 721
149 82515 26 2 83247 706 732
254 82541 53 4 83300 706 759
339 82565 45 4 83345 735 780
402 82619 54 1 83399 726 780
792 82623 58 4 83457 776 834
16 82694 24 3 83482 764 788
953 82700 44 3 83526 782 826
765 82734 78 4 83604 792 870
755 82769 48 3 83652 835 883
980 82839 64 2 83716 813 877
267 82971 50 1 83766 745 795
567 83000 80 2 83846 766 846
380 83005 67 4 83913 841 908
91 83096 40 2 83953 817 857
90 83374 48 4 84001 579 627
13 83578 87 3 84089 424 511
116 83715 47 1 84136 374 421
559 83774 57 2 84193 362 419
673 83862 21 4 84214 331 352
274 84103 29 2 84244 112 141
132 84207 50 3 84294 37 87
196 84207 57 3 84351 87 144
620 84225 41 3 84393 127 168
337 84341 68 4 84461 52 120
37 84475 61 3 84536 0 61
237 84498 53 4 84590 39 92
837 84529 35 2 84625 61 96
675 84532 42 4 84667 93 135
165 84587 55 2 84723 81 136
809 84831 77 4 84908 0 77
908 84906 62 3 84971 3 65
542 84925 84 4 85056 47 131
93 85011 39 2 85096 46 85
958 85017 51 3 85147 79 130
605 85089 58 3 85206 59 117
916 85204 64 2 85271 3 67
256 85279 46 3 85325 0 46
705 85310 69 2 85395 16 85
640 85325 60 3 85455 70 130
886 85378 48 4 85504 78 126
309 85406 94 4 85598 98 192
571 85410 87 3 85685 188 275
421 85554 71 3 85757 132 203
573 85556 78 4 85835 201 279
753 85709 71 2 85907 127 198
539 85809 45 3 85952 98 143
764 85896 73 4 86026 57 130
415 85923 51 1 86077 103 154
572 85940 43 4 86120 137 180
412 86085 61 4 86182 36 97
959 86096 61 4 86243 86 147
152 86165 63 3 86307 79 142
111 86229 51 2 86358 78 129
343 86247 67 2 86426 112 179
575 86356 44 4 86470 70 114
139 86401 73 3 86544 70 143
272 86521 86 2 86631 24 110
394 86529 27 1 86658 102 129
974 86599 84 2 86743 60 144
204 86604 71 2 86814 139 210
864 86659 31 4 86845 155 186
646 86668 60 2 86906 178 238
175 86767 44 2 86950 139 183
962 86798 34 3 86984 152 186
701 86867 50 4 87035 118 168
81 86901 41 2 87076 134 175
939 86905 35 3 87111 171 206
728 86908 59 3 87170 203 262
142 86974 88 4 87258 196 284
293 87004 87 4 87346 255 342
803 87043 66 4 87412 303 369
550 87141 59 4 87471 271 330
861 87177 68 2 87539 294 362
549 87185 56 3 87595 354 410
706 87206 63 4 87658 389 452
360 87219 71 2 87729 439 510
624 87224 45 4 87774 505 550
128 87277 56 3 87831 498 554
780 87354 26 1 87857 477 503
321 87361 58 4 87915 496 554
101 87434 47 3 87962 481 528
521 87457 43 3 88005 505 548
968 87538 57 2 88062 467 524
891 87586 39 3 88101 476 515
106 87766 43 4 88144 335 378
493 87937 52 4 88197 208 260
789 88090 36 3 88233 107 143
125 88129 53 4 88286 104 157
662 88225 41 4 88328 62 103
956 88283 55 4 88383 45 100
136 88329 20 4 88404 55 75
884 88413 91 2 88504 0 91
888 88438 54 3 88559 67 121
451 88485 64 2 88623 74 138
33 88512 71 3 88695 112 183
703 88622 94 1 88789 73 167
999 88645 84 2 88874 145 229
220 88655 72 3 88946 219 291
298 88676 76 4 89022 270 346
621 88753 58 3 89080 269 327
912 88823 62 4 89143 258 320
205 88830 33 2 89176 313 346
21 88903 42 4 89218 273 315
851 89056 61 4 89279 162 223
695 89085 80 4 89360 195 275
965 89177 77 4 89437 183 260
866 89215 42 4 89479 222 264
556 89274 66 1 89545 205 271
456 89285 70 2 89616 261 331
50 89306 71 2 89687 310 381
970 89417 80 4 89767 270 350
30 89430 73 3 89840 337 410
820 89462 59 3 89899 378 437
459 89483 70 4 89969 416 486
519 89516 65 3 90034 453 518
693 89625 77 3 90112 410 487
935 89627 80 3 90192 485 565
585 89663 74 3 90266 529 603
594 89836 67 2 90333 430 497
173 89837 42 2 90375 496 538
635 89900 49 3 90424 475 524
482 90028 56 3 90480 396 452
250 90083 78 1 90559 398 476
471 90187 43 1 90602 372 415
203 90195 68 3 90670 407 475
278 90208 61 3 90731 462 523
899 90239 23 1 90754 492 515
920 90261 85 3 90839 493 578
84 90305 69 3 90908 534 603
329 90372 67 4 90975 536 603
54 90487 72 2 91048 489 561
944 90510 76 4 91124 538 614
844 90596 51 4 91175 528 579
949 90627 30 4 91205 548 578
178 90646 56 4 91261 559 615
89 90685 41 4 91302 576 617
978 90702 80 2 91382 600 680
615 90766 68 2 91450 616 684
1 90799 61 2 91511 651 712
115 90825 67 4 91578 686 753
709 90850 24 4 91602 728 752
51 90857 60 2 91662 745 805
504 90888 38 3 91700 774 812
78 90912 54 4 91754 788 842
984 90924 61 3 91815 830 891
448 90944 64 3 91879 871 935
688 90975 59 4 91938 904 963
307 91013 58 1 91997 926 984
708 91025 93 2 92090 972 1065
224 91029 62 4 92152 1061 1123
326 91092 60 3 92212 1060 1120
918 91154 50 2 92262 1058 1108
828 91198 44 4 92306 1064 1108
814 91289 55 4 92361 1017 1072
340 91312 64 4 92425 1049 1113
926 91396 86 3 92511 1029 1115
300 91577 61 4 92572 934 995
647 91609 91 3 92663 963 1054
576 91652 66 3 92729 1011 1077
991 91660 61 4 92790 1069 1130
396 91681 53 4 92843 1109 1162
672 91693 56 3 92899 1150 1206
351 91696 49 4 92948 1203 1252
69 91886 58 4 93006 1062 1120
419 91934 61 4 93067 1072 1133
727 91983 44 1 93112 1085 1129
384 92052 77 3 93189 1060 1137
398 92137 42 4 93231 1052 1094
905 92287 100 3 93331 944 1044
779 92294 58 4 93389 1037 1095
553 92312 62 4 93451 1077 1139
478 92346 97 3 93548 1105 1202
564 92454 79 2 93627 1094 1173
808 92471 28 1 93655 1156 1184
494 92481 100 4 93755 1174 1274
512 92493 67 3 93822 1262 1329
261 92580 75 2 93897 1242 1317
461 92593 47 2 93944 1304 1351
312 92593 20 2 93964 1351 1371
923 92600 79 1 94043 1364 1443
63 92803 85 4 94128 1240 1325
242 92849 66 1 94194 1279 1345
696 92908 79 4 94273 1286 1365
418 92916 67 1 94340 1357 1424
306 92962 48 3 94388 1378 1426
235 93038 47 2 94435 1350 1397
655 93138 74 1 94510 1298 1372
130 93164 77 4 94587 1346 1423
372 93193 81 2 94668 1394 1475
135 93201 43 4 94711 1467 1510
86 93341 63 3 94774 1370 1433
79 93384 98 3 94872 1390 1488
246 93412 69 2 94941 1460 1529
467 93499 48 2 94989 1442 1490
757 93503 66 3 95055 1486 1552
94 93540 66 3 95121 1515 1581
660 93774 66 3 95187 1347 1413
788 93776 56 4 95243 1411 1467
346 93842 45 4 95288 1401 1446
182 93846 29 2 95317 1442 1471
625 93868 50 4 95367 1449 1499
901 93926 71 4 95438 1441 1512
852 93960 44 4 95482 1478 1522
198 93962 41 4 95523 1520 1561
400 94051 70 4 95593 1472 1542
260 94053 95 4 95688 1540 1635
943 94057 26 3 95714 1631 1657
815 94100 77 2 95791 1614 1691
286 94140 72 3 95863 1651 1723
807 94189 47 4 95910 1674 1721
623 94214 66 3 95976 1696 1762
889 94355 65 4 96041 1621 1686
854 94381 79 4 96120 1660 1739
830 94538 63 1 96184 1583 1646
862 94549 53 2 96237 1635 1688
850 94606 47 4 96284 1631 1678
994 94645 73 4 96357 1639 1712
19 94738 57 1 96414 1619 1676
401 94794 29 3 96443 1620 1649
587 94798 67 1 96510 1645 1712
193 95003 49 2 96559 1507 1556
860 95025 66 4 96625 1534 1600
721 95025 65 2 96690 1600 1665
305 95038 60 4 96750 1652 1712
589 95128 54 4 96804 1622 1676
819 95268 51 3 96855 1536 1587
297 95469 67 3 96922 1386 1453
108 95541 55 2 96977 1381 1436
452 95616 91 4 97068 1361 1452
216 95682 64 3 97132 1386 1450
832 95744 81 2 97213 1388 1469
174 95755 69 2 97282 1458 1527
543 95806 73 2 97355 1476 1549
184 95881 80 2 97435 1474 1554
618 95913 46 3 97481 1522 1568
290 96002 39 3 97520 1479 1518
737 96191 61 4 97582 1330 1391
264 96200 69 3 97651 1382 1451
689 96224 34 4 97685 1427 1461
1000 96227 49 4 97734 1458 1507
17 96289 82 4 97816 1445 1527
873 96324 66 3 97882 1492 1558
817 96340 64 3 97946 1542 1606
473 96347 75 3 98021 1599 1674
289 96380 49 4 98070 1641 1690
666 96405 75 4 98145 1665 1740
477 96458 76 3 98221 1687 1763
323 96496 49 3 98270 1725 1774
804 96508 66 3 98336 1762 1828
936 96673 71 4 98407 1663 1734
20 96712 43 4 98450 1695 1738
283 96727 64 3 98514 1723 1787
155 96730 72 3 98586 1784 1856
722 96765 82 1 98668 1821 1903
516 96786 72 3 98740 1882 1954
810 96810 76 3 98816 1930 2006
308 96819 54 3 98870 1997 2051
32 96895 57 4 98927 1975 2032
678 96925 60 4 98987 2002 2062
840 96967 53 4 99040 2020 2073
603 96974 62 4 99102 2066 2128
73 97054 64 1 99166 2048 2112
118 97066 75 4 99241 2100 2175
694 97106 45 3 99286 2135 2180
313 97247 53 2 99339 2039 2092
72 97264 35 1 99374 2075 2110
245 97326 20 2 99394 2048 2068
790 97437 83 4 99477 1957 2040
6 97460 69 1 99546 2017 2086
403 97490 50 1 99596 2056 2106
581 97525 37 4 99634 2072 2109
96 97614 83 3 99717 2020 2103
592 97621 71 4 99788 2096 2167
344 97748 43 2 99831 2040 2083
275 97775 59 1 99890 2056 2115
995 97825 59 4 99949 2065 2124
311 97833 30 1 99979 2116 2146
627 97935 80 2 100059 2044 2124
710 97961 60 1 100119 2098 2158
442 97989 44 4 100163 2130 2174
374 98118 53 3 100216 2045 2098
595 98160 48 4 100264 2056 2104
413 98184 71 2 100335 2080 2151
734 98309 70 4 100405 2026 2096
57 98447 65 4 100470 1958 2023
95 98456 24 4 100494 2014 2038
314 98557 72 4 100566 1937 2009
124 98583 73 4 100639 1983 2056
304 98635 82 4 100721 2004 2086
65 98706 74 4 100795 2015 2089
284 98751 76 2 100871 2044 2120
276 98813 51 4 100922 2058 2109
761 98826 38 4 100960 2096 2134
363 98872 68 3 101028 2088 2156
416 98902 48 4 101076 2126 2174
799 98930 47 1 101123 2146 2193
824 98970 43 1 101166 2153 2196
740 98986 54 2 101220 2180 2234
762 99059 67 4 101287 2161 2228
391 99075 84 3 101371 2212 2296
370 99182 88 3 101459 2189 2277
611 99224 56 3 101515 2235 2291
634 99280 38 3 101553 2235 2273
375 99309 62 3 101615 2244 2306
386 99311 75 1 101690 2304 2379
927 99379 83 3 101773 2311 2394
151 99461 53 3 101826 2312 2365
843 99559 61 3 101887 2267 2328
680 99637 56 2 101944 2251 2307
425 99701 62 3 102006 2243 2305
265 99721 68 2 102074 2285 2353
879 99740 62 1 102136 2334 2396
952 99760 46 4 102182 2376 2422
771 99860 73 4 102255 2322 2395
983 99926 56 4 102311 2329 2385
231 99928 83 4 102394 2383 2466
