100823 1000 130 83
148 1094 83 4 1177 0 83
35 3954 36 4 3990 0 36
815 4164 66 2 4230 0 66
66 7327 22 3 7349 0 22
345 7415 43 4 7458 0 43
463 7640 24 3 7664 0 24
823 8801 54 4 8855 0 54
63 9721 27 4 9748 0 27
667 10421 46 3 10467 0 46
628 10667 39 2 10706 0 39
227 11362 57 4 11419 0 57
92 12169 32 4 12201 0 32
109 12686 24 1 12710 0 24
210 12707 63 3 12773 3 66
708 13042 20 4 13062 0 20
249 12995 64 3 13079 20 84
428 13112 84 1 13196 0 84
730 13938 43 3 13981 0 43
834 14373 42 3 14415 0 42
937 15299 20 4 15319 0 20
967 15735 52 4 15787 0 52
290 16116 87 3 16203 0 87
30 16284 71 4 16355 0 71
768 16658 84 1 16742 0 84
974 16856 46 4 16902 0 46
426 17048 79 4 17127 0 79
95 17268 29 4 17297 0 29
550 17616 56 2 17672 0 56
618 17662 61 4 17733 10 71
631 17764 22 3 17786 0 22
464 17942 37 4 17979 0 37
76 18190 21 3 18211 0 21
429 18881 57 1 18938 0 57
509 19431 39 3 19470 0 39
94 19803 42 4 19845 0 42
718 20207 27 2 20234 0 27
736 20327 25 2 20352 0 25
352 20693 40 2 20733 0 40
630 21174 61 3 21235 0 61
728 21321 27 4 21348 0 27
182 22038 41 4 22079 0 41
108 22173 51 4 22224 0 51
479 22318 31 4 22349 0 31
946 23323 23 4 23346 0 23
893 23481 46 3 23527 0 46
496 23548 56 4 23604 0 56
256 23837 34 3 23871 0 34
904 24084 22 3 24106 0 22
225 24151 52 2 24203 0 52
613 24484 38 3 24522 0 38
112 24691 50 3 24741 0 50
107 24645 54 2 24749 50 104
275 24677 82 1 24831 72 154
221 25127 20 3 25147 0 20
753 25426 62 4 25488 0 62
603 25813 23 4 25836 0 23
792 26327 34 3 26361 0 34
859 26506 67 4 26573 0 67
787 26747 52 4 26799 0 52
46 26964 69 2 27033 0 69
494 27352 40 3 27392 0 40
184 27558 51 3 27609 0 51
245 27816 42 3 27858 0 42
504 28005 72 2 28077 0 72
610 28167 64 2 28231 0 64
923 28889 69 3 28958 0 69
912 29187 47 4 29234 0 47
517 29256 59 4 29315 0 59
41 29351 55 3 29406 0 55
347 29368 61 2 29467 38 99
12 29515 38 2 29553 0 38
312 29331 81 4 29566 154 235
922 29470 89 4 29655 96 185
81 29839 47 4 29886 0 47
587 29990 20 2 30010 0 20
516 30654 67 3 30721 0 67
144 30769 22 1 30791 0 22
198 31062 39 3 31101 0 39
588 31099 58 3 31159 2 60
330 31310 39 3 31349 0 39
984 31494 38 4 31532 0 38
697 31582 43 2 31625 0 43
621 31851 44 4 31895 0 44
848 32015 22 4 32037 0 22
746 32338 50 3 32388 0 50
847 32297 60 4 32407 50 110
957 32532 56 3 32588 0 56
732 32681 23 4 32704 0 23
97 32697 37 4 32741 7 44
372 32900 40 3 32940 0 40
771 33365 83 4 33448 0 83
781 33314 88 3 33485 83 171
643 33495 25 3 33520 0 25
117 33510 61 3 33581 10 71
555 33591 34 4 33625 0 34
311 33595 78 3 33703 30 108
93 33724 23 3 33747 0 23
390 33748 23 1 33771 0 23
317 33956 39 2 33995 0 39
427 34018 78 3 34096 0 78
573 34083 81 3 34177 13 94
7 34291 55 3 34346 0 55
500 34406 22 4 34428 0 22
442 34384 27 4 34433 22 49
722 34591 22 4 34613 0 22
381 34786 23 4 34809 0 23
518 34991 68 4 35059 0 68
698 34967 77 2 35112 68 145
206 35154 68 3 35222 0 68
506 35500 35 3 35535 0 35
103 35534 57 2 35592 1 58
745 35575 69 4 35661 17 86
898 35718 36 3 35754 0 36
306 35760 33 4 35793 0 33
583 35947 51 2 35998 0 51
489 36098 42 4 36140 0 42
839 36059 55 4 36156 42 97
638 36329 55 2 36384 0 55
711 36493 24 3 36517 0 24
721 36620 21 4 36641 0 21
342 36636 30 4 36671 5 35
615 36997 92 4 37089 0 92
241 37141 23 3 37164 0 23
749 37192 62 3 37254 0 62
186 37300 28 3 37328 0 28
989 37366 34 3 37400 0 34
648 37492 33 2 37525 0 33
731 37563 20 3 37583 0 20
772 37698 29 4 37727 0 29
159 37772 29 3 37801 0 29
365 38057 55 4 38112 0 55
351 38150 41 3 38191 0 41
829 38044 82 2 38222 96 178
493 38428 59 3 38487 0 59
22 38533 53 3 38586 0 53
646 38684 24 4 38708 0 24
668 38670 87 2 38781 24 111
535 38792 50 2 38842 0 50
575 38875 42 4 38917 0 42
364 38884 45 2 38962 33 78
752 38804 89 3 39018 125 214
805 39023 44 1 39067 0 44
455 39165 32 4 39197 0 32
987 39420 54 3 39474 0 54
754 39510 54 1 39564 0 54
713 39772 31 2 39803 0 31
890 39719 60 3 39810 31 91
763 39824 63 3 39887 0 63
889 40088 30 4 40118 0 30
482 40224 23 3 40247 0 23
10 40277 32 3 40309 0 32
468 40320 22 2 40342 0 22
774 40427 21 3 40448 0 21
119 40467 25 3 40492 0 25
397 40935 20 2 40955 0 20
443 41033 31 3 41064 0 31
304 41080 26 3 41106 0 26
645 41099 41 4 41147 7 48
386 41301 35 3 41336 0 35
17 41334 47 4 41383 2 49
821 41397 23 4 41420 0 23
192 41467 60 3 41527 0 60
301 41458 80 4 41598 60 140
970 41676 31 4 41707 0 31
242 41641 49 2 41721 31 80
55 41724 32 3 41756 0 32
905 41860 32 3 41892 0 32
480 41893 70 4 41963 0 70
343 42043 81 4 42124 0 81
424 42171 29 3 42200 0 29
694 42150 84 4 42263 29 113
155 42345 28 4 42373 0 28
546 42336 28 3 42392 28 56
591 42300 56 1 42412 56 112
608 42447 29 3 42476 0 29
991 42542 37 3 42579 0 37
554 42843 26 1 42869 0 26
310 42846 52 3 42921 23 75
685 42800 69 2 42947 78 147
921 42754 72 4 42973 147 219
596 43177 52 4 43229 0 52
868 43187 58 3 43287 42 100
138 43411 21 3 43432 0 21
232 43751 24 4 43775 0 24
597 43970 77 4 44047 0 77
740 44082 52 4 44134 0 52
5 44117 77 2 44211 17 94
73 44293 20 4 44313 0 20
585 44268 27 4 44315 20 47
358 44281 51 1 44366 34 85
953 44254 68 3 44420 98 166
136 44609 32 4 44641 0 32
955 44644 46 2 44690 0 46
881 44753 24 3 44777 0 24
748 44871 58 3 44929 0 58
622 44805 66 2 44929 58 124
321 44930 29 2 44959 0 29
508 44947 40 4 44999 12 52
78 45110 44 4 45154 0 44
910 45079 58 1 45181 44 102
86 45117 61 4 45242 64 125
113 45257 58 4 45315 0 58
764 45326 60 2 45386 0 60
940 45503 45 2 45548 0 45
233 45453 57 3 45555 45 102
634 45563 54 1 45617 0 54
779 45405 70 1 45631 156 226
456 45815 46 3 45861 0 46
842 45951 37 3 45988 0 37
161 45919 57 4 46013 37 94
462 46096 31 2 46127 0 31
533 46167 37 3 46204 0 37
127 46196 58 2 46262 8 66
701 46171 76 1 46338 91 167
89 46389 92 2 46481 0 92
857 46484 31 1 46515 0 31
407 46652 34 3 46686 0 34
244 46661 44 4 46730 25 69
727 46776 33 4 46809 0 33
102 46858 42 2 46900 0 42
369 46803 60 4 46911 48 108
273 46646 95 3 46954 213 308
133 47402 50 2 47452 0 50
756 47469 27 4 47496 0 27
307 47495 29 2 47525 1 30
42 47638 45 4 47683 0 45
691 47661 76 2 47759 22 98
36 47968 48 2 48016 0 48
908 47978 91 4 48107 38 129
279 48136 46 2 48182 0 46
579 48241 34 4 48275 0 34
68 48280 69 1 48349 0 69
451 48443 20 4 48463 0 20
53 48640 25 4 48665 0 25
529 48664 58 4 48723 1 59
469 48751 79 2 48830 0 79
212 48910 47 3 48957 0 47
166 48962 35 4 48997 0 35
373 49100 48 2 49148 0 48
860 49173 32 4 49205 0 32
920 49385 72 3 49457 0 72
511 49479 37 4 49516 0 37
188 49550 37 3 49587 0 37
128 49473 46 4 49593 74 120
985 49419 82 4 49659 158 240
473 49671 58 2 49729 0 58
314 49929 84 4 50013 0 84
156 50262 64 2 50326 0 64
899 50768 40 2 50808 0 40
154 50964 71 2 51035 0 71
611 51053 28 4 51081 0 28
477 51188 39 4 51227 0 39
843 51262 31 2 51293 0 31
106 51335 40 4 51375 0 40
896 51300 59 3 51399 40 99
396 51260 93 3 51483 130 223
539 51824 48 2 51872 0 48
513 52163 25 1 52188 0 25
110 52518 47 2 52565 0 47
288 52458 67 4 52572 47 114
657 52735 53 4 52788 0 53
303 52837 29 3 52866 0 29
650 52812 33 4 52874 29 62
865 52883 30 3 52913 0 30
410 52803 76 1 52971 92 168
559 53038 43 1 53081 0 43
580 52985 63 1 53091 43 106
104 53124 36 4 53160 0 36
599 53041 75 4 53202 86 161
869 53281 25 3 53306 0 25
465 53296 45 3 53351 10 55
791 53258 86 3 53414 70 156
913 53419 77 4 53496 0 77
655 53631 22 3 53653 0 22
146 53617 43 4 53682 22 65
387 53690 26 1 53716 0 26
421 53790 38 3 53828 0 38
854 53741 70 4 53849 38 108
837 54134 61 2 54195 0 61
297 54370 21 3 54391 0 21
204 54415 55 4 54470 0 55
49 54486 24 3 54510 0 24
234 54479 75 3 54578 24 99
563 54879 61 2 54940 0 61
243 55275 24 4 55299 0 24
891 55318 30 4 55348 0 30
328 55251 71 4 55376 54 125
247 55484 39 2 55523 0 39
625 55958 50 4 56008 0 50
293 56346 30 2 56376 0 30
949 56383 60 3 56443 0 60
825 56410 64 3 56507 33 97
258 56627 62 2 56689 0 62
367 56800 35 3 56835 0 35
101 56733 68 4 56836 35 103
423 56827 70 3 56906 9 79
871 57011 32 1 57043 0 32
466 57050 39 2 57089 0 39
48 57099 46 2 57145 0 46
872 56990 49 4 57156 117 166
34 57240 30 3 57270 0 30
514 57386 44 3 57430 0 44
687 57703 36 2 57739 0 36
268 57773 44 3 57817 0 44
642 58038 36 3 58074 0 36
178 58169 24 3 58193 0 24
758 58257 29 4 58286 0 29
402 58241 59 2 58329 29 88
750 58333 83 4 58416 0 83
199 58435 63 3 58498 0 63
723 58534 32 4 58566 0 32
626 58661 23 3 58684 0 23
524 58922 50 4 58972 0 50
77 59022 29 4 59051 0 29
18 58980 54 3 59063 29 83
173 58990 59 4 59122 73 132
284 58875 61 3 59128 192 253
131 59245 45 2 59290 0 45
205 59308 55 4 59363 0 55
981 59387 28 4 59415 0 28
193 59325 68 4 59459 66 134
348 59474 44 4 59518 0 44
793 59516 57 2 59575 2 59
111 59436 78 4 59638 124 202
566 59475 80 3 59718 163 243
380 59811 38 2 59849 0 38
8 59832 69 4 59918 17 86
714 59967 29 4 59996 0 29
547 59977 32 3 60028 19 51
527 59971 63 3 60091 57 120
660 59801 77 4 60109 231 308
877 60201 53 3 60254 0 53
187 60258 50 4 60308 0 50
846 60336 67 3 60403 0 67
577 60411 60 3 60471 0 60
644 60576 43 3 60619 0 43
420 60648 23 4 60671 0 23
134 60618 53 4 60695 24 77
181 60596 66 3 60761 99 165
531 60542 81 3 60808 185 266
254 60958 26 4 60984 0 26
169 60973 43 4 61027 11 54
481 60932 70 4 61071 69 139
819 61135 28 2 61163 0 28
999 61050 74 3 61173 49 123
476 61254 25 1 61279 0 25
814 61346 22 3 61368 0 22
950 61331 35 4 61388 22 57
316 61365 35 1 61423 23 58
782 61365 36 1 61459 58 94
994 61482 26 3 61508 0 26
100 61433 41 4 61526 52 93
263 61327 55 2 61577 195 250
990 61590 35 3 61625 0 35
729 61608 50 3 61675 17 67
661 61756 31 2 61787 0 31
295 61794 61 2 61855 0 61
515 61901 42 3 61943 0 42
609 61884 64 3 61990 42 106
202 62023 22 3 62045 0 22
6 61992 34 1 62048 22 56
435 62038 44 3 62092 10 54
58 62096 31 4 62127 0 31
968 62172 25 4 62197 0 25
145 62367 25 4 62392 0 25
637 62392 26 4 62418 0 26
459 62431 44 4 62475 0 44
153 62489 47 4 62536 0 47
629 62572 33 2 62605 0 33
977 62554 42 4 62629 33 75
336 62555 48 3 62677 74 122
216 62678 32 2 62710 0 32
827 62628 62 4 62771 81 143
132 62770 64 4 62835 1 65
824 62871 40 1 62911 0 40
51 62985 24 3 63009 0 24
960 62970 25 3 63019 24 49
803 62982 28 4 63047 37 65
607 62921 30 4 63057 106 136
432 62922 30 4 63058 106 136
368 62904 59 4 63107 144 203
438 63126 40 4 63166 0 40
712 63206 27 3 63233 0 27
415 63079 59 3 63233 95 154
264 62931 61 2 63294 302 363
416 63345 36 4 63381 0 36
338 63176 77 2 63407 154 231
226 63423 35 3 63458 0 35
972 63580 89 2 63669 0 89
964 63697 23 4 63720 0 23
98 63829 67 3 63896 0 67
209 63804 81 2 63952 67 148
817 64195 39 4 64234 0 39
998 64332 28 3 64360 0 28
620 64326 34 4 64388 28 62
929 64403 25 3 64428 0 25
448 64469 22 4 64491 0 22
800 64459 36 4 64517 22 58
54 64470 46 2 64563 47 93
384 64651 45 3 64696 0 45
589 64721 24 1 64745 0 24
959 64787 25 4 64812 0 25
669 64823 51 4 64874 0 51
570 64898 31 1 64929 0 31
765 64853 52 4 64957 52 104
799 64977 53 3 65030 0 53
412 65099 38 1 65137 0 38
394 64907 95 1 65143 141 236
699 65279 26 4 65305 0 26
175 65243 53 3 65322 26 79
852 65323 35 3 65358 0 35
285 65405 22 2 65427 0 22
916 65370 64 3 65456 22 86
237 65320 73 3 65516 123 196
831 65262 75 4 65591 254 329
255 65724 29 2 65753 0 29
207 65767 38 4 65805 0 38
291 66037 44 4 66081 0 44
16 65994 71 4 66109 44 115
40 66114 23 3 66137 0 23
167 66158 30 4 66188 0 30
274 66317 54 4 66371 0 54
236 66280 70 3 66404 54 124
562 66432 24 4 66456 0 24
495 66407 31 4 66462 24 55
240 66507 36 2 66543 0 36
125 66294 73 3 66568 201 274
123 66629 80 3 66709 0 80
84 66724 50 4 66774 0 50
276 66946 34 3 66980 0 34
346 67001 22 2 67023 0 22
471 67047 33 4 67080 0 33
796 67159 33 2 67192 0 33
150 67157 67 3 67257 33 100
804 67038 86 1 67257 133 219
943 67440 26 3 67466 0 26
735 67592 23 3 67615 0 23
11 67605 42 3 67657 10 52
530 67608 69 4 67726 49 118
870 67737 62 4 67799 0 62
776 67893 37 3 67930 0 37
938 67868 55 4 67960 37 92
405 68054 22 3 68076 0 22
734 68021 34 4 68077 22 56
418 68112 61 2 68173 0 61
849 68154 64 2 68237 19 83
840 68257 74 3 68331 0 74
882 68081 81 3 68361 199 280
47 68394 49 4 68443 0 49
472 68448 28 2 68476 0 28
875 68450 40 4 68516 26 66
121 68422 59 4 68570 89 148
512 68598 38 3 68636 0 38
826 68584 87 3 68709 38 125
784 68907 49 3 68956 0 49
704 68969 31 2 69000 0 31
375 69054 30 4 69084 0 30
939 69128 88 4 69216 0 88
532 69475 46 4 69521 0 46
33 69598 34 1 69632 0 34
639 69710 23 3 69733 0 23
783 69793 20 4 69813 0 20
67 69803 37 3 69850 10 47
75 69734 60 1 69851 57 117
231 69909 31 4 69940 0 31
962 69825 71 4 69953 57 128
31 69972 22 2 69994 0 22
60 69996 21 2 70017 0 21
147 70024 48 4 70072 0 48
942 70112 50 3 70162 0 50
363 70145 51 4 70213 17 68
724 70037 69 3 70242 136 205
522 70246 26 4 70272 0 26
592 69669 80 1 70278 529 609
23 69754 87 4 70365 524 611
313 70403 48 4 70451 0 48
887 70619 21 3 70640 0 21
696 70559 61 4 70641 21 82
362 70700 51 4 70751 0 51
498 70733 60 2 70811 18 78
322 70737 73 3 70884 74 147
203 70592 84 3 70909 233 317
217 70941 28 4 70969 0 28
425 71001 35 2 71036 0 35
705 71051 29 4 71080 0 29
544 70956 51 4 71084 77 128
44 70996 67 4 71151 88 155
961 71212 25 3 71237 0 25
223 71027 87 4 71263 149 236
83 71487 73 3 71560 0 73
954 71574 31 3 71605 0 31
880 71682 27 4 71709 0 27
578 71722 39 3 71761 0 39
726 71815 24 4 71839 0 24
560 71732 65 4 71850 53 118
168 71897 32 3 71929 0 32
934 71937 34 3 71971 0 34
26 71888 41 4 71995 66 107
152 72123 65 2 72188 0 65
659 72202 51 4 72253 0 51
993 72226 52 4 72305 27 79
862 72365 36 1 72401 0 36
569 72580 36 1 72616 0 36
598 72644 24 2 72668 0 24
409 72594 63 3 72703 46 109
251 72747 71 2 72818 0 71
902 72933 63 2 72996 0 63
549 73052 49 3 73101 0 49
595 73106 32 4 73138 0 32
267 73018 54 2 73153 81 135
201 73185 44 1 73229 0 44
45 73025 66 4 73263 172 238
802 73344 30 3 73374 0 30
689 73359 33 1 73407 15 48
189 73353 35 4 73442 54 89
717 73393 41 2 73483 49 90
917 73565 23 3 73588 0 23
151 73543 53 2 73619 23 76
215 73392 66 3 73625 167 233
741 73454 79 3 73704 171 250
945 73779 55 4 73834 0 55
70 73934 24 2 73958 0 24
633 73903 31 3 73958 24 55
450 73862 43 2 73960 55 98
403 73736 77 2 73966 153 230
235 74016 51 4 74067 0 51
502 73971 62 4 74084 51 113
528 74147 25 1 74172 0 25
319 74155 43 4 74215 17 60
673 74244 30 3 74274 0 30
715 74138 52 4 74288 98 150
414 74095 70 4 74315 150 220
884 74325 31 1 74356 0 31
238 74375 39 2 74414 0 39
265 74403 57 4 74471 11 68
335 74478 22 3 74500 0 22
561 74494 32 3 74532 6 38
838 74522 50 2 74582 10 60
520 74286 74 1 74620 260 334
334 74631 49 4 74680 0 49
557 74691 23 2 74714 0 23
431 74712 33 4 74747 2 35
997 74776 20 3 74796 0 20
252 74725 41 2 74808 42 83
909 74848 68 2 74916 0 68
788 74142 82 3 74936 712 794
388 75004 33 2 75037 0 33
552 74479 82 1 75051 490 572
374 75194 64 4 75258 0 64
299 75329 21 4 75350 0 21
158 75386 23 4 75409 0 23
114 75360 35 4 75418 23 58
911 75289 62 3 75430 79 141
755 75414 66 4 75496 16 82
219 75553 29 4 75582 0 29
61 75574 32 2 75614 8 40
627 75573 50 3 75664 41 91
757 75672 47 4 75719 0 47
460 75517 59 4 75734 158 217
13 75900 39 1 75939 0 39
332 76021 34 3 76055 0 34
305 76014 56 4 76104 34 90
844 76060 63 3 76167 44 107
194 76241 67 3 76308 0 67
568 76103 93 3 76327 131 224
879 76418 74 1 76492 0 74
491 76337 92 4 76503 74 166
640 76634 42 4 76676 0 42
411 76684 28 2 76712 0 28
538 76877 41 4 76918 0 41
798 76834 51 1 76926 41 92
525 76752 87 4 76931 92 179
662 77032 26 3 77058 0 26
341 77138 48 3 77186 0 48
841 77144 50 4 77236 42 92
359 77258 27 4 77285 0 27
930 77245 58 4 77330 27 85
969 77241 59 4 77385 85 144
170 77394 44 4 77438 0 44
789 77469 21 1 77490 0 21
59 77121 79 2 77507 307 386
250 77583 68 4 77651 0 68
853 77700 28 4 77728 0 28
430 77759 32 3 77791 0 32
807 77706 55 2 77815 54 109
400 77962 45 2 78007 0 45
454 78052 57 2 78109 0 57
391 77934 80 2 78116 102 182
57 78127 32 3 78159 0 32
919 78246 36 1 78282 0 36
353 78571 33 3 78604 0 33
833 78611 25 1 78636 0 25
766 78888 67 2 78955 0 67
458 79004 23 4 79027 0 23
924 79147 31 4 79178 0 31
742 79164 36 1 79214 14 50
914 79181 38 4 79252 33 71
324 79102 47 3 79254 105 152
99 79166 49 2 79303 88 137
553 79320 33 3 79353 0 33
208 79302 52 3 79388 34 86
164 79275 71 4 79459 113 184
382 79061 93 4 79511 357 450
445 79542 35 4 79577 0 35
501 79559 41 2 79618 18 59
906 79512 64 2 79652 76 140
565 79539 72 2 79724 113 185
294 79738 53 4 79791 0 53
85 79797 43 1 79840 0 43
690 79944 22 4 79966 0 22
983 79968 49 4 80017 0 49
229 80031 44 1 80075 0 44
813 80136 41 3 80177 0 41
370 80068 66 1 80182 48 114
965 80185 74 3 80259 0 74
856 80306 47 1 80353 0 47
441 80325 52 4 80405 28 80
239 80441 27 4 80468 0 27
200 80456 35 2 80503 12 47
652 80518 41 4 80559 0 41
641 80630 22 3 80652 0 22
649 80591 43 3 80656 22 65
576 80671 31 3 80702 0 31
526 80457 63 4 80703 183 246
616 80347 74 2 80741 320 394
218 80758 20 4 80778 0 20
948 80776 39 4 80817 2 41
183 80842 21 4 80863 0 21
433 80866 51 4 80917 0 51
281 80919 34 4 80953 0 34
836 80983 22 3 81005 0 22
574 81028 24 3 81052 0 24
269 81012 30 3 81066 24 54
408 81091 34 2 81125 0 34
446 80909 65 3 81126 152 217
835 81145 38 4 81183 0 38
944 81196 36 4 81232 0 36
483 81163 43 4 81262 56 99
447 81295 32 4 81327 0 32
195 81280 47 3 81359 32 79
536 81312 54 4 81413 47 101
864 81444 30 2 81474 0 30
663 81423 47 4 81500 30 77
510 81459 47 1 81547 41 88
897 81541 63 4 81610 6 69
253 81273 68 3 81661 320 388
392 80708 75 4 81661 878 953
709 81695 24 2 81719 0 24
850 81721 22 2 81743 0 22
490 81681 46 4 81773 46 92
978 81796 49 2 81845 0 49
671 81722 67 2 81889 100 167
586 81899 33 3 81932 0 33
952 81934 35 2 81969 0 35
163 81681 74 4 82031 276 350
973 82086 31 4 82117 0 31
936 81320 75 1 82117 722 797
594 82216 32 3 82248 0 32
141 82254 34 3 82288 0 34
74 82194 38 2 82298 66 104
636 82296 43 3 82341 2 45
487 82207 62 3 82403 134 196
770 80475 78 3 82404 1851 1929
816 80363 79 4 82483 2041 2120
361 80532 79 2 82562 1951 2030
739 82585 46 3 82631 0 46
404 82653 28 4 82681 0 28
677 82662 46 4 82727 19 65
190 82776 21 3 82797 0 21
196 82746 53 3 82820 21 74
832 82843 48 3 82891 0 48
558 82897 38 3 82935 0 38
257 82996 39 4 83035 0 39
262 82906 64 4 83038 68 132
27 83137 51 2 83188 0 51
777 83085 63 4 83199 51 114
339 82852 65 3 83211 294 359
266 82136 96 1 83220 988 1084
143 83294 69 2 83363 0 69
665 83373 31 4 83404 0 31
947 82952 97 2 83417 368 465
271 83565 54 2 83619 0 54
894 83576 57 4 83676 43 100
9 83499 72 4 83682 111 183
785 83638 78 3 83760 44 122
452 83807 55 1 83862 0 55
149 83977 46 3 84023 0 46
693 84147 37 2 84184 0 37
951 84186 23 4 84209 0 23
272 84201 26 4 84235 8 34
540 84121 44 3 84251 86 130
337 84280 56 3 84336 0 56
39 84373 24 4 84397 0 24
925 84539 23 2 84562 0 23
398 84533 27 2 84583 23 50
801 84521 32 2 84603 50 82
619 84633 32 3 84665 0 32
260 84733 29 4 84762 0 29
191 84726 61 3 84816 29 90
523 84849 38 4 84887 0 38
19 84701 73 3 84902 128 201
982 84670 74 1 84945 201 275
419 84988 26 1 85014 0 26
976 85098 26 1 85124 0 26
488 85075 56 4 85157 26 82
105 85017 64 2 85163 82 146
320 85309 23 1 85332 0 23
287 85403 34 2 85437 0 34
794 85455 37 4 85492 0 37
674 85412 79 3 85553 62 141
537 85632 70 3 85702 0 70
135 85740 66 2 85806 0 66
581 85834 32 4 85866 0 32
686 85812 33 4 85877 32 65
360 85939 36 4 85975 0 36
572 85905 49 3 85990 36 85
808 85864 63 1 86025 98 161
371 86083 25 2 86108 0 25
289 86093 26 2 86134 15 41
4 86043 66 3 86160 51 117
14 86179 26 4 86205 0 26
24 85840 68 3 86236 328 396
457 85676 74 2 86266 516 590
137 85517 85 3 86272 670 755
907 86286 36 1 86322 0 36
963 86370 35 3 86405 0 35
185 86420 47 3 86467 0 47
975 86586 23 3 86609 0 23
980 86624 31 2 86655 0 31
521 86731 26 3 86757 0 26
37 86701 35 3 86762 26 61
333 86705 37 4 86799 57 94
422 86819 31 3 86850 0 31
855 86891 25 4 86916 0 25
1000 86971 30 3 87001 0 30
96 87018 30 4 87048 0 30
647 87057 26 3 87083 0 26
681 87023 32 4 87106 51 83
406 86952 37 3 87107 118 155
707 86960 40 2 87147 147 187
211 87154 37 2 87191 0 37
340 86921 47 4 87200 232 279
302 87136 58 3 87258 64 122
584 87045 62 2 87320 213 275
176 86869 65 4 87358 424 489
812 87141 68 3 87426 217 285
197 87479 39 4 87518 0 39
120 87520 27 4 87547 0 27
958 87575 59 3 87634 0 59
767 87684 36 4 87720 0 36
760 87664 45 3 87745 36 81
551 87494 68 3 87753 191 259
703 87873 26 3 87899 0 26
719 87908 27 3 87935 0 27
556 87920 59 4 87994 15 74
545 88076 49 4 88125 0 49
25 88139 43 3 88182 0 43
759 88173 48 3 88230 9 57
88 88363 25 2 88388 0 25
828 88438 28 3 88466 0 28
399 88504 25 2 88529 0 25
986 88614 31 2 88645 0 31
706 88597 44 3 88672 31 75
157 88694 25 3 88719 0 25
140 88711 33 3 88752 8 41
811 88762 24 4 88786 0 24
475 88817 22 2 88839 0 22
867 88857 23 4 88880 0 23
124 88725 62 3 88883 96 158
716 88978 42 2 89020 0 42
858 88971 43 1 89056 42 85
2 89094 28 4 89122 0 28
283 89125 40 3 89165 0 40
492 89195 27 4 89222 0 27
874 89187 36 4 89250 27 63
116 89139 41 4 89269 89 130
129 89285 29 2 89314 0 29
171 89276 31 2 89336 29 60
747 89336 39 3 89375 0 39
72 89190 42 3 89410 178 220
895 88992 46 2 89415 377 423
932 89460 39 4 89499 0 39
139 89528 32 4 89560 0 32
82 89495 46 2 89577 36 82
90 89252 46 1 89578 280 326
50 89625 33 3 89658 0 33
118 89653 38 4 89696 5 43
878 89154 47 3 89696 495 542
327 88981 48 3 89744 715 763
444 89737 49 4 89793 7 56
614 89880 35 3 89915 0 35
695 89830 51 2 89916 35 86
401 89152 53 3 89932 727 780
20 89587 60 4 89992 345 405
928 89993 26 4 90019 0 26
126 90033 42 3 90075 0 42
28 90021 57 2 90120 42 99
886 90151 47 1 90198 0 47
926 90261 26 2 90287 0 26
440 90204 66 3 90296 26 92
795 89873 67 4 90323 383 450
876 90374 22 4 90396 0 22
604 90241 69 2 90414 104 173
612 90488 40 3 90528 0 40
773 90520 42 4 90570 8 50
927 90444 44 4 90570 82 126
56 90580 21 2 90601 0 21
296 90584 30 1 90631 17 47
593 90464 46 1 90667 157 203
900 90641 53 3 90720 26 79
675 90491 55 4 90830 284 339
69 90566 55 4 90830 209 264
751 90443 55 1 90884 386 441
733 90916 58 3 90974 0 58
467 90983 22 4 91005 0 22
941 90424 76 4 91021 521 597
354 91014 78 4 91099 7 85
393 91101 73 3 91174 0 73
292 91243 53 2 91296 0 53
174 91321 45 4 91366 0 45
80 91420 29 3 91449 0 29
786 91394 38 4 91461 29 67
966 91468 36 4 91504 0 36
357 91363 52 3 91521 106 158
995 91527 26 4 91553 0 26
165 91248 54 4 91576 274 328
635 91270 58 1 91634 306 364
653 90965 79 3 91642 598 677
915 91684 25 3 91709 0 25
762 91656 82 2 91763 25 107
300 91765 23 3 91788 0 23
286 91783 26 4 91814 5 31
602 91814 41 3 91855 0 41
679 91902 55 3 91957 0 55
461 90572 86 2 91980 1322 1408
971 92065 56 4 92121 0 56
376 92002 64 1 92122 56 120
956 88934 96 3 92149 3119 3215
769 92338 24 4 92362 0 24
672 92310 29 3 92363 24 53
883 92333 35 4 92398 30 65
680 92358 44 4 92442 40 84
702 92327 47 4 92489 115 162
996 92289 49 4 92517 179 228
417 92490 51 2 92568 27 78
683 92613 63 3 92676 0 63
248 92699 47 3 92746 0 47
688 92677 54 4 92778 47 101
684 92861 35 3 92896 0 35
851 92870 46 4 92942 26 72
822 92812 50 4 92943 81 131
214 92772 54 2 92963 137 191
21 92813 58 4 93021 150 208
91 93043 25 4 93068 0 25
437 93047 30 3 93098 21 51
606 93049 34 4 93132 49 83
115 92861 60 3 93170 249 309
600 93233 28 3 93261 0 28
676 93100 71 3 93269 98 169
567 93389 50 2 93439 0 50
485 93445 63 2 93508 0 63
172 93325 93 2 93531 113 206
484 93566 23 4 93589 0 23
678 93603 36 4 93639 0 36
309 93617 58 1 93697 22 80
449 93987 21 4 94008 0 21
700 94031 25 1 94056 0 25
564 94035 54 2 94110 21 75
439 93986 70 4 94156 100 170
315 94177 27 3 94204 0 27
162 94243 52 3 94295 0 52
818 94375 27 4 94402 0 27
259 94383 36 2 94438 19 55
71 94443 34 3 94477 0 34
326 94463 47 3 94524 14 61
378 94380 61 4 94580 139 200
356 94628 21 4 94649 0 21
453 94602 33 2 94656 21 54
935 94687 21 3 94708 0 21
888 94757 43 3 94800 0 43
651 94713 48 4 94804 43 91
903 94712 50 1 94853 91 141
820 94609 53 2 94871 209 262
623 94966 21 2 94987 0 21
761 94942 27 4 94990 21 48
65 95003 31 2 95034 0 31
470 94981 42 3 95063 40 82
866 95006 45 1 95108 57 102
318 95113 55 1 95168 0 55
790 94875 76 4 95172 221 297
505 95179 52 3 95231 0 52
720 95263 44 3 95307 0 44
601 95369 27 4 95396 0 27
979 95312 61 4 95400 27 88
664 95490 21 2 95511 0 21
325 95469 46 3 95536 21 67
32 95425 52 3 95544 67 119
366 95579 28 3 95607 0 28
160 95541 63 3 95635 31 94
861 95265 64 4 95669 340 404
383 95684 41 3 95725 0 41
177 95231 67 4 95745 447 514
543 95662 74 2 95819 83 157
542 94451 78 4 95864 1335 1413
775 95147 79 4 95943 717 796
918 95990 46 2 96036 0 46
389 96026 48 2 96084 10 58
507 96046 53 4 96137 38 91
52 96145 52 4 96197 0 52
863 96210 41 1 96251 0 41
725 96222 56 2 96307 29 85
499 96071 61 4 96347 215 276
656 96352 46 3 96398 0 46
434 96452 40 4 96492 0 40
519 96374 60 4 96498 64 124
230 96329 62 3 96555 164 226
809 96594 23 4 96617 0 23
277 96628 33 3 96661 0 33
582 96598 34 4 96684 52 86
744 96391 63 4 96708 254 317
780 96772 21 3 96793 0 21
737 96746 26 2 96793 21 47
308 96778 32 4 96825 15 47
62 96855 30 4 96885 0 30
670 96886 33 2 96919 0 33
344 96824 64 2 96952 64 128
931 96402 67 3 96981 512 579
355 97017 67 1 97084 0 67
261 97110 30 2 97140 0 30
692 96986 70 4 97153 97 167
413 97256 45 3 97301 0 45
64 97210 50 3 97305 45 95
180 97307 33 4 97340 0 33
654 97316 43 4 97383 24 67
1 97351 63 3 97446 32 95
228 96905 76 4 97458 477 553
379 97474 25 4 97499 0 25
845 97471 31 3 97527 25 56
122 96024 76 3 97590 1490 1566
130 97636 38 4 97674 0 38
246 97715 24 4 97739 0 24
710 97697 41 4 97762 24 65
901 97783 39 4 97822 0 39
350 97852 29 1 97881 0 29
797 97839 42 3 97910 29 71
778 97751 63 4 97935 121 184
142 96802 76 2 97942 1064 1140
179 97975 41 4 98016 0 41
278 97969 77 2 98087 41 118
329 98089 22 4 98111 0 22
15 98108 48 1 98159 3 51
385 98192 48 2 98240 0 48
503 98204 50 3 98290 36 86
624 98318 41 3 98359 0 41
830 98232 52 4 98383 99 151
605 98088 65 3 98414 261 326
395 98455 28 1 98483 0 28
87 97797 80 4 98494 617 697
222 98580 20 1 98600 0 20
38 98619 51 2 98670 0 51
992 98545 59 4 98675 71 130
666 98543 67 4 98740 130 197
298 98758 58 1 98816 0 58
478 98773 77 4 98893 43 120
988 96419 82 4 98908 2407 2489
933 98939 40 4 98979 0 40
632 98944 55 2 99034 35 90
43 99049 40 4 99089 0 40
885 99127 23 1 99150 0 23
280 99100 39 3 99162 23 62
29 99195 22 4 99217 0 22
806 99218 26 4 99244 0 26
331 99276 32 2 99308 0 32
497 99256 44 3 99332 32 76
541 99225 45 2 99365 95 140
323 99061 47 4 99367 259 306
743 99368 25 1 99393 0 25
220 99456 26 4 99482 0 26
3 99484 41 3 99525 0 41
377 99533 21 1 99554 0 21
590 99538 23 4 99577 16 39
738 99480 47 4 99614 87 134
548 99416 50 2 99624 158 208
810 99628 27 4 99655 0 27
682 99625 74 3 99726 27 101
270 99058 82 4 99783 643 725
79 99080 82 1 99865 703 785
436 99898 49 1 99947 0 49
534 99948 47 1 99995 0 47
486 99980 65 4 100060 15 80
658 98531 83 3 100063 1449 1532
224 96428 83 2 100146 3635 3718
571 94844 85 2 100184 5255 5340
474 98754 89 3 100273 1430 1519
282 97723 90 3 100363 2550 2640
349 99360 91 4 100454 1003 1094
892 98295 91 3 100545 2159 2250
617 98368 92 3 100637 2177 2269
213 97527 93 2 100823 3203 3296
873 99353 93 2 100823 1377 1470
