102602 1000 488 427
363 2426 75 1 2501 0 75
351 3054 62 1 3116 0 62
851 5137 72 1 5209 0 72
837 5242 77 1 5319 0 77
336 5629 53 4 5682 0 53
546 5603 62 4 5718 53 115
163 6263 65 4 6328 0 65
391 6761 70 4 6831 0 70
765 8260 50 4 8310 0 50
93 8772 58 2 8830 0 58
410 9533 80 4 9613 0 80
989 10266 54 4 10320 0 54
288 10247 66 3 10367 54 120
896 10968 21 4 10989 0 21
608 10953 34 4 11008 21 55
326 11625 68 3 11693 0 68
6 12088 68 4 12156 0 68
642 12310 46 3 12356 0 46
902 12362 74 4 12436 0 74
342 12837 62 1 12899 0 62
59 13228 57 4 13285 0 57
141 13862 49 3 13911 0 49
696 13952 73 3 14025 0 73
219 14633 76 4 14709 0 76
421 14878 80 4 14958 0 80
926 14793 90 4 14963 80 170
633 15787 87 1 15874 0 87
730 15982 43 4 16025 0 43
94 16264 62 2 16326 0 62
401 16211 85 2 16358 62 147
188 16372 46 4 16418 0 46
386 16564 71 3 16635 0 71
462 17052 59 2 17111 0 59
792 17530 100 4 17630 0 100
588 17746 61 4 17807 0 61
112 17877 51 4 17928 0 51
207 17914 77 2 18005 14 91
217 18625 75 2 18700 0 75
412 18680 80 2 18780 20 100
246 18912 50 4 18962 0 50
348 19379 48 1 19427 0 48
160 19503 49 4 19552 0 49
225 19712 42 3 19754 0 42
86 19832 69 4 19901 0 69
679 19769 83 1 19921 69 152
699 20243 61 3 20304 0 61
464 20626 63 4 20689 0 63
816 21439 78 4 21517 0 78
481 21898 67 4 21965 0 67
340 22210 53 2 22263 0 53
231 22224 76 2 22339 39 115
330 22406 40 3 22446 0 40
805 22465 30 2 22495 0 30
537 22387 57 3 22514 70 127
213 22185 81 3 22522 256 337
30 22627 57 4 22684 0 57
782 23020 55 2 23075 0 55
329 23020 80 2 23155 55 135
292 23346 59 2 23405 0 59
1 23445 60 4 23505 0 60
544 23344 61 4 23524 119 180
739 23582 81 3 23663 0 81
41 23882 77 4 23959 0 77
31 24407 79 4 24486 0 79
559 24326 90 3 24495 79 169
713 24601 55 4 24656 0 55
870 25292 46 4 25338 0 46
417 25371 88 4 25459 0 88
352 25704 62 4 25766 0 62
262 25835 55 3 25890 0 55
895 25748 75 4 25896 73 148
607 26086 66 4 26152 0 66
23 26182 50 3 26232 0 50
427 26467 50 3 26517 0 50
980 26597 34 3 26631 0 34
147 26619 60 3 26691 12 72
709 26588 62 4 26744 94 156
566 27113 72 4 27185 0 72
512 27355 63 4 27418 0 63
841 27459 55 3 27514 0 55
170 27713 49 4 27762 0 49
508 27818 60 3 27878 0 60
539 27970 47 2 28017 0 47
731 28089 78 3 28167 0 78
373 28185 53 2 28238 0 53
169 28185 56 1 28294 53 109
203 28469 53 4 28522 0 53
652 28539 62 4 28601 0 62
802 28945 51 2 28996 0 51
979 29505 70 2 29575 0 70
793 29662 57 4 29719 0 57
812 29821 27 2 29848 0 27
847 30080 67 1 30147 0 67
425 30187 60 4 30247 0 60
628 30529 57 2 30586 0 57
14 30810 50 4 30860 0 50
69 30763 89 4 30902 50 139
507 30911 40 2 30951 0 40
901 30965 48 4 31013 0 48
108 31219 55 4 31274 0 55
19 31403 57 4 31460 0 57
295 31540 53 4 31593 0 53
934 31709 78 4 31787 0 78
826 32029 62 4 32091 0 62
79 32171 55 2 32226 0 55
776 32292 100 4 32392 0 100
419 32448 53 3 32501 0 53
313 32953 46 4 32999 0 46
156 32912 53 2 33011 46 99
280 33058 56 3 33114 0 56
124 33182 58 2 33240 0 58
346 33126 59 3 33243 58 117
244 33106 59 1 33290 125 184
854 33329 50 3 33379 0 50
389 33372 59 3 33438 7 66
883 33170 60 4 33459 229 289
122 33502 58 1 33560 0 58
872 33330 78 2 33595 187 265
360 33612 41 4 33653 0 41
513 33389 85 2 33721 247 332
254 33817 73 3 33890 0 73
158 34214 66 4 34280 0 66
758 34376 57 3 34433 0 57
894 34397 68 1 34501 36 104
128 34733 54 1 34787 0 54
950 34896 51 4 34947 0 51
393 34989 49 3 35038 0 49
819 35374 38 1 35412 0 38
105 36284 60 2 36344 0 60
868 37047 59 4 37106 0 59
981 37220 47 4 37267 0 47
10 37498 38 1 37536 0 38
239 37538 77 2 37615 0 77
625 37658 34 4 37692 0 34
222 37707 74 3 37781 0 74
723 38066 38 4 38104 0 38
905 38142 42 4 38184 0 42
308 38197 66 4 38263 0 66
621 38387 49 4 38471 35 84
791 38401 49 4 38485 35 84
233 38489 89 4 38578 0 89
927 39487 67 4 39554 0 67
644 39601 59 4 39660 0 59
889 39666 57 2 39723 0 57
487 39978 82 4 40060 0 82
548 40065 53 3 40118 0 53
614 40495 56 3 40551 0 56
533 40453 63 3 40572 56 119
208 40648 40 3 40688 0 40
578 40778 60 3 40838 0 60
458 40924 64 2 40988 0 64
232 40912 69 4 41045 64 133
84 41119 24 4 41143 0 24
921 41527 63 2 41590 0 63
714 41705 55 3 41760 0 55
227 41871 56 2 41927 0 56
627 41853 75 4 41984 56 131
799 42175 88 1 42263 0 88
777 42368 56 2 42424 0 56
830 42315 79 4 42450 56 135
247 42463 34 2 42497 0 34
406 42518 58 2 42576 0 58
875 42504 69 3 42631 58 127
903 42382 86 1 42697 229 315
173 42750 48 4 42798 0 48
461 43000 60 4 43060 0 60
362 42995 69 4 43124 60 129
910 43156 60 4 43216 0 60
879 43241 52 3 43293 0 52
581 43222 54 4 43328 52 106
669 43220 64 3 43390 106 170
909 42953 83 4 43395 359 442
741 43075 95 4 43490 320 415
372 43512 53 4 43565 0 53
779 43583 50 4 43633 0 50
710 43670 48 4 43718 0 48
408 43510 58 2 43719 151 209
857 43693 69 3 43788 26 95
986 43669 71 4 43859 119 190
878 44023 35 2 44058 0 35
120 44004 59 2 44098 35 94
178 44064 64 4 44162 34 98
504 44334 55 3 44389 0 55
215 44427 61 4 44488 0 61
139 44527 61 2 44588 0 61
34 44418 62 3 44602 122 184
341 44858 47 3 44905 0 47
22 44940 57 4 44997 0 57
64 45059 61 4 45120 0 61
488 45432 74 3 45506 0 74
298 45551 40 3 45591 0 40
502 45655 47 2 45702 0 47
823 45611 61 4 45719 47 108
168 45852 96 3 45948 0 96
599 45998 57 4 46055 0 57
971 46079 50 1 46129 0 50
947 46338 56 3 46394 0 56
121 46305 72 2 46433 56 128
328 46757 59 2 46816 0 59
370 46978 40 3 47018 0 40
761 46948 61 2 47049 40 101
764 47035 77 4 47126 14 91
210 47174 53 2 47227 0 53
626 47499 34 4 47533 0 34
72 47612 36 1 47648 0 36
535 47582 50 4 47668 36 86
212 47934 78 2 48012 0 78
166 47979 82 3 48094 33 115
9 48103 33 4 48136 0 33
874 48134 60 2 48196 2 62
381 48202 81 2 48283 0 81
164 48287 55 4 48342 0 55
850 48316 60 4 48402 26 86
438 48438 59 4 48497 0 59
411 48256 83 3 48540 201 284
429 48710 52 1 48762 0 52
949 48640 71 1 48763 52 123
685 48847 34 4 48881 0 34
55 48922 55 2 48977 0 55
331 48937 56 2 49033 40 96
519 49203 54 3 49257 0 54
552 49252 62 3 49319 5 67
364 49344 64 1 49408 0 64
579 49235 67 1 49450 148 215
664 49482 55 2 49537 0 55
172 49695 46 4 49741 0 46
76 49627 72 3 49745 46 118
755 49573 76 3 49767 118 194
659 49280 79 3 49778 419 498
848 49833 41 3 49874 0 41
906 49807 82 4 49930 41 123
998 49860 93 1 50023 70 163
988 50058 62 2 50120 0 62
884 50424 36 4 50460 0 36
356 50389 62 3 50487 36 98
52 50548 44 4 50592 0 44
774 50647 70 1 50717 0 70
153 50846 49 3 50895 0 49
361 50910 57 4 50967 0 57
65 50835 70 4 51011 106 176
914 51057 57 4 51114 0 57
195 51018 64 4 51189 107 171
582 51032 64 4 51203 107 171
522 51277 45 3 51322 0 45
706 51152 76 4 51324 96 172
922 51328 46 4 51374 0 46
143 51421 57 3 51478 0 57
749 51476 59 3 51537 2 61
155 51560 50 1 51610 0 50
509 51617 73 2 51690 0 73
532 51379 75 2 51693 239 314
253 51411 76 4 51769 282 358
470 51836 45 4 51881 0 45
123 51881 66 4 51947 0 66
873 51981 54 3 52035 0 54
357 52068 50 3 52118 0 50
151 51956 75 4 52135 104 179
657 52111 77 3 52212 24 101
404 51199 86 3 52213 928 1014
249 52388 29 2 52417 0 29
527 52366 34 4 52429 29 63
133 52489 26 4 52515 0 26
550 52431 73 1 52530 26 99
333 52540 53 2 52593 0 53
750 52641 50 3 52691 0 50
443 52646 60 4 52751 45 105
226 52731 67 3 52818 20 87
797 52616 68 1 52861 177 245
835 52987 57 3 53044 0 57
965 53219 59 4 53278 0 59
794 53281 60 2 53341 0 60
748 53167 65 4 53351 119 184
923 53374 73 3 53447 0 73
684 53180 94 3 53518 244 338
198 53632 68 2 53700 0 68
796 53707 68 3 53775 0 68
407 53646 88 1 53856 122 210
505 53993 48 3 54041 0 48
345 53937 67 3 54052 48 115
318 54070 85 4 54155 0 85
775 54203 82 4 54285 0 82
592 54306 54 2 54360 0 54
691 54386 70 2 54456 0 70
202 54291 73 3 54488 124 197
843 54517 22 4 54539 0 22
842 54565 48 3 54613 0 48
729 54544 52 4 54644 48 100
501 54707 72 4 54779 0 72
137 54508 84 4 54786 194 278
387 54086 88 3 54800 626 714
780 54883 20 4 54903 0 20
820 54802 82 4 54904 20 102
402 54906 26 3 54932 0 26
101 54933 51 2 54984 0 51
78 55006 59 3 55065 0 59
768 55075 48 3 55123 0 48
463 55091 52 3 55175 32 84
126 55180 43 2 55223 0 43
297 55289 35 3 55324 0 35
737 55326 44 2 55370 0 44
305 55247 52 2 55378 79 131
573 55071 76 3 55421 274 350
978 55475 29 3 55504 0 29
255 55451 36 4 55516 29 65
206 55422 63 4 55550 65 128
716 55620 52 4 55672 0 52
827 55676 56 2 55732 0 56
167 55601 58 4 55767 108 166
418 54355 100 3 55782 1327 1427
400 55931 65 3 55996 0 65
40 56279 59 1 56338 0 59
165 56371 61 2 56432 0 61
444 56465 57 4 56522 0 57
182 56639 48 2 56687 0 48
311 56685 59 3 56746 2 61
477 56811 51 4 56862 0 51
778 57020 80 4 57100 0 80
968 57076 82 4 57182 24 106
422 57306 64 1 57370 0 64
991 57282 65 2 57411 64 129
962 57423 66 4 57489 0 66
319 57806 100 3 57906 0 100
708 57907 66 4 57973 0 66
134 57971 68 3 58041 2 70
690 58343 77 4 58420 0 77
35 58727 59 2 58786 0 59
423 58683 66 4 58808 59 125
804 58627 86 3 58838 125 211
753 58963 74 3 59037 0 74
568 59091 49 4 59140 0 49
540 59268 64 4 59332 0 64
605 59459 41 1 59500 0 41
54 59523 34 3 59557 0 34
25 59564 36 4 59600 0 36
640 59587 100 1 59700 13 113
179 59706 74 3 59780 0 74
828 59808 45 3 59853 0 45
142 59876 37 4 59913 0 37
609 59834 81 3 59971 56 137
911 60054 46 4 60100 0 46
135 60164 59 3 60223 0 59
551 60052 78 4 60235 105 183
154 60261 53 3 60314 0 53
954 60384 68 3 60452 0 68
98 60327 85 3 60480 68 153
115 60524 58 4 60582 0 58
831 60559 59 2 60641 23 82
824 60623 60 4 60745 62 122
677 60657 60 4 60761 44 104
33 60538 62 4 60823 223 285
73 60732 69 4 60892 91 160
89 60926 71 3 60997 0 71
218 60721 73 4 61036 242 315
186 61065 67 3 61132 0 67
589 61139 56 3 61195 0 56
587 61230 72 4 61302 0 72
301 60993 75 3 61306 238 313
680 61310 67 1 61377 0 67
999 61387 33 4 61420 0 33
317 61379 51 3 61463 33 84
392 61477 82 1 61559 0 82
450 61549 91 3 61650 10 101
688 61729 38 4 61767 0 38
654 61680 78 3 61796 38 116
145 61833 55 3 61888 0 55
807 61549 96 4 61917 272 368
619 62118 54 2 62172 0 54
446 62250 51 4 62301 0 51
148 62216 61 1 62328 51 112
441 62415 38 4 62453 0 38
258 62417 46 4 62499 36 82
647 62381 48 2 62513 84 132
586 62525 52 4 62577 0 52
530 62628 57 4 62685 0 57
414 62708 51 2 62759 0 51
152 62691 53 2 62795 51 104
585 62948 46 2 62994 0 46
822 62926 60 2 63032 46 106
338 62877 63 4 63046 106 169
612 63007 72 1 63118 39 111
285 63167 70 2 63237 0 70
736 63257 50 1 63307 0 50
270 63329 40 4 63369 0 40
576 63307 53 1 63400 40 93
473 63255 59 4 63457 143 202
840 63449 72 3 63529 8 80
252 63588 35 3 63623 0 35
96 63498 81 2 63645 66 147
296 62875 85 1 63661 701 786
790 63409 98 1 63759 252 350
809 63817 47 1 63864 0 47
106 64094 50 4 64144 0 50
358 64184 40 2 64224 0 40
763 64242 32 4 64274 0 32
56 64268 69 2 64343 6 75
449 64356 47 1 64403 0 47
415 64401 59 4 64462 2 61
294 64523 40 4 64563 0 40
184 64498 46 1 64584 40 86
591 64565 50 4 64634 19 69
451 64672 47 1 64719 0 47
199 64554 60 4 64741 127 187
704 64491 61 4 64795 243 304
674 64502 61 1 64856 293 354
769 64879 44 4 64923 0 44
738 64903 54 3 64977 20 74
601 64980 35 3 65015 0 35
651 64986 52 3 65067 29 81
24 64986 55 3 65122 81 136
241 64888 59 4 65178 231 290
631 64638 63 4 65218 517 580
554 64826 65 3 65283 392 457
526 65317 49 4 65366 0 49
503 65054 67 4 65399 278 345
969 65409 46 2 65455 0 46
274 64766 67 3 65512 679 746
496 64967 74 3 65586 545 619
788 65651 69 3 65720 0 69
397 65734 54 2 65788 0 54
382 65739 56 4 65844 49 105
332 65892 47 3 65939 0 47
71 65822 64 3 65955 69 133
191 65985 59 4 66044 0 59
976 66095 40 4 66135 0 40
277 65979 65 3 66143 99 164
634 65916 67 4 66186 203 270
21 66242 44 4 66286 0 44
752 66296 49 2 66345 0 49
457 66225 55 3 66373 93 148
146 66319 56 3 66429 54 110
523 65717 69 2 66445 659 728
32 66456 57 2 66513 0 57
132 65814 77 4 66579 688 765
466 66615 61 4 66676 0 61
916 66732 43 4 66775 0 43
273 66667 71 3 66790 52 123
611 66799 53 3 66852 0 53
726 66849 74 4 66926 3 77
309 66738 76 4 66993 179 255
732 67096 68 3 67164 0 68
43 67053 71 4 67192 68 139
632 64500 83 4 67196 2613 2696
734 65467 83 4 67197 1647 1730
453 67269 34 4 67303 0 34
49 67225 71 4 67330 34 105
306 67385 64 3 67449 0 64
459 67472 36 3 67508 0 36
250 67559 36 4 67595 0 36
943 67499 56 4 67600 45 101
343 67625 43 3 67668 0 43
276 67524 72 2 67715 119 191
686 67394 74 4 67766 298 372
817 67682 76 4 67842 84 160
783 67852 54 3 67906 0 54
742 67867 63 4 67969 39 102
517 67510 81 3 68040 449 530
216 66073 83 3 68040 1884 1967
676 68079 72 1 68151 0 72
630 65328 83 1 68195 2784 2867
724 65402 88 3 68283 2793 2881
618 68306 57 2 68363 0 57
390 68385 70 4 68455 0 70
498 68473 35 3 68508 0 35
832 68472 68 4 68575 35 103
492 67533 90 3 68603 980 1070
26 68605 69 3 68674 0 69
474 68708 61 2 68769 0 61
45 68773 36 4 68809 0 36
38 68786 47 2 68856 23 70
197 68784 55 3 68911 72 127
60 68730 64 3 68971 177 241
602 68728 66 3 69037 243 309
289 69044 41 1 69085 0 41
180 69111 29 2 69140 0 29
349 69085 44 3 69158 29 73
670 69077 45 4 69203 81 126
268 69244 46 3 69290 0 46
721 69088 48 3 69297 161 209
983 69058 61 4 69358 239 300
511 69418 53 3 69471 0 53
744 69116 78 3 69489 295 373
941 69421 82 4 69571 68 150
932 69578 63 1 69641 0 63
100 69662 41 3 69703 0 41
424 69681 49 3 69752 22 71
469 69752 75 2 69827 0 75
279 69850 82 2 69932 0 82
770 68723 90 2 69964 1151 1241
798 66720 91 4 70019 3208 3299
85 70063 49 2 70112 0 49
171 70159 60 3 70219 0 60
136 70106 74 4 70246 66 140
876 70303 58 3 70361 0 58
107 70382 31 4 70413 0 31
987 70306 66 2 70458 86 152
99 70043 88 4 70469 338 426
46 70517 61 1 70578 0 61
939 70477 64 4 70602 61 125
369 70548 71 4 70673 54 125
957 70690 67 4 70757 0 67
251 70745 81 4 70838 12 93
553 64310 91 2 70838 6437 6528
590 70923 66 1 70989 0 66
897 71004 44 3 71048 0 44
668 70864 82 4 71056 110 192
520 68016 94 4 71124 3014 3108
380 71210 20 2 71230 0 20
468 64718 95 3 71239 6426 6521
786 70327 100 4 71339 912 1012
649 71381 50 4 71431 0 50
613 71385 60 3 71491 46 106
432 70716 100 3 71549 733 833
256 71485 100 1 71649 64 164
869 71784 48 3 71832 0 48
756 71872 44 4 71916 0 44
140 71797 66 3 71942 79 145
18 72066 39 4 72105 0 39
485 72006 74 4 72119 39 113
698 71815 82 3 72137 240 322
908 72138 21 2 72159 0 21
564 72181 76 4 72257 0 76
800 72288 31 2 72319 0 31
63 72334 52 4 72386 0 52
861 72299 53 3 72424 72 125
379 72139 91 4 72462 232 323
189 72466 44 4 72510 0 44
695 71929 99 3 72604 576 675
892 72802 61 4 72863 0 61
74 72874 53 4 72927 0 53
561 72858 64 3 72980 58 122
915 72902 66 4 73046 78 144
858 73099 42 4 73141 0 42
815 73208 36 4 73244 0 36
675 73115 74 3 73251 62 136
781 73222 75 4 73326 29 104
13 73537 43 2 73580 0 43
681 73588 58 4 73646 0 58
667 73658 44 3 73702 0 44
712 73730 51 4 73781 0 51
557 73866 53 2 73919 0 53
810 73804 66 4 73923 53 119
845 74006 40 3 74046 0 40
813 73959 47 4 74046 40 87
929 73982 54 3 74100 64 118
638 74020 56 2 74156 80 136
958 74214 52 4 74266 0 52
687 74004 58 4 74266 204 262
994 74055 58 3 74324 211 269
448 74040 60 4 74384 284 344
50 74033 63 4 74447 351 414
938 74012 63 1 74510 435 498
661 74117 64 4 74574 393 457
887 74231 71 3 74645 343 414
743 74691 60 3 74751 0 60
536 74172 72 1 74777 533 605
931 73748 82 2 74800 970 1052
728 74853 48 3 74901 0 48
746 74942 22 3 74964 0 22
993 75007 40 4 75047 0 40
936 75003 46 4 75089 40 86
83 75183 57 4 75240 0 57
719 75328 51 4 75379 0 51
673 75428 75 2 75503 0 75
584 75673 36 3 75709 0 36
150 75645 44 3 75725 36 80
773 75674 55 2 75780 51 106
538 75702 58 3 75838 78 136
8 75696 72 4 75910 142 214
242 75973 61 4 76034 0 61
529 76096 32 4 76128 0 32
490 76064 53 1 76149 32 85
97 76052 65 4 76202 85 150
620 75921 70 3 76202 211 281
733 76252 63 2 76315 0 63
109 76018 78 3 76343 247 325
314 76463 42 4 76505 0 42
204 76475 58 1 76563 30 88
475 76593 27 4 76620 0 27
569 76605 47 3 76667 15 62
615 76647 56 4 76723 20 76
353 76694 56 2 76779 29 85
604 76524 62 4 76844 258 320
437 76690 62 4 76873 121 183
933 76429 63 4 76902 410 473
44 76945 53 2 76998 0 53
871 76705 64 3 77019 250 314
953 77046 60 2 77106 0 60
534 77127 66 4 77193 0 66
260 77227 47 2 77274 0 47
190 77202 50 2 77299 47 97
20 77267 58 2 77357 32 90
992 77410 50 2 77460 0 50
310 77260 59 4 77466 147 206
48 77114 68 2 77512 330 398
560 76505 72 4 77675 1098 1170
483 76936 72 4 77676 668 740
236 77508 72 4 77693 113 185
221 77798 38 4 77836 0 38
821 77743 67 4 77848 38 105
829 77479 75 4 77873 319 394
886 77881 38 4 77919 0 38
359 77899 53 4 77972 20 73
549 78012 35 4 78047 0 35
494 77906 56 4 78063 101 157
898 78040 59 3 78122 23 82
784 78178 38 4 78216 0 38
138 78276 58 1 78334 0 58
162 78348 50 3 78398 0 50
486 78403 50 2 78453 0 50
740 78266 60 2 78484 158 218
235 78491 41 4 78532 0 41
655 78200 64 4 78539 275 339
447 78070 71 4 78554 413 484
371 78576 47 2 78623 0 47
984 76804 75 3 78668 1789 1864
88 77267 76 3 78744 1401 1477
860 78182 79 3 78823 562 641
514 78837 70 1 78907 0 70
970 78853 74 2 78981 54 128
975 79066 65 2 79131 0 65
3 78994 80 4 79139 65 145
396 79162 50 4 79212 0 50
114 77162 81 4 79243 2000 2081
995 79310 53 1 79363 0 53
16 79286 68 3 79407 53 121
662 79383 69 4 79476 24 93
307 79092 81 2 79514 341 422
377 79529 31 2 79560 0 31
515 79552 64 3 79624 8 72
531 78592 82 4 79691 1017 1099
442 79755 61 4 79816 0 61
1000 79744 67 4 79872 61 128
300 79794 67 3 79939 78 145
497 79903 72 4 80011 36 108
283 76566 90 2 80048 3392 3482
665 77568 100 4 80148 2480 2580
977 80183 30 4 80213 0 30
925 80203 38 3 80251 10 48
656 80179 58 2 80305 68 126
367 80342 47 3 80389 0 47
937 80355 49 3 80438 34 83
378 80270 59 1 80460 131 190
471 80461 43 2 80504 0 43
616 80204 70 4 80573 299 369
648 80610 55 3 80665 0 55
426 80314 82 2 80710 314 396
510 80718 35 2 80753 0 35
715 80725 68 3 80821 28 96
413 80726 71 4 80892 95 166
543 80898 63 2 80961 0 63
852 80941 71 2 81032 20 91
11 80924 76 4 81108 108 184
603 81144 35 4 81179 0 35
623 81183 37 4 81220 0 37
836 81110 51 2 81233 72 123
435 81260 41 4 81301 0 41
478 81312 56 4 81368 0 56
476 81400 60 2 81460 0 60
863 81364 62 3 81490 64 126
224 81186 76 4 81528 266 342
624 81412 81 3 81609 116 197
111 81635 48 3 81683 0 48
966 81612 64 3 81724 48 112
516 81854 66 3 81920 0 66
643 82092 21 4 82113 0 21
789 82095 35 4 82148 18 53
119 82224 52 2 82276 0 52
556 82326 44 3 82370 0 44
127 82536 20 4 82556 0 20
240 82644 51 1 82695 0 51
405 82712 43 4 82755 0 43
209 82665 54 1 82792 73 127
956 82635 65 4 82848 148 213
267 82612 65 3 82890 213 278
525 82627 68 2 82958 263 331
299 82983 66 4 83049 0 66
261 83081 54 4 83135 0 54
844 83136 50 2 83186 0 50
430 83163 56 2 83242 23 79
838 83248 59 4 83307 0 59
997 83196 61 2 83362 105 166
211 83126 64 3 83425 235 299
727 83013 71 1 83464 380 451
671 82669 74 4 83513 770 844
946 83546 65 1 83611 0 65
814 83641 62 4 83703 0 62
131 82726 76 4 83716 914 990
803 83583 76 2 83792 133 209
434 83834 45 3 83879 0 45
187 83914 48 3 83962 0 48
315 83859 57 1 83984 68 125
672 83869 64 3 84048 115 179
771 83976 66 3 84114 72 138
595 83197 81 4 84153 875 956
707 84215 61 2 84276 0 61
327 84297 55 4 84352 0 55
282 84311 61 3 84413 41 102
924 84472 61 1 84533 0 61
125 84384 63 3 84537 90 153
900 84583 35 4 84618 0 35
339 84630 59 2 84689 0 59
103 84725 26 2 84751 0 26
762 84578 61 3 84759 120 181
243 84794 43 4 84837 0 43
645 84804 46 1 84883 33 79
834 84704 64 4 84912 144 208
67 84969 45 4 85014 0 45
47 84774 65 4 85022 183 248
175 84515 69 4 85050 466 535
717 85117 44 3 85161 0 44
316 85070 61 2 85175 44 105
344 85218 54 3 85272 0 54
545 85186 55 4 85295 54 109
944 85325 41 2 85366 0 41
375 84296 70 4 85443 1077 1147
772 84310 70 4 85444 1064 1134
720 85482 59 2 85541 0 59
918 85563 49 4 85612 0 49
705 85582 53 1 85665 30 83
849 85755 49 3 85804 0 49
600 85702 54 1 85805 49 103
806 85585 55 4 85823 183 238
383 84379 72 4 85835 1384 1456
36 85913 63 4 85976 0 63
234 85881 64 3 86008 63 127
265 86016 50 4 86066 0 50
825 86114 60 4 86174 0 60
542 85983 66 4 86184 135 201
885 86155 67 3 86251 29 96
567 86225 74 3 86325 26 100
42 86389 45 2 86434 0 45
58 86425 59 2 86493 9 68
39 86163 76 3 86505 266 342
785 85780 77 4 86536 679 756
692 86208 77 2 86613 328 405
70 86652 34 3 86686 0 34
66 86671 48 2 86734 15 63
257 86629 63 2 86774 82 145
693 86789 43 4 86832 0 43
144 86645 72 1 86889 172 244
388 84185 82 4 86905 2638 2720
575 86924 82 3 87006 0 82
183 87038 67 3 87105 0 67
433 87134 26 4 87160 0 26
663 87023 72 3 87188 93 165
482 87227 51 4 87278 0 51
855 87103 75 1 87314 136 211
912 87317 55 1 87372 0 55
718 87430 54 1 87484 0 54
17 87374 56 2 87484 54 110
237 87584 47 4 87631 0 47
37 87561 51 4 87659 47 98
272 87537 56 2 87691 98 154
867 87721 50 2 87771 0 50
454 87777 55 4 87832 0 55
928 87513 65 3 87837 259 324
205 87838 62 1 87900 0 62
683 87905 26 1 87931 0 26
629 87587 66 4 87991 338 404
278 88067 51 3 88118 0 51
735 88135 47 4 88182 0 47
118 88038 57 2 88193 98 155
658 88119 61 2 88254 74 135
366 87730 70 3 88277 477 547
555 88274 71 3 88348 3 74
580 88351 42 1 88393 0 42
653 88208 72 4 88462 182 254
399 87469 72 2 88505 964 1036
882 87926 75 4 88580 579 654
818 88189 76 2 88656 391 467
149 88726 37 3 88763 0 37
493 88823 39 3 88862 0 39
940 88723 71 2 88870 76 147
866 88927 53 2 88980 0 53
129 88722 74 2 88996 200 274
495 88554 77 4 89007 376 453
409 88162 79 1 89086 845 924
5 89097 75 2 89172 0 75
907 89181 52 3 89233 0 52
572 89220 52 2 89285 13 65
324 89337 40 3 89377 0 40
959 89359 53 4 89430 18 71
617 89487 25 1 89512 0 25
961 89479 30 3 89534 25 55
185 89438 43 4 89536 55 98
334 89379 58 3 89586 149 207
881 89530 59 3 89645 56 115
321 89379 63 1 89708 266 329
465 89342 64 3 89772 366 430
354 89783 50 4 89833 0 50
200 89867 37 2 89904 0 37
521 89966 45 4 90011 0 45
594 90063 46 3 90109 0 46
467 90024 55 2 90125 46 101
678 90138 50 3 90188 0 50
281 90211 49 1 90260 0 49
541 90267 31 4 90298 0 31
637 89989 56 1 90298 253 309
919 89919 59 1 90310 332 391
456 90036 63 4 90373 274 337
963 90386 42 1 90428 0 42
689 89946 63 3 90478 469 532
563 90484 50 2 90534 0 50
259 90222 67 3 90595 306 373
287 90022 68 3 90663 573 641
12 90700 41 4 90741 0 41
92 90716 51 3 90792 25 76
304 90288 68 1 90823 467 535
420 90866 27 3 90893 0 27
574 90883 66 2 90959 10 76
368 90977 45 4 91022 0 45
116 91020 55 2 91077 2 57
269 90394 74 3 91090 622 696
452 89768 76 4 91122 1278 1354
320 91177 50 3 91227 0 50
384 91178 61 3 91288 49 110
196 90914 76 4 91293 303 379
238 91100 77 3 91370 193 270
264 91384 58 4 91442 0 58
398 89576 82 1 91510 1852 1934
562 88324 83 4 91521 3114 3197
960 91527 54 1 91581 0 54
130 91616 42 2 91658 0 42
104 91591 61 2 91694 42 103
323 91823 54 4 91877 0 54
445 91888 40 4 91928 0 40
801 91898 45 1 91973 30 75
75 91945 54 2 92027 28 82
577 91807 58 2 92058 193 251
766 91766 62 4 92079 251 313
394 92003 62 3 92141 76 138
347 91737 63 3 92175 375 438
547 92212 49 4 92261 0 49
967 92261 49 4 92310 0 49
395 91746 69 1 92342 527 596
610 91570 82 4 92371 719 801
598 89063 83 3 92448 3302 3385
650 92578 44 4 92622 0 44
622 92609 53 4 92675 13 66
853 92685 49 4 92734 0 49
888 92748 56 3 92804 0 56
193 92576 59 4 92837 202 261
711 92712 68 3 92905 125 193
703 92911 57 4 92968 0 57
880 93010 53 3 93063 0 53
945 92908 61 4 93079 110 171
80 92947 61 2 93140 132 193
570 93154 33 3 93187 0 33
322 93218 55 4 93273 0 55
702 93000 65 3 93293 228 293
864 93307 49 3 93356 0 49
759 92915 67 3 93409 427 494
77 93429 36 4 93465 0 36
904 93411 45 4 93492 36 81
271 93408 71 3 93561 82 153
985 93235 74 3 93635 326 400
833 93702 52 2 93754 0 52
87 93736 62 4 93816 18 80
660 93664 67 3 93845 114 181
440 93897 48 4 93945 0 48
302 93942 63 3 94008 3 66
972 94064 48 4 94112 0 48
877 94078 56 4 94168 34 90
865 94142 57 4 94225 26 83
81 94102 65 3 94290 123 188
518 93963 67 4 94301 271 338
290 94303 34 4 94337 0 34
930 93894 67 1 94399 438 505
284 94428 42 3 94470 0 42
920 94023 71 3 94512 418 489
220 94621 51 1 94672 0 51
472 94575 60 4 94686 51 111
27 94778 25 3 94803 0 25
760 94751 64 4 94840 25 89
973 94607 65 3 94840 168 233
68 94847 28 1 94875 0 28
636 94875 48 4 94923 0 48
194 94943 44 1 94987 0 44
682 94968 53 3 95040 19 72
28 94851 57 2 95077 169 226
174 95102 26 2 95128 0 26
102 95093 45 3 95164 26 71
646 95203 47 1 95250 0 47
489 95165 53 4 95265 47 100
157 94724 65 1 95364 575 640
293 95366 52 4 95418 0 52
479 94961 65 1 95423 397 462
82 95492 42 4 95534 0 42
558 95523 67 3 95601 11 78
751 94651 69 3 95601 881 950
15 95639 25 4 95664 0 25
701 95632 63 4 95720 25 88
337 94902 70 4 95759 787 857
974 95822 46 4 95868 0 46
524 95778 50 2 95874 46 96
694 95766 68 3 95930 96 164
228 95986 39 3 96025 0 39
639 95987 43 2 96068 38 81
385 95958 45 3 96085 82 127
935 96066 49 4 96134 19 68
787 96153 52 4 96205 0 52
913 96079 55 4 96241 107 162
416 96254 59 4 96313 0 59
666 96138 60 2 96360 162 222
312 96436 56 4 96492 0 56
263 96379 64 3 96499 56 120
635 96274 65 4 96545 206 271
757 96439 71 3 96616 106 177
181 95637 73 3 96654 944 1017
57 96721 33 4 96754 0 33
192 95246 74 4 96761 1441 1515
350 96833 44 3 96877 0 44
990 96962 45 3 97007 0 45
565 96935 49 4 97029 45 94
403 96724 75 4 97049 250 325
303 96306 75 4 97049 668 743
593 94494 76 3 97062 2492 2568
859 97080 62 4 97142 0 62
376 97232 20 4 97252 0 20
291 97183 63 4 97267 21 84
597 97265 63 4 97329 1 64
700 97121 67 2 97355 167 234
846 97371 47 2 97418 0 47
641 97416 52 4 97470 2 54
808 97463 66 2 97536 7 73
2 97626 32 4 97658 0 32
745 97711 58 3 97769 0 58
365 97727 59 3 97828 42 101
91 97800 62 2 97890 28 90
767 97675 63 3 97917 179 242
460 97823 63 2 97980 94 157
62 97706 66 4 98046 274 340
7 97588 66 2 98057 403 469
795 98067 67 4 98134 0 67
201 98225 64 4 98289 0 64
177 98163 66 4 98293 64 130
528 97885 69 4 98323 369 438
964 97259 69 3 98324 996 1065
982 98174 71 4 98395 150 221
891 98467 51 4 98518 0 51
491 98423 53 4 98527 51 104
275 98543 56 3 98599 0 56
942 98588 59 4 98658 11 70
53 98646 61 4 98719 12 73
439 98092 71 3 98746 583 654
754 98769 49 2 98818 0 49
893 98741 73 4 98868 54 127
428 98918 44 4 98962 0 44
606 98882 53 4 98979 44 97
245 98994 48 4 99042 0 48
51 97465 76 4 99089 1548 1624
266 99099 62 2 99161 0 62
229 99179 50 3 99229 0 50
571 99261 68 3 99329 0 68
484 94057 78 4 99329 5194 5272
159 99446 62 2 99508 0 62
29 99520 66 1 99586 0 66
917 99611 49 3 99660 0 49
811 99661 32 3 99693 0 32
110 99500 70 2 99725 155 225
596 99789 65 2 99854 0 65
355 99592 70 1 99860 198 268
839 99948 31 4 99979 0 31
948 99937 50 4 100018 31 81
223 99905 53 3 100039 81 134
90 99877 57 2 100068 134 191
286 99993 67 3 100135 75 142
248 99920 75 4 100210 215 290
61 94219 78 3 100230 5933 6011
325 97539 78 3 100232 2615 2693
506 92930 78 2 100232 7224 7302
117 94905 79 3 100311 5327 5406
113 97090 80 4 100391 3221 3301
176 96355 80 1 100471 4036 4116
951 98818 81 3 100552 1653 1734
862 99129 83 4 100635 1423 1506
161 88583 83 2 100669 12003 12086
890 92249 83 2 100670 8338 8421
480 96865 84 4 100754 3805 3889
500 95959 84 2 100838 4795 4879
499 83272 85 3 100863 17506 17591
436 92093 85 3 100935 8757 8842
955 93222 85 1 101020 7713 7798
722 96764 86 3 101106 4256 4342
583 90226 87 3 101193 10880 10967
996 96906 87 2 101280 4287 4374
455 82615 88 3 101456 18753 18841
747 99994 88 3 101456 1374 1462
335 96563 90 4 101546 4893 4983
899 95764 90 2 101636 5782 5872
856 95744 92 3 101728 5892 5984
431 83198 93 4 101821 18530 18623
230 85585 95 3 101916 16236 16331
214 86828 96 3 102012 15088 15184
725 89312 98 4 102208 12798 12896
697 84281 98 4 102208 17829 17927
374 90844 98 3 102404 11462 11560
4 84014 98 3 102404 18292 18390
952 95771 98 2 102502 6633 6731
95 86671 100 4 102602 15831 15931
