99989 1000 111 65
323 3131 31 1 3162 0 31
225 3485 27 1 3512 0 27
243 3491 58 3 3571 22 80
38 3781 39 4 3820 0 39
6 4335 67 2 4402 0 67
673 4444 53 3 4497 0 53
430 4851 86 3 4937 0 86
523 6276 24 4 6300 0 24
194 6304 68 4 6372 0 68
725 6956 32 4 6988 0 32
553 7534 50 3 7584 0 50
449 7910 53 1 7963 0 53
213 8559 53 2 8612 0 53
490 8679 32 3 8711 0 32
680 9051 58 3 9109 0 58
485 9151 64 3 9215 0 64
865 9377 49 3 9426 0 49
176 9495 69 2 9564 0 69
77 9510 24 3 9589 55 79
9 9783 28 3 9811 0 28
33 10661 61 4 10722 0 61
829 11244 50 4 11294 0 50
763 11630 35 2 11665 0 35
268 11663 62 4 11728 3 65
341 12461 51 3 12512 0 51
103 12612 36 1 12648 0 36
880 13202 74 2 13276 0 74
958 13929 22 2 13951 0 22
529 14509 24 1 14533 0 24
649 14630 81 1 14711 0 81
895 14720 54 2 14774 0 54
203 14785 22 3 14807 0 22
994 14840 23 4 14863 0 23
975 16000 66 1 16066 0 66
27 16079 59 4 16138 0 59
86 16175 22 3 16197 0 22
447 16863 55 1 16918 0 55
67 17697 24 4 17721 0 24
293 17833 47 4 17880 0 47
226 18004 61 4 18065 0 61
932 18106 38 4 18144 0 38
819 18530 61 3 18591 0 61
60 18618 21 3 18639 0 21
304 18653 28 4 18681 0 28
46 19273 43 2 19316 0 43
164 20531 90 2 20621 0 90
435 20827 47 2 20874 0 47
85 20997 22 4 21019 0 22
456 21088 55 3 21143 0 55
952 21104 51 4 21195 40 91
282 21115 50 3 21245 80 130
410 21218 32 4 21278 28 60
489 21767 22 4 21789 0 22
206 21872 76 1 21948 0 76
136 22202 51 1 22253 0 51
421 22581 75 3 22656 0 75
175 22840 33 3 22873 0 33
756 22970 61 3 23031 0 61
259 23112 31 3 23143 0 31
593 23141 86 2 23230 3 89
151 23364 61 4 23425 0 61
685 23437 60 2 23497 0 60
887 23719 38 4 23757 0 38
953 23935 52 4 23987 0 52
303 24240 39 4 24279 0 39
314 24336 75 1 24411 0 75
618 24341 27 2 24439 71 98
395 24413 78 1 24518 27 105
896 24734 21 2 24755 0 21
797 25417 40 4 25457 0 40
346 26135 43 4 26178 0 43
751 26324 60 3 26384 0 60
146 26883 24 4 26907 0 24
632 26902 54 3 26962 6 60
691 27297 26 3 27323 0 26
192 27315 39 4 27363 9 48
183 27322 20 4 27383 41 61
843 27685 48 4 27733 0 48
655 28378 31 4 28409 0 31
338 28455 26 1 28481 0 26
846 28548 36 3 28584 0 36
134 28585 23 4 28608 0 23
792 28682 50 4 28732 0 50
422 29207 39 1 29246 0 39
770 29238 42 1 29289 9 51
737 29528 36 2 29564 0 36
71 29552 31 4 29596 13 44
891 29619 61 4 29680 0 61
167 29786 62 3 29848 0 62
830 30060 55 4 30115 0 55
22 30236 60 3 30296 0 60
58 30348 39 2 30387 0 39
49 30486 23 2 30509 0 23
870 30560 61 4 30621 0 61
778 30673 22 1 30695 0 22
661 30727 35 4 30762 0 35
581 30845 31 1 30876 0 31
607 31221 32 4 31253 0 32
882 31295 23 1 31318 0 23
832 31358 26 2 31384 0 26
70 31388 26 4 31414 0 26
859 31409 46 4 31461 6 52
914 31446 46 2 31508 16 62
571 31521 48 3 31569 0 48
25 31812 21 4 31833 0 21
519 31812 46 3 31879 21 67
400 31826 57 4 31937 54 111
362 31842 25 4 31962 95 120
165 31903 84 3 32047 60 144
295 31933 41 2 32088 114 155
483 32144 65 1 32209 0 65
567 32193 40 3 32250 17 57
717 32436 63 3 32499 0 63
820 32585 47 3 32632 0 47
633 32616 31 3 32664 17 48
385 33158 44 1 33202 0 44
987 33163 27 4 33230 40 67
84 33245 80 4 33325 0 80
344 33254 45 3 33371 72 117
305 33387 48 3 33435 0 48
31 33528 52 4 33580 0 52
738 33700 31 3 33731 0 31
376 33905 53 3 33958 0 53
133 34015 54 4 34069 0 54
29 34080 58 4 34138 0 58
326 34128 66 2 34205 11 77
652 34202 53 4 34259 4 57
739 34364 35 4 34399 0 35
102 34696 83 2 34779 0 83
152 34876 48 2 34924 0 48
759 34913 22 2 34947 12 34
791 35056 45 4 35101 0 45
936 35164 22 2 35186 0 22
696 35359 71 4 35430 0 71
411 35447 44 3 35491 0 44
409 35494 38 4 35532 0 38
54 35662 49 4 35711 0 49
710 35875 84 3 35959 0 84
583 36094 28 3 36122 0 28
44 36399 31 2 36430 0 31
780 36772 25 3 36797 0 25
16 36976 30 4 37006 0 30
727 37185 75 2 37260 0 75
170 37265 42 3 37307 0 42
40 37560 46 3 37606 0 46
340 37649 40 4 37689 0 40
552 37799 26 2 37825 0 26
670 37894 29 4 37923 0 29
640 38273 73 1 38346 0 73
255 38374 20 2 38394 0 20
939 38504 36 2 38540 0 36
480 38529 33 4 38574 12 45
954 38800 68 2 38868 0 68
925 38815 26 2 38895 54 80
611 38853 68 3 38963 42 110
635 38918 27 4 38991 46 73
457 38928 43 1 39034 63 106
256 39038 42 2 39080 0 42
799 39084 44 2 39128 0 44
719 39349 67 3 39416 0 67
126 39640 26 3 39666 0 26
189 39843 83 1 39926 0 83
720 39853 52 3 39979 74 126
479 39863 59 2 40038 116 175
4 39890 34 4 40072 148 182
322 40128 35 4 40163 0 35
644 40300 21 2 40321 0 21
311 40356 30 4 40386 0 30
262 40377 89 3 40476 10 99
629 40952 34 3 40986 0 34
399 41076 35 1 41111 0 35
108 41119 57 3 41176 0 57
972 41215 36 4 41251 0 36
454 41478 35 2 41513 0 35
973 41572 25 3 41597 0 25
112 41597 23 4 41621 1 24
802 41653 71 2 41724 0 71
3 41656 75 4 41800 69 144
643 41849 22 4 41871 0 22
110 42042 73 3 42115 0 73
943 42183 46 4 42229 0 46
851 42190 71 4 42301 40 111
373 42212 51 1 42352 89 140
242 42212 79 4 42431 140 219
191 42296 44 4 42476 136 180
222 42793 31 3 42824 0 31
838 42800 64 4 42889 25 89
565 43093 24 3 43117 0 24
986 43394 28 4 43422 0 28
599 43408 59 4 43482 15 74
613 43561 82 4 43643 0 82
20 43623 25 1 43669 21 46
861 43770 33 4 43803 0 33
398 43869 24 3 43893 0 24
111 43915 37 4 43952 0 37
686 43942 50 3 44003 11 61
509 44037 44 3 44081 0 44
75 44112 23 4 44135 0 23
885 44183 34 2 44217 0 34
301 44567 43 3 44610 0 43
275 44592 25 4 44636 19 44
605 44674 41 3 44715 0 41
884 44817 56 4 44873 0 56
918 44827 30 3 44904 47 77
546 44955 32 3 44987 0 32
55 45109 21 1 45130 0 21
369 45292 59 4 45351 0 59
668 45375 35 4 45410 0 35
124 45721 29 3 45750 0 29
991 45783 44 2 45827 0 44
693 46051 31 3 46082 0 31
466 46098 25 4 46123 0 25
161 46235 25 1 46260 0 25
594 46427 32 3 46459 0 32
427 46539 22 4 46561 0 22
942 46577 25 2 46602 0 25
724 46665 35 4 46700 0 35
713 47113 21 4 47134 0 21
524 47213 51 3 47264 0 51
544 47342 84 4 47426 0 84
766 47348 62 3 47489 79 141
378 47369 31 4 47520 120 151
702 47435 52 4 47573 86 138
548 47438 62 4 47635 135 197
405 47626 74 4 47710 10 84
459 47643 38 4 47749 68 106
960 47775 34 4 47809 0 34
971 47816 67 2 47883 0 67
163 47932 39 3 47971 0 39
499 47958 65 4 48037 14 79
950 47979 27 2 48065 59 86
389 48032 36 4 48101 33 69
116 48256 46 3 48302 0 46
616 48382 47 2 48429 0 47
901 48405 34 3 48464 25 59
520 48410 37 1 48501 54 91
920 48428 41 4 48542 73 114
172 48681 24 4 48705 0 24
659 48744 83 4 48827 0 83
532 48928 49 4 48977 0 49
748 49406 25 3 49431 0 25
491 49633 42 3 49675 0 42
592 49775 39 4 49814 0 39
478 49909 33 3 49942 0 33
375 50021 80 4 50101 0 80
37 50059 42 3 50144 43 85
516 50062 32 2 50176 82 114
786 50123 73 3 50250 54 127
873 50250 51 4 50302 1 52
236 50504 23 4 50527 0 23
723 51053 35 4 51088 0 35
824 51131 24 1 51155 0 24
205 51346 24 4 51370 0 24
274 51440 59 4 51499 0 59
679 51575 44 4 51619 0 44
107 51688 52 3 51740 0 52
858 51743 31 2 51774 0 31
883 51754 45 2 51820 21 66
15 51770 36 4 51856 50 86
806 51958 51 3 52009 0 51
397 52051 53 4 52104 0 53
374 52085 38 4 52143 20 58
709 52156 38 4 52194 0 38
997 52517 50 2 52567 0 50
722 52547 26 3 52594 21 47
35 52569 89 4 52684 26 115
560 52600 71 1 52756 85 156
588 52655 26 4 52782 101 127
979 52670 68 1 52850 112 180
496 52730 26 2 52877 121 147
757 52764 63 2 52940 113 176
179 52803 29 4 52969 137 166
800 52862 41 4 53011 108 149
699 52912 63 1 53074 99 162
115 52921 38 4 53112 153 191
624 52947 62 4 53174 165 227
147 53089 24 3 53199 86 110
497 53274 69 3 53343 0 69
762 53281 70 2 53414 63 133
863 53295 81 3 53495 119 200
309 53377 25 3 53521 119 144
149 53471 24 2 53545 50 74
849 53474 86 2 53631 71 157
383 53509 53 4 53685 123 176
227 53618 49 2 53734 67 116
860 53662 90 2 53825 73 163
755 53905 51 2 53956 0 51
169 53924 46 4 54003 33 79
538 54007 40 4 54047 0 40
788 54089 42 1 54131 0 42
718 54218 32 3 54250 0 32
372 54268 92 4 54360 0 92
648 54275 42 4 54403 86 128
271 54362 26 4 54430 42 68
615 54423 36 2 54467 8 44
515 54638 46 1 54684 0 46
905 54796 66 3 54862 0 66
533 54876 49 1 54925 0 49
158 54878 25 2 54951 48 73
572 55171 31 4 55202 0 31
708 55301 33 3 55334 0 33
764 55301 23 2 55357 33 56
89 55350 45 3 55403 8 53
678 55599 21 4 55620 0 21
358 55799 96 4 55895 0 96
531 55902 28 2 55930 0 28
999 56025 58 3 56083 0 58
1000 56044 36 4 56120 40 76
440 56046 44 4 56164 74 118
96 56080 28 4 56192 84 112
180 56252 53 4 56305 0 53
357 56260 66 4 56372 46 112
284 56318 99 4 56472 55 154
99 56452 29 4 56502 21 50
983 56651 64 4 56715 0 64
768 56701 51 4 56767 15 66
221 56708 51 4 56818 59 110
854 56709 38 4 56856 109 147
955 56710 35 3 56891 146 181
144 57065 38 2 57103 0 38
716 57067 55 4 57159 37 92
831 57158 42 4 57202 2 44
856 57179 34 3 57237 24 58
862 57265 40 3 57305 0 40
798 57337 38 2 57375 0 38
790 57513 64 4 57577 0 64
689 57520 61 3 57639 58 119
452 57522 46 3 57685 117 163
220 57695 48 3 57743 0 48
439 57709 20 3 57764 35 55
8 58187 39 4 58226 0 39
904 58237 63 4 58300 0 63
182 58410 24 4 58434 0 24
568 58436 29 4 58465 0 29
155 58506 32 4 58538 0 32
30 58531 51 2 58590 8 59
941 58635 85 2 58720 0 85
393 58923 37 2 58960 0 37
356 59021 48 3 59069 0 48
841 59063 36 2 59106 7 43
712 59073 47 3 59154 34 81
628 59091 50 3 59204 63 113
695 59098 28 4 59232 106 134
90 59401 43 2 59444 0 43
514 59539 35 4 59574 0 35
202 59548 47 3 59622 27 74
963 59558 30 4 59652 64 94
769 59594 73 2 59726 59 132
114 59608 53 4 59779 118 171
402 59626 58 4 59837 153 211
74 59659 34 4 59872 179 213
935 59703 23 4 59895 169 192
302 59783 25 1 59920 112 137
598 59896 57 4 59978 25 82
825 59940 32 4 60011 39 71
287 59973 73 4 60084 38 111
741 60323 74 2 60397 0 74
610 60346 25 3 60423 52 77
319 60439 51 4 60490 0 51
871 60685 40 3 60725 0 40
235 60712 75 2 60801 14 89
470 60732 27 1 60829 70 97
980 60767 22 1 60851 62 84
177 60791 28 4 60879 60 88
915 60983 21 4 61004 0 21
732 61158 80 4 61238 0 80
630 61177 46 1 61285 62 108
503 61234 32 4 61317 51 83
758 61248 45 4 61363 70 115
157 61262 78 4 61441 101 179
417 61469 42 3 61511 0 42
874 61682 83 4 61765 0 83
481 61769 58 2 61827 0 58
88 61862 37 3 61899 0 37
460 61917 32 4 61949 0 32
438 61943 67 2 62017 7 74
475 61977 85 4 62103 41 126
171 62064 44 1 62148 40 84
664 62090 27 3 62175 58 85
168 62148 78 1 62254 28 106
106 62169 46 2 62300 85 131
982 62240 46 3 62347 61 107
461 62297 22 4 62369 50 72
463 62316 65 3 62435 54 119
656 62419 30 2 62466 17 47
855 62475 29 4 62504 0 29
91 62491 27 1 62532 14 41
349 62520 37 4 62570 13 50
432 62557 34 4 62605 14 48
368 62558 45 4 62650 47 92
403 62687 49 4 62736 0 49
823 62798 57 2 62855 0 57
248 62798 44 4 62899 57 101
250 62932 23 2 62955 0 23
930 63029 27 2 63056 0 27
566 63204 29 3 63233 0 29
869 63215 72 4 63306 19 91
671 63285 49 3 63356 22 71
212 63354 81 3 63438 3 84
666 63395 69 4 63508 44 113
467 63395 36 4 63544 113 149
990 63472 67 1 63612 73 140
178 63478 58 1 63670 134 192
32 63499 44 2 63714 171 215
836 63511 22 4 63736 203 225
361 63564 34 3 63771 173 207
18 63614 23 4 63794 157 180
251 63646 51 4 63845 148 199
494 63648 31 3 63876 197 228
200 63840 52 3 63929 37 89
850 63968 27 4 63995 0 27
137 63991 26 3 64022 5 31
517 64050 49 4 64099 0 49
230 64103 58 3 64161 0 58
53 64336 28 1 64364 0 28
961 64377 27 4 64404 0 27
872 64455 36 3 64491 0 36
558 64552 26 3 64578 0 26
582 64626 54 4 64680 0 54
576 64627 32 4 64713 54 86
57 64647 46 3 64759 66 112
747 64775 46 3 64821 0 46
897 64799 45 3 64867 23 68
504 64819 50 4 64917 48 98
229 64870 44 4 64962 48 92
342 64959 40 4 65003 4 44
587 65030 23 3 65053 0 23
984 65116 79 4 65195 0 79
773 65266 72 4 65338 0 72
917 65332 43 4 65382 7 50
80 65361 25 3 65408 22 47
408 65408 60 2 65469 1 61
298 65468 30 4 65500 2 32
244 65534 54 3 65588 0 54
436 65716 33 2 65749 0 33
426 65725 24 3 65774 25 49
240 65738 77 1 65851 36 113
647 65804 38 3 65890 48 86
232 65806 70 4 65960 84 154
328 65868 29 3 65990 93 122
645 65911 23 4 66013 79 102
682 65918 34 4 66047 95 129
51 65942 23 4 66070 105 128
750 65960 46 4 66116 110 156
852 66100 27 3 66144 17 44
66 66120 80 4 66225 25 105
450 66214 68 4 66294 12 80
784 66312 23 3 66335 0 23
434 66316 55 3 66391 20 75
609 66541 56 4 66597 0 56
534 66577 29 3 66627 21 50
281 66617 34 4 66662 11 45
564 66709 89 3 66798 0 89
970 66709 37 3 66835 89 126
208 66779 52 3 66888 57 109
162 66883 20 3 66909 6 26
684 66901 44 2 66954 9 53
502 66940 48 2 67003 15 63
261 67275 44 2 67319 0 44
989 67312 52 2 67372 8 60
557 67350 59 4 67432 23 82
315 67361 46 4 67478 71 117
39 67550 47 3 67597 0 47
325 67640 73 4 67713 0 73
746 67744 89 2 67833 0 89
241 67764 27 4 67861 70 97
795 67811 46 3 67907 50 96
234 67911 67 4 67978 0 67
796 68017 45 4 68062 0 45
486 68260 66 3 68326 0 66
87 68431 20 3 68451 0 20
143 68488 67 3 68555 0 67
347 68498 53 4 68609 58 111
807 68605 75 2 68685 5 80
366 68692 52 4 68744 0 52
371 68735 56 2 68801 10 66
928 68756 43 4 68845 46 89
704 68822 60 2 68906 24 84
550 68827 51 3 68957 79 130
52 68985 68 4 69053 0 68
812 68997 23 4 69077 57 80
669 69009 82 2 69159 68 150
59 69012 60 2 69219 147 207
909 69032 45 4 69264 187 232
414 69146 73 3 69338 119 192
307 69149 56 2 69394 189 245
927 69317 62 2 69457 78 140
542 69360 87 3 69544 97 184
993 69381 42 1 69586 163 205
291 69510 34 4 69621 77 111
527 69512 45 4 69666 109 154
837 69540 29 3 69695 126 155
707 69708 88 3 69796 0 88
908 69882 31 3 69913 0 31
332 69911 40 4 69954 3 43
196 69959 89 4 70048 0 89
384 70016 50 3 70099 33 83
931 70024 65 4 70164 75 140
974 70191 58 1 70249 0 58
551 70285 76 2 70361 0 76
13 70285 36 4 70397 76 112
828 70324 87 2 70485 74 161
473 70572 66 4 70638 0 66
570 70744 59 4 70803 0 59
380 70778 41 3 70845 26 67
316 70928 49 4 70977 0 49
330 70956 70 2 71048 22 92
573 70965 50 2 71098 83 133
731 70994 51 2 71150 105 156
813 71088 80 1 71230 62 142
299 71092 29 1 71259 138 167
639 71470 27 4 71497 0 27
334 71612 22 3 71634 0 22
360 71672 42 4 71714 0 42
5 71831 23 2 71854 0 23
437 71891 27 2 71918 0 27
857 72080 29 1 72109 0 29
964 72153 46 4 72199 0 46
193 72197 71 4 72271 3 74
113 72213 59 4 72331 59 118
204 72219 29 4 72360 112 141
574 72420 61 4 72481 0 61
93 72432 70 4 72552 50 120
492 72572 80 4 72652 0 80
578 72578 63 3 72716 75 138
198 72716 67 3 72784 1 68
721 72831 23 4 72854 0 23
600 72999 40 2 73039 0 40
354 73019 39 4 73079 21 60
211 73054 22 1 73102 26 48
761 73055 34 4 73136 47 81
231 73076 57 2 73193 60 117
563 73169 49 1 73243 25 74
239 73217 72 2 73316 27 99
351 73342 61 1 73403 0 61
775 73346 62 3 73466 58 120
201 73346 25 4 73491 120 145
687 73393 43 2 73534 98 141
596 73457 47 3 73582 78 125
957 73472 38 4 73620 110 148
159 73601 68 4 73689 20 88
754 73678 62 4 73752 12 74
73 73739 43 2 73796 14 57
911 73793 75 4 73872 4 79
847 73796 31 3 73903 76 107
745 73814 32 4 73936 90 122
658 73894 54 4 73990 42 96
597 73906 78 3 74069 85 163
653 73953 30 1 74099 116 146
907 73988 53 4 74152 111 164
736 74010 33 3 74186 143 176
210 74089 28 3 74214 97 125
128 74153 21 4 74235 61 82
663 74169 31 4 74267 67 98
17 74242 37 4 74305 26 63
694 74253 22 2 74327 52 74
249 74258 70 2 74397 69 139
83 74301 30 4 74428 97 127
429 74454 63 4 74517 0 63
833 74532 80 2 74612 0 80
539 74547 47 1 74660 66 113
985 74615 20 4 74681 46 66
333 74761 52 3 74813 0 52
353 74798 33 4 74847 16 49
233 74836 34 3 74882 12 46
28 75042 76 3 75118 0 76
536 75092 27 4 75146 27 54
826 75155 28 4 75183 0 28
923 75230 68 3 75298 0 68
118 75237 41 4 75340 62 103
72 75238 61 4 75401 102 163
822 75326 26 2 75428 76 102
868 75442 27 4 75469 0 27
681 75662 23 3 75685 0 23
772 75683 47 4 75733 3 50
889 75731 35 3 75769 3 38
864 75741 60 3 75830 29 89
549 75799 47 4 75878 32 79
62 75843 38 2 75917 36 74
789 75949 37 4 75986 0 37
638 75981 24 3 76011 6 30
404 76024 71 2 76095 0 71
238 76061 33 4 76129 35 68
247 76120 63 2 76193 10 73
355 76261 57 1 76318 0 57
498 76271 38 3 76357 48 86
348 76281 61 1 76418 76 137
63 76503 40 1 76543 0 40
777 76589 46 4 76635 0 46
263 76721 22 3 76743 0 22
893 76743 62 2 76806 1 63
507 76786 28 4 76835 21 49
785 76823 24 2 76860 13 37
740 76831 65 4 76925 29 94
139 76883 22 1 76948 43 65
337 76883 60 1 77008 65 125
391 77100 32 2 77132 0 32
614 77264 36 3 77300 0 36
359 77387 23 3 77410 0 23
848 77447 50 4 77497 0 50
458 77563 79 3 77642 0 79
246 77640 67 4 77710 3 70
122 77689 37 4 77748 22 59
276 77693 27 4 77775 55 82
365 77833 70 4 77903 0 70
715 77864 45 4 77949 40 85
968 77972 22 4 77994 0 22
260 78017 32 4 78049 0 32
910 78035 62 3 78112 15 77
545 78088 34 3 78147 25 59
760 78148 63 3 78211 0 63
127 78152 29 4 78241 60 89
26 78234 47 3 78289 8 55
294 78245 43 2 78333 45 88
767 78267 50 1 78383 66 116
528 78330 37 1 78421 54 91
104 78428 98 3 78526 0 98
934 78494 56 1 78583 33 89
465 78532 57 2 78641 52 109
173 78570 45 3 78686 71 116
779 78664 23 4 78710 23 46
774 78670 65 2 78775 40 105
61 78761 25 4 78801 15 40
752 78805 39 2 78844 0 39
776 78897 41 4 78938 0 41
265 78934 40 4 78979 5 45
508 79020 61 1 79081 0 61
817 79061 83 4 79165 21 104
82 79061 85 3 79250 104 189
186 79177 64 3 79315 74 138
140 79253 29 4 79345 63 92
285 79346 45 4 79391 0 45
839 79537 73 3 79610 0 73
569 79880 32 4 79912 0 32
277 79902 64 2 79977 11 75
97 79941 54 2 80032 37 91
672 79998 65 4 80098 35 100
913 79998 34 3 80132 100 134
922 79998 59 2 80191 134 193
744 80021 43 3 80234 170 213
153 80315 80 4 80395 0 80
109 80346 23 1 80419 50 73
962 80359 41 3 80460 60 101
886 80450 33 2 80494 11 44
641 80492 30 2 80525 3 33
995 80580 46 4 80626 0 46
2 80598 37 4 80664 29 66
339 80629 33 3 80698 36 69
121 80796 43 4 80839 0 43
379 80874 27 4 80901 0 27
623 80889 52 2 80954 13 65
474 80934 71 4 81026 21 92
805 80983 44 4 81071 44 88
602 80995 46 3 81117 76 122
343 81019 69 4 81186 98 167
881 81144 38 4 81225 43 81
444 81198 39 4 81265 28 67
65 81256 35 2 81301 10 45
844 81389 63 3 81452 0 63
604 81460 95 3 81555 0 95
370 81476 52 3 81608 80 132
237 81491 22 4 81630 117 139
690 81545 72 3 81702 85 157
464 81545 34 4 81736 157 191
195 81635 40 3 81777 102 142
559 81684 71 3 81848 93 164
327 81686 83 3 81931 162 245
431 81705 37 4 81968 226 263
253 81750 30 4 81999 219 249
257 81809 32 4 82031 190 222
978 81823 70 2 82101 208 278
501 81855 83 3 82184 246 329
270 81873 32 1 82216 311 343
11 81875 63 2 82279 341 404
554 81931 26 4 82305 348 374
145 81951 76 4 82381 354 430
386 82066 23 2 82405 316 339
318 82189 69 3 82474 216 285
471 82451 32 3 82507 24 56
642 82451 28 1 82535 56 84
345 82458 66 2 82601 77 143
264 82470 43 2 82644 131 174
892 82472 29 4 82673 172 201
937 82750 65 3 82815 0 65
969 82755 44 4 82860 61 105
423 82759 81 2 82941 101 182
584 82803 41 4 82982 138 179
313 82891 63 4 83046 92 155
714 82898 27 2 83073 148 175
214 82977 52 4 83125 96 148
505 82977 51 1 83176 148 199
827 82982 35 3 83211 194 229
540 83000 31 4 83243 212 243
482 83017 75 3 83318 226 301
279 83080 77 4 83395 238 315
469 83182 29 4 83424 213 242
674 83273 42 2 83467 152 194
688 83323 30 3 83497 144 174
535 83341 65 3 83562 156 221
657 83453 57 4 83620 110 167
749 83611 25 4 83646 10 35
451 83695 62 3 83757 0 62
809 83704 42 4 83800 54 96
317 83708 85 3 83885 92 177
765 83873 22 4 83908 13 35
556 83874 24 4 83932 34 58
821 83891 33 4 83966 42 75
625 83990 24 1 84014 0 24
425 84087 53 3 84140 0 53
306 84147 61 3 84208 0 61
24 84204 87 3 84296 5 92
36 84211 71 3 84368 86 157
228 84211 82 3 84450 157 239
382 84217 60 1 84510 233 293
728 84256 54 3 84564 254 308
878 84319 67 4 84632 246 313
965 84362 82 3 84714 270 352
595 84389 35 4 84749 325 360
518 84459 60 4 84809 290 350
700 84462 81 3 84890 347 428
621 84499 25 3 84915 391 416
252 84530 44 4 84959 385 429
297 84555 29 2 84988 404 433
853 84578 47 4 85036 411 458
899 84659 58 3 85094 377 435
329 84717 86 2 85180 377 463
428 84744 70 3 85250 436 506
634 84867 60 3 85310 383 443
996 84941 20 4 85330 369 389
324 85135 29 3 85360 196 225
701 85151 31 3 85391 209 240
184 85224 44 4 85435 167 211
424 85346 49 1 85485 90 139
735 85429 30 3 85515 56 86
156 85429 21 3 85536 86 107
288 85461 35 4 85572 76 111
197 85485 54 4 85626 87 141
742 85495 87 3 85713 131 218
448 85508 51 4 85764 205 256
10 85535 32 3 85796 229 261
977 85610 91 3 85888 187 278
845 85623 46 4 85934 265 311
78 85694 83 3 86017 240 323
433 85806 22 4 86040 212 234
296 85806 74 1 86114 234 308
278 85877 49 4 86163 237 286
921 85938 36 2 86199 225 261
123 85995 35 4 86234 204 239
335 86080 30 2 86265 155 185
933 86149 42 2 86307 116 158
511 86213 27 4 86334 94 121
510 86339 57 4 86396 0 57
506 86443 45 1 86488 0 45
190 86444 31 2 86520 45 76
651 86468 46 4 86566 52 98
387 86532 65 2 86632 35 100
14 86610 41 3 86674 23 64
631 86639 26 4 86701 36 62
525 86656 42 4 86743 45 87
992 86713 33 2 86777 31 64
1 86768 28 4 86806 10 38
783 86878 22 4 86900 0 22
396 86898 58 4 86959 3 61
216 86961 73 2 87034 0 73
867 87019 37 4 87072 16 53
734 87066 44 4 87117 7 51
224 87253 87 2 87340 0 87
888 87358 69 3 87427 0 69
381 87402 23 2 87451 26 49
733 87626 37 4 87663 0 37
446 87631 50 3 87714 33 83
561 87654 38 4 87752 60 98
420 87660 33 4 87785 92 125
903 87734 32 4 87818 52 84
949 87802 42 4 87861 17 59
726 87807 68 4 87929 54 122
493 87878 59 3 87989 52 111
148 87961 24 2 88014 29 53
21 88091 69 2 88160 0 69
966 88185 40 4 88225 0 40
166 88224 29 2 88255 2 31
654 88236 22 1 88278 20 42
771 88259 25 2 88304 20 45
119 88317 46 4 88363 0 46
959 88324 65 1 88429 40 105
601 88403 31 4 88461 27 58
834 88410 28 3 88489 51 79
753 88561 57 4 88618 0 57
951 88668 63 1 88731 0 63
377 88690 21 3 88753 42 63
50 88828 81 4 88909 0 81
223 88928 59 4 88987 0 59
948 88929 30 4 89018 59 89
981 88931 54 3 89072 87 141
150 89036 21 1 89094 37 58
131 89131 93 3 89224 0 93
801 89140 65 3 89290 85 150
388 89175 34 2 89324 115 149
441 89215 45 2 89369 109 154
141 89219 42 4 89411 150 192
967 89231 24 4 89436 181 205
916 89318 82 4 89518 118 200
692 89394 46 3 89564 124 170
132 89612 31 4 89643 0 31
660 89619 75 4 89719 25 100
924 89734 65 3 89799 0 65
43 89767 76 4 89876 33 109
100 89841 52 2 89929 36 88
956 89872 79 2 90008 57 136
541 89967 43 3 90052 42 85
47 90025 24 4 90077 28 52
667 90033 51 2 90128 44 95
476 90108 21 4 90150 21 42
577 90138 49 2 90200 13 62
622 90166 23 1 90224 35 58
947 90204 55 4 90280 21 76
76 90236 71 4 90352 45 116
902 90285 83 3 90436 68 151
407 90293 39 4 90475 143 182
19 90316 32 4 90507 159 191
900 90422 47 3 90555 86 133
804 90496 95 4 90650 59 154
468 90582 41 3 90692 69 110
445 90588 42 3 90734 104 146
292 90600 77 4 90811 134 211
64 90643 24 4 90835 168 192
976 90659 25 1 90861 177 202
487 90759 45 4 90906 102 147
810 90857 31 4 90938 50 81
562 90887 76 4 91014 51 127
787 90908 27 2 91042 107 134
793 90946 49 2 91091 96 145
266 91045 81 2 91173 47 128
781 91122 36 2 91210 52 88
120 91142 22 4 91232 68 90
815 91148 26 4 91258 84 110
443 91203 77 2 91336 56 133
866 91221 36 4 91372 115 151
462 91226 21 3 91393 146 167
308 91262 39 3 91433 132 171
310 91332 60 3 91493 101 161
401 91377 53 2 91546 116 169
415 91419 73 4 91620 128 201
367 91457 67 2 91687 163 230
998 91623 45 3 91733 65 110
419 91656 61 4 91794 77 138
188 91662 68 3 91862 132 200
842 91665 45 4 91907 197 242
453 91708 54 2 91962 200 254
12 91714 34 4 91996 248 282
876 91799 61 4 92057 197 258
41 91829 50 3 92107 228 278
617 91835 90 4 92197 272 362
56 91874 53 1 92250 323 376
522 91909 42 3 92293 342 384
272 92054 77 1 92370 239 316
412 92063 64 3 92434 307 371
912 92162 66 2 92500 272 338
711 92189 85 2 92585 311 396
940 92210 38 2 92623 375 413
782 92310 30 3 92654 314 344
608 92329 73 4 92727 325 398
590 92463 59 1 92786 264 323
811 92467 32 4 92818 319 351
526 92553 26 4 92844 265 291
142 92655 31 4 92876 190 221
130 92657 24 4 92900 219 243
199 92691 52 3 92952 209 261
537 92757 73 4 93025 195 268
495 92843 68 2 93093 182 250
919 92994 62 1 93156 100 162
69 93001 32 4 93188 155 187
390 93021 46 3 93234 167 213
280 93075 81 2 93315 159 240
929 93203 20 2 93336 113 133
418 93503 27 4 93530 0 27
808 93505 68 3 93599 26 94
580 93508 61 4 93660 91 152
926 93566 41 3 93702 95 136
547 93608 29 4 93731 94 123
579 93637 26 2 93757 94 120
513 93784 71 3 93855 0 71
320 93827 58 1 93914 29 87
591 94115 74 2 94189 0 74
312 94117 64 2 94254 73 137
442 94175 40 3 94294 79 119
484 94213 37 3 94332 82 119
877 94213 84 2 94416 119 203
135 94214 66 4 94482 202 268
676 94221 48 3 94530 261 309
181 94318 50 2 94581 213 263
81 94335 43 1 94624 246 289
894 94379 26 2 94650 245 271
187 94452 54 1 94704 198 252
814 94471 64 4 94768 233 297
98 94504 46 3 94814 264 310
835 94511 35 2 94849 303 338
945 94553 38 4 94888 297 335
254 94621 25 4 94913 267 292
890 94679 36 3 94949 234 270
289 94717 49 4 94998 232 281
683 94745 76 4 95074 253 329
101 94845 58 4 95132 229 287
530 94958 49 1 95182 175 224
331 95010 26 3 95208 172 198
350 95038 32 2 95240 170 202
743 95057 22 4 95262 183 205
258 95225 75 2 95338 38 113
79 95329 27 3 95366 10 37
730 95564 45 1 95609 0 45
7 95564 38 4 95647 45 83
729 95604 73 3 95721 44 117
705 95805 54 3 95859 0 54
129 95823 28 2 95888 37 65
267 95913 58 1 95971 0 58
612 95921 84 3 96056 51 135
706 95947 35 3 96091 109 144
68 95983 75 4 96167 109 184
521 96014 66 3 96233 153 219
245 96041 48 3 96281 192 240
626 96131 25 3 96307 151 176
840 96224 32 3 96339 83 115
217 96226 39 4 96378 113 152
219 96340 23 4 96402 39 62
675 96449 26 4 96475 0 26
898 96493 34 4 96527 0 34
48 96552 25 4 96577 0 25
472 96571 24 3 96602 7 31
105 96649 57 2 96706 0 57
816 96669 22 3 96729 38 60
988 96691 37 3 96766 38 75
585 96700 21 3 96787 66 87
160 96770 71 3 96859 18 89
906 96770 48 3 96907 89 137
42 96876 26 2 96934 32 58
321 96951 38 2 96989 0 38
703 97082 42 2 97124 0 42
627 97127 46 4 97173 0 46
512 97156 44 3 97218 18 62
286 97196 24 4 97243 23 47
586 97214 85 4 97328 29 114
94 97263 66 4 97395 66 132
392 97336 74 1 97470 60 134
637 97338 77 4 97547 132 209
269 97378 26 2 97573 169 195
34 97387 35 2 97608 186 221
606 97424 22 4 97631 185 207
662 97424 51 3 97682 207 258
92 97432 30 2 97712 250 280
589 97443 34 4 97746 269 303
646 97547 55 3 97801 199 254
23 97551 34 4 97835 250 284
394 97557 68 2 97903 278 346
416 97638 34 1 97938 266 300
218 97764 25 1 97963 174 199
352 97792 29 4 97992 171 200
215 97818 35 3 98027 174 209
174 97840 35 4 98062 187 222
185 97865 46 4 98108 197 243
406 97878 65 3 98173 230 295
879 97881 51 3 98224 292 343
290 97896 32 1 98256 328 360
636 97981 42 3 98299 276 318
477 97993 37 1 98336 306 343
207 97994 20 4 98356 342 362
283 98041 24 4 98380 315 339
300 98074 69 3 98449 306 375
555 98082 58 2 98507 367 425
575 98099 26 3 98533 408 434
803 98136 60 2 98593 397 457
698 98239 24 4 98617 354 378
650 98414 23 4 98641 204 227
697 98431 76 2 98717 210 286
620 98485 66 2 98783 232 298
413 98520 26 4 98809 263 289
95 98550 22 4 98831 259 281
363 98598 69 4 98900 233 302
364 98648 47 4 98948 253 300
138 98648 43 4 98991 300 343
619 98785 25 2 99016 206 231
45 98934 35 3 99052 83 118
117 98940 44 1 99096 112 156
154 99054 86 2 99183 43 129
818 99054 31 1 99214 129 160
125 99171 64 2 99279 44 108
455 99193 24 4 99303 86 110
944 99223 33 4 99337 81 114
209 99285 66 4 99403 52 118
794 99298 66 1 99469 105 171
488 99354 28 2 99498 116 144
875 99405 33 3 99531 93 126
677 99513 46 4 99578 19 65
273 99555 78 3 99657 24 102
543 99611 92 3 99750 47 139
665 99617 35 4 99785 133 168
603 99629 52 3 99837 156 208
336 99679 34 4 99872 159 193
938 99762 48 4 99920 110 158
946 99892 22 3 99943 29 51
500 99967 22 2 99989 0 22
