100842 1000 155 108
148 1094 83 4 1177 0 83
35 3954 36 4 3990 0 36
815 4164 66 2 4230 0 66
66 7327 22 3 7349 0 22
345 7415 43 4 7458 0 43
463 7640 24 3 7664 0 24
823 8801 54 4 8855 0 54
63 9721 27 4 9748 0 27
667 10421 46 3 10467 0 46
628 10667 39 2 10706 0 39
227 11362 57 4 11419 0 57
92 12169 32 4 12201 0 32
109 12686 24 1 12710 0 24
210 12707 63 3 12774 4 67
249 12995 64 3 13059 0 64
708 13042 20 4 13080 18 38
428 13112 84 1 13196 0 84
730 13938 43 3 13981 0 43
834 14373 42 3 14415 0 42
937 15299 20 4 15319 0 20
967 15735 52 4 15787 0 52
290 16116 87 3 16203 0 87
30 16284 71 4 16355 0 71
768 16658 84 1 16742 0 84
974 16856 46 4 16902 0 46
426 17048 79 4 17127 0 79
95 17268 29 4 17297 0 29
550 17616 56 2 17672 0 56
618 17662 61 4 17734 11 72
631 17764 22 3 17786 0 22
464 17942 37 4 17979 0 37
76 18190 21 3 18211 0 21
429 18881 57 1 18938 0 57
509 19431 39 3 19470 0 39
94 19803 42 4 19845 0 42
718 20207 27 2 20234 0 27
736 20327 25 2 20352 0 25
352 20693 40 2 20733 0 40
630 21174 61 3 21235 0 61
728 21321 27 4 21348 0 27
182 22038 41 4 22079 0 41
108 22173 51 4 22224 0 51
479 22318 31 4 22349 0 31
946 23323 23 4 23346 0 23
893 23481 46 3 23527 0 46
496 23548 56 4 23604 0 56
256 23837 34 3 23871 0 34
904 24084 22 3 24106 0 22
225 24151 52 2 24203 0 52
613 24484 38 3 24522 0 38
107 24645 54 2 24699 0 54
275 24677 82 1 24782 23 105
112 24691 50 3 24832 91 141
221 25127 20 3 25147 0 20
753 25426 62 4 25488 0 62
603 25813 23 4 25836 0 23
792 26327 34 3 26361 0 34
859 26506 67 4 26573 0 67
787 26747 52 4 26799 0 52
46 26964 69 2 27033 0 69
494 27352 40 3 27392 0 40
184 27558 51 3 27609 0 51
245 27816 42 3 27858 0 42
504 28005 72 2 28077 0 72
610 28167 64 2 28231 0 64
923 28889 69 3 28958 0 69
912 29187 47 4 29234 0 47
517 29256 59 4 29315 0 59
312 29331 81 4 29412 0 81
41 29351 55 3 29468 62 117
347 29368 61 2 29529 100 161
922 29470 89 4 29619 60 149
12 29515 38 2 29657 104 142
81 29839 47 4 29886 0 47
587 29990 20 2 30010 0 20
516 30654 67 3 30721 0 67
144 30769 22 1 30791 0 22
198 31062 39 3 31101 0 39
588 31099 58 3 31160 3 61
330 31310 39 3 31349 0 39
984 31494 38 4 31532 0 38
697 31582 43 2 31625 0 43
621 31851 44 4 31895 0 44
848 32015 22 4 32037 0 22
847 32297 60 4 32357 0 60
746 32338 50 3 32408 20 70
957 32532 56 3 32588 0 56
732 32681 23 4 32704 0 23
97 32697 37 4 32742 8 45
372 32900 40 3 32940 0 40
781 33314 88 3 33402 0 88
771 33365 83 4 33486 38 121
643 33495 25 3 33520 0 25
117 33510 61 3 33582 11 72
555 33591 34 4 33625 0 34
311 33595 78 3 33704 31 109
93 33724 23 3 33747 0 23
390 33748 23 1 33771 0 23
317 33956 39 2 33995 0 39
427 34018 78 3 34096 0 78
573 34083 81 3 34178 14 95
7 34291 55 3 34346 0 55
442 34384 27 4 34411 0 27
500 34406 22 4 34434 6 28
722 34591 22 4 34613 0 22
381 34786 23 4 34809 0 23
698 34967 77 2 35044 0 77
518 34991 68 4 35113 54 122
206 35154 68 3 35222 0 68
506 35500 35 3 35535 0 35
103 35534 57 2 35593 2 59
745 35575 69 4 35663 19 88
898 35718 36 3 35754 0 36
306 35760 33 4 35793 0 33
583 35947 51 2 35998 0 51
839 36059 55 4 36114 0 55
489 36098 42 4 36157 17 59
638 36329 55 2 36384 0 55
711 36493 24 3 36517 0 24
721 36620 21 4 36641 0 21
342 36636 30 4 36672 6 36
615 36997 92 4 37089 0 92
241 37141 23 3 37164 0 23
749 37192 62 3 37254 0 62
186 37300 28 3 37328 0 28
989 37366 34 3 37400 0 34
648 37492 33 2 37525 0 33
731 37563 20 3 37583 0 20
772 37698 29 4 37727 0 29
159 37772 29 3 37801 0 29
829 38044 82 2 38126 0 82
365 38057 55 4 38182 70 125
351 38150 41 3 38224 33 74
493 38428 59 3 38487 0 59
22 38533 53 3 38586 0 53
668 38670 87 2 38757 0 87
646 38684 24 4 38782 74 98
535 38792 50 2 38842 0 50
752 38804 89 3 38932 39 128
575 38875 42 4 38975 58 100
364 38884 45 2 39020 91 136
805 39023 44 1 39067 0 44
455 39165 32 4 39197 0 32
987 39420 54 3 39474 0 54
754 39510 54 1 39564 0 54
890 39719 60 3 39779 0 60
713 39772 31 2 39811 8 39
763 39824 63 3 39887 0 63
889 40088 30 4 40118 0 30
482 40224 23 3 40247 0 23
10 40277 32 3 40309 0 32
468 40320 22 2 40342 0 22
774 40427 21 3 40448 0 21
119 40467 25 3 40492 0 25
397 40935 20 2 40955 0 20
443 41033 31 3 41064 0 31
304 41080 26 3 41106 0 26
645 41099 41 4 41148 8 49
386 41301 35 3 41336 0 35
17 41334 47 4 41384 3 50
821 41397 23 4 41420 0 23
301 41458 80 4 41538 0 80
192 41467 60 3 41599 72 132
242 41641 49 2 41690 0 49
970 41676 31 4 41722 15 46
55 41724 32 3 41756 0 32
905 41860 32 3 41892 0 32
480 41893 70 4 41963 0 70
343 42043 81 4 42124 0 81
694 42150 84 4 42234 0 84
424 42171 29 3 42264 64 93
591 42300 56 1 42356 0 56
546 42336 28 3 42385 21 49
155 42345 28 4 42413 40 68
608 42447 29 3 42476 0 29
991 42542 37 3 42579 0 37
921 42754 72 4 42826 0 72
685 42800 69 2 42896 27 96
554 42843 26 1 42923 54 80
310 42846 52 3 42975 77 129
596 43177 52 4 43229 0 52
868 43187 58 3 43288 43 101
138 43411 21 3 43432 0 21
232 43751 24 4 43775 0 24
597 43970 77 4 44047 0 77
740 44082 52 4 44134 0 52
5 44117 77 2 44212 18 95
953 44254 68 3 44322 0 68
585 44268 27 4 44350 55 82
358 44281 51 1 44401 69 120
73 44293 20 4 44421 108 128
136 44609 32 4 44641 0 32
955 44644 46 2 44690 0 46
881 44753 24 3 44777 0 24
622 44805 66 2 44871 0 66
748 44871 58 3 44930 1 59
321 44930 29 2 44960 1 30
508 44947 40 4 45001 14 54
910 45079 58 1 45137 0 58
78 45110 44 4 45182 28 72
86 45117 61 4 45243 65 126
113 45257 58 4 45315 0 58
764 45326 60 2 45386 0 60
779 45405 70 1 45475 0 70
233 45453 57 3 45533 23 80
940 45503 45 2 45579 31 76
634 45563 54 1 45634 17 71
456 45815 46 3 45861 0 46
161 45919 57 4 45976 0 57
842 45951 37 3 46014 26 63
462 46096 31 2 46127 0 31
533 46167 37 3 46204 0 37
701 46171 76 1 46281 34 110
127 46196 58 2 46339 85 143
89 46389 92 2 46481 0 92
857 46484 31 1 46515 0 31
273 46646 95 3 46741 0 95
407 46652 34 3 46776 90 124
244 46661 44 4 46820 115 159
727 46776 33 4 46854 45 78
369 46803 60 4 46914 51 111
102 46858 42 2 46957 57 99
133 47402 50 2 47452 0 50
756 47469 27 4 47496 0 27
307 47495 29 2 47526 2 31
42 47638 45 4 47683 0 45
691 47661 76 2 47760 23 99
36 47968 48 2 48016 0 48
908 47978 91 4 48108 39 130
279 48136 46 2 48182 0 46
579 48241 34 4 48275 0 34
68 48280 69 1 48349 0 69
451 48443 20 4 48463 0 20
53 48640 25 4 48665 0 25
529 48664 58 4 48724 2 60
469 48751 79 2 48830 0 79
212 48910 47 3 48957 0 47
166 48962 35 4 48997 0 35
373 49100 48 2 49148 0 48
860 49173 32 4 49205 0 32
920 49385 72 3 49457 0 72
985 49419 82 4 49540 39 121
128 49473 46 4 49587 68 114
511 49479 37 4 49624 108 145
188 49550 37 3 49662 75 112
473 49671 58 2 49729 0 58
314 49929 84 4 50013 0 84
156 50262 64 2 50326 0 64
899 50768 40 2 50808 0 40
154 50964 71 2 51035 0 71
611 51053 28 4 51081 0 28
477 51188 39 4 51227 0 39
396 51260 93 3 51353 0 93
843 51262 31 2 51385 92 123
896 51300 59 3 51444 85 144
106 51335 40 4 51484 109 149
539 51824 48 2 51872 0 48
513 52163 25 1 52188 0 25
288 52458 67 4 52525 0 67
110 52518 47 2 52573 8 55
657 52735 53 4 52788 0 53
410 52803 76 1 52879 0 76
650 52812 33 4 52913 68 101
303 52837 29 3 52942 76 105
865 52883 30 3 52973 60 90
580 52985 63 1 53048 0 63
559 53038 43 1 53092 11 54
599 53041 75 4 53167 51 126
104 53124 36 4 53204 44 80
791 53258 86 3 53344 0 86
869 53281 25 3 53370 64 89
465 53296 45 3 53415 74 119
913 53419 77 4 53496 0 77
146 53617 43 4 53660 0 43
655 53631 22 3 53683 30 52
387 53690 26 1 53716 0 26
854 53741 70 4 53811 0 70
421 53790 38 3 53850 22 60
837 54134 61 2 54195 0 61
297 54370 21 3 54391 0 21
204 54415 55 4 54470 0 55
234 54479 75 3 54554 0 75
49 54486 24 3 54579 69 93
563 54879 61 2 54940 0 61
328 55251 71 4 55322 0 71
243 55275 24 4 55347 48 72
891 55318 30 4 55377 29 59
247 55484 39 2 55523 0 39
625 55958 50 4 56008 0 50
293 56346 30 2 56376 0 30
949 56383 60 3 56443 0 60
825 56410 64 3 56508 34 98
258 56627 62 2 56689 0 62
101 56733 68 4 56801 0 68
367 56800 35 3 56837 2 37
423 56827 70 3 56908 11 81
872 56990 49 4 57039 0 49
871 57011 32 1 57072 29 61
466 57050 39 2 57112 23 62
48 57099 46 2 57159 14 60
34 57240 30 3 57270 0 30
514 57386 44 3 57430 0 44
687 57703 36 2 57739 0 36
268 57773 44 3 57817 0 44
642 58038 36 3 58074 0 36
178 58169 24 3 58193 0 24
402 58241 59 2 58300 0 59
758 58257 29 4 58330 44 73
750 58333 83 4 58416 0 83
199 58435 63 3 58498 0 63
723 58534 32 4 58566 0 32
626 58661 23 3 58684 0 23
284 58875 61 3 58936 0 61
524 58922 50 4 58987 15 65
18 58980 54 3 59042 8 62
173 58990 59 4 59102 53 112
77 59022 29 4 59131 80 109
131 59245 45 2 59290 0 45
205 59308 55 4 59363 0 55
193 59325 68 4 59432 39 107
981 59387 28 4 59461 46 74
111 59436 78 4 59540 26 104
348 59474 44 4 59585 67 111
566 59475 80 3 59665 110 190
793 59516 57 2 59722 149 206
660 59801 77 4 59878 0 77
380 59811 38 2 59917 68 106
8 59832 69 4 59986 85 154
714 59967 29 4 60016 20 49
527 59971 63 3 60079 45 108
547 59977 32 3 60111 102 134
877 60201 53 3 60254 0 53
187 60258 50 4 60308 0 50
846 60336 67 3 60403 0 67
577 60411 60 3 60471 0 60
531 60542 81 3 60623 0 81
644 60576 43 3 60667 48 91
181 60596 66 3 60733 71 137
134 60618 53 4 60786 115 168
420 60648 23 4 60810 139 162
481 60932 70 4 61002 0 70
254 60958 26 4 61029 45 71
169 60973 43 4 61072 56 99
999 61050 74 3 61147 23 97
819 61135 28 2 61176 13 41
476 61254 25 1 61279 0 25
263 61327 55 2 61382 0 55
950 61331 35 4 61418 52 87
814 61346 22 3 61440 72 94
782 61365 36 1 61476 75 111
316 61365 35 1 61511 111 146
100 61433 41 4 61553 79 120
994 61482 26 3 61579 71 97
990 61590 35 3 61625 0 35
729 61608 50 3 61676 18 68
661 61756 31 2 61787 0 31
295 61794 61 2 61855 0 61
609 61884 64 3 61948 0 64
515 61901 42 3 61991 48 90
6 61992 34 1 62026 0 34
202 62023 22 3 62049 4 26
435 62038 44 3 62094 12 56
58 62096 31 4 62127 0 31
968 62172 25 4 62197 0 25
145 62367 25 4 62392 0 25
637 62392 26 4 62419 1 27
459 62431 44 4 62475 0 44
153 62489 47 4 62536 0 47
977 62554 42 4 62596 0 42
336 62555 48 3 62645 42 90
629 62572 33 2 62678 73 106
827 62628 62 4 62741 51 113
216 62678 32 2 62773 63 95
132 62770 64 4 62838 4 68
824 62871 40 1 62911 0 40
368 62904 59 4 62971 8 67
607 62921 30 4 63002 51 81
432 62922 30 4 63032 80 110
264 62931 61 2 63093 101 162
960 62970 25 3 63118 123 148
803 62982 28 4 63147 137 165
51 62985 24 3 63171 162 186
415 63079 59 3 63230 92 151
438 63126 40 4 63271 105 145
338 63176 77 2 63348 95 172
712 63206 27 3 63375 142 169
416 63345 36 4 63412 31 67
226 63423 35 3 63458 0 35
972 63580 89 2 63669 0 89
964 63697 23 4 63720 0 23
209 63804 81 2 63885 0 81
98 63829 67 3 63953 57 124
817 64195 39 4 64234 0 39
620 64326 34 4 64360 0 34
998 64332 28 3 64389 29 57
929 64403 25 3 64428 0 25
800 64459 36 4 64495 0 36
448 64469 22 4 64518 27 49
54 64470 46 2 64564 48 94
384 64651 45 3 64696 0 45
589 64721 24 1 64745 0 24
959 64787 25 4 64812 0 25
669 64823 51 4 64874 0 51
765 64853 52 4 64927 22 74
570 64898 31 1 64959 30 61
394 64907 95 1 65054 52 147
799 64977 53 3 65108 78 131
412 65099 38 1 65147 10 48
175 65243 53 3 65296 0 53
831 65262 75 4 65372 35 110
699 65279 26 4 65398 93 119
237 65320 73 3 65472 79 152
852 65323 35 3 65507 149 184
916 65370 64 3 65571 137 201
285 65405 22 2 65594 167 189
255 65724 29 2 65753 0 29
207 65767 38 4 65805 0 38
16 65994 71 4 66065 0 71
291 66037 44 4 66110 29 73
40 66114 23 3 66137 0 23
167 66158 30 4 66188 0 30
236 66280 70 3 66350 0 70
125 66294 73 3 66424 57 130
274 66317 54 4 66478 107 161
495 66407 31 4 66510 72 103
562 66432 24 4 66534 78 102
240 66507 36 2 66571 28 64
123 66629 80 3 66709 0 80
84 66724 50 4 66774 0 50
276 66946 34 3 66980 0 34
346 67001 22 2 67023 0 22
804 67038 86 1 67124 0 86
471 67047 33 4 67158 78 111
150 67157 67 3 67226 2 69
796 67159 33 2 67259 67 100
943 67440 26 3 67466 0 26
735 67592 23 3 67615 0 23
11 67605 42 3 67658 11 53
530 67608 69 4 67727 50 119
870 67737 62 4 67799 0 62
938 67868 55 4 67923 0 55
776 67893 37 3 67961 31 68
734 68021 34 4 68055 0 34
405 68054 22 3 68078 2 24
882 68081 81 3 68162 0 81
418 68112 61 2 68224 51 112
849 68154 64 2 68288 70 134
840 68257 74 3 68363 32 106
47 68394 49 4 68443 0 49
121 68422 59 4 68503 22 81
472 68448 28 2 68532 56 84
875 68450 40 4 68572 82 122
826 68584 87 3 68671 0 87
512 68598 38 3 68710 74 112
784 68907 49 3 68956 0 49
704 68969 31 2 69000 0 31
375 69054 30 4 69084 0 30
939 69128 88 4 69216 0 88
532 69475 46 4 69521 0 46
33 69598 34 1 69632 0 34
592 69669 80 1 69749 0 80
639 69710 23 3 69773 40 63
75 69734 60 1 69833 39 99
23 69754 87 4 69921 80 167
783 69793 20 4 69941 128 148
67 69803 37 3 69978 138 175
962 69825 71 4 70049 153 224
231 69909 31 4 70081 141 172
31 69972 22 2 70103 109 131
60 69996 21 2 70124 107 128
147 70024 48 4 70172 100 148
724 70037 69 3 70241 135 204
942 70112 50 3 70292 130 180
363 70145 51 4 70343 147 198
522 70246 26 4 70370 98 124
313 70403 48 4 70451 0 48
696 70559 61 4 70620 0 61
203 70592 84 3 70705 29 113
887 70619 21 3 70726 86 107
362 70700 51 4 70778 27 78
498 70733 60 2 70839 46 106
322 70737 73 3 70912 102 175
217 70941 28 4 70969 0 28
544 70956 51 4 71021 14 65
44 70996 67 4 71089 26 93
425 71001 35 2 71124 88 123
223 71027 87 4 71212 98 185
705 71051 29 4 71241 161 190
961 71212 25 3 71267 30 55
83 71487 73 3 71560 0 73
954 71574 31 3 71605 0 31
880 71682 27 4 71709 0 27
578 71722 39 3 71761 0 39
560 71732 65 4 71827 30 95
726 71815 24 4 71852 13 37
26 71888 41 4 71929 0 41
168 71897 32 3 71962 33 65
934 71937 34 3 71997 26 60
152 72123 65 2 72188 0 65
659 72202 51 4 72253 0 51
993 72226 52 4 72306 28 80
862 72365 36 1 72401 0 36
569 72580 36 1 72616 0 36
409 72594 63 3 72680 23 86
598 72644 24 2 72705 37 61
251 72747 71 2 72818 0 71
902 72933 63 2 72996 0 63
267 73018 54 2 73072 0 54
45 73025 66 4 73139 48 114
549 73052 49 3 73188 87 136
595 73106 32 4 73221 83 115
201 73185 44 1 73265 36 80
802 73344 30 3 73374 0 30
189 73353 35 4 73410 22 57
689 73359 33 1 73443 51 84
215 73392 66 3 73510 52 118
717 73393 41 2 73551 117 158
741 73454 79 3 73631 98 177
151 73543 53 2 73684 88 141
917 73565 23 3 73708 120 143
403 73736 77 2 73813 0 77
945 73779 55 4 73869 35 90
450 73862 43 2 73913 8 51
633 73903 31 3 73945 11 42
70 73934 24 2 73970 12 36
502 73971 62 4 74033 0 62
235 74016 51 4 74085 18 69
414 74095 70 4 74165 0 70
715 74138 52 4 74218 28 80
788 74142 82 3 74300 76 158
528 74147 25 1 74325 153 178
319 74155 43 4 74368 170 213
673 74244 30 3 74399 125 155
520 74286 74 1 74473 113 187
884 74325 31 1 74504 148 179
238 74375 39 2 74544 130 169
265 74403 57 4 74601 141 198
335 74478 22 3 74623 123 145
552 74479 82 1 74705 144 226
561 74494 32 3 74737 211 243
838 74522 50 2 74788 216 266
334 74631 49 4 74837 157 206
557 74691 23 2 74860 146 169
431 74712 33 4 74893 148 181
252 74725 41 2 74934 168 209
997 74776 20 3 74955 159 179
909 74848 68 2 75023 107 175
388 75004 33 2 75057 20 53
374 75194 64 4 75258 0 64
911 75289 62 3 75351 0 62
299 75329 21 4 75373 23 44
114 75360 35 4 75409 14 49
158 75386 23 4 75433 24 47
755 75414 66 4 75500 20 86
460 75517 59 4 75576 0 59
219 75553 29 4 75606 24 53
627 75573 50 3 75656 33 83
61 75574 32 2 75688 82 114
757 75672 47 4 75736 17 64
13 75900 39 1 75939 0 39
305 76014 56 4 76070 0 56
332 76021 34 3 76105 50 84
844 76060 63 3 76168 45 108
568 76103 93 3 76262 66 159
194 76241 67 3 76330 22 89
491 76337 92 4 76429 0 92
879 76418 74 1 76504 12 86
640 76634 42 4 76676 0 42
411 76684 28 2 76712 0 28
525 76752 87 4 76839 0 87
798 76834 51 1 76891 6 57
538 76877 41 4 76933 15 56
662 77032 26 3 77058 0 26
59 77121 79 2 77200 0 79
341 77138 48 3 77249 63 111
841 77144 50 4 77299 105 155
969 77241 59 4 77359 59 118
930 77245 58 4 77417 114 172
359 77258 27 4 77444 159 186
170 77394 44 4 77489 51 95
789 77469 21 1 77511 21 42
250 77583 68 4 77651 0 68
853 77700 28 4 77728 0 28
807 77706 55 2 77784 23 78
430 77759 32 3 77817 26 58
391 77934 80 2 78014 0 80
400 77962 45 2 78060 53 98
454 78052 57 2 78118 9 66
57 78127 32 3 78159 0 32
919 78246 36 1 78282 0 36
353 78571 33 3 78604 0 33
833 78611 25 1 78636 0 25
766 78888 67 2 78955 0 67
458 79004 23 4 79027 0 23
382 79061 93 4 79154 0 93
324 79102 47 3 79202 53 100
924 79147 31 4 79233 55 86
742 79164 36 1 79270 70 106
99 79166 49 2 79319 104 153
914 79181 38 4 79357 138 176
164 79275 71 4 79429 83 154
208 79302 52 3 79481 127 179
553 79320 33 3 79514 161 194
906 79512 64 2 79579 3 67
565 79539 72 2 79652 41 113
445 79542 35 4 79687 110 145
501 79559 41 2 79728 128 169
294 79738 53 4 79791 0 53
85 79797 43 1 79840 0 43
690 79944 22 4 79966 0 22
983 79968 49 4 80017 0 49
229 80031 44 1 80075 0 44
370 80068 66 1 80142 8 74
813 80136 41 3 80184 7 48
965 80185 74 3 80259 0 74
856 80306 47 1 80353 0 47
441 80325 52 4 80406 29 81
616 80347 74 2 80480 59 133
816 80363 79 4 80560 118 197
239 80441 27 4 80587 119 146
200 80456 35 2 80622 131 166
526 80457 63 4 80685 165 228
770 80475 78 3 80763 210 288
652 80518 41 4 80805 246 287
361 80532 79 2 80884 273 352
649 80591 43 3 80927 293 336
641 80630 22 3 80949 297 319
576 80671 31 3 80980 278 309
392 80708 75 4 81055 272 347
218 80758 20 4 81075 297 317
948 80776 39 4 81115 300 339
183 80842 21 4 81136 273 294
433 80866 51 4 81187 270 321
446 80909 65 3 81252 278 343
281 80919 34 4 81286 333 367
836 80983 22 3 81308 303 325
269 81012 30 3 81338 296 326
574 81028 24 3 81362 310 334
408 81091 34 2 81397 272 306
835 81145 38 4 81435 252 290
483 81163 43 4 81478 272 315
944 81196 36 4 81514 282 318
253 81273 68 3 81582 241 309
195 81280 47 3 81629 302 349
447 81295 32 4 81661 334 366
536 81312 54 4 81715 349 403
936 81320 75 1 81790 395 470
663 81423 47 4 81838 368 415
864 81444 30 2 81868 394 424
510 81459 47 1 81915 409 456
897 81541 63 4 81978 374 437
163 81681 74 4 82052 297 371
490 81681 46 4 82098 371 417
709 81695 24 2 82122 403 427
850 81721 22 2 82144 401 423
671 81722 67 2 82211 422 489
978 81796 49 2 82261 416 465
586 81899 33 3 82294 362 395
952 81934 35 2 82329 360 395
973 82086 31 4 82360 243 274
266 82136 96 1 82456 224 320
74 82194 38 2 82494 262 300
487 82207 62 3 82556 287 349
594 82216 32 3 82589 341 373
141 82254 34 3 82623 335 369
636 82296 43 3 82666 327 370
739 82585 46 3 82713 82 128
404 82653 28 4 82741 60 88
677 82662 46 4 82787 79 125
196 82746 53 3 82841 42 95
190 82776 21 3 82862 65 86
832 82843 48 3 82911 20 68
339 82852 65 3 82976 59 124
558 82897 38 3 83015 80 118
262 82906 64 4 83079 109 173
947 82952 97 2 83176 127 224
257 82996 39 4 83216 181 220
777 83085 63 4 83279 131 194
27 83137 51 2 83330 142 193
143 83294 69 2 83400 37 106
665 83373 31 4 83432 28 59
9 83499 72 4 83571 0 72
271 83565 54 2 83626 7 61
894 83576 57 4 83684 51 108
785 83638 78 3 83763 47 125
452 83807 55 1 83862 0 55
149 83977 46 3 84023 0 46
540 84121 44 3 84165 0 44
693 84147 37 2 84203 19 56
951 84186 23 4 84227 18 41
272 84201 26 4 84253 26 52
337 84280 56 3 84336 0 56
39 84373 24 4 84397 0 24
801 84521 32 2 84553 0 32
398 84533 27 2 84581 21 48
925 84539 23 2 84604 42 65
619 84633 32 3 84665 0 32
982 84670 74 1 84744 0 74
19 84701 73 3 84818 44 117
191 84726 61 3 84879 92 153
260 84733 29 4 84908 146 175
523 84849 38 4 84947 60 98
419 84988 26 1 85014 0 26
105 85017 64 2 85081 0 64
488 85075 56 4 85138 7 63
976 85098 26 1 85165 41 67
320 85309 23 1 85332 0 23
287 85403 34 2 85437 0 34
674 85412 79 3 85517 26 105
794 85455 37 4 85555 63 100
137 85517 85 3 85640 38 123
537 85632 70 3 85711 9 79
457 85676 74 2 85786 36 110
135 85740 66 2 85853 47 113
686 85812 33 4 85887 42 75
581 85834 32 4 85919 53 85
24 85840 68 3 85987 79 147
808 85864 63 1 86051 124 187
572 85905 49 3 86100 146 195
360 85939 36 4 86136 161 197
4 86043 66 3 86203 94 160
371 86083 25 2 86228 120 145
289 86093 26 2 86254 135 161
14 86179 26 4 86281 76 102
907 86286 36 1 86322 0 36
963 86370 35 3 86405 0 35
185 86420 47 3 86467 0 47
975 86586 23 3 86609 0 23
980 86624 31 2 86655 0 31
37 86701 35 3 86736 0 35
333 86705 37 4 86774 32 69
521 86731 26 3 86800 43 69
422 86819 31 3 86850 0 31
176 86869 65 4 86934 0 65
855 86891 25 4 86960 44 69
340 86921 47 4 87007 39 86
406 86952 37 3 87045 56 93
707 86960 40 2 87085 85 125
1000 86971 30 3 87115 114 144
96 87018 30 4 87146 98 128
681 87023 32 4 87178 123 155
584 87045 62 2 87240 133 195
647 87057 26 3 87266 183 209
302 87136 58 3 87325 131 189
812 87141 68 3 87393 184 252
211 87154 37 2 87430 239 276
197 87479 39 4 87518 0 39
551 87494 68 3 87587 25 93
120 87520 27 4 87615 68 95
958 87575 59 3 87674 40 99
760 87664 45 3 87720 11 56
767 87684 36 4 87757 37 73
703 87873 26 3 87899 0 26
719 87908 27 3 87935 0 27
556 87920 59 4 87995 16 75
545 88076 49 4 88125 0 49
25 88139 43 3 88182 0 43
759 88173 48 3 88231 10 58
88 88363 25 2 88388 0 25
828 88438 28 3 88466 0 28
399 88504 25 2 88529 0 25
706 88597 44 3 88641 0 44
986 88614 31 2 88673 28 59
157 88694 25 3 88719 0 25
140 88711 33 3 88753 9 42
124 88725 62 3 88816 29 91
811 88762 24 4 88841 55 79
475 88817 22 2 88863 24 46
867 88857 23 4 88887 7 30
956 88934 96 3 89030 0 96
858 88971 43 1 89074 60 103
716 88978 42 2 89116 96 138
327 88981 48 3 89164 135 183
895 88992 46 2 89210 172 218
2 89094 28 4 89239 117 145
283 89125 40 3 89279 114 154
116 89139 41 4 89320 140 181
401 89152 53 3 89373 168 221
878 89154 47 3 89420 219 266
874 89187 36 4 89456 233 269
72 89190 42 3 89498 266 308
492 89195 27 4 89525 303 330
90 89252 46 1 89572 274 320
171 89276 31 2 89603 296 327
129 89285 29 2 89632 318 347
747 89336 39 3 89671 296 335
932 89460 39 4 89710 211 250
82 89495 46 2 89756 215 261
139 89528 32 4 89789 229 261
20 89587 60 4 89849 202 262
50 89625 33 3 89882 224 257
118 89653 38 4 89920 229 267
444 89737 49 4 89969 183 232
695 89830 51 2 90021 140 191
795 89873 67 4 90088 148 215
614 89880 35 3 90123 208 243
928 89993 26 4 90150 131 157
28 90021 57 2 90207 129 186
126 90033 42 3 90249 174 216
886 90151 47 1 90297 99 146
440 90204 66 3 90363 93 159
604 90241 69 2 90432 122 191
926 90261 26 2 90459 172 198
876 90374 22 4 90481 85 107
941 90424 76 4 90557 57 133
751 90443 55 1 90613 115 170
927 90444 44 4 90657 169 213
593 90464 46 1 90703 193 239
612 90488 40 3 90743 215 255
675 90491 55 4 90798 252 307
773 90520 42 4 90840 278 320
69 90566 55 4 90896 275 330
461 90572 86 2 90982 324 410
56 90580 21 2 91003 402 423
296 90584 30 1 91033 419 449
900 90641 53 3 91086 392 445
733 90916 58 3 91145 171 229
653 90965 79 3 91224 180 259
467 90983 22 4 91246 241 263
354 91014 78 4 91324 232 310
393 91101 73 3 91398 224 297
292 91243 53 2 91451 155 208
165 91248 54 4 91505 203 257
635 91270 58 1 91563 235 293
174 91321 45 4 91608 242 287
357 91363 52 3 91661 246 298
786 91394 38 4 91699 267 305
80 91420 29 3 91728 279 308
966 91468 36 4 91764 260 296
995 91527 26 4 91790 237 263
762 91656 82 2 91873 135 217
915 91684 25 3 91898 189 214
300 91765 23 3 91921 133 156
286 91783 26 4 91947 138 164
602 91814 41 3 91989 134 175
679 91902 55 3 92044 87 142
376 92002 64 1 92109 43 107
971 92065 56 4 92166 45 101
996 92289 49 4 92338 0 49
672 92310 29 3 92368 29 58
702 92327 47 4 92415 41 88
883 92333 35 4 92450 82 117
769 92338 24 4 92474 112 136
680 92358 44 4 92519 117 161
417 92490 51 2 92571 30 81
683 92613 63 3 92676 0 63
688 92677 54 4 92731 0 54
248 92699 47 3 92779 33 80
214 92772 54 2 92834 8 62
822 92812 50 4 92885 23 73
21 92813 58 4 92943 72 130
684 92861 35 3 92979 83 118
115 92861 60 3 93039 118 178
851 92870 46 4 93085 169 215
91 93043 25 4 93111 43 68
437 93047 30 3 93141 64 94
606 93049 34 4 93175 92 126
676 93100 71 3 93247 76 147
600 93233 28 3 93276 15 43
172 93325 93 2 93418 0 93
567 93389 50 2 93469 30 80
485 93445 63 2 93533 25 88
484 93566 23 4 93589 0 23
678 93603 36 4 93639 0 36
309 93617 58 1 93698 23 81
439 93986 70 4 94056 0 70
449 93987 21 4 94078 70 91
700 94031 25 1 94103 47 72
564 94035 54 2 94157 68 122
315 94177 27 3 94204 0 27
162 94243 52 3 94295 0 52
818 94375 27 4 94402 0 27
378 94380 61 4 94464 23 84
259 94383 36 2 94500 81 117
71 94443 34 3 94535 58 92
542 94451 78 4 94613 84 162
326 94463 47 3 94660 150 197
453 94602 33 2 94694 59 92
820 94609 53 2 94747 85 138
356 94628 21 4 94768 119 140
935 94687 21 3 94790 82 103
903 94712 50 1 94840 78 128
651 94713 48 4 94888 127 175
888 94757 43 3 94931 131 174
571 94844 85 2 95017 88 173
790 94875 76 4 95093 142 218
761 94942 27 4 95121 152 179
623 94966 21 2 95142 155 176
470 94981 42 3 95184 161 203
65 95003 31 2 95215 181 212
866 95006 45 1 95260 209 254
318 95113 55 1 95316 148 203
775 95147 79 4 95395 169 248
505 95179 52 3 95447 216 268
177 95231 67 4 95514 216 283
720 95263 44 3 95559 252 296
861 95265 64 4 95623 294 358
979 95312 61 4 95684 311 372
601 95369 27 4 95711 315 342
32 95425 52 3 95763 286 338
325 95469 46 3 95809 294 340
664 95490 21 2 95830 319 340
160 95541 63 3 95894 290 353
366 95579 28 3 95922 315 343
543 95662 74 2 95996 260 334
383 95684 41 3 96037 312 353
918 95990 46 2 96084 48 94
122 96024 76 3 96160 60 136
389 96026 48 2 96208 134 182
507 96046 53 4 96262 163 216
499 96071 61 4 96323 191 252
52 96145 52 4 96375 178 230
863 96210 41 1 96417 166 207
725 96222 56 2 96473 195 251
230 96329 62 3 96535 144 206
656 96352 46 3 96581 183 229
519 96374 60 4 96641 207 267
744 96391 63 4 96705 251 314
931 96402 67 3 96772 303 370
988 96419 82 4 96854 353 435
224 96428 83 2 96937 426 509
434 96452 40 4 96977 485 525
809 96594 23 4 97000 383 406
582 96598 34 4 97034 402 436
277 96628 33 3 97067 406 439
737 96746 26 2 97094 322 348
780 96772 21 3 97115 322 343
308 96778 32 4 97147 337 369
142 96802 76 2 97223 345 421
344 96824 64 2 97287 399 463
62 96855 30 4 97317 432 462
670 96886 33 2 97350 431 464
228 96905 76 4 97426 445 521
692 96986 70 4 97496 440 510
355 97017 67 1 97563 479 546
261 97110 30 2 97594 454 484
64 97210 50 3 97644 384 434
413 97256 45 3 97689 388 433
180 97307 33 4 97722 382 415
654 97316 43 4 97765 406 449
1 97351 63 3 97828 414 477
845 97471 31 3 97859 357 388
379 97474 25 4 97884 385 410
213 97527 93 2 97977 357 450
130 97636 38 4 98016 342 380
710 97697 41 4 98057 319 360
246 97715 24 4 98081 342 366
282 97723 90 3 98171 358 448
778 97751 63 4 98234 420 483
901 97783 39 4 98273 451 490
87 97797 80 4 98353 476 556
797 97839 42 3 98395 514 556
350 97852 29 1 98424 543 572
278 97969 77 2 98501 455 532
179 97975 41 4 98542 526 567
605 98088 65 3 98608 455 520
329 98089 22 4 98630 519 541
15 98108 48 1 98678 522 570
385 98192 48 2 98726 486 534
503 98204 50 3 98776 522 572
830 98232 52 4 98828 544 596
892 98295 91 3 98919 533 624
624 98318 41 3 98960 601 642
617 98368 92 3 99052 592 684
395 98455 28 1 99080 597 625
658 98531 83 3 99163 549 632
666 98543 67 4 99230 620 687
992 98545 59 4 99290 686 745
222 98580 20 1 99310 710 730
38 98619 51 2 99361 691 742
474 98754 89 3 99450 607 696
298 98758 58 1 99508 692 750
478 98773 77 4 99585 735 812
933 98939 40 4 99625 646 686
632 98944 55 2 99680 681 736
43 99049 40 4 99720 631 671
270 99058 82 4 99802 662 744
323 99061 47 4 99849 741 788
79 99080 82 1 99931 769 851
280 99100 39 3 99970 831 870
885 99127 23 1 99993 843 866
29 99195 22 4 100015 798 820
806 99218 26 4 100041 797 823
541 99225 45 2 100086 816 861
497 99256 44 3 100131 831 875
331 99276 32 2 100163 855 887
873 99353 93 2 100256 810 903
349 99360 91 4 100347 896 987
743 99368 25 1 100372 979 1004
548 99416 50 2 100422 956 1006
220 99456 26 4 100448 966 992
738 99480 47 4 100495 968 1015
3 99484 41 3 100536 1011 1052
377 99533 21 1 100557 1003 1024
590 99538 23 4 100580 1019 1042
682 99625 74 3 100654 955 1029
810 99628 27 4 100681 1026 1053
436 99898 49 1 100730 783 832
534 99948 47 1 100777 782 829
486 99980 65 4 100842 797 862
