108413 1000 2089 2015
437 1910 37 2 1947 0 37
588 3421 86 3 3507 0 86
156 5550 59 2 5609 0 59
448 6647 97 2 6744 0 97
656 7876 92 2 7968 0 92
376 8522 62 2 8584 0 62
451 8781 45 4 8826 0 45
337 8767 72 3 8884 45 117
794 9217 74 3 9291 0 74
55 9154 85 2 9313 74 159
724 9453 48 4 9501 0 48
256 9823 92 2 9915 0 92
342 10514 62 4 10576 0 62
4 11106 53 1 11159 0 53
23 13149 78 4 13227 0 78
625 13516 65 2 13581 0 65
823 14015 44 3 14059 0 44
841 14554 37 4 14591 0 37
139 14574 100 4 14691 17 117
335 15195 57 3 15252 0 57
111 16223 89 2 16312 0 89
89 16196 98 1 16383 89 187
701 16410 62 3 16472 0 62
87 16549 73 3 16622 0 73
162 16483 76 3 16632 73 149
771 16731 56 2 16787 0 56
739 17693 60 1 17753 0 60
779 17682 67 3 17809 60 127
498 17882 69 2 17951 0 69
202 17938 76 1 18027 13 89
744 18015 83 2 18110 12 95
940 17835 85 4 18148 228 313
951 18592 73 4 18665 0 73
325 18808 87 2 18895 0 87
5 19221 92 2 19313 0 92
114 19660 81 3 19741 0 81
845 20313 85 2 20398 0 85
103 20545 96 3 20641 0 96
112 21149 71 3 21220 0 71
235 21972 89 4 22061 0 89
854 22361 62 3 22423 0 62
301 22594 69 3 22663 0 69
166 22730 90 3 22820 0 90
402 23642 75 3 23717 0 75
534 24615 64 3 24679 0 64
473 24617 99 2 24778 62 161
734 24833 64 4 24897 0 64
472 25179 55 4 25234 0 55
12 25458 44 2 25502 0 44
199 25946 96 2 26042 0 96
603 26156 50 3 26206 0 50
311 26239 78 4 26317 0 78
801 26658 79 3 26737 0 79
212 26634 95 3 26808 79 174
916 26940 88 4 27028 0 88
125 27024 93 3 27121 4 97
186 27124 67 4 27191 0 67
558 27358 82 2 27440 0 82
858 27526 69 1 27595 0 69
592 27505 81 3 27655 69 150
533 27751 77 4 27828 0 77
442 27696 82 1 27855 77 159
101 28039 74 2 28113 0 74
899 28023 90 3 28187 74 164
529 28704 63 3 28767 0 63
351 28878 91 1 28969 0 91
959 29011 55 1 29066 0 55
369 29069 51 4 29120 0 51
127 29241 58 4 29299 0 58
923 29633 99 2 29732 0 99
10 29935 29 4 29964 0 29
438 30005 49 3 30054 0 49
16 29982 97 4 30128 49 146
911 30203 70 4 30273 0 70
35 30138 92 4 30300 70 162
144 30536 76 3 30612 0 76
984 30457 96 3 30629 76 172
693 30634 69 4 30703 0 69
75 30801 43 4 30844 0 43
323 30854 75 3 30929 0 75
46 31009 59 4 31068 0 59
18 31019 91 3 31159 49 140
647 31161 73 1 31234 0 73
411 31240 81 2 31321 0 81
176 31402 92 4 31494 0 92
924 31594 59 4 31653 0 59
164 31811 82 1 31893 0 82
30 32180 91 3 32271 0 91
735 32098 91 2 32280 91 182
978 32130 96 2 32376 150 246
226 32463 35 3 32498 0 35
74 32573 62 4 32635 0 62
795 32730 45 2 32775 0 45
182 32970 60 4 33030 0 60
975 33110 51 3 33161 0 51
106 33094 74 4 33219 51 125
338 32957 94 3 33236 185 279
581 33191 97 3 33333 45 142
463 33712 83 4 33795 0 83
553 33818 83 3 33901 0 83
814 33970 78 3 34048 0 78
54 33780 95 3 34051 176 271
887 34163 43 4 34206 0 43
925 34265 57 2 34322 0 57
573 34661 94 4 34755 0 94
292 34846 78 1 34924 0 78
600 34984 76 3 35060 0 76
138 35047 97 4 35157 13 110
669 35219 36 4 35255 0 36
939 35593 99 2 35692 0 99
918 36209 46 1 36255 0 46
868 36252 85 4 36340 3 88
174 36346 71 2 36417 0 71
714 36554 69 2 36623 0 69
59 36469 97 4 36635 69 166
175 36712 33 4 36745 0 33
148 36850 64 3 36914 0 64
865 36830 91 1 36985 64 155
381 37048 87 2 37135 0 87
631 37136 41 3 37177 0 41
616 37315 47 4 37362 0 47
612 37296 87 4 37430 47 134
762 37592 37 3 37629 0 37
393 37613 94 4 37723 16 110
500 37733 72 4 37805 0 72
594 38044 70 3 38114 0 70
614 38144 78 2 38222 0 78
452 38228 91 4 38319 0 91
704 37989 91 3 38319 239 330
328 38452 82 3 38534 0 82
803 38446 85 4 38613 82 167
564 38411 86 4 38664 167 253
796 38745 70 2 38815 0 70
804 38812 85 2 38900 3 88
266 38930 53 4 38983 0 53
620 39119 77 4 39196 0 77
62 39603 51 1 39654 0 51
990 39673 77 2 39750 0 77
749 39765 70 4 39835 0 70
859 39870 65 2 39935 0 65
622 39912 69 1 40004 23 92
527 40028 31 3 40059 0 31
137 39720 79 4 40064 265 344
901 40147 81 1 40228 0 81
359 39822 94 4 40239 323 417
667 40451 59 4 40510 0 59
711 40429 82 2 40570 59 141
409 40454 87 4 40657 116 203
943 40818 64 4 40882 0 64
862 40890 93 3 40983 0 93
368 40998 92 2 41090 0 92
879 41219 42 4 41261 0 42
465 41132 93 2 41267 42 135
80 41159 99 3 41366 108 207
408 41452 76 4 41528 0 76
781 41613 71 4 41684 0 71
360 41635 72 1 41756 49 121
238 41459 89 3 41760 212 301
203 41774 77 2 41851 0 77
730 42465 25 3 42490 0 25
825 42507 62 2 42569 0 62
305 42421 71 4 42579 87 158
878 42622 87 3 42709 0 87
392 42679 90 3 42799 30 120
848 42748 99 4 42898 51 150
892 43036 59 1 43095 0 59
728 43123 87 4 43210 0 87
713 43038 90 2 43272 144 234
753 43473 64 4 43537 0 64
805 43436 81 3 43581 64 145
585 43440 81 2 43743 222 303
330 43485 81 2 43743 177 258
933 43769 55 3 43824 0 55
986 43799 70 4 43894 25 95
346 43880 79 3 43973 14 93
254 44044 84 4 44128 0 84
27 43851 88 4 44145 206 294
520 44385 48 3 44433 0 48
167 44892 65 2 44957 0 65
15 45045 95 4 45140 0 95
64 45187 53 3 45240 0 53
998 45224 80 2 45320 16 96
388 45402 80 3 45482 0 80
66 45542 80 2 45622 0 80
263 45483 89 3 45652 80 169
976 45667 58 4 45725 0 58
787 45684 67 4 45792 41 108
149 45848 60 4 45908 0 60
967 45949 75 4 46024 0 75
373 45785 97 4 46024 142 239
842 46109 68 3 46177 0 68
518 46040 86 3 46194 68 154
253 46374 47 3 46421 0 47
181 46311 66 3 46424 47 113
344 46447 59 1 46506 0 59
2 46528 65 4 46593 0 65
866 46613 67 4 46680 0 67
654 46558 80 4 46740 102 182
556 46768 51 3 46819 0 51
365 46810 66 4 46885 9 75
480 46469 95 4 46930 366 461
474 47000 61 2 47061 0 61
177 47120 73 4 47193 0 73
31 47196 34 3 47230 0 34
441 47430 74 1 47504 0 74
606 47559 48 4 47607 0 48
185 47571 75 3 47682 36 111
906 47629 81 3 47763 53 134
789 47621 83 3 47929 225 308
849 47759 83 3 47929 87 170
846 47552 84 3 48006 370 454
484 47550 93 2 48097 454 547
523 47709 94 4 48191 388 482
540 48311 56 2 48367 0 56
481 48259 75 2 48390 56 131
209 48307 82 4 48472 83 165
1 48488 29 3 48517 0 29
124 48474 66 3 48569 29 95
49 48322 95 1 48662 245 340
902 47672 97 2 48788 1019 1116
60 47970 97 2 48788 721 818
743 48115 97 1 48885 673 770
110 48391 98 4 48983 494 592
96 48394 99 4 49082 589 688
640 49186 89 3 49275 0 89
591 49570 59 4 49629 0 59
670 49525 94 4 49678 59 153
685 49597 94 3 49772 81 175
151 49803 65 1 49868 0 65
799 49911 57 4 49968 0 57
99 50048 72 4 50120 0 72
380 49953 80 2 50120 87 167
284 49859 82 1 50159 218 300
532 50206 70 4 50276 0 70
417 49972 83 4 50312 257 340
864 50285 91 4 50403 27 118
347 50361 94 3 50497 42 136
882 50523 42 3 50565 0 42
638 50514 66 4 50622 42 108
742 50657 71 3 50728 0 71
165 50634 79 3 50784 71 150
700 49765 97 1 50821 959 1056
299 50448 99 3 50920 373 472
339 51072 61 4 51133 0 61
403 51202 71 4 51273 0 71
219 51094 73 3 51277 110 183
287 51642 88 2 51730 0 88
746 51712 98 4 51828 18 116
257 51859 89 4 51948 0 89
550 52135 49 2 52184 0 49
375 52060 89 3 52198 49 138
776 51986 93 1 52217 138 231
721 52133 94 2 52311 84 178
950 52322 57 2 52379 0 57
326 52358 73 4 52452 21 94
13 52275 98 3 52539 166 264
418 52846 42 2 52888 0 42
818 52789 85 3 52916 42 127
578 52978 54 3 53032 0 54
819 53016 86 3 53118 16 102
784 53136 75 3 53211 0 75
970 53034 86 1 53279 159 245
76 53300 44 4 53344 0 44
432 53363 54 3 53417 0 54
861 53432 76 4 53508 0 76
43 53105 90 2 53543 348 438
309 53842 96 4 53938 0 96
153 53986 90 4 54076 0 90
221 54105 63 2 54168 0 63
517 54205 33 4 54238 0 33
837 54195 62 1 54290 33 95
136 54306 66 2 54372 0 66
675 54256 80 3 54436 100 180
135 54132 85 4 54494 277 362
313 54255 85 3 54579 239 324
45 54706 73 1 54779 0 73
521 54673 74 4 54820 73 147
278 54654 76 2 54877 147 223
421 54797 78 4 54955 80 158
122 54553 93 4 54973 327 420
722 54996 85 3 55081 0 85
609 54990 86 3 55161 85 171
243 55203 45 1 55248 0 45
179 55141 94 1 55300 65 159
404 55338 55 2 55393 0 55
143 54332 99 4 55437 1006 1105
909 55484 97 4 55581 0 97
934 55634 47 3 55681 0 47
511 55623 76 4 55746 47 123
736 55688 82 4 55828 58 140
790 55831 68 2 55899 0 68
931 55597 87 3 55957 273 360
810 55821 92 4 56049 136 228
904 55089 100 3 56086 897 997
695 56092 94 4 56186 0 94
726 56193 69 3 56262 0 69
419 56444 44 4 56488 0 44
192 56529 65 1 56594 0 65
824 56417 81 3 56607 109 190
387 56629 73 4 56702 0 73
560 56762 60 2 56822 0 60
755 56690 82 4 56844 72 154
391 56852 42 2 56894 0 42
997 56925 70 3 56995 0 70
113 56542 85 2 57019 392 477
938 57102 72 1 57174 0 72
478 57030 82 4 57184 72 154
547 57241 47 2 57288 0 47
462 57336 46 3 57382 0 46
937 57257 77 4 57411 77 154
979 56418 86 4 57429 925 1011
840 56562 86 1 57515 867 953
65 56831 88 1 57603 684 772
797 56332 91 4 57615 1192 1283
295 57713 44 4 57757 0 44
662 57758 46 4 57804 0 46
190 57827 75 2 57902 0 75
852 57754 80 1 57958 124 204
637 57961 31 2 57992 0 31
86 58047 39 3 58086 0 39
52 57936 81 3 58109 92 173
737 57693 83 2 58172 396 479
723 56857 91 4 58179 1231 1322
850 56896 92 2 58271 1283 1375
367 58415 76 4 58491 0 76
258 58346 82 4 58504 76 158
34 58277 85 4 58520 158 243
602 56273 93 4 58548 2182 2275
765 56757 94 4 58642 1791 1885
93 56153 95 1 58719 2471 2566
354 58776 74 2 58850 0 74
38 58799 85 4 58935 51 136
294 58943 59 4 59002 0 59
70 58804 85 3 59079 190 275
809 58981 88 4 59167 98 186
890 58847 94 3 59261 320 414
366 59009 95 3 59356 252 347
36 57641 97 4 59396 1658 1755
900 59403 84 3 59487 0 84
538 59527 98 4 59625 0 98
296 59737 57 2 59794 0 57
345 59689 85 3 59831 57 142
516 59852 82 3 59934 0 82
469 59640 94 3 59958 224 318
590 57740 99 4 59995 2156 2255
479 59998 28 2 60026 0 28
651 60120 65 3 60185 0 65
150 60165 89 4 60274 20 109
856 57015 99 3 60276 3162 3261
372 60283 47 4 60330 0 47
652 60294 77 3 60407 36 113
19 60293 83 2 60490 114 197
91 60507 66 4 60573 0 66
731 60630 78 2 60708 0 78
397 60722 47 3 60769 0 47
244 60763 60 3 60829 6 66
689 60790 66 3 60895 39 105
250 60912 72 3 60984 0 72
981 61015 73 3 61088 0 73
270 60972 74 4 61131 85 159
836 60822 80 4 61194 292 372
147 61205 79 3 61284 0 79
130 60772 84 3 61357 501 585
664 60610 93 3 61416 713 806
522 60442 93 1 61455 920 1013
539 61484 62 3 61546 0 62
551 61504 64 3 61610 42 106
251 61500 69 1 61679 110 179
24 61611 71 3 61750 68 139
913 61596 72 4 61822 154 226
811 61869 54 1 61923 0 54
410 61544 88 4 61964 332 420
788 61873 89 3 62053 91 180
610 62077 64 2 62141 0 64
926 62147 89 3 62236 0 89
184 61728 89 1 62295 478 567
601 62011 92 4 62387 284 376
716 62337 92 1 62479 50 142
897 61355 94 4 62544 1095 1189
378 62614 59 2 62673 0 59
898 62616 68 4 62741 57 125
752 62786 58 3 62844 0 58
275 62814 59 4 62903 30 89
32 62647 75 4 62933 211 286
493 62992 47 4 63039 0 47
853 62974 64 2 63085 47 111
988 63051 82 3 63167 34 116
286 62886 89 4 63215 240 329
549 63216 70 3 63286 0 70
72 61276 95 3 63310 1939 2034
972 63423 66 2 63489 0 66
353 63459 74 1 63563 30 104
233 63345 80 2 63565 140 220
336 63529 87 3 63652 36 123
917 63550 92 3 63744 102 194
567 63802 36 2 63838 0 36
467 63815 57 3 63895 23 80
331 63959 55 4 64014 0 55
290 63870 77 3 64027 80 157
544 63745 78 4 64048 225 303
197 64081 63 3 64144 0 63
800 64100 65 4 64209 44 109
204 64238 81 4 64319 0 81
830 64144 85 1 64375 146 231
321 62811 96 3 64402 1495 1591
489 64511 23 3 64534 0 23
635 64573 74 2 64647 0 74
131 64513 86 2 64694 95 181
196 64420 95 3 64698 183 278
867 64731 50 4 64781 0 50
709 64839 34 4 64873 0 34
545 64902 71 4 64973 0 71
575 64811 94 1 65010 105 199
158 65103 69 4 65172 0 69
84 65015 93 4 65177 69 162
92 65181 45 4 65226 0 45
613 65320 90 3 65410 0 90
50 65421 53 4 65474 0 53
579 62575 98 4 65474 2801 2899
358 61290 98 4 65475 4087 4185
407 65070 98 2 65573 405 503
519 65607 59 4 65666 0 59
611 64817 99 3 65731 815 914
194 65851 68 4 65919 0 68
297 65935 39 2 65974 0 39
624 65923 58 1 66020 39 97
259 66023 46 4 66069 0 46
195 65875 77 3 66139 187 264
236 65956 89 2 66228 183 272
267 66306 45 3 66351 0 45
992 66384 61 3 66445 0 61
454 66504 81 1 66585 0 81
398 66660 81 4 66741 0 81
942 66753 73 4 66826 0 73
927 66849 47 2 66896 0 47
526 66925 26 4 66951 0 26
455 66883 82 3 67004 39 121
715 66621 83 4 67013 309 392
460 67014 43 2 67057 0 43
44 66489 87 4 67117 541 628
490 67179 56 3 67235 0 56
272 67191 77 4 67312 44 121
183 67067 87 4 67312 158 245
708 67384 82 4 67466 0 82
831 66455 88 2 67503 960 1048
928 67046 88 2 67536 402 490
145 66276 89 4 67552 1187 1276
187 66050 91 4 67595 1454 1545
471 67646 65 3 67711 0 65
83 66698 92 2 67752 962 1054
630 67721 93 3 67845 31 124
180 66978 93 1 67938 867 960
681 66962 96 4 68034 976 1072
486 68135 77 4 68212 0 77
193 68278 65 3 68343 0 65
312 68483 40 4 68523 0 40
458 68448 58 4 68546 40 98
977 68459 75 2 68621 87 162
382 68556 89 4 68710 65 154
435 68768 42 4 68810 0 42
225 68839 50 2 68889 0 50
889 68772 69 3 68929 88 157
425 68813 70 3 68999 116 186
596 69047 61 3 69108 0 61
386 68943 79 4 69139 117 196
168 68433 89 2 69155 633 722
843 69179 51 2 69230 0 51
242 69246 58 3 69331 27 85
677 69277 58 3 69362 27 85
719 69157 59 3 69383 167 226
53 69181 60 3 69443 202 262
356 69411 71 4 69514 32 103
773 69252 84 3 69598 262 346
350 69244 84 1 69682 354 438
665 68359 93 2 69718 1266 1359
357 69728 51 3 69779 0 51
751 68744 93 2 69843 1006 1099
329 69944 45 2 69989 0 45
468 70004 87 3 70091 0 87
894 70133 62 3 70195 0 62
896 70104 73 4 70239 62 135
501 69338 95 3 70300 867 962
248 69501 95 3 70300 704 799
886 70357 39 4 70396 0 39
340 69571 95 2 70434 768 863
855 66338 99 4 70449 4012 4111
807 66531 99 4 70449 3819 3918
952 70507 41 2 70548 0 41
883 70521 93 4 70641 27 120
945 70716 60 2 70776 0 60
37 70597 94 2 70795 104 198
216 70879 74 4 70953 0 74
627 70933 75 4 71028 20 95
891 70722 96 3 71040 222 318
281 71140 71 4 71211 0 71
632 71271 70 3 71341 0 70
502 71155 76 3 71357 126 202
644 71114 76 2 71407 217 293
9 71148 95 4 71502 259 354
273 71245 95 3 71597 257 352
447 71660 44 1 71704 0 44
515 71601 74 4 71719 44 118
808 71806 77 4 71883 0 77
26 71621 89 4 71885 175 264
306 71890 50 3 71940 0 50
750 71659 92 4 72027 276 368
61 72122 62 3 72184 0 62
875 72204 40 3 72244 0 40
881 72275 36 4 72311 0 36
29 72199 73 3 72348 76 149
655 72278 79 4 72427 70 149
684 72440 79 4 72519 0 79
48 72182 82 3 72573 309 391
163 72673 58 2 72731 0 58
170 72608 68 4 72734 58 126
320 72845 66 4 72911 0 66
572 72941 41 4 72982 0 41
930 72812 81 1 73000 107 188
100 73064 43 3 73107 0 43
969 73096 60 4 73167 11 71
595 72929 83 4 73186 174 257
817 72844 86 3 73272 342 428
537 73385 51 3 73436 0 51
907 73343 63 3 73457 51 114
993 73380 70 1 73527 77 147
461 73531 77 4 73608 0 77
912 73654 70 4 73724 0 70
348 73466 81 4 73755 208 289
303 73813 39 4 73852 0 39
991 73757 63 2 73859 39 102
231 73895 50 1 73945 0 50
169 73851 81 4 73990 58 139
621 72866 87 2 74004 1051 1138
953 72652 88 2 74014 1274 1362
67 74050 69 3 74119 0 69
22 74126 83 4 74209 0 83
444 74076 85 2 74287 126 211
319 74334 79 3 74413 0 79
838 74207 90 4 74456 159 249
307 74573 40 3 74613 0 40
355 74658 34 4 74692 0 34
634 74573 48 4 74695 74 122
108 74502 71 3 74695 122 193
247 74491 82 4 74766 193 275
264 74638 87 3 74853 128 215
268 74892 77 4 74969 0 77
542 75020 35 4 75055 0 35
7 74636 91 2 75056 329 420
123 73555 92 4 75077 1430 1522
8 75143 59 1 75202 0 59
146 75214 67 3 75281 0 67
399 75285 59 4 75344 0 59
671 75381 63 4 75444 0 63
880 75303 67 3 75474 104 171
198 74651 92 3 75484 741 833
161 75499 60 2 75559 0 60
445 75631 33 4 75664 0 33
873 75559 73 4 75665 33 106
426 75700 55 1 75755 0 55
475 75737 88 4 75843 18 106
440 72685 93 3 75886 3108 3201
220 75891 46 4 75937 0 46
514 76028 71 3 76099 0 71
760 76126 71 3 76197 0 71
541 76032 83 1 76253 138 221
503 76079 85 3 76338 174 259
791 76394 52 3 76446 0 52
487 76263 89 4 76479 127 216
317 76591 37 4 76628 0 37
81 76538 64 4 76639 37 101
761 76625 64 2 76703 14 78
524 76569 67 4 76770 134 201
699 76772 50 4 76822 0 50
288 76501 74 3 76857 282 356
822 76798 82 4 76939 59 141
872 75963 90 2 76942 889 979
171 76997 46 3 77043 0 46
783 77014 57 3 77100 29 86
769 77001 72 4 77172 99 171
607 76970 74 4 77219 175 249
98 76945 87 2 77281 249 336
568 77043 89 1 77370 238 327
364 77402 46 3 77448 0 46
936 77381 60 2 77487 46 106
732 77499 44 4 77543 0 44
683 77587 41 4 77628 0 41
946 77552 57 4 77650 41 98
629 77530 67 2 77708 111 178
525 77491 83 3 77783 209 292
200 77853 36 3 77889 0 36
668 77540 87 4 77906 279 366
118 77976 41 4 78017 0 41
570 78000 54 3 78071 17 71
140 78083 60 4 78143 0 60
132 78200 73 4 78273 0 73
41 78115 78 4 78294 101 179
688 78316 75 4 78391 0 75
562 78053 82 3 78439 304 386
121 78071 86 3 78525 368 454
349 77928 88 4 78565 549 637
79 78350 88 2 78653 215 303
477 78690 64 2 78754 0 64
78 77412 89 4 78780 1279 1368
582 78602 90 4 78870 178 268
261 77755 90 3 78960 1115 1205
28 78989 79 4 79068 0 79
443 76801 90 1 79115 2224 2314
718 79166 78 4 79244 0 78
232 78020 91 4 79284 1173 1264
405 79426 41 4 79467 0 41
949 79477 52 4 79529 0 52
285 79390 70 2 79553 93 163
333 79571 55 4 79626 0 55
73 79464 75 1 79683 144 219
985 79724 48 4 79772 0 48
3 79698 52 2 79798 48 100
860 79743 57 2 79855 55 112
105 79824 72 4 79927 31 103
696 79941 49 4 79990 0 49
798 79882 72 3 80048 94 166
895 79902 73 3 80121 146 219
172 79410 77 2 80183 696 773
314 79322 78 4 80203 803 881
33 79472 78 4 80271 721 799
593 80349 83 4 80432 0 83
361 80083 84 4 80438 271 355
456 80458 38 4 80496 0 38
241 80574 69 2 80643 0 69
741 80500 74 4 80643 69 143
767 80684 73 2 80757 0 73
119 80680 74 3 80827 73 147
552 80833 50 4 80883 0 50
499 80560 83 2 80923 280 363
910 80940 49 2 80989 0 49
648 80934 53 3 81036 49 102
230 81040 36 1 81076 0 36
508 81097 74 4 81171 0 74
827 81221 76 1 81297 0 76
228 80931 81 3 81300 288 369
820 81326 59 3 81385 0 59
439 79801 87 2 81414 1526 1613
422 81452 50 3 81502 0 50
434 81515 85 3 81600 0 85
599 81626 41 3 81667 0 41
851 81676 38 2 81714 0 38
279 81758 40 3 81798 0 40
832 81632 57 3 81802 113 170
302 81667 62 3 81864 135 197
530 81604 71 2 81913 238 309
42 82030 75 4 82105 0 75
806 81965 79 4 82119 75 154
58 81732 87 4 82154 335 422
649 81415 87 2 82187 685 772
155 82058 90 4 82277 129 219
316 82312 51 4 82363 0 51
95 82348 65 4 82428 15 80
327 82367 70 4 82498 61 131
960 82529 63 4 82592 0 63
674 82565 65 4 82657 27 92
782 82569 72 2 82729 88 160
574 82335 81 2 82779 363 444
580 82826 29 1 82855 0 29
968 82819 61 3 82909 29 90
90 82789 75 2 82954 90 165
729 83073 34 4 83107 0 34
120 83039 43 2 83116 34 77
658 83078 61 3 83177 38 99
126 83106 67 4 83244 71 138
941 83293 52 3 83345 0 52
157 83297 62 4 83407 48 110
107 83452 31 2 83483 0 31
39 83427 64 4 83522 31 95
727 83054 74 2 83527 399 473
217 82959 82 2 83529 488 570
874 83628 47 4 83675 0 47
223 83555 81 2 83683 47 128
449 83475 83 3 83740 182 265
571 83803 34 3 83837 0 34
17 83842 71 4 83913 0 71
757 82456 84 2 83914 1374 1458
766 80389 90 3 83968 3489 3579
429 83993 76 4 84069 0 76
406 84156 58 2 84214 0 58
205 84161 78 1 84292 53 131
893 84108 84 4 84328 136 220
1000 82864 90 2 84354 1400 1490
706 84416 57 1 84473 0 57
536 84371 60 4 84488 57 117
389 84065 91 4 84562 406 497
816 77928 93 4 84673 6652 6745
870 81036 93 4 84710 3581 3674
920 84803 61 3 84864 0 61
457 84856 67 4 84931 8 75
466 81769 93 1 84931 3069 3162
352 84984 33 3 85017 0 33
619 84996 73 4 85090 21 94
14 84956 74 4 85136 106 180
963 85167 44 3 85211 0 44
40 85296 53 3 85349 0 53
546 85287 76 4 85416 53 129
85 85218 79 3 85426 129 208
764 72149 94 4 85473 13230 13324
229 85555 62 4 85617 0 62
705 84750 94 4 85637 793 887
996 85104 94 4 85707 509 603
218 72994 94 4 85735 12647 12741
569 85744 38 3 85782 0 38
642 85841 79 1 85920 0 79
234 85943 71 3 86014 0 71
961 85760 89 3 86021 172 261
63 86104 78 3 86182 0 78
834 86200 28 2 86228 0 28
20 86075 80 2 86261 106 186
128 85785 89 1 86296 422 511
394 86305 82 1 86387 0 82
983 86464 89 4 86553 0 89
488 86469 90 4 86643 84 174
659 86646 70 4 86716 0 70
995 86741 35 3 86776 0 35
768 86654 77 3 86828 97 174
932 86928 44 1 86972 0 44
68 86889 77 3 87010 44 121
633 87036 51 4 87087 0 51
390 87100 50 2 87150 0 50
71 87060 64 4 87201 77 141
672 87253 83 2 87336 0 83
252 87471 36 2 87507 0 36
436 87436 45 3 87517 36 81
543 87380 83 1 87544 81 164
450 87255 84 1 87584 245 329
282 87023 90 4 87609 496 586
47 87623 89 4 87712 0 89
561 87728 51 3 87779 0 51
82 87792 48 4 87840 0 48
653 87717 65 3 87881 99 164
304 87895 81 2 87976 0 81
687 87375 91 2 88034 568 659
774 87364 92 4 88126 670 762
903 87873 92 2 88218 253 345
485 88279 73 3 88352 0 73
645 88388 52 2 88440 0 52
255 88267 81 3 88473 125 206
905 88482 56 4 88538 0 56
847 88494 66 2 88604 44 110
919 88489 81 2 88685 115 196
423 88701 50 2 88751 0 50
300 88623 83 4 88818 112 195
563 88828 61 4 88889 0 61
495 88839 64 3 88953 50 114
274 88807 87 3 89030 136 223
802 89137 43 4 89180 0 43
673 89092 71 4 89206 43 114
377 89038 77 3 89229 114 191
660 88673 88 1 89309 548 636
691 89494 76 4 89570 0 76
835 89421 84 4 89581 76 160
210 88397 89 4 89629 1143 1232
962 88964 89 4 89638 585 674
239 89643 74 3 89717 0 74
777 89673 74 1 89791 44 118
513 88994 92 4 89878 792 884
775 89943 87 4 90030 0 87
780 89298 92 3 90149 759 851
641 88813 92 3 90149 1244 1336
821 90168 50 4 90218 0 50
94 88817 92 2 90291 1382 1474
191 90353 58 3 90411 0 58
826 88248 92 1 90422 2082 2174
173 90471 55 4 90526 0 55
374 90442 67 4 90564 55 122
548 90608 64 4 90672 0 64
947 90727 83 3 90810 0 83
974 90821 29 2 90850 0 29
476 90843 41 3 90891 7 48
482 90683 89 2 90925 153 242
778 86796 93 4 90932 4043 4136
626 86805 93 4 90932 4034 4127
464 90957 47 4 91004 0 47
400 91082 40 4 91122 0 40
528 91019 77 4 91136 40 117
494 91244 82 4 91326 0 82
604 91329 28 1 91357 0 28
922 91434 45 2 91479 0 45
293 91387 62 4 91494 45 107
154 91343 65 2 91529 121 186
964 91558 54 2 91612 0 54
971 91538 56 4 91648 54 110
720 91587 67 3 91715 61 128
459 91675 71 4 91786 40 111
222 91833 73 4 91906 0 73
276 91922 51 3 91973 0 51
885 91939 70 3 92043 34 104
424 91695 74 2 92054 285 359
694 91657 80 4 92134 397 477
877 91903 80 3 92214 231 311
104 92265 61 3 92326 0 61
908 92386 49 2 92435 0 49
650 92439 66 3 92505 0 66
245 92362 77 3 92554 115 192
206 92227 82 3 92562 253 335
298 92626 46 3 92672 0 46
965 91687 84 4 92679 908 992
224 91191 86 4 92700 1423 1509
678 92769 37 2 92806 0 37
237 92716 81 4 92834 37 118
77 92808 81 2 92915 26 107
733 91019 86 1 92930 1825 1911
756 93005 65 3 93070 0 65
657 93073 48 4 93121 0 48
839 93075 70 4 93191 46 116
815 93195 50 1 93245 0 50
577 93097 84 4 93325 144 228
661 91225 88 3 93335 2022 2110
956 93362 51 1 93413 0 51
343 93384 52 3 93465 29 81
385 93539 34 4 93573 0 34
201 93562 72 1 93645 11 83
702 93460 78 4 93649 111 189
583 93789 52 4 93841 0 52
483 93795 71 4 93912 46 117
269 93786 78 4 93987 123 201
271 93730 79 4 94010 201 280
310 93676 85 1 94041 280 365
69 91176 90 3 94077 2811 2901
504 94082 74 3 94156 0 74
888 94157 46 3 94203 0 46
703 94189 75 2 94278 14 89
11 94338 86 4 94424 0 86
754 94275 87 1 94451 89 176
740 94573 69 1 94642 0 69
446 94573 71 4 94713 69 140
980 94593 82 3 94795 120 202
88 94799 50 4 94849 0 50
291 94677 87 3 94932 168 255
416 94946 69 4 95015 0 69
565 93872 91 3 95073 1110 1201
763 94201 91 3 95086 794 885
915 95139 60 4 95199 0 60
639 95262 65 4 95327 0 65
6 95126 81 1 95332 125 206
999 95219 83 2 95415 113 196
57 94903 91 3 95435 441 532
617 94585 91 1 95526 850 941
586 95577 64 3 95641 0 64
844 92689 92 4 95682 2901 2993
738 95687 77 4 95764 0 77
178 95863 58 3 95921 0 58
944 95827 65 3 95950 58 123
747 95809 70 2 96002 123 193
318 96113 44 1 96157 0 44
509 96085 60 1 96189 44 104
666 96072 65 2 96241 104 169
829 96271 60 3 96331 0 60
679 96342 37 3 96379 0 37
643 96208 71 3 96409 130 201
129 96376 73 2 96482 33 106
935 96535 70 4 96605 0 70
812 96586 78 3 96683 19 97
396 96200 84 3 96714 430 514
559 96725 58 3 96783 0 58
646 96875 55 2 96930 0 55
414 96980 47 2 97027 0 47
598 96949 58 3 97054 47 105
697 97058 44 3 97102 0 44
21 96967 60 1 97158 131 191
989 96918 65 2 97204 221 286
510 96824 66 4 97219 329 395
188 96902 75 4 97294 317 392
496 97349 36 3 97385 0 36
159 97093 78 4 97408 237 315
692 97103 81 4 97489 305 386
56 96626 85 3 97522 811 896
280 95878 87 3 97539 1574 1661
427 97604 72 3 97676 0 72
966 97745 64 3 97809 0 64
584 97651 78 3 97818 89 167
332 97932 46 4 97978 0 46
828 97931 61 4 98038 46 107
142 97974 69 4 98107 64 133
133 98074 69 3 98176 33 102
957 97918 69 2 98232 245 314
748 98091 74 1 98306 141 215
315 97890 78 2 98356 388 466
211 97612 78 1 98362 672 750
213 98011 79 4 98441 351 430
770 98445 62 2 98507 0 62
792 98475 71 1 98578 32 103
576 98503 80 4 98658 75 155
431 98691 68 2 98759 0 68
453 98700 70 4 98829 59 129
51 98885 39 4 98924 0 39
987 98836 72 3 98947 39 111
115 98969 66 3 99035 0 66
227 99045 65 2 99110 0 65
921 98071 83 3 99117 963 1046
322 98307 84 2 99201 810 894
370 97649 85 4 99286 1552 1637
214 98261 85 2 99371 1025 1110
208 98321 86 4 99457 1050 1136
745 97866 87 4 99544 1591 1678
884 99556 73 4 99629 0 73
954 96956 88 3 99640 2596 2684
289 99675 64 4 99739 0 64
857 98104 88 2 99792 1600 1688
589 95736 90 2 99837 4011 4101
663 99863 37 4 99900 0 37
772 99955 53 4 100008 0 53
371 99939 91 3 100083 53 144
535 96475 92 4 100110 3543 3635
116 93456 92 3 100197 6649 6741
324 93035 92 2 100381 7254 7346
117 93183 92 2 100381 7106 7198
554 88590 93 3 100540 11857 11950
793 91230 93 3 100660 9337 9430
428 96002 93 3 100660 4565 4658
994 91953 93 3 100713 8667 8760
785 96538 93 2 100806 4175 4268
249 85834 93 1 100814 14887 14980
557 98029 93 1 100903 2781 2874
379 96817 94 4 100997 4086 4180
334 75132 94 3 101266 26040 26134
97 80969 94 3 101266 20203 20297
401 95585 94 3 101270 5591 5685
141 87323 94 2 101646 14229 14323
246 72684 94 2 101646 28868 28962
982 90830 94 2 101646 10722 10816
413 99496 94 2 101646 2056 2150
395 98327 94 1 101834 3413 3507
628 78479 94 1 101834 23261 23355
690 71745 95 4 101838 29998 30093
363 98372 95 4 102309 3842 3937
712 81115 95 4 102309 21099 21194
240 72142 95 4 102309 30072 30167
958 84603 95 4 102309 17611 17706
555 77002 95 4 102309 25212 25307
680 95149 95 3 102404 7160 7255
587 82797 95 2 102784 19892 19987
362 74172 95 2 102784 28517 28612
507 89113 95 2 102784 13576 13671
189 91657 95 2 102784 11032 11127
973 85341 96 4 102976 17539 17635
707 84560 96 4 102976 18320 18416
341 83424 96 3 103168 19648 19744
308 85351 96 3 103168 17721 17817
283 72837 96 3 103360 30427 30523
676 92588 96 3 103360 10676 10772
152 79229 96 2 103456 24131 24227
25 90160 96 1 103648 13392 13488
506 95588 96 1 103648 7964 8060
265 91859 97 4 103745 11789 11886
383 85000 97 3 103939 18842 18939
717 82372 97 3 103939 21470 21567
260 98381 97 2 104036 5558 5655
813 76823 97 1 104230 27310 27407
492 83306 97 1 104230 20827 20924
384 89612 98 4 104622 14912 15010
102 87678 98 4 104622 16846 16944
869 93829 98 4 104622 10695 10793
412 73604 98 4 104622 30920 31018
109 93188 98 4 104818 11532 11630
420 83222 98 4 104818 21498 21596
608 70630 98 3 104921 34193 34291
207 74450 98 3 105230 30682 30780
710 95415 98 3 105230 9717 9815
876 95813 98 3 105230 9319 9417
415 74150 98 3 105230 30982 31080
597 78431 98 3 105328 26799 26897
512 92925 98 2 105622 12599 12697
833 89701 98 2 105622 15823 15921
686 99997 98 2 105622 5527 5625
497 85166 98 1 105818 20554 20652
618 82768 98 1 105818 22952 23050
955 91320 99 4 106115 14696 14795
698 80654 99 4 106115 25362 25461
277 86578 99 4 106115 19438 19537
948 95243 99 4 106313 10971 11070
470 95248 99 4 106313 10966 11065
215 69933 99 3 106550 36518 36617
262 67150 99 3 106553 39304 39403
433 68555 99 3 106553 37899 37998
758 76291 99 3 106847 30457 30556
430 73805 99 3 106849 32945 33044
615 91460 99 3 106849 15290 15389
871 77526 99 2 107146 29521 29620
929 79710 99 2 107146 27337 27436
566 91992 99 2 107146 15055 15154
636 62970 99 1 107225 44156 44255
505 57854 99 1 107290 49337 49436
531 94362 99 1 107342 12881 12980
134 91380 99 1 107561 16082 16181
863 69163 99 1 107613 38351 38450
160 84352 99 1 107613 23162 23261
725 71058 100 4 108013 36855 36955
491 96151 100 4 108013 11762 11862
623 91989 100 4 108013 15924 16024
682 74829 100 4 108013 33084 33184
914 57723 100 3 108113 50290 50390
786 71156 100 2 108313 37057 37157
605 92235 100 2 108313 15978 16078
759 67054 100 1 108413 41259 41359
