100823 1000 119 72
148 1094 83 4 1177 0 83
35 3954 36 4 3990 0 36
815 4164 66 2 4230 0 66
66 7327 22 3 7349 0 22
345 7415 43 4 7458 0 43
463 7640 24 3 7664 0 24
823 8801 54 4 8855 0 54
63 9721 27 4 9748 0 27
667 10421 46 3 10467 0 46
628 10667 39 2 10706 0 39
227 11362 57 4 11419 0 57
92 12169 32 4 12201 0 32
109 12686 24 1 12710 0 24
210 12707 63 3 12773 3 66
249 12995 64 3 13059 0 64
708 13042 20 4 13079 17 37
428 13112 84 1 13196 0 84
730 13938 43 3 13981 0 43
834 14373 42 3 14415 0 42
937 15299 20 4 15319 0 20
967 15735 52 4 15787 0 52
290 16116 87 3 16203 0 87
30 16284 71 4 16355 0 71
768 16658 84 1 16742 0 84
974 16856 46 4 16902 0 46
426 17048 79 4 17127 0 79
95 17268 29 4 17297 0 29
550 17616 56 2 17672 0 56
618 17662 61 4 17733 10 71
631 17764 22 3 17786 0 22
464 17942 37 4 17979 0 37
76 18190 21 3 18211 0 21
429 18881 57 1 18938 0 57
509 19431 39 3 19470 0 39
94 19803 42 4 19845 0 42
718 20207 27 2 20234 0 27
736 20327 25 2 20352 0 25
352 20693 40 2 20733 0 40
630 21174 61 3 21235 0 61
728 21321 27 4 21348 0 27
182 22038 41 4 22079 0 41
108 22173 51 4 22224 0 51
479 22318 31 4 22349 0 31
946 23323 23 4 23346 0 23
893 23481 46 3 23527 0 46
496 23548 56 4 23604 0 56
256 23837 34 3 23871 0 34
904 24084 22 3 24106 0 22
225 24151 52 2 24203 0 52
613 24484 38 3 24522 0 38
107 24645 54 2 24699 0 54
112 24691 50 3 24749 8 58
275 24677 82 1 24831 72 154
221 25127 20 3 25147 0 20
753 25426 62 4 25488 0 62
603 25813 23 4 25836 0 23
792 26327 34 3 26361 0 34
859 26506 67 4 26573 0 67
787 26747 52 4 26799 0 52
46 26964 69 2 27033 0 69
494 27352 40 3 27392 0 40
184 27558 51 3 27609 0 51
245 27816 42 3 27858 0 42
504 28005 72 2 28077 0 72
610 28167 64 2 28231 0 64
923 28889 69 3 28958 0 69
912 29187 47 4 29234 0 47
517 29256 59 4 29315 0 59
312 29331 81 4 29412 0 81
41 29351 55 3 29467 61 116
347 29368 61 2 29528 99 160
12 29515 38 2 29566 13 51
922 29470 89 4 29655 96 185
81 29839 47 4 29886 0 47
587 29990 20 2 30010 0 20
516 30654 67 3 30721 0 67
144 30769 22 1 30791 0 22
198 31062 39 3 31101 0 39
588 31099 58 3 31159 2 60
330 31310 39 3 31349 0 39
984 31494 38 4 31532 0 38
697 31582 43 2 31625 0 43
621 31851 44 4 31895 0 44
848 32015 22 4 32037 0 22
847 32297 60 4 32357 0 60
746 32338 50 3 32407 19 69
957 32532 56 3 32588 0 56
732 32681 23 4 32704 0 23
97 32697 37 4 32741 7 44
372 32900 40 3 32940 0 40
781 33314 88 3 33402 0 88
771 33365 83 4 33485 37 120
643 33495 25 3 33520 0 25
117 33510 61 3 33581 10 71
555 33591 34 4 33625 0 34
311 33595 78 3 33703 30 108
93 33724 23 3 33747 0 23
390 33748 23 1 33771 0 23
317 33956 39 2 33995 0 39
427 34018 78 3 34096 0 78
573 34083 81 3 34177 13 94
7 34291 55 3 34346 0 55
442 34384 27 4 34411 0 27
500 34406 22 4 34433 5 27
722 34591 22 4 34613 0 22
381 34786 23 4 34809 0 23
698 34967 77 2 35044 0 77
518 34991 68 4 35112 53 121
206 35154 68 3 35222 0 68
506 35500 35 3 35535 0 35
103 35534 57 2 35592 1 58
745 35575 69 4 35661 17 86
898 35718 36 3 35754 0 36
306 35760 33 4 35793 0 33
583 35947 51 2 35998 0 51
839 36059 55 4 36114 0 55
489 36098 42 4 36156 16 58
638 36329 55 2 36384 0 55
711 36493 24 3 36517 0 24
721 36620 21 4 36641 0 21
342 36636 30 4 36671 5 35
615 36997 92 4 37089 0 92
241 37141 23 3 37164 0 23
749 37192 62 3 37254 0 62
186 37300 28 3 37328 0 28
989 37366 34 3 37400 0 34
648 37492 33 2 37525 0 33
731 37563 20 3 37583 0 20
772 37698 29 4 37727 0 29
159 37772 29 3 37801 0 29
829 38044 82 2 38126 0 82
365 38057 55 4 38181 69 124
351 38150 41 3 38222 31 72
493 38428 59 3 38487 0 59
22 38533 53 3 38586 0 53
668 38670 87 2 38757 0 87
646 38684 24 4 38781 73 97
535 38792 50 2 38842 0 50
752 38804 89 3 38931 38 127
575 38875 42 4 38973 56 98
364 38884 45 2 39018 89 134
805 39023 44 1 39067 0 44
455 39165 32 4 39197 0 32
987 39420 54 3 39474 0 54
754 39510 54 1 39564 0 54
890 39719 60 3 39779 0 60
713 39772 31 2 39810 7 38
763 39824 63 3 39887 0 63
889 40088 30 4 40118 0 30
482 40224 23 3 40247 0 23
10 40277 32 3 40309 0 32
468 40320 22 2 40342 0 22
774 40427 21 3 40448 0 21
119 40467 25 3 40492 0 25
397 40935 20 2 40955 0 20
443 41033 31 3 41064 0 31
304 41080 26 3 41106 0 26
645 41099 41 4 41147 7 48
386 41301 35 3 41336 0 35
17 41334 47 4 41383 2 49
821 41397 23 4 41420 0 23
301 41458 80 4 41538 0 80
192 41467 60 3 41598 71 131
242 41641 49 2 41690 0 49
970 41676 31 4 41721 14 45
55 41724 32 3 41756 0 32
905 41860 32 3 41892 0 32
480 41893 70 4 41963 0 70
343 42043 81 4 42124 0 81
694 42150 84 4 42234 0 84
424 42171 29 3 42263 63 92
591 42300 56 1 42356 0 56
155 42345 28 4 42384 11 39
546 42336 28 3 42412 48 76
608 42447 29 3 42476 0 29
991 42542 37 3 42579 0 37
921 42754 72 4 42826 0 72
685 42800 69 2 42895 26 95
554 42843 26 1 42921 52 78
310 42846 52 3 42973 75 127
596 43177 52 4 43229 0 52
868 43187 58 3 43287 42 100
138 43411 21 3 43432 0 21
232 43751 24 4 43775 0 24
597 43970 77 4 44047 0 77
740 44082 52 4 44134 0 52
5 44117 77 2 44211 17 94
953 44254 68 3 44322 0 68
73 44293 20 4 44342 29 49
585 44268 27 4 44369 74 101
358 44281 51 1 44420 88 139
136 44609 32 4 44641 0 32
955 44644 46 2 44690 0 46
881 44753 24 3 44777 0 24
622 44805 66 2 44871 0 66
748 44871 58 3 44929 0 58
321 44930 29 2 44959 0 29
508 44947 40 4 44999 12 52
910 45079 58 1 45137 0 58
78 45110 44 4 45181 27 71
86 45117 61 4 45242 64 125
113 45257 58 4 45315 0 58
764 45326 60 2 45386 0 60
779 45405 70 1 45475 0 70
233 45453 57 3 45532 22 79
940 45503 45 2 45577 29 74
634 45563 54 1 45631 14 68
456 45815 46 3 45861 0 46
161 45919 57 4 45976 0 57
842 45951 37 3 46013 25 62
462 46096 31 2 46127 0 31
533 46167 37 3 46204 0 37
127 46196 58 2 46262 8 66
701 46171 76 1 46338 91 167
89 46389 92 2 46481 0 92
857 46484 31 1 46515 0 31
273 46646 95 3 46741 0 95
407 46652 34 3 46775 89 123
244 46661 44 4 46819 114 158
727 46776 33 4 46852 43 76
369 46803 60 4 46912 49 109
102 46858 42 2 46954 54 96
133 47402 50 2 47452 0 50
756 47469 27 4 47496 0 27
307 47495 29 2 47525 1 30
42 47638 45 4 47683 0 45
691 47661 76 2 47759 22 98
36 47968 48 2 48016 0 48
908 47978 91 4 48107 38 129
279 48136 46 2 48182 0 46
579 48241 34 4 48275 0 34
68 48280 69 1 48349 0 69
451 48443 20 4 48463 0 20
53 48640 25 4 48665 0 25
529 48664 58 4 48723 1 59
469 48751 79 2 48830 0 79
212 48910 47 3 48957 0 47
166 48962 35 4 48997 0 35
373 49100 48 2 49148 0 48
860 49173 32 4 49205 0 32
920 49385 72 3 49457 0 72
985 49419 82 4 49539 38 120
511 49479 37 4 49576 60 97
188 49550 37 3 49613 26 63
128 49473 46 4 49659 140 186
473 49671 58 2 49729 0 58
314 49929 84 4 50013 0 84
156 50262 64 2 50326 0 64
899 50768 40 2 50808 0 40
154 50964 71 2 51035 0 71
611 51053 28 4 51081 0 28
477 51188 39 4 51227 0 39
396 51260 93 3 51353 0 93
843 51262 31 2 51384 91 122
106 51335 40 4 51424 49 89
896 51300 59 3 51483 124 183
539 51824 48 2 51872 0 48
513 52163 25 1 52188 0 25
288 52458 67 4 52525 0 67
110 52518 47 2 52572 7 54
657 52735 53 4 52788 0 53
410 52803 76 1 52879 0 76
303 52837 29 3 52908 42 71
865 52883 30 3 52938 25 55
650 52812 33 4 52971 126 159
580 52985 63 1 53048 0 63
559 53038 43 1 53091 10 53
599 53041 75 4 53166 50 125
104 53124 36 4 53202 42 78
791 53258 86 3 53344 0 86
869 53281 25 3 53369 63 88
465 53296 45 3 53414 73 118
913 53419 77 4 53496 0 77
146 53617 43 4 53660 0 43
655 53631 22 3 53682 29 51
387 53690 26 1 53716 0 26
854 53741 70 4 53811 0 70
421 53790 38 3 53849 21 59
837 54134 61 2 54195 0 61
297 54370 21 3 54391 0 21
204 54415 55 4 54470 0 55
234 54479 75 3 54554 0 75
49 54486 24 3 54578 68 92
563 54879 61 2 54940 0 61
328 55251 71 4 55322 0 71
243 55275 24 4 55346 47 71
891 55318 30 4 55376 28 58
247 55484 39 2 55523 0 39
625 55958 50 4 56008 0 50
293 56346 30 2 56376 0 30
949 56383 60 3 56443 0 60
825 56410 64 3 56507 33 97
258 56627 62 2 56689 0 62
101 56733 68 4 56801 0 68
367 56800 35 3 56836 1 36
423 56827 70 3 56906 9 79
872 56990 49 4 57039 0 49
871 57011 32 1 57071 28 60
466 57050 39 2 57110 21 60
48 57099 46 2 57156 11 57
34 57240 30 3 57270 0 30
514 57386 44 3 57430 0 44
687 57703 36 2 57739 0 36
268 57773 44 3 57817 0 44
642 58038 36 3 58074 0 36
178 58169 24 3 58193 0 24
402 58241 59 2 58300 0 59
758 58257 29 4 58329 43 72
750 58333 83 4 58416 0 83
199 58435 63 3 58498 0 63
723 58534 32 4 58566 0 32
626 58661 23 3 58684 0 23
284 58875 61 3 58936 0 61
524 58922 50 4 58986 14 64
18 58980 54 3 59040 6 60
77 59022 29 4 59069 18 47
173 58990 59 4 59128 79 138
131 59245 45 2 59290 0 45
205 59308 55 4 59363 0 55
193 59325 68 4 59431 38 106
981 59387 28 4 59459 44 72
111 59436 78 4 59537 23 101
348 59474 44 4 59581 63 107
793 59516 57 2 59638 65 122
566 59475 80 3 59718 163 243
660 59801 77 4 59878 0 77
380 59811 38 2 59916 67 105
8 59832 69 4 59985 84 153
714 59967 29 4 60014 18 47
547 59977 32 3 60046 37 69
527 59971 63 3 60109 75 138
877 60201 53 3 60254 0 53
187 60258 50 4 60308 0 50
846 60336 67 3 60403 0 67
577 60411 60 3 60471 0 60
531 60542 81 3 60623 0 81
644 60576 43 3 60666 47 90
420 60648 23 4 60689 18 41
134 60618 53 4 60742 71 124
181 60596 66 3 60808 146 212
481 60932 70 4 61002 0 70
254 60958 26 4 61028 44 70
169 60973 43 4 61071 55 98
999 61050 74 3 61145 21 95
819 61135 28 2 61173 10 38
476 61254 25 1 61279 0 25
263 61327 55 2 61382 0 55
814 61346 22 3 61404 36 58
950 61331 35 4 61439 73 108
316 61365 35 1 61474 74 109
782 61365 36 1 61510 109 145
994 61482 26 3 61536 28 54
100 61433 41 4 61577 103 144
990 61590 35 3 61625 0 35
729 61608 50 3 61675 17 67
661 61756 31 2 61787 0 31
295 61794 61 2 61855 0 61
609 61884 64 3 61948 0 64
515 61901 42 3 61990 47 89
6 61992 34 1 62026 0 34
202 62023 22 3 62048 3 25
435 62038 44 3 62092 10 54
58 62096 31 4 62127 0 31
968 62172 25 4 62197 0 25
145 62367 25 4 62392 0 25
637 62392 26 4 62418 0 26
459 62431 44 4 62475 0 44
153 62489 47 4 62536 0 47
977 62554 42 4 62596 0 42
629 62572 33 2 62629 24 57
336 62555 48 3 62677 74 122
827 62628 62 4 62739 49 111
216 62678 32 2 62771 61 93
132 62770 64 4 62835 1 65
824 62871 40 1 62911 0 40
368 62904 59 4 62970 7 66
960 62970 25 3 62995 0 25
51 62985 24 3 63019 10 34
803 62982 28 4 63047 37 65
432 62922 30 4 63077 125 155
607 62921 30 4 63107 156 186
415 63079 59 3 63166 28 87
438 63126 40 4 63206 40 80
712 63206 27 3 63233 0 27
264 62931 61 2 63294 302 363
338 63176 77 2 63371 118 195
416 63345 36 4 63407 26 62
226 63423 35 3 63458 0 35
972 63580 89 2 63669 0 89
964 63697 23 4 63720 0 23
209 63804 81 2 63885 0 81
98 63829 67 3 63952 56 123
817 64195 39 4 64234 0 39
620 64326 34 4 64360 0 34
998 64332 28 3 64388 28 56
929 64403 25 3 64428 0 25
800 64459 36 4 64495 0 36
448 64469 22 4 64517 26 48
54 64470 46 2 64563 47 93
384 64651 45 3 64696 0 45
589 64721 24 1 64745 0 24
959 64787 25 4 64812 0 25
669 64823 51 4 64874 0 51
765 64853 52 4 64926 21 73
570 64898 31 1 64957 28 59
394 64907 95 1 65052 50 145
799 64977 53 3 65105 75 128
412 65099 38 1 65143 6 44
175 65243 53 3 65296 0 53
699 65279 26 4 65322 17 43
237 65320 73 3 65395 2 75
852 65323 35 3 65430 72 107
285 65405 22 2 65452 25 47
916 65370 64 3 65516 82 146
831 65262 75 4 65591 254 329
255 65724 29 2 65753 0 29
207 65767 38 4 65805 0 38
16 65994 71 4 66065 0 71
291 66037 44 4 66109 28 72
40 66114 23 3 66137 0 23
167 66158 30 4 66188 0 30
236 66280 70 3 66350 0 70
274 66317 54 4 66404 33 87
125 66294 73 3 66477 110 183
562 66432 24 4 66501 45 69
495 66407 31 4 66532 94 125
240 66507 36 2 66568 25 61
123 66629 80 3 66709 0 80
84 66724 50 4 66774 0 50
276 66946 34 3 66980 0 34
346 67001 22 2 67023 0 22
804 67038 86 1 67124 0 86
471 67047 33 4 67157 77 110
150 67157 67 3 67224 0 67
796 67159 33 2 67257 65 98
943 67440 26 3 67466 0 26
735 67592 23 3 67615 0 23
11 67605 42 3 67657 10 52
530 67608 69 4 67726 49 118
870 67737 62 4 67799 0 62
938 67868 55 4 67923 0 55
776 67893 37 3 67960 30 67
734 68021 34 4 68055 0 34
405 68054 22 3 68077 1 23
882 68081 81 3 68162 0 81
418 68112 61 2 68223 50 111
849 68154 64 2 68287 69 133
840 68257 74 3 68361 30 104
47 68394 49 4 68443 0 49
121 68422 59 4 68502 21 80
472 68448 28 2 68530 54 82
875 68450 40 4 68570 80 120
826 68584 87 3 68671 0 87
512 68598 38 3 68709 73 111
784 68907 49 3 68956 0 49
704 68969 31 2 69000 0 31
375 69054 30 4 69084 0 30
939 69128 88 4 69216 0 88
532 69475 46 4 69521 0 46
33 69598 34 1 69632 0 34
592 69669 80 1 69749 0 80
639 69710 23 3 69772 39 62
75 69734 60 1 69832 38 98
783 69793 20 4 69852 39 59
67 69803 37 3 69889 49 86
962 69825 71 4 69960 64 135
231 69909 31 4 69991 51 82
31 69972 22 2 70013 19 41
60 69996 21 2 70034 17 38
147 70024 48 4 70082 10 58
724 70037 69 3 70151 45 114
942 70112 50 3 70201 39 89
363 70145 51 4 70252 56 107
522 70246 26 4 70278 6 32
23 69754 87 4 70365 524 611
313 70403 48 4 70451 0 48
696 70559 61 4 70620 0 61
887 70619 21 3 70641 1 22
203 70592 84 3 70725 49 133
362 70700 51 4 70776 25 76
498 70733 60 2 70836 43 103
322 70737 73 3 70909 99 172
217 70941 28 4 70969 0 28
544 70956 51 4 71020 13 64
425 71001 35 2 71055 19 54
705 71051 29 4 71084 4 33
44 70996 67 4 71151 88 155
223 71027 87 4 71238 124 211
961 71212 25 3 71263 26 51
83 71487 73 3 71560 0 73
954 71574 31 3 71605 0 31
880 71682 27 4 71709 0 27
578 71722 39 3 71761 0 39
560 71732 65 4 71826 29 94
726 71815 24 4 71850 11 35
26 71888 41 4 71929 0 41
168 71897 32 3 71961 32 64
934 71937 34 3 71995 24 58
152 72123 65 2 72188 0 65
659 72202 51 4 72253 0 51
993 72226 52 4 72305 27 79
862 72365 36 1 72401 0 36
569 72580 36 1 72616 0 36
409 72594 63 3 72679 22 85
598 72644 24 2 72703 35 59
251 72747 71 2 72818 0 71
902 72933 63 2 72996 0 63
267 73018 54 2 73072 0 54
549 73052 49 3 73121 20 69
595 73106 32 4 73153 15 47
45 73025 66 4 73219 128 194
201 73185 44 1 73263 34 78
802 73344 30 3 73374 0 30
689 73359 33 1 73407 15 48
189 73353 35 4 73442 54 89
717 73393 41 2 73483 49 90
215 73392 66 3 73549 91 157
151 73543 53 2 73602 6 59
917 73565 23 3 73625 37 60
741 73454 79 3 73704 171 250
403 73736 77 2 73813 0 77
945 73779 55 4 73868 34 89
450 73862 43 2 73911 6 49
633 73903 31 3 73942 8 39
70 73934 24 2 73966 8 32
502 73971 62 4 74033 0 62
235 74016 51 4 74084 17 68
414 74095 70 4 74165 0 70
528 74147 25 1 74190 18 43
319 74155 43 4 74233 35 78
715 74138 52 4 74285 95 147
673 74244 30 3 74315 41 71
520 74286 74 1 74389 29 103
884 74325 31 1 74420 64 95
238 74375 39 2 74459 45 84
265 74403 57 4 74516 56 113
335 74478 22 3 74538 38 60
561 74494 32 3 74570 44 76
838 74522 50 2 74620 48 98
788 74142 82 3 74702 478 560
557 74691 23 2 74725 11 34
431 74712 33 4 74758 13 46
252 74725 41 2 74799 33 74
997 74776 20 3 74819 23 43
334 74631 49 4 74868 188 237
909 74848 68 2 74936 20 88
552 74479 82 1 75018 457 539
388 75004 33 2 75051 14 47
374 75194 64 4 75258 0 64
911 75289 62 3 75351 0 62
299 75329 21 4 75372 22 43
114 75360 35 4 75407 12 47
158 75386 23 4 75430 21 44
755 75414 66 4 75496 16 82
460 75517 59 4 75576 0 59
219 75553 29 4 75605 23 52
61 75574 32 2 75637 31 63
627 75573 50 3 75687 64 114
757 75672 47 4 75734 15 62
13 75900 39 1 75939 0 39
305 76014 56 4 76070 0 56
332 76021 34 3 76104 49 83
844 76060 63 3 76167 44 107
568 76103 93 3 76260 64 157
194 76241 67 3 76327 19 86
491 76337 92 4 76429 0 92
879 76418 74 1 76503 11 85
640 76634 42 4 76676 0 42
411 76684 28 2 76712 0 28
525 76752 87 4 76839 0 87
798 76834 51 1 76890 5 56
538 76877 41 4 76931 13 54
662 77032 26 3 77058 0 26
59 77121 79 2 77200 0 79
341 77138 48 3 77248 62 110
841 77144 50 4 77298 104 154
359 77258 27 4 77325 40 67
930 77245 58 4 77383 80 138
969 77241 59 4 77442 142 201
170 77394 44 4 77486 48 92
789 77469 21 1 77507 17 38
250 77583 68 4 77651 0 68
853 77700 28 4 77728 0 28
807 77706 55 2 77783 22 77
430 77759 32 3 77815 24 56
391 77934 80 2 78014 0 80
400 77962 45 2 78059 52 97
454 78052 57 2 78116 7 64
57 78127 32 3 78159 0 32
919 78246 36 1 78282 0 36
353 78571 33 3 78604 0 33
833 78611 25 1 78636 0 25
766 78888 67 2 78955 0 67
458 79004 23 4 79027 0 23
382 79061 93 4 79154 0 93
924 79147 31 4 79185 7 38
742 79164 36 1 79221 21 57
914 79181 38 4 79259 40 78
324 79102 47 3 79306 157 204
99 79166 49 2 79355 140 189
553 79320 33 3 79388 35 68
208 79302 52 3 79440 86 138
164 79275 71 4 79511 165 236
906 79512 64 2 79576 0 64
445 79542 35 4 79611 34 69
501 79559 41 2 79652 52 93
565 79539 72 2 79724 113 185
294 79738 53 4 79791 0 53
85 79797 43 1 79840 0 43
690 79944 22 4 79966 0 22
983 79968 49 4 80017 0 49
229 80031 44 1 80075 0 44
370 80068 66 1 80141 7 73
813 80136 41 3 80182 5 46
965 80185 74 3 80259 0 74
856 80306 47 1 80353 0 47
441 80325 52 4 80405 28 80
616 80347 74 2 80479 58 132
239 80441 27 4 80506 38 65
200 80456 35 2 80541 50 85
652 80518 41 4 80582 23 64
526 80457 63 4 80645 125 188
641 80630 22 3 80667 15 37
649 80591 43 3 80710 76 119
576 80671 31 3 80741 39 70
392 80708 75 4 80816 33 108
218 80758 20 4 80836 58 78
948 80776 39 4 80875 60 99
183 80842 21 4 80896 33 54
433 80866 51 4 80947 30 81
281 80919 34 4 80981 28 62
446 80909 65 3 81046 72 137
836 80983 22 3 81068 63 85
574 81028 24 3 81092 40 64
269 81012 30 3 81122 80 110
408 81091 34 2 81156 31 65
835 81145 38 4 81194 11 49
483 81163 43 4 81237 31 74
944 81196 36 4 81273 41 77
253 81273 68 3 81341 0 68
447 81295 32 4 81373 46 78
195 81280 47 3 81420 93 140
536 81312 54 4 81474 108 162
864 81444 30 2 81504 30 60
663 81423 47 4 81551 81 128
510 81459 47 1 81598 92 139
897 81541 63 4 81661 57 120
936 81320 75 1 81736 341 416
850 81721 22 2 81758 15 37
709 81695 24 2 81782 63 87
490 81681 46 4 81828 101 147
978 81796 49 2 81877 32 81
671 81722 67 2 81944 155 222
586 81899 33 3 81977 45 78
952 81934 35 2 82012 43 78
163 81681 74 4 82086 331 405
973 82086 31 4 82117 0 31
770 80475 78 3 82195 1642 1720
74 82194 38 2 82233 1 39
594 82216 32 3 82265 17 49
141 82254 34 3 82299 11 45
636 82296 43 3 82342 3 46
487 82207 62 3 82404 135 197
816 80363 79 4 82483 2041 2120
361 80532 79 2 82562 1951 2030
266 82136 96 1 82658 426 522
404 82653 28 4 82686 5 33
677 82662 46 4 82732 24 70
739 82585 46 3 82778 147 193
190 82776 21 3 82799 2 23
196 82746 53 3 82852 53 106
832 82843 48 3 82900 9 57
558 82897 38 3 82938 3 41
262 82906 64 4 83002 32 96
257 82996 39 4 83041 6 45
339 82852 65 3 83106 189 254
777 83085 63 4 83169 21 84
27 83137 51 2 83220 32 83
947 82952 97 2 83317 268 365
143 83294 69 2 83386 23 92
665 83373 31 4 83417 13 44
9 83499 72 4 83571 0 72
271 83565 54 2 83625 6 60
894 83576 57 4 83682 49 106
785 83638 78 3 83760 44 122
452 83807 55 1 83862 0 55
149 83977 46 3 84023 0 46
540 84121 44 3 84165 0 44
693 84147 37 2 84202 18 55
951 84186 23 4 84225 16 39
272 84201 26 4 84251 24 50
337 84280 56 3 84336 0 56
39 84373 24 4 84397 0 24
801 84521 32 2 84553 0 32
925 84539 23 2 84576 14 37
398 84533 27 2 84603 43 70
619 84633 32 3 84665 0 32
982 84670 74 1 84744 0 74
260 84733 29 4 84773 11 40
191 84726 61 3 84834 47 108
19 84701 73 3 84907 133 206
523 84849 38 4 84945 58 96
419 84988 26 1 85014 0 26
105 85017 64 2 85081 0 64
488 85075 56 4 85137 6 62
976 85098 26 1 85163 39 65
320 85309 23 1 85332 0 23
287 85403 34 2 85437 0 34
674 85412 79 3 85516 25 104
794 85455 37 4 85553 61 98
137 85517 85 3 85638 36 121
537 85632 70 3 85708 6 76
457 85676 74 2 85782 32 106
135 85740 66 2 85848 42 108
581 85834 32 4 85880 14 46
686 85812 33 4 85913 68 101
572 85905 49 3 85962 8 57
360 85939 36 4 85998 23 59
808 85864 63 1 86061 134 197
4 86043 66 3 86127 18 84
371 86083 25 2 86152 44 69
289 86093 26 2 86178 59 85
24 85840 68 3 86246 338 406
14 86179 26 4 86272 67 93
907 86286 36 1 86322 0 36
963 86370 35 3 86405 0 35
185 86420 47 3 86467 0 47
975 86586 23 3 86609 0 23
980 86624 31 2 86655 0 31
37 86701 35 3 86736 0 35
521 86731 26 3 86762 5 31
333 86705 37 4 86799 57 94
422 86819 31 3 86850 0 31
176 86869 65 4 86934 0 65
855 86891 25 4 86959 43 68
406 86952 37 3 86996 7 44
1000 86971 30 3 87026 25 55
96 87018 30 4 87056 8 38
681 87023 32 4 87088 33 65
647 87057 26 3 87114 31 57
707 86960 40 2 87154 154 194
211 87154 37 2 87191 0 37
340 86921 47 4 87238 270 317
302 87136 58 3 87296 102 160
584 87045 62 2 87358 251 313
812 87141 68 3 87426 217 285
197 87479 39 4 87518 0 39
551 87494 68 3 87586 24 92
120 87520 27 4 87613 66 93
958 87575 59 3 87672 38 97
760 87664 45 3 87717 8 53
767 87684 36 4 87753 33 69
703 87873 26 3 87899 0 26
719 87908 27 3 87935 0 27
556 87920 59 4 87994 15 74
545 88076 49 4 88125 0 49
25 88139 43 3 88182 0 43
759 88173 48 3 88230 9 57
88 88363 25 2 88388 0 25
828 88438 28 3 88466 0 28
399 88504 25 2 88529 0 25
706 88597 44 3 88641 0 44
986 88614 31 2 88672 27 58
157 88694 25 3 88719 0 25
140 88711 33 3 88752 8 41
124 88725 62 3 88814 27 89
811 88762 24 4 88838 52 76
475 88817 22 2 88860 21 43
867 88857 23 4 88883 3 26
956 88934 96 3 89030 0 96
716 88978 42 2 89072 52 94
858 88971 43 1 89115 101 144
2 89094 28 4 89143 21 49
283 89125 40 3 89183 18 58
116 89139 41 4 89224 44 85
492 89195 27 4 89251 29 56
874 89187 36 4 89287 64 100
129 89285 29 2 89316 2 31
171 89276 31 2 89347 40 71
747 89336 39 3 89386 11 50
72 89190 42 3 89428 196 238
895 88992 46 2 89474 436 482
932 89460 39 4 89513 14 53
82 89495 46 2 89559 18 64
139 89528 32 4 89591 31 63
90 89252 46 1 89637 339 385
50 89625 33 3 89670 12 45
118 89653 38 4 89708 17 55
878 89154 47 3 89755 554 601
327 88981 48 3 89803 774 822
444 89737 49 4 89852 66 115
695 89830 51 2 89903 22 73
614 89880 35 3 89938 23 58
401 89152 53 3 89991 786 839
20 89587 60 4 90051 404 464
928 89993 26 4 90077 58 84
126 90033 42 3 90119 44 86
28 90021 57 2 90176 98 155
886 90151 47 1 90223 25 72
440 90204 66 3 90289 19 85
926 90261 26 2 90315 28 54
795 89873 67 4 90382 442 509
876 90374 22 4 90404 8 30
604 90241 69 2 90473 163 232
927 90444 44 4 90517 29 73
612 90488 40 3 90557 29 69
773 90520 42 4 90599 37 79
56 90580 21 2 90620 19 40
296 90584 30 1 90650 36 66
593 90464 46 1 90696 186 232
900 90641 53 3 90749 55 108
69 90566 55 4 90804 183 238
675 90491 55 4 90859 313 368
751 90443 55 1 90914 416 471
941 90424 76 4 90990 490 566
467 90983 22 4 91012 7 29
733 90916 58 3 91070 96 154
354 91014 78 4 91148 56 134
393 91101 73 3 91221 47 120
653 90965 79 3 91300 256 335
292 91243 53 2 91353 57 110
174 91321 45 4 91398 32 77
786 91394 38 4 91436 4 42
80 91420 29 3 91465 16 45
357 91363 52 3 91517 102 154
966 91468 36 4 91553 49 85
995 91527 26 4 91579 26 52
165 91248 54 4 91633 331 385
635 91270 58 1 91691 363 421
915 91684 25 3 91716 7 32
762 91656 82 2 91798 60 142
300 91765 23 3 91821 33 56
286 91783 26 4 91847 38 64
602 91814 41 3 91888 33 74
461 90572 86 2 91974 1316 1402
679 91902 55 3 92029 72 127
376 92002 64 1 92093 27 91
971 92065 56 4 92149 28 84
996 92289 49 4 92338 0 49
769 92338 24 4 92362 0 24
672 92310 29 3 92391 52 81
883 92333 35 4 92426 58 93
680 92358 44 4 92470 68 112
702 92327 47 4 92517 143 190
417 92490 51 2 92568 27 78
683 92613 63 3 92676 0 63
688 92677 54 4 92731 0 54
248 92699 47 3 92778 32 79
214 92772 54 2 92832 6 60
822 92812 50 4 92882 20 70
684 92861 35 3 92917 21 56
851 92870 46 4 92963 47 93
21 92813 58 4 93021 150 208
115 92861 60 3 93081 160 220
91 93043 25 4 93106 38 63
437 93047 30 3 93136 59 89
606 93049 34 4 93170 87 121
676 93100 71 3 93241 70 141
600 93233 28 3 93269 8 36
172 93325 93 2 93418 0 93
567 93389 50 2 93468 29 79
485 93445 63 2 93531 23 86
484 93566 23 4 93589 0 23
678 93603 36 4 93639 0 36
309 93617 58 1 93697 22 80
439 93986 70 4 94056 0 70
449 93987 21 4 94077 69 90
700 94031 25 1 94102 46 71
564 94035 54 2 94156 67 121
315 94177 27 3 94204 0 27
162 94243 52 3 94295 0 52
818 94375 27 4 94402 0 27
259 94383 36 2 94438 19 55
378 94380 61 4 94499 58 119
71 94443 34 3 94533 56 90
326 94463 47 3 94580 70 117
542 94451 78 4 94658 129 207
356 94628 21 4 94679 30 51
453 94602 33 2 94712 77 110
935 94687 21 3 94733 25 46
651 94713 48 4 94781 20 68
888 94757 43 3 94824 24 67
903 94712 50 1 94874 112 162
820 94609 53 2 94927 265 318
790 94875 76 4 95003 52 128
623 94966 21 2 95024 37 58
761 94942 27 4 95051 82 109
65 95003 31 2 95082 48 79
470 94981 42 3 95124 101 143
866 95006 45 1 95169 118 163
318 95113 55 1 95224 56 111
505 95179 52 3 95276 45 97
720 95263 44 3 95320 13 57
979 95312 61 4 95381 8 69
601 95369 27 4 95408 12 39
861 95265 64 4 95472 143 207
325 95469 46 3 95518 3 49
664 95490 21 2 95539 28 49
32 95425 52 3 95591 114 166
366 95579 28 3 95619 12 40
160 95541 63 3 95682 78 141
177 95231 67 4 95749 451 518
383 95684 41 3 95790 65 106
543 95662 74 2 95864 128 202
775 95147 79 4 95943 717 796
571 94844 85 2 96028 1099 1184
918 95990 46 2 96074 38 84
389 96026 48 2 96122 48 96
507 96046 53 4 96175 76 129
52 96145 52 4 96227 30 82
863 96210 41 1 96268 17 58
725 96222 56 2 96324 46 102
499 96071 61 4 96385 253 314
656 96352 46 3 96431 33 79
519 96374 60 4 96491 57 117
434 96452 40 4 96531 39 79
230 96329 62 3 96593 202 264
744 96391 63 4 96656 202 265
809 96594 23 4 96679 62 85
277 96628 33 3 96712 51 84
582 96598 34 4 96746 114 148
737 96746 26 2 96772 0 26
780 96772 21 3 96793 0 21
308 96778 32 4 96825 15 47
344 96824 64 2 96889 1 65
62 96855 30 4 96919 34 64
670 96886 33 2 96952 33 66
931 96402 67 3 97019 550 617
355 97017 67 1 97086 2 69
692 96986 70 4 97156 100 170
261 97110 30 2 97186 46 76
228 96905 76 4 97262 281 357
413 97256 45 3 97307 6 51
180 97307 33 4 97340 0 33
654 97316 43 4 97383 24 67
64 97210 50 3 97433 173 223
1 97351 63 3 97496 82 145
379 97474 25 4 97521 22 47
845 97471 31 3 97552 50 81
122 96024 76 3 97628 1528 1604
142 96802 76 2 97704 826 902
130 97636 38 4 97742 68 106
246 97715 24 4 97766 27 51
710 97697 41 4 97807 69 110
901 97783 39 4 97846 24 63
797 97839 42 3 97888 7 49
350 97852 29 1 97917 36 65
778 97751 63 4 97980 166 229
179 97975 41 4 98021 5 46
278 97969 77 2 98098 52 129
329 98089 22 4 98120 9 31
15 98108 48 1 98168 12 60
605 98088 65 3 98233 80 145
385 98192 48 2 98281 41 89
503 98204 50 3 98331 77 127
624 98318 41 3 98372 13 54
830 98232 52 4 98424 140 192
87 97797 80 4 98504 627 707
395 98455 28 1 98532 49 77
988 96419 82 4 98614 2113 2195
222 98580 20 1 98634 34 54
38 98619 51 2 98685 15 66
992 98545 59 4 98744 140 199
666 98543 67 4 98811 201 268
298 98758 58 1 98869 53 111
478 98773 77 4 98946 96 173
933 98939 40 4 98986 7 47
632 98944 55 2 99041 42 97
658 98531 83 3 99124 510 593
280 99100 39 3 99163 24 63
885 99127 23 1 99186 36 59
43 99049 40 4 99226 137 177
29 99195 22 4 99248 31 53
806 99218 26 4 99274 30 56
497 99256 44 3 99318 18 62
331 99276 32 2 99350 42 74
541 99225 45 2 99395 125 170
743 99368 25 1 99420 27 52
323 99061 47 4 99467 359 406
220 99456 26 4 99493 11 37
3 99484 41 3 99534 9 50
377 99533 21 1 99555 1 22
590 99538 23 4 99578 17 40
738 99480 47 4 99625 98 145
548 99416 50 2 99675 209 259
810 99628 27 4 99702 47 74
682 99625 74 3 99776 77 151
270 99058 82 4 99858 718 800
79 99080 82 1 99940 778 860
436 99898 49 1 99989 42 91
534 99948 47 1 100036 41 88
486 99980 65 4 100101 56 121
224 96428 83 2 100184 3673 3756
474 98754 89 3 100273 1430 1519
282 97723 90 3 100363 2550 2640
349 99360 91 4 100454 1003 1094
892 98295 91 3 100545 2159 2250
617 98368 92 3 100637 2177 2269
873 99353 93 2 100730 1284 1377
213 97527 93 2 100823 3203 3296
