106687 1856 2627 2555
951 3330 44 4 3374 0 44
512 6015 91 4 6106 0 91
553 6547 68 3 6615 0 68
241 6930 54 3 6984 0 54
751 7151 64 4 7215 0 64
689 8385 96 4 8481 0 96
322 8650 71 4 8721 0 71
373 9473 96 3 9569 0 96
178 9713 84 2 9797 0 84
35 9769 41 3 9838 28 69
150 10403 75 4 10478 0 75
801 10496 94 4 10590 0 94
12 10724 53 2 10777 0 53
856 13238 82 1 13320 0 82
242 13290 96 2 13416 30 126
89 13371 88 4 13504 45 133
424 13966 58 2 14024 0 58
152 14009 53 4 14077 15 68
927 14139 90 3 14229 0 90
524 14315 55 1 14370 0 55
537 14344 96 4 14466 26 122
520 14476 64 4 14540 0 64
164 14551 52 2 14603 0 52
782 14570 75 3 14678 33 108
128 15466 41 4 15507 0 41
634 15691 72 3 15763 0 72
258 15828 89 4 15917 0 89
334 16009 41 4 16050 0 41
28 16108 92 2 16200 0 92
653 16111 44 1 16244 89 133
658 16161 73 2 16317 83 156
436 16257 85 4 16402 60 145
657 16683 86 1 16769 0 86
7 16804 82 2 16886 0 82
215 18022 47 3 18069 0 47
854 18467 85 4 18552 0 85
502 18514 58 4 18610 38 96
777 18732 35 3 18767 0 35
392 18858 43 2 18901 0 43
903 19083 54 4 19137 0 54
496 19190 83 2 19273 0 83
483 19318 86 1 19404 0 86
547 19385 79 3 19483 19 98
180 19619 44 4 19663 0 44
858 19937 71 4 20008 0 71
270 19986 66 3 20074 22 88
425 20086 29 3 20115 0 29
583 20147 42 3 20189 0 42
479 20518 61 1 20579 0 61
267 20526 85 4 20664 53 138
184 20845 47 3 20892 0 47
909 21275 90 1 21365 0 90
900 21903 73 4 21976 0 73
22 22011 55 4 22066 0 55
981 22079 74 3 22153 0 74
451 22155 65 4 22220 0 65
654 22215 90 4 22310 5 95
516 22557 72 4 22629 0 72
741 23021 68 4 23089 0 68
196 23245 73 1 23318 0 73
20 23381 92 4 23473 0 92
26 23570 83 2 23653 0 83
261 24008 97 2 24105 0 97
53 24160 86 4 24246 0 86
298 24193 69 3 24365 103 172
937 24199 53 4 24368 116 169
351 24321 72 4 24440 47 119
217 24643 59 4 24702 0 59
77 25097 85 3 25182 0 85
838 25222 63 4 25285 0 63
714 25331 65 1 25396 0 65
670 25620 84 1 25704 0 84
144 26043 99 4 26142 0 99
130 26298 85 2 26383 0 85
454 26578 88 4 26666 0 88
910 26705 56 1 26761 0 56
871 26992 63 4 27055 0 63
824 27063 55 3 27118 0 55
850 27205 78 3 27283 0 78
558 27267 77 4 27360 16 93
488 27607 89 4 27696 0 89
445 27713 66 4 27779 0 66
732 27745 76 4 27855 34 110
284 27880 94 4 27974 0 94
556 27966 43 4 28017 8 51
700 28311 98 3 28409 0 98
633 28408 67 2 28476 1 68
616 28758 89 3 28847 0 89
73 28884 48 2 28932 0 48
106 28938 66 3 29004 0 66
411 28984 95 1 29099 20 115
792 29096 59 1 29158 3 62
31 29212 95 3 29307 0 95
770 29243 48 3 29355 64 112
455 29297 79 1 29434 58 137
926 29374 97 3 29581 110 207
211 29455 34 2 29665 176 210
684 29482 35 2 29700 183 218
988 29382 61 4 29711 268 329
659 29441 95 4 29756 220 315
678 29720 67 4 29823 36 103
749 30425 59 3 30484 0 59
820 30449 94 4 30578 35 129
947 30757 99 4 30856 0 99
849 30788 48 4 30904 68 116
735 30855 75 2 30979 49 124
9 30942 96 4 31075 37 133
736 31326 54 3 31380 0 54
676 31353 83 4 31463 27 110
254 31717 86 2 31803 0 86
117 31783 42 3 31845 20 62
513 31834 82 3 31927 11 93
133 31905 56 4 31983 22 78
989 32028 59 4 32087 0 59
296 32152 55 4 32207 0 55
289 32310 49 3 32359 0 49
476 32433 87 3 32520 0 87
201 32440 63 2 32633 130 193
863 32542 50 4 32683 91 141
174 32479 61 3 32694 154 215
282 32718 79 3 32797 0 79
118 32986 81 4 33067 0 81
57 33147 73 2 33220 0 73
231 33241 95 3 33336 0 95
635 33333 94 2 33430 3 97
485 33506 54 3 33560 0 54
417 33512 81 3 33641 48 129
999 33737 58 1 33795 0 58
3 33849 32 2 33881 0 32
530 33895 54 4 33949 0 54
489 33901 54 4 34003 48 102
544 34117 81 2 34198 0 81
121 34409 40 4 34449 0 40
916 34704 71 3 34775 0 71
359 35018 69 4 35087 0 69
952 35054 79 2 35166 33 112
842 35131 40 4 35206 35 75
452 35175 96 4 35352 81 177
826 35198 58 3 35360 104 162
198 35411 73 2 35484 0 73
950 35510 59 4 35569 0 59
695 35606 56 4 35662 0 56
788 35752 38 2 35790 0 38
563 35771 94 2 35884 19 113
112 35814 92 2 35976 70 162
725 35949 44 2 36020 27 71
688 36515 90 2 36605 0 90
49 36567 80 1 36685 38 118
155 36775 87 3 36862 0 87
994 36883 82 4 36965 0 82
421 36941 78 1 37043 24 102
622 37030 57 3 37100 13 70
352 37135 43 1 37178 0 43
986 37139 36 4 37214 39 75
412 37216 89 2 37305 0 89
119 37390 98 2 37488 0 98
687 37912 54 1 37966 0 54
621 38039 75 3 38114 0 75
550 38159 57 2 38216 0 57
800 38169 42 3 38258 47 89
14 38222 86 3 38344 36 122
335 38279 75 3 38419 65 140
559 38711 65 3 38776 0 65
113 39016 48 4 39064 0 48
755 39117 82 1 39199 0 82
923 39431 64 4 39495 0 64
555 39442 94 2 39589 53 147
123 39512 67 1 39706 127 194
29 39568 85 2 39741 88 173
844 39731 55 1 39796 10 65
806 39830 92 4 39922 0 92
437 40025 69 1 40094 0 69
692 40293 49 2 40342 0 49
752 40323 65 4 40457 69 134
470 40328 79 4 40486 79 158
327 40519 61 1 40580 0 61
787 40636 89 4 40725 0 89
543 40847 82 2 40929 0 82
702 41217 90 4 41307 0 90
943 41253 85 4 41442 104 189
526 41278 66 2 41458 114 180
205 41493 39 4 41532 0 39
409 41521 69 1 41601 11 80
348 41569 70 4 41671 32 102
416 41692 99 2 41791 0 99
713 41744 85 4 41926 97 182
461 41788 94 3 41970 88 182
491 41887 39 3 42009 83 122
646 41952 91 3 42150 107 198
528 41980 94 2 42194 120 214
278 42234 86 3 42320 0 86
915 42326 99 3 42425 0 99
336 42584 65 4 42649 0 65
482 42792 88 4 42880 0 88
517 42856 97 2 42977 24 121
380 42912 60 2 43037 65 125
898 43141 93 3 43234 0 93
69 43419 53 2 43472 0 53
577 43505 31 3 43536 0 31
991 43516 99 3 43635 20 119
181 43565 74 3 43709 70 144
185 43780 97 1 43877 0 97
761 43786 42 2 43969 141 183
744 43786 90 2 44009 133 223
636 43964 77 2 44086 45 122
597 44039 99 4 44235 97 196
374 44082 85 1 44320 153 238
396 44112 52 4 44322 158 210
237 44285 79 1 44451 87 166
265 44292 53 2 44454 109 162
683 44556 99 1 44655 0 99
332 44622 40 4 44745 83 123
796 44562 60 2 44755 133 193
631 44708 94 4 44849 47 141
459 44877 76 4 44953 0 76
170 44971 65 3 45036 0 65
401 44996 93 3 45129 40 133
993 45067 87 2 45216 62 149
545 45241 73 4 45314 0 73
441 45463 41 1 45504 0 41
165 45469 87 3 45641 85 172
71 45473 92 2 45733 168 260
63 45554 68 2 45751 129 197
306 45768 30 2 45798 0 30
746 45917 45 3 45962 0 45
288 46097 55 2 46152 0 55
376 46193 66 4 46259 0 66
919 46201 33 3 46292 58 91
706 46393 75 4 46468 0 75
929 46405 58 4 46576 113 171
690 46448 85 4 46611 78 163
368 46563 88 2 46699 48 136
244 46896 86 4 46982 0 86
56 47056 94 3 47150 0 94
957 47215 85 3 47300 0 85
260 47266 86 4 47386 34 120
888 47359 81 4 47467 27 108
212 47408 54 4 47521 59 113
247 47509 90 4 47611 12 102
934 47817 79 4 47896 0 79
235 47854 84 3 47980 42 126
39 47971 45 4 48125 109 154
886 47952 99 2 48174 123 222
913 47959 71 3 48195 165 236
612 48119 87 3 48282 76 163
398 48215 81 4 48413 117 198
748 48267 65 2 48428 96 161
487 48354 35 4 48463 74 109
963 48393 55 4 48568 120 175
74 48455 74 3 48592 63 137
168 48636 62 4 48698 0 62
394 48785 99 3 48884 0 99
582 48840 48 4 48932 44 92
280 48881 85 4 49017 51 136
102 48940 85 4 49102 77 162
992 49419 51 1 49470 0 51
419 49682 98 3 49780 0 98
362 49779 57 4 49837 1 58
446 49900 39 4 49939 0 39
263 49982 83 3 50065 0 83
239 50152 98 1 50250 0 98
503 50258 91 3 50349 0 91
979 50294 77 3 50426 55 132
295 50383 49 3 50475 43 92
630 50595 25 4 50620 0 25
255 50660 82 4 50742 0 82
328 50752 39 4 50791 0 39
456 50803 92 3 50895 0 92
855 50872 83 3 51028 73 156
912 50887 61 2 51089 141 202
85 50941 94 2 51183 148 242
652 50982 56 4 51189 151 207
252 51102 87 4 51276 87 174
884 51207 77 4 51353 69 146
429 51406 63 2 51469 0 63
576 51495 96 4 51591 0 96
590 51575 92 4 51683 16 108
704 51604 90 1 51823 129 219
145 51650 61 3 51834 123 184
691 51822 91 3 51925 12 103
259 51934 70 4 52004 0 70
463 52085 69 3 52154 0 69
724 52147 92 4 52246 7 99
596 52308 97 2 52405 0 97
548 52311 97 1 52502 94 191
985 52439 84 3 52586 63 147
998 52862 55 3 52917 0 55
599 52931 87 2 53018 0 87
662 52947 41 2 53059 71 112
245 52953 89 3 53198 156 245
851 53007 94 4 53292 191 285
330 53175 37 3 53379 167 204
340 53083 80 2 53459 296 376
798 53228 40 4 53499 231 271
575 53170 59 3 53608 379 438
819 53189 79 2 53687 419 498
120 53272 70 2 53757 415 485
407 53283 78 4 53785 424 502
308 53592 48 2 53833 193 241
48 53298 94 3 53877 485 579
672 53462 83 4 53960 415 498
500 53613 56 1 54066 397 453
861 53865 51 4 54067 151 202
785 53877 89 3 54206 240 329
891 54013 48 3 54254 193 241
199 53972 91 2 54295 232 323
982 54002 54 3 54349 293 347
156 54090 87 2 54536 359 446
791 54147 79 4 54565 339 418
757 54357 44 1 54609 208 252
375 54204 87 4 54646 355 442
723 54293 94 3 54690 303 397
428 54677 64 2 54754 13 77
481 54844 68 4 54912 0 68
766 54858 86 3 54998 54 140
132 54918 86 3 55234 230 316
94 54936 96 4 55280 248 344
738 54972 78 3 55308 258 336
742 54980 70 3 55328 278 348
468 55323 86 2 55414 5 91
941 55362 43 4 55457 52 95
729 55399 94 4 55551 58 152
564 55488 93 4 55644 63 156
506 55723 71 3 55794 0 71
226 55862 92 4 55954 0 92
862 55908 78 2 56032 46 124
822 55978 96 4 56128 54 150
885 56044 81 3 56259 134 215
759 56122 92 2 56301 87 179
1000 56275 80 3 56381 26 106
859 56370 94 2 56475 11 105
834 56596 90 2 56686 0 90
250 56666 86 3 56772 20 106
393 56893 64 4 56957 0 64
984 57095 82 4 57177 0 82
232 57102 68 2 57245 75 143
546 57185 98 4 57343 60 158
153 57248 68 4 57411 95 163
442 57687 75 3 57762 0 75
189 57706 72 4 57934 156 228
594 57715 89 4 57973 169 258
147 57736 75 3 57998 187 262
894 57915 83 4 58081 83 166
100 58021 76 3 58207 110 186
627 58037 85 1 58242 120 205
360 58146 65 4 58407 196 261
771 58181 72 3 58429 176 248
176 58222 99 4 58478 157 256
655 58427 80 4 58558 51 131
841 58887 74 1 58961 0 74
68 58988 66 2 59054 0 66
356 59019 48 4 59202 135 183
377 59000 99 2 59251 152 251
4 59013 58 3 59259 188 246
208 59155 29 4 59338 154 183
370 59148 82 3 59370 140 222
980 59291 98 4 59518 129 227
585 59345 94 4 59562 123 217
966 59548 29 4 59741 164 193
511 59426 84 1 59775 265 349
313 59454 53 3 59828 321 374
390 59470 90 3 59868 308 398
141 59574 72 3 60040 394 466
721 59676 63 4 60103 364 427
976 59688 53 3 60106 365 418
703 59772 100 4 60156 284 384
781 59863 97 3 60203 243 340
953 60197 82 4 60335 56 138
364 60200 66 3 60401 135 201
682 60238 90 3 60441 113 203
219 60349 99 1 60640 192 291
186 60371 83 4 60723 269 352
431 60435 85 2 60808 288 373
160 60467 67 4 60875 341 408
680 60522 81 1 60906 303 384
126 60611 78 4 61034 345 423
367 60821 40 1 61074 213 253
225 60771 92 3 61116 253 345
874 60804 96 4 61462 562 658
879 60913 65 4 61527 549 614
79 60915 69 2 61596 612 681
697 60925 65 1 61611 621 686
570 60931 87 3 61648 630 717
475 60943 90 2 61688 655 745
467 60948 99 3 61737 690 789
804 60960 85 1 61822 777 862
222 61121 90 4 61862 651 741
361 61448 58 4 62070 564 622
809 61544 66 3 62186 576 642
685 61559 63 3 62199 577 640
167 61561 58 3 62207 588 646
560 61568 84 1 62241 589 673
331 61759 88 3 62279 432 520
828 61763 84 2 62313 466 550
275 62293 51 3 62364 20 71
96 62335 96 2 62460 29 125
632 62386 42 1 62502 74 116
730 62568 80 3 62648 0 80
478 62613 90 4 62788 85 175
60 62617 83 4 62821 121 204
423 62871 58 4 62929 0 58
639 63125 79 3 63204 0 79
65 63154 86 3 63340 100 186
8 63184 98 2 63488 206 304
192 63276 50 3 63588 262 312
772 63208 93 3 63631 330 423
536 63215 85 4 63716 416 501
19 63272 71 3 63787 444 515
223 63363 98 1 63885 424 522
686 63407 51 2 63886 428 479
41 63517 72 2 64008 419 491
191 63739 86 4 64144 319 405
579 63753 67 3 64161 341 408
602 63824 87 4 64348 437 524
551 63843 80 4 64378 455 535
797 63948 84 4 64512 480 564
283 63956 52 4 64514 506 558
914 63983 58 4 64522 481 539
83 64098 77 4 64699 524 601
644 64105 96 1 64745 544 640
514 64320 93 3 64788 375 468
350 64339 84 4 64822 399 483
243 64357 100 3 64872 415 515
944 64771 97 3 65069 201 298
381 64813 96 1 65165 256 352
881 64814 63 4 65228 351 414
969 64922 73 3 65251 256 329
587 64927 99 1 65300 274 373
44 65192 35 2 65335 108 143
780 65268 93 1 65428 67 160
299 65604 78 3 65682 0 78
342 65685 54 4 65739 0 54
64 65726 46 1 65835 63 109
887 65693 65 2 65850 92 157
641 65822 99 4 65999 78 177
701 65847 76 2 66025 102 178
82 65947 79 3 66104 78 157
497 66044 72 4 66176 60 132
960 66211 80 2 66291 0 80
281 66235 73 2 66414 106 179
847 66237 79 4 66593 277 356
319 66298 98 2 66691 295 393
939 66312 80 3 66721 329 409
598 66324 80 2 66751 347 427
505 66351 64 3 66765 350 414
369 66654 43 4 66808 111 154
728 66719 96 4 66954 139 235
162 66751 86 4 67040 203 289
11 66855 98 1 67188 235 333
962 66937 83 4 67271 251 334
810 66950 98 4 67319 271 369
209 66997 57 4 67326 272 329
465 67331 92 1 67423 0 92
256 67391 48 4 67571 132 180
290 67380 91 4 67612 141 232
50 67385 97 4 67709 227 324
866 67453 62 2 67771 256 318
410 67598 86 3 67907 223 309
30 67685 57 1 68014 272 329
554 67687 91 3 68105 327 418
584 67883 42 4 68197 272 314
310 67747 51 4 68198 400 451
906 67763 91 2 68289 435 526
229 67777 94 4 68433 562 656
432 67824 96 4 68479 559 655
389 67953 92 4 68521 476 568
648 67977 62 1 68583 544 606
643 68008 82 3 68615 525 607
304 68202 51 4 68816 563 614
956 68351 100 1 68866 415 515
195 68370 99 4 68965 496 595
66 68409 52 4 68967 506 558
202 68421 64 4 68981 496 560
221 68630 86 4 69067 351 437
899 68858 82 4 69149 209 291
552 68918 91 2 69190 181 272
344 69069 95 3 69385 221 316
836 69097 90 3 69475 288 378
6 69113 84 4 69559 362 446
408 69202 70 4 69779 507 577
91 69255 65 3 69894 574 639
365 69304 72 2 69966 590 662
325 69599 29 1 69995 367 396
534 69314 57 4 70002 631 688
228 69324 92 3 70094 678 770
789 69676 30 4 70124 418 448
750 69378 69 4 70143 696 765
719 69395 78 4 70321 848 926
875 69403 93 4 70414 918 1011
737 69480 80 2 70444 884 964
609 69657 59 4 70503 787 846
936 70105 41 3 70594 448 489
271 69753 62 2 70606 791 853
945 69772 64 2 70670 834 898
378 69777 75 3 70695 843 918
815 69797 94 4 70789 898 992
227 69918 78 4 70967 971 1049
649 70450 42 4 71009 517 559
975 70072 98 1 71057 887 985
32 70164 68 3 71225 993 1061
640 70283 84 2 71359 992 1076
384 70331 86 3 71445 1028 1114
821 70347 52 3 71497 1098 1150
523 70368 76 4 71523 1079 1155
385 70531 77 4 71750 1142 1219
210 71067 40 4 71790 683 723
493 70564 82 4 71822 1176 1258
337 70566 82 3 71904 1256 1338
292 70676 66 1 71920 1178 1244
345 70685 94 4 72114 1335 1429
908 70739 98 4 72162 1325 1423
248 70832 61 1 72273 1380 1441
301 70907 68 3 72291 1316 1384
18 70999 60 3 72301 1242 1302
383 71035 69 2 72370 1266 1335
175 71039 92 3 72462 1331 1423
925 71135 59 4 72521 1327 1386
715 71904 24 3 72545 617 641
972 71235 64 4 72559 1260 1324
877 71267 95 2 72604 1242 1337
58 71273 70 4 72624 1281 1351
606 72042 38 4 72712 632 670
745 71372 59 1 72721 1290 1349
16 71376 92 3 72813 1345 1437
450 71576 91 4 72904 1237 1328
363 71637 99 4 72953 1217 1316
122 71733 59 3 73012 1220 1279
466 72026 98 4 73160 1036 1134
803 72187 80 4 73240 973 1053
101 72274 71 3 73361 1016 1087
618 72456 62 3 73423 905 967
193 72495 88 2 73511 928 1016
865 72518 53 2 73514 943 996
302 72709 67 3 73581 805 872
213 72746 87 4 73618 785 872
876 72763 84 3 73702 855 939
46 72894 73 2 73825 858 931
480 72963 87 4 73912 862 949
538 73108 100 2 73962 754 854
829 73278 70 4 74032 684 754
895 73312 80 4 74062 670 750
388 73313 75 4 74087 699 774
716 73368 80 4 74117 669 749
462 73551 91 1 74208 566 657
183 73963 41 4 74249 245 286
339 73898 60 1 74359 401 461
251 74053 55 3 74564 456 511
996 74104 56 3 74620 460 516
379 74149 71 3 74741 521 592
846 74391 32 3 74773 350 382
253 74177 70 4 74793 546 616
422 74195 90 3 74833 548 638
515 74229 90 4 74873 554 644
823 74295 81 4 74904 528 609
42 74302 65 4 74919 552 617
80 74334 61 4 74980 585 646
286 74637 85 4 75215 493 578
104 74951 45 3 75310 314 359
574 74715 61 4 75321 545 606
391 74728 91 4 75412 593 684
182 74755 97 4 75509 657 754
279 74762 78 4 75637 797 875
816 75134 46 4 75683 503 549
457 74925 91 4 75774 758 849
146 74995 89 4 75813 729 818
204 75039 75 2 75888 774 849
61 75475 48 4 75936 413 461
812 75120 92 4 75978 766 858
580 75123 69 3 75997 805 874
187 75667 44 2 76191 480 524
472 75672 50 4 76241 519 569
610 75151 60 4 76251 1040 1100
663 75808 40 1 76541 693 733
902 75374 92 4 76583 1117 1209
783 75580 94 1 76727 1053 1147
269 76045 41 2 76818 732 773
539 75633 66 2 76834 1135 1201
773 75659 90 2 76974 1225 1315
753 75740 89 3 77113 1284 1373
522 75777 78 3 77241 1386 1464
172 75782 76 2 77367 1509 1585
136 75800 89 3 77506 1617 1706
240 75802 65 4 77671 1804 1869
405 76524 49 4 77770 1197 1246
733 75857 73 4 77793 1863 1936
140 75950 58 4 77801 1793 1851
447 76695 46 1 77847 1106 1152
568 76000 53 4 77850 1797 1850
406 76058 77 1 77877 1742 1819
531 76068 57 3 77934 1809 1866
109 76897 46 4 77980 1037 1083
214 76922 36 2 78066 1108 1144
277 76154 100 4 78116 1862 1962
592 77002 50 3 78166 1114 1164
677 76214 75 3 78191 1902 1977
922 76268 80 4 78271 1923 2003
163 76274 64 4 78335 1997 2061
638 76303 93 2 78428 2032 2125
78 76326 74 2 78452 2052 2126
880 76368 71 4 78473 2034 2105
257 76370 80 2 78603 2153 2233
767 77493 42 2 78645 1110 1152
114 77497 35 4 78680 1148 1183
595 76437 53 3 78683 2193 2246
768 76445 80 2 78713 2188 2268
860 77596 47 4 78760 1117 1164
776 76448 98 2 78808 2262 2360
893 76520 68 3 78876 2288 2356
430 77862 47 3 79223 1314 1361
97 76835 86 4 79259 2338 2424
671 76921 83 4 79342 2338 2421
978 77084 95 2 79537 2358 2453
527 77154 79 4 79566 2333 2412
188 77222 75 2 79641 2344 2419
246 77374 65 1 79656 2217 2282
307 77391 97 3 79753 2265 2362
314 77607 86 3 79989 2296 2382
656 77697 81 4 80070 2292 2373
764 77746 74 4 80144 2324 2398
43 77763 65 4 80159 2331 2396
92 77786 82 4 80191 2323 2405
507 77835 98 4 80239 2306 2404
397 77836 98 3 80287 2353 2451
499 77954 53 1 80290 2283 2336
399 78110 84 2 80374 2180 2264
615 78111 83 4 80407 2213 2296
954 78124 53 3 80460 2283 2336
892 79560 49 4 80559 950 999
341 79566 36 2 80595 993 1029
705 78295 96 3 80641 2250 2346
34 78501 96 3 80687 2090 2186
940 78614 80 4 80817 2123 2203
418 78667 93 3 80860 2100 2193
236 78673 78 4 80938 2187 2265
628 78700 83 3 80971 2188 2271
890 78851 89 4 81060 2120 2209
494 80021 39 4 81099 1039 1078
935 78887 60 2 81109 2162 2222
977 79288 57 4 81316 1971 2028
743 79403 55 4 81421 1963 2018
673 79523 70 4 81491 1898 1968
473 79669 86 2 81727 1972 2058
25 79700 64 1 81741 1977 2041
942 79813 56 2 81997 2128 2184
837 79941 73 2 82270 2256 2329
440 80157 77 3 82397 2163 2240
793 80177 91 1 82488 2220 2311
99 80244 89 4 82527 2194 2283
273 81245 47 4 82724 1432 1479
974 80249 82 4 82756 2425 2507
565 80358 79 4 82885 2448 2527
498 81318 33 4 82918 1567 1600
224 80380 67 3 82985 2538 2605
642 81401 50 3 83035 1584 1634
607 80460 74 4 83159 2625 2699
995 81452 43 4 83202 1707 1750
802 80507 69 1 83271 2695 2764
666 80537 84 3 83355 2734 2818
218 80548 98 4 83453 2807 2905
453 80564 59 4 83462 2839 2898
987 81739 38 4 83600 1823 1861
699 80761 88 4 83638 2789 2877
471 80786 81 4 83769 2902 2983
17 80830 91 3 83860 2939 3030
660 80839 76 3 83886 2971 3047
420 80856 66 4 84002 3080 3146
698 80897 78 4 84080 3105 3183
38 80905 71 1 84101 3125 3196
933 80958 77 2 84128 3093 3170
52 80969 53 4 84131 3109 3162
177 80969 97 3 84178 3112 3209
586 82223 38 3 84266 2005 2043
605 81005 78 3 84344 3261 3339
166 81065 91 4 84385 3229 3320
817 81157 70 3 84505 3278 3348
614 81215 85 2 84590 3290 3375
24 81227 87 3 84677 3363 3450
911 81234 69 2 84746 3443 3512
541 82645 29 4 84775 2101 2130
161 82668 44 4 84819 2107 2151
297 81279 100 2 84919 3540 3640
623 81281 63 4 84932 3588 3651
316 81343 69 4 84951 3539 3608
395 82990 42 4 85043 2011 2053
353 81416 77 1 85170 3677 3754
990 81417 97 1 85217 3703 3800
142 81474 64 4 85281 3743 3807
763 81535 91 4 85372 3746 3837
629 81568 74 4 85446 3804 3878
601 81681 68 3 85514 3765 3833
778 81684 78 3 85592 3830 3908
561 83628 41 2 85783 2114 2155
918 81752 73 2 85806 3981 4054
159 81784 88 2 85944 4072 4160
444 81805 89 1 86033 4139 4228
573 81892 98 3 86181 4191 4289
37 81910 72 1 86203 4221 4293
312 81962 69 3 86222 4191 4260
557 82215 95 4 86267 3957 4052
324 84212 26 4 86293 2055 2081
338 84241 44 4 86337 2052 2096
426 82258 85 2 86372 4029 4114
878 82339 96 3 86468 4033 4129
135 82373 82 2 86500 4045 4127
76 82428 89 4 86639 4122 4211
95 82535 76 4 86815 4204 4280
84 84643 50 3 86865 2172 2222
518 82580 54 1 86869 4235 4289
315 82730 59 1 87128 4339 4398
274 82966 77 3 87155 4112 4189
33 82998 70 4 87275 4207 4277
758 83010 52 4 87327 4265 4317
869 83146 78 1 87555 4331 4409
968 83235 92 3 87647 4320 4412
931 83326 92 3 87789 4371 4463
973 83407 64 3 87803 4332 4396
525 83503 75 2 87978 4400 4475
88 83519 92 2 88020 4409 4501
40 83520 69 4 88089 4500 4569
818 83531 86 3 88125 4508 4594
93 83649 63 4 88138 4426 4489
62 83659 86 4 88224 4479 4565
59 83695 77 3 88401 4629 4706
238 83800 58 1 88459 4601 4659
194 83813 68 2 88477 4596 4664
840 84334 72 2 88649 4243 4315
864 84461 62 3 88861 4338 4400
458 84494 55 3 88866 4317 4372
139 86577 28 4 88894 2289 2317
930 84519 90 4 88984 4375 4465
23 84521 59 2 89043 4463 4522
134 84545 90 1 89133 4498 4588
795 84681 96 4 89279 4502 4598
624 84686 76 4 89355 4593 4669
355 84725 72 3 89377 4580 4652
81 84759 75 4 89402 4568 4643
775 84769 93 2 89495 4633 4726
276 84952 60 4 89505 4493 4553
216 84984 66 3 89571 4521 4587
169 85091 90 1 89761 4580 4670
665 85095 83 2 89794 4616 4699
414 85096 92 3 89886 4698 4790
371 85100 64 3 89950 4786 4850
372 87469 48 4 90048 2531 2579
477 85210 80 3 90078 4788 4868
762 85280 86 3 90214 4848 4934
103 85366 75 4 90339 4898 4973
620 87661 50 2 90389 2678 2728
997 85371 86 4 90425 4968 5054
747 87711 27 4 90452 2714 2741
27 85454 95 4 90497 4948 5043
857 85458 52 4 90649 5139 5191
917 85486 78 4 90727 5163 5241
484 85607 56 4 90933 5270 5326
532 85816 87 2 91070 5167 5254
305 88185 44 1 91214 2985 3029
668 85879 62 4 91326 5385 5447
72 85891 69 3 91345 5385 5454
287 85900 81 4 91426 5445 5526
549 85960 55 4 91531 5516 5571
171 86143 90 4 91571 5338 5428
897 86235 96 3 91667 5336 5432
784 86249 66 1 91683 5368 5434
490 86377 89 3 91722 5256 5345
347 86412 82 1 91754 5260 5342
86 86415 94 3 91848 5339 5433
435 86448 69 3 91917 5400 5469
961 86624 97 1 92014 5293 5390
173 86683 83 3 92097 5331 5414
872 86709 64 4 92261 5488 5552
87 89070 23 3 92284 3191 3214
508 89110 32 4 92366 3224 3256
835 86804 66 4 92382 5512 5578
54 86846 56 2 92438 5536 5592
143 89256 38 3 92476 3182 3220
439 86878 75 1 92501 5548 5623
317 87041 61 4 92612 5510 5571
329 87157 67 1 92779 5555 5622
291 87210 95 3 92824 5519 5614
562 87232 92 2 92916 5592 5684
510 87238 78 2 92944 5628 5706
311 87370 84 3 93128 5674 5758
542 89880 32 3 93210 3298 3330
825 87395 96 3 93256 5765 5861
964 89947 28 4 93334 3359 3387
521 87434 98 4 93382 5850 5948
309 90058 36 4 93618 3524 3560
726 87508 69 3 93637 6060 6129
566 87547 74 4 93711 6090 6164
637 87560 85 1 93796 6151 6236
830 87579 91 4 93987 6317 6408
712 87817 100 3 94237 6320 6420
882 87817 89 4 94326 6420 6509
443 87830 90 2 94416 6496 6586
679 87879 68 3 94484 6537 6605
928 87910 54 2 94538 6574 6628
415 87972 73 3 94561 6516 6589
495 87990 90 4 94651 6571 6661
708 90846 45 2 94696 3805 3850
197 88018 56 4 94702 6628 6684
921 88042 91 1 94793 6660 6751
90 88109 94 1 95087 6884 6978
321 88170 60 4 95197 6967 7027
946 88181 71 3 95218 6966 7037
115 88193 57 4 95225 6975 7032
318 88224 91 4 95316 7001 7092
983 88278 93 3 95459 7088 7181
15 88356 98 1 95557 7103 7201
603 88359 55 4 95562 7148 7203
868 91511 49 2 95611 4051 4100
464 91521 46 4 95657 4090 4136
907 88517 70 3 95827 7240 7310
357 91735 46 3 96123 4342 4388
233 88733 93 3 96166 7340 7433
904 91829 49 3 96315 4437 4486
717 88760 76 3 96341 7505 7581
848 91903 45 3 96436 4488 4533
681 88842 79 3 96465 7544 7623
734 91943 48 4 96513 4522 4570
572 88955 53 4 96516 7508 7561
581 89003 94 3 96560 7463 7557
827 89015 67 1 96627 7545 7612
970 89039 84 4 96661 7538 7622
230 89101 66 3 96877 7710 7776
832 92308 48 2 96925 4569 4617
786 92360 49 1 97074 4665 4714
403 89172 73 4 97097 7852 7925
589 89335 92 4 97189 7762 7854
814 89375 83 4 97322 7864 7947
300 89421 76 4 97448 7951 8027
272 92626 38 3 97486 4822 4860
2 89430 97 3 97633 8106 8203
509 89446 95 4 97678 8137 8232
647 89597 89 4 97767 8081 8170
5 89731 71 3 97938 8136 8207
129 89761 96 2 98034 8177 8273
905 89773 61 3 98095 8261 8322
234 89843 85 3 98130 8202 8287
469 89921 88 3 98218 8209 8297
343 89991 56 1 98274 8227 8283
438 90002 52 3 98376 8322 8374
626 90005 62 3 98388 8321 8383
264 90048 84 4 98522 8390 8474
949 90084 80 3 98652 8488 8568
105 93675 46 4 98698 4977 5023
326 90212 90 2 98788 8486 8576
207 93763 42 4 98930 5125 5167
138 90239 76 4 98956 8641 8717
971 90240 90 4 99046 8716 8806
157 90260 57 2 99153 8836 8893
151 93901 23 4 99176 5252 5275
718 90296 94 4 99220 8830 8924
387 90362 87 2 99257 8808 8895
613 90381 99 2 99306 8826 8925
808 90456 78 3 99334 8800 8878
137 90526 76 4 99360 8758 8834
845 90580 52 2 99412 8780 8832
756 90607 92 3 99504 8805 8897
578 94433 48 3 99552 5071 5119
413 90665 65 1 99667 8937 9002
13 90823 63 3 99780 8894 8957
262 90923 87 2 99917 8907 8994
540 90935 58 3 99925 8932 8990
611 90946 72 4 99947 8929 9001
492 90963 89 4 100036 8984 9073
434 90963 87 2 100123 9073 9160
617 90964 65 3 100188 9159 9224
203 95070 35 4 100273 5168 5203
959 91005 58 1 100281 9218 9276
600 91015 51 3 100282 9216 9267
889 91215 66 4 100348 9067 9133
149 91301 58 4 100406 9047 9105
965 95330 37 1 100443 5076 5113
427 91335 63 4 100456 9058 9121
873 91369 66 1 100572 9137 9203
694 91548 70 4 100692 9074 9144
108 91549 54 4 100746 9143 9197
148 91564 63 3 100759 9132 9195
268 91607 82 4 100841 9152 9234
799 91653 75 2 100866 9138 9213
320 91665 75 2 100891 9151 9226
154 91690 90 2 100931 9151 9241
404 91722 57 4 100988 9209 9266
619 91814 87 4 101125 9224 9311
739 91818 84 3 101209 9307 9391
591 91857 92 4 101401 9452 9544
293 92119 67 3 101618 9432 9499
811 92224 82 4 101650 9344 9426
831 92239 63 3 101663 9361 9424
722 96753 41 4 101704 4910 4951
645 92250 87 2 101741 9404 9491
519 92259 83 2 101774 9432 9515
110 92330 75 2 101899 9494 9569
535 92344 77 4 101926 9505 9582
948 92400 79 4 102005 9526 9605
449 92505 61 3 102066 9500 9561
740 92526 98 4 102114 9490 9588
346 92590 68 2 102132 9474 9542
853 92594 86 4 102268 9588 9674
474 92626 90 2 102408 9692 9782
190 97490 50 3 102458 4918 4968
813 92642 88 2 102646 9916 10004
833 92716 80 1 102776 9980 10060
867 97748 40 4 102866 5078 5118
901 92830 96 4 102912 9986 10082
765 92852 55 4 102967 10060 10115
843 92858 85 2 103052 10109 10194
667 92949 69 2 103071 10053 10122
124 98025 40 2 103161 5096 5136
924 93040 89 4 103200 10071 10160
75 98102 32 4 103282 5148 5180
604 93204 96 3 103328 10028 10124
896 93274 90 3 103368 10004 10094
720 93404 94 4 103462 9964 10058
285 93425 74 4 103486 9987 10061
754 93486 99 4 103535 9950 10049
67 93518 70 4 103555 9967 10037
358 98444 45 4 103650 5161 5206
870 93596 72 1 103672 10004 10076
790 93634 83 2 103755 10038 10121
249 93701 59 4 103764 10004 10063
303 93726 76 3 103840 10038 10114
125 93751 58 2 103848 10039 10097
651 93846 55 4 104003 10102 10157
669 93886 92 3 104045 10067 10159
501 99058 39 3 104084 4987 5026
402 99060 30 4 104114 5024 5054
625 93887 74 3 104188 10227 10301
220 94277 63 4 104401 10061 10124
805 94376 97 2 104448 9975 10072
1 99428 41 4 104489 5020 5061
779 94455 80 2 104619 10084 10164
794 94466 85 3 104654 10103 10188
938 94529 54 4 104658 10075 10129
486 94560 62 1 104670 10048 10110
51 94586 66 2 104686 10034 10100
36 99789 36 2 104772 4947 4983
349 94633 68 4 104790 10089 10157
664 99885 44 3 104934 5005 5049
883 94871 55 4 105089 10163 10218
107 94900 72 2 105111 10139 10211
206 94973 94 1 105155 10088 10182
709 95067 66 3 105171 10038 10104
608 95178 72 4 105193 9943 10015
852 95274 60 3 105203 9869 9929
707 95371 91 4 105244 9782 9873
266 95409 93 4 105287 9785 9878
366 95604 96 3 105333 9633 9729
774 95636 95 4 105378 9647 9742
727 95700 59 4 105387 9628 9687
21 95817 69 4 105406 9520 9589
200 95995 55 3 105411 9361 9416
711 96049 97 2 105458 9312 9409
400 96080 94 4 105502 9328 9422
696 96168 68 4 105520 9284 9352
127 96266 82 2 105552 9204 9286
460 96291 55 1 105557 9211 9266
932 96293 75 1 105582 9214 9289
333 96369 94 4 105626 9163 9257
567 96518 97 4 105673 9058 9155
55 96545 78 3 105701 9078 9156
354 96547 61 4 105712 9104 9165
10 96908 83 4 105745 8754 8837
839 96918 81 4 105776 8777 8858
382 97042 57 3 105783 8684 8741
294 97184 75 3 105808 8549 8624
111 97349 84 3 105842 8409 8493
593 97350 84 2 105876 8442 8526
760 97408 87 4 105913 8418 8505
661 97459 55 3 105918 8404 8459
504 97500 53 3 105921 8368 8421
920 97505 81 4 105952 8366 8447
955 97515 86 4 105988 8387 8473
386 97593 80 3 106018 8345 8425
967 97602 69 4 106037 8366 8435
674 97692 84 4 106071 8295 8379
958 97778 87 3 106108 8243 8330
448 97831 84 1 106142 8227 8311
179 98016 64 4 106156 8076 8140
731 98100 78 4 106184 8006 8084
693 98246 87 2 106221 7888 7975
47 98441 79 3 106250 7730 7809
569 98556 90 2 106290 7644 7734
571 98712 85 4 106325 7528 7613
675 98841 84 4 106359 7434 7518
807 98926 77 3 106386 7383 7460
433 98942 68 4 106404 7394 7462
45 99090 55 4 106409 7264 7319
533 99163 96 4 106455 7196 7292
158 99174 96 3 106501 7231 7327
650 99190 97 2 106548 7261 7358
529 99197 61 4 106559 7301 7362
769 99515 55 3 106564 6994 7049
70 99534 60 4 106574 6980 7040
323 99783 57 3 106581 6741 6798
98 99851 61 1 106592 6680 6741
710 99879 77 3 106619 6663 6740
131 99901 68 4 106637 6668 6736
116 99926 99 4 106686 6661 6760
588 99933 51 3 106687 6703 6754
